8191 3079 8188 3079 8188 3032 8191 3032 blind_flange 0
8204 3032 8206 3032 8206 3079 8204 3079 blind_flange 0
8191 2449 8188 2449 8188 2402 8191 2402 blind_flange 0
8204 2402 8206 2402 8206 2449 8204 2449 blind_flange 0
8191 3769 8188 3769 8188 3722 8191 3722 blind_flange 0
8204 3722 8206 3722 8206 3769 8204 3769 blind_flange 0
8191 4399 8188 4399 8188 4352 8191 4352 blind_flange 0
8204 4352 8206 4352 8206 4399 8204 4399 blind_flange 0
8191 5089 8188 5089 8188 5042 8191 5042 blind_flange 0
8204 5042 8206 5042 8206 5089 8204 5089 blind_flange 0
8191 5779 8188 5779 8188 5732 8191 5732 blind_flange 0
8204 5732 8206 5732 8206 5779 8204 5779 blind_flange 0
1506 5732 1598 5732 1598 5779 1506 5779 butterfly_valve 0
1506 5042 1598 5042 1598 5089 1506 5089 butterfly_valve 0
1798 3032 1891 3032 1891 3079 1798 3079 check_valve 0
1918 3722 2011 3722 2011 3769 1918 3769 check_valve 0
1891 5779 1798 5779 1798 5732 1891 5732 check_valve 0
1798 5042 1891 5042 1891 5089 1798 5089 check_valve 0
1798 4352 1891 4352 1891 4399 1798 4399 check_valve 0
1831 1519 1738 1519 1738 1472 1831 1472 check_valve 0
1798 2402 1891 2402 1891 2449 1798 2449 check_valve 0
2356 2367 2263 2367 2263 2334 2356 2334 chemical_seal_diaphragm 0
2656 2367 2563 2367 2563 2334 2656 2334 chemical_seal_diaphragm 0
3916 2367 3823 2367 3823 2334 3916 2334 chemical_seal_diaphragm 0
3916 1422 3823 1422 3823 1389 3916 1389 chemical_seal_diaphragm 0
2656 1436 2563 1436 2563 1404 2656 1404 chemical_seal_diaphragm 0
3448 4352 3496 4352 3496 4399 3448 4399 concentric_reducer 0
3271 4399 3223 4399 3223 4352 3271 4352 concentric_reducer 0
3448 3722 3496 3722 3496 3769 3448 3769 concentric_reducer 0
2783 3769 2736 3769 2736 3722 2783 3722 concentric_reducer 0
3448 2402 3496 2402 3496 2449 3448 2449 concentric_reducer 0
3271 2449 3223 2449 3223 2402 3271 2402 concentric_reducer 0
3448 1472 3496 1472 3496 1519 3448 1519 concentric_reducer 0
3271 1519 3223 1519 3223 1472 3271 1472 concentric_reducer 0
3793 1164 3946 1164 3946 1316 3793 1316 discrete_instruments_field_mounted 0
2263 4104 2416 4104 2416 4257 2263 4257 discrete_instruments_field_mounted 0
2533 4104 2686 4104 2686 4257 2533 4257 discrete_instruments_field_mounted 0
3283 3414 3436 3414 3436 3567 3283 3567 discrete_instruments_field_mounted 0
2263 3414 2416 3414 2416 3567 2263 3567 discrete_instruments_field_mounted 0
3283 3144 3436 3144 3436 3297 3283 3297 discrete_instruments_field_mounted 0
2533 3414 2686 3414 2686 3567 2533 3567 discrete_instruments_field_mounted 0
2263 2784 2416 2784 2416 2937 2263 2937 discrete_instruments_field_mounted 0
2533 2784 2686 2784 2686 2937 2533 2937 discrete_instruments_field_mounted 0
2833 2784 2986 2784 2986 2937 2833 2937 discrete_instruments_field_mounted 0
2533 2094 2686 2094 2686 2246 2533 2246 discrete_instruments_field_mounted 0
2233 2094 2386 2094 2386 2246 2233 2246 discrete_instruments_field_mounted 0
3283 2094 3436 2094 3436 2246 3283 2246 discrete_instruments_field_mounted 0
3283 1854 3436 1854 3436 2007 3283 2007 discrete_instruments_field_mounted 0
2833 4734 2986 4734 2986 4887 2833 4887 discrete_instruments_field_mounted 0
2263 5424 2416 5424 2416 5577 2263 5577 discrete_instruments_field_mounted 0
2533 5424 2686 5424 2686 5577 2533 5577 discrete_instruments_field_mounted 0
3283 5424 3436 5424 3436 5577 3283 5577 discrete_instruments_field_mounted 0
3283 5169 3436 5169 3436 5322 3283 5322 discrete_instruments_field_mounted 0
3283 4479 3436 4479 3436 4632 3283 4632 discrete_instruments_field_mounted 0
3283 4734 3436 4734 3436 4887 3283 4887 discrete_instruments_field_mounted 0
2263 4734 2416 4734 2416 4887 2263 4887 discrete_instruments_field_mounted 0
2533 4734 2686 4734 2686 4887 2533 4887 discrete_instruments_field_mounted 0
4153 4734 4306 4734 4306 4887 4153 4887 discrete_instruments_field_mounted 0
3283 4104 3436 4104 3436 4257 3283 4257 discrete_instruments_field_mounted 0
2833 3414 2986 3414 2986 3567 2833 3567 discrete_instruments_field_mounted 0
4153 3414 4306 3414 4306 3567 4153 3567 discrete_instruments_field_mounted 0
3793 2094 3946 2094 3946 2246 3793 2246 discrete_instruments_field_mounted 0
3088 3437 3241 3437 3241 3589 3088 3589 discrete_instruments_field_mounted 0
3088 4757 3240 4757 3240 4909 3088 4909 discrete_instruments_field_mounted 0
3088 2117 3241 2117 3241 2269 3088 2269 discrete_instruments_field_mounted 0
3088 5447 3240 5447 3240 5599 3088 5599 discrete_instruments_field_mounted 0
3793 2784 3946 2784 3946 2937 3793 2937 discrete_instruments_field_mounted 0
2533 1164 2686 1164 2686 1316 2533 1316 discrete_instruments_field_mounted 0
3283 1164 3436 1164 3436 1316 3283 1316 discrete_instruments_field_mounted 0
3283 924 3436 924 3436 1076 3283 1076 discrete_instruments_field_mounted 0
3088 1232 3241 1232 3241 1384 3088 1384 discrete_instruments_field_mounted 0
1636 4399 1618 4399 1618 4352 1636 4352 flange 0
1756 3769 1738 3769 1738 3722 1756 3722 flange 0
1636 3079 1618 3079 1618 3032 1636 3032 flange 0
1636 5779 1618 5779 1618 5732 1636 5732 flange 0
1636 5089 1618 5089 1618 5042 1636 5042 flange 0
1636 1519 1618 1519 1618 1472 1636 1472 flange 0
1483 1472 1501 1472 1501 1519 1483 1519 flange 0
1483 2402 1501 2402 1501 2449 1483 2449 flange 0
1483 3032 1501 3032 1501 3079 1483 3079 flange 0
1636 2449 1618 2449 1618 2402 1636 2402 flange 0
1483 3722 1501 3722 1501 3769 1483 3769 flange 0
1483 4352 1501 4352 1501 4399 1483 4399 flange 0
1483 5042 1501 5042 1501 5089 1483 5089 flange 0
1483 5732 1501 5732 1501 5779 1483 5779 flange 0
3336 5052 3336 5034 3383 5034 3383 5052 flange 0
3336 3732 3336 3714 3383 3714 3383 3732 flange 0
3336 2412 3336 2394 3383 2394 3383 2412 flange 0
3336 5742 3336 5724 3383 5724 3383 5742 flange 0
3336 1481 3336 1464 3383 1464 3383 1481 flange 0
8153 5334 8153 5427 8106 5427 8106 5334 gate_valve 0
1703 1547 1703 1639 1656 1639 1656 1547 gate_valve 0
1703 2484 1703 2577 1656 2577 1656 2484 gate_valve 0
1506 4352 1598 4352 1598 4399 1506 4399 gate_valve 0
1506 3722 1598 3722 1598 3769 1506 3769 gate_valve 0
1506 3032 1598 3032 1598 3079 1506 3079 gate_valve 0
1506 1472 1598 1472 1598 1519 1506 1519 gate_valve 0
1598 2449 1506 2449 1506 2402 1598 2402 gate_valve 0
1626 3722 1718 3722 1718 3769 1626 3769 gate_valve 0
5158 806 5158 261 5221 261 5221 806 off_page_connector 0
8251 1526 7705 1526 7705 1464 8251 1464 off_page_connector 0
5458 806 5458 261 5521 261 5521 806 off_page_connector 0
814 1526 268 1526 268 1464 814 1464 off_plot_connector 0
268 2394 814 2394 814 2457 268 2457 off_plot_connector 0
268 3714 814 3714 814 3777 268 3777 off_plot_connector 0
268 4344 814 4344 814 4407 268 4407 off_plot_connector 0
268 5034 814 5034 814 5097 268 5097 off_plot_connector 0
268 3024 814 3024 814 3087 268 3087 off_plot_connector 0
814 5787 268 5787 268 5724 814 5724 off_plot_connector 0
1740 1976 1619 1976 1619 1809 1740 1809 open_drain_connectors 0
1619 2709 1740 2709 1740 2876 1619 2876 open_drain_connectors 0
1621 1519 1588 1519 1588 1389 1621 1389 open_figure_8_blind 0
1621 2449 1588 2449 1588 2319 1621 2319 open_figure_8_blind 0
1621 4399 1588 4399 1588 4269 1621 4269 open_figure_8_blind 0
1621 5089 1588 5089 1588 4959 1621 4959 open_figure_8_blind 0
1621 5779 1588 5779 1588 5649 1621 5649 open_figure_8_blind 0
1621 3079 1588 3079 1588 2949 1621 2949 open_figure_8_blind 0
1741 3769 1708 3769 1708 3639 1741 3639 open_figure_8_blind 0
3853 1472 3886 1472 3886 1519 3853 1519 restriction_orifice 0
3853 2402 3886 2402 3886 2449 3853 2449 restriction_orifice 0
4213 5042 4246 5042 4246 5089 4213 5089 restriction_orifice 0
4213 3722 4246 3722 4246 3769 4213 3769 restriction_orifice 0
3853 3032 3886 3032 3886 3079 3853 3079 restriction_orifice 0
3793 894 3946 894 3946 1046 3793 1046 shared_display_and_control_primary_location_normally_accessible_to_an_operator 0
2533 2544 2686 2544 2686 2697 2533 2697 shared_display_and_control_primary_location_normally_accessible_to_an_operator 0
2533 1854 2686 1854 2686 2007 2533 2007 shared_display_and_control_primary_location_normally_accessible_to_an_operator 0
2983 4479 3136 4479 3136 4632 2983 4632 shared_display_and_control_primary_location_normally_accessible_to_an_operator 0
3013 5169 3166 5169 3166 5322 3013 5322 shared_display_and_control_primary_location_normally_accessible_to_an_operator 0
3793 1854 3946 1854 3946 2007 3793 2007 shared_display_and_control_primary_location_normally_accessible_to_an_operator 0
4153 4479 4306 4479 4306 4632 4153 4632 shared_display_and_control_primary_location_normally_accessible_to_an_operator 0
4153 3144 4306 3144 4306 3297 4153 3297 shared_display_and_control_primary_location_normally_accessible_to_an_operator 0
3283 1614 3436 1614 3436 1766 3283 1766 shared_display_and_control_primary_location_normally_accessible_to_an_operator 0
2533 3144 2686 3144 2686 3297 2533 3297 shared_display_and_control_primary_location_normally_accessible_to_an_operator 0
2983 3144 3136 3144 3136 3297 2983 3297 shared_display_and_control_primary_location_normally_accessible_to_an_operator 0
2533 3864 2686 3864 2686 4017 2533 4017 shared_display_and_control_primary_location_normally_accessible_to_an_operator 0
2533 4479 2686 4479 2686 4632 2533 4632 shared_display_and_control_primary_location_normally_accessible_to_an_operator 0
4108 2604 4261 2604 4261 2757 4108 2757 shared_display_and_control_primary_location_normally_accessible_to_an_operator 0
4408 2604 4561 2604 4561 2757 4408 2757 shared_display_and_control_primary_location_normally_accessible_to_an_operator 0
2533 924 2686 924 2686 1076 2533 1076 shared_display_and_control_primary_location_normally_accessible_to_an_operator 0
3283 684 3436 684 3436 836 3283 836 shared_display_and_control_primary_location_normally_accessible_to_an_operator 0
4829 6655 4829 6534 4950 6534 4950 6655 utility_conenction 0
4529 6655 4529 6534 4650 6534 4650 6655 utility_conenction 0
6029 6655 6029 6534 6150 6534 6150 6655 utility_conenction 0
6929 6655 6929 6534 7050 6534 7050 6655 utility_conenction 0
4229 6655 4229 6534 4350 6534 4350 6655 utility_conenction 0
6629 6655 6629 6534 6750 6534 6750 6655 utility_conenction 0
3929 6655 3929 6534 4050 6534 4050 6655 utility_conenction 0
5850 686 5850 806 5729 806 5729 686 utility_conenction 0
6150 686 6150 806 6029 806 6029 686 utility_conenction 0
8023 3054 8056 3054 8056 3175 8023 3175 gate_valve_with_plug 0
8023 2424 8056 2424 8056 2545 8023 2545 gate_valve_with_plug 0
8023 5064 8056 5064 8056 5185 8023 5185 gate_valve_with_plug 0
1726 5185 1693 5185 1693 5064 1726 5064 gate_valve_with_plug 0
8023 3744 8056 3744 8056 3865 8023 3865 gate_valve_with_plug 0
1726 5875 1693 5875 1693 5754 1726 5754 gate_valve_with_plug 0
1726 4495 1693 4495 1693 4374 1726 4374 gate_valve_with_plug 0
8023 4374 8056 4374 8056 4495 8023 4495 gate_valve_with_plug 0
1846 3865 1813 3865 1813 3744 1846 3744 gate_valve_with_plug 0
1726 3175 1693 3175 1693 3054 1726 3054 gate_valve_with_plug 0
8023 5754 8056 5754 8056 5875 8023 5875 gate_valve_with_plug 0
1318 1149 1711 1149 1711 1181 1318 1181 spec_break 0
3974 1240 4124 1240 4124 1390 3974 1390 annotation 0
4319 3430 4469 3430 4469 3580 4319 3580 annotation 0
3944 2230 4094 2230 4094 2380 3944 2380 annotation 0
4342 4735 4492 4735 4492 4885 4342 4885 annotation 0
3959 2800 4109 2800 4109 2950 3959 2950 annotation 0
3842 899 3897 899 3897 946 3842 946 text 0
3828 990 3911 990 3911 1037 3828 1037 text 0
3855 939 3884 939 3884 986 3855 986 text 0
3842 1175 3897 1175 3897 1223 3842 1223 text 0
3828 1258 3911 1258 3911 1305 3828 1305 text 0
3849 1216 3890 1216 3890 1264 3849 1264 text 0
2312 4115 2367 4115 2367 4163 2312 4163 text 0
2298 4198 2381 4198 2381 4246 2298 4246 text 0
2316 4157 2363 4157 2363 4204 2316 4204 text 0
2582 4115 2637 4115 2637 4163 2582 4163 text 0
2568 4198 2651 4198 2651 4246 2568 4246 text 0
2588 4157 2631 4157 2631 4204 2588 4204 text 0
3332 3425 3387 3425 3387 3473 3332 3473 text 0
3318 3508 3401 3508 3401 3556 3318 3556 text 0
3338 3467 3381 3467 3381 3514 3338 3514 text 0
2312 3425 2367 3425 2367 3473 2312 3473 text 0
2298 3508 2381 3508 2381 3556 2298 3556 text 0
2316 3467 2363 3467 2363 3514 2316 3514 text 0
3332 3155 3387 3155 3387 3203 3332 3203 text 0
3318 3238 3401 3238 3401 3286 3318 3286 text 0
3339 3197 3380 3197 3380 3244 3339 3244 text 0
2582 3425 2637 3425 2637 3473 2582 3473 text 0
2568 3508 2651 3508 2651 3556 2568 3556 text 0
2588 3467 2631 3467 2631 3514 2588 3514 text 0
2312 2795 2367 2795 2367 2843 2312 2843 text 0
2298 2878 2381 2878 2381 2926 2298 2926 text 0
2316 2836 2363 2836 2363 2884 2316 2884 text 0
2582 2795 2637 2795 2637 2843 2582 2843 text 0
2568 2878 2651 2878 2651 2926 2568 2926 text 0
2588 2836 2631 2836 2631 2884 2588 2884 text 0
2882 2795 2937 2795 2937 2843 2882 2843 text 0
2868 2878 2951 2878 2951 2926 2868 2926 text 0
2886 2836 2933 2836 2933 2884 2886 2884 text 0
2582 2549 2637 2549 2637 2596 2582 2596 text 0
2568 2640 2651 2640 2651 2687 2568 2687 text 0
2594 2589 2625 2589 2625 2637 2594 2637 text 0
2582 2105 2637 2105 2637 2153 2582 2153 text 0
2568 2188 2651 2188 2651 2236 2568 2236 text 0
2588 2146 2631 2146 2631 2194 2588 2194 text 0
2282 2105 2337 2105 2337 2153 2282 2153 text 0
2268 2188 2351 2188 2351 2236 2268 2236 text 0
2286 2146 2333 2146 2333 2194 2286 2194 text 0
3332 2105 3387 2105 3387 2153 3332 2153 text 0
3318 2188 3401 2188 3401 2236 3318 2236 text 0
3338 2146 3381 2146 3381 2194 3338 2194 text 0
3332 1865 3387 1865 3387 1913 3332 1913 text 0
3318 1948 3401 1948 3401 1996 3318 1996 text 0
3339 1906 3380 1906 3380 1954 3339 1954 text 0
2582 1859 2637 1859 2637 1906 2582 1906 text 0
2568 1950 2651 1950 2651 1997 2568 1997 text 0
2594 1899 2625 1899 2625 1946 2594 1946 text 0
3032 4484 3087 4484 3087 4531 3032 4531 text 0
3018 4575 3101 4575 3101 4622 3018 4622 text 0
3045 4524 3074 4524 3074 4572 3045 4572 text 0
2882 4745 2937 4745 2937 4793 2882 4793 text 0
2868 4828 2951 4828 2951 4876 2868 4876 text 0
2886 4787 2933 4787 2933 4834 2886 4834 text 0
2312 5435 2367 5435 2367 5483 2312 5483 text 0
2298 5518 2381 5518 2381 5566 2298 5566 text 0
2316 5477 2363 5477 2363 5524 2316 5524 text 0
2582 5435 2637 5435 2637 5483 2582 5483 text 0
2568 5518 2651 5518 2651 5566 2568 5566 text 0
2586 5477 2633 5477 2633 5524 2586 5524 text 0
3332 5435 3387 5435 3387 5483 3332 5483 text 0
3318 5518 3401 5518 3401 5566 3318 5566 text 0
3338 5477 3381 5477 3381 5524 3338 5524 text 0
3332 5180 3387 5180 3387 5228 3332 5228 text 0
3318 5263 3401 5263 3401 5311 3318 5311 text 0
3339 5222 3380 5222 3380 5269 3339 5269 text 0
3062 5174 3117 5174 3117 5221 3062 5221 text 0
3048 5265 3131 5265 3131 5312 3048 5312 text 0
3075 5214 3104 5214 3104 5262 3075 5262 text 0
3332 4490 3387 4490 3387 4538 3332 4538 text 0
3318 4573 3401 4573 3401 4621 3318 4621 text 0
3339 4532 3380 4532 3380 4579 3339 4579 text 0
3332 4745 3387 4745 3387 4793 3332 4793 text 0
3318 4828 3401 4828 3401 4876 3318 4876 text 0
3338 4787 3381 4787 3381 4834 3338 4834 text 0
2312 4745 2367 4745 2367 4793 2312 4793 text 0
2298 4828 2381 4828 2381 4876 2298 4876 text 0
2316 4787 2363 4787 2363 4834 2316 4834 text 0
2582 4745 2637 4745 2637 4793 2582 4793 text 0
2568 4828 2651 4828 2651 4876 2568 4876 text 0
2588 4787 2631 4787 2631 4834 2588 4834 text 0
3842 1859 3897 1859 3897 1906 3842 1906 text 0
3828 1950 3911 1950 3911 1997 3828 1997 text 0
3855 1899 3884 1899 3884 1946 3855 1946 text 0
4202 4745 4257 4745 4257 4793 4202 4793 text 0
4188 4828 4271 4828 4271 4876 4188 4876 text 0
4209 4787 4250 4787 4250 4834 4209 4834 text 0
4202 4484 4257 4484 4257 4531 4202 4531 text 0
4188 4575 4271 4575 4271 4622 4188 4622 text 0
4215 4524 4244 4524 4244 4572 4215 4572 text 0
3332 4115 3387 4115 3387 4163 3332 4163 text 0
3318 4198 3401 4198 3401 4246 3318 4246 text 0
3336 4157 3383 4157 3383 4204 3336 4204 text 0
2882 3425 2937 3425 2937 3473 2882 3473 text 0
2868 3508 2951 3508 2951 3556 2868 3556 text 0
2886 3467 2933 3467 2933 3514 2886 3514 text 0
4202 3425 4257 3425 4257 3473 4202 3473 text 0
4188 3508 4271 3508 4271 3556 4188 3556 text 0
4209 3467 4250 3467 4250 3514 4209 3514 text 0
4202 3149 4257 3149 4257 3196 4202 3196 text 0
4188 3240 4271 3240 4271 3287 4188 3287 text 0
4215 3189 4244 3189 4244 3237 4215 3237 text 0
3842 2105 3897 2105 3897 2153 3842 2153 text 0
3828 2188 3911 2188 3911 2236 3828 2236 text 0
3849 2146 3890 2146 3890 2194 3849 2194 text 0
3137 3448 3192 3448 3192 3496 3137 3496 text 0
3123 3530 3206 3530 3206 3578 3123 3578 text 0
3139 3489 3190 3489 3190 3537 3139 3537 text 0
3136 4768 3192 4768 3192 4816 3136 4816 text 0
3123 4851 3206 4851 3206 4898 3123 4898 text 0
3138 4809 3190 4809 3190 4857 3138 4857 text 0
3137 2128 3192 2128 3192 2175 3137 2175 text 0
3123 2210 3206 2210 3206 2258 3123 2258 text 0
3139 2169 3190 2169 3190 2217 3139 2217 text 0
3136 5458 3192 5458 3192 5506 3136 5506 text 0
3122 5541 3206 5541 3206 5588 3122 5588 text 0
3138 5499 3190 5499 3190 5547 3138 5547 text 0
5079 6559 5300 6559 5300 6655 5079 6655 text 0
4954 6705 4954 6484 5002 6484 5002 6705 text 0
4894 6651 4894 6538 4944 6538 4944 6651 text 0
4834 6651 4834 6538 4885 6538 4885 6651 text 0
4654 6705 4654 6484 4702 6484 4702 6705 text 0
4594 6651 4594 6538 4644 6538 4644 6651 text 0
4534 6651 4534 6538 4585 6538 4585 6651 text 0
6154 6705 6154 6484 6202 6484 6202 6705 text 0
6094 6651 6094 6538 6144 6538 6144 6651 text 0
6034 6651 6034 6538 6085 6538 6085 6651 text 0
269 1526 813 1526 813 1574 269 1574 text 0
269 1417 813 1417 813 1465 269 1465 text 0
659 1471 801 1471 801 1519 659 1519 text 0
309 1471 639 1471 639 1519 309 1519 text 0
269 2347 813 2347 813 2395 269 2395 text 0
281 2401 423 2401 423 2449 281 2449 text 0
443 2401 774 2401 774 2449 443 2449 text 0
7054 6705 7054 6484 7102 6484 7102 6705 text 0
6994 6651 6994 6538 7044 6538 7044 6651 text 0
6934 6651 6934 6538 6985 6538 6985 6651 text 0
4354 6705 4354 6484 4402 6484 4402 6705 text 0
4294 6651 4294 6538 4344 6538 4344 6651 text 0
4234 6651 4234 6538 4286 6538 4286 6651 text 0
269 3619 813 3619 813 3715 269 3715 text 0
281 3721 423 3721 423 3770 281 3770 text 0
443 3721 774 3721 774 3770 443 3770 text 0
269 4297 813 4297 813 4345 269 4345 text 0
281 4351 423 4351 423 4400 281 4400 text 0
443 4351 774 4351 774 4400 443 4400 text 0
269 4987 813 4987 813 5035 269 5035 text 0
281 5041 423 5041 423 5090 281 5090 text 0
443 5041 774 5041 774 5090 443 5090 text 0
269 3086 813 3086 813 3134 269 3134 text 0
269 2977 813 2977 813 3025 269 3025 text 0
281 3031 423 3031 423 3080 281 3080 text 0
443 3031 774 3031 774 3080 443 3080 text 0
269 5677 813 5677 813 5725 269 5725 text 0
659 5731 801 5731 801 5780 659 5780 text 0
309 5731 639 5731 639 5780 309 5780 text 0
5220 805 5220 262 5316 262 5316 805 text 0
5111 805 5111 262 5159 262 5159 805 text 0
5165 793 5165 652 5214 652 5214 793 text 0
5165 628 5165 297 5214 297 5214 628 text 0
6754 6705 6754 6484 6802 6484 6802 6705 text 0
6694 6651 6694 6538 6744 6538 6744 6651 text 0
6634 6651 6634 6538 6685 6538 6685 6651 text 0
4054 6705 4054 6484 4102 6484 4102 6705 text 0
3994 6651 3994 6538 4044 6538 4044 6651 text 0
3934 6651 3934 6538 3986 6538 3986 6651 text 0
7706 1526 8249 1526 8249 1622 7706 1622 text 0
7706 1417 8249 1417 8249 1465 7706 1465 text 0
8096 1471 8238 1471 8238 1519 8096 1519 text 0
7742 1471 8072 1471 8072 1519 7742 1519 text 0
5520 805 5520 262 5568 262 5568 805 text 0
5411 805 5411 262 5459 262 5459 805 text 0
5465 793 5465 652 5514 652 5514 793 text 0
5465 628 5465 297 5514 297 5514 628 text 0
5854 856 5854 636 5902 636 5902 856 text 0
5794 803 5794 690 5844 690 5844 803 text 0
5734 803 5734 690 5785 690 5785 803 text 0
6154 856 6154 636 6202 636 6202 856 text 0
6094 803 6094 690 6144 690 6144 803 text 0
6034 803 6034 690 6085 690 6085 803 text 0
1569 1980 1790 1980 1790 2028 1569 2028 text 0
1623 1920 1736 1920 1736 1970 1623 1970 text 0
1623 1860 1736 1860 1736 1911 1623 1911 text 0
1569 2880 1790 2880 1790 2928 1569 2928 text 0
1623 2820 1736 2820 1736 2870 1623 2870 text 0
1623 2760 1736 2760 1736 2811 1623 2811 text 0
1769 3901 1841 3901 1841 3950 1769 3950 text 0
1649 3211 1721 3211 1721 3260 1649 3260 text 0
1649 4531 1721 4531 1721 4580 1649 4580 text 0
1649 5221 1721 5221 1721 5270 1649 5270 text 0
1649 5911 1721 5911 1721 5960 1649 5960 text 0
1657 1261 1728 1261 1728 1309 1657 1309 text 0
8084 2311 8156 2311 8156 2359 8084 2359 text 0
8084 3616 8156 3616 8156 3665 8084 3665 text 0
4003 1561 4064 1561 4064 1609 4003 1609 text 0
8084 2926 8156 2926 8156 2975 8084 2975 text 0
8084 4231 8156 4231 8156 4280 8084 4280 text 0
8084 4936 8156 4936 8156 4985 8084 4985 text 0
8087 5882 8158 5882 8158 5930 8087 5930 text 0
7969 5363 8090 5363 8090 5411 7969 5411 text 0
4319 3811 4362 3811 4362 3860 4319 3860 text 0
3737 1561 3779 1561 3779 1609 3737 1609 text 0
4282 5184 4403 5184 4403 5232 4282 5232 text 0
4027 5131 4089 5131 4089 5180 4027 5180 text 0
3929 6684 4051 6684 4051 6732 3929 6732 text 0
4222 6684 4343 6684 4343 6732 4222 6732 text 0
4522 6684 4643 6684 4643 6732 4522 6732 text 0
4822 6684 4943 6684 4943 6732 4822 6732 text 0
6022 6684 6143 6684 6143 6732 6022 6732 text 0
6622 6684 6743 6684 6743 6732 6622 6732 text 0
3674 2491 3736 2491 3736 2539 3674 2539 text 0
3959 2491 4002 2491 4002 2539 3959 2539 text 0
3922 2544 4043 2544 4043 2592 3922 2592 text 0
4034 3811 4096 3811 4096 3860 4034 3860 text 0
4319 5131 4362 5131 4362 5180 4319 5180 text 0
6922 6684 7043 6684 7043 6732 6922 6732 text 0
1657 2191 1728 2191 1728 2239 1657 2239 text 0
1529 1336 1651 1336 1651 1384 1529 1384 text 0
5136 6386 5136 5937 5183 5937 5183 6386 text 0
904 1441 1300 1441 1300 1489 904 1489 text 0
7239 1441 7634 1441 7634 1489 7239 1489 text 0
897 3684 1407 3684 1407 3732 897 3732 text 0
904 4314 1354 4314 1354 4362 904 4362 text 0
4028 1291 4071 1291 4071 1339 4028 1339 text 0
4022 1250 4077 1250 4077 1298 4022 1298 text 0
4008 1333 4091 1333 4091 1380 4008 1380 text 0
8064 3797 8123 3797 8123 3845 8064 3845 text 0
8064 3107 8122 3107 8122 3155 8064 3155 text 0
7997 3107 8021 3107 8021 3155 7997 3155 text 0
1847 3797 1905 3797 1905 3845 1847 3845 text 0
1787 3797 1811 3797 1811 3845 1787 3845 text 0
904 2994 1359 2994 1359 3042 904 3042 text 0
904 2364 1300 2364 1300 2412 904 2412 text 0
6036 6416 6036 5906 6083 5906 6083 6416 text 0
7182 3684 7691 3684 7691 3732 7182 3732 text 0
8057 5807 8115 5807 8115 5855 8057 5855 text 0
1734 5117 1792 5117 1792 5165 1734 5165 text 0
1734 5807 1792 5807 1792 5855 1734 5855 text 0
7997 5805 8021 5805 8021 5853 7997 5853 text 0
1734 4427 1792 4427 1792 4475 1734 4475 text 0
8057 4425 8115 4425 8115 4473 8057 4473 text 0
8057 5117 8115 5117 8115 5165 8057 5165 text 0
7997 3797 8021 3797 8021 3845 7997 3845 text 0
7997 4425 8021 4425 8021 4473 7997 4473 text 0
1770 1419 1801 1419 1801 1467 1770 1467 text 0
7997 2475 8021 2475 8021 2523 7997 2523 text 0
8064 2477 8122 2477 8122 2525 8064 2525 text 0
1726 3107 1785 3107 1785 3154 1726 3154 text 0
1667 3107 1691 3107 1691 3154 1667 3154 text 0
7997 5117 8021 5117 8021 5165 7997 5165 text 0
1667 4427 1691 4427 1691 4475 1667 4475 text 0
1667 5117 1691 5117 1691 5165 1667 5165 text 0
1667 5807 1691 5807 1691 5855 1667 5855 text 0
8153 5357 8183 5357 8183 5405 8153 5405 text 0
3389 2431 3420 2431 3420 2479 3389 2479 text 0
7210 2994 7664 2994 7664 3042 7210 3042 text 0
7239 2364 7634 2364 7634 2412 7239 2412 text 0
5728 1400 5728 946 5776 946 5776 1400 text 0
6028 1370 6028 975 6076 975 6076 1370 text 0
1704 2507 1762 2507 1762 2555 1704 2555 text 0
1637 2505 1661 2505 1661 2553 1637 2553 text 0
4373 3482 4416 3482 4416 3529 4373 3529 text 0
4367 3440 4422 3440 4422 3488 4367 3488 text 0
4353 3523 4436 3523 4436 3571 4353 3571 text 0
3998 2281 4041 2281 4041 2329 3998 2329 text 0
3992 2240 4047 2240 4047 2288 3992 2288 text 0
3978 2323 4061 2323 4061 2371 3978 2371 text 0
4396 4787 4438 4787 4438 4834 4396 4834 text 0
4389 4745 4445 4745 4445 4793 4389 4793 text 0
4375 4828 4459 4828 4459 4876 4375 4876 text 0
7212 4314 7661 4314 7661 4362 7212 4362 text 0
7193 5004 7680 5004 7680 5052 7193 5052 text 0
7192 5694 7681 5694 7681 5742 7192 5742 text 0
4528 6397 4528 5926 4576 5926 4576 6397 text 0
3299 4315 3330 4315 3330 4362 3299 4362 text 0
4836 6396 4836 5927 4883 5927 4883 6396 text 0
895 5004 1382 5004 1382 5052 895 5052 text 0
895 5694 1384 5694 1384 5742 895 5742 text 0
1538 1434 1568 1434 1568 1482 1538 1482 text 0
1382 1111 1437 1111 1437 1159 1382 1159 text 0
1592 1111 1647 1111 1647 1159 1592 1159 text 0
3419 2065 3487 2065 3487 2113 3419 2113 text 0
4228 6388 4228 5918 4276 5918 4276 6388 text 0
3928 6388 3928 5918 3976 5918 3976 6388 text 0
3419 3385 3487 3385 3487 3433 3419 3433 text 0
5428 1400 5428 946 5476 946 5476 1400 text 0
3419 5396 3487 5396 3487 5443 3419 5443 text 0
3389 3759 3420 3759 3420 3807 3389 3807 text 0
3419 4706 3487 4706 3487 4753 3419 4753 text 0
5128 1400 5128 946 5176 946 5176 1400 text 0
6628 6387 6628 5919 6676 5919 6676 6387 text 0
6930 6396 6930 5927 6978 5927 6978 6396 text 0
3208 2349 3286 2349 3286 2397 3208 2397 text 0
3433 2349 3511 2349 3511 2397 3433 2397 text 0
2728 3662 2806 3662 2806 3709 2728 3709 text 0
3433 3662 3511 3662 3511 3709 3433 3709 text 0
1747 1614 2227 1614 2227 1662 1747 1662 text 0
1637 1569 1661 1569 1661 1617 1637 1617 text 0
1704 1569 1762 1569 1762 1617 1704 1617 text 0
1747 2552 2227 2552 2227 2599 1747 2599 text 0
2350 3675 2418 3675 2418 3723 2350 3723 text 0
2620 3675 2688 3675 2688 3723 2620 3723 text 0
4150 3675 4218 3675 4218 3723 4150 3723 text 0
3448 1601 3472 1601 3472 1649 3448 1649 text 0
3332 1619 3387 1619 3387 1666 3332 1666 text 0
3318 1710 3401 1710 3401 1757 3318 1757 text 0
3345 1659 3374 1659 3374 1706 3345 1706 text 0
3449 1719 3468 1719 3468 1767 3449 1767 text 0
2698 3261 2717 3261 2717 3309 2698 3309 text 0
2582 3149 2637 3149 2637 3196 2582 3196 text 0
2568 3240 2651 3240 2651 3287 2568 3287 text 0
2594 3189 2625 3189 2625 3237 2594 3237 text 0
3148 3132 3172 3132 3172 3179 3148 3179 text 0
3032 3149 3087 3149 3087 3196 3032 3196 text 0
3018 3240 3101 3240 3101 3287 3018 3287 text 0
3045 3189 3074 3189 3074 3237 3045 3237 text 0
3149 3249 3168 3249 3168 3297 3149 3297 text 0
2698 3981 2717 3981 2717 4029 2698 4029 text 0
2582 3869 2637 3869 2637 3916 2582 3916 text 0
2568 3960 2651 3960 2651 4007 2568 4007 text 0
2594 3909 2625 3909 2625 3957 2594 3957 text 0
2698 4597 2717 4597 2717 4644 2698 4644 text 0
2582 4484 2637 4484 2637 4531 2582 4531 text 0
2568 4575 2651 4575 2651 4622 2568 4622 text 0
2594 4524 2625 4524 2625 4572 2594 4572 text 0
4282 3864 4403 3864 4403 3912 4282 3912 text 0
3842 2795 3897 2795 3897 2843 3842 2843 text 0
3828 2878 3911 2878 3911 2926 3828 2926 text 0
3849 2836 3890 2836 3890 2884 3849 2884 text 0
3959 3121 4002 3121 4002 3170 3959 3170 text 0
3674 3121 3736 3121 3736 3170 3674 3170 text 0
4013 2851 4056 2851 4056 2899 4013 2899 text 0
4007 2810 4062 2810 4062 2858 4007 2858 text 0
3993 2893 4076 2893 4076 2941 3993 2941 text 0
3922 3174 4043 3174 4043 3222 3922 3222 text 0
3997 5184 4118 5184 4118 5232 3997 5232 text 0
3997 3864 4118 3864 4118 3912 3997 3912 text 0
3637 3174 3758 3174 3758 3222 3637 3222 text 0
3637 2544 3758 2544 3758 2592 3637 2592 text 0
3982 1614 4103 1614 4103 1662 3982 1662 text 0
3697 1614 3818 1614 3818 1662 3697 1662 text 0
4157 2609 4212 2609 4212 2656 4157 2656 text 0
4143 2700 4226 2700 4226 2747 4143 2747 text 0
4170 2649 4199 2649 4199 2697 4170 2697 text 0
4457 2609 4512 2609 4512 2656 4457 2656 text 0
4443 2700 4526 2700 4526 2747 4443 2747 text 0
4457 2649 4512 2649 4512 2697 4457 2697 text 0
2582 1175 2637 1175 2637 1223 2582 1223 text 0
2568 1258 2651 1258 2651 1305 2568 1305 text 0
2588 1216 2631 1216 2631 1264 2588 1264 text 0
2582 929 2637 929 2637 976 2582 976 text 0
2568 1020 2651 1020 2651 1067 2568 1067 text 0
2594 969 2625 969 2625 1016 2594 1016 text 0
3332 1175 3387 1175 3387 1223 3332 1223 text 0
3318 1258 3401 1258 3401 1305 3318 1305 text 0
3338 1216 3381 1216 3381 1264 3338 1264 text 0
3332 935 3387 935 3387 983 3332 983 text 0
3318 1018 3401 1018 3401 1065 3318 1065 text 0
3339 976 3380 976 3380 1024 3339 1024 text 0
3137 1243 3192 1243 3192 1290 3137 1290 text 0
3123 1325 3206 1325 3206 1373 3123 1373 text 0
3139 1284 3190 1284 3190 1332 3139 1332 text 0
3419 1135 3487 1135 3487 1183 3419 1183 text 0
3208 1423 3286 1423 3286 1470 3208 1470 text 0
3448 671 3472 671 3472 719 3448 719 text 0
3332 689 3387 689 3387 736 3332 736 text 0
3318 780 3401 780 3401 827 3318 827 text 0
3345 729 3374 729 3374 776 3345 776 text 0
3449 789 3468 789 3468 837 3449 837 text 0
3397 1501 3427 1501 3427 1549 3397 1549 text 0
3433 1423 3511 1423 3511 1470 3433 1470 text 0
5129 6684 5251 6684 5251 6732 5129 6732 text 0
