7569 3353 7595 3353 7595 3355 7569 3355 blind_flange 0
7569 3495 7595 3495 7595 3497 7569 3497 blind_flange 0
4290 3465 4292 3467 4258 3500 4256 3499 blind_flange 0
7450 3378 7448 3378 7448 3330 7450 3330 blind_flange 0
7456 3472 7458 3472 7458 3519 7456 3519 blind_flange 0
7324 3378 7322 3378 7322 3330 7324 3330 blind_flange 0
7324 3519 7322 3519 7322 3472 7324 3472 blind_flange 0
1928 3465 1929 3467 1896 3500 1894 3499 blind_flange 0
6024 6046 6024 6072 6022 6072 6022 6046 blind_flange 0
7547 5008 7544 5008 7544 4960 7547 4960 blind_flange 0
5327 3330 5420 3330 5420 3378 5327 3378 check_valve 0
2977 3330 3069 3330 3069 3378 2977 3378 check_valve 0
7619 6284 7498 6284 7498 6072 7619 6072 closed_drain_connectors 0
5763 1724 5763 1677 5811 1677 5811 1724 concentric_reducer 0
2515 3165 2515 3118 2563 3118 2563 3165 concentric_reducer 0
4889 3165 4889 3118 4937 3118 4937 3165 concentric_reducer 0
5105 2669 5058 2669 5058 2622 5105 2622 concentric_reducer 0
5220 2736 5220 2784 5173 2784 5173 2736 concentric_reducer 0
2858 2752 2858 2799 2810 2799 2810 2752 concentric_reducer 0
2740 2669 2692 2669 2692 2622 2740 2622 concentric_reducer 0
4589 3833 4741 3833 4741 3985 4589 3985 discrete_hardware_interlock_field_mounted 0
2215 3833 2367 3833 2367 3985 2215 3985 discrete_hardware_interlock_field_mounted 0
6065 3573 6217 3573 6217 3725 6065 3725 discrete_instruments_field_mounted 0
4469 3985 4317 3985 4317 3833 4469 3833 discrete_instruments_field_mounted 0
5002 3085 5154 3085 5154 3237 5002 3237 discrete_instruments_field_mounted 0
2095 3985 1943 3985 1943 3833 2095 3833 discrete_instruments_field_mounted 0
2640 3085 2792 3085 2792 3237 2640 3237 discrete_instruments_field_mounted 0
2250 3018 2402 3018 2402 3170 2250 3170 discrete_instruments_field_mounted 0
4612 3014 4765 3014 4765 3166 4612 3166 discrete_instruments_field_mounted 0
7094 3908 7078 3908 7078 3862 7094 3862 end_gap 0
4785 3378 4768 3378 4768 3330 4785 3330 flange 0
4485 3413 4503 3413 4503 3460 4485 3460 flange 0
4296 3460 4279 3460 4279 3413 4296 3413 flange 0
4159 3413 4176 3413 4176 3460 4159 3460 flange 0
5538 3330 5555 3330 5555 3378 5538 3378 flange 0
4014 3460 3997 3460 3997 3413 4014 3413 flange 0
7570 3378 7553 3378 7553 3330 7570 3330 flange 0
7570 3519 7553 3519 7553 3472 7570 3472 flange 0
5763 1960 5763 1943 5811 1943 5811 1960 flange 0
5811 1913 5811 1930 5763 1930 5763 1913 flange 0
2423 3378 2405 3378 2405 3330 2423 3330 flange 0
2123 3413 2141 3413 2141 3460 2123 3460 flange 0
1934 3460 1917 3460 1917 3413 1934 3413 flange 0
1797 3413 1814 3413 1814 3460 1797 3460 flange 0
3176 3330 3193 3330 3193 3378 3176 3378 flange 0
1652 3460 1634 3460 1634 3413 1652 3413 flange 0
7577 5008 7559 5008 7559 4960 7577 4960 flange 0
7324 3379 7227 3379 7227 3329 7324 3329 flexible_hose 0
7324 3520 7227 3520 7227 3471 7324 3471 flexible_hose 0
5763 1865 5763 1772 5811 1772 5811 1865 gate_valve 0
7548 3519 7456 3519 7456 3472 7548 3472 gate_valve 0
3884 3413 3976 3413 3976 3460 3884 3460 gate_valve 0
5575 3330 5668 3330 5668 3378 5575 3378 gate_valve 0
7230 3378 7137 3378 7137 3330 7230 3330 gate_valve 0
7230 3519 7137 3519 7137 3472 7230 3472 gate_valve 0
7548 3378 7456 3378 7456 3330 7548 3330 gate_valve 0
4889 3306 4889 3213 4937 3213 4937 3306 gate_valve 0
2515 3306 2515 3213 2563 3213 2563 3306 gate_valve 0
2561 2669 2469 2669 2469 2622 2561 2622 gate_valve 0
4924 2669 4831 2669 4831 2622 4924 2622 gate_valve 0
1522 3413 1614 3413 1614 3460 1522 3460 gate_valve 0
3213 3330 3306 3330 3306 3378 3213 3378 gate_valve 0
6187 4795 6095 4795 6095 4748 6187 4748 gate_valve 0
5881 4711 5881 4619 5929 4619 5929 4711 gate_valve 0
7243 5622 7203 5622 7203 5574 7243 5574 hose_connection 0
898 1495 353 1495 353 1433 898 1433 off_page_connector 0
5553 3248 5585 3248 5585 3378 5553 3378 open_figure_8_blind 0
3191 3248 3223 3248 3223 3378 3191 3378 open_figure_8_blind 0
1637 3460 1604 3460 1604 3330 1637 3330 open_figure_8_blind 0
3999 3460 3967 3460 3967 3330 3999 3330 open_figure_8_blind 0
5220 2691 5134 2691 5134 2554 5220 2554 pressure_relief_or_safety_valve 0
2858 2691 2772 2691 2772 2554 2858 2554 pressure_relief_or_safety_valve 0
2575 3072 2502 3072 2502 2833 2575 2833 pulsation_dampener 0
4949 3072 4876 3072 4876 2833 4949 2833 pulsation_dampener 0
6376 2851 6444 2851 6444 2971 6376 2971 vent_cover 0
4182 3413 4285 3413 4285 3495 4182 3495 y_type_strainer 0
1819 3413 1923 3413 1923 3495 1819 3495 y_type_strainer 0
5904 4120 6001 4120 6001 4241 5904 4241 atmospheric_vent_with_bird_screen 0
1061 1935 7555 1935 7555 5127 1061 5127 box_equipment_double_chain 0
7330 3471 7450 3471 7450 3520 7330 3520 break_away_coupling 0
7330 3329 7450 3329 7450 3379 7330 3379 break_away_coupling 0
5195 2839 5195 2806 5316 2806 5316 2839 gate_valve_with_plug 0
5035 2765 5002 2765 5002 2644 5035 2644 gate_valve_with_plug 0
2649 2765 2617 2765 2617 2644 2649 2644 gate_valve_with_plug 0
2833 2886 2833 2853 2953 2853 2953 2886 gate_valve_with_plug 0
1991 3435 2024 3435 2024 3556 1991 3556 gate_valve_with_plug 0
3113 3353 3146 3353 3146 3473 3113 3473 gate_valve_with_plug 0
4353 3435 4386 3435 4386 3556 4353 3556 gate_valve_with_plug 0
5464 3353 5497 3353 5497 3473 5464 3473 gate_valve_with_plug 0
4545 3294 4725 3294 4725 3473 4545 3473 pump_positive_diaplacement 0
2183 3294 2363 3294 2363 3473 2183 3473 pump_positive_diaplacement 0
4052 3591 3707 3591 3707 3471 4052 3471 spec_break 0
6007 1985 6007 1888 6054 1888 6054 1985 spec_break 0
1690 3591 1345 3591 1345 3471 1690 3471 spec_break 0
5389 2638 5239 2638 5239 2488 5389 2488 annotation 0
3027 2638 2877 2638 2877 2488 3027 2488 annotation 0
4656 3885 4674 3885 4674 3933 4656 3933 text 0
3514 1400 3572 1400 3572 1448 3514 1448 text 0
6301 3009 6359 3009 6359 3057 6301 3057 text 0
6816 3371 7078 3371 7078 3420 6816 3420 text 0
6816 3513 7078 3513 7078 3561 6816 3561 text 0
6903 3822 6962 3822 6962 3869 6903 3869 text 0
3920 3519 4064 3519 4064 3567 3920 3567 text 0
6113 3584 6169 3584 6169 3632 6113 3632 text 0
6099 3667 6183 3667 6183 3714 6099 3714 text 0
6119 3625 6163 3625 6163 3673 6119 3673 text 0
4365 3844 4421 3844 4421 3892 4365 3892 text 0
4351 3927 4435 3927 4435 3974 4351 3974 text 0
4370 3885 4416 3885 4416 3933 4370 3933 text 0
5050 3096 5106 3096 5106 3143 5050 3143 text 0
5036 3178 5120 3178 5120 3226 5036 3226 text 0
5054 3137 5102 3137 5102 3185 5054 3185 text 0
5827 1676 5960 1676 5960 1724 5827 1724 text 0
4386 3490 4445 3490 4445 3538 4386 3538 text 0
3900 3460 3958 3460 3958 3507 3900 3507 text 0
6175 2786 6650 2786 6650 2833 6175 2833 text 0
7153 3377 7211 3377 7211 3425 7153 3425 text 0
7153 3520 7211 3520 7211 3567 7153 3567 text 0
4945 2699 5003 2699 5003 2746 4945 2746 text 0
5246 2838 5304 2838 5304 2886 5246 2886 text 0
5594 3378 5652 3378 5652 3425 5594 3425 text 0
4723 3936 4799 3936 4799 3984 4723 3984 text 0
4326 3489 4350 3489 4350 3537 4326 3537 text 0
7121 3861 7243 3861 7243 3910 7121 3910 text 0
7370 3271 7491 3271 7491 3319 7370 3319 text 0
6215 3566 6292 3566 6292 3614 6215 3614 text 0
5881 3435 6129 3435 6129 3580 5881 3580 text 0
5185 318 5306 318 5306 366 5185 366 text 0
6047 1883 6115 1883 6115 1931 6047 1931 text 0
6047 1942 6190 1942 6190 1990 6047 1990 text 0
2598 1405 2780 1405 2780 1453 2598 1453 text 0
7172 3279 7293 3279 7293 3328 7172 3328 text 0
7172 3421 7293 3421 7293 3469 7172 3469 text 0
7712 3791 7893 3791 7893 3839 7712 3839 text 0
7665 3236 7945 3236 7945 3284 7665 3284 text 0
7334 3412 7456 3412 7456 3461 7334 3461 text 0
4467 3826 4521 3826 4521 3874 4467 3874 text 0
4467 3944 4523 3944 4523 3993 4467 3993 text 0
4718 3826 4811 3826 4811 3874 4718 3874 text 0
5267 2385 5389 2385 5389 2433 5267 2433 text 0
7183 3618 7286 3618 7286 3665 7183 3665 text 0
7246 3661 7339 3661 7339 3709 7246 3709 text 0
7171 3133 7274 3133 7274 3181 7171 3181 text 0
7235 3177 7327 3177 7327 3224 7235 3224 text 0
2282 3885 2300 3885 2300 3933 2282 3933 text 0
1546 3525 1690 3525 1690 3573 1546 3573 text 0
1991 3844 2047 3844 2047 3892 1991 3892 text 0
1996 3885 2042 3885 2042 3933 1996 3933 text 0
2688 3096 2744 3096 2744 3143 2688 3143 text 0
2674 3178 2758 3178 2758 3226 2674 3226 text 0
2692 3137 2740 3137 2740 3185 2692 3185 text 0
2024 3490 2083 3490 2083 3538 2024 3538 text 0
1538 3460 1596 3460 1596 3507 1538 3507 text 0
2559 2699 2617 2699 2617 2746 2559 2746 text 0
2884 2886 2942 2886 2942 2933 2884 2933 text 0
3231 3378 3290 3378 3290 3425 3231 3425 text 0
2349 3936 2425 3936 2425 3984 2349 3984 text 0
1964 3489 1988 3489 1988 3537 1964 3537 text 0
2093 3826 2147 3826 2147 3874 2093 3874 text 0
2093 3944 2149 3944 2149 3993 2093 3993 text 0
2344 3826 2437 3826 2437 3874 2344 3874 text 0
2905 2385 3026 2385 3026 2433 2905 2433 text 0
5267 2433 5565 2433 5565 2481 5267 2481 text 0
2905 2433 3203 2433 3203 2481 2905 2481 text 0
5282 2539 5347 2539 5347 2586 5282 2586 text 0
5287 2497 5342 2497 5342 2545 5287 2545 text 0
5266 2580 5362 2580 5362 2628 5266 2628 text 0
2919 2539 2985 2539 2985 2586 2919 2586 text 0
2924 2497 2980 2497 2980 2545 2924 2545 text 0
2904 2580 3000 2580 3000 2628 2904 2628 text 0
354 1494 897 1494 897 1543 354 1543 text 0
354 1386 897 1386 897 1434 354 1434 text 0
744 1440 885 1440 885 1488 744 1488 text 0
389 1440 720 1440 720 1488 389 1488 text 0
7329 3133 7440 3133 7440 3181 7329 3181 text 0
7392 3177 7494 3177 7494 3224 7392 3224 text 0
7344 3618 7455 3618 7455 3665 7344 3665 text 0
7407 3661 7509 3661 7509 3709 7407 3709 text 0
5259 584 5370 584 5370 632 5259 632 text 0
5249 525 5379 525 5379 573 5249 573 text 0
4499 525 4980 525 4980 573 4499 573 text 0
4499 584 4965 584 4965 632 4499 632 text 0
4733 383 5365 383 5365 441 4733 441 text 0
4938 297 5160 297 5160 375 4938 375 text 0
5263 466 5365 466 5365 514 5263 514 text 0
4499 466 4785 466 4785 514 4499 514 text 0
5796 1876 5905 1876 5905 1924 5796 1924 text 0
4855 2667 4900 2667 4900 2715 4855 2715 text 0
2493 2667 2537 2667 2537 2715 2493 2715 text 0
3707 3519 3851 3519 3851 3567 3707 3567 text 0
3146 3407 3205 3407 3205 3455 3146 3455 text 0
3086 3407 3110 3407 3110 3455 3086 3455 text 0
5497 3407 5555 3407 5555 3455 5497 3455 text 0
5436 3407 5460 3407 5460 3455 5436 3455 text 0
2298 3029 2354 3029 2354 3077 2298 3077 text 0
2284 3112 2368 3112 2368 3159 2284 3159 text 0
2302 3070 2350 3070 2350 3118 2302 3118 text 0
2255 2964 2396 2964 2396 3012 2255 3012 text 0
4661 3025 4716 3025 4716 3072 4661 3072 text 0
4647 3107 4730 3107 4730 3155 4647 3155 text 0
4665 3066 4712 3066 4712 3114 4665 3114 text 0
4619 2964 4759 2964 4759 3012 4619 3012 text 0
1357 3519 1500 3519 1500 3567 1357 3567 text 0
5938 4214 6108 4214 6108 4310 5938 4310 text 0
5964 4416 6104 4416 6104 4465 5964 4465 text 0
5090 5846 5211 5846 5211 5894 5090 5894 text 0
6873 5704 6992 5704 6992 5752 6873 5752 text 0
6979 5891 7438 5891 7438 5939 6979 5939 text 0
4778 5843 4832 5856 4829 5871 4775 5857 text 0
6517 5976 6547 5976 6547 6024 6517 6024 text 0
6271 5657 6411 5657 6411 5705 6271 5705 text 0
6282 6082 6282 6011 6331 6011 6331 6082 text 0
6507 6024 6555 6024 6555 6072 6507 6072 text 0
7263 5574 7463 5574 7463 5622 7263 5622 text 0
7263 5661 7371 5661 7371 5709 7263 5709 text 0
7324 5704 7427 5704 7427 5752 7324 5752 text 0
6889 5526 7151 5526 7151 5575 6889 5575 text 0
6581 5803 6683 5803 6683 5850 6581 5850 text 0
6639 5846 6742 5846 6742 5894 6639 5894 text 0
6629 5537 6697 5537 6697 5584 6629 5584 text 0
5893 6082 5964 6082 5964 6130 5893 6130 text 0
7502 6169 7615 6169 7615 6220 7502 6220 text 0
7502 6228 7615 6228 7615 6279 7502 6279 text 0
1381 4948 1539 4948 1539 4996 1381 4996 text 0
1731 4957 1785 4970 1782 4985 1727 4971 text 0
7575 4923 7684 4923 7684 4971 7575 4971 text 0
4308 3271 4572 3271 4572 3333 4308 3333 text 0
1946 3247 2210 3247 2210 3309 1946 3309 text 0
5676 5177 5898 5177 5898 5239 5676 5239 text 0
4672 3708 4672 3716 4657 3716 4657 3708 connector 0
2283 3716 2283 3708 2298 3708 2298 3716 connector 0
2319 3295 2319 3287 2334 3287 2334 3295 connector 0
4681 3295 4681 3287 4696 3287 4696 3295 connector 0
4547 3459 4517 3459 4517 3414 4547 3414 flanged_nozzle 0
4724 3331 4754 3331 4754 3376 4724 3376 flanged_nozzle 0
2184 3459 2154 3459 2154 3414 2184 3414 flanged_nozzle 0
2362 3331 2392 3331 2392 3376 2362 3376 flanged_nozzle 0
4724 3708 4606 3708 4606 3472 4724 3472 electric_motor_general 0
2350 3708 2232 3708 2232 3472 2350 3472 electric_motor_general 0
6171 5952 6141 5952 6141 5952 6171 5952 pipe_nozzle 0
