4582 4702 4582 4794 4535 4794 4535 4702 ball_valve 0
2988 2408 2988 2316 3035 2316 3035 2408 ball_valve 0
4700 2987 4700 2895 4748 2895 4748 2987 ball_valve 0
4271 3614 4179 3614 4179 3566 4271 3566 ball_valve 0
4535 2691 4535 2599 4582 2599 4582 2691 ball_valve 0
4286 4086 4194 4086 4194 4039 4286 4039 ball_valve 0
3992 2172 3992 2079 4039 2079 4039 2172 ball_valve 0
3754 1842 3662 1842 3662 1795 3754 1795 ball_valve 0
4418 4559 4325 4559 4325 4511 4418 4511 ball_valve 0
5338 2457 5338 2550 5291 2550 5291 2457 ball_valve 0
4188 4086 4186 4086 4186 4039 4188 4039 blind_flange 0
4700 2889 4700 2887 4748 2887 4748 2889 blind_flange 0
2905 2121 2905 2089 3035 2089 3035 2121 closed_figure_8_blind 0
4335 4559 4303 4559 4303 4429 4335 4429 closed_figure_8_blind 0
3873 1795 3921 1795 3921 1842 3873 1842 concentric_reducer 0
3992 1960 3992 1913 4039 1913 4039 1960 concentric_reducer 0
6141 2385 6188 2385 6188 2433 6141 2433 concentric_reducer 0
5002 3691 5154 3691 5154 3844 5002 3844 discrete_instruments_field_mounted 0
5238 3691 5391 3691 5391 3844 5238 3844 discrete_instruments_field_mounted 0
5474 4298 5627 4298 5627 4450 5474 4450 discrete_instruments_field_mounted 0
5002 3207 5154 3207 5154 3359 5002 3359 discrete_instruments_field_mounted 0
5593 2140 5745 2140 5745 2292 5593 2292 discrete_instruments_field_mounted 0
4156 3566 4173 3566 4173 3614 4156 3614 flange 0
4535 4387 4535 4369 4582 4369 4582 4387 flange 0
4856 3968 4839 3968 4839 3921 4856 3921 flange 0
4856 3614 4839 3614 4839 3566 4856 3566 flange 0
4261 3389 4278 3389 4278 3437 4261 3437 flange 0
2988 2136 2988 2119 3035 2119 3035 2136 flange 0
4856 3437 4839 3437 4839 3389 4856 3389 flange 0
4856 3189 4839 3189 4839 3141 4856 3141 flange 0
4582 2842 4582 2859 4535 2859 4535 2842 flange 0
4288 4511 4305 4511 4305 4559 4288 4559 flange 0
2988 2099 2988 2006 3035 2006 3035 2099 globe_valve 0
4582 4938 4582 5030 4535 5030 4535 4938 globe_valve 0
353 3559 898 3559 898 3621 353 3621 off_page_connector 0
4132 5468 4253 5468 4253 5635 4132 5635 open_drain_connectors 0
4261 3484 4293 3484 4293 3614 4261 3614 open_figure_8_blind 0
4452 4372 4452 4339 4582 4339 4582 4372 open_figure_8_blind 0
4039 1865 3953 1865 3953 1727 4039 1727 pressure_relief_or_safety_valve 0
4535 2987 4535 2865 4582 2865 4582 2987 removable_spool 0
5656 3691 5808 3691 5808 3844 5656 3844 shared_display_and_control_primary_location_normally_accessible_to_an_operator 0
2422 4418 2301 4418 2301 4298 2422 4298 utility_conenction 0
2774 4298 2894 4298 2894 4418 2774 4418 utility_conenction 0
7725 2469 7605 2469 7605 2349 7725 2349 utility_conenction 0
3010 4298 3131 4298 3131 4418 3010 4418 utility_conenction 0
7725 2824 7605 2824 7605 2703 7725 2703 utility_conenction 0
2479 1758 2599 1758 2599 1879 2479 1879 utility_conenction 0
4498 5514 4619 5514 4619 5635 4498 5635 utility_conenction 0
2006 4298 2127 4298 2127 4418 2006 4418 utility_conenction 0
3305 4298 3426 4298 3426 4418 3305 4418 utility_conenction 0
3601 4298 3721 4298 3721 4418 3601 4418 utility_conenction 0
3896 4298 4016 4298 4016 4418 3896 4418 utility_conenction 0
1711 4298 1831 4298 1831 4418 1711 4418 utility_conenction 0
5254 2892 5375 2892 5375 3013 5254 3013 utility_conenction 0
4959 2620 5079 2620 5079 2741 4959 2741 utility_conenction 0
2658 4418 2538 4418 2538 4298 2658 4298 utility_conenction 0
3831 1820 3798 1820 3798 1701 3831 1701 ball_valve_with_flange 0
4014 2036 4014 2003 4135 2003 4135 2036 ball_valve_with_plug 0
2892 2236 2892 2203 3012 2203 3012 2236 ball_valve_with_plug 0
4274 3022 4843 3022 4843 4312 4274 4312 blowdown_pot 0
5391 2757 5238 2757 5238 2605 5391 2605 sample_connection 0
4593 4749 4593 4652 4772 4652 4772 4749 spec_break 0
3234 1959 3234 2056 3054 2056 3054 1959 spec_break 0
4232 1799 4082 1799 4082 1649 4232 1649 annotation 0
5821 3679 5844 3679 5844 3726 5821 3726 text 0
5704 3696 5760 3696 5760 3743 5704 3743 text 0
5690 3787 5774 3787 5774 3834 5690 3834 text 0
5718 3736 5746 3736 5746 3784 5718 3784 text 0
5050 3702 5106 3702 5106 3750 5050 3750 text 0
5036 3785 5120 3785 5120 3833 5036 3833 text 0
5056 3743 5100 3743 5100 3791 5056 3791 text 0
5287 3702 5342 3702 5342 3750 5287 3750 text 0
5273 3785 5356 3785 5356 3833 5273 3833 text 0
5295 3743 5334 3743 5334 3791 5295 3791 text 0
5523 4309 5578 4309 5578 4356 5523 4356 text 0
5504 4391 5597 4391 5597 4439 5504 4439 text 0
5537 4350 5565 4350 5565 4398 5537 4398 text 0
5050 3218 5106 3218 5106 3266 5050 3266 text 0
5036 3301 5120 3301 5120 3348 5036 3348 text 0
5042 3259 5114 3259 5114 3307 5042 3307 text 0
5641 2151 5697 2151 5697 2198 5641 2198 text 0
5627 2233 5711 2233 5711 2281 5627 2281 text 0
5645 2192 5693 2192 5693 2240 5645 2240 text 0
5292 2615 5337 2615 5337 2663 5292 2663 text 0
5302 2698 5326 2698 5326 2746 5302 2746 text 0
5282 2657 5347 2657 5347 2705 5282 2705 text 0
2252 4422 2472 4422 2472 4471 2252 4471 text 0
2305 4362 2418 4362 2418 4413 2305 4413 text 0
2305 4303 2418 4303 2418 4354 2305 4354 text 0
2724 4422 2944 4422 2944 4471 2724 4471 text 0
2778 4362 2891 4362 2891 4413 2778 4413 text 0
2778 4303 2891 4303 2891 4354 2778 4354 text 0
7555 2473 7775 2473 7775 2522 7555 2522 text 0
7608 2413 7721 2413 7721 2464 7608 2464 text 0
7608 2354 7721 2354 7721 2405 7608 2405 text 0
2960 4422 3180 4422 3180 4471 2960 4471 text 0
3014 4362 3127 4362 3127 4413 3014 4413 text 0
3014 4303 3127 4303 3127 4354 3014 4354 text 0
7555 2828 7775 2828 7775 2876 7555 2876 text 0
7608 2768 7721 2768 7721 2818 7608 2818 text 0
7608 2708 7721 2708 7721 2759 7608 2759 text 0
354 3620 897 3620 897 3669 354 3669 text 0
354 3512 897 3512 897 3560 354 3560 text 0
366 3566 507 3566 507 3614 366 3614 text 0
531 3566 862 3566 862 3614 531 3614 text 0
2429 1883 2649 1883 2649 1931 2429 1931 text 0
2482 1823 2595 1823 2595 1873 2482 1873 text 0
2482 1763 2595 1763 2595 1814 2482 1814 text 0
4448 5639 4669 5639 4669 5687 4448 5687 text 0
4502 5579 4615 5579 4615 5629 4502 5629 text 0
4502 5519 4615 5519 4615 5571 4502 5571 text 0
1956 4422 2176 4422 2176 4471 1956 4471 text 0
2010 4362 2123 4362 2123 4413 2010 4413 text 0
2010 4303 2123 4303 2123 4354 2010 4354 text 0
3256 4422 3476 4422 3476 4471 3256 4471 text 0
3309 4362 3422 4362 3422 4413 3309 4413 text 0
3309 4303 3422 4303 3422 4354 3309 4354 text 0
3551 4422 3771 4422 3771 4471 3551 4471 text 0
3604 4362 3717 4362 3717 4413 3604 4413 text 0
3604 4303 3717 4303 3717 4354 3604 4354 text 0
3846 4422 4066 4422 4066 4471 3846 4471 text 0
3900 4362 4013 4362 4013 4413 3900 4413 text 0
3900 4303 4013 4303 4013 4354 3900 4354 text 0
1661 4422 1881 4422 1881 4471 1661 4471 text 0
1715 4362 1828 4362 1828 4413 1715 4413 text 0
1715 4303 1828 4303 1828 4354 1715 4354 text 0
5204 3017 5424 3017 5424 3065 5204 3065 text 0
5258 2957 5371 2957 5371 3007 5258 3007 text 0
5258 2897 5371 2897 5371 2948 5258 2948 text 0
4963 2685 5076 2685 5076 2736 4963 2736 text 0
4963 2626 5076 2626 5076 2677 4963 2677 text 0
4984 4924 5162 4924 5162 4973 4984 4973 text 0
5385 3684 5467 3684 5467 3732 5385 3732 text 0
5149 3684 5226 3684 5226 3732 5149 3732 text 0
4122 4038 4170 4038 4170 4087 4122 4087 text 0
4794 4476 4794 4202 4843 4202 4843 4476 text 0
3850 2101 3971 2101 3971 2150 3850 2150 text 0
3649 1852 3771 1852 3771 1900 3649 1900 text 0
1169 3601 1290 3601 1290 3650 1169 3650 text 0
4452 4422 4523 4422 4523 4471 4452 4471 text 0
5421 2661 5542 2661 5542 2709 5421 2709 text 0
2893 1948 2893 1877 2941 1877 2941 1948 text 0
5385 3814 5504 3814 5504 3862 5385 3862 text 0
5385 3861 5507 3861 5507 3910 5385 3910 text 0
6403 2344 6665 2344 6665 2392 6403 2392 text 0
6403 2698 6665 2698 6665 2746 6403 2746 text 0
6930 2704 7407 2704 7407 2752 6930 2752 text 0
3942 3246 3942 2984 3991 2984 3991 3246 text 0
4055 2080 4100 2080 4100 2127 4055 2127 text 0
2773 4152 2773 3733 2820 3733 2820 4152 text 0
3009 4152 3009 3733 3057 3733 3057 4152 text 0
3304 4152 3304 3733 3352 3733 3352 4152 text 0
3600 4152 3600 3733 3647 3733 3647 4152 text 0
4343 3802 4390 3802 4390 3850 4343 3850 text 0
1056 3530 1475 3530 1475 3578 1056 3578 text 0
6920 2348 7398 2348 7398 2395 6920 2395 text 0
4497 4898 4497 4830 4545 4830 4545 4898 text 0
4438 3441 4679 3441 4679 3503 4438 3503 text 0
6126 2456 6204 2456 6204 2504 6126 2504 text 0
4047 1913 4125 1913 4125 1960 4047 1960 text 0
3847 1840 3924 1840 3924 1888 3847 1888 text 0
3083 1949 3227 1949 3227 1997 3083 1997 text 0
3083 2005 3227 2005 3227 2053 3083 2053 text 0
4628 4698 4772 4698 4772 4746 4628 4746 text 0
3731 1936 3874 1936 3874 1984 3731 1984 text 0
3731 1889 3874 1889 3874 1937 3731 1937 text 0
3673 466 4051 466 4051 514 3673 514 text 0
4636 643 4670 643 4670 691 4636 691 text 0
4109 297 4335 297 4335 375 4109 375 text 0
4022 383 4422 383 4422 441 4022 441 text 0
3673 584 4137 584 4137 632 3673 632 text 0
4420 525 4532 525 4532 573 4420 573 text 0
3673 525 4153 525 4153 573 3673 573 text 0
4411 584 4541 584 4541 632 4411 632 text 0
4393 466 4558 466 4558 514 4393 514 text 0
4405 761 4547 761 4547 809 4405 809 text 0
4428 702 4524 702 4524 750 4428 750 text 0
4459 643 4492 643 4492 691 4459 691 text 0
3673 761 3755 761 3755 809 3673 809 text 0
3673 702 3751 702 3751 750 3673 750 text 0
3673 643 4053 643 4053 691 3673 691 text 0
4715 3141 4778 3141 4778 3188 4715 3188 text 0
4056 2121 4099 2121 4099 2169 4056 2169 text 0
4343 3566 4394 3566 4394 3614 4343 3614 text 0
4358 4559 4388 4559 4388 4607 4358 4607 text 0
2792 1759 2829 1759 2829 1779 2792 1779 text 0
2826 1732 2879 1732 2879 1759 2826 1759 text 0
2756 1761 2788 1761 2788 1788 2756 1788 text 0
2844 1781 2898 1768 2902 1782 2847 1796 text 0
3687 1732 3729 1732 3729 1779 3687 1779 text 0
4698 3070 4748 3070 4748 3118 4698 3118 text 0
4817 3342 4847 3342 4847 3390 4817 3390 text 0
4236 3803 4267 3803 4267 3850 4236 3850 text 0
4343 3389 4394 3389 4394 3436 4343 3436 text 0
4226 4075 4256 4075 4256 4122 4226 4122 text 0
4757 2917 4788 2917 4788 2965 4757 2965 text 0
4719 3566 4778 3566 4778 3614 4719 3614 text 0
4817 3519 4847 3519 4847 3567 4817 3567 text 0
2908 2234 2966 2234 2966 2282 2908 2282 text 0
1570 3529 1787 3529 1787 3577 1570 3577 text 0
3049 2360 3091 2360 3091 2408 3049 2408 text 0
3956 1547 4032 1547 4032 1594 3956 1594 text 0
3956 1594 4288 1594 4288 1642 3956 1642 text 0
3956 1641 4098 1641 4098 1689 3956 1689 text 0
1710 4152 1710 3733 1757 3733 1757 4152 text 0
2924 2159 2946 2159 2946 2207 2924 2207 text 0
4081 1961 4103 1961 4103 2008 4081 2008 text 0
4497 5461 4497 5046 4545 5046 4545 5461 text 0
2300 4152 2300 3733 2348 3733 2348 4152 text 0
4643 4570 5038 4570 5038 4618 4643 4618 text 0
2005 4152 2005 3733 2053 3733 2053 4152 text 0
4343 4038 4394 4038 4394 4086 4343 4086 text 0
4532 4251 4583 4251 4583 4299 4532 4299 text 0
4815 3094 4845 3094 4845 3142 4815 3142 text 0
4719 3920 4778 3920 4778 3968 4719 3968 text 0
4817 3873 4847 3873 4847 3921 4817 3921 text 0
3895 4152 3895 3733 3943 3733 3943 4152 text 0
3039 2315 3127 2315 3127 2362 3039 2362 text 0
3686 1687 3730 1687 3730 1735 3686 1735 text 0
3956 2642 3956 2223 4004 2223 4004 2642 text 0
3156 1757 3571 1757 3571 1805 3156 1805 text 0
4628 4653 4772 4653 4772 4701 4628 4701 text 0
4124 1700 4190 1700 4190 1748 4124 1748 text 0
4129 1659 4185 1659 4185 1706 4129 1706 text 0
4115 1741 4199 1741 4199 1789 4115 1789 text 0
4532 3070 4583 3070 4583 3118 4532 3118 text 0
4066 2036 4125 2036 4125 2084 4066 2084 text 0
3852 1719 3910 1719 3910 1766 3852 1766 text 0
4715 3389 4778 3389 4778 3436 4715 3436 text 0
3761 1716 3783 1716 3783 1764 3761 1764 text 0
4136 5579 4249 5579 4249 5629 4136 5629 text 0
2488 4422 2708 4422 2708 4471 2488 4471 text 0
2541 4362 2654 4362 2654 4413 2541 4413 text 0
2541 4303 2654 4303 2654 4354 2541 4354 text 0
2539 4152 2539 3733 2586 3733 2586 4152 text 0
4476 3743 4686 3743 4686 3791 4476 3791 text 0
4476 3803 4681 3803 4681 3850 4476 3850 text 0
4584 2945 4584 2909 4608 2909 4608 2945 text 0
4825 3187 4795 3187 4795 3142 4825 3142 flanged_nozzle 0
4825 3436 4795 3436 4795 3391 4825 3391 flanged_nozzle 0
4292 3391 4322 3391 4322 3436 4292 3436 flanged_nozzle 0
4292 3568 4322 3568 4322 3613 4292 3613 flanged_nozzle 0
4825 3613 4795 3613 4795 3568 4825 3568 flanged_nozzle 0
4825 3967 4795 3967 4795 3922 4825 3922 flanged_nozzle 0
4292 4040 4322 4040 4322 4085 4292 4085 flanged_nozzle 0
4536 4341 4536 4311 4581 4311 4581 4341 flanged_nozzle 0
4536 3023 4536 2993 4581 2993 4581 3023 flanged_nozzle 0
4701 3023 4701 2993 4746 2993 4746 3023 flanged_nozzle 0
