3739 3634 3740 3636 3707 3670 3705 3668 blind_flange 0
1491 3786 1489 3788 1456 3754 1457 3753 blind_flange 0
6809 4579 6811 4581 6778 4614 6776 4613 blind_flange 0
5274 3174 5276 3175 5242 3209 5241 3207 blind_flange 0
8075 1268 8077 1267 8110 1300 8109 1302 blind_flange 0
3921 4441 3873 4441 3873 4393 3921 4393 concentric_reducer 0
6944 1322 6992 1322 6992 1370 6944 1370 concentric_reducer 0
4275 3378 4258 3378 4258 3330 4275 3330 flange 0
4228 3330 4245 3330 4245 3378 4228 3378 flange 0
4228 1913 4245 1913 4245 1960 4228 1960 flange 0
4275 1960 4258 1960 4258 1913 4275 1913 flange 0
7464 3614 7447 3614 7447 3566 7464 3566 flange 0
7417 3566 7434 3566 7434 3614 7417 3614 flange 0
7417 3212 7434 3212 7434 3260 7417 3260 flange 0
7464 3260 7447 3260 7447 3212 7464 3212 flange 0
1795 4275 1795 4293 1747 4293 1747 4275 flange 0
5102 5338 5102 5356 5055 5356 5055 5338 flange 0
5055 5386 5055 5368 5102 5368 5102 5386 flange 0
1747 4323 1747 4305 1795 4305 1795 4323 flange 0
4582 5386 4582 5368 4629 5368 4629 5386 flange 0
4629 5338 4629 5356 4582 5356 4582 5338 flange 0
2810 4323 2810 4305 2858 4305 2858 4323 flange 0
2858 4275 2858 4293 2810 4293 2810 4275 flange 0
3722 3618 3735 3631 3701 3664 3689 3652 flange 0
4275 2315 4258 2315 4258 2267 4275 2267 flange 0
4228 2267 4245 2267 4245 2315 4228 2315 flange 0
4227 2976 4244 2976 4244 3023 4227 3023 flange 0
4274 3023 4257 3023 4257 2976 4274 2976 flange 0
1507 3770 1495 3782 1461 3749 1473 3736 flange 0
4275 1606 4258 1606 4258 1559 4275 1559 flange 0
4228 1559 4245 1559 4245 1606 4228 1606 flange 0
3165 2433 3165 2415 3212 2415 3212 2433 flange 0
3212 2385 3212 2403 3165 2403 3165 2385 flange 0
2810 2433 2810 2415 2858 2415 2858 2433 flange 0
2858 2385 2858 2403 2810 2403 2810 2385 flange 0
4228 2622 4245 2622 4245 2669 4228 2669 flange 0
4275 2669 4258 2669 4258 2622 4275 2622 flange 0
6118 5386 6118 5368 6165 5368 6165 5386 flange 0
6165 5338 6165 5356 6118 5356 6118 5338 flange 0
2149 4275 2149 4293 2102 4293 2102 4275 flange 0
2102 4323 2102 4305 2149 4305 2149 4323 flange 0
7464 2196 7447 2196 7447 2149 7464 2149 flange 0
7417 2149 7434 2149 7434 2196 7417 2196 flange 0
7464 2551 7447 2551 7447 2503 7464 2503 flange 0
7417 2503 7434 2503 7434 2551 7417 2551 flange 0
7464 4323 7447 4323 7447 4275 7464 4275 flange 0
7417 4275 7434 4275 7434 4323 7417 4323 flange 0
7464 2905 7447 2905 7447 2858 7464 2858 flange 0
7417 2858 7434 2858 7434 2905 7417 2905 flange 0
3685 5338 3685 5356 3637 5356 3637 5338 flange 0
3637 5386 3637 5368 3685 5368 3685 5386 flange 0
4110 5386 4110 5368 4157 5368 4157 5386 flange 0
4157 5338 4157 5356 4110 5356 4110 5338 flange 0
2503 2385 2503 2403 2456 2403 2456 2385 flange 0
2456 2433 2456 2415 2503 2415 2503 2433 flange 0
6793 4563 6806 4575 6772 4609 6760 4597 flange 0
7464 1606 7447 1606 7447 1559 7464 1559 flange 0
7417 1559 7434 1559 7434 1606 7417 1606 flange 0
2456 4323 2456 4305 2503 4305 2503 4323 flange 0
2503 4275 2503 4293 2456 4293 2456 4275 flange 0
1747 2433 1747 2415 1795 2415 1795 2433 flange 0
1795 2385 1795 2403 1747 2403 1747 2385 flange 0
5258 3158 5270 3170 5237 3203 5224 3191 flange 0
5763 1913 5781 1913 5781 1960 5763 1960 flange 0
5811 1960 5793 1960 5793 1913 5811 1913 flange 0
5811 1606 5793 1606 5793 1559 5811 1559 flange 0
5763 1559 5781 1559 5781 1606 5763 1606 flange 0
5811 2551 5793 2551 5793 2503 5811 2503 flange 0
5763 2503 5781 2503 5781 2551 5763 2551 flange 0
5763 2858 5781 2858 5781 2905 5763 2905 flange 0
5811 2905 5793 2905 5793 2858 5811 2858 flange 0
921 3566 938 3566 938 3614 921 3614 flange 0
968 3614 951 3614 951 3566 968 3566 flange 0
8059 1284 8071 1272 8105 1306 8093 1318 flange 0
2149 2385 2149 2403 2102 2403 2102 2385 flange 0
2102 2433 2102 2415 2149 2415 2149 2433 flange 0
7464 3968 7447 3968 7447 3921 7464 3921 flange 0
7417 3921 7434 3921 7434 3968 7417 3968 flange 0
5574 5338 5574 5356 5527 5356 5527 5338 flange 0
5527 5386 5527 5368 5574 5368 5574 5386 flange 0
898 1377 353 1377 353 1315 898 1315 off_page_connector 0
8091 2233 7971 2233 7971 2113 8091 2113 utility_conenction 0
4901 3060 4781 3060 4781 2939 4901 2939 utility_conenction 0
4073 5892 4194 5892 4194 6013 4073 6013 utility_conenction 0
5490 5892 5611 5892 5611 6013 5490 6013 utility_conenction 0
8091 2587 7971 2587 7971 2467 8091 2467 utility_conenction 0
6438 2942 6317 2942 6317 2821 6438 2821 utility_conenction 0
4902 2706 4782 2706 4782 2585 4902 2585 utility_conenction 0
4902 2351 4782 2351 4782 2231 4902 2231 utility_conenction 0
6438 1997 6317 1997 6317 1876 6438 1876 utility_conenction 0
2420 4829 2540 4829 2540 4950 2420 4950 utility_conenction 0
2065 4829 2186 4829 2186 4950 2065 4950 utility_conenction 0
353 3530 473 3530 473 3650 353 3650 utility_conenction 0
4902 1642 4782 1642 4782 1522 4902 1522 utility_conenction 0
2065 2939 2186 2939 2186 3060 2065 3060 utility_conenction 0
2420 2939 2540 2939 2540 3060 2420 3060 utility_conenction 0
8091 1642 7971 1642 7971 1522 8091 1522 utility_conenction 0
8091 4005 7971 4005 7971 3884 8091 3884 utility_conenction 0
1711 4829 1831 4829 1831 4950 1711 4950 utility_conenction 0
1711 2939 1831 2939 1831 3060 1711 3060 utility_conenction 0
6438 2587 6317 2587 6317 2467 6438 2467 utility_conenction 0
6438 1642 6317 1642 6317 1522 6438 1522 utility_conenction 0
8091 2942 7971 2942 7971 2821 8091 2821 utility_conenction 0
4902 1997 4782 1997 4782 1876 4902 1876 utility_conenction 0
4902 3414 4782 3414 4782 3294 4902 3294 utility_conenction 0
3128 2939 3249 2939 3249 3060 3128 3060 utility_conenction 0
2774 2939 2894 2939 2894 3060 2774 3060 utility_conenction 0
5018 5892 5138 5892 5138 6013 5018 6013 utility_conenction 0
4546 5892 4666 5892 4666 6013 4546 6013 utility_conenction 0
2774 4829 2894 4829 2894 4950 2774 4950 utility_conenction 0
8091 3650 7971 3650 7971 3530 8091 3530 utility_conenction 0
8091 3296 7971 3296 7971 3176 8091 3176 utility_conenction 0
6081 5892 6201 5892 6201 6013 6081 6013 utility_conenction 0
8091 4359 7971 4359 7971 4239 8091 4239 utility_conenction 0
3601 5892 3721 5892 3721 6013 3601 6013 utility_conenction 0
4430 3473 4073 3473 4073 3388 4430 3388 spec_break 0
4430 2056 4073 2056 4073 1971 4430 1971 spec_break 0
7619 3709 7262 3709 7262 3624 7619 3624 spec_break 0
7619 3355 7262 3355 7262 3270 7619 3270 spec_break 0
2219 4359 2219 4239 2410 4239 2410 4359 spec_break 0
5172 5422 5172 5302 5345 5302 5345 5422 spec_break 0
1864 4359 1864 4239 2056 4239 2056 4359 spec_break 0
4699 5422 4699 5302 4873 5302 4873 5422 spec_break 0
2927 4359 2927 4239 3119 4239 3119 4359 spec_break 0
3276 2469 3276 2349 3449 2349 3449 2469 spec_break 0
2922 2469 2922 2349 3095 2349 3095 2469 spec_break 0
4430 2410 4073 2410 4073 2325 4430 2325 spec_break 0
7619 1701 7262 1701 7262 1616 7619 1616 spec_break 0
5965 2646 5609 2646 5609 2561 5965 2561 spec_break 0
5965 3000 5609 3000 5609 2916 5965 2916 spec_break 0
5965 1701 5609 1701 5609 1616 5965 1616 spec_break 0
7619 2292 7262 2292 7262 2207 7619 2207 spec_break 0
7619 2646 7262 2646 7262 2561 7619 2561 spec_break 0
5965 2056 5609 2056 5609 1971 5965 1971 spec_break 0
7619 4418 7262 4418 7262 4333 7619 4333 spec_break 0
7619 3000 7262 3000 7262 2916 7619 2916 spec_break 0
3754 5422 3754 5302 3928 5302 3928 5422 spec_break 0
4430 1701 4073 1701 4073 1616 4430 1616 spec_break 0
4227 5422 4227 5302 4400 5302 4400 5422 spec_break 0
6234 5422 6234 5302 6408 5302 6408 5422 spec_break 0
4430 2764 4073 2764 4073 2680 4430 2680 spec_break 0
766 3624 1123 3624 1123 3698 766 3698 spec_break 0
1864 2469 1864 2349 2056 2349 2056 2469 spec_break 0
2573 4359 2573 4239 2764 4239 2764 4359 spec_break 0
2219 2469 2219 2349 2410 2349 2410 2469 spec_break 0
2573 2469 2573 2349 2764 2349 2764 2469 spec_break 0
4429 3119 4072 3119 4072 3034 4429 3034 spec_break 0
7619 4064 7262 4064 7262 3979 7619 3979 spec_break 0
5644 5422 5644 5302 5818 5302 5818 5422 spec_break 0
354 1376 897 1376 897 1425 354 1425 text 0
354 1268 897 1268 897 1316 354 1316 text 0
744 1322 885 1322 885 1370 744 1370 text 0
389 1322 720 1322 720 1370 389 1370 text 0
7921 2237 8141 2237 8141 2286 7921 2286 text 0
7974 2177 8087 2177 8087 2228 7974 2228 text 0
7974 2118 8087 2118 8087 2169 7974 2169 text 0
4731 3064 4951 3064 4951 3112 4731 3112 text 0
4784 3004 4897 3004 4897 3054 4784 3054 text 0
4784 2945 4897 2945 4897 2996 4784 2996 text 0
4023 6017 4243 6017 4243 6065 4023 6065 text 0
4077 5957 4190 5957 4190 6007 4077 6007 text 0
4077 5897 4190 5897 4190 5949 4077 5949 text 0
5441 6017 5661 6017 5661 6065 5441 6065 text 0
5494 5957 5607 5957 5607 6007 5494 6007 text 0
5494 5897 5607 5897 5607 5949 5494 5949 text 0
7921 2592 8141 2592 8141 2640 7921 2640 text 0
7974 2531 8087 2531 8087 2582 7974 2582 text 0
7974 2472 8087 2472 8087 2523 7974 2523 text 0
6267 2946 6487 2946 6487 2994 6267 2994 text 0
6321 2886 6434 2886 6434 2936 6321 2936 text 0
6321 2826 6434 2826 6434 2878 6321 2878 text 0
4732 2710 4952 2710 4952 2758 4732 2758 text 0
4785 2649 4898 2649 4898 2700 4785 2700 text 0
4785 2590 4898 2590 4898 2641 4785 2641 text 0
4732 2355 4952 2355 4952 2404 4732 2404 text 0
4785 2295 4898 2295 4898 2346 4785 2346 text 0
4785 2236 4898 2236 4898 2287 4785 2287 text 0
6267 2001 6487 2001 6487 2049 6267 2049 text 0
6321 1941 6434 1941 6434 1991 6321 1991 text 0
6321 1881 6434 1881 6434 1933 6321 1933 text 0
2370 4954 2590 4954 2590 5002 2370 5002 text 0
2423 4894 2536 4894 2536 4944 2423 4944 text 0
2423 4834 2536 4834 2536 4885 2423 4885 text 0
2015 4954 2236 4954 2236 5002 2015 5002 text 0
2069 4894 2182 4894 2182 4944 2069 4944 text 0
2069 4834 2182 4834 2182 4885 2069 4885 text 0
303 3655 523 3655 523 3703 303 3703 text 0
356 3594 469 3594 469 3645 356 3645 text 0
356 3535 469 3535 469 3586 356 3586 text 0
4732 1647 4952 1647 4952 1695 4732 1695 text 0
4785 1586 4898 1586 4898 1637 4785 1637 text 0
4785 1527 4898 1527 4898 1578 4785 1578 text 0
2015 3064 2236 3064 2236 3112 2015 3112 text 0
2069 3004 2182 3004 2182 3054 2069 3054 text 0
2069 2945 2182 2945 2182 2996 2069 2996 text 0
2370 3064 2590 3064 2590 3112 2370 3112 text 0
2423 3004 2536 3004 2536 3054 2423 3054 text 0
2423 2945 2536 2945 2536 2996 2423 2996 text 0
7921 1647 8141 1647 8141 1695 7921 1695 text 0
7974 1586 8087 1586 8087 1637 7974 1637 text 0
7974 1527 8087 1527 8087 1578 7974 1578 text 0
7921 4009 8141 4009 8141 4057 7921 4057 text 0
7974 3949 8087 3949 8087 3999 7974 3999 text 0
7974 3889 8087 3889 8087 3941 7974 3941 text 0
1661 4954 1881 4954 1881 5002 1661 5002 text 0
1715 4894 1828 4894 1828 4944 1715 4944 text 0
1715 4834 1828 4834 1828 4885 1715 4885 text 0
1661 3064 1881 3064 1881 3112 1661 3112 text 0
1715 3004 1828 3004 1828 3054 1715 3054 text 0
1715 2945 1828 2945 1828 2996 1715 2996 text 0
6267 2592 6487 2592 6487 2640 6267 2640 text 0
6321 2531 6434 2531 6434 2582 6321 2582 text 0
6321 2472 6434 2472 6434 2523 6321 2523 text 0
6267 1647 6487 1647 6487 1695 6267 1695 text 0
6321 1586 6434 1586 6434 1637 6321 1637 text 0
6321 1527 6434 1527 6434 1578 6321 1578 text 0
7921 2946 8141 2946 8141 2994 7921 2994 text 0
7974 2886 8087 2886 8087 2936 7974 2936 text 0
7974 2826 8087 2826 8087 2878 7974 2878 text 0
4732 2001 4952 2001 4952 2049 4732 2049 text 0
4785 1941 4898 1941 4898 1991 4785 1991 text 0
4785 1881 4898 1881 4898 1933 4785 1933 text 0
4732 3418 4952 3418 4952 3467 4732 3467 text 0
4785 3358 4898 3358 4898 3409 4785 3409 text 0
4785 3299 4898 3299 4898 3350 4785 3350 text 0
3078 3064 3299 3064 3299 3112 3078 3112 text 0
3132 3004 3245 3004 3245 3054 3132 3054 text 0
3132 2945 3245 2945 3245 2996 3132 2996 text 0
2724 3064 2944 3064 2944 3112 2724 3112 text 0
2778 3004 2891 3004 2891 3054 2778 3054 text 0
2778 2945 2891 2945 2891 2996 2778 2996 text 0
4968 6017 5188 6017 5188 6065 4968 6065 text 0
5022 5957 5135 5957 5135 6007 5022 6007 text 0
5022 5897 5135 5897 5135 5949 5022 5949 text 0
4496 6017 4716 6017 4716 6065 4496 6065 text 0
4549 5957 4662 5957 4662 6007 4549 6007 text 0
4549 5897 4662 5897 4662 5949 4549 5949 text 0
2724 4954 2944 4954 2944 5002 2724 5002 text 0
2778 4894 2891 4894 2891 4944 2778 4944 text 0
2778 4834 2891 4834 2891 4885 2778 4885 text 0
7921 3655 8141 3655 8141 3703 7921 3703 text 0
7974 3594 8087 3594 8087 3645 7974 3645 text 0
7974 3535 8087 3535 8087 3586 7974 3586 text 0
7921 3300 8141 3300 8141 3349 7921 3349 text 0
7974 3240 8087 3240 8087 3291 7974 3291 text 0
7974 3181 8087 3181 8087 3232 7974 3232 text 0
7467 1521 7938 1521 7938 1569 7467 1569 text 0
7934 4062 8127 4062 8127 4110 7934 4110 text 0
4278 3295 4749 3295 4749 3342 4278 3342 text 0
4120 3460 4170 3460 4170 3508 4120 3508 text 0
4334 3460 4382 3460 4382 3508 4334 3508 text 0
4074 3407 4218 3407 4218 3455 4074 3455 text 0
4286 3407 4430 3407 4430 3455 4286 3455 text 0
3938 3393 3974 3393 3974 3414 3938 3414 text 0
3971 3413 4024 3413 4024 3440 3971 3440 text 0
3901 3384 3933 3384 3933 3412 3901 3412 text 0
3993 3377 4047 3390 4044 3405 3989 3391 text 0
3795 3295 4238 3295 4238 3342 3795 3342 text 0
2421 4792 2421 4349 2468 4349 2468 4792 text 0
2066 4792 2066 4349 2114 4349 2114 4792 text 0
7068 3275 7104 3275 7104 3296 7068 3296 text 0
7101 3295 7154 3295 7154 3322 7101 3322 text 0
7031 3266 7063 3266 7063 3294 7031 3294 text 0
7123 3259 7177 3272 7174 3287 7119 3273 text 0
4064 6070 4203 6070 4203 6118 4064 6118 text 0
4760 3472 4924 3472 4924 3520 4760 3520 text 0
4760 2054 4924 2054 4924 2102 4760 2102 text 0
7068 3630 7104 3630 7104 3650 7068 3650 text 0
7101 3649 7154 3649 7154 3677 7101 3677 text 0
7031 3621 7063 3621 7063 3648 7031 3648 text 0
7123 3613 7177 3627 7174 3641 7119 3627 text 0
6984 3531 7427 3531 7427 3579 6984 3579 text 0
7465 3177 7936 3177 7936 3224 7465 3224 text 0
7309 3342 7359 3342 7359 3390 7309 3390 text 0
7475 3288 7619 3288 7619 3337 7475 3337 text 0
7263 3288 7407 3288 7407 3337 7263 3337 text 0
7523 3342 7571 3342 7571 3390 7523 3390 text 0
6984 3177 7427 3177 7427 3224 6984 3224 text 0
4074 1989 4218 1989 4218 2038 4074 2038 text 0
4120 2043 4170 2043 4170 2090 4120 2090 text 0
4334 2043 4382 2043 4382 2090 4334 2090 text 0
4286 1989 4430 1989 4430 2038 4286 2038 text 0
4278 1877 4749 1877 4749 1925 4278 1925 text 0
3795 1877 4238 1877 4238 1925 3795 1925 text 0
3903 1976 3939 1976 3939 1996 3903 1996 text 0
3937 1996 3990 1996 3990 2023 3937 2023 text 0
3867 1967 3898 1967 3898 1994 3867 1994 text 0
3958 1959 4012 1973 4009 1987 3955 1974 text 0
7933 2291 8128 2291 8128 2338 7933 2338 text 0
7523 3696 7571 3696 7571 3744 7523 3744 text 0
5019 5253 5019 4810 5067 4810 5067 5253 text 0
5125 5362 5173 5362 5173 5409 5125 5409 text 0
5124 5314 5174 5314 5174 5362 5124 5362 text 0
7263 3643 7407 3643 7407 3691 7263 3691 text 0
7475 3643 7619 3643 7619 3691 7475 3691 text 0
7309 3696 7359 3696 7359 3744 7309 3744 text 0
7465 3531 7936 3531 7936 3579 7465 3579 text 0
7932 2999 8130 2999 8130 3047 7932 3047 text 0
2171 4251 2221 4251 2221 4299 2171 4299 text 0
2172 4299 2220 4299 2220 4346 2172 4346 text 0
2254 4298 2398 4298 2398 4347 2254 4347 text 0
2254 4251 2398 4251 2398 4299 2254 4299 text 0
5201 5361 5345 5361 5345 5410 5201 5410 text 0
5019 5855 5019 5384 5067 5384 5067 5855 text 0
5201 5314 5345 5314 5345 5362 5201 5362 text 0
6123 4357 6159 4357 6159 4378 6123 4378 text 0
6073 4330 6126 4330 6126 4358 6073 4358 text 0
6164 4359 6196 4359 6196 4386 6164 4386 text 0
6054 4366 6108 4380 6104 4394 6050 4381 text 0
3306 2356 3449 2356 3449 2404 3306 2404 text 0
2951 2356 3095 2356 3095 2404 2951 2404 text 0
5024 4702 5024 4683 5044 4683 5044 4702 text 0
5015 4737 5015 4706 5042 4706 5042 4737 text 0
5043 4665 5043 4612 5070 4612 5070 4665 text 0
5004 4658 5017 4606 5031 4610 5018 4662 text 0
7961 1700 8101 1700 8101 1748 7961 1748 text 0
1900 4251 2044 4251 2044 4299 1900 4299 text 0
1712 4224 1712 3781 1760 3781 1760 4224 text 0
1716 3698 1716 3679 1737 3679 1737 3698 text 0
1708 3733 1708 3702 1735 3702 1735 3733 text 0
1736 3661 1736 3608 1763 3608 1763 3661 text 0
1697 3654 1710 3602 1724 3606 1711 3658 text 0
1712 4806 1712 4335 1760 4335 1760 4806 text 0
1818 4299 1866 4299 1866 4346 1818 4346 text 0
3306 2414 3449 2414 3449 2463 3306 2463 text 0
2951 2414 3095 2414 3095 2463 2951 2463 text 0
3858 4440 3936 4440 3936 4488 3858 4488 text 0
4653 5362 4700 5362 4700 5409 4653 5409 text 0
4551 4702 4551 4683 4572 4683 4572 4702 text 0
4542 4737 4542 4706 4570 4706 4570 4737 text 0
4570 4665 4570 4612 4598 4612 4598 4665 text 0
4531 4658 4544 4606 4558 4610 4545 4662 text 0
4546 5253 4546 4810 4594 4810 4594 5253 text 0
4652 5314 4701 5314 4701 5362 4652 5362 text 0
4729 5314 4872 5314 4872 5362 4729 5362 text 0
3107 3117 3270 3117 3270 3165 3107 3165 text 0
2753 3117 2916 3117 2916 3165 2753 3165 text 0
2879 2357 2929 2357 2929 2404 2879 2404 text 0
2881 2414 2929 2414 2929 2462 2881 2462 text 0
3233 2357 3283 2357 3283 2404 3233 2404 text 0
3235 2414 3283 2414 3283 2462 3235 2462 text 0
6308 2054 6447 2054 6447 2102 6308 2102 text 0
6280 1700 6475 1700 6475 1748 6280 1748 text 0
3726 3660 3785 3660 3785 3707 3726 3707 text 0
3879 2330 3915 2330 3915 2351 3879 2351 text 0
3912 2350 3965 2350 3965 2377 3912 2377 text 0
3842 2321 3874 2321 3874 2349 3842 2349 text 0
3934 2314 3988 2327 3985 2342 3930 2328 text 0
3795 2232 4238 2232 4238 2279 3795 2279 text 0
4278 2232 4721 2232 4721 2279 4278 2279 text 0
4074 2344 4218 2344 4218 2392 4074 2392 text 0
4286 2344 4430 2344 4430 2392 4286 2392 text 0
2775 4806 2775 4335 2823 4335 2823 4806 text 0
2880 4251 2930 4251 2930 4299 2880 4299 text 0
2779 3698 2779 3679 2800 3679 2800 3698 text 0
2771 3733 2771 3702 2798 3702 2798 3733 text 0
2799 3661 2799 3608 2826 3608 2826 3661 text 0
2760 3654 2773 3602 2787 3606 2774 3658 text 0
2775 4224 2775 3781 2823 3781 2823 4224 text 0
4334 2397 4382 2397 4382 2445 4334 2445 text 0
2963 4251 3107 4251 3107 4299 2963 4299 text 0
2881 4299 2929 4299 2929 4346 2881 4346 text 0
2963 4298 3107 4298 3107 4347 2963 4347 text 0
1900 4298 2044 4298 2044 4347 1900 4347 text 0
1817 4251 1867 4251 1867 4299 1817 4299 text 0
4524 6070 4687 6070 4687 6118 4524 6118 text 0
4997 6070 5160 6070 5160 6118 4997 6118 text 0
4729 5361 4872 5361 4872 5410 4729 5410 text 0
4546 5855 4546 5384 4594 5384 4594 5855 text 0
2737 5007 2932 5007 2932 5055 2737 5055 text 0
1690 5007 1853 5007 1853 5055 1690 5055 text 0
2421 4224 2421 3781 2468 3781 2468 4224 text 0
4772 2409 4912 2409 4912 2457 4772 2457 text 0
4120 2397 4170 2397 4170 2445 4120 2445 text 0
6280 2645 6475 2645 6475 2693 6280 2693 text 0
4278 2586 4721 2586 4721 2634 4278 2634 text 0
4334 2751 4382 2751 4382 2799 4334 2799 text 0
4074 2698 4218 2698 4218 2746 4074 2746 text 0
1411 3778 1470 3778 1470 3825 1411 3825 text 0
3795 1523 4238 1523 4238 1571 3795 1571 text 0
3938 1622 3974 1622 3974 1642 3938 1642 text 0
3971 1641 4024 1641 4024 1669 3971 1669 text 0
3901 1613 3933 1613 3933 1640 3901 1640 text 0
3993 1605 4047 1619 4044 1633 3989 1619 text 0
4334 1688 4382 1688 4382 1736 4334 1736 text 0
4074 1635 4218 1635 4218 1683 4074 1683 text 0
4286 1635 4430 1635 4430 1683 4286 1683 text 0
4120 1688 4170 1688 4170 1736 4120 1736 text 0
4278 1523 4749 1523 4749 1571 4278 1571 text 0
4286 2698 4430 2698 4430 2746 4286 2746 text 0
4120 2751 4170 2751 4170 2799 4120 2799 text 0
3129 2347 3129 1904 3177 1904 3177 2347 text 0
3134 1843 3134 1825 3154 1825 3154 1843 text 0
3125 1879 3125 1847 3152 1847 3152 1879 text 0
3153 1807 3153 1754 3180 1754 3180 1807 text 0
3114 1800 3127 1748 3141 1751 3128 1803 text 0
3129 2916 3129 2446 3177 2446 3177 2916 text 0
2775 2916 2775 2446 2823 2446 2823 2916 text 0
2775 2347 2775 1904 2823 1904 2823 2347 text 0
2779 1843 2779 1825 2800 1825 2800 1843 text 0
2771 1879 2771 1847 2798 1847 2798 1879 text 0
2799 1807 2799 1754 2826 1754 2826 1807 text 0
2760 1800 2773 1748 2787 1751 2774 1803 text 0
3795 2586 4238 2586 4238 2634 3795 2634 text 0
3879 2685 3915 2685 3915 2705 3879 2705 text 0
3912 2704 3965 2704 3965 2732 3912 2732 text 0
3842 2676 3874 2676 3874 2703 3842 2703 text 0
3934 2668 3988 2682 3985 2696 3930 2682 text 0
2425 3698 2425 3679 2446 3679 2446 3698 text 0
2416 3733 2416 3702 2444 3702 2444 3733 text 0
2444 3661 2444 3608 2472 3608 2472 3661 text 0
2405 3654 2418 3602 2432 3606 2419 3658 text 0
1849 3417 1867 3417 1867 3438 1849 3438 text 0
1871 3409 1903 3409 1903 3436 1871 3436 text 0
1777 3437 1830 3437 1830 3464 1777 3464 text 0
1771 3411 1824 3398 1827 3411 1775 3425 text 0
6264 5314 6408 5314 6408 5362 6264 5362 text 0
6264 5361 6408 5361 6408 5410 6264 5410 text 0
6187 5314 6237 5314 6237 5362 6187 5362 text 0
6188 5362 6236 5362 6236 5409 6188 5409 text 0
6082 5253 6082 4810 6130 4810 6130 5253 text 0
6086 4702 6086 4683 6107 4683 6107 4702 text 0
6078 4737 6078 4706 6105 4706 6105 4737 text 0
6106 4665 6106 4612 6133 4612 6133 4665 text 0
6067 4658 6080 4606 6094 4610 6081 4662 text 0
6082 5869 6082 5398 6130 5398 6130 5869 text 0
6672 2334 6672 1891 6720 1891 6720 2334 text 0
6672 1689 6672 1652 6692 1652 6692 1689 text 0
6645 1739 6645 1686 6673 1686 6673 1739 text 0
6674 1647 6674 1616 6701 1616 6701 1647 text 0
6681 1758 6695 1704 6709 1707 6695 1761 text 0
2066 4224 2066 3781 2114 3781 2114 4224 text 0
2071 3698 2071 3679 2091 3679 2091 3698 text 0
2062 3733 2062 3702 2089 3702 2089 3733 text 0
2090 3661 2090 3608 2117 3608 2117 3661 text 0
2051 3654 2064 3602 2078 3606 2065 3658 text 0
3879 3039 3915 3039 3915 3059 3879 3059 text 0
3912 3059 3965 3059 3965 3086 3912 3086 text 0
3842 3030 3874 3030 3874 3057 3842 3057 text 0
3934 3022 3988 3036 3985 3050 3930 3037 text 0
7523 2279 7571 2279 7571 2327 7523 2327 text 0
7068 2212 7104 2212 7104 2233 7068 2233 text 0
7101 2232 7154 2232 7154 2259 7101 2259 text 0
7031 2203 7063 2203 7063 2231 7031 2231 text 0
7123 2196 7177 2209 7174 2223 7119 2210 text 0
7475 2225 7619 2225 7619 2274 7475 2274 text 0
6984 2114 7427 2114 7427 2161 6984 2161 text 0
7263 2225 7407 2225 7407 2274 7263 2274 text 0
7309 2279 7359 2279 7359 2327 7309 2327 text 0
7949 3354 8112 3354 8112 3401 7949 3401 text 0
7068 2921 7104 2921 7104 2941 7068 2941 text 0
7101 2941 7154 2941 7154 2968 7101 2968 text 0
7031 2912 7063 2912 7063 2939 7031 2939 text 0
7123 2904 7177 2918 7174 2932 7119 2919 text 0
6984 2822 7427 2822 7427 2870 6984 2870 text 0
7949 3708 8112 3708 8112 3756 7949 3756 text 0
7523 2988 7571 2988 7571 3035 7523 3035 text 0
7263 2934 7407 2934 7407 2982 7263 2982 text 0
7475 2934 7619 2934 7619 2982 7475 2982 text 0
7309 2988 7359 2988 7359 3035 7309 3035 text 0
7523 4405 7571 4405 7571 4453 7523 4453 text 0
7068 2567 7104 2567 7104 2587 7068 2587 text 0
7101 2586 7154 2586 7154 2614 7101 2614 text 0
7031 2558 7063 2558 7063 2585 7031 2585 text 0
7123 2550 7177 2563 7174 2578 7119 2564 text 0
6984 2468 7427 2468 7427 2516 6984 2516 text 0
7009 4338 7045 4338 7045 4359 7009 4359 text 0
7042 4358 7095 4358 7095 4385 7042 4385 text 0
6972 4329 7004 4329 7004 4357 6972 4357 text 0
7064 4322 7118 4335 7114 4350 7060 4336 text 0
7475 4351 7619 4351 7619 4400 7475 4400 text 0
6984 4240 7427 4240 7427 4287 6984 4287 text 0
7309 2633 7359 2633 7359 2681 7309 2681 text 0
7263 4351 7407 4351 7407 4400 7263 4400 text 0
7523 2633 7571 2633 7571 2681 7523 2681 text 0
7263 2580 7407 2580 7407 2628 7263 2628 text 0
7309 4405 7359 4405 7359 4453 7309 4453 text 0
7475 2580 7619 2580 7619 2628 7475 2628 text 0
3707 5362 3755 5362 3755 5409 3707 5409 text 0
3707 5314 3757 5314 3757 5362 3707 5362 text 0
3784 5361 3928 5361 3928 5410 3784 5410 text 0
3784 5314 3928 5314 3928 5362 3784 5362 text 0
3602 5253 3602 4810 3649 4810 3649 5253 text 0
3606 4702 3606 4683 3627 4683 3627 4702 text 0
3597 4737 3597 4706 3625 4706 3625 4737 text 0
3625 4665 3625 4612 3653 4612 3653 4665 text 0
3587 4658 3600 4606 3613 4610 3600 4662 text 0
3602 5869 3602 5398 3649 5398 3649 5869 text 0
4256 5314 4400 5314 4400 5362 4256 5362 text 0
4256 5361 4400 5361 4400 5410 4256 5410 text 0
4179 5314 4229 5314 4229 5362 4179 5362 text 0
4180 5362 4228 5362 4228 5409 4180 5409 text 0
4074 5253 4074 4810 4122 4810 4122 5253 text 0
4079 4702 4079 4683 4099 4683 4099 4702 text 0
4070 4737 4070 4706 4097 4706 4097 4737 text 0
4098 4665 4098 4612 4125 4612 4125 4665 text 0
4059 4658 4072 4606 4086 4610 4073 4662 text 0
4074 5855 4074 5412 4122 5412 4122 5855 text 0
2034 3413 2477 3413 2477 3460 2034 3460 text 0
5137 2334 5137 1891 5185 1891 5185 2334 text 0
5136 1689 5136 1652 5157 1652 5157 1689 text 0
5110 1739 5110 1686 5137 1686 5137 1739 text 0
5138 1647 5138 1616 5166 1616 5166 1647 text 0
5146 1758 5159 1704 5174 1707 5160 1761 text 0
6797 4605 6856 4605 6856 4652 6797 4652 text 0
7009 1622 7045 1622 7045 1642 7009 1642 text 0
7042 1641 7095 1641 7095 1669 7042 1669 text 0
6972 1613 7004 1613 7004 1640 6972 1640 text 0
7064 1605 7118 1619 7114 1633 7060 1619 text 0
6866 1523 7309 1523 7309 1571 6866 1571 text 0
7523 1688 7571 1688 7571 1736 7523 1736 text 0
7263 1635 7407 1635 7407 1683 7263 1683 text 0
7475 1635 7619 1635 7619 1683 7475 1683 text 0
7309 1688 7359 1688 7359 1736 7309 1736 text 0
5329 4358 5772 4358 5772 4405 5329 4405 text 0
7467 2114 7938 2114 7938 2161 7467 2161 text 0
7479 2468 7922 2468 7922 2516 7479 2516 text 0
7479 4240 7922 4240 7922 4287 7479 4287 text 0
7465 2822 7936 2822 7936 2870 7465 2870 text 0
6308 2999 6447 2999 6447 3047 6308 3047 text 0
2225 1286 2262 1286 2262 1307 2225 1307 text 0
2259 1259 2312 1259 2312 1287 2259 1287 text 0
2189 1288 2221 1288 2221 1315 2189 1315 text 0
2277 1309 2331 1295 2335 1310 2280 1323 text 0
1487 1926 1487 1908 1507 1908 1507 1926 text 0
1478 1962 1478 1930 1505 1930 1505 1962 text 0
1506 1889 1506 1836 1533 1836 1533 1889 text 0
1467 1883 1480 1831 1494 1834 1481 1886 text 0
1257 3630 1293 3630 1293 3650 1257 3650 text 0
1207 3649 1260 3649 1260 3677 1207 3677 text 0
1298 3621 1330 3621 1330 3648 1298 3648 text 0
1184 3627 1238 3613 1242 3627 1188 3641 text 0
5261 3199 5320 3199 5320 3247 5261 3247 text 0
1005 3531 1448 3531 1448 3579 1005 3579 text 0
5821 1989 5965 1989 5965 2038 5821 2038 text 0
5827 1877 6270 1877 6270 1925 5827 1925 text 0
5656 2043 5705 2043 5705 2090 5656 2090 text 0
5610 1989 5753 1989 5753 2038 5610 2038 text 0
5869 2043 5917 2043 5917 2090 5869 2090 text 0
5426 1976 5463 1976 5463 1996 5426 1996 text 0
5460 1996 5513 1996 5513 2023 5460 2023 text 0
5390 1967 5421 1967 5421 1994 5390 1994 text 0
5481 1959 5535 1973 5532 1987 5478 1974 text 0
5330 1877 5773 1877 5773 1925 5330 1925 text 0
5426 1622 5463 1622 5463 1642 5426 1642 text 0
5460 1641 5513 1641 5513 1669 5460 1669 text 0
5390 1613 5421 1613 5421 1640 5390 1640 text 0
5481 1605 5535 1619 5532 1633 5478 1619 text 0
5330 1523 5773 1523 5773 1571 5330 1571 text 0
5869 1688 5917 1688 5917 1736 5869 1736 text 0
5610 1635 5753 1635 5753 1683 5610 1683 text 0
5821 1635 5965 1635 5965 1683 5821 1683 text 0
5656 1688 5705 1688 5705 1736 5656 1736 text 0
5813 1523 6284 1523 6284 1571 5813 1571 text 0
5869 2633 5917 2633 5917 2681 5869 2681 text 0
5821 2580 5965 2580 5965 2628 5821 2628 text 0
5813 2468 6284 2468 6284 2516 5813 2516 text 0
5426 2567 5463 2567 5463 2587 5426 2587 text 0
5460 2586 5513 2586 5513 2614 5460 2614 text 0
5390 2558 5421 2558 5421 2585 5390 2585 text 0
5481 2550 5535 2563 5532 2578 5478 2564 text 0
5330 2468 5773 2468 5773 2516 5330 2516 text 0
5610 2580 5753 2580 5753 2628 5610 2628 text 0
5656 2633 5705 2633 5705 2681 5656 2681 text 0
5869 2988 5917 2988 5917 3035 5869 3035 text 0
5821 2934 5965 2934 5965 2982 5821 2982 text 0
5827 2822 6270 2822 6270 2870 5827 2870 text 0
5330 2822 5773 2822 5773 2870 5330 2870 text 0
5426 2921 5463 2921 5463 2941 5426 2941 text 0
5460 2941 5513 2941 5513 2968 5460 2968 text 0
5390 2912 5421 2912 5421 2939 5390 2939 text 0
5481 2904 5535 2918 5532 2932 5478 2919 text 0
5610 2934 5753 2934 5753 2982 5610 2982 text 0
5656 2988 5705 2988 5705 3035 5656 3035 text 0
3606 1772 3606 1754 3627 1754 3627 1772 text 0
3597 1808 3597 1776 3625 1776 3625 1808 text 0
3625 1736 3625 1683 3653 1683 3653 1736 text 0
3587 1729 3600 1677 3613 1681 3600 1733 text 0
8096 1238 8155 1238 8155 1286 8096 1286 text 0
989 3684 1039 3684 1039 3732 989 3732 text 0
826 3684 874 3684 874 3732 826 3732 text 0
966 3625 1110 3625 1110 3673 966 3673 text 0
2609 4251 2752 4251 2752 4299 2609 4299 text 0
2609 4298 2752 4298 2752 4347 2609 4347 text 0
2526 4251 2576 4251 2576 4299 2526 4299 text 0
2527 4298 2575 4298 2575 4346 2527 4346 text 0
1115 1285 1558 1285 1558 1332 1115 1332 text 0
5481 6070 5620 6070 5620 6118 5481 6118 text 0
7961 2645 8101 2645 8101 2693 7961 2693 text 0
1712 2916 1712 2445 1760 2445 1760 2916 text 0
2066 2916 2066 2445 2114 2445 2114 2916 text 0
2066 2334 2066 1891 2114 1891 2114 2334 text 0
2609 2409 2752 2409 2752 2457 2609 2457 text 0
1716 1808 1716 1790 1737 1790 1737 1808 text 0
1708 1844 1708 1812 1735 1812 1735 1844 text 0
1736 1771 1736 1718 1763 1718 1763 1771 text 0
1697 1765 1710 1712 1724 1716 1711 1768 text 0
2071 1808 2071 1790 2091 1790 2091 1808 text 0
2062 1844 2062 1812 2089 1812 2089 1844 text 0
2090 1771 2090 1718 2117 1718 2117 1771 text 0
2051 1765 2064 1712 2078 1716 2065 1768 text 0
1712 2334 1712 1891 1760 1891 1760 2334 text 0
1818 2409 1866 2409 1866 2457 1818 2457 text 0
1900 2361 2044 2361 2044 2410 1900 2410 text 0
1900 2409 2044 2409 2044 2457 1900 2457 text 0
1817 2362 1867 2362 1867 2409 1817 2409 text 0
2527 2409 2575 2409 2575 2457 2527 2457 text 0
2609 2361 2752 2361 2752 2410 2609 2410 text 0
2172 2409 2220 2409 2220 2456 2172 2456 text 0
2171 2362 2221 2362 2221 2409 2171 2409 text 0
2425 1808 2425 1790 2446 1790 2446 1808 text 0
2416 1844 2416 1812 2444 1812 2444 1844 text 0
2444 1771 2444 1718 2472 1718 2472 1771 text 0
2405 1765 2418 1712 2432 1716 2419 1768 text 0
2254 2409 2398 2409 2398 2457 2254 2457 text 0
2254 2361 2398 2361 2398 2410 2254 2410 text 0
2421 2334 2421 1891 2468 1891 2468 2334 text 0
2526 2362 2576 2362 2576 2409 2526 2409 text 0
2421 2916 2421 2445 2468 2445 2468 2916 text 0
4773 2763 4911 2763 4911 2811 4773 2811 text 0
4278 2938 4749 2938 4749 2986 4278 2986 text 0
4073 3046 4217 3046 4217 3095 4073 3095 text 0
4286 3046 4430 3046 4430 3095 4286 3095 text 0
4120 3106 4170 3106 4170 3153 4120 3153 text 0
4334 3106 4382 3106 4382 3153 4334 3153 text 0
4744 3106 4937 3106 4937 3153 4744 3153 text 0
6929 1369 7007 1369 7007 1417 6929 1417 text 0
1906 1521 2349 1521 2349 1569 1906 1569 text 0
1682 1522 1718 1522 1718 1543 1682 1543 text 0
1716 1496 1769 1496 1769 1523 1716 1523 text 0
1646 1524 1677 1524 1677 1552 1646 1552 text 0
1734 1545 1788 1532 1791 1546 1737 1559 text 0
3602 2334 3602 1891 3649 1891 3649 2334 text 0
3795 2938 4238 2938 4238 2986 3795 2986 text 0
778 3625 922 3625 922 3673 778 3673 text 0
1690 3117 1853 3117 1853 3165 1690 3165 text 0
2044 3117 2207 3117 2207 3165 2044 3165 text 0
2400 3117 2560 3117 2560 3165 2400 3165 text 0
1476 2452 1476 2009 1523 2009 1523 2452 text 0
315 3472 511 3472 511 3520 315 3520 text 0
4773 1700 4911 1700 4911 1748 4773 1748 text 0
2046 5007 2205 5007 2205 5055 2046 5055 text 0
2400 5007 2559 5007 2559 5055 2400 5055 text 0
7068 3984 7104 3984 7104 4004 7068 4004 text 0
7101 4004 7154 4004 7154 4031 7101 4031 text 0
7031 3975 7063 3975 7063 4002 7031 4002 text 0
7123 3967 7177 3981 7174 3995 7119 3982 text 0
6984 3885 7427 3885 7427 3933 6984 3933 text 0
7523 4051 7571 4051 7571 4098 7523 4098 text 0
7263 3997 7407 3997 7407 4045 7263 4045 text 0
7475 3997 7619 3997 7619 4045 7475 4045 text 0
7309 4051 7359 4051 7359 4098 7309 4098 text 0
7465 3885 7936 3885 7936 3933 7465 3933 text 0
6031 6017 6251 6017 6251 6065 6031 6065 text 0
6085 5957 6198 5957 6198 6007 6085 6007 text 0
6085 5897 6198 5897 6198 5949 6085 5949 text 0
6045 6070 6238 6070 6238 6118 6045 6118 text 0
7921 4363 8141 4363 8141 4412 7921 4412 text 0
7974 4303 8087 4303 8087 4354 7974 4354 text 0
7974 4244 8087 4244 8087 4295 7974 4295 text 0
7934 4417 8127 4417 8127 4464 7934 4464 text 0
3551 6017 3771 6017 3771 6065 3551 6065 text 0
3604 5957 3717 5957 3717 6007 3604 6007 text 0
3604 5897 3717 5897 3717 5949 3604 5949 text 0
3563 6070 3758 6070 3758 6118 3563 6118 text 0
5491 5253 5491 4810 5539 4810 5539 5253 text 0
5598 5362 5645 5362 5645 5409 5598 5409 text 0
5597 5314 5646 5314 5646 5362 5597 5362 text 0
5674 5361 5817 5361 5817 5410 5674 5410 text 0
5491 5855 5491 5384 5539 5384 5539 5855 text 0
5674 5314 5817 5314 5817 5362 5674 5362 text 0
5496 4702 5496 4683 5516 4683 5516 4702 text 0
5487 4737 5487 4706 5514 4706 5514 4737 text 0
5515 4665 5515 4612 5542 4612 5542 4665 text 0
5476 4658 5489 4606 5503 4610 5490 4662 text 0
489 3531 932 3531 932 3579 489 3579 text 0
