2810 2589 2810 2496 2858 2496 2858 2589 ball_valve 0
2810 2951 2810 2859 2858 2859 2858 2951 ball_valve 0
3425 5364 3425 5366 3377 5366 3377 5364 blind_flange 0
2810 2833 2810 2741 2858 2741 2858 2833 check_valve 0
2657 2300 2657 2393 2610 2393 2610 2300 check_valve 0
2728 4190 2728 4283 2681 4283 2681 4190 check_valve 0
2716 5253 2716 5346 2669 5346 2669 5253 check_valve 0
2988 6186 2988 6279 2940 6279 2940 6186 check_valve 0
2988 1356 2988 1448 2940 1448 2940 1356 check_valve 0
3046 3968 2953 3968 2953 3921 3046 3921 check_valve 0
2880 5031 2788 5031 2788 4984 2880 4984 check_valve 0
2880 3968 2788 3968 2788 3921 2880 3921 check_valve 0
2753 1086 2845 1086 2845 1133 2753 1133 check_valve 0
2788 5929 2880 5929 2880 5976 2788 5976 check_valve 0
3046 5031 2953 5031 2953 4984 3046 4984 check_valve 0
3046 3023 2953 3023 2953 2976 3046 2976 check_valve 0
2845 2078 2753 2078 2753 2031 2845 2031 check_valve 0
3496 1967 3589 1967 3589 2000 3496 2000 chemical_seal_diaphragm 0
4559 1007 4652 1007 4652 1040 4559 1040 chemical_seal_diaphragm 0
4559 4905 4652 4905 4652 4938 4559 4938 chemical_seal_diaphragm 0
3496 4920 3589 4920 3589 4953 3496 4953 chemical_seal_diaphragm 0
3851 4920 3944 4920 3944 4953 3851 4953 chemical_seal_diaphragm 0
4559 3842 4652 3842 4652 3875 4559 3875 chemical_seal_diaphragm 0
3851 3857 3944 3857 3944 3890 3851 3890 chemical_seal_diaphragm 0
3496 3857 3589 3857 3589 3890 3496 3890 chemical_seal_diaphragm 0
3496 1022 3589 1022 3589 1055 3496 1055 chemical_seal_diaphragm 0
3851 1022 3944 1022 3944 1055 3851 1055 chemical_seal_diaphragm 0
3851 5865 3944 5865 3944 5898 3851 5898 chemical_seal_diaphragm 0
3496 5865 3589 5865 3589 5898 3496 5898 chemical_seal_diaphragm 0
4559 5850 4652 5850 4652 5883 4559 5883 chemical_seal_diaphragm 0
3496 2912 3589 2912 3589 2945 3496 2945 chemical_seal_diaphragm 0
3024 1820 2904 1820 2904 1607 3024 1607 closed_drain_connectors 0
2573 2552 2694 2552 2694 2765 2573 2765 closed_drain_connectors 0
2632 5505 2753 5505 2753 5717 2632 5717 closed_drain_connectors 0
2764 4654 2644 4654 2644 4442 2764 4442 closed_drain_connectors 0
3024 6662 2904 6662 2904 6450 3024 6450 closed_drain_connectors 0
2858 2579 2858 2611 2728 2611 2728 2579 closed_figure_8_blind 0
2858 6196 2858 6164 2988 6164 2988 6196 closed_figure_8_blind 0
2527 2310 2527 2278 2657 2278 2657 2310 closed_figure_8_blind 0
2586 5263 2586 5231 2716 5231 2716 5263 closed_figure_8_blind 0
2858 1365 2858 1333 2988 1333 2988 1365 closed_figure_8_blind 0
2598 4200 2598 4168 2728 4168 2728 4200 closed_figure_8_blind 0
3425 5244 3425 5276 3295 5276 3295 5244 closed_figure_8_blind 0
4157 2078 4110 2078 4110 2031 4157 2031 concentric_reducer 0
4346 2031 4393 2031 4393 2078 4346 2078 concentric_reducer 0
4175 3396 4328 3396 4328 3548 4175 3548 discrete_instruments_field_mounted 0
4175 4459 4328 4459 4328 4611 4175 4611 discrete_instruments_field_mounted 0
4530 3616 4682 3616 4682 3769 4530 3769 discrete_instruments_field_mounted 0
3467 3640 3619 3640 3619 3792 3467 3792 discrete_instruments_field_mounted 0
3821 3640 3973 3640 3973 3792 3821 3792 discrete_instruments_field_mounted 0
4530 781 4682 781 4682 934 4530 934 discrete_instruments_field_mounted 0
4175 3675 4328 3675 4328 3828 4175 3828 discrete_instruments_field_mounted 0
3467 805 3619 805 3619 957 3467 957 discrete_instruments_field_mounted 0
3821 805 3973 805 3973 957 3821 957 discrete_instruments_field_mounted 0
4175 561 4328 561 4328 714 4175 714 discrete_instruments_field_mounted 0
4175 840 4328 840 4328 993 4175 993 discrete_instruments_field_mounted 0
4175 5404 4328 5404 4328 5556 4175 5556 discrete_instruments_field_mounted 0
4175 5683 4328 5683 4328 5836 4175 5836 discrete_instruments_field_mounted 0
3467 5648 3619 5648 3619 5800 3467 5800 discrete_instruments_field_mounted 0
4175 1506 4328 1506 4328 1658 4175 1658 discrete_instruments_field_mounted 0
4175 1785 4328 1785 4328 1938 4175 1938 discrete_instruments_field_mounted 0
4530 5624 4682 5624 4682 5776 4530 5776 discrete_instruments_field_mounted 0
3821 5648 3973 5648 3973 5800 3821 5800 discrete_instruments_field_mounted 0
3821 2451 3973 2451 3973 2603 3821 2603 discrete_instruments_field_mounted 0
3821 2730 3973 2730 3973 2883 3821 2883 discrete_instruments_field_mounted 0
3467 2695 3619 2695 3619 2847 3467 2847 discrete_instruments_field_mounted 0
3467 1750 3619 1750 3619 1902 3467 1902 discrete_instruments_field_mounted 0
4530 4679 4682 4679 4682 4832 4530 4832 discrete_instruments_field_mounted 0
3467 4703 3619 4703 3619 4855 3467 4855 discrete_instruments_field_mounted 0
4175 4738 4328 4738 4328 4891 4175 4891 discrete_instruments_field_mounted 0
3821 4703 3973 4703 3973 4855 3821 4855 discrete_instruments_field_mounted 0
2988 6149 2988 6166 2940 6166 2940 6149 flange 0
2728 4153 2728 4170 2681 4170 2681 4153 flange 0
2716 5216 2716 5233 2669 5233 2669 5216 flange 0
2988 1318 2988 1335 2940 1335 2940 1318 flange 0
2657 2263 2657 2280 2610 2280 2610 2263 flange 0
2810 2626 2810 2609 2858 2609 2858 2626 flange 0
2616 3968 2598 3968 2598 3921 2616 3921 flange 0
2526 1133 2508 1133 2508 1086 2526 1086 flange 0
2526 5976 2508 5976 2508 5929 2526 5929 flange 0
3425 5229 3425 5246 3377 5246 3377 5229 flange 0
2526 2078 2508 2078 2508 2031 2526 2031 flange 0
2526 3023 2508 3023 2508 2976 2526 2976 flange 0
2616 5031 2598 5031 2598 4984 2616 4984 flange 0
2988 6001 2988 6093 2940 6093 2940 6001 gate_valve 0
2988 6276 2988 6369 2940 6369 2940 6276 gate_valve 0
2657 2103 2657 2195 2610 2195 2610 2103 gate_valve 0
2728 4280 2728 4373 2681 4373 2681 4280 gate_valve 0
2728 3993 2728 4085 2681 4085 2681 3993 gate_valve 0
2657 2390 2657 2483 2610 2483 2610 2390 gate_valve 0
2988 1446 2988 1538 2940 1538 2940 1446 gate_valve 0
2988 1158 2988 1250 2940 1250 2940 1158 gate_valve 0
2716 5343 2716 5436 2669 5436 2669 5343 gate_valve 0
2716 5056 2716 5148 2669 5148 2669 5056 gate_valve 0
3350 3921 3443 3921 3443 3968 3350 3968 gate_valve 0
2488 5031 2396 5031 2396 4984 2488 4984 gate_valve 0
3425 5044 3425 5136 3377 5136 3377 5044 gate_valve 0
3377 5359 3377 5266 3425 5266 3425 5359 gate_valve 0
2488 3023 2396 3023 2396 2976 2488 2976 gate_valve 0
2488 2078 2396 2078 2396 2031 2488 2031 gate_valve 0
2486 4984 2578 4984 2578 5031 2486 5031 gate_valve 0
3232 5031 3140 5031 3140 4984 3232 4984 gate_valve 0
2488 3968 2396 3968 2396 3921 2488 3921 gate_valve 0
3142 3921 3235 3921 3235 3968 3142 3968 gate_valve 0
3176 2078 3083 2078 3083 2031 3176 2031 gate_valve 0
2486 3921 2578 3921 2578 3968 2486 3968 gate_valve 0
3083 5929 3176 5929 3176 5976 3083 5976 gate_valve 0
3322 5031 3230 5031 3230 4984 3322 4984 gate_valve 0
2396 1086 2488 1086 2488 1133 2396 1133 gate_valve 0
3083 1086 3176 1086 3176 1133 3083 1133 gate_valve 0
2488 5976 2396 5976 2396 5929 2488 5929 gate_valve 0
3282 3023 3190 3023 3190 2976 3282 2976 gate_valve 0
7605 5921 8150 5921 8150 5984 7605 5984 off_page_connector 0
7605 1079 8150 1079 8150 1141 7605 1141 off_page_connector 0
8150 2086 7605 2086 7605 2024 8150 2024 off_page_connector 0
8150 3031 7605 3031 7605 2968 8150 2968 off_page_connector 0
8150 5039 7605 5039 7605 4976 8150 4976 off_page_connector 0
8150 3976 7605 3976 7605 3913 8150 3913 off_page_connector 0
898 2086 353 2086 353 2024 898 2024 off_plot_connector 0
353 1079 898 1079 898 1141 353 1141 off_plot_connector 0
898 3031 353 3031 353 2968 898 2968 off_plot_connector 0
353 5921 898 5921 898 5984 353 5984 off_plot_connector 0
898 5039 353 5039 353 4976 898 4976 off_plot_connector 0
898 3976 353 3976 353 3913 898 3913 off_plot_connector 0
2601 5031 2568 5031 2568 4901 2601 4901 open_figure_8_blind 0
2511 5976 2478 5976 2478 5846 2511 5846 open_figure_8_blind 0
2511 2078 2478 2078 2478 1949 2511 1949 open_figure_8_blind 0
4590 1086 4622 1086 4622 1133 4590 1133 restriction_orifice 0
4622 5031 4590 5031 4590 4984 4622 4984 restriction_orifice 0
4590 3921 4622 3921 4622 3968 4590 3968 restriction_orifice 0
4590 5929 4622 5929 4622 5976 4590 5976 restriction_orifice 0
4175 1211 4328 1211 4328 1363 4175 1363 shared_display_and_control_primary_location_normally_accessible_to_an_operator 0
4175 266 4328 266 4328 418 4175 418 shared_display_and_control_primary_location_normally_accessible_to_an_operator 0
4884 3101 5036 3101 5036 3253 4884 3253 shared_display_and_control_primary_location_normally_accessible_to_an_operator 0
4884 266 5036 266 5036 418 4884 418 shared_display_and_control_primary_location_normally_accessible_to_an_operator 0
4530 266 4682 266 4682 418 4530 418 shared_display_and_control_primary_location_normally_accessible_to_an_operator 0
3821 4459 3973 4459 3973 4611 3821 4611 shared_display_and_control_primary_location_normally_accessible_to_an_operator 0
4530 4431 4682 4431 4682 4584 4530 4584 shared_display_and_control_primary_location_normally_accessible_to_an_operator 0
4175 4164 4328 4164 4328 4316 4175 4316 shared_display_and_control_primary_location_normally_accessible_to_an_operator 0
4530 4164 4682 4164 4682 4316 4530 4316 shared_display_and_control_primary_location_normally_accessible_to_an_operator 0
4175 3101 4328 3101 4328 3253 4175 3253 shared_display_and_control_primary_location_normally_accessible_to_an_operator 0
4530 3368 4682 3368 4682 3520 4530 3520 shared_display_and_control_primary_location_normally_accessible_to_an_operator 0
3821 561 3973 561 3973 714 3821 714 shared_display_and_control_primary_location_normally_accessible_to_an_operator 0
3821 3396 3973 3396 3973 3548 3821 3548 shared_display_and_control_primary_location_normally_accessible_to_an_operator 0
4530 5376 4682 5376 4682 5528 4530 5528 shared_display_and_control_primary_location_normally_accessible_to_an_operator 0
3821 2167 3973 2167 3973 2320 3821 2320 shared_display_and_control_primary_location_normally_accessible_to_an_operator 0
4884 5109 5036 5109 5036 5261 4884 5261 shared_display_and_control_primary_location_normally_accessible_to_an_operator 0
4530 3101 4682 3101 4682 3253 4530 3253 shared_display_and_control_primary_location_normally_accessible_to_an_operator 0
4884 4164 5036 4164 5036 4316 4884 4316 shared_display_and_control_primary_location_normally_accessible_to_an_operator 0
3821 5404 3973 5404 3973 5556 3821 5556 shared_display_and_control_primary_location_normally_accessible_to_an_operator 0
4175 5109 4328 5109 4328 5261 4175 5261 shared_display_and_control_primary_location_normally_accessible_to_an_operator 0
4530 5109 4682 5109 4682 5261 4530 5261 shared_display_and_control_primary_location_normally_accessible_to_an_operator 0
4530 533 4682 533 4682 686 4530 686 shared_display_and_control_primary_location_normally_accessible_to_an_operator 0
2568 3868 2601 3868 2601 3968 2568 3968 spacer 0
2478 1034 2511 1034 2511 1133 2478 1133 spacer 0
2478 2923 2511 2923 2511 3023 2478 3023 spacer 0
2894 2410 2774 2410 2774 2290 2894 2290 utility_conenction 0
2951 2664 2951 2698 2833 2698 2833 2664 ball_valve_with_flange 0
3518 5168 3518 5201 3400 5201 3400 5168 gate_valve_with_flange 0
2700 5951 2733 5951 2733 6070 2700 6070 gate_valve_with_flange 0
2617 1109 2650 1109 2650 1227 2617 1227 gate_valve_with_flange 0
2969 2172 2936 2172 2936 2054 2969 2054 gate_valve_with_flange 0
3101 2998 3134 2998 3134 3117 3101 3117 gate_valve_with_flange 0
2933 4062 2900 4062 2900 3943 2933 3943 gate_valve_with_flange 0
3110 4062 3077 4062 3077 3943 3110 3943 gate_valve_with_flange 0
2933 5125 2900 5125 2900 5006 2933 5006 gate_valve_with_flange 0
3110 5125 3077 5125 3077 5006 3110 5006 gate_valve_with_flange 0
2030 934 2599 934 2599 981 2030 981 spec_break 0
4696 4814 4846 4814 4846 4964 4696 4964 annotation 0
4672 917 4822 917 4822 1067 4672 1067 annotation 0
4672 5759 4822 5759 4822 5909 4672 5909 annotation 0
4672 3751 4822 3751 4822 3901 4672 3901 annotation 0
4340 1198 4364 1198 4364 1246 4340 1246 text 0
4224 1215 4279 1215 4279 1263 4224 1263 text 0
4210 1306 4293 1306 4293 1354 4210 1354 text 0
4237 1255 4266 1255 4266 1303 4237 1303 text 0
4340 253 4364 253 4364 301 4340 301 text 0
4224 270 4279 270 4279 318 4224 318 text 0
4203 361 4299 361 4299 409 4203 409 text 0
4237 310 4266 310 4266 358 4237 358 text 0
4340 383 4359 383 4359 430 4340 430 text 0
4224 3407 4279 3407 4279 3455 4224 3455 text 0
4210 3490 4293 3490 4293 3537 4210 3537 text 0
4231 3448 4272 3448 4272 3496 4231 3496 text 0
4224 4470 4279 4470 4279 4518 4224 4518 text 0
4210 4553 4293 4553 4293 4600 4210 4600 text 0
4231 4511 4272 4511 4272 4559 4231 4559 text 0
4578 3627 4634 3627 4634 3675 4578 3675 text 0
4564 3710 4648 3710 4648 3758 4564 3758 text 0
4585 3668 4626 3668 4626 3716 4585 3716 text 0
3515 3651 3571 3651 3571 3698 3515 3698 text 0
3501 3733 3585 3733 3585 3781 3501 3781 text 0
3519 3692 3567 3692 3567 3740 3519 3740 text 0
3869 3651 3925 3651 3925 3698 3869 3698 text 0
3855 3733 3939 3733 3939 3781 3855 3781 text 0
3876 3692 3918 3692 3918 3740 3876 3740 text 0
5049 3088 5073 3088 5073 3136 5049 3136 text 0
4932 3105 4988 3105 4988 3153 4932 3153 text 0
4912 3196 5008 3196 5008 3244 4912 3244 text 0
4945 3145 4975 3145 4975 3193 4945 3193 text 0
5049 3218 5067 3218 5067 3266 5049 3266 text 0
5049 383 5067 383 5067 431 5049 431 text 0
4932 270 4988 270 4988 318 4932 318 text 0
4912 361 5008 361 5008 409 4912 409 text 0
4945 310 4975 310 4975 358 4945 358 text 0
4578 270 4634 270 4634 318 4578 318 text 0
4564 361 4648 361 4648 409 4564 409 text 0
4585 310 4627 310 4627 358 4585 358 text 0
4578 792 4634 792 4634 840 4578 840 text 0
4564 875 4648 875 4648 923 4564 923 text 0
4585 834 4626 834 4626 881 4585 881 text 0
3869 4463 3925 4463 3925 4511 3869 4511 text 0
3855 4554 3939 4554 3939 4602 3855 4602 text 0
3882 4504 3913 4504 3913 4551 3882 4551 text 0
4578 4436 4634 4436 4634 4483 4578 4483 text 0
4564 4527 4648 4527 4648 4574 4564 4574 text 0
4591 4476 4621 4476 4621 4524 4591 4524 text 0
4340 4281 4359 4281 4359 4329 4340 4329 text 0
4224 4168 4279 4168 4279 4216 4224 4216 text 0
4210 4259 4293 4259 4293 4307 4210 4307 text 0
4237 4208 4266 4208 4266 4256 4237 4256 text 0
4578 4168 4634 4168 4634 4216 4578 4216 text 0
4564 4259 4648 4259 4648 4307 4564 4307 text 0
4585 4208 4627 4208 4627 4256 4585 4256 text 0
4340 3218 4359 3218 4359 3266 4340 3266 text 0
4224 3105 4279 3105 4279 3153 4224 3153 text 0
4210 3196 4293 3196 4293 3244 4210 3244 text 0
4237 3145 4266 3145 4266 3193 4237 3193 text 0
4578 3373 4634 3373 4634 3420 4578 3420 text 0
4564 3464 4648 3464 4648 3511 4564 3511 text 0
4591 3413 4621 3413 4621 3460 4591 3460 text 0
4224 3686 4279 3686 4279 3734 4224 3734 text 0
4210 3769 4293 3769 4293 3817 4210 3817 text 0
4230 3728 4273 3728 4273 3775 4230 3775 text 0
3515 816 3571 816 3571 864 3515 864 text 0
3501 899 3585 899 3585 946 3501 946 text 0
3519 857 3567 857 3567 905 3519 905 text 0
3986 678 4004 678 4004 726 3986 726 text 0
3869 566 3925 566 3925 613 3869 613 text 0
3855 657 3939 657 3939 704 3855 704 text 0
3882 606 3913 606 3913 653 3882 653 text 0
3869 3400 3925 3400 3925 3448 3869 3448 text 0
3855 3491 3939 3491 3939 3539 3855 3539 text 0
3882 3441 3913 3441 3913 3488 3882 3488 text 0
3869 816 3925 816 3925 864 3869 864 text 0
3855 899 3939 899 3939 946 3855 946 text 0
3876 857 3918 857 3918 905 3876 905 text 0
4224 572 4279 572 4279 620 4224 620 text 0
4210 655 4293 655 4293 703 4210 703 text 0
4231 613 4272 613 4272 661 4231 661 text 0
4224 851 4279 851 4279 899 4224 899 text 0
4210 934 4293 934 4293 982 4210 982 text 0
4230 893 4273 893 4273 941 4230 941 text 0
4224 5415 4279 5415 4279 5463 4224 5463 text 0
4210 5497 4293 5497 4293 5545 4210 5545 text 0
4231 5456 4272 5456 4272 5504 4231 5504 text 0
4224 5694 4279 5694 4279 5742 4224 5742 text 0
4210 5777 4293 5777 4293 5825 4210 5825 text 0
4230 5735 4273 5735 4273 5783 4230 5783 text 0
3515 5659 3571 5659 3571 5706 3515 5706 text 0
3501 5741 3585 5741 3585 5789 3501 5789 text 0
3519 5700 3567 5700 3567 5748 3519 5748 text 0
4578 5381 4634 5381 4634 5428 4578 5428 text 0
4564 5472 4648 5472 4648 5519 4564 5519 text 0
4591 5421 4621 5421 4621 5468 4591 5468 text 0
4224 1517 4279 1517 4279 1565 4224 1565 text 0
4210 1600 4293 1600 4293 1647 4210 1647 text 0
4231 1558 4272 1558 4272 1606 4231 1606 text 0
3869 2172 3925 2172 3925 2220 3869 2220 text 0
3855 2263 3939 2263 3939 2311 3855 2311 text 0
3882 2212 3912 2212 3912 2260 3882 2260 text 0
5049 5226 5067 5226 5067 5274 5049 5274 text 0
4932 5113 4988 5113 4988 5161 4932 5161 text 0
4912 5204 5008 5204 5008 5252 4912 5252 text 0
4945 5153 4975 5153 4975 5201 4945 5201 text 0
4578 3105 4634 3105 4634 3153 4578 3153 text 0
4564 3196 4648 3196 4648 3244 4564 3244 text 0
4585 3145 4627 3145 4627 3193 4585 3193 text 0
5049 4281 5067 4281 5067 4329 5049 4329 text 0
4932 4168 4988 4168 4988 4216 4932 4216 text 0
4912 4259 5008 4259 5008 4307 4912 4307 text 0
4945 4208 4975 4208 4975 4256 4945 4256 text 0
3869 5408 3925 5408 3925 5456 3869 5456 text 0
3855 5499 3939 5499 3939 5547 3855 5547 text 0
3882 5448 3913 5448 3913 5496 3882 5496 text 0
4340 5226 4359 5226 4359 5274 4340 5274 text 0
4224 5113 4279 5113 4279 5161 4224 5161 text 0
4210 5204 4293 5204 4293 5252 4210 5252 text 0
4237 5153 4266 5153 4266 5201 4237 5201 text 0
4578 5113 4634 5113 4634 5161 4578 5161 text 0
4564 5204 4648 5204 4648 5252 4564 5252 text 0
4585 5153 4627 5153 4627 5201 4585 5201 text 0
4224 1796 4279 1796 4279 1844 4224 1844 text 0
4210 1879 4293 1879 4293 1927 4210 1927 text 0
4230 1838 4273 1838 4273 1885 4230 1885 text 0
4578 538 4634 538 4634 586 4578 586 text 0
4564 629 4648 629 4648 677 4564 677 text 0
4591 578 4621 578 4621 626 4591 626 text 0
4578 5635 4634 5635 4634 5683 4578 5683 text 0
4564 5718 4648 5718 4648 5765 4564 5765 text 0
4585 5676 4626 5676 4626 5724 4585 5724 text 0
3869 5659 3925 5659 3925 5706 3869 5706 text 0
3855 5741 3939 5741 3939 5789 3855 5789 text 0
3876 5700 3918 5700 3918 5748 3876 5748 text 0
3869 2462 3925 2462 3925 2510 3869 2510 text 0
3855 2545 3939 2545 3939 2592 3855 2592 text 0
3877 2503 3918 2503 3918 2551 3877 2551 text 0
3869 2741 3925 2741 3925 2789 3869 2789 text 0
3855 2824 3939 2824 3939 2872 3855 2872 text 0
3876 2783 3918 2783 3918 2830 3876 2830 text 0
3515 2706 3571 2706 3571 2754 3515 2754 text 0
3501 2789 3585 2789 3585 2836 3501 2836 text 0
3519 2747 3567 2747 3567 2795 3519 2795 text 0
3515 1761 3571 1761 3571 1809 3515 1809 text 0
3501 1844 3585 1844 3585 1891 3501 1891 text 0
3519 1802 3567 1802 3567 1850 3519 1850 text 0
4578 4690 4634 4690 4634 4738 4578 4738 text 0
4564 4773 4648 4773 4648 4821 4564 4821 text 0
4585 4732 4626 4732 4626 4779 4585 4779 text 0
3515 4714 3571 4714 3571 4762 3515 4762 text 0
3501 4796 3585 4796 3585 4844 3501 4844 text 0
3519 4755 3567 4755 3567 4803 3519 4803 text 0
4224 4749 4279 4749 4279 4797 4224 4797 text 0
4210 4832 4293 4832 4293 4880 4210 4880 text 0
4230 4791 4273 4791 4273 4838 4230 4838 text 0
3869 4714 3925 4714 3925 4762 3869 4762 text 0
3855 4796 3939 4796 3939 4844 3855 4844 text 0
3876 4755 3918 4755 3918 4803 3876 4803 text 0
7606 5874 8149 5874 8149 5922 7606 5922 text 0
7606 5982 8149 5982 8149 6030 7606 6030 text 0
7618 5928 7759 5928 7759 5977 7618 5977 text 0
7783 5928 8114 5928 8114 5977 7783 5977 text 0
2908 1704 3021 1704 3021 1755 2908 1755 text 0
2834 1823 3094 1823 3094 1873 2834 1873 text 0
2908 1764 3021 1764 3021 1814 2908 1814 text 0
2577 2649 2690 2649 2690 2700 2577 2700 text 0
2503 2768 2763 2768 2763 2818 2503 2818 text 0
2577 2709 2690 2709 2690 2759 2577 2759 text 0
2636 5602 2749 5602 2749 5653 2636 5653 text 0
2562 5720 2822 5720 2822 5771 2562 5771 text 0
2636 5661 2749 5661 2749 5712 2636 5712 text 0
2648 4539 2761 4539 2761 4590 2648 4590 text 0
2574 4657 2834 4657 2834 4708 2574 4708 text 0
2648 4598 2761 4598 2761 4649 2648 4649 text 0
2908 6547 3021 6547 3021 6598 2908 6598 text 0
2834 6665 3094 6665 3094 6716 2834 6716 text 0
2908 6606 3021 6606 3021 6657 2908 6657 text 0
7606 1032 8149 1032 8149 1079 7606 1079 text 0
7606 1140 8149 1140 8149 1187 7606 1187 text 0
7618 1086 7759 1086 7759 1134 7618 1134 text 0
7783 1086 8114 1086 8114 1134 7783 1134 text 0
7606 1977 8149 1977 8149 2024 7606 2024 text 0
7606 2085 8149 2085 8149 2132 7606 2132 text 0
7996 2031 8137 2031 8137 2079 7996 2079 text 0
7641 2031 7972 2031 7972 2079 7641 2079 text 0
7606 2922 8149 2922 8149 2969 7606 2969 text 0
7606 3030 8149 3030 8149 3077 7606 3077 text 0
7996 2975 8137 2975 8137 3024 7996 3024 text 0
7641 2975 7972 2975 7972 3024 7641 3024 text 0
354 1977 897 1977 897 2024 354 2024 text 0
354 2085 897 2085 897 2132 354 2132 text 0
744 2031 885 2031 885 2079 744 2079 text 0
393 2031 724 2031 724 2079 393 2079 text 0
354 1140 897 1140 897 1187 354 1187 text 0
366 1086 507 1086 507 1134 366 1134 text 0
527 1086 858 1086 858 1134 527 1134 text 0
354 2922 897 2922 897 2969 354 2969 text 0
354 3030 897 3030 897 3077 354 3077 text 0
744 2975 885 2975 885 3024 744 3024 text 0
393 2975 724 2975 724 3024 393 3024 text 0
2704 2236 2964 2236 2964 2287 2704 2287 text 0
2778 2295 2891 2295 2891 2346 2778 2346 text 0
2778 2354 2891 2354 2891 2405 2778 2405 text 0
354 5874 897 5874 897 5922 354 5922 text 0
354 5982 897 5982 897 6030 354 6030 text 0
366 5928 507 5928 507 5977 366 5977 text 0
527 5928 858 5928 858 5977 527 5977 text 0
354 4930 897 4930 897 4977 354 4977 text 0
354 5038 897 5038 897 5085 354 5085 text 0
744 4983 885 4983 885 5032 744 5032 text 0
393 4983 724 4983 724 5032 393 5032 text 0
354 3974 897 3974 897 4022 354 4022 text 0
744 3920 885 3920 885 3969 744 3969 text 0
393 3920 724 3920 724 3969 393 3969 text 0
7606 4930 8149 4930 8149 4977 7606 4977 text 0
7606 5038 8149 5038 8149 5085 7606 5085 text 0
7996 4983 8137 4983 8137 5032 7996 5032 text 0
7641 4983 7972 4983 7972 5032 7641 5032 text 0
7606 3866 8149 3866 8149 3914 7606 3914 text 0
7606 3974 8149 3974 8149 4022 7606 4022 text 0
7996 3920 8137 3920 8137 3969 7996 3969 text 0
7641 3920 7972 3920 7972 3969 7641 3969 text 0
2750 4083 3225 4083 3225 4131 2750 4131 text 0
2762 5146 3237 5146 3237 5194 2762 5194 text 0
2891 2882 2921 2882 2921 2929 2891 2929 text 0
3026 6072 3501 6072 3501 6119 3026 6119 text 0
2724 4016 2782 4016 2782 4063 2724 4063 text 0
2983 6024 3042 6024 3042 6071 2983 6071 text 0
2712 5079 2770 5079 2770 5126 2712 5126 text 0
2881 2416 3306 2416 3306 2464 2881 2464 text 0
2889 2610 2947 2610 2947 2658 2889 2658 text 0
2653 2126 2711 2126 2711 2173 2653 2173 text 0
2983 1181 3042 1181 3042 1229 2983 1229 text 0
2703 2183 3178 2183 3178 2230 2703 2230 text 0
3034 1224 3508 1224 3508 1272 3034 1272 text 0
1355 4946 1790 4946 1790 4994 1355 4994 text 0
6693 4946 7129 4946 7129 4994 6693 4994 text 0
2452 897 2508 897 2508 945 2452 945 text 0
2287 897 2342 897 2342 945 2287 945 text 0
4743 4824 4799 4824 4799 4872 4743 4872 text 0
4750 4866 4792 4866 4792 4913 4750 4913 text 0
4729 4907 4813 4907 4813 4955 4729 4955 text 0
1293 5891 1740 5891 1740 5939 1293 5939 text 0
1298 3883 1752 3883 1752 3931 1298 3931 text 0
1298 2938 1721 2938 1721 2986 1298 2986 text 0
1294 1993 1742 1993 1742 2041 1294 2041 text 0
1294 1048 1757 1048 1757 1096 1294 1096 text 0
3422 5289 3453 5289 3453 5337 3422 5337 text 0
3422 5067 3453 5067 3453 5115 3422 5115 text 0
3456 5209 3514 5209 3514 5256 3456 5256 text 0
6677 2940 7100 2940 7100 2988 6677 2988 text 0
6665 1995 7113 1995 7113 2043 6665 2043 text 0
6657 1050 7120 1050 7120 1098 6657 1098 text 0
4235 2071 4266 2071 4266 2119 4235 2119 text 0
2735 6012 2794 6012 2794 6059 2735 6059 text 0
6665 5893 7112 5893 7112 5941 6665 5941 text 0
6662 3883 7116 3883 7116 3931 6662 3931 text 0
4720 926 4775 926 4775 974 4720 974 text 0
4726 968 4769 968 4769 1016 4726 1016 text 0
4706 1009 4789 1009 4789 1057 4706 1057 text 0
4720 5769 4775 5769 4775 5817 4720 5817 text 0
4726 5810 4769 5810 4769 5858 4726 5858 text 0
4706 5852 4789 5852 4789 5900 4706 5900 text 0
4720 3761 4775 3761 4775 3809 4720 3809 text 0
4726 3803 4769 3803 4769 3850 4726 3850 text 0
4706 3844 4789 3844 4789 3892 4706 3892 text 0
2653 1169 2711 1169 2711 1217 2653 1217 text 0
2973 2111 3031 2111 3031 2159 2973 2159 text 0
3090 3118 3148 3118 3148 3166 3090 3166 text 0
2945 4000 3003 4000 3003 4048 2945 4048 text 0
3122 4000 3180 4000 3180 4048 3122 4048 text 0
2936 5067 2994 5067 2994 5115 2936 5115 text 0
3113 5067 3172 5067 3172 5115 3113 5115 text 0
2775 1877 2846 1877 2846 1925 2775 1925 text 0
2940 3058 3062 3058 3062 3106 2940 3106 text 0
2763 3117 2834 3117 2834 3165 2763 3165 text 0
2716 3755 2787 3755 2787 3803 2716 3803 text 0
354 1015 475 1015 475 1063 354 1063 text 0
2775 932 2846 932 2846 980 2775 980 text 0
2716 4794 2787 4794 2787 4843 2716 4843 text 0
2870 5763 2941 5763 2941 5811 2870 5811 text 0
767 3850 889 3850 889 3898 767 3898 text 0
2846 3861 2967 3861 2967 3910 2846 3910 text 0
2373 826 2424 826 2424 874 2373 874 text 0
2036 956 2362 956 2362 1004 2036 1004 text 0
3342 5373 3463 5373 3463 5421 3342 5421 text 0
2846 4924 2967 4924 2967 4973 2846 4973 text 0
6803 1121 6984 1121 6984 1169 6803 1169 text 0
2952 2893 3167 2893 3167 2941 2952 2941 text 0
