8099 1052 8101 1052 8101 1099 8099 1099 blind_flange 0
8102 5882 8105 5882 8105 5929 8102 5929 blind_flange 0
6366 4407 6366 4359 6413 4359 6413 4407 concentric_reducer 0
6036 4407 6036 4359 6083 4359 6083 4407 concentric_reducer 0
6083 2491 6083 2539 6036 2539 6036 2491 concentric_reducer 0
6413 2497 6413 2545 6366 2545 6366 2497 concentric_reducer 0
1716 4392 1716 4344 1763 4344 1763 4392 concentric_reducer 0
2046 4399 2046 4352 2093 4352 2093 4399 concentric_reducer 0
1763 2484 1763 2532 1716 2532 1716 2484 concentric_reducer 0
2093 2484 2093 2532 2046 2532 2046 2484 concentric_reducer 0
8072 5882 8089 5882 8089 5929 8072 5929 flange 0
8068 1052 8086 1052 8086 1099 8068 1099 flange 0
7943 3660 7943 3752 7896 3752 7896 3660 gate_valve 0
265 1044 811 1044 811 1106 265 1106 off_page_connector 0
814 5937 268 5937 268 5874 814 5874 off_page_connector 0
3989 2634 4110 2634 4110 2755 3989 2755 utility_conenction 0
7110 4288 6989 4288 6989 4167 7110 4167 utility_conenction 0
3989 4166 4110 4166 4110 4287 3989 4287 utility_conenction 0
2339 4166 2460 4166 2460 4287 2339 4287 utility_conenction 0
2999 4166 3120 4166 3120 4287 2999 4287 utility_conenction 0
5339 2643 5460 2643 5460 2763 5339 2763 utility_conenction 0
5339 4166 5460 4166 5460 4287 5339 4287 utility_conenction 0
2009 2634 2130 2634 2130 2755 2009 2755 utility_conenction 0
7319 2642 7440 2642 7440 2762 7319 2762 utility_conenction 0
7319 4166 7440 4166 7440 4287 7319 4287 utility_conenction 0
6659 2642 6780 2642 6780 2762 6659 2762 utility_conenction 0
6780 4288 6659 4288 6659 4167 6780 4167 utility_conenction 0
2999 2634 3120 2634 3120 2755 2999 2755 utility_conenction 0
7649 2643 7770 2643 7770 2763 7649 2763 utility_conenction 0
5669 2643 5790 2643 5790 2763 5669 2763 utility_conenction 0
5669 4166 5790 4166 5790 4287 5669 4287 utility_conenction 0
1679 4167 1800 4167 1800 4288 1679 4288 utility_conenction 0
4319 2634 4440 2634 4440 2755 4319 2755 utility_conenction 0
4319 4165 4440 4165 4440 4286 4319 4286 utility_conenction 0
4649 2636 4770 2636 4770 2757 4649 2757 utility_conenction 0
4649 4165 4770 4165 4770 4286 4649 4286 utility_conenction 0
5999 2643 6120 2643 6120 2763 5999 2763 utility_conenction 0
6329 2643 6450 2643 6450 2763 6329 2763 utility_conenction 0
6120 4288 5999 4288 5999 4167 6120 4167 utility_conenction 0
3329 2634 3450 2634 3450 2755 3329 2755 utility_conenction 0
3329 4166 3450 4166 3450 4287 3329 4287 utility_conenction 0
7649 4166 7770 4166 7770 4287 7649 4287 utility_conenction 0
6450 4288 6329 4288 6329 4167 6450 4167 utility_conenction 0
2130 4288 2009 4288 2009 4167 2130 4167 utility_conenction 0
3659 2634 3780 2634 3780 2755 3659 2755 utility_conenction 0
3659 4158 3780 4158 3780 4278 3659 4278 utility_conenction 0
1679 2634 1800 2634 1800 2755 1679 2755 utility_conenction 0
5009 2643 5130 2643 5130 2763 5009 2763 utility_conenction 0
5009 4166 5130 4166 5130 4287 5009 4287 utility_conenction 0
2669 2634 2790 2634 2790 2755 2669 2755 utility_conenction 0
2668 4166 2789 4166 2789 4287 2668 4287 utility_conenction 0
2460 2755 2339 2755 2339 2634 2460 2634 utility_conenction 0
6989 2642 7110 2642 7110 2762 6989 2762 utility_conenction 0
1349 2634 1470 2634 1470 2755 1349 2755 utility_conenction 0
1470 4287 1349 4287 1349 4166 1470 4166 utility_conenction 0
8056 6023 8023 6023 8023 5904 8056 5904 gate_valve_with_flange 0
8023 1074 8056 1074 8056 1192 8023 1192 gate_valve_with_flange 0
3915 2759 4184 2759 4184 2807 3915 2807 text 0
3993 2699 4106 2699 4106 2749 3993 2749 text 0
3993 2639 4106 2639 4106 2690 3993 2690 text 0
6939 4115 7160 4115 7160 4163 6939 4163 text 0
6993 4172 7106 4172 7106 4223 6993 4223 text 0
6993 4231 7106 4231 7106 4282 6993 4282 text 0
3915 4114 4184 4114 4184 4162 3915 4162 text 0
3993 4171 4106 4171 4106 4222 3993 4222 text 0
3993 4230 4106 4230 4106 4281 3993 4281 text 0
2289 4114 2510 4114 2510 4162 2289 4162 text 0
2343 4171 2456 4171 2456 4222 2343 4222 text 0
2343 4230 2456 4230 2456 4281 2343 4281 text 0
2949 4114 3170 4114 3170 4162 2949 4162 text 0
3003 4171 3116 4171 3116 4222 3003 4222 text 0
3003 4230 3116 4230 3116 4281 3003 4281 text 0
5289 2767 5510 2767 5510 2816 5289 2816 text 0
5343 2707 5456 2707 5456 2758 5343 2758 text 0
5343 2648 5456 2648 5456 2699 5343 2699 text 0
5289 4114 5510 4114 5510 4162 5289 4162 text 0
5343 4171 5456 4171 5456 4222 5343 4222 text 0
5343 4230 5456 4230 5456 4281 5343 4281 text 0
1959 2759 2180 2759 2180 2807 1959 2807 text 0
2013 2699 2126 2699 2126 2749 2013 2749 text 0
2013 2639 2126 2639 2126 2690 2013 2690 text 0
7269 2766 7490 2766 7490 2815 7269 2815 text 0
7323 2706 7436 2706 7436 2757 7323 2757 text 0
7323 2647 7436 2647 7436 2698 7323 2698 text 0
7269 4114 7490 4114 7490 4162 7269 4162 text 0
7323 4171 7436 4171 7436 4222 7323 4222 text 0
7323 4230 7436 4230 7436 4281 7323 4281 text 0
6609 2766 6830 2766 6830 2815 6609 2815 text 0
6663 2706 6776 2706 6776 2757 6663 2757 text 0
6663 2647 6776 2647 6776 2698 6663 2698 text 0
6609 4115 6830 4115 6830 4163 6609 4163 text 0
6663 4172 6776 4172 6776 4223 6663 4223 text 0
6663 4231 6776 4231 6776 4282 6663 4282 text 0
2949 2759 3170 2759 3170 2807 2949 2807 text 0
3003 2699 3116 2699 3116 2749 3003 2749 text 0
3003 2639 3116 2639 3116 2690 3003 2690 text 0
7575 2767 7844 2767 7844 2816 7575 2816 text 0
7653 2707 7766 2707 7766 2758 7653 2758 text 0
7653 2648 7766 2648 7766 2699 7653 2699 text 0
5619 2767 5840 2767 5840 2816 5619 2816 text 0
5673 2707 5786 2707 5786 2758 5673 2758 text 0
5673 2648 5786 2648 5786 2699 5673 2699 text 0
5619 4114 5840 4114 5840 4162 5619 4162 text 0
5673 4171 5786 4171 5786 4222 5673 4222 text 0
5673 4230 5786 4230 5786 4281 5673 4281 text 0
266 1106 809 1106 809 1154 266 1154 text 0
266 997 809 997 809 1045 266 1045 text 0
278 1051 420 1051 420 1099 278 1099 text 0
443 1051 774 1051 774 1099 443 1099 text 0
269 5936 813 5936 813 5984 269 5984 text 0
269 5827 813 5827 813 5875 269 5875 text 0
659 5881 801 5881 801 5930 659 5930 text 0
305 5881 636 5881 636 5930 305 5930 text 0
1629 4115 1850 4115 1850 4163 1629 4163 text 0
1683 4172 1796 4172 1796 4223 1683 4223 text 0
1683 4231 1796 4231 1796 4282 1683 4282 text 0
4269 2759 4490 2759 4490 2807 4269 2807 text 0
4323 2699 4436 2699 4436 2749 4323 2749 text 0
4323 2639 4436 2639 4436 2690 4323 2690 text 0
4269 4113 4490 4113 4490 4161 4269 4161 text 0
4323 4171 4436 4171 4436 4221 4323 4221 text 0
4323 4229 4436 4229 4436 4280 4323 4280 text 0
4599 2761 4820 2761 4820 2809 4599 2809 text 0
4653 2700 4766 2700 4766 2751 4653 2751 text 0
4653 2641 4766 2641 4766 2692 4653 2692 text 0
4599 4113 4820 4113 4820 4161 4599 4161 text 0
4653 4171 4766 4171 4766 4221 4653 4221 text 0
4653 4229 4766 4229 4766 4280 4653 4280 text 0
5949 2767 6170 2767 6170 2816 5949 2816 text 0
6003 2707 6116 2707 6116 2758 6003 2758 text 0
6003 2648 6116 2648 6116 2699 6003 2699 text 0
6279 2767 6500 2767 6500 2816 6279 2816 text 0
6333 2707 6446 2707 6446 2758 6333 2758 text 0
6333 2648 6446 2648 6446 2699 6333 2699 text 0
5949 4115 6170 4115 6170 4163 5949 4163 text 0
6003 4172 6116 4172 6116 4223 6003 4223 text 0
6003 4231 6116 4231 6116 4282 6003 4282 text 0
3279 2759 3500 2759 3500 2807 3279 2807 text 0
3333 2699 3446 2699 3446 2749 3333 2749 text 0
3333 2639 3446 2639 3446 2690 3333 2690 text 0
3279 4114 3500 4114 3500 4162 3279 4162 text 0
3333 4171 3446 4171 3446 4222 3333 4222 text 0
3333 4230 3446 4230 3446 4281 3333 4281 text 0
7575 4114 7844 4114 7844 4162 7575 4162 text 0
7653 4171 7766 4171 7766 4222 7653 4222 text 0
7653 4230 7766 4230 7766 4281 7653 4281 text 0
6279 4115 6500 4115 6500 4163 6279 4163 text 0
6333 4172 6446 4172 6446 4223 6333 4223 text 0
6333 4231 6446 4231 6446 4282 6333 4282 text 0
1959 4115 2180 4115 2180 4163 1959 4163 text 0
2013 4173 2126 4173 2126 4223 2013 4223 text 0
2013 4232 2126 4232 2126 4283 2013 4283 text 0
3609 2759 3830 2759 3830 2807 3609 2807 text 0
3663 2699 3776 2699 3776 2749 3663 2749 text 0
3663 2639 3776 2639 3776 2690 3663 2690 text 0
3609 4105 3830 4105 3830 4153 3609 4153 text 0
3663 4163 3776 4163 3776 4214 3663 4214 text 0
3663 4222 3776 4222 3776 4273 3663 4273 text 0
1629 2759 1850 2759 1850 2807 1629 2807 text 0
1683 2699 1796 2699 1796 2749 1683 2749 text 0
1683 2639 1796 2639 1796 2690 1683 2690 text 0
4959 2767 5180 2767 5180 2816 4959 2816 text 0
5013 2707 5126 2707 5126 2758 5013 2758 text 0
5013 2648 5126 2648 5126 2699 5013 2699 text 0
4959 4114 5180 4114 5180 4162 4959 4162 text 0
5013 4171 5126 4171 5126 4222 5013 4222 text 0
5013 4230 5126 4230 5126 4281 5013 4281 text 0
2619 2759 2840 2759 2840 2807 2619 2807 text 0
2673 2699 2786 2699 2786 2749 2673 2749 text 0
2673 2639 2786 2639 2786 2690 2673 2690 text 0
2618 4114 2839 4114 2839 4162 2618 4162 text 0
2672 4171 2785 4171 2785 4222 2672 4222 text 0
2672 4230 2785 4230 2785 4281 2672 4281 text 0
2289 2759 2510 2759 2510 2807 2289 2807 text 0
2343 2699 2456 2699 2456 2749 2343 2749 text 0
2343 2639 2456 2639 2456 2690 2343 2690 text 0
6939 2766 7160 2766 7160 2815 6939 2815 text 0
6993 2706 7106 2706 7106 2757 6993 2757 text 0
6993 2647 7106 2647 7106 2698 6993 2698 text 0
7942 1854 8063 1854 8063 1902 7942 1902 text 0
5675 5448 5675 4977 5723 4977 5723 5448 text 0
6005 5448 6005 4977 6053 4977 6053 5448 text 0
6335 5448 6335 4977 6383 4977 6383 5448 text 0
6665 5448 6665 4977 6713 4977 6713 5448 text 0
6995 5448 6995 4977 7043 4977 7043 5448 text 0
7325 2129 7325 1660 7373 1660 7373 2129 text 0
7655 2129 7655 1660 7703 1660 7703 2129 text 0
6995 2129 6995 1660 7043 1660 7043 2129 text 0
6665 2129 6665 1660 6713 1660 6713 2129 text 0
3658 2129 3658 1632 3706 1632 3706 2129 text 0
2998 2129 2998 1660 3046 1660 3046 2129 text 0
3995 5448 3995 4977 4043 4977 4043 5448 text 0
4325 5448 4325 4977 4373 4977 4373 5448 text 0
4648 5448 4648 4977 4696 4977 4696 5448 text 0
5015 5448 5015 4949 5063 4949 5063 5448 text 0
5345 5448 5345 4977 5393 4977 5393 5448 text 0
3328 2129 3328 1660 3376 1660 3376 2129 text 0
4318 2129 4318 1660 4366 1660 4366 2129 text 0
6005 2129 6005 1660 6053 1660 6053 2129 text 0
6335 2129 6335 1660 6383 1660 6383 2129 text 0
3988 2129 3988 1660 4036 1660 4036 2129 text 0
1685 5448 1685 4977 1733 4977 1733 5448 text 0
1685 2129 1685 1660 1733 1660 1733 2129 text 0
891 1014 1378 1014 1378 1062 891 1062 text 0
5338 2129 5338 1660 5386 1660 5386 2129 text 0
2015 2129 2015 1660 2063 1660 2063 2129 text 0
2345 2129 2345 1660 2393 1660 2393 2129 text 0
2675 2129 2675 1632 2723 1632 2723 2129 text 0
4655 2129 4655 1660 4703 1660 4703 2129 text 0
5015 2129 5015 1632 5063 1632 5063 2129 text 0
5675 2129 5675 1660 5723 1660 5723 2129 text 0
2015 5448 2015 4977 2063 4977 2063 5448 text 0
2345 5448 2345 4977 2393 4977 2393 5448 text 0
2674 5448 2674 4949 2722 4949 2722 5448 text 0
2998 5448 2998 4977 3046 4977 3046 5448 text 0
3335 5448 3335 4977 3383 4977 3383 5448 text 0
3665 5448 3665 4949 3713 4949 3713 5448 text 0
7325 5448 7325 4977 7373 4977 7373 5448 text 0
7655 5448 7655 4977 7703 4977 7703 5448 text 0
859 5852 1349 5852 1349 5899 859 5899 text 0
6108 4356 6186 4356 6186 4404 6108 4404 text 0
6433 4359 6511 4359 6511 4407 6433 4407 text 0
6109 2491 6186 2491 6186 2539 6109 2539 text 0
6426 2497 6503 2497 6503 2545 6426 2545 text 0
1776 2484 1853 2484 1853 2532 1776 2532 text 0
2098 2484 2176 2484 2176 2532 2098 2532 text 0
1791 4344 1868 4344 1868 4392 1791 4392 text 0
2113 4352 2191 4352 2191 4399 2113 4399 text 0
7866 2124 7866 1677 7913 1677 7913 2124 text 0
1348 2129 1348 1660 1396 1660 1396 2129 text 0
1353 2699 1466 2699 1466 2749 1353 2749 text 0
1353 2639 1466 2639 1466 2690 1353 2690 text 0
1308 2761 1511 2761 1511 2809 1308 2809 text 0
1356 5448 1356 4977 1403 4977 1403 5448 text 0
1353 4171 1466 4171 1466 4222 1353 4222 text 0
1353 4230 1466 4230 1466 4281 1353 4281 text 0
1308 4112 1511 4112 1511 4159 1308 4159 text 0
