4416 2160 4323 2160 4323 2090 4416 2090 3_way_valve 0
5682 1747 5682 1654 5751 1654 5751 1747 3_way_valve 0
6295 1747 6295 1654 6365 1654 6365 1747 3_way_valve 0
3615 3873 3615 3780 3685 3780 3685 3873 3_way_valve 0
3932 3873 3932 3780 4002 3780 4002 3873 3_way_valve 0
5713 2551 5620 2551 5620 2481 5713 2481 3_way_valve 0
3484 2948 3484 2946 3531 2946 3531 2948 blind_flange 0
4063 3405 4063 3408 4015 3408 4015 3405 blind_flange 0
3531 3405 3531 3408 3484 3408 3484 3405 blind_flange 0
4015 2948 4015 2946 4063 2946 4063 2948 blind_flange 0
3531 5531 3531 5534 3484 5534 3484 5531 blind_flange 0
4063 5531 4063 5534 4015 5534 4015 5531 blind_flange 0
3484 5074 3484 5072 3531 5072 3531 5074 blind_flange 0
4015 5074 4015 5072 4063 5072 4063 5074 blind_flange 0
6172 4833 6170 4835 6136 4802 6138 4800 blind_flange 0
1345 4559 1253 4559 1253 4511 1345 4511 butterfly_valve 0
1253 5693 1345 5693 1345 5740 1253 5740 butterfly_valve 0
1961 5693 2054 5693 2054 5740 1961 5740 butterfly_valve 0
2670 3566 2762 3566 2762 3614 2670 3614 butterfly_valve 0
5479 3496 5386 3496 5386 3448 5479 3448 check_valve 0
5055 4404 5055 4312 5102 4312 5102 4404 check_valve 0
2125 2503 2173 2503 2173 2551 2125 2551 concentric_reducer 0
2007 2551 1960 2551 1960 2503 2007 2503 concentric_reducer 0
5409 1677 5456 1677 5456 1724 5409 1724 concentric_reducer 0
4984 1724 4936 1724 4936 1677 4984 1677 concentric_reducer 0
1747 5693 1795 5693 1795 5740 1747 5740 concentric_reducer 0
1511 4511 1559 4511 1559 4559 1511 4559 concentric_reducer 0
2125 4511 2173 4511 2173 4559 2125 4559 concentric_reducer 0
2007 4559 1960 4559 1960 4511 2007 4511 concentric_reducer 0
4936 3803 4984 3803 4984 3850 4936 3850 concentric_reducer 0
4570 3850 4523 3850 4523 3803 4570 3803 concentric_reducer 0
4204 2090 4251 2090 4251 2137 4204 2137 concentric_reducer 0
4535 2137 4488 2137 4488 2090 4535 2090 concentric_reducer 0
4346 2279 4346 2232 4393 2232 4393 2279 concentric_reducer 0
6006 5097 6158 5097 6158 5249 6006 5249 discrete_instruments_auxiliary_location_normally_accessible_to_an_operator 0
6006 5286 6158 5286 6158 5438 6006 5438 discrete_instruments_auxiliary_location_normally_accessible_to_an_operator 0
6006 5475 6158 5475 6158 5627 6006 5627 discrete_instruments_auxiliary_location_normally_accessible_to_an_operator 0
3112 3266 3265 3266 3265 3418 3112 3418 discrete_instruments_field_mounted 0
5947 3148 6099 3148 6099 3300 5947 3300 discrete_instruments_field_mounted 0
1990 2258 2143 2258 2143 2410 1990 2410 discrete_instruments_field_mounted 0
3112 2203 3265 2203 3265 2355 3112 2355 discrete_instruments_field_mounted 0
5002 1431 5154 1431 5154 1583 5002 1583 discrete_instruments_field_mounted 0
5002 1152 5154 1152 5154 1304 5002 1304 discrete_instruments_field_mounted 0
5238 1431 5391 1431 5391 1583 5238 1583 discrete_instruments_field_mounted 0
5947 797 6099 797 6099 950 5947 950 discrete_instruments_field_mounted 0
1990 4266 2143 4266 2143 4418 1990 4418 discrete_instruments_field_mounted 0
4754 4577 4906 4577 4906 4729 4754 4729 discrete_instruments_field_mounted 0
2994 4211 3147 4211 3147 4363 2994 4363 discrete_instruments_field_mounted 0
2994 5392 3147 5392 3147 5544 2994 5544 discrete_instruments_field_mounted 0
4589 3557 4741 3557 4741 3709 4589 3709 discrete_instruments_field_mounted 0
5870 4806 5822 4806 5822 4759 5870 4759 eccentric_reducer 0
6000 1616 6046 1616 6046 1634 6000 1634 end_gap 0
6000 1766 6046 1766 6046 1784 6000 1784 end_gap 0
5399 4748 5417 4748 5417 4795 5399 4795 flange 0
5702 4795 5684 4795 5684 4748 5702 4748 flange 0
6412 4748 6429 4748 6429 4795 6412 4795 flange 0
3437 3021 3437 3038 3389 3038 3389 3021 flange 0
3932 3332 3932 3315 3980 3315 3980 3332 flange 0
3389 3332 3389 3315 3437 3315 3437 3332 flange 0
5586 1677 5603 1677 5603 1724 5586 1724 flange 0
5633 1724 5616 1724 5616 1677 5633 1677 flange 0
6413 1677 6430 1677 6430 1724 6413 1724 flange 0
6460 1724 6443 1724 6443 1677 6460 1677 flange 0
3437 5147 3437 5165 3389 5165 3389 5147 flange 0
3389 5459 3389 5441 3437 5441 3437 5459 flange 0
3980 5147 3980 5165 3932 5165 3932 5147 flange 0
5703 3448 5721 3448 5721 3496 5703 3496 flange 0
7062 6519 7080 6519 7080 6567 7062 6567 flange 0
1204 5740 1187 5740 1187 5693 1204 5693 flange 0
7110 4795 7092 4795 7092 4748 7110 4748 flange 0
7062 4748 7080 4748 7080 4795 7062 4795 flange 0
7110 3496 7092 3496 7092 3448 7110 3448 flange 0
7062 3448 7080 3448 7080 3496 7062 3496 flange 0
7062 2740 7080 2740 7080 2787 7062 2787 flange 0
7110 2787 7092 2787 7092 2740 7110 2740 flange 0
7062 1677 7080 1677 7080 1724 7062 1724 flange 0
7110 1724 7092 1724 7092 1677 7110 1677 flange 0
1204 4559 1187 4559 1187 4511 1204 4511 flange 0
1157 4511 1174 4511 1174 4559 1157 4559 flange 0
1157 5693 1174 5693 1174 5740 1157 5740 flange 0
3980 3758 3980 3775 3932 3775 3932 3758 flange 0
4025 3850 4007 3850 4007 3803 4025 3803 flange 0
5055 4182 5055 4164 5102 4164 5102 4182 flange 0
1079 3496 1061 3496 1061 3448 1079 3448 flange 0
1031 3448 1049 3448 1049 3496 1031 3496 flange 0
3685 5147 3685 5165 3637 5165 3637 5147 flange 0
3637 3332 3637 3315 3685 3315 3685 3332 flange 0
3932 3895 3932 3878 3980 3878 3980 3895 flange 0
3592 3803 3610 3803 3610 3850 3592 3850 flange 0
3685 3758 3685 3775 3637 3775 3637 3758 flange 0
3637 3895 3637 3878 3685 3878 3685 3895 flange 0
7110 6567 7092 6567 7092 6519 7110 6519 flange 0
1079 3850 1061 3850 1061 3803 1079 3803 flange 0
1031 3803 1049 3803 1049 3850 1031 3850 flange 0
5859 2740 5951 2740 5951 2787 5859 2787 gate_valve 0
5788 4039 5880 4039 5880 4086 5788 4086 gate_valve 0
6542 4795 6449 4795 6449 4748 6542 4748 gate_valve 0
6118 1410 6118 1503 6070 1503 6070 1410 gate_valve 0
6070 1164 6070 1071 6118 1071 6118 1164 gate_valve 0
2456 2337 2456 2245 2503 2245 2503 2337 gate_valve 0
3165 2488 3165 2396 3212 2396 3212 2488 gate_valve 0
3165 3551 3165 3459 3212 3459 3212 3551 gate_valve 0
5999 3433 5999 3341 6047 3341 6047 3433 gate_valve 0
4393 2363 4393 2455 4346 2455 4346 2363 gate_valve 0
6047 2237 6047 2329 5999 2329 5999 2237 gate_valve 0
6070 1990 6070 1898 6118 1898 6118 1990 gate_valve 0
6047 1831 6047 1924 5999 1924 5999 1831 gate_valve 0
6531 1560 6531 1652 6484 1652 6484 1560 gate_valve 0
5515 1652 5515 1560 5563 1560 5563 1652 gate_valve 0
5833 3496 5741 3496 5741 3448 5833 3448 gate_valve 0
2279 4345 2279 4253 2326 4253 2326 4345 gate_valve 0
5039 4677 4947 4677 4947 4630 5039 4630 gate_valve 0
5055 4144 5055 4052 5102 4052 5102 4144 gate_valve 0
4030 2090 4123 2090 4123 2137 4030 2137 gate_valve 0
4621 2090 4713 2090 4713 2137 4621 2137 gate_valve 0
3047 4496 3047 4404 3094 4404 3094 4496 gate_valve 0
3047 5677 3047 5585 3094 5585 3094 5677 gate_valve 0
5623 2740 5715 2740 5715 2787 5623 2787 gate_valve 0
6095 2740 6187 2740 6187 2787 6095 2787 gate_valve 0
3531 5434 3531 5526 3484 5526 3484 5434 gate_valve 0
3484 5172 3484 5080 3531 5080 3531 5172 gate_valve 0
4063 5434 4063 5526 4015 5526 4015 5434 gate_valve 0
4015 5172 4015 5080 4063 5080 4063 5172 gate_valve 0
4063 3308 4063 3400 4015 3400 4015 3308 gate_valve 0
4015 3046 4015 2954 4063 2954 4063 3046 gate_valve 0
3484 3046 3484 2954 3531 2954 3531 3046 gate_valve 0
3531 3308 3531 3400 3484 3400 3484 3308 gate_valve 0
1629 3046 1629 2953 1677 2953 1677 3046 gate_valve 0
1866 5172 1866 5079 1913 5079 1913 5172 gate_valve 0
2149 6083 2149 6176 2102 6176 2102 6083 gate_valve 0
2858 3780 2858 3873 2810 3873 2810 3780 gate_valve 0
5527 4345 5527 4253 5574 4253 5574 4345 gate_valve 0
1581 2551 1489 2551 1489 2503 1581 2503 globe_valve 0
5859 2976 5951 2976 5951 3023 5859 3023 globe_valve 0
1817 4559 1725 4559 1725 4511 1817 4511 globe_valve 0
3932 2042 3932 1949 3980 1949 3980 2042 globe_valve 0
353 5685 898 5685 898 5747 353 5747 off_page_connector 0
898 4566 353 4566 353 4504 898 4504 off_page_connector 0
7605 1669 8150 1669 8150 1732 7605 1732 off_page_connector 0
7605 2732 8150 2732 8150 2795 7605 2795 off_page_connector 0
8150 3503 7605 3503 7605 3441 8150 3441 off_page_connector 0
8150 4803 7605 4803 7605 4740 8150 4740 off_page_connector 0
6427 4665 6459 4665 6459 4795 6427 4795 open_figure_8_blind 0
5718 3366 5751 3366 5751 3496 5718 3496 open_figure_8_blind 0
4972 4167 4972 4134 5102 4134 5102 4167 open_figure_8_blind 0
5454 6151 5647 6151 5647 6344 5454 6344 pilot_light_or_gauge_glass_illuminator 0
5159 6151 5352 6151 5352 6344 5159 6344 pilot_light_or_gauge_glass_illuminator 0
4863 6151 5057 6151 5057 6344 4863 6344 pilot_light_or_gauge_glass_illuminator 0
5474 5758 5627 5758 5627 5911 5474 5911 plc_field_mounted 0
5002 872 5154 872 5154 1025 5002 1025 plc_field_mounted 0
5002 608 5154 608 5154 761 5002 761 plc_primary_location_normally_accessible_to_an_operator 0
5947 502 6099 502 6099 654 5947 654 plc_primary_location_normally_accessible_to_an_operator 0
5527 3971 5613 3971 5613 4109 5527 4109 pressure_relief_or_safety_valve 0
2456 1963 2542 1963 2542 2101 2456 2101 pressure_relief_or_safety_valve 0
2279 3971 2365 3971 2365 4109 2279 4109 pressure_relief_or_safety_valve 0
5459 4680 5642 4680 5642 4863 5459 4863 pump_gear_type 0
6047 1542 6047 1575 5999 1575 5999 1542 restriction_orifice 0
5449 3319 5416 3319 5416 3271 5449 3271 restriction_orifice 0
5475 2503 5508 2503 5508 2551 5475 2551 restriction_orifice 0
7482 5758 7635 5758 7635 5911 7482 5911 shared_display_and_control_primary_location_normally_accessible_to_an_operator 0
4632 608 4784 608 4784 761 4632 761 shared_display_and_control_primary_location_normally_accessible_to_an_operator 0
6301 502 6454 502 6454 654 6301 654 shared_display_and_control_primary_location_normally_accessible_to_an_operator 0
7482 5994 7635 5994 7635 6147 7482 6147 shared_display_and_control_primary_location_normally_accessible_to_an_operator 0
7482 6231 7635 6231 7635 6383 7482 6383 shared_display_and_control_primary_location_normally_accessible_to_an_operator 0
6246 4829 6143 4829 6143 4748 6246 4748 y_type_strainer 0
5998 1191 6190 1191 6190 1383 5998 1383 filter_oil_vendor 0
5927 2018 6119 2018 6119 2209 5927 2209 filter_oil_vendor 0
2185 4197 2185 4164 2304 4164 2304 4197 gate_valve_with_flange 0
2363 2189 2363 2156 2481 2156 2481 2189 gate_valve_with_flange 0
6276 3473 6243 3473 6243 3355 6276 3355 gate_valve_with_flange 0
5652 4061 5685 4061 5685 4180 5652 4180 gate_valve_with_flange 0
5433 4197 5433 4164 5552 4164 5552 4197 gate_valve_with_flange 0
4961 4256 4961 4223 5079 4223 5079 4256 gate_valve_with_flange 0
5272 4773 5239 4773 5239 4654 5272 4654 gate_valve_with_flange 0
6039 4889 6007 4889 6007 4770 6039 4770 gate_valve_with_flange 0
5759 2762 5792 2762 5792 2881 5759 2881 gate_valve_with_flange 0
6018 2762 6051 2762 6051 2881 6018 2881 gate_valve_with_flange 0
2851 2603 2699 2603 2699 2451 2851 2451 general_sight_glass 0
2615 4611 2463 4611 2463 4459 2615 4459 general_sight_glass 0
3329 3069 4229 3069 4229 3284 3329 3284 heat_exchanger_vendor 0
3329 5195 4229 5195 4229 5410 3329 5410 heat_exchanger_vendor 0
5490 5325 5611 5325 5611 5398 5490 5398 instrument_box 0
6048 2337 6048 2363 5998 2363 5998 2337 screwed_cap 0
6119 1510 6119 1536 6069 1536 6069 1510 screwed_cap 0
6069 1064 6069 1038 6119 1038 6119 1064 screwed_cap 0
6069 1891 6069 1865 6119 1865 6119 1891 screwed_cap 0
6388 5115 6674 5115 6674 5162 6388 5162 spec_break 0
1073 1501 1359 1501 1359 1548 1073 1548 spec_break 0
5369 3917 5519 3917 5519 4067 5369 4067 annotation 0
2298 1909 2448 1909 2448 2059 2298 2059 annotation 0
5759 1484 5909 1484 5909 1634 5759 1634 annotation 0
5948 2547 6098 2547 6098 2697 5948 2697 annotation 0
2121 3917 2271 3917 2271 4067 2121 4067 annotation 0
5358 3031 5508 3031 5508 3181 5358 3181 annotation 0
4295 1909 4445 1909 4445 2059 4295 2059 annotation 0
5417 2263 5567 2263 5567 2413 5417 2413 annotation 0
5929 5054 5994 5054 5994 5103 5929 5103 text 0
5408 5759 5463 5759 5463 5807 5408 5807 text 0
5637 5862 5702 5862 5702 5909 5637 5909 text 0
5541 5810 5560 5810 5560 5858 5541 5858 text 0
7531 5763 7586 5763 7586 5810 7531 5810 text 0
7517 5854 7600 5854 7600 5901 7517 5901 text 0
7543 5803 7574 5803 7574 5851 7543 5851 text 0
6040 5195 6124 5195 6124 5244 6040 5244 text 0
6054 5100 6110 5100 6110 5148 6054 5148 text 0
6059 5136 6105 5136 6105 5185 6059 5185 text 0
6040 5384 6124 5384 6124 5433 6040 5433 text 0
6054 5289 6110 5289 6110 5337 6054 5337 text 0
6059 5325 6105 5325 6105 5374 6059 5374 text 0
6040 5573 6124 5573 6124 5622 6040 5622 text 0
6054 5478 6110 5478 6110 5526 6054 5526 text 0
6059 5514 6105 5514 6105 5563 6059 5563 text 0
3161 3277 3216 3277 3216 3325 3161 3325 text 0
3147 3360 3230 3360 3230 3407 3147 3407 text 0
3165 3318 3212 3318 3212 3366 3165 3366 text 0
5995 3159 6051 3159 6051 3207 5995 3207 text 0
5981 3242 6065 3242 6065 3289 5981 3289 text 0
5999 3200 6047 3200 6047 3248 5999 3248 text 0
2039 2269 2094 2269 2094 2317 2039 2317 text 0
2025 2352 2108 2352 2108 2399 2025 2399 text 0
2043 2310 2090 2310 2090 2358 2043 2358 text 0
2747 2462 2803 2462 2803 2510 2747 2510 text 0
2751 2503 2799 2503 2799 2551 2751 2551 text 0
3161 2214 3216 2214 3216 2262 3161 2262 text 0
3147 2297 3230 2297 3230 2344 3147 2344 text 0
3165 2255 3212 2255 3212 2303 3165 2303 text 0
5523 6175 5578 6175 5578 6223 5523 6223 text 0
5509 6271 5592 6271 5592 6318 5509 6318 text 0
5530 6211 5571 6211 5571 6259 5530 6259 text 0
5228 6175 5283 6175 5283 6223 5228 6223 text 0
5214 6271 5297 6271 5297 6318 5214 6318 text 0
5235 6211 5276 6211 5276 6259 5235 6259 text 0
4932 6175 4988 6175 4988 6223 4932 6223 text 0
4918 6271 5002 6271 5002 6318 4918 6318 text 0
4940 6211 4980 6211 4980 6259 4940 6259 text 0
5050 1442 5106 1442 5106 1490 5050 1490 text 0
5036 1525 5120 1525 5120 1572 5036 1572 text 0
5057 1483 5099 1483 5099 1531 5057 1531 text 0
5050 1163 5106 1163 5106 1210 5050 1210 text 0
5036 1245 5120 1245 5120 1293 5036 1293 text 0
5058 1204 5099 1204 5099 1252 5058 1252 text 0
5287 1442 5342 1442 5342 1490 5287 1490 text 0
5273 1525 5356 1525 5356 1572 5273 1572 text 0
5291 1483 5338 1483 5338 1531 5291 1531 text 0
4935 873 4991 873 4991 921 4935 921 text 0
5165 976 5230 976 5230 1024 5165 1024 text 0
5069 925 5087 925 5087 972 5069 972 text 0
4797 596 4820 596 4820 643 4797 643 text 0
4680 613 4736 613 4736 661 4680 661 text 0
4666 704 4750 704 4750 752 4666 752 text 0
4693 653 4723 653 4723 701 4693 701 text 0
5995 808 6051 808 6051 856 5995 856 text 0
5981 891 6065 891 6065 939 5981 939 text 0
5990 850 6056 850 6056 897 5990 897 text 0
6466 489 6490 489 6490 537 6466 537 text 0
6350 507 6405 507 6405 554 6350 554 text 0
6336 598 6419 598 6419 645 6336 645 text 0
6350 547 6405 547 6405 594 6350 594 text 0
2511 4470 2567 4470 2567 4518 2511 4518 text 0
2515 4511 2563 4511 2563 4559 2515 4559 text 0
2039 4277 2094 4277 2094 4324 2039 4324 text 0
2025 4359 2108 4359 2108 4407 2025 4407 text 0
2043 4318 2090 4318 2090 4366 2043 4366 text 0
4802 4588 4858 4588 4858 4636 4802 4636 text 0
4788 4671 4872 4671 4872 4718 4788 4718 text 0
4806 4629 4854 4629 4854 4677 4806 4677 text 0
3043 4222 3098 4222 3098 4270 3043 4270 text 0
3029 4305 3112 4305 3112 4352 3029 4352 text 0
3046 4263 3094 4263 3094 4311 3046 4311 text 0
3043 5403 3098 5403 3098 5451 3043 5451 text 0
3029 5486 3112 5486 3112 5533 3029 5533 text 0
3046 5444 3094 5444 3094 5492 3046 5492 text 0
4637 3568 4693 3568 4693 3616 4637 3616 text 0
4623 3651 4707 3651 4707 3698 4623 3698 text 0
4642 3609 4688 3609 4688 3657 4642 3657 text 0
2724 2196 2944 2196 2944 2292 2724 2292 text 0
2547 4204 2767 4204 2767 4300 2547 4300 text 0
354 5747 897 5747 897 5795 354 5795 text 0
354 5638 897 5638 897 5686 354 5686 text 0
366 5692 507 5692 507 5740 366 5740 text 0
531 5692 862 5692 862 5740 531 5740 text 0
354 4565 897 4565 897 4614 354 4614 text 0
354 4457 897 4457 897 4505 354 4505 text 0
744 4511 885 4511 885 4559 744 4559 text 0
389 4511 720 4511 720 4559 389 4559 text 0
6393 5079 6462 5079 6462 5127 6393 5127 text 0
6532 5078 6675 5078 6675 5126 6532 5126 text 0
2598 3778 2817 3778 2817 3875 2598 3875 text 0
2137 2251 2186 2251 2186 2299 2137 2299 text 0
3259 2196 3308 2196 3308 2244 3259 2244 text 0
1889 6081 2099 6081 2099 6178 1889 6178 text 0
3141 4204 3190 4204 3190 4252 3141 4252 text 0
2137 4259 2186 4259 2186 4307 2137 4307 text 0
5550 5634 5550 5542 5598 5542 5598 5634 text 0
5456 5645 5456 5535 5504 5535 5504 5645 text 0
5326 5693 5326 5475 5374 5475 5374 5693 text 0
5208 5645 5208 5539 5256 5539 5256 5645 text 0
5089 5634 5089 5454 5138 5454 5138 5634 text 0
5385 1424 5434 1424 5434 1472 5385 1472 text 0
5728 2479 5925 2479 5925 2528 5728 2528 text 0
4747 3550 4796 3550 4796 3598 4747 3598 text 0
4287 1853 4488 1853 4488 1902 4287 1902 text 0
5149 1145 5197 1145 5197 1193 5149 1193 text 0
3141 5385 3190 5385 3190 5433 3141 5433 text 0
6271 4783 6393 4783 6393 4831 6271 4831 text 0
1078 1465 1147 1465 1147 1513 1078 1513 text 0
1218 1464 1360 1464 1360 1512 1218 1512 text 0
1799 3529 2267 3529 2267 3577 1799 3577 text 0
5513 5338 5588 5338 5588 5386 5513 5386 text 0
1915 5102 2003 5102 2003 5150 1915 5150 text 0
1757 4559 1788 4559 1788 4607 1757 4607 text 0
1993 5734 2024 5734 2024 5782 1993 5782 text 0
2151 6106 2239 6106 2239 6154 2151 6154 text 0
5807 4807 5885 4807 5885 4854 5807 4854 text 0
5275 4669 5333 4669 5333 4717 5275 4717 text 0
6042 4829 6101 4829 6101 4877 6042 4877 text 0
6481 4789 6512 4789 6512 4837 6481 4837 text 0
6473 4835 6518 4835 6518 4883 6473 4883 text 0
403 5533 872 5533 872 5581 403 5581 text 0
4310 2971 4310 2556 4358 2556 4358 2971 text 0
5440 4205 5498 4205 5498 4252 5440 4252 text 0
5481 4252 5525 4252 5525 4300 5481 4300 text 0
5412 3968 5477 3968 5477 4016 5412 4016 text 0
5417 3927 5472 3927 5472 3974 5417 3974 text 0
5403 4009 5486 4009 5486 4057 5403 4057 text 0
5688 4122 5746 4122 5746 4170 5688 4170 text 0
5820 4075 5851 4075 5851 4122 5820 4122 text 0
5578 4252 5608 4252 5608 4300 5578 4300 text 0
3214 2419 3272 2419 3272 2466 3214 2466 text 0
1521 2551 1551 2551 1551 2599 1521 2599 text 0
3208 3484 3266 3484 3266 3532 3208 3532 text 0
2410 2242 2455 2242 2455 2290 2410 2290 text 0
2511 2244 2569 2244 2569 2292 2511 2292 text 0
1983 5644 2031 5644 2031 5692 1983 5692 text 0
3354 5078 3354 4607 3401 4607 3401 5078 text 0
2937 6484 3463 6484 3463 6531 2937 6531 text 0
6618 1641 7034 1641 7034 1689 6618 1689 text 0
1679 2976 1767 2976 1767 3024 1679 3024 text 0
6042 3366 6101 3366 6101 3414 6042 3414 text 0
5419 3496 5449 3496 5449 3544 5419 3544 text 0
2369 2185 2428 2185 2428 2233 2369 2233 text 0
2862 3803 2950 3803 2950 3851 2862 3851 text 0
2341 1960 2406 1960 2406 2008 2341 2008 text 0
2346 1919 2401 1919 2401 1966 2346 1966 text 0
2332 2001 2415 2001 2415 2049 2332 2049 text 0
3354 3011 3354 2540 3401 2540 3401 3011 text 0
2110 2551 2188 2551 2188 2598 2110 2598 text 0
1945 2551 2023 2551 2023 2598 1945 2598 text 0
3461 2976 3483 2976 3483 3024 3461 3024 text 0
2279 1806 2630 1806 2630 1854 2279 1854 text 0
2279 1854 2451 1854 2451 1901 2279 1901 text 0
3991 3330 4015 3330 4015 3378 3991 3378 text 0
3460 3330 3484 3330 3484 3378 3460 3378 text 0
3992 2976 4014 2976 4014 3024 3992 3024 text 0
4921 1724 4999 1724 4999 1771 4921 1771 text 0
5394 1724 5471 1724 5471 1771 5394 1771 text 0
4365 1539 4780 1539 4780 1586 4365 1586 text 0
5809 1535 5859 1535 5859 1582 5809 1582 text 0
5806 1493 5862 1493 5862 1541 5806 1541 text 0
5564 1582 5622 1582 5622 1630 5564 1630 text 0
6538 1582 6597 1582 6597 1630 6538 1630 text 0
5891 3023 5921 3023 5921 3071 5891 3071 text 0
5952 2491 6303 2491 6303 2539 5952 2539 text 0
4599 3982 5014 3982 5014 4030 4599 4030 text 0
5989 2598 6057 2598 6057 2646 5989 2646 text 0
5995 2556 6051 2556 6051 2604 5995 2604 text 0
4403 2386 4433 2386 4433 2433 4403 2433 text 0
2702 3614 2732 3614 2732 3662 2702 3662 text 0
1358 3908 1358 3438 1405 3438 1405 3908 text 0
6279 3378 6337 3378 6337 3425 6279 3425 text 0
2334 4252 2392 4252 2392 4300 2334 4300 text 0
2192 4193 2250 4193 2250 4240 2192 4240 text 0
2233 4250 2277 4250 2277 4298 2233 4298 text 0
2164 3968 2228 3968 2228 4016 2164 4016 text 0
2168 3927 2224 3927 2224 3974 2168 3974 text 0
2155 4009 2238 4009 2238 4057 2155 4057 text 0
2102 3814 2453 3814 2453 3862 2102 3862 text 0
2102 3862 2274 3862 2274 3909 2102 3909 text 0
3461 5101 3483 5101 3483 5148 3461 5148 text 0
3992 5101 4014 5101 4014 5148 3992 5148 text 0
3991 5455 4015 5455 4015 5502 3991 5502 text 0
3146 3767 3562 3767 3562 3815 3146 3815 text 0
3588 3862 3618 3862 3618 3910 3588 3910 text 0
3989 3862 4020 3862 4020 3910 3989 3910 text 0
1732 5740 1810 5740 1810 5787 1732 5787 text 0
1496 4558 1574 4558 1574 4606 1496 4606 text 0
1945 4558 2023 4558 2023 4606 1945 4606 text 0
2110 4558 2188 4558 2188 4606 2110 4606 text 0
6611 4712 7027 4712 7027 4760 6611 4760 text 0
4653 2138 4684 2138 4684 2185 4653 2185 text 0
3987 1972 4018 1972 4018 2020 3987 2020 text 0
4062 2138 4093 2138 4093 2185 4062 2185 text 0
3090 5610 3148 5610 3148 5658 3090 5658 text 0
3095 4427 3154 4427 3154 4474 3095 4474 text 0
6559 2704 6975 2704 6975 2752 6559 2752 text 0
6552 3413 6967 3413 6967 3460 6552 3460 text 0
7138 4712 7554 4712 7554 4760 7138 4760 text 0
7138 3413 7554 3413 7554 3460 7138 3460 text 0
7138 2704 7554 2704 7554 2752 7138 2752 text 0
7138 1641 7554 1641 7554 1689 7138 1689 text 0
6236 2165 6613 2165 6613 2228 6236 2228 text 0
2411 2289 2454 2289 2454 2337 2411 2337 text 0
2234 4297 2276 4297 2276 4345 2234 4345 text 0
5765 3541 5809 3541 5809 3589 5765 3589 text 0
4965 4677 5024 4677 5024 4725 4965 4725 text 0
5408 3082 5457 3082 5457 3130 5408 3130 text 0
5405 3041 5460 3041 5460 3088 5405 3088 text 0
4979 4264 5038 4264 5038 4311 4979 4311 text 0
5110 4063 5140 4063 5140 4111 5110 4111 text 0
5110 4103 5154 4103 5154 4150 5110 4150 text 0
4336 1960 4403 1960 4403 2008 4336 2008 text 0
4342 1919 4397 1919 4397 1966 4342 1966 text 0
4328 2001 4411 2001 4411 2049 4328 2049 text 0
3626 5224 4003 5224 4003 5287 3626 5287 text 0
4921 3850 4999 3850 4999 3898 4921 3898 text 0
4508 3850 4585 3850 4585 3898 4508 3898 text 0
3626 3098 4003 3098 4003 3161 3626 3161 text 0
4934 4858 5317 4858 5317 4921 4934 4921 text 0
5467 2314 5516 2314 5516 2362 5467 2362 text 0
5464 2273 5519 2273 5519 2321 5464 2321 text 0
5935 4001 6351 4001 6351 4049 5935 4049 text 0
6047 1092 6069 1092 6069 1140 6047 1140 text 0
6118 1919 6140 1919 6140 1967 6118 1967 text 0
6046 1431 6070 1431 6070 1479 6046 1479 text 0
5976 2258 5999 2258 5999 2306 5976 2306 text 0
5794 2823 5853 2823 5853 2870 5794 2870 text 0
6054 2821 6113 2821 6113 2869 6054 2869 text 0
3460 5455 3484 5455 3484 5502 3460 5502 text 0
403 4346 874 4346 874 4394 403 4394 text 0
5773 3496 5803 3496 5803 3544 5773 3544 text 0
7606 1731 8149 1731 8149 1779 7606 1779 text 0
7606 1574 8149 1574 8149 1670 7606 1670 text 0
7618 1676 7759 1676 7759 1725 7618 1725 text 0
7783 1676 8114 1676 8114 1725 7783 1725 text 0
7606 2794 8149 2794 8149 2842 7606 2842 text 0
7606 2637 8149 2637 8149 2733 7606 2733 text 0
7618 2739 7759 2739 7759 2788 7618 2788 text 0
7783 2739 8114 2739 8114 2788 7783 2788 text 0
7606 3502 8149 3502 8149 3551 7606 3551 text 0
7606 3345 8149 3345 8149 3442 7606 3442 text 0
7996 3448 8137 3448 8137 3496 7996 3496 text 0
7641 3448 7972 3448 7972 3496 7641 3496 text 0
7606 4802 8149 4802 8149 4850 7606 4850 text 0
7606 4645 8149 4645 8149 4741 7606 4741 text 0
7996 4747 8137 4747 8137 4795 7996 4795 text 0
7641 4747 7972 4747 7972 4795 7641 4795 text 0
4160 2135 4295 2135 4295 2183 4160 2183 text 0
4444 2137 4579 2137 4579 2185 4444 2185 text 0
5669 1736 5699 1736 5699 1784 5669 1784 text 0
6352 1736 6382 1736 6382 1784 6352 1784 text 0
6106 495 6171 495 6171 543 6106 543 text 0
5812 3955 5856 3955 5856 4003 5812 4003 text 0
5813 4002 5855 4002 5855 4050 5813 4050 text 0
5482 4297 5524 4297 5524 4345 5482 4345 text 0
7531 5999 7586 5999 7586 6047 7531 6047 text 0
7517 6090 7600 6090 7600 6138 7517 6138 text 0
7537 6039 7580 6039 7580 6087 7537 6087 text 0
7531 6235 7586 6235 7586 6283 7531 6283 text 0
7517 6326 7600 6326 7600 6374 7517 6374 text 0
7543 6275 7574 6275 7574 6323 7543 6323 text 0
7653 5787 7947 5787 7947 5883 7653 5883 text 0
7653 6047 7863 6047 7863 6095 7653 6095 text 0
7653 6260 7852 6260 7852 6355 7653 6355 text 0
6176 5149 6364 5149 6364 5197 6176 5197 text 0
6176 5338 6345 5338 6345 5386 6176 5386 text 0
6176 5539 6454 5539 6454 5587 6176 5587 text 0
4843 6353 5076 6353 5076 6449 4843 6449 text 0
5150 6353 5360 6353 5360 6401 5150 6401 text 0
5468 6353 5632 6353 5632 6449 5468 6449 text 0
3573 3177 4056 3177 4056 3239 3573 3239 text 0
3573 5303 4056 5303 4056 5365 3573 5365 text 0
6089 2244 6760 2244 6760 2306 6089 2306 text 0
4773 4937 5478 4937 5478 4999 4773 4999 text 0
5114 1605 5290 1605 5290 1654 5114 1654 text 0
5527 1723 5645 1723 5645 1820 5527 1820 text 0
6401 1723 6519 1723 6519 1820 6401 1820 text 0
7121 1582 7285 1582 7285 1630 7121 1630 text 0
7167 1477 7241 1477 7241 1569 7167 1569 text 0
7170 1406 7239 1406 7239 1452 7170 1452 text 0
7121 2645 7285 2645 7285 2693 7121 2693 text 0
7167 2540 7241 2540 7241 2632 7167 2632 text 0
7170 2469 7239 2469 7239 2515 7170 2515 text 0
7121 3353 7285 3353 7285 3402 7121 3402 text 0
7167 3249 7241 3249 7241 3341 7167 3341 text 0
7170 3177 7239 3177 7239 3224 7170 3224 text 0
7121 4653 7285 4653 7285 4701 7121 4701 text 0
7167 4548 7241 4548 7241 4640 7167 4640 text 0
7170 4477 7239 4477 7239 4523 7170 4523 text 0
7121 6554 7343 6554 7343 6603 7121 6603 text 0
4408 2232 4543 2232 4543 2279 4408 2279 text 0
2527 2078 2645 2078 2645 2126 2527 2126 text 0
2303 2066 2449 2066 2449 2114 2303 2114 text 0
1877 2444 2054 2444 2054 2492 1877 2492 text 0
2350 4086 2468 4086 2468 4134 2350 4134 text 0
2125 4074 2272 4074 2272 4122 2125 4122 text 0
1877 4452 2054 4452 2054 4500 1877 4500 text 0
968 3401 1131 3401 1131 3449 968 3449 text 0
1014 3296 1088 3296 1088 3388 1014 3388 text 0
1016 3225 1085 3225 1085 3271 1016 3271 text 0
968 4464 1131 4464 1131 4512 968 4512 text 0
1014 4359 1088 4359 1088 4451 1014 4451 text 0
1016 4288 1085 4288 1085 4334 1016 4334 text 0
968 5645 1131 5645 1131 5693 968 5693 text 0
1014 5540 1088 5540 1088 5633 1014 5633 text 0
1016 5469 1085 5469 1085 5515 1016 5515 text 0
1240 4570 1358 4570 1358 4618 1240 4618 text 0
1240 5751 1358 5751 1358 5799 1240 5799 text 0
3224 5137 3387 5137 3387 5185 3224 5185 text 0
3224 5436 3387 5436 3387 5485 3224 5485 text 0
3543 5413 3706 5413 3706 5461 3543 5461 text 0
3537 5105 3655 5105 3655 5202 3537 5202 text 0
3696 5149 3859 5149 3859 5197 3696 5197 text 0
4074 5149 4237 5149 4237 5197 4074 5197 text 0
4074 5413 4237 5413 4237 5461 4074 5461 text 0
3224 3011 3387 3011 3387 3059 3224 3059 text 0
3283 3286 3404 3286 3404 3383 3283 3383 text 0
3531 3298 3652 3298 3652 3395 3531 3395 text 0
3537 2979 3655 2979 3655 3076 3537 3076 text 0
3696 3294 3859 3294 3859 3343 3696 3343 text 0
4074 3023 4237 3023 4237 3071 4074 3071 text 0
4074 3287 4237 3287 4237 3335 4074 3335 text 0
3462 3731 3625 3731 3625 3780 3462 3780 text 0
3992 3731 4155 3731 4155 3780 3992 3780 text 0
3700 3884 3929 3884 3929 3981 3700 3981 text 0
4476 3743 4652 3743 4652 3792 4476 3792 text 0
5366 3317 5523 3317 5523 3414 5366 3414 text 0
5858 2786 5976 2786 5976 2883 5858 2883 text 0
5610 2692 5728 2692 5728 2740 5610 2740 text 0
6082 2692 6200 2692 6200 2740 6082 2740 text 0
4175 2184 4352 2184 4352 2280 4175 2280 text 0
4417 2042 4439 2042 4439 2091 4417 2091 text 0
4299 2042 4323 2042 4323 2091 4299 2091 text 0
4405 2149 4427 2149 4427 2197 4405 2197 text 0
5610 4015 5773 4015 5773 4063 5610 4063 text 0
5362 4074 5525 4074 5525 4122 5362 4122 text 0
5645 4794 5763 4794 5763 4843 5645 4843 text 0
5338 4794 5456 4794 5456 4843 5338 4843 text 0
6153 4700 6271 4700 6271 4748 6153 4748 text 0
5279 3862 5630 3862 5630 3909 5279 3909 text 0
6295 2314 6500 2314 6500 2362 6295 2362 text 0
2338 4298 2460 4298 2460 4347 2338 4347 text 0
2515 2290 2637 2290 2637 2339 2515 2339 text 0
2271 5655 2740 5655 2740 5703 2271 5703 text 0
5574 4298 5696 4298 5696 4347 5574 4347 text 0
5775 4109 5897 4109 5897 4158 5775 4158 text 0
7354 6685 7527 6685 7527 6732 7354 6732 text 0
7179 6426 7253 6426 7253 6518 7179 6518 text 0
7181 6355 7251 6355 7251 6401 7181 6401 text 0
968 3755 1131 3755 1131 3803 968 3803 text 0
1014 3650 1088 3650 1088 3743 1014 3743 text 0
1016 3579 1085 3579 1085 3625 1016 3625 text 0
553 3779 886 3779 886 3874 553 3874 text 0
553 3424 886 3424 886 3520 553 3520 text 0
5167 596 5191 596 5191 643 5167 643 text 0
5050 613 5106 613 5106 661 5050 661 text 0
5036 704 5120 704 5120 752 5036 752 text 0
5063 653 5093 653 5093 701 5063 701 text 0
5995 507 6051 507 6051 554 5995 554 text 0
5981 598 6065 598 6065 645 5981 645 text 0
5996 547 6051 547 6051 594 5996 594 text 0
5867 2628 5942 2628 5942 2763 5867 2763 diaphragm 0
5543 5105 5543 5098 5558 5098 5558 5105 connector 0
5431 4749 5461 4749 5461 4794 5431 4794 flanged_nozzle 0
5671 4794 5641 4794 5641 4749 5671 4749 flanged_nozzle 0
3435 5178 3435 5208 3390 5208 3390 5178 flanged_nozzle 0
3530 5178 3530 5208 3485 5208 3485 5178 flanged_nozzle 0
3435 5397 3435 5427 3390 5427 3390 5397 flanged_nozzle 0
4061 5178 4061 5208 4016 5208 4016 5178 flanged_nozzle 0
3979 5178 3979 5208 3934 5208 3934 5178 flanged_nozzle 0
4061 3271 4061 3301 4016 3301 4016 3271 flanged_nozzle 0
3683 3271 3683 3301 3638 3301 3638 3271 flanged_nozzle 0
3530 3271 3530 3301 3485 3301 3485 3271 flanged_nozzle 0
3435 3271 3435 3301 3390 3301 3390 3271 flanged_nozzle 0
3530 3052 3530 3082 3485 3082 3485 3052 flanged_nozzle 0
3435 3052 3435 3082 3390 3082 3390 3052 flanged_nozzle 0
3979 3271 3979 3301 3934 3301 3934 3271 flanged_nozzle 0
4061 5397 4061 5427 4016 5427 4016 5397 flanged_nozzle 0
3530 5397 3530 5427 3485 5427 3485 5397 flanged_nozzle 0
3683 5178 3683 5208 3638 5208 3638 5178 flanged_nozzle 0
4061 3052 4061 3082 4016 3082 4016 3052 flanged_nozzle 0
5610 5098 5492 5098 5492 4861 5610 4861 electric_motor_general 0
5969 1287 5999 1287 5999 1287 5969 1287 pipe_nozzle 0
6218 1287 6188 1287 6188 1287 6218 1287 pipe_nozzle 0
6094 1411 6094 1381 6094 1381 6094 1411 pipe_nozzle 0
6094 1162 6094 1192 6094 1192 6094 1162 pipe_nozzle 0
6023 1989 6023 2019 6023 2019 6023 1989 pipe_nozzle 0
6094 1989 6094 2019 6094 2019 6094 1989 pipe_nozzle 0
6023 2238 6023 2208 6023 2208 6023 2238 pipe_nozzle 0
6148 2102 6118 2102 6118 2102 6148 2102 pipe_nozzle 0
5899 2102 5929 2102 5929 2102 5899 2102 pipe_nozzle 0
6023 1411 6023 1381 6023 1381 6023 1411 pipe_nozzle 0
