4051 3873 4051 3780 4098 3780 4098 3873 check_valve 0
6449 2858 6542 2858 6542 2905 6449 2905 check_valve 0
3556 4039 3648 4039 3648 4086 3556 4086 check_valve 0
6011 5527 6059 5527 6059 5575 6011 5575 concentric_reducer 0
6271 5575 6224 5575 6224 5527 6271 5527 concentric_reducer 0
4287 4511 4334 4511 4334 4559 4287 4559 concentric_reducer 0
4523 5279 4570 5279 4570 5327 4523 5327 concentric_reducer 0
4169 2445 4169 2397 4216 2397 4216 2445 concentric_reducer 0
4039 2267 4086 2267 4086 2315 4039 2315 concentric_reducer 0
4275 1677 4322 1677 4322 1724 4275 1724 concentric_reducer 0
4405 1854 4405 1807 4452 1807 4452 1854 concentric_reducer 0
4700 3141 4700 3094 4748 3094 4748 3141 concentric_reducer 0
4748 2515 4748 2563 4700 2563 4700 2515 concentric_reducer 0
3850 3768 3850 3721 3897 3721 3897 3768 concentric_reducer 0
6833 5282 6985 5282 6985 5434 6833 5434 discrete_instruments_field_mounted 0
5474 2612 5627 2612 5627 2765 5474 2765 discrete_instruments_field_mounted 0
5061 2612 5213 2612 5213 2765 5061 2765 discrete_instruments_field_mounted 0
5250 2475 5402 2475 5402 2627 5250 2627 discrete_instruments_field_mounted 0
5474 2333 5627 2333 5627 2485 5474 2485 discrete_instruments_field_mounted 0
5711 2612 5863 2612 5863 2765 5711 2765 discrete_instruments_field_mounted 0
4967 3455 5119 3455 5119 3607 4967 3607 discrete_instruments_field_mounted 0
5274 3455 5426 3455 5426 3607 5274 3607 discrete_instruments_field_mounted 0
2522 2848 2674 2848 2674 3001 2522 3001 discrete_instruments_field_mounted 0
2994 2848 3147 2848 3147 3001 2994 3001 discrete_instruments_field_mounted 0
2994 2569 3147 2569 3147 2721 2994 2721 discrete_instruments_field_mounted 0
5002 6156 5154 6156 5154 6308 5002 6308 discrete_instruments_field_mounted 0
4530 6156 4682 6156 4682 6308 4530 6308 discrete_instruments_field_mounted 0
4530 5876 4682 5876 4682 6029 4530 6029 discrete_instruments_field_mounted 0
5002 5282 5154 5282 5154 5434 5002 5434 discrete_instruments_field_mounted 0
4700 1903 4700 1886 4748 1886 4748 1903 flange 0
4689 3743 4689 3760 4641 3760 4641 3743 flange 0
3897 3315 3897 3332 3850 3332 3850 3315 flange 0
4216 3328 4216 3346 4169 3346 4169 3328 flange 0
4452 3328 4452 3346 4405 3346 4405 3328 flange 0
4748 3328 4748 3346 4700 3346 4700 3328 flange 0
4888 3437 4871 3437 4871 3389 4888 3389 flange 0
4894 3673 4877 3673 4877 3626 4894 3626 flange 0
4051 3761 4051 3743 4098 3743 4098 3761 flange 0
4405 3746 4405 3728 4452 3728 4452 3746 flange 0
3518 4039 3536 4039 3536 4086 3518 4086 flange 0
4778 1880 4764 1871 4791 1832 4805 1842 flange 0
6459 5575 6367 5575 6367 5527 6459 5527 gate_valve 0
5916 5575 5823 5575 5823 5527 5916 5527 gate_valve 0
6648 5575 6556 5575 6556 5527 6648 5527 gate_valve 0
5727 5575 5634 5575 5634 5527 5727 5527 gate_valve 0
4452 3780 4452 3873 4405 3873 4405 3780 gate_valve 0
3469 4559 3376 4559 3376 4511 3469 4511 gate_valve 0
4689 3780 4689 3873 4641 3873 4641 3780 gate_valve 0
3469 5327 3376 5327 3376 5279 3469 5279 gate_valve 0
6863 2858 6955 2858 6955 2905 6863 2905 gate_valve 0
6459 5811 6367 5811 6367 5763 6459 5763 gate_valve 0
4700 2833 4700 2741 4748 2741 4748 2833 gate_valve 0
3934 4039 4026 4039 4026 4086 3934 4086 gate_valve 0
3376 4039 3469 4039 3469 4086 3376 4086 gate_valve 0
4605 5019 4512 5019 4512 4972 4605 4972 gate_valve 0
6187 5575 6095 5575 6095 5527 6187 5527 globe_valve 0
6187 5811 6095 5811 6095 5763 6187 5763 globe_valve 0
6449 3094 6542 3094 6542 3141 6449 3141 globe_valve 0
4700 2691 4700 2599 4748 2599 4748 2691 globe_valve 0
7605 2850 8150 2850 8150 2913 7605 2913 off_page_connector 0
353 4031 898 4031 898 4094 353 4094 off_page_connector 0
7605 6394 8150 6394 8150 6456 7605 6456 off_page_connector 0
353 3087 898 3087 898 3149 353 3149 off_page_connector 0
4912 2055 5032 2055 5032 2221 4912 2221 open_drain_connectors 0
4689 3758 4689 3790 4559 3790 4559 3758 open_figure_8_blind 0
3968 3746 3968 3713 4098 3713 4098 3746 open_figure_8_blind 0
3533 3956 3566 3956 3566 4086 3533 4086 open_figure_8_blind 0
4216 2337 4130 2337 4130 2200 4216 2200 pressure_relief_or_safety_valve 0
4452 1747 4366 1747 4366 1609 4452 1609 pressure_relief_or_safety_valve 0
3850 3459 3850 3337 3897 3337 3897 3459 removable_spool 0
5771 2858 5803 2858 5803 2905 5771 2905 restriction_orifice 0
6065 5002 6217 5002 6217 5155 6065 5155 shared_display_and_control_primary_location_normally_accessible_to_an_operator 0
5061 2333 5213 2333 5213 2485 5061 2485 shared_display_and_control_primary_location_normally_accessible_to_an_operator 0
5474 2069 5627 2069 5627 2221 5474 2221 shared_display_and_control_primary_location_normally_accessible_to_an_operator 0
5711 2333 5863 2333 5863 2485 5711 2485 shared_display_and_control_primary_location_normally_accessible_to_an_operator 0
5687 3455 5839 3455 5839 3607 5687 3607 shared_display_and_control_primary_location_normally_accessible_to_an_operator 0
6065 3455 6217 3455 6217 3607 6065 3607 shared_display_and_control_primary_location_normally_accessible_to_an_operator 0
2522 2569 2674 2569 2674 2721 2522 2721 shared_display_and_control_primary_location_normally_accessible_to_an_operator 0
2994 2305 3147 2305 3147 2457 2994 2457 shared_display_and_control_primary_location_normally_accessible_to_an_operator 0
4530 5612 4682 5612 4682 5765 4530 5765 shared_display_and_control_primary_location_normally_accessible_to_an_operator 0
5002 5876 5154 5876 5154 6029 5002 6029 shared_display_and_control_primary_location_normally_accessible_to_an_operator 0
7737 5611 7616 5611 7616 5491 7737 5491 utility_conenction 0
1770 4475 1890 4475 1890 4595 1770 4595 utility_conenction 0
4522 5038 4642 5038 4642 5158 4522 5158 utility_conenction 0
4120 4841 4241 4841 4241 4961 4120 4961 utility_conenction 0
4426 5280 4305 5280 4305 5160 4426 5160 utility_conenction 0
6955 5597 6863 5597 6863 5505 6955 5505 vortex 0
4452 4581 4382 4581 4382 4489 4452 4489 angle_blowdown_valve 0
4689 5349 4619 5349 4619 5257 4689 5257 angle_blowdown_valve 0
6215 3380 6292 3380 6292 3457 6215 3457 function_unspecified 0
6334 5670 6302 5670 6302 5550 6334 5550 gate_valve_with_plug 0
5791 5670 5758 5670 5758 5550 5791 5550 gate_valve_with_plug 0
5980 5670 5947 5670 5947 5550 5980 5550 gate_valve_with_plug 0
6523 5670 6491 5670 6491 5550 6523 5550 gate_valve_with_plug 0
4161 4654 4128 4654 4128 4534 4161 4534 gate_valve_with_plug 0
4398 5422 4365 5422 4365 5302 4398 5302 gate_valve_with_plug 0
6775 2880 6808 2880 6808 3001 6775 3001 gate_valve_with_plug 0
6334 5906 6302 5906 6302 5786 6334 5786 gate_valve_with_plug 0
3704 4061 3737 4061 3737 4182 3704 4182 gate_valve_with_plug 0
4289 4920 4442 4920 4442 5072 4289 5072 sample_connection 0
3955 3388 4855 3388 4855 3686 3955 3686 shell_type_k 0
4589 4695 4741 4695 4741 4893 4589 4893 variable_area_flowmeter 0
4675 1333 4772 1333 4772 1843 4675 1843 vent_silencer_equipment 0
3211 4569 3544 4569 3544 4654 3211 4654 spec_break 0
3199 5338 3556 5338 3556 5410 3199 5410 spec_break 0
4747 2920 4914 2920 4914 3001 4747 3001 spec_break 0
4946 2552 4946 2649 4758 2649 4758 2552 spec_break 0
3211 4097 3544 4097 3544 4170 3211 4170 spec_break 0
5854 2700 6004 2700 6004 2850 5854 2850 annotation 0
6669 5346 6819 5346 6819 5496 6669 5496 annotation 0
4622 1693 4472 1693 4472 1543 4622 1543 annotation 0
6199 5319 6349 5319 6349 5469 6199 5469 annotation 0
4385 2283 4235 2283 4235 2133 4385 2133 annotation 0
6113 5007 6169 5007 6169 5054 6113 5054 text 0
6099 5098 6183 5098 6183 5145 6099 5145 text 0
6114 5047 6168 5047 6168 5095 6114 5095 text 0
6881 5293 6937 5293 6937 5340 6881 5340 text 0
6867 5375 6951 5375 6951 5423 6867 5423 text 0
6888 5334 6929 5334 6929 5382 6888 5382 text 0
5523 2623 5578 2623 5578 2671 5523 2671 text 0
5509 2706 5592 2706 5592 2754 5509 2754 text 0
5529 2665 5572 2665 5572 2712 5529 2712 text 0
5226 2320 5250 2320 5250 2368 5226 2368 text 0
5109 2337 5165 2337 5165 2385 5109 2385 text 0
5095 2428 5179 2428 5179 2476 5095 2476 text 0
5122 2377 5153 2377 5153 2425 5122 2425 text 0
5109 2623 5165 2623 5165 2671 5109 2671 text 0
5095 2706 5179 2706 5179 2754 5095 2754 text 0
5116 2665 5158 2665 5158 2712 5116 2712 text 0
5298 2486 5354 2486 5354 2533 5298 2533 text 0
5280 2568 5373 2568 5373 2616 5280 2616 text 0
5311 2527 5342 2527 5342 2575 5311 2575 text 0
5523 2344 5578 2344 5578 2392 5523 2392 text 0
5509 2427 5592 2427 5592 2474 5509 2474 text 0
5530 2385 5571 2385 5571 2433 5530 2433 text 0
5523 2073 5578 2073 5578 2121 5523 2121 text 0
5509 2164 5592 2164 5592 2212 5509 2212 text 0
5536 2114 5566 2114 5566 2161 5536 2161 text 0
5759 2337 5815 2337 5815 2385 5759 2385 text 0
5745 2428 5829 2428 5829 2476 5745 2476 text 0
5772 2377 5802 2377 5802 2425 5772 2425 text 0
5759 2623 5815 2623 5815 2671 5759 2671 text 0
5745 2706 5829 2706 5829 2754 5745 2754 text 0
5766 2665 5807 2665 5807 2712 5766 2712 text 0
5852 3442 5876 3442 5876 3490 5852 3490 text 0
5735 3459 5791 3459 5791 3507 5735 3507 text 0
5721 3550 5805 3550 5805 3598 5721 3598 text 0
5737 3500 5789 3500 5789 3547 5737 3547 text 0
6113 3459 6169 3459 6169 3507 6113 3507 text 0
6099 3550 6183 3550 6183 3598 6099 3598 text 0
6120 3500 6162 3500 6162 3547 6120 3547 text 0
5015 3466 5071 3466 5071 3514 5015 3514 text 0
5001 3549 5085 3549 5085 3596 5001 3596 text 0
5021 3507 5065 3507 5065 3555 5021 3555 text 0
5322 3466 5378 3466 5378 3514 5322 3514 text 0
5308 3549 5392 3549 5392 3596 5308 3596 text 0
5330 3507 5369 3507 5369 3555 5330 3555 text 0
2570 2574 2626 2574 2626 2621 2570 2621 text 0
2556 2665 2640 2665 2640 2712 2556 2712 text 0
2582 2614 2613 2614 2613 2661 2582 2661 text 0
2570 2859 2626 2859 2626 2907 2570 2907 text 0
2556 2942 2640 2942 2640 2990 2556 2990 text 0
2577 2901 2619 2901 2619 2948 2577 2948 text 0
3043 2859 3098 2859 3098 2907 3043 2907 text 0
3029 2942 3112 2942 3112 2990 3029 2990 text 0
3049 2901 3092 2901 3092 2948 3049 2948 text 0
3043 2310 3098 2310 3098 2357 3043 2357 text 0
3029 2401 3112 2401 3112 2448 3029 2448 text 0
3055 2350 3085 2350 3085 2397 3055 2397 text 0
3043 2580 3098 2580 3098 2628 3043 2628 text 0
3029 2663 3112 2663 3112 2710 3029 2710 text 0
3050 2621 3091 2621 3091 2669 3050 2669 text 0
5050 6167 5106 6167 5106 6214 5050 6214 text 0
5036 6249 5120 6249 5120 6297 5036 6297 text 0
5057 6208 5099 6208 5099 6256 5057 6256 text 0
4578 5617 4634 5617 4634 5665 4578 5665 text 0
4564 5708 4648 5708 4648 5755 4564 5755 text 0
4591 5657 4621 5657 4621 5705 4591 5705 text 0
4578 6167 4634 6167 4634 6214 4578 6214 text 0
4564 6249 4648 6249 4648 6297 4564 6297 text 0
4585 6208 4627 6208 4627 6256 4585 6256 text 0
5050 5881 5106 5881 5106 5928 5050 5928 text 0
5036 5972 5120 5972 5120 6019 5036 6019 text 0
5063 5921 5094 5921 5094 5969 5063 5969 text 0
4578 5887 4634 5887 4634 5935 4578 5935 text 0
4564 5970 4648 5970 4648 6018 4564 6018 text 0
4585 5929 4626 5929 4626 5976 4585 5976 text 0
5852 3578 5870 3578 5870 3626 5852 3626 text 0
5050 5293 5106 5293 5106 5340 5050 5340 text 0
5036 5375 5120 5375 5120 5423 5036 5423 text 0
5055 5334 5101 5334 5101 5382 5055 5382 text 0
4343 4931 4388 4931 4388 4978 4343 4978 text 0
4344 5013 4387 5013 4387 5061 4344 5061 text 0
4333 4972 4398 4972 4398 5020 4333 5020 text 0
3266 2054 3583 2054 3583 2149 3266 2149 text 0
3266 1463 3583 1463 3583 1559 3266 1559 text 0
4565 1109 4882 1109 4882 1204 4565 1204 text 0
4915 2165 5028 2165 5028 2216 4915 2216 text 0
3382 1842 3703 1842 3703 1890 3382 1890 text 0
3382 2433 3703 2433 3703 2480 3382 2480 text 0
7606 2912 8149 2912 8149 2960 7606 2960 text 0
7606 2803 8149 2803 8149 2852 7606 2852 text 0
7618 2857 7759 2857 7759 2906 7618 2906 text 0
7783 2857 8114 2857 8114 2906 7783 2906 text 0
354 4093 897 4093 897 4141 354 4141 text 0
354 3984 897 3984 897 4033 354 4033 text 0
366 4038 507 4038 507 4087 366 4087 text 0
531 4038 862 4038 862 4087 531 4087 text 0
7567 5615 7787 5615 7787 5664 7567 5664 text 0
7620 5555 7733 5555 7733 5606 7620 5606 text 0
7620 5496 7733 5496 7733 5547 7620 5547 text 0
1720 4600 1940 4600 1940 4648 1720 4648 text 0
1774 4539 1887 4539 1887 4590 1774 4590 text 0
1774 4480 1887 4480 1887 4531 1774 4531 text 0
7606 6455 8149 6455 8149 6504 7606 6504 text 0
7606 6347 8149 6347 8149 6395 7606 6395 text 0
7618 6401 7759 6401 7759 6449 7618 6449 text 0
7783 6401 8114 6401 8114 6449 7783 6449 text 0
354 3148 897 3148 897 3196 354 3196 text 0
354 3039 897 3039 897 3088 354 3088 text 0
366 3094 507 3094 507 3142 366 3142 text 0
531 3094 862 3094 862 3142 531 3142 text 0
4526 5102 4639 5102 4639 5153 4526 5153 text 0
4526 5043 4639 5043 4639 5094 4526 5094 text 0
4124 4905 4237 4905 4237 4956 4124 4956 text 0
4124 4846 4237 4846 4237 4897 4124 4897 text 0
4309 5224 4422 5224 4422 5275 4309 5275 text 0
4309 5165 4422 5165 4422 5216 4309 5216 text 0
6094 5621 6187 5621 6187 5670 6094 5670 text 0
6165 4948 6209 4948 6209 4996 6165 4996 text 0
2976 4476 3097 4476 3097 4524 2976 4524 text 0
2527 4476 2649 4476 2649 4524 2527 4524 text 0
4440 4228 4440 4107 4488 4107 4488 4228 text 0
4676 4228 4676 4107 4724 4107 4724 4228 text 0
2976 5314 3097 5314 3097 5362 2976 5362 text 0
4782 5114 4782 4936 4831 4936 4831 5114 text 0
3484 2479 3605 2479 3605 2528 3484 2528 text 0
3484 1889 3605 1889 3605 1937 3484 1937 text 0
5114 3460 5190 3460 5190 3508 5114 3508 text 0
5551 3176 5728 3176 5728 3225 5551 3225 text 0
5421 3460 5467 3460 5467 3508 5421 3508 text 0
5160 4086 5160 3908 5209 3908 5209 4086 text 0
3496 3613 3617 3613 3617 3662 3496 3662 text 0
6300 641 6450 641 6450 689 6300 689 text 0
5185 731 5403 731 5403 780 5185 780 text 0
4293 4865 4433 4865 4433 4913 4293 4913 text 0
5409 3578 5528 3578 5528 3626 5409 3626 text 0
5409 3619 5549 3619 5549 3667 5409 3667 text 0
7176 2892 7316 2892 7316 2940 7176 2940 text 0
4756 3094 4834 3094 4834 3142 4756 3142 text 0
4272 4464 4349 4464 4349 4512 4272 4512 text 0
4508 5232 4585 5232 4585 5279 4508 5279 text 0
4455 1806 4591 1806 4591 1854 4455 1854 text 0
4260 1627 4337 1627 4337 1675 4260 1675 text 0
6209 5474 6286 5474 6286 5522 6209 5522 text 0
4605 2515 4701 2515 4701 2563 4605 2563 text 0
4219 2397 4354 2397 4354 2445 4219 2445 text 0
5996 5474 6074 5474 6074 5522 5996 5522 text 0
4024 2218 4101 2218 4101 2265 4024 2265 text 0
3436 3535 3673 3535 3673 3598 3436 3598 text 0
4835 2929 4920 2929 4920 2976 4835 2976 text 0
4748 2929 4829 2929 4829 2976 4748 2976 text 0
7008 5490 7518 5490 7518 5537 7008 5537 text 0
4357 2772 4357 2509 4405 2509 4405 2772 text 0
7008 2820 7494 2820 7494 2868 7008 2868 text 0
1108 3056 1584 3056 1584 3104 1108 3104 text 0
7008 6364 7485 6364 7485 6411 7008 6411 text 0
4120 2772 4120 2509 4169 2509 4169 2772 text 0
4795 1610 5078 1610 5078 1672 4795 1672 text 0
3407 4103 3551 4103 3551 4152 3407 4152 text 0
3205 4103 3349 4103 3349 4152 3205 4152 text 0
3419 4157 3504 4157 3504 4205 3419 4205 text 0
3270 4157 3312 4157 3312 4205 3270 4205 text 0
4465 4574 4570 4574 4570 4622 4465 4622 text 0
4530 4618 4623 4618 4623 4665 4530 4665 text 0
3739 4122 3798 4122 3798 4170 3739 4170 text 0
1108 4001 1556 4001 1556 4049 1108 4049 text 0
3952 4086 4010 4086 4010 4134 3952 4134 text 0
3205 4588 3349 4588 3349 4637 3205 4637 text 0
3205 5343 3349 5343 3349 5391 3205 5391 text 0
4193 1765 4336 1765 4336 1813 4193 1813 text 0
4193 1818 4336 1818 4336 1866 4193 1866 text 0
4794 2549 4937 2549 4937 2597 4794 2597 text 0
4794 2601 4937 2601 4937 2649 4794 2649 text 0
3956 2355 4100 2355 4100 2404 3956 2404 text 0
3956 2409 4100 2409 4100 2457 3956 2457 text 0
3791 820 4475 820 4475 868 3791 868 text 0
3792 584 3962 584 3962 632 3792 632 text 0
3792 525 4209 525 4209 573 3792 573 text 0
5264 820 5330 820 5330 868 5264 868 text 0
4571 702 4735 702 4735 750 4571 750 text 0
4629 820 4677 820 4677 868 4629 868 text 0
4960 820 5008 820 5008 868 4960 868 text 0
4919 761 5049 761 5049 809 4919 809 text 0
4902 702 5065 702 5065 750 4902 750 text 0
4588 761 4718 761 4718 809 4588 809 text 0
4939 643 5028 643 5028 691 4939 691 text 0
4600 643 4706 643 4706 691 4600 691 text 0
4232 383 4708 383 4708 441 4232 441 text 0
4359 297 4581 297 4581 375 4359 375 text 0
4777 525 4860 525 4860 573 4777 573 text 0
4786 466 4851 466 4851 514 4786 514 text 0
3791 761 4257 761 4257 809 3791 809 text 0
3791 702 4271 702 4271 750 3791 750 text 0
3791 466 3981 466 3981 514 3791 514 text 0
4702 5342 4806 5342 4806 5390 4702 5390 text 0
4766 5385 4859 5385 4859 5433 4766 5433 text 0
5907 2751 5950 2751 5950 2799 5907 2799 text 0
5901 2710 5956 2710 5956 2758 5901 2758 text 0
5887 2793 5970 2793 5970 2840 5887 2840 text 0
6722 5397 6765 5397 6765 5445 6722 5445 text 0
6716 5356 6771 5356 6771 5403 6716 5403 text 0
6702 5438 6785 5438 6785 5486 6702 5486 text 0
4514 1594 4580 1594 4580 1642 4514 1642 text 0
4519 1552 4575 1552 4575 1600 4519 1600 text 0
4505 1635 4588 1635 4588 1683 4505 1683 text 0
6253 5370 6295 5370 6295 5418 6253 5418 text 0
6246 5329 6302 5329 6302 5377 6246 5377 text 0
6232 5412 6316 5412 6316 5459 6232 5459 text 0
4278 2184 4343 2184 4343 2232 4278 2232 text 0
4283 2143 4338 2143 4338 2191 4283 2191 text 0
4269 2226 4352 2226 4352 2273 4269 2273 text 0
3402 4588 3545 4588 3545 4637 3402 4637 text 0
3412 5343 3556 5343 3556 5391 3412 5391 text 0
5794 5610 5853 5610 5853 5658 5794 5658 text 0
4164 4588 4223 4588 4223 4636 4164 4636 text 0
4402 5358 4460 5358 4460 5406 4402 5406 text 0
6810 2941 6868 2941 6868 2988 6810 2988 text 0
6481 3047 6512 3047 6512 3095 6481 3095 text 0
6338 5607 6396 5607 6396 5655 6338 5655 text 0
6114 5574 6168 5574 6168 5622 6114 5622 text 0
6127 5811 6158 5811 6158 5859 6127 5859 text 0
6338 5840 6396 5840 6396 5888 6338 5888 text 0
4821 3354 4852 3354 4852 3401 4821 3401 text 0
4856 3572 4887 3572 4887 3620 4856 3620 text 0
6527 5610 6585 5610 6585 5658 6527 5658 text 0
5981 5610 6039 5610 6039 5658 5981 5658 text 0
3732 3720 3847 3720 3847 3767 3732 3767 text 0
4263 1428 4562 1428 4562 1476 4263 1476 text 0
4263 1476 4614 1476 4614 1523 4263 1523 text 0
4263 1523 4461 1523 4461 1571 4263 1571 text 0
4027 2019 4325 2019 4325 2067 4027 2067 text 0
4027 2066 4378 2066 4378 2114 4027 2114 text 0
4027 2114 4225 2114 4225 2161 4027 2161 text 0
6887 2904 6931 2904 6931 2951 6887 2951 text 0
6312 584 6442 584 6442 632 6312 632 text 0
6326 466 6428 466 6428 514 6326 514 text 0
6324 525 6435 525 6435 573 6324 573 text 0
5564 525 6039 525 6039 573 5564 573 text 0
5562 584 6028 584 6028 632 5562 632 text 0
5562 643 5641 643 5641 691 5562 691 text 0
5562 466 5848 466 5848 514 5562 514 text 0
5972 297 6239 297 6239 375 5972 375 text 0
6006 383 6206 383 6206 441 6006 441 text 0
4103 4588 4127 4588 4127 4636 4103 4636 text 0
3670 4116 3694 4116 3694 4164 3670 4164 text 0
4332 5358 4355 5358 4355 5406 4332 5406 text 0
6738 2941 6761 2941 6761 2988 6738 2988 text 0
4166 3401 4216 3401 4216 3448 4166 3448 text 0
4638 3448 4690 3448 4690 3495 4638 3495 text 0
4449 3684 4501 3684 4501 3732 4449 3732 text 0
4095 3684 4146 3684 4146 3732 4095 3732 text 0
4403 3401 4452 3401 4452 3448 4403 3448 text 0
4697 3401 4749 3401 4749 3448 4697 3448 text 0
4857 3448 4916 3448 4916 3495 4857 3495 text 0
4822 3672 4881 3672 4881 3720 4822 3720 text 0
3847 3507 3898 3507 3898 3555 3847 3555 text 0
3847 3625 3898 3625 3898 3673 3847 3673 text 0
4948 1811 5400 1811 5400 1859 4948 1859 text 0
5729 5607 5753 5607 5753 5655 5729 5655 text 0
5916 5607 5940 5607 5940 5655 5916 5655 text 0
6272 5607 6296 5607 6296 5655 6272 5655 text 0
6460 5607 6484 5607 6484 5655 6460 5655 text 0
6271 5840 6295 5840 6295 5888 6271 5888 text 0
4204 3436 4445 3436 4445 3532 4204 3532 text 0
4606 4404 4606 3939 4653 3939 4653 4404 text 0
4369 4404 4369 3939 4417 3939 4417 4404 text 0
2805 5241 3269 5241 3269 5289 2805 5289 text 0
1990 4474 2454 4474 2454 4521 1990 4521 text 0
3493 1639 3969 1639 3969 1687 3493 1687 text 0
3493 2230 3969 2230 3969 2277 3493 2277 text 0
4133 3297 4133 2815 4181 2815 4181 3297 text 0
4369 3297 4369 2815 4417 2815 4417 3297 text 0
4665 2444 4665 1949 4712 1949 4712 2444 text 0
4637 4706 4693 4706 4693 4754 4637 4754 text 0
4642 4747 4688 4747 4688 4795 4642 4795 text 0
4623 4789 4707 4789 4707 4837 4623 4837 text 0
6237 3409 6272 3409 6272 3428 6237 3428 text 0
3899 3417 3899 3381 3923 3381 3923 3417 text 0
6104 5416 6179 5416 6179 5551 6104 5551 diaphragm 0
4097 3685 4097 3715 4052 3715 4052 3685 flanged_nozzle 0
4451 3685 4451 3715 4406 3715 4406 3685 flanged_nozzle 0
4857 3435 4827 3435 4827 3390 4857 3390 flanged_nozzle 0
4863 3672 4833 3672 4833 3627 4863 3627 flanged_nozzle 0
4451 3359 4451 3389 4406 3389 4406 3359 flanged_nozzle 0
4215 3359 4215 3389 4170 3389 4170 3359 flanged_nozzle 0
4746 3359 4746 3389 4701 3389 4701 3359 flanged_nozzle 0
3896 3466 3896 3496 3851 3496 3851 3466 flanged_nozzle 0
3896 3685 3896 3715 3851 3715 3851 3685 flanged_nozzle 0
4746 1842 4746 1872 4701 1872 4701 1842 flanged_nozzle 0
4760 1811 4802 1841 4773 1884 4730 1854 flanged_nozzle 0
4724 1346 4724 1316 4724 1316 4724 1346 pipe_nozzle 0
3767 3484 3956 3484 3956 3696 3767 3696 front_end_type_a 0
4677 1334 4771 1334 4771 1842 4677 1842 vent_silencer 0
