1913 4307 1913 4309 1866 4309 1866 4307 blind_flange 0
4283 4217 4283 4219 4236 4219 4236 4217 blind_flange 0
5068 4580 5068 4554 5071 4554 5071 4580 blind_flange 0
2638 4670 2638 4644 2641 4644 2641 4670 blind_flange 0
5428 4052 5521 4052 5521 4099 5428 4099 check_valve 0
3028 4142 3121 4142 3121 4189 3028 4189 check_valve 0
3501 5169 3533 5169 3533 5299 3501 5299 closed_figure_8_blind 0
5871 5079 5903 5079 5903 5209 5871 5209 closed_figure_8_blind 0
1528 2762 1576 2762 1576 2809 1528 2809 concentric_reducer 0
5851 2479 5803 2479 5803 2432 5851 2432 concentric_reducer 0
2716 4189 2668 4189 2668 4142 2716 4142 concentric_reducer 0
5123 4099 5076 4099 5076 4052 5123 4052 concentric_reducer 0
4453 1172 4501 1172 4501 1219 4453 1219 concentric_reducer 0
4816 1219 4768 1219 4768 1172 4816 1172 concentric_reducer 0
4873 3399 5026 3399 5026 3552 4873 3552 discrete_hardware_interlock_field_mounted 0
2443 3489 2596 3489 2596 3642 2443 3642 discrete_hardware_interlock_field_mounted 0
5386 3957 5233 3957 5233 3804 5386 3804 discrete_instruments_field_mounted 0
1966 4152 1813 4152 1813 3999 1966 3999 discrete_instruments_field_mounted 0
4336 4062 4183 4062 4183 3909 4336 3909 discrete_instruments_field_mounted 0
4558 3399 4711 3399 4711 3552 4558 3552 discrete_instruments_field_mounted 0
2128 3489 2281 3489 2281 3642 2128 3642 discrete_instruments_field_mounted 0
6703 2124 6856 2124 6856 2276 6703 2276 discrete_instruments_field_mounted 0
2956 4047 2803 4047 2803 3894 2956 3894 discrete_instruments_field_mounted 0
6223 2124 6376 2124 6376 2277 6223 2277 discrete_instruments_field_mounted 0
2143 3999 2296 3999 2296 4152 2143 4152 discrete_instruments_field_mounted 0
4543 3909 4696 3909 4696 4062 4543 4062 discrete_instruments_field_mounted 0
2276 4243 2324 4243 2324 4290 2276 4290 eccentric_reducer 0
4691 4153 4739 4153 4739 4200 4691 4200 eccentric_reducer 0
4328 4189 4311 4189 4311 4142 4328 4142 flange 0
2641 4189 2623 4189 2623 4142 2641 4142 flange 0
1628 4279 1611 4279 1611 4232 1628 4232 flange 0
5071 4099 5053 4099 5053 4052 5071 4052 flange 0
3968 4189 3951 4189 3951 4142 3968 4142 flange 0
2336 4232 2354 4232 2354 4279 2336 4279 flange 0
5811 4052 5828 4052 5828 4099 5811 4099 flange 0
4766 4142 4784 4142 4784 4189 4766 4189 flange 0
1958 4279 1941 4279 1941 4232 1958 4232 flange 0
3396 4142 3413 4142 3413 4189 3396 4189 flange 0
4191 4142 4208 4142 4208 4189 4191 4189 flange 0
1821 4232 1838 4232 1838 4279 1821 4279 flange 0
3548 5299 3531 5299 3531 5252 3548 5252 flange 0
5918 5209 5901 5209 5901 5162 5918 5162 flange 0
2379 4339 2391 4327 2424 4361 2412 4373 flange 0
2430 4139 2443 4150 2413 4187 2399 4175 flange 0
4857 4055 4870 4067 4837 4101 4824 4089 flange 0
4790 4232 4803 4221 4832 4259 4818 4270 flange 0
2183 4434 2183 4527 2136 4527 2136 4434 gate_valve 0
5663 4344 5663 4437 5616 4437 5616 4344 gate_valve 0
3293 4434 3293 4527 3246 4527 3246 4434 gate_valve 0
4583 4344 4583 4437 4536 4437 4536 4344 gate_valve 0
2393 4434 2393 4527 2346 4527 2346 4434 gate_valve 0
4793 4344 4793 4437 4746 4437 4746 4344 gate_valve 0
3418 5252 3511 5252 3511 5299 3418 5299 gate_valve 0
5788 5162 5881 5162 5881 5209 5788 5209 gate_valve 0
1591 4279 1498 4279 1498 4232 1591 4232 gate_valve 0
5941 4099 5848 4099 5848 4052 5941 4052 gate_valve 0
3526 4189 3433 4189 3433 4142 3526 4142 gate_valve 0
3931 4189 3838 4189 3838 4142 3931 4142 gate_valve 0
5131 1219 5038 1219 5038 1172 5131 1172 gate_valve 0
4321 1219 4228 1219 4228 1172 4321 1172 gate_valve 0
4943 1284 4943 1376 4896 1376 4896 1284 gate_valve 0
6976 2479 6883 2479 6883 2432 6976 2432 gate_valve 0
4681 1219 4588 1219 4588 1172 4681 1172 globe_valve 0
4588 1442 4681 1442 4681 1489 4588 1489 globe_valve 0
7708 2424 8254 2424 8254 2487 7708 2487 off_plot_connector 0
268 2754 814 2754 814 2817 268 2817 off_plot_connector 0
788 1226 243 1226 243 1164 788 1164 off_plot_connector 0
3750 6179 3629 6179 3629 6013 3750 6013 open_drain_connectors 0
5999 5941 6120 5941 6120 6107 5999 6107 open_drain_connectors 0
4859 1989 4980 1989 4980 2155 4859 2155 open_drain_connectors 0
3953 4189 3921 4189 3921 4059 3953 4059 open_figure_8_blind 0
1613 4279 1581 4279 1581 4149 1613 4149 open_figure_8_blind 0
3411 4059 3443 4059 3443 4189 3411 4189 open_figure_8_blind 0
5826 3969 5858 3969 5858 4099 5826 4099 open_figure_8_blind 0
6316 2479 6283 2479 6283 2432 6316 2432 restriction_orifice 0
6703 1764 6856 1764 6856 1916 6703 1916 shared_display_and_control_primary_location_normally_accessible_to_an_operator 0
6223 1764 6376 1764 6376 1916 6223 1916 shared_display_and_control_primary_location_normally_accessible_to_an_operator 0
4306 4212 4213 4212 4213 4142 4306 4142 t_type_strainer 0
1936 4302 1843 4302 1843 4232 1936 4232 t_type_strainer 0
4814 3928 4847 3928 4847 4002 4814 4002 gate_valve_with_plug 0
2390 4018 2423 4018 2423 4092 2390 4092 gate_valve_with_plug 0
5206 4077 5173 4077 5173 3956 5206 3956 gate_valve_with_plug 0
2776 4167 2743 4167 2743 4046 2776 4046 gate_valve_with_plug 0
6928 2319 7231 2319 7231 2367 6928 2367 spec_break 0
3373 5109 3676 5109 3676 5277 3373 5277 spec_break 0
5743 5019 6046 5019 6046 5187 5743 5187 spec_break 0
5128 4464 5371 4464 5371 4512 5128 4512 spec_break 0
2698 4577 2941 4577 2941 4624 2698 4624 spec_break 0
6224 2545 6374 2545 6374 2695 6224 2695 annotation 0
4687 963 4837 963 4837 1113 4687 1113 annotation 0
3585 403 4248 403 4248 461 3585 461 text 0
3785 317 4049 317 4049 395 3785 395 text 0
4166 663 4199 663 4199 711 4166 711 text 0
4141 604 4224 604 4224 651 4141 651 text 0
4141 545 4224 545 4224 592 4141 592 text 0
4141 486 4224 486 4224 533 4141 533 text 0
3368 663 3748 663 3748 711 3368 711 text 0
3368 603 3833 603 3833 652 3368 652 text 0
3368 544 3737 544 3737 593 3368 593 text 0
3368 485 3796 485 3796 534 3368 534 text 0
6868 1881 6887 1881 6887 1929 6868 1929 text 0
6752 1769 6807 1769 6807 1816 6752 1816 text 0
6738 1860 6821 1860 6821 1907 6738 1907 text 0
6764 1809 6795 1809 6795 1856 6764 1856 text 0
5282 3815 5337 3815 5337 3863 5282 3863 text 0
5261 3898 5358 3898 5358 3946 5261 3946 text 0
5286 3857 5333 3857 5333 3904 5286 3904 text 0
1862 4010 1917 4010 1917 4058 1862 4058 text 0
1841 4093 1938 4093 1938 4141 1841 4141 text 0
1854 4052 1925 4052 1925 4099 1854 4099 text 0
4232 3920 4287 3920 4287 3968 4232 3968 text 0
4211 4003 4308 4003 4308 4051 4211 4051 text 0
4224 3962 4295 3962 4295 4009 4224 4009 text 0
4607 3410 4662 3410 4662 3458 4607 3458 text 0
4586 3493 4683 3493 4683 3541 4586 3541 text 0
4612 3452 4657 3452 4657 3499 4612 3499 text 0
2177 3500 2232 3500 2232 3548 2177 3548 text 0
2156 3583 2253 3583 2253 3631 2156 3631 text 0
2182 3542 2227 3542 2227 3589 2182 3589 text 0
6752 2135 6807 2135 6807 2183 6752 2183 text 0
6738 2218 6821 2218 6821 2266 6738 2266 text 0
6758 2176 6801 2176 6801 2224 6758 2224 text 0
2852 3905 2907 3905 2907 3953 2852 3953 text 0
2831 3988 2928 3988 2928 4036 2831 4036 text 0
2856 3947 2903 3947 2903 3994 2856 3994 text 0
6272 1769 6327 1769 6327 1816 6272 1816 text 0
6258 1860 6341 1860 6341 1907 6258 1907 text 0
6273 1809 6326 1809 6326 1856 6273 1856 text 0
4940 3452 4959 3452 4959 3499 4940 3499 text 0
6272 2135 6327 2135 6327 2183 6272 2183 text 0
6258 2218 6341 2218 6341 2266 6258 2266 text 0
6279 2176 6320 2176 6320 2224 6279 2224 text 0
2510 3542 2529 3542 2529 3589 2510 3589 text 0
2192 4010 2247 4010 2247 4058 2192 4058 text 0
2170 4093 2269 4093 2269 4141 2170 4141 text 0
2196 4052 2243 4052 2243 4099 2196 4099 text 0
4592 3920 4647 3920 4647 3968 4592 3968 text 0
4570 4003 4669 4003 4669 4051 4570 4051 text 0
4596 3962 4643 3962 4643 4009 4596 4009 text 0
3579 6183 3800 6183 3800 6232 3579 6232 text 0
3633 6123 3746 6123 3746 6174 3633 6174 text 0
3633 6064 3746 6064 3746 6115 3633 6115 text 0
5949 6111 6170 6111 6170 6160 5949 6160 text 0
6003 6051 6116 6051 6116 6102 6003 6102 text 0
6003 5992 6116 5992 6116 6043 6003 6043 text 0
7709 2486 8253 2486 8253 2582 7709 2582 text 0
7709 2377 8253 2377 8253 2425 7709 2425 text 0
7721 2431 7863 2431 7863 2479 7721 2479 text 0
7883 2431 8214 2431 8214 2479 7883 2479 text 0
7057 2619 7098 2619 7098 2667 7057 2667 text 0
269 2971 391 2971 391 3020 269 3020 text 0
4292 541 4414 541 4414 589 4292 589 text 0
4292 601 4414 601 4414 649 4292 649 text 0
4630 4200 4752 4200 4752 4248 4630 4248 text 0
5069 4096 5191 4096 5191 4145 5069 4145 text 0
2654 4193 2776 4193 2776 4241 2654 4241 text 0
2210 4295 2331 4295 2331 4344 2210 4344 text 0
2106 4155 2208 4155 2208 4252 2106 4252 text 0
4508 4066 4611 4066 4611 4163 4508 4163 text 0
5557 4014 5746 4014 5746 4062 5557 4062 text 0
3157 4104 3346 4104 3346 4152 3157 4152 text 0
6147 2311 6209 2311 6209 2359 6147 2359 text 0
6367 2311 6410 2311 6410 2359 6367 2359 text 0
6149 2371 6221 2371 6221 2419 6149 2419 text 0
6359 2371 6431 2371 6431 2419 6359 2419 text 0
5807 5109 5865 5109 5865 5157 5807 5157 text 0
3437 5199 3495 5199 3495 5247 3437 5247 text 0
5810 5213 5858 5213 5858 5261 5810 5261 text 0
6006 5818 6006 5393 6053 5393 6053 5818 text 0
3440 5303 3488 5303 3488 5351 3440 5351 text 0
3696 3628 3696 3233 3743 3233 3743 3628 text 0
5968 3628 5968 3233 6016 3233 6016 3628 text 0
950 2731 1364 2731 1364 2779 950 2779 text 0
4700 3377 4755 3377 4755 3568 4700 3568 text 0
4467 2401 4862 2401 4862 2449 4467 2449 text 0
2485 4412 2749 4412 2749 4474 2485 4474 text 0
3538 3628 3538 3233 3586 3233 3586 3628 text 0
1326 3628 1326 3233 1373 3233 1373 3628 text 0
2322 2731 2717 2731 2717 2779 2322 2779 text 0
4901 4345 5165 4345 5165 4407 4901 4407 text 0
2266 3473 2321 3473 2321 3664 2266 3664 text 0
2579 3483 2671 3483 2671 3531 2579 3531 text 0
3307 4457 3365 4457 3365 4505 3307 4505 text 0
7208 2401 7603 2401 7603 2449 7208 2449 text 0
6278 2596 6321 2596 6321 2644 6278 2644 text 0
6272 2555 6327 2555 6327 2603 6272 2603 text 0
6258 2638 6341 2638 6341 2686 6258 2686 text 0
5677 4367 5735 4367 5735 4415 5677 4415 text 0
4484 4367 4542 4367 4542 4415 4484 4415 text 0
2084 4457 2142 4457 2142 4505 2084 4505 text 0
5009 3510 5085 3510 5085 3558 5009 3558 text 0
5009 3393 5101 3393 5101 3441 5009 3441 text 0
2579 3600 2655 3600 2655 3648 2579 3648 text 0
6967 2281 7023 2281 7023 2329 6967 2329 text 0
7128 2281 7184 2281 7184 2329 7128 2329 text 0
1530 4187 1561 4187 1561 4235 1530 4235 text 0
3870 4097 3901 4097 3901 4145 3870 4145 text 0
5453 4007 5483 4007 5483 4055 5453 4055 text 0
5880 4014 5911 4014 5911 4062 5880 4062 text 0
3060 4097 3091 4097 3091 4145 3060 4145 text 0
3465 4097 3496 4097 3496 4145 3465 4145 text 0
4041 317 4107 317 4107 380 4041 380 text 0
2718 4065 2740 4065 2740 4113 2718 4113 text 0
5141 3975 5163 3975 5163 4023 5141 4023 text 0
4795 3945 4817 3945 4817 3993 4795 3993 text 0
2366 4035 2388 4035 2388 4083 2366 4083 text 0
2282 4457 2340 4457 2340 4505 2282 4505 text 0
3636 5818 3636 5393 3683 5393 3683 5818 text 0
5788 2379 5866 2379 5866 2427 5788 2427 text 0
1503 2823 1599 2823 1599 2871 1503 2871 text 0
2107 5165 2107 4740 2155 4740 2155 5165 text 0
2319 5165 2319 4740 2367 4740 2367 5165 text 0
3218 5165 3218 4740 3266 4740 3266 5165 text 0
4682 4367 4740 4367 4740 4415 4682 4415 text 0
4503 5075 4503 4650 4551 4650 4551 5075 text 0
4715 5075 4715 4650 4763 4650 4763 5075 text 0
5207 3969 5265 3969 5265 4017 5207 4017 text 0
4847 3947 4906 3947 4906 3995 4847 3995 text 0
1791 4364 1892 4364 1892 4412 1791 4412 text 0
1853 4407 1946 4407 1946 4455 1853 4455 text 0
4184 4259 4284 4259 4284 4307 4184 4307 text 0
4246 4302 4339 4302 4339 4350 4246 4350 text 0
2777 4067 2835 4067 2835 4115 2777 4115 text 0
2424 4037 2482 4037 2482 4085 2424 4085 text 0
5586 5075 5586 4650 5633 4650 5633 5075 text 0
3363 5071 3506 5071 3506 5120 3363 5120 text 0
5733 4981 5876 4981 5876 5030 5733 5030 text 0
269 2816 813 2816 813 2961 269 2961 text 0
269 2707 813 2707 813 2755 269 2755 text 0
281 2761 423 2761 423 2810 281 2810 text 0
443 2761 774 2761 774 2810 443 2810 text 0
4139 661 4225 661 4225 709 4139 709 text 0
244 1226 787 1226 787 1371 244 1371 text 0
244 1117 787 1117 787 1165 244 1165 text 0
633 1171 775 1171 775 1219 633 1219 text 0
283 1171 613 1171 613 1219 283 1219 text 0
949 1141 1345 1141 1345 1189 949 1189 text 0
4809 2160 5030 2160 5030 2208 4809 2208 text 0
4863 2099 4976 2099 4976 2150 4863 2150 text 0
4863 2040 4976 2040 4976 2091 4863 2091 text 0
4741 1014 4783 1014 4783 1062 4741 1062 text 0
4734 973 4790 973 4790 1020 4734 1020 text 0
4720 1055 4804 1055 4804 1103 4720 1103 text 0
4607 1246 4662 1246 4662 1294 4607 1294 text 0
4574 1381 4696 1381 4696 1429 4574 1429 text 0
4260 1217 4291 1217 4291 1265 4260 1265 text 0
5070 1217 5101 1217 5101 1265 5070 1265 text 0
4944 1307 5002 1307 5002 1355 4944 1355 text 0
4589 1289 4681 1289 4681 1337 4589 1337 text 0
4574 1336 4693 1336 4693 1384 4574 1384 text 0
2373 4194 2424 4194 2424 4241 2373 4241 text 0
2450 4114 2502 4114 2502 4162 2450 4162 text 0
2545 4119 2597 4119 2597 4166 2545 4166 text 0
2376 4264 2427 4264 2427 4312 2376 4312 text 0
4804 4106 4856 4106 4856 4154 4804 4154 text 0
4872 4032 4923 4032 4923 4080 4872 4080 text 0
4976 4025 5028 4025 5028 4073 4976 4073 text 0
4841 4228 4892 4228 4892 4276 4841 4276 text 0
3543 5071 3686 5071 3686 5120 3543 5120 text 0
5913 4981 6056 4981 6056 5030 5913 5030 text 0
662 1381 784 1381 784 1430 662 1430 text 0
4620 1479 4651 1479 4651 1527 4620 1527 text 0
4423 1224 4501 1224 4501 1272 4423 1272 text 0
4768 1216 4846 1216 4846 1264 4768 1264 text 0
4626 1209 4657 1209 4657 1257 4626 1257 text 0
6915 2387 6946 2387 6946 2435 6915 2435 text 0
5302 4434 5370 4434 5370 4482 5302 4482 text 0
5122 4434 5265 4434 5265 4482 5122 4482 text 0
2872 4546 2940 4546 2940 4595 2872 4595 text 0
2692 4546 2835 4546 2835 4595 2692 4595 text 0
2578 5165 2578 4740 2626 4740 2626 5165 text 0
5008 5075 5008 4650 5056 4650 5056 5075 text 0
4597 1060 4672 1060 4672 1195 4597 1195 diaphragm 0
4942 3839 4942 3832 4957 3832 4957 3839 connector 0
2512 3929 2512 3922 2527 3922 2527 3929 connector 0
4949 4188 4799 4188 4799 4143 4949 4143 flanged_nozzle 0
2519 4278 2369 4278 2369 4233 2519 4233 flanged_nozzle 0
5039 4053 5039 4098 4949 4098 4949 4053 flanged_nozzle 0
2609 4143 2609 4188 2519 4188 2519 4143 flanged_nozzle 0
4891 3839 5009 3839 5009 4075 4891 4075 electric_motor_general 0
2461 3929 2579 3929 2579 4165 2461 4165 electric_motor_general 0
