6886 3566 6979 3566 6979 3614 6886 3614 ball_valve 0
6967 4700 7059 4700 7059 4748 6967 4748 ball_valve 0
6756 4216 6849 4216 6849 4263 6756 4263 ball_valve 0
6472 4672 6472 4580 6519 4580 6519 4672 ball_valve 0
6792 4700 6884 4700 6884 4748 6792 4748 ball_valve 0
5409 3887 5409 3794 5456 3794 5456 3887 ball_valve 0
5514 2161 5606 2161 5606 2208 5514 2208 ball_valve 0
5339 2161 5431 2161 5431 2208 5339 2208 ball_valve 0
5055 2098 5055 2005 5102 2005 5102 2098 ball_valve 0
5339 1606 5431 1606 5431 1653 5339 1653 ball_valve 0
2149 2349 2149 2441 2102 2441 2102 2349 ball_valve 0
7134 3566 7227 3566 7227 3614 7134 3614 ball_valve 0
6650 3566 6742 3566 6742 3614 6650 3614 ball_valve 0
6886 3803 6979 3803 6979 3850 6886 3850 ball_valve 0
2149 2849 2149 2942 2102 2942 2102 2849 ball_valve 0
5456 3294 5456 3386 5409 3386 5409 3294 ball_valve 0
4724 4836 4724 4839 4676 4839 4676 4836 blind_flange 0
4724 2592 4724 2595 4676 2595 4676 2592 blind_flange 0
1463 2481 1370 2481 1370 2448 1463 2448 chemical_seal_diaphragm 0
6129 3426 6036 3426 6036 3393 6129 3393 chemical_seal_diaphragm 0
4582 3777 4582 3809 4452 3809 4452 3777 closed_figure_8_blind 0
5409 3909 5409 3877 5539 3877 5539 3909 closed_figure_8_blind 0
2149 2326 2149 2359 2019 2359 2019 2326 closed_figure_8_blind 0
2019 2964 2019 2932 2149 2932 2149 2964 closed_figure_8_blind 0
3215 4122 3263 4122 3263 4169 3215 4169 concentric_reducer 0
6472 4331 6472 4284 6519 4284 6519 4331 concentric_reducer 0
6587 4263 6539 4263 6539 4216 6587 4216 concentric_reducer 0
2740 4252 2740 4299 2692 4299 2692 4252 concentric_reducer 0
3283 4237 3283 4189 3330 4189 3330 4237 concentric_reducer 0
2740 1889 2740 1937 2692 1937 2692 1889 concentric_reducer 0
3283 1874 3283 1827 3330 1827 3330 1874 concentric_reducer 0
3215 1759 3263 1759 3263 1807 3215 1807 concentric_reducer 0
5169 1653 5122 1653 5122 1606 5169 1606 concentric_reducer 0
5055 1721 5055 1673 5102 1673 5102 1721 concentric_reducer 0
7024 3614 6976 3614 6976 3566 7024 3566 concentric_reducer 0
6841 3566 6889 3566 6889 3614 6841 3614 concentric_reducer 0
5220 5519 5220 5566 5173 5566 5173 5519 concentric_reducer 0
5173 5701 5173 5654 5220 5654 5220 5701 concentric_reducer 0
5313 6183 5466 6183 5466 6336 5313 6336 discrete_instruments_field_mounted 0
986 2097 1139 2097 1139 2249 986 2249 discrete_instruments_field_mounted 0
986 2376 1139 2376 1139 2528 986 2528 discrete_instruments_field_mounted 0
3662 4328 3510 4328 3510 4175 3662 4175 discrete_instruments_field_mounted 0
5549 4612 5702 4612 5702 4765 5549 4765 discrete_instruments_field_mounted 0
2829 3321 2981 3321 2981 3473 2829 3473 discrete_instruments_field_mounted 0
3514 4502 3666 4502 3666 4654 3514 4654 discrete_instruments_field_mounted 0
2522 959 2674 959 2674 1111 2522 1111 discrete_instruments_field_mounted 0
5549 4412 5702 4412 5702 4564 5549 4564 discrete_instruments_field_mounted 0
2593 3321 2745 3321 2745 3473 2593 3473 discrete_instruments_field_mounted 0
2758 959 2910 959 2910 1111 2758 1111 discrete_instruments_field_mounted 0
3514 2140 3666 2140 3666 2292 3514 2292 discrete_instruments_field_mounted 0
3662 2013 3510 2013 3510 1860 3662 1860 discrete_instruments_field_mounted 0
5549 2640 5702 2640 5702 2792 5549 2792 discrete_instruments_field_mounted 0
5238 2376 5391 2376 5391 2528 5238 2528 discrete_instruments_field_mounted 0
6360 3321 6513 3321 6513 3473 6360 3473 discrete_instruments_field_mounted 0
4289 2451 4442 2451 4442 2603 4289 2603 discrete_instruments_field_mounted 0
4289 2687 4442 2687 4442 2840 4289 2840 discrete_instruments_field_mounted 0
3841 2061 3993 2061 3993 2214 3841 2214 discrete_instruments_field_mounted 0
5829 3042 5981 3042 5981 3194 5829 3194 discrete_instruments_field_mounted 0
5829 3321 5981 3321 5981 3473 5829 3473 discrete_instruments_field_mounted 0
3841 1719 3993 1719 3993 1871 3841 1871 discrete_instruments_field_mounted 0
3230 797 3383 797 3383 950 3230 950 discrete_instruments_field_mounted 0
4431 2061 4583 2061 4583 2214 4431 2214 discrete_instruments_field_mounted 0
4431 1719 4583 1719 4583 1871 4431 1871 discrete_instruments_field_mounted 0
3841 4305 3993 4305 3993 4458 3841 4458 discrete_instruments_field_mounted 0
3841 4081 3993 4081 3993 4233 3841 4233 discrete_instruments_field_mounted 0
4431 4305 4584 4305 4584 4458 4431 4458 discrete_instruments_field_mounted 0
4431 4046 4583 4046 4583 4198 4431 4198 discrete_instruments_field_mounted 0
4290 4872 4442 4872 4442 5025 4290 5025 discrete_instruments_field_mounted 0
4290 4695 4442 4695 4442 4848 4290 4848 discrete_instruments_field_mounted 0
5409 3924 5409 3907 5456 3907 5456 3924 flange 0
4582 1400 4582 1417 4535 1417 4535 1400 flange 0
2149 2311 2149 2329 2102 2329 2102 2311 flange 0
2102 2979 2102 2962 2149 2962 2149 2979 flange 0
5456 3256 5456 3274 5409 3274 5409 3256 flange 0
4724 1299 4724 1317 4676 1317 4676 1299 flange 0
4582 3762 4582 3779 4535 3779 4535 3762 flange 0
4724 1720 4724 1737 4676 1737 4676 1720 flange 0
4676 1767 4676 1750 4724 1750 4724 1767 flange 0
4676 4117 4676 4100 4724 4100 4724 4117 flange 0
4724 4070 4724 4087 4676 4087 4676 4070 flange 0
4724 3662 4724 3679 4676 3679 4676 3662 flange 0
4086 4088 4086 4071 4133 4071 4133 4088 flange 0
4133 4427 4133 4444 4086 4444 4086 4427 flange 0
4535 4738 4535 4721 4582 4721 4582 4738 flange 0
4535 2494 4535 2476 4582 2476 4582 2494 flange 0
4086 1726 4086 1709 4133 1709 4133 1726 flange 0
4133 2182 4133 2200 4086 2200 4086 2182 flange 0
4936 5892 4936 5800 4984 5800 4984 5892 gate_valve 0
4841 2905 4749 2905 4749 2858 4841 2858 gate_valve 0
5054 5031 4961 5031 4961 4984 5054 4984 gate_valve 0
2963 4795 2871 4795 2871 4748 2963 4748 gate_valve 0
3283 4711 3283 4619 3330 4619 3330 4711 gate_valve 0
3283 4475 3283 4383 3330 4383 3330 4475 gate_valve 0
4841 5031 4749 5031 4749 4984 4841 4984 gate_valve 0
3176 4795 3083 4795 3083 4748 3176 4748 gate_valve 0
3176 2433 3083 2433 3083 2385 3176 2385 gate_valve 0
3283 2349 3283 2257 3330 2257 3330 2349 gate_valve 0
2963 2433 2871 2433 2871 2385 2963 2385 gate_valve 0
3283 2113 3283 2020 3330 2020 3330 2113 gate_valve 0
5054 2905 4961 2905 4961 2858 5054 2858 gate_valve 0
4936 5656 4936 5564 4984 5564 4984 5656 gate_valve 0
5173 5231 5173 5139 5220 5139 5220 5231 gate_valve 0
5173 5420 5173 5328 5220 5328 5220 5420 gate_valve 0
5173 5892 5173 5800 5220 5800 5220 5892 gate_valve 0
5173 6081 5173 5989 5220 5989 5220 6081 gate_valve 0
5173 5656 5173 5564 5220 5564 5220 5656 globe_valve 0
2750 4795 2658 4795 2658 4748 2750 4748 globe_valve 0
2750 2433 2658 2433 2658 2385 2750 2385 globe_valve 0
4936 5420 4936 5328 4984 5328 4984 5420 globe_valve 0
235 2614 780 2614 780 2676 235 2676 off_page_connector 0
8268 5641 7723 5641 7723 5579 8268 5579 off_page_connector 0
8268 2913 7723 2913 7723 2850 8268 2850 off_page_connector 0
7723 3559 8268 3559 8268 3621 7723 3621 off_page_connector 0
1949 2292 1829 2292 1829 2126 1949 2126 open_drain_connectors 0
1949 3591 1829 3591 1829 3425 1949 3425 open_drain_connectors 0
5906 4005 5786 4005 5786 3838 5906 3838 open_drain_connectors 0
4582 1415 4582 1447 4452 1447 4452 1415 open_figure_8_blind 0
5539 3271 5539 3304 5409 3304 5409 3271 open_figure_8_blind 0
6472 4149 6558 4149 6558 4286 6472 4286 pressure_relief_or_safety_valve 0
3330 4192 3244 4192 3244 4054 3330 4054 pressure_relief_or_safety_valve 0
3330 1829 3244 1829 3244 1692 3330 1692 pressure_relief_or_safety_valve 0
5055 1538 5140 1538 5140 1676 5055 1676 pressure_relief_or_safety_valve 0
4676 4831 4676 4709 4724 4709 4724 4831 removable_spool 0
4676 2587 4676 2464 4724 2464 4724 2587 removable_spool 0
4676 1444 4676 1322 4724 1322 4724 1444 removable_spool 0
4676 3806 4676 3684 4724 3684 4724 3806 removable_spool 0
5510 5534 5662 5534 5662 5686 5510 5686 shared_display_and_control_primary_location_normally_accessible_to_an_operator 0
986 1813 1139 1813 1139 1966 986 1966 shared_display_and_control_primary_location_normally_accessible_to_an_operator 0
7203 3124 7355 3124 7355 3277 7203 3277 shared_display_and_control_primary_location_normally_accessible_to_an_operator 0
3230 526 3383 526 3383 678 3230 678 shared_display_and_control_primary_location_normally_accessible_to_an_operator 0
5829 2758 5981 2758 5981 2910 5829 2910 shared_display_and_control_primary_location_normally_accessible_to_an_operator 0
6856 3124 7009 3124 7009 3277 6856 3277 shared_display_and_control_primary_location_normally_accessible_to_an_operator 0
7760 4300 7640 4300 7640 4180 7760 4180 utility_conenction 0
5729 3178 5609 3178 5609 3057 5729 3057 utility_conenction 0
5729 4123 5609 4123 5609 4002 5729 4002 utility_conenction 0
6851 4501 6731 4501 6731 4380 6851 4380 utility_conenction 0
5136 6424 5257 6424 5257 6544 5136 6544 utility_conenction 0
2301 6424 2422 6424 2422 6544 2301 6544 utility_conenction 0
1312 2469 1191 2469 1191 2349 1312 2349 utility_conenction 0
1534 2172 1654 2172 1654 2292 1534 2292 utility_conenction 0
1534 3471 1654 3471 1654 3591 1534 3591 utility_conenction 0
5729 2942 5609 2942 5609 2821 5729 2821 utility_conenction 0
5729 4359 5609 4359 5609 4239 5729 4239 utility_conenction 0
6057 3884 6178 3884 6178 4005 6057 4005 utility_conenction 0
6308 3414 6187 3414 6187 3294 6308 3294 utility_conenction 0
6839 3461 6719 3461 6719 3341 6839 3341 utility_conenction 0
6001 1690 5880 1690 5880 1569 6001 1569 utility_conenction 0
5434 1891 5313 1891 5313 1770 5434 1770 utility_conenction 0
4333 1876 4453 1876 4453 1997 4333 1997 utility_conenction 0
4262 4180 4383 4180 4383 4300 4262 4300 utility_conenction 0
6390 3544 6483 3544 6483 3636 6390 3636 vortex 0
5150 6306 5150 6213 5242 6213 5242 6306 vortex 0
5263 1628 5296 1628 5296 1749 5263 1749 ball_valve_with_plug 0
5079 1908 5079 1941 4959 1941 4959 1908 ball_valve_with_plug 0
6774 3589 6807 3589 6807 3709 6774 3709 ball_valve_with_plug 0
7058 3589 7091 3589 7091 3709 7058 3709 ball_valve_with_plug 0
3426 2168 3426 2201 3305 2201 3305 2168 gate_valve_with_plug 0
3040 2528 3007 2528 3007 2408 3040 2408 gate_valve_with_plug 0
3305 1965 3305 1932 3426 1932 3426 1965 gate_valve_with_plug 0
2664 2054 2697 2054 2697 2174 2664 2174 gate_valve_with_plug 0
4841 5745 4841 5712 4961 5712 4961 5745 gate_valve_with_plug 0
4841 5509 4841 5476 4961 5476 4961 5509 gate_valve_with_plug 0
6713 4359 6680 4359 6680 4239 6713 4239 gate_valve_with_plug 0
2827 4891 2794 4891 2794 4770 2827 4770 gate_valve_with_plug 0
4918 3001 4885 3001 4885 2880 4918 2880 gate_valve_with_plug 0
3426 4530 3426 4563 3305 4563 3305 4530 gate_valve_with_plug 0
6497 4495 6497 4528 6376 4528 6376 4495 gate_valve_with_plug 0
4918 5127 4885 5127 4885 5006 4918 5006 gate_valve_with_plug 0
3040 4891 3007 4891 3007 4770 3040 4770 gate_valve_with_plug 0
3305 4327 3305 4295 3426 4295 3426 4327 gate_valve_with_plug 0
2664 4416 2697 4416 2697 4536 2664 4536 gate_valve_with_plug 0
5077 5296 5077 5263 5197 5263 5197 5296 gate_valve_with_plug 0
5077 5485 5077 5452 5197 5452 5197 5485 gate_valve_with_plug 0
5077 5768 5077 5736 5197 5736 5197 5768 gate_valve_with_plug 0
5077 5957 5077 5925 5197 5925 5197 5957 gate_valve_with_plug 0
2827 2528 2794 2528 2794 2408 2827 2408 gate_valve_with_plug 0
4607 1666 4061 1666 4061 1475 4607 1475 shell_type_e 0
4607 2434 4061 2434 4061 2242 4607 2242 shell_type_e 0
4607 4028 4061 4028 4061 3837 4607 3837 shell_type_e 0
4607 4678 4061 4678 4061 4487 4607 4487 shell_type_e 0
7134 4678 6801 4678 6801 4604 7134 4604 spec_break 0
5682 2139 5349 2139 5349 2064 5682 2064 spec_break 0
5275 6019 5425 6019 5425 6169 5275 6169 annotation 0
6515 3373 6665 3373 6665 3523 6515 3523 annotation 0
3500 1775 3350 1775 3350 1625 3500 1625 annotation 0
3500 4138 3350 4138 3350 3988 3500 3988 annotation 0
6302 4082 6452 4082 6452 4232 6302 4232 annotation 0
5287 5405 5437 5405 5437 5555 5287 5555 annotation 0
4885 1472 5035 1472 5035 1622 4885 1622 annotation 0
6987 3362 7137 3362 7137 3512 6987 3512 annotation 0
5362 6194 5417 6194 5417 6242 5362 6242 text 0
5357 6277 5422 6277 5422 6325 5357 6325 text 0
5369 6236 5410 6236 5410 6283 5369 6283 text 0
5558 5538 5614 5538 5614 5586 5558 5586 text 0
5554 5629 5619 5629 5619 5677 5554 5677 text 0
5559 5578 5613 5578 5613 5626 5559 5626 text 0
1035 2108 1090 2108 1090 2155 1035 2155 text 0
1030 2190 1095 2190 1095 2238 1030 2238 text 0
1042 2149 1083 2149 1083 2197 1042 2197 text 0
1035 1818 1090 1818 1090 1865 1035 1865 text 0
1030 1909 1095 1909 1095 1956 1030 1956 text 0
1048 1858 1077 1858 1077 1906 1048 1906 text 0
1035 2387 1090 2387 1090 2435 1035 2435 text 0
1030 2470 1095 2470 1095 2517 1030 2517 text 0
1041 2428 1084 2428 1084 2476 1041 2476 text 0
3558 4186 3614 4186 3614 4234 3558 4234 text 0
3562 4228 3610 4228 3610 4275 3562 4275 text 0
5598 4623 5653 4623 5653 4671 5598 4671 text 0
5600 4665 5651 4665 5651 4713 5600 4713 text 0
2877 3332 2933 3332 2933 3380 2877 3380 text 0
2879 3373 2931 3373 2931 3421 2879 3421 text 0
3562 4513 3618 4513 3618 4561 3562 4561 text 0
3551 4596 3629 4596 3629 4643 3551 4643 text 0
3564 4554 3616 4554 3616 4602 3564 4602 text 0
2570 970 2626 970 2626 1017 2570 1017 text 0
2574 1011 2622 1011 2622 1059 2574 1059 text 0
5598 4423 5653 4423 5653 4470 5598 4470 text 0
5602 4464 5649 4464 5649 4512 5602 4512 text 0
2641 3332 2697 3332 2697 3380 2641 3380 text 0
2645 3373 2693 3373 2693 3421 2645 3421 text 0
2806 970 2862 970 2862 1017 2806 1017 text 0
2808 1011 2860 1011 2860 1059 2808 1059 text 0
5994 2869 6012 2869 6012 2917 5994 2917 text 0
3562 2151 3618 2151 3618 2198 3562 2198 text 0
3551 2233 3629 2233 3629 2281 3551 2281 text 0
3564 2192 3616 2192 3616 2240 3564 2240 text 0
3558 1871 3614 1871 3614 1919 3558 1919 text 0
3562 1913 3610 1913 3610 1960 3562 1960 text 0
5598 2651 5653 2651 5653 2699 5598 2699 text 0
5600 2692 5651 2692 5651 2740 5600 2740 text 0
5287 2387 5342 2387 5342 2435 5287 2435 text 0
5291 2428 5338 2428 5338 2476 5291 2476 text 0
6409 3332 6464 3332 6464 3380 6409 3380 text 0
6404 3415 6469 3415 6469 3462 6404 3462 text 0
6416 3373 6457 3373 6457 3421 6416 3421 text 0
4338 2462 4393 2462 4393 2510 4338 2510 text 0
4342 2503 4389 2503 4389 2551 4342 2551 text 0
4338 2698 4393 2698 4393 2746 4338 2746 text 0
4340 2740 4391 2740 4391 2787 4340 2787 text 0
3889 2072 3945 2072 3945 2120 3889 2120 text 0
3878 2155 3956 2155 3956 2203 3878 2203 text 0
3891 2114 3943 2114 3943 2161 3891 2161 text 0
5877 3053 5933 3053 5933 3100 5877 3100 text 0
5872 3135 5937 3135 5937 3183 5872 3183 text 0
5884 3094 5926 3094 5926 3142 5884 3142 text 0
5877 3332 5933 3332 5933 3380 5877 3380 text 0
5872 3415 5937 3415 5937 3462 5872 3462 text 0
5884 3373 5926 3373 5926 3421 5884 3421 text 0
7021 3236 7039 3236 7039 3283 7021 3283 text 0
7251 3129 7307 3129 7307 3176 7251 3176 text 0
7247 3220 7312 3220 7312 3267 7247 3267 text 0
7264 3169 7295 3169 7295 3217 7264 3217 text 0
3889 1730 3945 1730 3945 1777 3889 1777 text 0
3893 1771 3941 1771 3941 1819 3893 1819 text 0
3279 808 3334 808 3334 856 3279 856 text 0
3274 891 3339 891 3339 939 3274 939 text 0
3273 850 3340 850 3340 897 3273 897 text 0
2442 4547 2707 4547 2707 4642 2442 4642 text 0
2583 3896 2849 3896 2849 3992 2583 3992 text 0
2442 2185 2707 2185 2707 2280 2442 2280 text 0
2583 1534 2849 1534 2849 1630 2583 1630 text 0
236 2567 779 2567 779 2615 236 2615 text 0
236 2675 779 2675 779 2723 236 2723 text 0
248 2621 389 2621 389 2669 248 2669 text 0
413 2621 744 2621 744 2669 413 2669 text 0
7724 5532 8267 5532 8267 5580 7724 5580 text 0
8114 5586 8255 5586 8255 5634 8114 5634 text 0
7759 5586 8090 5586 8090 5634 7759 5634 text 0
7570 4303 7830 4303 7830 4354 7570 4354 text 0
7644 4244 7757 4244 7757 4295 7644 4295 text 0
7644 4185 7757 4185 7757 4236 7644 4236 text 0
5539 3181 5799 3181 5799 3232 5539 3232 text 0
5612 3122 5725 3122 5725 3173 5612 3173 text 0
5612 3063 5725 3063 5725 3114 5612 3114 text 0
5539 4126 5799 4126 5799 4177 5539 4177 text 0
5612 4067 5725 4067 5725 4117 5612 4117 text 0
5612 4008 5725 4008 5725 4059 5612 4059 text 0
7724 2803 8267 2803 8267 2851 7724 2851 text 0
8114 2857 8255 2857 8255 2906 8114 2906 text 0
7759 2857 8090 2857 8090 2906 7759 2906 text 0
6661 4504 6921 4504 6921 4555 6661 4555 text 0
6734 4445 6847 4445 6847 4495 6734 4495 text 0
6734 4386 6847 4386 6847 4437 6734 4437 text 0
5066 6547 5326 6547 5326 6598 5066 6598 text 0
5140 6488 5253 6488 5253 6539 5140 6539 text 0
5140 6429 5253 6429 5253 6480 5140 6480 text 0
2232 6547 2492 6547 2492 6598 2232 6598 text 0
2305 6488 2418 6488 2418 6539 2305 6539 text 0
2305 6429 2418 6429 2418 6480 2305 6480 text 0
1122 2295 1381 2295 1381 2346 1122 2346 text 0
1195 2354 1308 2354 1308 2405 1195 2405 text 0
1195 2413 1308 2413 1308 2464 1195 2464 text 0
1833 2236 1946 2236 1946 2287 1833 2287 text 0
1833 2177 1946 2177 1946 2228 1833 2228 text 0
1464 2295 1724 2295 1724 2346 1464 2346 text 0
1537 2236 1650 2236 1650 2287 1537 2287 text 0
1537 2177 1650 2177 1650 2228 1537 2228 text 0
1833 3535 1946 3535 1946 3586 1833 3586 text 0
1833 3476 1946 3476 1946 3527 1833 3527 text 0
1464 3594 1724 3594 1724 3645 1464 3645 text 0
1537 3535 1650 3535 1650 3586 1537 3586 text 0
1537 3476 1650 3476 1650 3527 1537 3527 text 0
7724 3512 8267 3512 8267 3560 7724 3560 text 0
7724 3620 8267 3620 8267 3668 7724 3668 text 0
7736 3566 7877 3566 7877 3614 7736 3614 text 0
7901 3566 8232 3566 8232 3614 7901 3614 text 0
1925 2409 2091 2409 2091 2457 1925 2457 text 0
1688 1877 1808 1877 1808 1925 1688 1925 text 0
5480 3354 5646 3354 5646 3401 5480 3401 text 0
2196 2184 2196 2114 2244 2114 2244 2184 text 0
2196 2538 2196 2468 2244 2468 2244 2538 text 0
2438 4358 2438 4228 2485 4228 2485 4358 text 0
2813 4154 3118 4154 3118 4202 2813 4202 text 0
2598 3531 2661 3531 2661 3579 2598 3579 text 0
5468 4499 5531 4499 5531 4547 5468 4547 text 0
5326 2574 5389 2574 5389 2622 5326 2622 text 0
2527 1169 2590 1169 2590 1216 2527 1216 text 0
5255 4122 5255 4051 5303 4051 5303 4122 text 0
5255 3767 5255 3697 5303 3697 5303 3767 text 0
2438 1996 2438 1866 2485 1866 2485 1996 text 0
2813 1792 3118 1792 3118 1840 2813 1840 text 0
5480 3779 5646 3779 5646 3827 5480 3827 text 0
5944 3649 6064 3649 6064 3697 5944 3697 text 0
6885 3673 6977 3673 6977 3720 6885 3720 text 0
6625 3519 6764 3519 6764 3567 6625 3567 text 0
7110 3519 7248 3519 7248 3567 7110 3567 text 0
5078 5657 5078 5565 5126 5565 5126 5657 text 0
6862 3920 7000 3920 7000 3967 6862 3967 text 0
7370 3228 7432 3228 7432 3276 7370 3276 text 0
7228 3074 7348 3074 7348 3122 7228 3122 text 0
2196 2834 2196 2763 2244 2763 2244 2834 text 0
2196 3129 2196 3059 2244 3059 2244 3129 text 0
6862 3720 7000 3720 7000 3768 6862 3768 text 0
1925 2834 2091 2834 2091 2882 1925 2882 text 0
5255 3129 5255 3059 5303 3059 5303 3129 text 0
5255 3483 5255 3413 5303 3413 5303 3483 text 0
1688 3177 1808 3177 1808 3224 1688 3224 text 0
5137 6590 5257 6590 5257 6638 5137 6638 text 0
2303 6590 2423 6590 2423 6638 2303 6638 text 0
5322 6029 5378 6029 5378 6077 5322 6077 text 0
5329 6070 5371 6070 5371 6118 5329 6118 text 0
5317 6112 5382 6112 5382 6159 5317 6159 text 0
867 2668 1130 2668 1130 2716 867 2716 text 0
5479 3315 5551 3315 5551 3363 5479 3363 text 0
5360 3361 5360 3319 5408 3319 5408 3361 text 0
3229 4783 3715 4783 3715 4831 3229 4831 text 0
5135 4069 5135 3583 5183 3583 5183 4069 text 0
448 2513 901 2513 901 2561 448 2561 text 0
5363 4777 5363 4324 5411 4324 5411 4777 text 0
5369 2114 5399 2114 5399 2162 5369 2162 text 0
5541 2230 5584 2230 5584 2278 5541 2278 text 0
5364 2230 5407 2230 5407 2278 5364 2278 text 0
5019 2588 5019 2135 5067 2135 5067 2588 text 0
5207 1726 5207 1696 5255 1696 5255 1726 text 0
5100 2549 5100 2287 5148 2287 5148 2549 text 0
2752 2508 2752 2450 2799 2450 2799 2508 text 0
4842 2980 4842 2922 4890 2922 4890 2980 text 0
3339 1827 3416 1827 3416 1874 3339 1874 text 0
3181 1810 3259 1810 3259 1857 3181 1857 text 0
2751 1722 3205 1722 3205 1769 2751 1769 text 0
2746 2137 3230 2137 3230 2185 2746 2185 text 0
2743 1889 2878 1889 2878 1937 2743 1937 text 0
3359 2126 3417 2126 3417 2173 3359 2173 text 0
2622 2153 2622 2095 2669 2095 2669 2153 text 0
6562 3383 6618 3383 6618 3431 6562 3431 text 0
6569 3425 6611 3425 6611 3472 6569 3472 text 0
6558 3466 6622 3466 6622 3514 6558 3514 text 0
6993 4570 7137 4570 7137 4618 6993 4618 text 0
6802 4569 6946 4569 6946 4617 6802 4617 text 0
2763 4072 3217 4072 3217 4120 2763 4120 text 0
6543 4278 6621 4278 6621 4326 6543 4326 text 0
6707 4337 6707 4306 6755 4306 6755 4337 text 0
2746 4499 3230 4499 3230 4547 2746 4547 text 0
5883 4842 6145 4842 6145 4890 5883 4890 text 0
5844 4759 6297 4759 6297 4807 5844 4807 text 0
5480 3815 5550 3815 5550 3863 5480 3863 text 0
5360 3862 5360 3819 5408 3819 5408 3862 text 0
3329 2324 3329 2282 3376 2282 3376 2324 text 0
3234 2325 3234 2281 3282 2281 3282 2325 text 0
3239 1508 3315 1508 3315 1555 3239 1555 text 0
3239 1555 3590 1555 3590 1603 3239 1603 text 0
3239 1602 3300 1602 3300 1650 3239 1650 text 0
3359 1890 3417 1890 3417 1937 3359 1937 text 0
2733 1975 2821 1975 2821 2022 2733 2022 text 0
3329 2088 3329 2045 3376 2045 3376 2088 text 0
2960 2508 2960 2450 3008 2450 3008 2508 text 0
3397 1635 3453 1635 3453 1683 3397 1683 text 0
3392 1676 3457 1676 3457 1724 3392 1724 text 0
3386 1718 3463 1718 3463 1766 3386 1766 text 0
3234 2089 3234 2044 3282 2044 3282 2089 text 0
2667 1739 2698 1739 2698 1786 2667 1786 text 0
2726 4347 2814 4347 2814 4394 2726 4394 text 0
2667 4101 2698 4101 2698 4149 2667 4149 text 0
6822 4653 6852 4653 6852 4701 6822 4701 text 0
6374 4283 6452 4283 6452 4331 6374 4331 text 0
3234 4687 3234 4643 3282 4643 3282 4687 text 0
3329 4686 3329 4644 3376 4644 3376 4686 text 0
3234 4451 3234 4407 3282 4407 3282 4451 text 0
3329 4450 3329 4408 3376 4408 3376 4450 text 0
2752 4870 2752 4812 2799 4812 2799 4870 text 0
6994 4770 7037 4770 7037 4818 6994 4818 text 0
3339 4189 3416 4189 3416 4237 3339 4237 text 0
6780 4167 6825 4167 6825 4215 6780 4215 text 0
2622 4516 2622 4457 2669 4457 2669 4516 text 0
3193 4172 3270 4172 3270 4220 3193 4220 text 0
3397 3997 3453 3997 3453 4045 3397 4045 text 0
3392 4039 3457 4039 3457 4086 3392 4086 text 0
3386 4080 3463 4080 3463 4128 3386 4128 text 0
6544 4648 6544 4605 6591 4605 6591 4648 text 0
4842 5106 4842 5048 4890 5048 4890 5106 text 0
3239 3870 3315 3870 3315 3918 3239 3918 text 0
3239 3917 3590 3917 3590 3965 3239 3965 text 0
3239 3964 3300 3964 3300 4012 3239 4012 text 0
2960 4870 2960 4812 3008 4812 3008 4870 text 0
2743 4251 2878 4251 2878 4299 2743 4299 text 0
6350 4092 6405 4092 6405 4140 6350 4140 text 0
6345 4133 6410 4133 6410 4181 6345 4181 text 0
6339 4175 6416 4175 6416 4222 6339 4222 text 0
3359 4252 3417 4252 3417 4300 3359 4300 text 0
6992 4652 7034 4652 7034 4699 6992 4699 text 0
6399 4453 6429 4453 6429 4500 6399 4500 text 0
3359 4488 3417 4488 3417 4536 3359 4536 text 0
6817 4770 6859 4770 6859 4818 6817 4818 text 0
6909 4178 7400 4178 7400 4226 6909 4226 text 0
6426 4649 6426 4604 6473 4604 6473 4649 text 0
6781 4286 6824 4286 6824 4333 6781 4333 text 0
2300 4246 2300 3760 2348 3760 2348 4246 text 0
4902 2738 5354 2738 5354 2786 4902 2786 text 0
5364 1675 5406 1675 5406 1723 5364 1723 text 0
5184 1497 5676 1497 5676 1545 5184 1545 text 0
5150 1562 5227 1562 5227 1609 5150 1609 text 0
5089 1366 5164 1366 5164 1414 5089 1414 text 0
4813 1413 5164 1413 5164 1461 4813 1461 text 0
5103 1460 5164 1460 5164 1508 5103 1508 text 0
5349 2029 5493 2029 5493 2078 5349 2078 text 0
5228 5610 5258 5610 5258 5657 5228 5657 text 0
5205 5471 5282 5471 5282 5519 5205 5519 text 0
5228 5657 5306 5657 5306 5705 5228 5705 text 0
5334 5415 5390 5415 5390 5463 5334 5463 text 0
5340 5456 5383 5456 5383 5504 5340 5504 text 0
5329 5497 5394 5497 5394 5545 5329 5545 text 0
6550 3968 6625 3968 6625 4016 6550 4016 text 0
6275 4015 6625 4015 6625 4063 6275 4063 text 0
6564 4062 6625 4062 6625 4110 6564 4110 text 0
6675 3636 6717 3636 6717 3684 6675 3684 text 0
7159 3636 7202 3636 7202 3684 7159 3684 text 0
6911 3872 6954 3872 6954 3920 6911 3920 text 0
2171 2416 2171 2374 2219 2374 2219 2416 text 0
2019 2370 2090 2370 2090 2418 2019 2418 text 0
5553 2031 5696 2031 5696 2079 5553 2079 text 0
5539 2112 5581 2112 5581 2160 5539 2160 text 0
5008 2074 5008 2029 5056 2029 5056 2074 text 0
4982 1866 5012 1866 5012 1914 4982 1914 text 0
5363 1557 5407 1557 5407 1605 5363 1605 text 0
4932 1482 4988 1482 4988 1529 4932 1529 text 0
4927 1523 4993 1523 4993 1571 4927 1571 text 0
4921 1564 4999 1564 4999 1612 4921 1612 text 0
5126 2073 5126 2030 5174 2030 5174 2073 text 0
4957 1673 5034 1673 5034 1721 4957 1721 text 0
6985 3519 7062 3519 7062 3567 6985 3567 text 0
6811 3519 6889 3519 6889 3567 6811 3567 text 0
7035 3371 7090 3371 7090 3419 7035 3419 text 0
7041 3413 7084 3413 7084 3460 7041 3460 text 0
7030 3454 7095 3454 7095 3502 7030 3502 text 0
6919 3768 6949 3768 6949 3815 6919 3815 text 0
7025 3638 7055 3638 7055 3685 7025 3685 text 0
6741 3638 6772 3638 6772 3685 6741 3685 text 0
6906 3625 6959 3625 6959 3673 6906 3673 text 0
7263 3529 7716 3529 7716 3577 7263 3577 text 0
7365 3608 7628 3608 7628 3656 7365 3656 text 0
2019 2870 2088 2870 2088 2918 2019 2918 text 0
2171 2917 2171 2874 2219 2874 2219 2917 text 0
2941 3527 3394 3527 3394 3575 2941 3575 text 0
5098 5220 5156 5220 5156 5268 5098 5268 text 0
5098 5409 5156 5409 5156 5457 5098 5457 text 0
5098 5693 5156 5693 5156 5741 5098 5741 text 0
5098 5882 5156 5882 5156 5929 5098 5929 text 0
5125 5638 5125 5582 5173 5582 5173 5638 text 0
4861 5433 4920 5433 4920 5481 4861 5481 text 0
4861 5669 4920 5669 4920 5717 4861 5717 text 0
4911 5350 4941 5350 4941 5398 4911 5398 text 0
4911 5586 4941 5586 4941 5634 4911 5634 text 0
4911 5823 4941 5823 4941 5870 4911 5870 text 0
3395 513 3419 513 3419 561 3395 561 text 0
3279 530 3334 530 3334 578 3279 578 text 0
3274 621 3339 621 3339 669 3274 669 text 0
3279 570 3334 570 3334 618 3279 618 text 0
5994 2745 6017 2745 6017 2793 5994 2793 text 0
5877 2763 5933 2763 5933 2810 5877 2810 text 0
5872 2854 5937 2854 5937 2901 5872 2901 text 0
5890 2803 5920 2803 5920 2850 5890 2850 text 0
7021 3112 7045 3112 7045 3159 7021 3159 text 0
6905 3129 6960 3129 6960 3176 6905 3176 text 0
6900 3220 6965 3220 6965 3267 6900 3267 text 0
6906 3169 6959 3169 6959 3217 6906 3217 text 0
5539 2945 5799 2945 5799 2995 5539 2995 text 0
5612 2886 5725 2886 5725 2936 5612 2936 text 0
5612 2826 5725 2826 5725 2878 5612 2878 text 0
5539 4362 5799 4362 5799 4413 5539 4413 text 0
5612 4303 5725 4303 5725 4354 5612 4354 text 0
5612 4244 5725 4244 5725 4295 5612 4295 text 0
5789 3949 5902 3949 5902 3999 5789 3999 text 0
5789 3889 5902 3889 5902 3941 5789 3941 text 0
5988 4008 6247 4008 6247 4058 5988 4058 text 0
6061 3949 6174 3949 6174 3999 6061 3999 text 0
6061 3889 6174 3889 6174 3941 6061 3941 text 0
6118 3240 6377 3240 6377 3291 6118 3291 text 0
6191 3299 6304 3299 6304 3350 6191 3350 text 0
6191 3358 6304 3358 6304 3409 6191 3409 text 0
6649 3287 6909 3287 6909 3338 6649 3338 text 0
6722 3346 6835 3346 6835 3397 6722 3397 text 0
6722 3405 6835 3405 6835 3456 6722 3456 text 0
5810 1693 6070 1693 6070 1743 5810 1743 text 0
5884 1634 5997 1634 5997 1684 5884 1684 text 0
5884 1574 5997 1574 5997 1626 5884 1626 text 0
5244 1894 5503 1894 5503 1944 5244 1944 text 0
5317 1834 5430 1834 5430 1885 5317 1885 text 0
5317 1775 5430 1775 5430 1826 5317 1826 text 0
4137 1382 4395 1382 4395 1444 4137 1444 text 0
3759 337 4489 337 4489 383 3759 383 text 0
3995 252 4253 252 4253 315 3995 315 text 0
4523 1483 4572 1483 4572 1531 4523 1531 text 0
4086 1601 4135 1601 4135 1649 4086 1649 text 0
4677 1601 4725 1601 4725 1649 4677 1649 text 0
4677 1495 4725 1495 4725 1543 4677 1543 text 0
3972 2449 4230 2449 4230 2511 3972 2511 text 0
4535 2373 4584 2373 4584 2421 4535 2421 text 0
4086 2255 4135 2255 4135 2303 4086 2303 text 0
4677 2267 4725 2267 4725 2314 4677 2314 text 0
4677 2373 4725 2373 4725 2421 4677 2421 text 0
4134 3745 4395 3745 4395 3808 4134 3808 text 0
4523 3846 4572 3846 4572 3893 4523 3893 text 0
4086 3964 4135 3964 4135 4011 4086 4011 text 0
4677 3964 4725 3964 4725 4011 4677 4011 text 0
4535 4617 4584 4617 4584 4665 4535 4665 text 0
4086 4499 4135 4499 4135 4547 4086 4547 text 0
4677 4511 4725 4511 4725 4559 4677 4559 text 0
4677 4617 4725 4617 4725 4665 4677 4665 text 0
3972 4705 4233 4705 4233 4767 3972 4767 text 0
4306 5076 4792 5076 4792 5124 4306 5124 text 0
5733 1570 5770 1570 5770 1590 5733 1590 text 0
5683 1543 5736 1543 5736 1570 5683 1570 text 0
5774 1572 5806 1572 5806 1599 5774 1599 text 0
5664 1579 5718 1592 5715 1607 5660 1593 text 0
7505 4180 7541 4180 7541 4200 7505 4200 text 0
7455 4153 7508 4153 7508 4181 7455 4181 text 0
7546 4182 7578 4182 7578 4209 7546 4209 text 0
7436 4189 7490 4203 7486 4217 7432 4203 text 0
4714 2125 4714 1797 4762 1797 4762 2125 text 0
4479 2072 4535 2072 4535 2120 4479 2120 text 0
4481 2114 4533 2114 4533 2161 4481 2161 text 0
4479 1730 4535 1730 4535 1777 4479 1777 text 0
4483 1771 4531 1771 4531 1819 4483 1819 text 0
4263 2000 4523 2000 4523 2050 4263 2050 text 0
4337 1941 4450 1941 4450 1991 4337 1991 text 0
4337 1881 4450 1881 4450 1933 4337 1933 text 0
3889 4316 3945 4316 3945 4364 3889 4364 text 0
3878 4399 3956 4399 3956 4447 3878 4447 text 0
3891 4358 3943 4358 3943 4405 3891 4405 text 0
3889 4092 3945 4092 3945 4140 3889 4140 text 0
3893 4133 3941 4133 3941 4181 3893 4181 text 0
4714 4452 4714 4124 4762 4124 4762 4452 text 0
4480 4316 4535 4316 4535 4364 4480 4364 text 0
4481 4358 4533 4358 4533 4405 4481 4405 text 0
4479 4056 4535 4056 4535 4104 4479 4104 text 0
4483 4098 4531 4098 4531 4146 4483 4146 text 0
4192 4303 4452 4303 4452 4354 4192 4354 text 0
4266 4244 4379 4244 4379 4295 4266 4295 text 0
4266 4185 4379 4185 4379 4236 4266 4236 text 0
4675 3849 4723 3849 4723 3897 4675 3897 text 0
4254 252 4320 252 4320 315 4254 315 text 0
4312 252 4380 252 4380 315 4312 315 text 0
4371 252 4439 252 4439 315 4371 315 text 0
4338 4883 4394 4883 4394 4931 4338 4931 text 0
4340 4925 4392 4925 4392 4972 4340 4972 text 0
4338 4706 4394 4706 4394 4754 4338 4754 text 0
4342 4747 4390 4747 4390 4795 4342 4795 text 0
4726 4789 4726 4753 4749 4753 4749 4789 text 0
4726 2545 4726 2509 4749 2509 4749 2545 text 0
4726 1402 4726 1366 4749 1366 4749 1402 text 0
4726 3764 4726 3728 4749 3728 4749 3764 text 0
6895 3455 6970 3455 6970 3590 6895 3590 diaphragm 0
5331 5572 5331 5647 5196 5647 5196 5572 diaphragm 0
4087 1695 4087 1665 4132 1665 4132 1695 flanged_nozzle 0
4536 1476 4536 1446 4581 1446 4581 1476 flanged_nozzle 0
4678 1480 4678 1450 4723 1450 4723 1480 flanged_nozzle 0
4678 2458 4678 2428 4723 2428 4723 2458 flanged_nozzle 0
4087 2244 4087 2214 4132 2214 4132 2244 flanged_nozzle 0
4536 2463 4536 2433 4581 2433 4581 2463 flanged_nozzle 0
4087 4057 4087 4027 4132 4027 4132 4057 flanged_nozzle 0
4536 3838 4536 3808 4581 3808 4581 3838 flanged_nozzle 0
4678 4702 4678 4672 4723 4672 4723 4702 flanged_nozzle 0
4087 4488 4087 4458 4132 4458 4132 4488 flanged_nozzle 0
4536 4707 4536 4677 4581 4677 4581 4707 flanged_nozzle 0
4678 3843 4678 3813 4723 3813 4723 3843 flanged_nozzle 0
4700 1690 4700 1660 4700 1660 4700 1690 pipe_nozzle 0
4700 2218 4700 2248 4700 2248 4700 2218 pipe_nozzle 0
4700 4053 4700 4023 4700 4023 4700 4053 pipe_nozzle 0
4700 4462 4700 4492 4700 4492 4700 4462 pipe_nozzle 0
4606 1480 4786 1480 4786 1660 4606 1660 front_end_type_d 0
4606 2248 4786 2248 4786 2428 4606 2428 front_end_type_d 0
4606 3843 4786 3843 4786 4023 4606 4023 front_end_type_d 0
4606 4492 4786 4492 4786 4672 4606 4672 front_end_type_d 0
3882 1480 4062 1480 4062 1660 3882 1660 real_end_type_u 0
3882 2248 4062 2248 4062 2428 3882 2428 real_end_type_u 0
3882 3843 4062 3843 4062 4023 3882 4023 real_end_type_u 0
3882 4492 4062 4492 4062 4672 3882 4672 real_end_type_u 0
