6708 1918 6816 1918 6816 2078 6708 2078 back_pressure_regulator 0
6706 1446 6813 1446 6813 1606 6706 1606 back_pressure_regulator 0
1654 4512 1652 4512 1652 4464 1654 4464 blind_flange 0
3174 3476 3174 3474 3221 3474 3221 3476 blind_flange 0
6507 3594 6507 3597 6460 3597 6460 3594 blind_flange 0
7417 3208 7417 3206 7464 3206 7464 3208 blind_flange 0
7464 3594 7464 3597 7417 3597 7417 3594 blind_flange 0
6460 3208 6460 3206 6507 3206 6507 3208 blind_flange 0
3330 5898 3330 5900 3283 5900 3283 5898 blind_flange 0
3031 5350 3028 5350 3028 5303 3031 5303 blind_flange 0
7180 3208 7180 3206 7228 3206 7228 3208 blind_flange 0
5977 1606 5885 1606 5885 1559 5977 1559 check_valve 0
6058 3637 6058 3590 6106 3590 6106 3637 concentric_reducer 0
6389 3637 6389 3590 6437 3590 6437 3637 concentric_reducer 0
4358 1795 4358 1748 4405 1748 4405 1795 concentric_reducer 0
4535 1665 4488 1665 4488 1618 4535 1618 concentric_reducer 0
3295 1795 3295 1748 3342 1748 3342 1795 concentric_reducer 0
3472 1665 3425 1665 3425 1618 3472 1618 concentric_reducer 0
6188 3023 6141 3023 6141 2976 6188 2976 concentric_reducer 0
6306 2976 6354 2976 6354 3023 6306 3023 concentric_reducer 0
5586 4382 5539 4382 5539 4334 5586 4334 concentric_reducer 0
7465 3461 6046 3461 6046 3341 7465 3341 desuperheater 0
7328 4068 7175 4068 7175 3916 7328 3916 discrete_hardware_interlock_field_mounted 0
6796 4068 6644 4068 6644 3916 6796 3916 discrete_hardware_interlock_field_mounted 0
4175 4494 4328 4494 4328 4647 4175 4647 discrete_instruments_field_mounted 0
4411 4494 4564 4494 4564 4647 4411 4647 discrete_instruments_field_mounted 0
3998 4719 4150 4719 4150 4871 3998 4871 discrete_instruments_field_mounted 0
6207 1313 6359 1313 6359 1465 6207 1465 discrete_instruments_field_mounted 0
3620 3242 3772 3242 3772 3395 3620 3395 discrete_instruments_field_mounted 0
7056 4068 6904 4068 6904 3916 7056 3916 discrete_instruments_field_mounted 0
7587 4068 7435 4068 7435 3916 7587 3916 discrete_instruments_field_mounted 0
7056 4375 6904 4375 6904 4223 7056 4223 discrete_instruments_field_mounted 0
7587 4375 7435 4375 7435 4223 7587 4223 discrete_instruments_field_mounted 0
3601 3042 3753 3042 3753 3194 3601 3194 discrete_instruments_field_mounted 0
5593 4089 5745 4089 5745 4241 5593 4241 discrete_instruments_field_mounted 0
5593 3821 5745 3821 5745 3973 5593 3973 discrete_instruments_field_mounted 0
5813 3679 5965 3679 5965 3832 5813 3832 discrete_instruments_field_mounted 0
6144 3679 6296 3679 6296 3832 6144 3832 discrete_instruments_field_mounted 0
7191 3518 7312 3518 7312 3757 7191 3757 electric_motor_general 0
6660 3518 6780 3518 6780 3757 6660 3757 electric_motor_general 0
4206 1878 4223 1878 4223 1924 4206 1924 end_gap 0
4415 1878 4433 1878 4433 1924 4415 1924 end_gap 0
3089 3874 3106 3874 3106 3921 3089 3921 flange 0
3089 4157 3106 4157 3106 4204 3089 4204 flange 0
3089 4464 3106 4464 3106 4512 3089 4512 flange 0
3864 4004 3846 4004 3846 3956 3864 3956 flange 0
3864 4559 3846 4559 3846 4511 3864 4511 flange 0
3864 4972 3846 4972 3846 4925 3864 4925 flange 0
3864 5090 3846 5090 3846 5043 3864 5043 flange 0
1684 4512 1667 4512 1667 4464 1684 4464 flange 0
3507 3455 3507 3472 3460 3472 3460 3455 flange 0
3342 3490 3342 3508 3295 3508 3295 3490 flange 0
3720 3506 3720 3523 3672 3523 3672 3506 flange 0
6389 3521 6389 3504 6437 3504 6437 3521 flange 0
6058 3521 6058 3504 6106 3504 6106 3521 flange 0
6106 3281 6106 3298 6058 3298 6058 3281 flange 0
3423 5610 3440 5610 3440 5657 3423 5657 flange 0
3460 5731 3460 5714 3507 5714 3507 5731 flange 0
6437 3281 6437 3298 6389 3298 6389 3281 flange 0
3879 5350 3861 5350 3861 5303 3879 5303 flange 0
3879 4382 3861 4382 3861 4334 3879 4334 flange 0
3864 5208 3846 5208 3846 5161 3864 5161 flange 0
3864 3767 3846 3767 3846 3720 3864 3720 flange 0
3174 3574 3174 3482 3221 3482 3221 3574 gate_valve 0
3295 2054 3295 1961 3342 1961 3342 2054 gate_valve 0
6471 1606 6378 1606 6378 1559 6471 1559 gate_valve 0
6378 2031 6471 2031 6471 2078 6378 2078 gate_valve 0
7203 1606 7111 1606 7111 1559 7203 1559 gate_valve 0
4358 2054 4358 1961 4405 1961 4405 2054 gate_valve 0
7417 3306 7417 3213 7464 3213 7464 3306 gate_valve 0
7464 3497 7464 3589 7417 3589 7417 3497 gate_valve 0
6507 3497 6507 3589 6460 3589 6460 3497 gate_valve 0
6544 2740 6636 2740 6636 2787 6544 2787 gate_valve 0
6460 3306 6460 3213 6507 3213 6507 3306 gate_valve 0
3283 5892 3283 5800 3330 5800 3330 5892 gate_valve 0
3129 5350 3036 5350 3036 5303 3129 5303 gate_valve 0
7180 3306 7180 3213 7228 3213 7228 3306 gate_valve 0
353 4150 898 4150 898 4212 353 4212 off_page_connector 0
8150 5358 7605 5358 7605 5295 8150 5295 off_page_connector 0
7605 6158 8150 6158 8150 6220 7605 6220 off_page_connector 0
7605 4539 8150 4539 8150 4602 7605 4602 off_page_connector 0
353 3866 898 3866 898 3928 353 3928 off_page_connector 0
3104 4075 3136 4075 3136 4204 3104 4204 open_figure_8_blind 0
3104 4382 3136 4382 3136 4512 3104 4512 open_figure_8_blind 0
3378 5716 3378 5684 3507 5684 3507 5716 open_figure_8_blind 0
3864 5350 3831 5350 3831 5220 3864 5220 open_figure_8_blind 0
3864 4382 3831 4382 3831 4252 3864 4252 open_figure_8_blind 0
4695 4719 4847 4719 4847 4871 4695 4871 plc_primary_location_normally_inaccessible_to_an_operator 0
4358 1550 4443 1550 4443 1687 4358 1687 pressure_relief_or_safety_valve 0
3295 1550 3381 1550 3381 1687 3295 1687 pressure_relief_or_safety_valve 0
4695 4494 4847 4494 4847 4647 4695 4647 shared_display_and_control_primary_location_normally_accessible_to_an_operator 0
4967 4719 5119 4719 5119 4871 4967 4871 shared_display_and_control_primary_location_normally_accessible_to_an_operator 0
5117 4719 5269 4719 5269 4871 5117 4871 shared_display_and_control_primary_location_normally_accessible_to_an_operator 0
3904 3242 4056 3242 4056 3395 3904 3395 shared_display_and_control_primary_location_normally_accessible_to_an_operator 0
5593 3549 5745 3549 5745 3702 5593 3702 shared_display_and_control_primary_location_normally_accessible_to_an_operator 0
3136 3921 3104 3921 3104 3821 3136 3821 spacer 0
3408 3502 3408 3470 3507 3470 3507 3502 spacer 0
7867 1642 7746 1642 7746 1522 7867 1522 utility_conenction 0
1949 5115 1829 5115 1829 4995 1949 4995 utility_conenction 0
6571 1583 6538 1583 6538 1463 6571 1463 gate_valve_with_plug 0
6538 1935 6571 1935 6571 2056 6538 2056 gate_valve_with_plug 0
7031 1583 6998 1583 6998 1463 7031 1463 gate_valve_with_plug 0
4262 1894 4262 1861 4383 1861 4383 1894 gate_valve_with_plug 0
3199 1894 3199 1861 3320 1861 3320 1894 gate_valve_with_plug 0
1755 4487 1788 4487 1788 4607 1755 4607 gate_valve_with_plug 0
3164 3530 3804 3530 3804 5587 3164 5587 vertical_drum 0
3410 1699 3410 1796 3362 1796 3362 1699 spec_break 0
4473 1699 4473 1796 4425 1796 4425 1699 spec_break 0
5797 1475 6154 1475 6154 1548 5797 1548 spec_break 0
4188 1484 4338 1484 4338 1634 4188 1634 annotation 0
6824 1850 6974 1850 6974 2000 6824 2000 annotation 0
6822 1377 6972 1377 6972 1527 6822 1527 annotation 0
3125 1484 3275 1484 3275 1634 3125 1634 annotation 0
4224 4505 4279 4505 4279 4553 4224 4553 text 0
4210 4588 4293 4588 4293 4636 4210 4636 text 0
4229 4547 4274 4547 4274 4594 4229 4594 text 0
4460 4505 4515 4505 4515 4553 4460 4553 text 0
4446 4588 4529 4588 4529 4636 4446 4636 text 0
4468 4547 4507 4547 4507 4594 4468 4594 text 0
4860 4482 4884 4482 4884 4529 4860 4529 text 0
4743 4499 4799 4499 4799 4547 4743 4547 text 0
4729 4590 4813 4590 4813 4638 4729 4638 text 0
4745 4539 4797 4539 4797 4587 4745 4587 text 0
4046 4730 4102 4730 4102 4777 4046 4777 text 0
4033 4812 4116 4812 4116 4860 4033 4860 text 0
4055 4771 4094 4771 4094 4819 4055 4819 text 0
4628 4720 4684 4720 4684 4767 4628 4767 text 0
4762 4742 4780 4742 4780 4789 4762 4789 text 0
4858 4822 4923 4822 4923 4870 4858 4870 text 0
5015 4723 5071 4723 5071 4771 5015 4771 text 0
5001 4814 5085 4814 5085 4862 5001 4862 text 0
5029 4763 5057 4763 5057 4811 5029 4811 text 0
5165 4723 5221 4723 5221 4771 5165 4771 text 0
5151 4814 5235 4814 5235 4862 5151 4862 text 0
5154 4763 5232 4763 5232 4811 5154 4811 text 0
4859 4613 4878 4613 4878 4661 4859 4661 text 0
6255 1324 6311 1324 6311 1372 6255 1372 text 0
6241 1407 6325 1407 6325 1454 6241 1454 text 0
6259 1365 6307 1365 6307 1413 6259 1413 text 0
3668 3253 3724 3253 3724 3301 3668 3301 text 0
3654 3336 3738 3336 3738 3384 3654 3384 text 0
3675 3295 3717 3295 3717 3342 3675 3342 text 0
4068 3230 4092 3230 4092 3277 4068 3277 text 0
3952 3247 4008 3247 4008 3295 3952 3295 text 0
3938 3338 4022 3338 4022 3385 3938 3385 text 0
3964 3287 3995 3287 3995 3335 3964 3335 text 0
6952 3927 7008 3927 7008 3974 6952 3974 text 0
6938 4009 7022 4009 7022 4057 6938 4057 text 0
6957 3968 7003 3968 7003 4016 6957 4016 text 0
7242 3968 7261 3968 7261 4016 7242 4016 text 0
6711 3968 6729 3968 6729 4016 6711 4016 text 0
7483 3927 7539 3927 7539 3974 7483 3974 text 0
7469 4009 7553 4009 7553 4057 7469 4057 text 0
7488 3968 7534 3968 7534 4016 7488 4016 text 0
6952 4234 7008 4234 7008 4281 6952 4281 text 0
6932 4316 7028 4316 7028 4364 6932 4364 text 0
6957 4275 7003 4275 7003 4323 6957 4323 text 0
7483 4234 7539 4234 7539 4281 7483 4281 text 0
7463 4316 7559 4316 7559 4364 7463 4364 text 0
7488 4275 7534 4275 7534 4323 7488 4323 text 0
3649 3053 3705 3053 3705 3100 3649 3100 text 0
3635 3135 3719 3135 3719 3183 3635 3183 text 0
3654 3094 3700 3094 3700 3142 3654 3142 text 0
5641 4100 5697 4100 5697 4147 5641 4147 text 0
5627 4182 5711 4182 5711 4230 5627 4230 text 0
5648 4141 5690 4141 5690 4189 5648 4189 text 0
5641 3832 5697 3832 5697 3880 5641 3880 text 0
5627 3915 5711 3915 5711 3962 5627 3962 text 0
5648 3873 5689 3873 5689 3921 5648 3921 text 0
5641 3554 5697 3554 5697 3602 5641 3602 text 0
5627 3645 5711 3645 5711 3693 5627 3693 text 0
5654 3594 5684 3594 5684 3642 5654 3642 text 0
5861 3690 5917 3690 5917 3738 5861 3738 text 0
5847 3773 5931 3773 5931 3821 5847 3821 text 0
5863 3732 5915 3732 5915 3779 5863 3779 text 0
6192 3690 6248 3690 6248 3738 6192 3738 text 0
6178 3773 6261 3773 6261 3821 6178 3821 text 0
6194 3732 6246 3732 6246 3779 6194 3779 text 0
7747 2007 8013 2007 8013 2102 7747 2102 text 0
4768 1109 5034 1109 5034 1204 4768 1204 text 0
3705 1109 3971 1109 3971 1204 3705 1204 text 0
7346 2716 7611 2716 7611 2811 7346 2811 text 0
4663 2031 4832 2031 4832 2127 4663 2127 text 0
354 4211 897 4211 897 4259 354 4259 text 0
354 4102 897 4102 897 4151 354 4151 text 0
366 4157 507 4157 507 4205 366 4205 text 0
531 4157 862 4157 862 4205 531 4205 text 0
7696 1647 7917 1647 7917 1695 7696 1695 text 0
7750 1586 7863 1586 7863 1637 7750 1637 text 0
7750 1527 7863 1527 7863 1578 7750 1578 text 0
7606 5357 8149 5357 8149 5405 7606 5405 text 0
7606 5248 8149 5248 8149 5296 7606 5296 text 0
7996 5302 8137 5302 8137 5351 7996 5351 text 0
7641 5302 7972 5302 7972 5351 7641 5351 text 0
7606 6219 8149 6219 8149 6267 7606 6267 text 0
7606 6110 8149 6110 8149 6159 7606 6159 text 0
7618 6165 7759 6165 7759 6213 7618 6213 text 0
7783 6165 8114 6165 8114 6213 7783 6213 text 0
7606 4601 8149 4601 8149 4649 7606 4649 text 0
7606 4493 8149 4493 8149 4541 7606 4541 text 0
7618 4546 7759 4546 7759 4595 7618 4595 text 0
7783 4546 8114 4546 8114 4595 7783 4595 text 0
1833 5000 1946 5000 1946 5051 1833 5051 text 0
354 3928 897 3928 897 3976 354 3976 text 0
354 3819 897 3819 897 3867 354 3867 text 0
366 3873 507 3873 507 3921 366 3921 text 0
531 3873 862 3873 862 3921 531 3921 text 0
2527 3909 2836 3909 2836 3957 2527 3957 text 0
2633 3838 2755 3838 2755 3886 2633 3886 text 0
2645 4121 2767 4121 2767 4169 2645 4169 text 0
2527 4192 2836 4192 2836 4240 2527 4240 text 0
2633 4428 2755 4428 2755 4477 2633 4477 text 0
2527 4499 2836 4499 2836 4547 2527 4547 text 0
1704 5173 2061 5173 2061 5269 1704 5269 text 0
1818 5125 1958 5125 1958 5173 1818 5173 text 0
4322 4487 4399 4487 4399 4536 4322 4536 text 0
4559 4487 4640 4487 4640 4536 4559 4536 text 0
4145 4712 4227 4712 4227 4760 4145 4760 text 0
4181 5267 4358 5267 4358 5315 4181 5315 text 0
7358 2066 7479 2066 7479 2114 7358 2114 text 0
4417 2048 4538 2048 4538 2097 4417 2097 text 0
4575 1652 4696 1652 4696 1700 4575 1700 text 0
4086 1298 4226 1298 4226 1347 4086 1347 text 0
3354 2048 3475 2048 3475 2097 3354 2097 text 0
5846 2066 5967 2066 5967 2114 5846 2114 text 0
7310 3909 7404 3909 7404 3957 7310 3957 text 0
7590 4027 7645 4027 7645 4075 7590 4075 text 0
6531 2834 6652 2834 6652 2882 6531 2882 text 0
7590 4334 7715 4334 7715 4382 7590 4382 text 0
7058 4027 7114 4027 7114 4075 7058 4075 text 0
7058 3909 7112 3909 7112 3957 7058 3957 text 0
7058 4334 7183 4334 7183 4382 7058 4382 text 0
6775 3909 6868 3909 6868 3957 6775 3957 text 0
7590 3909 7643 3909 7643 3957 7590 3957 text 0
3023 1298 3163 1298 3163 1347 3023 1347 text 0
3512 1652 3633 1652 3633 1700 3512 1700 text 0
3023 5669 3023 5528 3071 5528 3071 5669 text 0
2870 5692 2988 5692 2988 5740 2870 5740 text 0
4346 5125 4469 5125 4469 5173 4346 5173 text 0
4110 4889 4233 4889 4233 4937 4110 4937 text 0
3933 5007 4055 5007 4055 5055 3933 5055 text 0
7133 3153 7274 3153 7274 3201 7133 3201 text 0
6318 2645 6514 2645 6514 2693 6318 2693 text 0
1677 4369 1748 4369 1748 4418 1677 4418 text 0
5524 4287 5601 4287 5601 4335 5524 4335 text 0
3410 1568 3487 1568 3487 1616 3410 1616 text 0
4272 1747 4349 1747 4349 1795 4272 1795 text 0
3825 4877 3855 4877 3855 4925 3825 4925 text 0
3825 4464 3855 4464 3855 4512 3825 4512 text 0
3825 3909 3855 3909 3855 3957 3825 3957 text 0
3740 5302 3792 5302 3792 5350 3740 5350 text 0
3213 1896 3271 1896 3271 1943 3213 1943 text 0
4419 2006 4462 2006 4462 2054 4419 2054 text 0
6575 1476 6634 1476 6634 1524 6575 1524 text 0
4276 1896 4334 1896 4334 1943 4276 1943 text 0
7036 1476 7094 1476 7094 1524 7036 1524 text 0
3356 2006 3399 2006 3399 2054 3356 2054 text 0
3173 3873 3225 3873 3225 3921 3173 3921 text 0
3173 4156 3225 4156 3225 4204 3173 4204 text 0
3174 4464 3226 4464 3226 4512 3174 4512 text 0
3725 3956 3784 3956 3784 4003 3725 4003 text 0
3742 4297 3793 4297 3793 4345 3742 4345 text 0
3825 4996 3855 4996 3855 5043 3825 5043 text 0
3731 4511 3790 4511 3790 4559 3731 4559 text 0
3725 4924 3784 4924 3784 4972 3725 4972 text 0
3725 5042 3784 5042 3784 5090 3725 5090 text 0
7316 4021 7392 4021 7392 4069 7316 4069 text 0
6114 3472 6145 3472 6145 3520 6114 3520 text 0
7459 3519 7490 3519 7490 3567 7459 3567 text 0
7459 3236 7490 3236 7490 3284 7459 3284 text 0
6505 3236 6536 3236 6536 3284 6505 3284 text 0
6505 3519 6536 3519 6536 3567 6505 3567 text 0
6350 3283 6381 3283 6381 3331 6350 3331 text 0
6350 3472 6381 3472 6381 3520 6350 3520 text 0
6114 3281 6145 3281 6145 3328 6114 3328 text 0
6576 2787 6606 2787 6606 2835 6576 2835 text 0
6744 1322 7094 1322 7094 1370 6744 1370 text 0
6746 1795 7096 1795 7096 1842 6746 1842 text 0
6779 4019 6854 4019 6854 4067 6779 4067 text 0
3222 3505 3252 3505 3252 3552 3222 3552 text 0
3728 3506 3759 3506 3759 3553 3728 3553 text 0
3682 3578 3732 3578 3732 3625 3682 3625 text 0
3457 3543 3509 3543 3509 3591 3457 3591 text 0
3291 3566 3343 3566 3343 3614 3291 3614 text 0
3183 3625 3233 3625 3233 3673 3183 3673 text 0
3068 5344 3099 5344 3099 5391 3068 5391 text 0
3058 5102 3107 5102 3107 5150 3058 5150 text 0
3492 5609 3544 5609 3544 5657 3492 5657 text 0
3457 5491 3509 5491 3509 5539 3457 5539 text 0
3327 5822 3357 5822 3357 5870 3327 5870 text 0
3176 5302 3246 5302 3246 5350 3176 5350 text 0
6282 2929 6378 2929 6378 2976 6282 2976 text 0
6117 2929 6213 2929 6213 2976 6117 2976 text 0
4473 1568 4550 1568 4550 1616 4473 1616 text 0
3209 1747 3286 1747 3286 1795 3209 1795 text 0
6114 3590 6192 3590 6192 3638 6114 3638 text 0
6303 3590 6381 3590 6381 3638 6303 3638 text 0
3837 3900 3837 3819 3876 3819 3876 3900 text 0
3412 3008 3412 2745 3460 2745 3460 3008 text 0
3245 2349 3245 2086 3294 2086 3294 2349 text 0
3363 4079 3604 4079 3604 4141 3363 4141 text 0
6995 6127 7488 6127 7488 6175 6995 6175 text 0
3185 5101 3237 5101 3237 5149 3185 5149 text 0
6995 5265 7488 5265 7488 5313 6995 5313 text 0
4940 4297 5433 4297 5433 4344 4940 4344 text 0
1208 3836 1724 3836 1724 3884 1208 3884 text 0
1215 4119 1694 4119 1694 4167 1215 4167 text 0
4612 4281 4875 4281 4875 4329 4612 4329 text 0
3452 2337 3714 2337 3714 2385 3452 2385 text 0
5855 1489 5936 1489 5936 1537 5855 1537 text 0
6014 1491 6056 1491 6056 1539 6014 1539 text 0
4419 1960 4462 1960 4462 2007 4419 2007 text 0
4309 2346 4309 2084 4358 2084 4358 2346 text 0
7233 1521 7652 1521 7652 1569 7233 1569 text 0
4960 1226 5436 1226 5436 1273 4960 1273 text 0
7204 1993 7680 1993 7680 2041 7204 2041 text 0
3355 1960 3399 1960 3399 2007 3355 2007 text 0
3897 1226 4373 1226 4373 1273 3897 1273 text 0
3772 2348 4263 2348 4263 2395 3772 2395 text 0
7424 4176 7599 4176 7599 4224 7424 4224 text 0
6892 4176 7068 4176 7068 4224 6892 4224 text 0
6619 3357 6892 3357 6892 3419 6619 3419 text 0
7427 3869 7596 3869 7596 3917 7427 3917 text 0
6896 3869 7065 3869 7065 3917 6896 3917 text 0
5652 2584 6162 2584 6162 2632 5652 2632 text 0
5685 1993 6176 1993 6176 2041 5685 2041 text 0
3705 1697 3763 1697 3763 1745 3705 1745 text 0
4764 1697 4822 1697 4822 1745 4764 1745 text 0
3047 3828 3096 3828 3096 3876 3047 3876 text 0
3059 4112 3090 4112 3090 4160 3059 4160 text 0
3497 3413 3546 3413 3546 3461 3497 3461 text 0
3878 5344 3908 5344 3908 5392 3878 5392 text 0
3527 5676 3558 5676 3558 5724 3527 5724 text 0
3884 4290 3915 4290 3915 4338 3884 4338 text 0
3338 3445 3369 3445 3369 3492 3338 3492 text 0
3412 1747 3556 1747 3556 1795 3412 1795 text 0
4475 1700 4619 1700 4619 1748 4475 1748 text 0
4475 1747 4619 1747 4619 1795 4475 1795 text 0
3411 1700 3554 1700 3554 1748 3411 1748 text 0
5790 1444 5934 1444 5934 1492 5790 1492 text 0
6010 1444 6154 1444 6154 1492 6010 1492 text 0
3725 3719 3784 3719 3784 3767 3725 3767 text 0
3725 5160 3784 5160 3784 5208 3725 5208 text 0
6436 3518 6460 3518 6460 3565 6436 3565 text 0
4230 1535 4296 1535 4296 1582 4230 1582 text 0
4235 1493 4291 1493 4291 1541 4235 1541 text 0
4215 1576 4311 1576 4311 1624 4215 1624 text 0
6866 1901 6933 1901 6933 1949 6866 1949 text 0
6871 1860 6927 1860 6927 1907 6871 1907 text 0
6858 1942 6941 1942 6941 1990 6858 1990 text 0
6863 1428 6931 1428 6931 1476 6863 1476 text 0
6869 1387 6925 1387 6925 1435 6869 1435 text 0
6855 1470 6939 1470 6939 1518 6855 1518 text 0
3167 1535 3233 1535 3233 1582 3167 1582 text 0
3172 1493 3228 1493 3228 1541 3172 1541 text 0
3152 1576 3248 1576 3248 1624 3152 1624 text 0
3154 3503 3176 3503 3176 3551 3154 3551 text 0
7394 3235 7416 3235 7416 3282 7394 3282 text 0
6437 3235 6459 3235 6459 3282 6437 3282 text 0
7405 3518 7429 3518 7429 3565 7405 3565 text 0
2976 5301 3023 5301 3023 5349 2976 5349 text 0
3259 5821 3283 5821 3283 5869 3259 5869 text 0
6508 1959 6530 1959 6530 2006 6508 2006 text 0
6574 1960 6632 1960 6632 2008 6574 2008 text 0
6969 1486 6991 1486 6991 1534 6969 1534 text 0
6508 1486 6530 1486 6530 1534 6508 1534 text 0
4086 1346 4513 1346 4513 1393 4086 1393 text 0
4086 1393 4418 1393 4418 1441 4086 1441 text 0
4086 1440 4234 1440 4234 1488 4086 1488 text 0
3023 1346 3450 1346 3450 1393 3023 1393 text 0
3023 1393 3355 1393 3355 1441 3023 1441 text 0
3023 1440 3171 1440 3171 1488 3023 1488 text 0
6389 525 6559 525 6559 573 6389 573 text 0
7175 525 7305 525 7305 573 7175 573 text 0
7207 702 7272 702 7272 750 7207 750 text 0
6389 702 6937 702 6937 750 6389 750 text 0
6389 643 6854 643 6854 691 6389 691 text 0
6389 584 6870 584 6870 632 6389 632 text 0
7175 643 7305 643 7305 691 7175 691 text 0
6810 297 7067 297 7067 375 6810 375 text 0
6751 383 7126 383 7126 441 6751 441 text 0
7207 761 7272 761 7272 809 7207 809 text 0
7167 584 7312 584 7312 632 7167 632 text 0
7198 466 7281 466 7281 514 7198 514 text 0
6389 761 6885 761 6885 809 6389 809 text 0
6389 466 6806 466 6806 514 6389 514 text 0
2964 466 3342 466 3342 514 2964 514 text 0
3922 643 3966 643 3966 691 3922 691 text 0
3401 297 3626 297 3626 375 3401 375 text 0
3105 383 3921 383 3921 441 3105 441 text 0
2964 584 3429 584 3429 632 2964 632 text 0
3695 525 3839 525 3839 573 3695 573 text 0
2964 525 3445 525 3445 573 2964 573 text 0
3702 584 3832 584 3832 632 3702 632 text 0
3675 466 3859 466 3859 514 3675 514 text 0
3696 761 3838 761 3838 809 3696 809 text 0
3735 702 3799 702 3799 750 3735 750 text 0
3745 643 3789 643 3789 691 3745 691 text 0
2964 761 3047 761 3047 809 2964 809 text 0
2964 702 3043 702 3043 750 2964 750 text 0
2964 643 3345 643 3345 691 2964 691 text 0
7142 3293 7172 3293 7172 3340 7142 3340 text 0
3231 1817 3252 1817 3252 1865 3231 1865 text 0
4294 1817 4315 1817 4315 1865 4294 1865 text 0
3259 3151 3259 2660 3307 2660 3307 3151 text 0
1992 4429 2471 4429 2471 4476 1992 4476 text 0
3766 1555 3766 1293 3814 1293 3814 1555 text 0
4829 1555 4829 1293 4877 1293 4877 1555 text 0
7158 3234 7180 3234 7180 3282 7158 3282 text 0
7226 3236 7256 3236 7256 3284 7226 3284 text 0
6724 2702 7216 2702 7216 2750 6724 2750 text 0
3366 4653 3570 4653 3570 4701 3366 4701 text 0
3366 4594 3594 4594 3594 4642 3366 4642 text 0
3366 4712 3589 4712 3589 4760 3366 4760 text 0
1724 4545 1748 4545 1748 4593 1724 4593 text 0
1790 4547 1849 4547 1849 4595 1790 4595 text 0
3112 4525 3143 4525 3143 4573 3112 4573 text 0
7230 3678 7273 3678 7273 3715 7230 3715 text 0
6699 3678 6742 3678 6742 3715 6699 3715 text 0
7244 3763 7244 3756 7259 3756 7259 3763 connector 0
6712 3763 6712 3756 6727 3756 6727 3763 connector 0
6506 3312 6506 3342 6461 3342 6461 3312 flanged_nozzle 0
6105 3312 6105 3342 6060 3342 6060 3312 flanged_nozzle 0
6435 3312 6435 3342 6390 3342 6390 3312 flanged_nozzle 0
6506 3460 6506 3490 6461 3490 6461 3460 flanged_nozzle 0
7463 3460 7463 3490 7418 3490 7418 3460 flanged_nozzle 0
7463 3312 7463 3342 7418 3342 7418 3312 flanged_nozzle 0
6105 3460 6105 3490 6060 3490 6060 3460 flanged_nozzle 0
6435 3460 6435 3490 6390 3490 6390 3460 flanged_nozzle 0
7227 3312 7227 3342 7182 3342 7182 3312 flanged_nozzle 0
3833 4558 3803 4558 3803 4513 3833 4513 flanged_nozzle 0
3833 5089 3803 5089 3803 5044 3833 5044 flanged_nozzle 0
3833 4971 3803 4971 3803 4926 3833 4926 flanged_nozzle 0
3135 3875 3165 3875 3165 3920 3135 3920 flanged_nozzle 0
3135 4465 3165 4465 3165 4510 3135 4510 flanged_nozzle 0
3135 4158 3165 4158 3165 4203 3135 4203 flanged_nozzle 0
3506 3501 3506 3531 3461 3531 3461 3501 flanged_nozzle 0
3719 3537 3719 3567 3674 3567 3674 3537 flanged_nozzle 0
3220 3581 3220 3611 3175 3611 3175 3581 flanged_nozzle 0
3341 3522 3341 3552 3296 3552 3296 3522 flanged_nozzle 0
3454 5611 3484 5611 3484 5656 3454 5656 flanged_nozzle 0
3135 5304 3165 5304 3165 5349 3135 5349 flanged_nozzle 0
3833 5349 3803 5349 3803 5304 3833 5304 flanged_nozzle 0
3833 4380 3803 4380 3803 4335 3833 4335 flanged_nozzle 0
3833 4002 3803 4002 3803 3957 3833 3957 flanged_nozzle 0
3833 3766 3803 3766 3803 3721 3833 3721 flanged_nozzle 0
3833 5207 3803 5207 3803 5162 3833 5162 flanged_nozzle 0
7310 3756 7192 3756 7192 3519 7310 3519 electric_motor_general 0
6779 3756 6661 3756 6661 3519 6779 3519 electric_motor_general 0
3436 5538 3531 5538 3531 5585 3436 5585 vortex_breaker 0
7110 3496 7397 3496 7397 3544 7110 3544 air_cooler 0
6578 3496 6865 3496 6865 3544 6578 3544 air_cooler 0
