5079 3732 4987 3732 4987 3685 5079 3685 butterfly_valve 0
5696 2929 5788 2929 5788 2976 5696 2976 butterfly_valve 0
5409 3402 5409 3310 5456 3310 5456 3402 butterfly_valve 0
5705 3980 5798 3980 5798 4027 5705 4027 check_valve 0
5527 4607 5527 4699 5480 4699 5480 4607 check_valve 0
4099 5409 4191 5409 4191 5456 4099 5456 check_valve 0
3070 5528 3070 5621 3023 5621 3023 5528 check_valve 0
2620 5929 2713 5929 2713 5976 2620 5976 check_valve 0
2620 6342 2713 6342 2713 6390 2620 6390 check_valve 0
3556 5339 3435 5339 3435 5127 3556 5127 closed_drain_connectors 0
5847 5304 5727 5304 5727 5092 5847 5092 closed_drain_connectors 0
4380 2600 4501 2600 4501 2812 4380 2812 closed_drain_connectors 0
3719 6486 3839 6486 3839 6698 3719 6698 closed_drain_connectors 0
2267 2000 2267 2032 2137 2032 2137 2000 closed_figure_8_blind 0
2929 1889 2929 1842 2976 1842 2976 1889 concentric_reducer 0
5527 4795 5527 4842 5480 4842 5480 4795 concentric_reducer 0
5480 5126 5480 5078 5527 5078 5527 5126 concentric_reducer 0
5232 2539 5232 2492 5279 2492 5279 2539 concentric_reducer 0
4393 2149 4346 2149 4346 2102 4393 2102 concentric_reducer 0
4110 2102 4157 2102 4157 2149 4110 2149 concentric_reducer 0
3070 4830 3070 4878 3023 4878 3023 4830 concentric_reducer 0
3023 5114 3023 5067 3070 5067 3070 5114 concentric_reducer 0
2823 1724 2871 1724 2871 1771 2823 1771 concentric_reducer 0
3684 2102 3732 2102 3732 2149 3684 2149 concentric_reducer 0
5397 2421 5350 2421 5350 2374 5397 2374 concentric_reducer 0
5002 5837 5154 5837 5154 5989 5002 5989 discrete_instruments_field_mounted 0
4293 5605 4446 5605 4446 5757 4293 5757 discrete_instruments_field_mounted 0
4293 5872 4446 5872 4446 6025 4293 6025 discrete_instruments_field_mounted 0
5210 4223 5363 4223 5363 4375 5210 4375 discrete_instruments_field_mounted 0
2930 4375 2777 4375 2777 4223 2930 4223 discrete_instruments_field_mounted 0
2994 2687 3146 2687 3146 2840 2994 2840 discrete_instruments_field_mounted 0
3273 2687 3426 2687 3426 2840 3273 2840 discrete_instruments_field_mounted 0
5356 1856 5509 1856 5509 2009 5356 2009 discrete_instruments_field_mounted 0
3273 2451 3426 2451 3426 2603 3273 2603 discrete_instruments_field_mounted 0
3596 4493 3444 4493 3444 4341 3596 4341 discrete_instruments_field_mounted 0
3317 4493 3164 4493 3164 4341 3317 4341 discrete_instruments_field_mounted 0
2930 4139 2777 4139 2777 3986 2930 3986 discrete_instruments_field_mounted 0
4233 2835 4081 2835 4081 2683 4233 2683 discrete_instruments_field_mounted 0
4068 2835 3915 2835 3915 2683 4068 2683 discrete_instruments_field_mounted 0
3566 3160 3566 3177 3519 3177 3519 3160 flange 0
3023 3501 3023 3484 3070 3484 3070 3501 flange 0
3732 3055 3732 3072 3684 3072 3684 3055 flange 0
3684 3486 3684 3469 3732 3469 3732 3486 flange 0
2220 2047 2220 2030 2267 2030 2267 2047 flange 0
5480 5006 5480 4914 5527 4914 5527 5006 gate_valve 0
4205 2102 4298 2102 4298 2149 4205 2149 gate_valve 0
3023 5018 3023 4926 3070 4926 3070 5018 gate_valve 0
3185 4807 3093 4807 3093 4759 3185 4759 gate_valve 0
2929 2113 2929 2020 2976 2020 2976 2113 gate_valve 0
2620 1771 2528 1771 2528 1724 2620 1724 gate_valve 0
5882 3980 5975 3980 5975 4027 5882 4027 gate_valve 0
5480 5314 5480 5221 5527 5221 5527 5314 gate_valve 0
6283 6178 6283 6270 6236 6270 6236 6178 gate_valve 0
6459 6153 6367 6153 6367 6106 6459 6106 gate_valve 0
3922 5409 4014 5409 4014 5456 3922 5456 gate_valve 0
5480 4558 5480 4465 5527 4465 5527 4558 gate_valve 0
4347 5409 4439 5409 4439 5456 4347 5456 gate_valve 0
3023 5833 3023 5741 3070 5741 3070 5833 gate_valve 0
2835 5929 2928 5929 2928 5976 2835 5976 gate_valve 0
5642 4771 5549 4771 5549 4724 5642 4724 gate_valve 0
4581 2149 4489 2149 4489 2102 4581 2102 gate_valve 0
3922 2102 4014 2102 4014 2149 3922 2149 gate_valve 0
3023 5302 3023 5209 3070 5209 3070 5302 gate_valve 0
3023 4735 3023 4642 3070 4642 3070 4735 gate_valve 0
5232 2751 5232 2658 5279 2658 5279 2751 gate_valve 0
4417 2264 4417 2172 4464 2172 4464 2264 gate_valve 0
2835 6342 2928 6342 2928 6390 2835 6390 gate_valve 0
6367 5870 6459 5870 6459 5917 6367 5917 gate_valve 0
2408 2196 2316 2196 2316 2149 2408 2149 gate_valve 0
4039 2054 4039 1961 4086 1961 4086 2054 gate_valve 0
4205 2338 4298 2338 4298 2385 4205 2385 globe_valve 0
3259 5018 3259 4926 3307 4926 3307 5018 globe_valve 0
2220 2010 2220 1917 2267 1917 2267 2010 globe_valve 0
7605 6335 8150 6335 8150 6397 7605 6397 off_page_connector 0
7605 6098 8150 6098 8150 6161 7605 6161 off_page_connector 0
353 6335 898 6335 898 6397 353 6397 off_page_connector 0
7605 5567 8150 5567 8150 5629 7605 5629 off_page_connector 0
7605 3972 8150 3972 8150 4035 7605 4035 off_page_connector 0
353 960 898 960 898 1023 353 1023 off_page_connector 0
353 5921 898 5921 898 5984 353 5984 off_page_connector 0
8150 2157 7605 2157 7605 2094 8150 2094 off_page_connector 0
7605 1622 8150 1622 8150 1684 7605 1684 off_page_connector 0
8150 1023 7605 1023 7605 960 8150 960 off_page_connector 0
353 2260 898 2260 898 2322 353 2322 off_page_connector 0
353 1315 898 1315 898 1377 353 1377 off_page_connector 0
7605 5862 8150 5862 8150 5925 7605 5925 off_page_connector 0
3792 5339 3672 5339 3672 5173 3792 5173 open_drain_connectors 0
6083 5304 5963 5304 5963 5138 6083 5138 open_drain_connectors 0
4605 2646 4725 2646 4725 2812 4605 2812 open_drain_connectors 0
2941 3486 2941 3454 3070 3454 3070 3486 open_figure_8_blind 0
3566 3175 3566 3207 3437 3207 3437 3175 open_figure_8_blind 0
2976 1794 2890 1794 2890 1656 2976 1656 pressure_relief_or_safety_valve 0
5232 2306 5318 2306 5318 2443 5232 2443 pressure_relief_or_safety_valve 0
3684 3200 3684 3077 3732 3077 3732 3200 removable_spool 0
5527 4283 5527 4315 5480 4315 5480 4283 restriction_orifice 0
5416 2102 5449 2102 5449 2149 5416 2149 restriction_orifice 0
4730 5569 4883 5569 4883 5722 4730 5722 shared_display_and_control_primary_location_normally_accessible_to_an_operator 0
4022 5605 4174 5605 4174 5757 4022 5757 shared_display_and_control_primary_location_normally_accessible_to_an_operator 0
5002 5569 5154 5569 5154 5722 5002 5722 shared_display_and_control_primary_location_normally_accessible_to_an_operator 0
4943 4223 5095 4223 5095 4375 4943 4375 shared_display_and_control_primary_location_normally_accessible_to_an_operator 0
2498 3986 2650 3986 2650 4139 2498 4139 shared_display_and_control_primary_location_normally_accessible_to_an_operator 0
2994 2411 3147 2411 3147 2564 2994 2564 shared_display_and_control_primary_location_normally_accessible_to_an_operator 0
5356 1577 5509 1577 5509 1729 5356 1729 shared_display_and_control_primary_location_normally_accessible_to_an_operator 0
5356 1270 5509 1270 5509 1422 5356 1422 shared_display_and_control_primary_location_normally_accessible_to_an_operator 0
5356 915 5509 915 5509 1068 5356 1068 shared_display_and_control_primary_location_normally_accessible_to_an_operator 0
3731 4341 3883 4341 3883 4493 3731 4493 shared_display_and_control_primary_location_normally_accessible_to_an_operator 0
6709 3769 6589 3769 6589 3648 6709 3648 utility_conenction 0
6709 3013 6589 3013 6589 2892 6709 2892 utility_conenction 0
1652 1687 1772 1687 1772 1808 1652 1808 utility_conenction 0
3660 1758 3780 1758 3780 1879 3660 1879 utility_conenction 0
4014 6258 4135 6258 4135 6379 4014 6379 utility_conenction 0
5124 6176 5032 6176 5032 6083 5124 6083 coriolis_flowmeter 0
5138 2626 5138 2593 5257 2593 5257 2626 gate_valve_with_flange 0
4858 3825 4825 3825 4825 3707 4858 3707 gate_valve_with_flange 0
2732 1749 2699 1749 2699 1630 2732 1630 gate_valve_with_flange 0
3774 2835 3807 2835 3807 2954 3774 2954 gate_valve_with_flange 0
2951 1965 2951 1932 3072 1932 3072 1965 gate_valve_with_plug 0
4259 5432 4292 5432 4292 5552 4259 5552 gate_valve_with_plug 0
3166 5665 3166 5698 3046 5698 3046 5665 gate_valve_with_plug 0
2759 5951 2792 5951 2792 6072 2759 6072 gate_valve_with_plug 0
3166 5145 3166 5178 3046 5178 3046 5145 gate_valve_with_plug 0
2759 6365 2792 6365 2792 6485 2759 6485 gate_valve_with_plug 0
5623 5157 5623 5190 5502 5190 5502 5157 gate_valve_with_plug 0
2124 2130 2124 2097 2245 2097 2245 2130 gate_valve_with_plug 0
3703 6242 3855 6242 3855 6395 3703 6395 sample_connection 0
3615 3438 3069 3438 3069 3223 3615 3223 shell_type_e 0
5989 3072 5585 3072 5585 2987 5989 2987 spec_break 0
5466 3450 5466 3353 5527 3353 5527 3450 spec_break 0
4876 3565 5280 3565 5280 3674 4876 3674 spec_break 0
2883 1794 2883 1890 2703 1890 2703 1794 spec_break 0
5516 2443 5516 2540 5325 2540 5325 2443 spec_break 0
2183 1865 2183 1973 2003 1973 2003 1865 spec_break 0
3134 1728 2984 1728 2984 1578 3134 1578 annotation 0
2818 5015 2968 5015 2968 5165 2818 5165 annotation 0
5298 4070 5448 4070 5448 4220 5298 4220 annotation 0
5523 1909 5673 1909 5673 2059 5523 2059 annotation 0
5074 2240 5224 2240 5224 2390 5074 2390 annotation 0
5169 5925 5319 5925 5319 6075 5169 6075 annotation 0
5275 5003 5425 5003 5425 5153 5275 5153 annotation 0
4283 1873 4433 1873 4433 2023 4283 2023 annotation 0
5050 5848 5106 5848 5106 5895 5050 5895 text 0
5036 5930 5120 5930 5120 5978 5036 5978 text 0
5058 5889 5099 5889 5099 5937 5058 5937 text 0
4779 5574 4834 5574 4834 5621 4779 5621 text 0
4765 5665 4848 5665 4848 5712 4765 5712 text 0
4779 5614 4834 5614 4834 5662 4779 5662 text 0
4342 5616 4397 5616 4397 5663 4342 5663 text 0
4328 5698 4411 5698 4411 5746 4328 5746 text 0
4349 5657 4390 5657 4390 5705 4349 5705 text 0
4342 5883 4397 5883 4397 5931 4342 5931 text 0
4328 5966 4411 5966 4411 6014 4328 6014 text 0
4348 5924 4391 5924 4391 5972 4348 5972 text 0
4070 5609 4126 5609 4126 5657 4070 5657 text 0
4056 5700 4140 5700 4140 5748 4056 5748 text 0
4083 5649 4113 5649 4113 5697 4083 5697 text 0
5050 5574 5106 5574 5106 5621 5050 5621 text 0
5036 5665 5120 5665 5120 5712 5036 5712 text 0
5063 5614 5093 5614 5093 5662 5063 5662 text 0
5259 4234 5315 4234 5315 4281 5259 4281 text 0
5245 4316 5328 4316 5328 4364 5245 4364 text 0
5266 4275 5307 4275 5307 4323 5266 4323 text 0
4991 4227 5047 4227 5047 4275 4991 4275 text 0
4977 4318 5061 4318 5061 4366 4977 4366 text 0
4992 4267 5046 4267 5046 4315 4992 4315 text 0
2826 4234 2881 4234 2881 4281 2826 4281 text 0
2812 4316 2895 4316 2895 4364 2812 4364 text 0
2830 4275 2877 4275 2877 4323 2830 4323 text 0
2546 3991 2602 3991 2602 4039 2546 4039 text 0
2533 4082 2616 4082 2616 4130 2533 4130 text 0
2547 4031 2602 4031 2602 4079 2547 4079 text 0
3043 2416 3098 2416 3098 2464 3043 2464 text 0
3029 2507 3112 2507 3112 2555 3029 2555 text 0
3055 2456 3085 2456 3085 2504 3055 2504 text 0
3042 2698 3098 2698 3098 2746 3042 2746 text 0
3028 2781 3112 2781 3112 2829 3028 2829 text 0
3050 2740 3091 2740 3091 2787 3050 2787 text 0
3322 2698 3377 2698 3377 2746 3322 2746 text 0
3308 2781 3391 2781 3391 2829 3308 2829 text 0
3328 2740 3371 2740 3371 2787 3328 2787 text 0
5405 1581 5460 1581 5460 1629 5405 1629 text 0
5391 1672 5474 1672 5474 1720 5391 1720 text 0
5406 1622 5459 1622 5459 1669 5406 1669 text 0
5405 1274 5460 1274 5460 1322 5405 1322 text 0
5391 1365 5474 1365 5474 1413 5391 1413 text 0
5410 1314 5455 1314 5455 1362 5410 1362 text 0
5405 1867 5460 1867 5460 1915 5405 1915 text 0
5391 1950 5474 1950 5474 1998 5391 1998 text 0
5412 1909 5453 1909 5453 1956 5412 1956 text 0
5405 920 5460 920 5460 968 5405 968 text 0
5391 1011 5474 1011 5474 1059 5391 1059 text 0
5411 960 5454 960 5454 1008 5411 1008 text 0
3322 2462 3378 2462 3378 2510 3322 2510 text 0
3308 2545 3391 2545 3391 2592 3308 2592 text 0
3326 2503 3374 2503 3374 2551 3326 2551 text 0
3492 4352 3548 4352 3548 4400 3492 4400 text 0
3478 4434 3561 4434 3561 4482 3478 4482 text 0
3499 4393 3540 4393 3540 4441 3499 4441 text 0
3213 4352 3268 4352 3268 4400 3213 4400 text 0
3199 4434 3282 4434 3282 4482 3199 4482 text 0
3219 4393 3262 4393 3262 4441 3219 4441 text 0
2826 3997 2881 3997 2881 4045 2826 4045 text 0
2812 4080 2895 4080 2895 4128 2812 4128 text 0
2838 4039 2869 4039 2869 4086 2838 4086 text 0
4129 2694 4185 2694 4185 2742 4129 2742 text 0
4115 2777 4199 2777 4199 2824 4115 2824 text 0
4134 2735 4180 2735 4180 2783 4134 2783 text 0
3964 2694 4019 2694 4019 2742 3964 2742 text 0
3950 2777 4033 2777 4033 2824 3950 2824 text 0
3968 2735 4015 2735 4015 2783 3968 2783 text 0
3895 4328 3919 4328 3919 4376 3895 4376 text 0
3779 4345 3835 4345 3835 4393 3779 4393 text 0
3765 4436 3849 4436 3849 4484 3765 4484 text 0
3792 4385 3822 4385 3822 4433 3792 4433 text 0
3675 5283 3788 5283 3788 5334 3675 5334 text 0
3756 6253 3802 6253 3802 6301 3756 6301 text 0
3744 6336 3814 6336 3814 6384 3744 6384 text 0
3747 6295 3811 6295 3811 6342 3747 6342 text 0
5967 5248 6080 5248 6080 5299 5967 5299 text 0
5740 2563 5857 2563 5857 2610 5740 2610 text 0
4608 2756 4721 2756 4721 2806 4608 2806 text 0
3439 5224 3552 5224 3552 5275 3439 5275 text 0
3385 5344 3606 5344 3606 5392 3385 5392 text 0
3439 5283 3552 5283 3552 5334 3439 5334 text 0
7606 6396 8149 6396 8149 6444 7606 6444 text 0
7606 6288 8149 6288 8149 6336 7606 6336 text 0
7618 6342 7759 6342 7759 6390 7618 6390 text 0
7783 6342 8114 6342 8114 6390 7783 6390 text 0
7606 6160 8149 6160 8149 6208 7606 6208 text 0
7606 6051 8149 6051 8149 6100 7606 6100 text 0
7618 6105 7759 6105 7759 6154 7618 6154 text 0
7783 6105 8114 6105 8114 6154 7783 6154 text 0
354 6396 897 6396 897 6493 354 6493 text 0
354 6288 897 6288 897 6336 354 6336 text 0
366 6342 507 6342 507 6390 366 6390 text 0
531 6342 862 6342 862 6390 531 6390 text 0
7606 5628 8149 5628 8149 5677 7606 5677 text 0
7606 5520 8149 5520 8149 5568 7606 5568 text 0
7618 5574 7759 5574 7759 5622 7618 5622 text 0
7783 5574 8114 5574 8114 5622 7783 5622 text 0
7606 4034 8149 4034 8149 4131 7606 4131 text 0
7606 3925 8149 3925 8149 3974 7606 3974 text 0
7618 3979 7759 3979 7759 4028 7618 4028 text 0
7783 3979 8114 3979 8114 4028 7783 4028 text 0
354 1022 897 1022 897 1117 354 1117 text 0
354 914 897 914 897 962 354 962 text 0
366 968 507 968 507 1016 366 1016 text 0
531 968 862 968 862 1016 531 1016 text 0
354 5983 897 5983 897 6079 354 6079 text 0
354 5874 897 5874 897 5923 354 5923 text 0
366 5928 507 5928 507 5977 366 5977 text 0
531 5928 862 5928 862 5977 531 5977 text 0
7606 2156 8149 2156 8149 2253 7606 2253 text 0
7606 2047 8149 2047 8149 2096 7606 2096 text 0
7996 2101 8137 2101 8137 2150 7996 2150 text 0
7641 2101 7972 2101 7972 2150 7641 2150 text 0
7606 1683 8149 1683 8149 1731 7606 1731 text 0
7606 1575 8149 1575 8149 1623 7606 1623 text 0
7618 1629 7759 1629 7759 1677 7618 1677 text 0
7783 1629 8114 1629 8114 1677 7783 1677 text 0
7606 1022 8149 1022 8149 1117 7606 1117 text 0
7606 914 8149 914 8149 962 7606 962 text 0
7996 968 8137 968 8137 1016 7996 1016 text 0
7641 968 7972 968 7972 1016 7641 1016 text 0
354 2321 897 2321 897 2418 354 2418 text 0
354 2213 897 2213 897 2261 354 2261 text 0
366 2267 507 2267 507 2315 366 2315 text 0
531 2267 862 2267 862 2315 531 2315 text 0
5730 5189 5843 5189 5843 5240 5730 5240 text 0
5677 5308 5897 5308 5897 5357 5677 5357 text 0
5730 5248 5843 5248 5843 5299 5730 5299 text 0
6539 3773 6759 3773 6759 3821 6539 3821 text 0
6593 3712 6706 3712 6706 3763 6593 3763 text 0
6593 3653 6706 3653 6706 3704 6593 3704 text 0
6539 3017 6759 3017 6759 3065 6539 3065 text 0
6593 2957 6706 2957 6706 3007 6593 3007 text 0
6593 2897 6706 2897 6706 2948 6593 2948 text 0
354 1376 897 1376 897 1472 354 1472 text 0
354 1268 897 1268 897 1316 354 1316 text 0
366 1322 507 1322 507 1370 366 1370 text 0
531 1322 862 1322 862 1370 531 1370 text 0
1578 1812 1847 1812 1847 1860 1578 1860 text 0
1656 1752 1769 1752 1769 1802 1656 1802 text 0
1656 1693 1769 1693 1769 1744 1656 1744 text 0
7606 5924 8149 5924 8149 5972 7606 5972 text 0
7606 5815 8149 5815 8149 5863 7606 5863 text 0
7618 5869 7759 5869 7759 5918 7618 5918 text 0
7783 5869 8114 5869 8114 5918 7783 5918 text 0
3585 1883 3854 1883 3854 1931 3585 1931 text 0
3663 1823 3776 1823 3776 1873 3663 1873 text 0
3663 1763 3776 1763 3776 1814 3663 1814 text 0
4384 2696 4497 2696 4497 2748 4384 2748 text 0
4330 2816 4550 2816 4550 2864 4330 2864 text 0
4384 2756 4497 2756 4497 2806 4384 2806 text 0
3722 6582 3836 6582 3836 6634 3722 6634 text 0
3669 6702 3889 6702 3889 6750 3669 6750 text 0
3722 6642 3836 6642 3836 6692 3722 6692 text 0
3964 6383 4184 6383 4184 6431 3964 6431 text 0
4018 6323 4131 6323 4131 6373 4018 6373 text 0
4018 6264 4131 6264 4131 6315 4018 6315 text 0
2964 1381 3145 1381 3145 1429 2964 1429 text 0
2811 2042 2932 2042 2932 2091 2811 2091 text 0
2515 1771 2637 1771 2637 1819 2515 1819 text 0
5374 4332 5496 4332 5496 4380 5374 4380 text 0
5539 5011 5654 5011 5654 5059 5539 5059 text 0
4913 5444 5223 5444 5223 5492 4913 5492 text 0
2800 5831 2871 5831 2871 5879 2800 5879 text 0
4204 2220 4297 2220 4297 2268 4204 2268 text 0
4287 1818 4432 1818 4432 1866 4287 1866 text 0
3082 4993 3175 4993 3175 5041 3082 5041 text 0
5098 2680 5220 2680 5220 2728 5098 2728 text 0
4925 2280 5046 2280 5046 2328 4925 2328 text 0
3011 6460 3082 6460 3082 6508 3011 6508 text 0
4027 761 4158 761 4158 809 4027 809 text 0
6200 2964 6322 2964 6322 3012 6200 3012 text 0
6200 3720 6322 3720 6322 3768 6200 3768 text 0
4514 2964 4635 2964 4635 3012 4514 3012 text 0
4514 3721 4635 3721 4635 3769 4514 3769 text 0
3708 2786 3904 2786 3904 2835 3708 2835 text 0
2822 5172 2965 5172 2965 5221 2822 5221 text 0
5283 5161 5426 5161 5426 5210 5283 5210 text 0
2728 6010 2751 6010 2751 6058 2728 6058 text 0
3100 5703 3158 5703 3158 5751 3100 5751 text 0
5516 1268 5647 1268 5647 1316 5516 1316 text 0
5516 917 5647 917 5647 965 5516 965 text 0
5536 4917 5589 4917 5589 4965 5536 4965 text 0
3316 4949 3347 4949 3347 4996 3316 4996 text 0
4864 3762 4894 3762 4894 3809 4864 3809 text 0
4731 3837 4953 3837 4953 3932 4731 3932 text 0
5546 4882 5577 4882 5577 4930 5546 4930 text 0
3078 3485 3108 3485 3108 3533 3078 3533 text 0
6399 5929 6429 5929 6429 5977 6399 5977 text 0
2794 6012 2853 6012 2853 6059 2794 6059 text 0
5371 3311 5402 3311 5402 3359 5371 3359 text 0
2794 6425 2853 6425 2853 6473 2794 6473 text 0
3566 3117 3596 3117 3596 3165 3566 3165 text 0
3079 4899 3109 4899 3109 4947 3079 4947 text 0
5145 2622 5203 2622 5203 2670 5145 2670 text 0
4237 2385 4268 2385 4268 2432 4237 2432 text 0
4225 2178 4278 2178 4278 2226 4225 2226 text 0
2990 2063 3032 2063 3032 2111 2990 2111 text 0
3005 1960 3063 1960 3063 2008 3005 2008 text 0
2551 1675 2593 1675 2593 1723 2551 1723 text 0
5737 4027 5768 4027 5768 4075 5737 4075 text 0
5915 4027 5945 4027 5945 4075 5915 4075 text 0
4236 2137 4266 2137 4266 2185 4236 2185 text 0
5293 2701 5336 2701 5336 2748 5293 2748 text 0
3079 4946 3133 4946 3133 4994 3079 4994 text 0
1056 5891 1451 5891 1451 5939 1056 5939 text 0
6022 2891 6511 2891 6511 2939 6022 2939 text 0
3129 3134 3366 3134 3366 3196 3129 3196 text 0
1050 2230 1504 2230 1504 2277 1050 2277 text 0
7091 2064 7486 2064 7486 2112 7091 2112 text 0
2989 2018 3033 2018 3033 2066 2989 2066 text 0
2552 1628 2596 1628 2596 1676 2552 1676 text 0
7091 3942 7486 3942 7486 3990 7091 3990 text 0
3855 3942 4250 3942 4250 3990 3855 3990 text 0
5568 4760 5626 4760 5626 4807 5568 4807 text 0
5292 2656 5337 2656 5337 2703 5292 2703 text 0
6018 3647 6505 3647 6505 3695 6018 3695 text 0
4336 3647 4824 3647 4824 3695 4336 3695 text 0
4859 5371 5254 5371 5254 5419 4859 5419 text 0
7091 6305 7486 6305 7486 6352 7091 6352 text 0
7091 5537 7486 5537 7486 5584 7091 5584 text 0
2797 1675 2874 1675 2874 1723 2797 1723 text 0
3020 1882 3042 1882 3042 1929 3020 1929 text 0
2073 1686 2489 1686 2489 1734 2073 1734 text 0
3026 1629 3091 1629 3091 1677 3026 1677 text 0
3031 1588 3086 1588 3086 1636 3031 1636 text 0
3017 1671 3100 1671 3100 1718 3017 1718 text 0
2871 5066 2915 5066 2915 5114 2871 5114 text 0
2865 5025 2921 5025 2921 5073 2865 5073 text 0
2851 5108 2935 5108 2935 5155 2851 5155 text 0
5352 4121 5395 4121 5395 4169 5352 4169 text 0
5346 4080 5401 4080 5401 4128 5346 4128 text 0
5332 4163 5415 4163 5415 4211 5332 4211 text 0
5577 1960 5619 1960 5619 2008 5577 2008 text 0
5570 1919 5626 1919 5626 1966 5570 1966 text 0
5556 2001 5640 2001 5640 2049 5556 2049 text 0
5117 2291 5181 2291 5181 2338 5117 2338 text 0
5121 2249 5177 2249 5177 2297 5121 2297 text 0
5107 2332 5191 2332 5191 2380 5107 2380 text 0
5222 5976 5265 5976 5265 6024 5222 6024 text 0
5216 5935 5271 5935 5271 5982 5216 5982 text 0
5202 6017 5285 6017 5285 6065 5202 6065 text 0
5329 5055 5371 5055 5371 5102 5329 5102 text 0
5322 5013 5378 5013 5378 5061 5322 5061 text 0
5308 5096 5392 5096 5392 5144 5308 5144 text 0
4337 1925 4379 1925 4379 1972 4337 1972 text 0
4330 1883 4386 1883 4386 1931 4330 1931 text 0
4316 1966 4400 1966 4400 2014 4316 2014 text 0
5159 2549 5183 2549 5183 2597 5159 2597 text 0
3101 5185 3160 5185 3160 5233 3101 5233 text 0
3117 5620 3141 5620 3141 5668 3117 5668 text 0
2728 6423 2751 6423 2751 6471 2728 6471 text 0
4854 3527 5016 3527 5016 3575 4854 3575 text 0
5588 3006 5750 3006 5750 3054 5588 3054 text 0
5812 3006 5974 3006 5974 3054 5812 3054 text 0
5103 3527 5266 3527 5266 3575 5103 3575 text 0
3117 5101 3141 5101 3141 5148 3117 5148 text 0
4228 5490 4251 5490 4251 5538 4228 5538 text 0
4294 5492 4353 5492 4353 5540 4294 5540 text 0
4336 2893 4826 2893 4826 2941 4336 2941 text 0
5528 5242 5573 5242 5573 5290 5528 5290 text 0
5528 4486 5573 4486 5573 4534 5528 4534 text 0
5531 3403 5693 3403 5693 3452 5531 3452 text 0
7091 6068 7486 6068 7486 6116 7091 6116 text 0
5527 3352 5690 3352 5690 3400 5527 3400 text 0
5350 3357 5397 3357 5397 3405 5350 3405 text 0
2964 1428 3039 1428 3039 1476 2964 1476 text 0
2964 1476 3314 1476 3314 1523 2964 1523 text 0
2964 1523 3162 1523 3162 1571 2964 1571 text 0
4925 2137 5285 2137 5285 2185 4925 2185 text 0
4925 2184 5275 2184 5275 2232 4925 2232 text 0
4925 2232 5068 2232 5068 2279 4925 2279 text 0
5135 2493 5213 2493 5213 2541 5135 2541 text 0
4095 2054 4172 2054 4172 2102 4095 2102 text 0
4343 2054 4420 2054 4420 2102 4343 2102 text 0
2993 1841 3128 1841 3128 1889 2993 1889 text 0
2976 5117 2976 5040 3023 5040 3023 5117 text 0
2976 4881 2976 4803 3023 4803 3023 4881 text 0
5432 5141 5432 5063 5480 5063 5480 5141 text 0
5432 4857 5432 4780 5480 4780 5480 4857 text 0
4460 2194 4518 2194 4518 2242 4460 2242 text 0
5438 2338 5855 2338 5855 2386 5438 2386 text 0
3669 2043 3747 2043 3747 2090 3669 2090 text 0
2983 4208 2983 4178 3030 4178 3030 4208 text 0
3111 4795 3169 4795 3169 4843 3111 4843 text 0
7091 5832 7486 5832 7486 5880 7091 5880 text 0
5328 2823 5798 2823 5798 2870 5328 2870 text 0
5556 5185 5614 5185 5614 5233 5556 5233 text 0
5569 5119 5593 5119 5593 5167 5569 5167 text 0
1895 1688 1931 1688 1931 1708 1895 1708 text 0
1928 1661 1981 1661 1981 1688 1928 1688 text 0
1858 1690 1890 1690 1890 1717 1858 1717 text 0
1946 1710 2000 1697 2004 1711 1950 1725 text 0
2710 1790 2854 1790 2854 1839 2710 1839 text 0
2710 1845 2854 1845 2854 1894 2710 1894 text 0
3810 2846 3868 2846 3868 2894 3810 2894 text 0
3752 2848 3774 2848 3774 2896 3752 2896 text 0
3062 2940 3457 2940 3457 2988 3062 2988 text 0
5355 2444 5498 2444 5498 2492 5355 2492 text 0
5351 2496 5513 2496 5513 2545 5351 2545 text 0
2151 2053 2172 2053 2172 2101 2151 2101 text 0
2133 2126 2191 2126 2191 2173 2133 2173 text 0
2348 2197 2378 2197 2378 2244 2348 2244 text 0
2277 1940 2307 1940 2307 1988 2277 1988 text 0
2007 1921 2151 1921 2151 1969 2007 1969 text 0
2006 1868 2150 1868 2150 1917 2006 1917 text 0
5540 4964 5608 4964 5608 5011 5540 5011 text 0
1056 6305 1451 6305 1451 6352 1056 6352 text 0
2671 1642 2693 1642 2693 1690 2671 1690 text 0
2739 1641 2797 1641 2797 1688 2739 1688 text 0
3112 3010 3374 3010 3374 3059 3112 3059 text 0
2633 820 3317 820 3317 868 2633 868 text 0
2635 584 2805 584 2805 632 2635 632 text 0
2635 525 3052 525 3052 573 2635 573 text 0
4108 820 4170 820 4170 868 4108 868 text 0
3414 702 3577 702 3577 750 3414 750 text 0
3474 820 3517 820 3517 868 3474 868 text 0
3810 820 3843 820 3843 868 3810 868 text 0
3761 761 3891 761 3891 809 3761 809 text 0
3745 702 3908 702 3908 750 3745 750 text 0
3431 761 3560 761 3560 809 3431 809 text 0
3782 643 3871 643 3871 691 3782 691 text 0
3443 643 3549 643 3549 691 3443 691 text 0
2991 383 3634 383 3634 441 2991 441 text 0
3201 297 3424 297 3424 375 3201 375 text 0
3619 525 3703 525 3703 573 3619 573 text 0
3627 466 3695 466 3695 514 3627 514 text 0
2633 761 3099 761 3099 809 2633 809 text 0
2633 702 3114 702 3114 750 2633 750 text 0
2633 466 2823 466 2823 514 2633 514 text 0
4082 1984 4140 1984 4140 2032 4082 2032 text 0
5344 2325 5422 2325 5422 2373 5344 2373 text 0
5138 2872 5138 2782 5186 2782 5186 2872 text 0
5174 2909 5174 2745 5222 2745 5222 2909 text 0
3332 4822 3436 4822 3436 4870 3332 4870 text 0
7204 6377 7326 6377 7326 6425 7204 6425 text 0
3659 3157 3659 3122 3683 3122 3683 3157 text 0
5368 4998 5368 4923 5503 4923 5503 4998 diaphragm 0
4214 1991 4289 1991 4289 2126 4214 2126 diaphragm 0
2912 5010 2912 4935 3047 4935 3047 5010 diaphragm 0
5430 4960 5430 4925 5465 4925 5465 4960 handwheel 0
3024 3455 3024 3425 3069 3425 3069 3455 flanged_nozzle 0
3520 3236 3520 3206 3565 3206 3565 3236 flanged_nozzle 0
3731 3206 3731 3236 3686 3236 3686 3206 flanged_nozzle 0
3686 3455 3686 3425 3731 3425 3731 3455 flanged_nozzle 0
3803 3437 3614 3437 3614 3224 3803 3224 front_end_type_a 0
