7255 4724 7347 4724 7347 4771 7255 4771 ball_valve 0
7132 4724 7224 4724 7224 4771 7132 4771 ball_valve 0
3315 6271 3223 6271 3223 6224 3315 6224 ball_valve 0
5901 5338 5809 5338 5809 5291 5901 5291 ball_valve 0
6127 5668 6127 5576 6174 5576 6174 5668 ball_valve 0
6127 5833 6127 5741 6174 5741 6174 5833 ball_valve 0
7323 4098 7416 4098 7416 4145 7323 4145 ball_valve 0
7062 4522 7062 4430 7110 4430 7110 4522 ball_valve 0
7062 4711 7062 4619 7110 4619 7110 4711 ball_valve 0
5982 5905 5890 5905 5890 5858 5982 5858 ball_valve 0
6105 5905 6012 5905 6012 5858 6105 5858 ball_valve 0
5397 3638 5395 3638 5395 3590 5397 3590 blind_flange 0
2386 3413 2383 3413 2383 3366 2386 3366 blind_flange 0
2386 3638 2383 3638 2383 3590 2386 3590 blind_flange 0
5397 3413 5395 3413 5395 3366 5397 3366 blind_flange 0
2598 3884 2598 3792 2645 3792 2645 3884 check_valve 0
1264 1440 1357 1440 1357 1488 1264 1488 check_valve 0
6708 1959 6708 1867 6755 1867 6755 1959 check_valve 0
6095 1263 6187 1263 6187 1311 6095 1311 check_valve 0
2006 1252 1914 1252 1914 1204 2006 1204 check_valve 0
5610 3884 5610 3792 5657 3792 5657 3884 check_valve 0
4004 5948 4097 5948 4097 5981 4004 5981 chemical_seal_diaphragm 0
4193 5948 4286 5948 4286 5981 4193 5981 chemical_seal_diaphragm 0
1448 1358 1480 1358 1480 1488 1448 1488 closed_figure_8_blind 0
6838 1731 6838 1764 6708 1764 6708 1731 closed_figure_8_blind 0
2999 6637 3047 6637 3047 6685 2999 6685 concentric_reducer 0
2456 2925 2456 2878 2503 2878 2503 2925 concentric_reducer 0
2389 2811 2436 2811 2436 2858 2389 2858 concentric_reducer 0
7062 4213 7062 4166 7110 4166 7110 4213 concentric_reducer 0
2692 2571 2692 2524 2740 2524 2740 2571 concentric_reducer 0
2625 2456 2672 2456 2672 2504 2625 2504 concentric_reducer 0
5400 2811 5448 2811 5448 2858 5400 2858 concentric_reducer 0
5468 2925 5468 2878 5515 2878 5515 2925 concentric_reducer 0
5704 2595 5704 2547 5751 2547 5751 2595 concentric_reducer 0
5637 2480 5684 2480 5684 2527 5637 2527 concentric_reducer 0
3381 6047 3428 6047 3428 6094 3381 6094 concentric_reducer 0
1721 4854 1673 4854 1673 4807 1721 4807 concentric_reducer 0
6059 5291 6107 5291 6107 5338 6059 5338 concentric_reducer 0
1538 4807 1586 4807 1586 4854 1538 4854 concentric_reducer 0
3563 6094 3516 6094 3516 6047 3563 6047 concentric_reducer 0
3732 968 3779 968 3779 1015 3732 1015 concentric_reducer 0
4732 4854 4685 4854 4685 4807 4732 4807 concentric_reducer 0
6127 5406 6127 5358 6174 5358 6174 5406 concentric_reducer 0
4550 4807 4597 4807 4597 4854 4550 4854 concentric_reducer 0
7177 4145 7130 4145 7130 4098 7177 4098 concentric_reducer 0
2684 1908 2836 1908 2836 2060 2684 2060 discrete_instruments_field_mounted 0
2684 2073 2836 2073 2836 2225 2684 2225 discrete_instruments_field_mounted 0
5743 2120 5895 2120 5895 2273 5743 2273 discrete_instruments_field_mounted 0
3526 3793 3678 3793 3678 3946 3526 3946 discrete_instruments_field_mounted 0
3703 3793 3855 3793 3855 3946 3703 3946 discrete_instruments_field_mounted 0
4069 5746 4221 5746 4221 5899 4069 5899 discrete_instruments_field_mounted 0
1860 3425 2013 3425 2013 3578 1860 3578 discrete_instruments_field_mounted 0
5463 1305 5615 1305 5615 1458 5463 1458 discrete_instruments_field_mounted 0
5073 3425 5225 3425 5225 3578 5073 3578 discrete_instruments_field_mounted 0
951 4561 1103 4561 1103 4713 951 4713 discrete_instruments_field_mounted 0
4848 3425 5001 3425 5001 3578 4848 3578 discrete_instruments_field_mounted 0
5743 1553 5895 1553 5895 1706 5743 1706 discrete_instruments_field_mounted 0
5743 1719 5895 1719 5895 1871 5743 1871 discrete_instruments_field_mounted 0
6553 4364 6706 4364 6706 4517 6553 4517 discrete_instruments_field_mounted 0
6553 4530 6706 4530 6706 4682 6553 4682 discrete_instruments_field_mounted 0
5609 1837 5761 1837 5761 1989 5609 1989 discrete_instruments_field_mounted 0
3864 2569 4016 2569 4016 2721 3864 2721 discrete_instruments_field_mounted 0
3542 2829 3694 2829 3694 2981 3542 2981 discrete_instruments_field_mounted 0
3974 4561 4127 4561 4127 4713 3974 4713 discrete_instruments_field_mounted 0
5742 1305 5894 1305 5894 1458 5742 1458 discrete_instruments_field_mounted 0
5274 4561 5426 4561 5426 4713 5274 4713 discrete_instruments_field_mounted 0
2683 1353 2835 1353 2835 1505 2683 1505 discrete_instruments_field_mounted 0
4682 5954 4530 5954 4530 5801 4682 5801 discrete_instruments_field_mounted 0
3864 2290 4016 2290 4016 2442 3864 2442 discrete_instruments_field_mounted 0
5451 4561 5603 4561 5603 4713 5451 4713 discrete_instruments_field_mounted 0
2404 1353 2556 1353 2556 1505 2404 1505 discrete_instruments_field_mounted 0
5743 1955 5895 1955 5895 2107 5743 2107 discrete_instruments_field_mounted 0
2262 4561 2414 4561 2414 4713 2262 4713 discrete_instruments_field_mounted 0
4959 5954 4807 5954 4807 5801 4959 5801 discrete_instruments_field_mounted 0
3542 2994 3694 2994 3694 3147 3542 3147 discrete_instruments_field_mounted 0
2439 4561 2591 4561 2591 4713 2439 4713 discrete_instruments_field_mounted 0
2684 1577 2836 1577 2836 1729 2684 1729 discrete_instruments_field_mounted 0
2412 1742 2565 1742 2565 1895 2412 1895 discrete_instruments_field_mounted 0
2684 1742 2836 1742 2836 1895 2684 1895 discrete_instruments_field_mounted 0
2073 3425 2225 3425 2225 3578 2073 3578 discrete_instruments_field_mounted 0
2211 3975 2363 3975 2363 4127 2211 4127 discrete_instruments_field_mounted 0
5222 3975 5375 3975 5375 4127 5222 4127 discrete_instruments_field_mounted 0
2622 6481 2622 6498 2574 6498 2574 6481 flange 0
6755 1716 6755 1734 6708 1734 6708 1716 flange 0
6708 1779 6708 1761 6755 1761 6755 1779 flange 0
6035 3278 6035 3295 5988 3295 5988 3278 flange 0
5610 3725 5610 3708 5657 3708 5657 3725 flange 0
5468 3725 5468 3708 5515 3708 5515 3725 flange 0
3165 3725 3165 3708 3212 3708 3212 3725 flange 0
1433 1440 1450 1440 1450 1488 1433 1488 flange 0
6460 3279 6460 3296 6413 3296 6413 3279 flange 0
1495 1488 1478 1488 1478 1440 1495 1440 flange 0
2598 3725 2598 3708 2645 3708 2645 3725 flange 0
6413 3830 6413 3813 6460 3813 6460 3830 flange 0
5515 3293 5515 3310 5468 3310 5468 3293 flange 0
3448 3279 3448 3296 3401 3296 3401 3279 flange 0
2810 3725 2810 3708 2858 3708 2858 3725 flange 0
5751 3293 5751 3310 5704 3310 5704 3293 flange 0
2976 3278 2976 3295 2929 3295 2929 3278 flange 0
5822 3725 5822 3708 5870 3708 5870 3725 flange 0
3401 3830 3401 3813 3448 3813 3448 3830 flange 0
6460 5016 6460 5033 6413 5033 6413 5016 flange 0
5515 3663 5515 3680 5468 3680 5468 3663 flange 0
2503 3293 2503 3310 2456 3310 2456 3293 flange 0
6413 3038 6413 3021 6460 3021 6460 3038 flange 0
2456 3725 2456 3708 2503 3708 2503 3725 flange 0
6177 3725 6177 3708 6224 3708 6224 3725 flange 0
3401 1371 3401 1353 3448 1353 3448 1371 flange 0
2503 3663 2503 3680 2456 3680 2456 3663 flange 0
2740 3293 2740 3310 2692 3310 2692 3293 flange 0
6697 1263 6790 1263 6790 1311 6697 1311 gate_valve 0
5254 2858 5162 2858 5162 2811 5254 2811 gate_valve 0
5870 3908 5870 4000 5822 4000 5822 3908 gate_valve 0
4359 5043 4451 5043 4451 5090 4359 5090 gate_valve 0
6708 2150 6708 2058 6755 2058 6755 2150 gate_valve 0
1602 1252 1510 1252 1510 1204 1602 1204 gate_valve 0
5468 3128 5468 3036 5515 3036 5515 3128 gate_valve 0
2692 2798 2692 2705 2740 2705 2740 2798 gate_valve 0
2008 4807 2101 4807 2101 4854 2008 4854 gate_valve 0
1583 5043 1676 5043 1676 5090 1583 5090 gate_valve 0
6841 1263 6934 1263 6934 1311 6841 1311 gate_valve 0
1123 1440 1215 1440 1215 1488 1123 1488 gate_valve 0
4595 5043 4687 5043 4687 5090 4595 5090 gate_valve 0
6708 1699 6708 1607 6755 1607 6755 1699 gate_valve 0
6708 1508 6708 1416 6755 1416 6755 1508 gate_valve 0
5468 3282 5468 3190 5515 3190 5515 3282 gate_valve 0
3047 3839 3047 3932 2999 3932 2999 3839 gate_valve 0
2692 2999 2692 2906 2740 2906 2740 2999 gate_valve 0
4170 4807 4262 4807 4262 4854 4170 4854 gate_valve 0
955 1440 1047 1440 1047 1488 955 1488 gate_valve 0
5502 2527 5410 2527 5410 2480 5502 2480 gate_valve 0
3212 4160 3212 4253 3165 4253 3165 4160 gate_valve 0
3164 3838 3071 3838 3071 3791 3164 3791 gate_valve 0
5704 2798 5704 2705 5751 2705 5751 2798 gate_valve 0
3212 3872 3212 3965 3165 3965 3165 3872 gate_valve 0
1692 1440 1784 1440 1784 1488 1692 1488 gate_valve 0
2503 3723 2503 3815 2456 3815 2456 3723 gate_valve 0
2195 2858 2103 2858 2103 2811 2195 2811 gate_valve 0
1524 1440 1617 1440 1617 1488 1524 1488 gate_valve 0
5704 2999 5704 2906 5751 2906 5751 2999 gate_valve 0
2503 3908 2503 4000 2456 4000 2456 3908 gate_valve 0
3165 2585 3165 2493 3212 2493 3212 2585 gate_valve 0
1770 1252 1678 1252 1678 1204 1770 1204 gate_valve 0
2456 3128 2456 3036 2503 3036 2503 3128 gate_valve 0
6236 2502 6236 2410 6283 2410 6283 2502 gate_valve 0
3165 2396 3165 2304 3212 2304 3212 2396 gate_valve 0
6059 4042 6059 4135 6011 4135 6011 4042 gate_valve 0
2456 3282 2456 3190 2503 3190 2503 3282 gate_valve 0
6236 2691 6236 2599 6283 2599 6283 2691 gate_valve 0
1819 4807 1912 4807 1912 4854 1819 4854 gate_valve 0
4831 4807 4924 4807 4924 4854 4831 4854 gate_valve 0
2858 3723 2858 3815 2810 3815 2810 3723 gate_valve 0
1347 4807 1439 4807 1439 4854 1347 4854 gate_valve 0
6059 3839 6059 3932 6011 3932 6011 3839 gate_valve 0
5515 3908 5515 4000 5468 4000 5468 3908 gate_valve 0
6176 3838 6083 3838 6083 3791 6176 3791 gate_valve 0
2455 2504 2363 2504 2363 2456 2455 2456 gate_valve 0
5870 3723 5870 3815 5822 3815 5822 3723 gate_valve 0
4359 4807 4451 4807 4451 4854 4359 4854 gate_valve 0
2858 3908 2858 4000 2810 4000 2810 3908 gate_valve 0
1158 4807 1250 4807 1250 4854 1158 4854 gate_valve 0
6224 4160 6224 4253 6177 4253 6177 4160 gate_valve 0
5515 3723 5515 3815 5468 3815 5468 3723 gate_valve 0
6224 3872 6224 3965 6177 3965 6177 3872 gate_valve 0
5020 4807 5113 4807 5113 4854 5020 4854 gate_valve 0
1347 5043 1439 5043 1439 5090 1347 5090 gate_valve 0
1583 4807 1676 4807 1676 4854 1583 4854 globe_valve 0
4595 4807 4687 4807 4687 4854 4595 4854 globe_valve 0
5870 4184 5870 4276 5822 4276 5822 4184 globe_valve 0
4831 5043 4924 5043 4924 5090 4831 5090 globe_valve 0
6236 2311 6236 2219 6283 2219 6283 2311 globe_valve 0
3047 4042 3047 4135 2999 4135 2999 4042 globe_valve 0
6095 1405 6187 1405 6187 1452 6095 1452 globe_valve 0
2006 1393 1914 1393 1914 1346 2006 1346 globe_valve 0
2858 4184 2858 4276 2810 4276 2810 4184 globe_valve 0
1819 5043 1912 5043 1912 5090 1819 5090 globe_valve 0
3165 2205 3165 2113 3212 2113 3212 2205 globe_valve 0
7723 1256 8268 1256 8268 1318 7723 1318 off_page_connector 0
780 1259 235 1259 235 1197 780 1197 off_page_connector 0
7723 960 8268 960 8268 1023 7723 1023 off_page_connector 0
8268 6692 7723 6692 7723 6630 8268 6630 off_page_connector 0
235 960 780 960 780 1023 235 1023 off_page_connector 0
780 6692 235 6692 235 6630 780 6630 off_page_connector 0
780 5736 235 5736 235 5673 780 5673 off_page_connector 0
235 5449 780 5449 780 5511 235 5511 off_page_connector 0
3542 1582 3662 1582 3662 1749 3542 1749 open_drain_connectors 0
3721 3591 3601 3591 3601 3425 3721 3425 open_drain_connectors 0
6553 3307 6674 3307 6674 3473 6553 3473 open_drain_connectors 0
6790 4098 6910 4098 6910 4265 6790 4265 open_drain_connectors 0
2728 3710 2728 3678 2858 3678 2858 3710 open_figure_8_blind 0
2515 3710 2515 3678 2645 3678 2645 3710 open_figure_8_blind 0
2374 3710 2374 3678 2503 3678 2503 3710 open_figure_8_blind 0
5385 3710 5385 3678 5515 3678 5515 3710 open_figure_8_blind 0
6094 3710 6094 3678 6224 3678 6224 3710 open_figure_8_blind 0
5527 3710 5527 3678 5657 3678 5657 3710 open_figure_8_blind 0
6035 3293 6035 3325 5905 3325 5905 3293 open_figure_8_blind 0
5740 3710 5740 3678 5870 3678 5870 3710 open_figure_8_blind 0
3082 3710 3082 3678 3212 3678 3212 3710 open_figure_8_blind 0
2976 3293 2976 3325 2846 3325 2846 3293 open_figure_8_blind 0
6174 5361 6088 5361 6088 5223 6174 5223 pressure_relief_or_safety_valve 0
7062 4031 7148 4031 7148 4168 7062 4168 pressure_relief_or_safety_valve 0
2740 2526 2654 2526 2654 2389 2740 2389 pressure_relief_or_safety_valve 0
5515 2880 5429 2880 5429 2743 5515 2743 pressure_relief_or_safety_valve 0
5751 2550 5666 2550 5666 2412 5751 2412 pressure_relief_or_safety_valve 0
2503 2880 2418 2880 2418 2743 2503 2743 pressure_relief_or_safety_valve 0
3448 3686 3448 3808 3401 3808 3401 3686 removable_spool 0
6460 3686 6460 3808 6413 3808 6413 3686 removable_spool 0
6413 3424 6413 3302 6460 3302 6460 3424 removable_spool 0
3401 3424 3401 3302 3448 3302 3448 3424 removable_spool 0
2929 1669 2929 1637 2976 1637 2976 1669 restriction_orifice 0
4161 6094 4129 6094 4129 6047 4161 6047 restriction_orifice 0
5191 1305 5343 1305 5343 1458 5191 1458 shared_display_and_control_primary_location_normally_accessible_to_an_operator 0
1553 4419 1706 4419 1706 4572 1553 4572 shared_display_and_control_primary_location_normally_accessible_to_an_operator 0
1553 3825 1706 3825 1706 3978 1553 3978 shared_display_and_control_primary_location_normally_accessible_to_an_operator 0
4565 3825 4717 3825 4717 3978 4565 3978 shared_display_and_control_primary_location_normally_accessible_to_an_operator 0
5471 1553 5624 1553 5624 1706 5471 1706 shared_display_and_control_primary_location_normally_accessible_to_an_operator 0
3396 5628 3548 5628 3548 5781 3396 5781 shared_display_and_control_primary_location_normally_accessible_to_an_operator 0
4565 4419 4717 4419 4717 4572 4565 4572 shared_display_and_control_primary_location_normally_accessible_to_an_operator 0
2120 1353 2273 1353 2273 1505 2120 1505 shared_display_and_control_primary_location_normally_accessible_to_an_operator 0
2412 1577 2565 1577 2565 1729 2412 1729 shared_display_and_control_primary_location_normally_accessible_to_an_operator 0
5077 5801 5229 5801 5229 5954 5077 5954 shared_display_and_control_primary_location_normally_accessible_to_an_operator 0
1553 3425 1706 3425 1706 3578 1553 3578 shared_display_and_control_primary_location_normally_accessible_to_an_operator 0
4565 3425 4717 3425 4717 3578 4565 3578 shared_display_and_control_primary_location_normally_accessible_to_an_operator 0
5341 1955 5494 1955 5494 2107 5341 2107 shared_display_and_control_primary_location_normally_accessible_to_an_operator 0
3864 2006 4016 2006 4016 2159 3864 2159 shared_display_and_control_primary_location_normally_accessible_to_an_operator 0
2412 1908 2565 1908 2565 2060 2412 2060 shared_display_and_control_primary_location_normally_accessible_to_an_operator 0
2574 6528 2574 6496 2674 6496 2674 6528 spacer 0
6413 5063 6413 5031 6513 5031 6513 5063 spacer 0
3448 1323 3448 1356 3348 1356 3348 1323 spacer 0
6460 2991 6460 3023 6360 3023 6360 2991 spacer 0
6154 4107 6154 4014 6246 4014 6246 4107 steam_trap 0
3142 4107 3142 4014 3235 4014 3235 4107 steam_trap 0
2774 6341 2894 6341 2894 6462 2774 6462 utility_conenction 0
2774 6140 2894 6140 2894 6261 2774 6261 utility_conenction 0
7675 4215 7796 4215 7796 4335 7675 4335 utility_conenction 0
6140 4711 6260 4711 6260 4832 6140 4832 utility_conenction 0
5786 5006 5906 5006 5906 5127 5786 5127 utility_conenction 0
3364 4770 3485 4770 3485 4891 3364 4891 utility_conenction 0
4016 3591 3896 3591 3896 3471 4016 3471 utility_conenction 0
5656 5408 5776 5408 5776 5528 5656 5528 utility_conenction 0
3837 1640 3957 1640 3957 1761 3837 1761 utility_conenction 0
1357 2467 1477 2467 1477 2587 1357 2587 utility_conenction 0
317 4770 438 4770 438 4891 317 4891 utility_conenction 0
2774 5065 2894 5065 2894 5186 2774 5186 utility_conenction 0
6199 1605 6320 1605 6320 1725 6199 1725 utility_conenction 0
6849 3353 6969 3353 6969 3473 6849 3473 utility_conenction 0
6553 4144 6674 4144 6674 4265 6553 4265 utility_conenction 0
7309 2172 7430 2172 7430 2292 7309 2292 utility_conenction 0
4841 2172 4961 2172 4961 2292 4841 2292 utility_conenction 0
3128 4534 3249 4534 3249 4654 3128 4654 utility_conenction 0
3128 1404 3249 1404 3249 1524 3128 1524 utility_conenction 0
317 1404 438 1404 438 1524 317 1524 utility_conenction 0
4309 5798 4430 5798 4430 5918 4309 5918 utility_conenction 0
1711 2207 1831 2207 1831 2328 1711 2328 utility_conenction 0
4841 5254 4961 5254 4961 5375 4841 5375 utility_conenction 0
7912 4061 8032 4061 8032 4182 7912 4182 utility_conenction 0
6898 5068 6778 5068 6778 4947 6898 4947 utility_conenction 0
3660 5798 3780 5798 3780 5918 3660 5918 utility_conenction 0
4546 2408 4666 2408 4666 2528 4546 2528 utility_conenction 0
7111 4950 6990 4950 6990 4829 7111 4829 utility_conenction 0
5965 1676 5965 1583 6057 1583 6057 1676 vortex 0
981 4784 1073 4784 1073 4877 981 4877 vortex 0
4004 4784 4097 4784 4097 4877 4004 4877 vortex 0
5208 4373 5278 4373 5278 4465 5208 4465 angle_blowdown_valve 0
2196 4373 2266 4373 2266 4465 2196 4465 angle_blowdown_valve 0
7205 4554 7205 4587 7085 4587 7085 4554 ball_valve_with_plug 0
7205 4365 7205 4398 7085 4398 7085 4365 ball_valve_with_plug 0
7259 4002 7292 4002 7292 4123 7259 4123 ball_valve_with_plug 0
6556 5168 6556 5201 6435 5201 6435 5168 ball_valve_with_plug 0
6270 5688 6270 5721 6149 5721 6149 5688 ball_valve_with_plug 0
6270 5523 6270 5556 6149 5556 6149 5523 ball_valve_with_plug 0
5933 5195 5966 5195 5966 5316 5933 5316 ball_valve_with_plug 0
8150 3751 8150 3784 8030 3784 8030 3751 ball_valve_with_plug 0
3426 1188 3426 1221 3305 1221 3305 1188 ball_valve_with_plug 0
3597 6069 3630 6069 3630 6190 3597 6190 ball_valve_with_plug 0
3314 6069 3347 6069 3347 6190 3314 6190 ball_valve_with_plug 0
3125 6069 3158 6069 3158 6190 3125 6190 ball_valve_with_plug 0
3786 6069 3819 6069 3819 6190 3786 6190 ball_valve_with_plug 0
1703 3750 1781 3750 1781 3828 1703 3828 function_unspecified 0
4715 3750 4792 3750 4792 3828 4715 3828 function_unspecified 0
6612 2024 6612 1991 6733 1991 6733 2024 gate_valve_with_plug 0
6154 3975 6154 4008 6034 4008 6034 3975 gate_valve_with_plug 0
6075 3816 6042 3816 6042 3695 6075 3695 gate_valve_with_plug 0
1658 1347 1625 1347 1625 1227 1658 1227 gate_valve_with_plug 0
6612 1835 6612 1802 6733 1802 6733 1835 gate_valve_with_plug 0
5965 4034 5965 4067 5845 4067 5845 4034 gate_valve_with_plug 0
5493 4365 5493 4398 5372 4398 5372 4365 gate_valve_with_plug 0
5965 3845 5965 3878 5845 3878 5845 3845 gate_valve_with_plug 0
5493 3845 5493 3878 5372 3878 5372 3845 gate_valve_with_plug 0
2544 2599 2511 2599 2511 2479 2544 2479 gate_valve_with_plug 0
2715 2863 2715 2830 2835 2830 2835 2863 gate_valve_with_plug 0
2715 2686 2715 2653 2835 2653 2835 2686 gate_valve_with_plug 0
2284 2954 2251 2954 2251 2833 2284 2833 gate_valve_with_plug 0
2479 3016 2479 2983 2599 2983 2599 3016 gate_valve_with_plug 0
1731 5065 1764 5065 1764 5186 1731 5186 gate_valve_with_plug 0
4766 4829 4799 4829 4799 4950 4766 4950 gate_valve_with_plug 0
4506 5065 4539 5065 4539 5186 4506 5186 gate_valve_with_plug 0
4743 5065 4775 5065 4775 5186 4743 5186 gate_valve_with_plug 0
2479 3182 2479 3149 2599 3149 2599 3182 gate_valve_with_plug 0
5567 2505 5534 2505 5534 2384 5567 2384 gate_valve_with_plug 0
5727 2863 5727 2830 5847 2830 5847 2863 gate_valve_with_plug 0
2953 4034 2953 4067 2833 4067 2833 4034 gate_valve_with_plug 0
1754 4829 1787 4829 1787 4950 1754 4950 gate_valve_with_plug 0
1471 4829 1504 4829 1504 4950 1471 4950 gate_valve_with_plug 0
5727 2686 5727 2653 5847 2653 5847 2686 gate_valve_with_plug 0
1495 5065 1527 5065 1527 5186 1495 5186 gate_valve_with_plug 0
1282 4829 1315 4829 1315 4950 1282 4950 gate_valve_with_plug 0
2481 4365 2481 4398 2361 4398 2361 4365 gate_valve_with_plug 0
1943 4829 1976 4829 1976 4950 1943 4950 gate_valve_with_plug 0
2953 3845 2953 3878 2833 3878 2833 3845 gate_valve_with_plug 0
2481 3845 2481 3878 2361 3878 2361 3845 gate_valve_with_plug 0
5490 3182 5490 3149 5611 3149 5611 3182 gate_valve_with_plug 0
5319 2954 5286 2954 5286 2833 5319 2833 gate_valve_with_plug 0
5490 3016 5490 2983 5611 2983 5611 3016 gate_valve_with_plug 0
4955 4829 4988 4829 4988 4950 4955 4950 gate_valve_with_plug 0
4294 4829 4327 4829 4327 4950 4294 4950 gate_valve_with_plug 0
4483 4829 4516 4829 4516 4950 4483 4950 gate_valve_with_plug 0
1388 1345 1421 1345 1421 1465 1388 1465 gate_valve_with_plug 0
1069 1463 1102 1463 1102 1583 1069 1583 gate_valve_with_plug 0
1636 1463 1669 1463 1669 1583 1636 1583 gate_valve_with_plug 0
3142 3975 3142 4008 3022 4008 3022 3975 gate_valve_with_plug 0
3064 3816 3031 3816 3031 3695 3064 3695 gate_valve_with_plug 0
6612 1575 6612 1542 6733 1542 6733 1575 gate_valve_with_plug 0
6258 2378 6258 2345 6379 2345 6379 2378 globe_valve_with_plug 0
6258 2567 6258 2534 6379 2534 6379 2567 globe_valve_with_plug 0
6798 1286 6831 1286 6831 1406 6798 1406 globe_valve_with_plug 0
3187 2272 3187 2239 3308 2239 3308 2272 globe_valve_with_plug 0
3187 2461 3187 2428 3308 2428 3308 2461 globe_valve_with_plug 0
3518 6094 3426 6094 3426 6047 3518 6047 rotating_disc_butterfly_valve 0
2622 6518 2622 6611 2574 6611 2574 6518 rotating_disc_butterfly_valve 0
3091 6094 2998 6094 2998 6047 3091 6047 rotating_disc_butterfly_valve 0
3282 6094 3190 6094 3190 6047 3282 6047 rotating_disc_butterfly_valve 0
3754 6094 3662 6094 3662 6047 3754 6047 rotating_disc_butterfly_valve 0
8173 3816 8173 3908 8125 3908 8125 3816 rotating_disc_butterfly_valve 0
8173 3615 8173 3707 8125 3707 8125 3615 rotating_disc_butterfly_valve 0
3943 6094 3851 6094 3851 6047 3943 6047 rotating_disc_butterfly_valve 0
3401 1166 3401 1073 3448 1073 3448 1166 rotating_disc_butterfly_valve 0
6460 5054 6460 5146 6413 5146 6413 5054 rotating_disc_butterfly_valve 0
3401 1333 3401 1241 3448 1241 3448 1333 rotating_disc_butterfly_valve 0
6460 5223 6460 5316 6413 5316 6413 5223 rotating_disc_butterfly_valve 0
6460 2729 6460 2821 6413 2821 6413 2729 rotating_disc_butterfly_valve 0
6460 2908 6460 3001 6413 3001 6413 2908 rotating_disc_butterfly_valve 0
3308 3650 2408 3650 2408 3353 3308 3353 shell_type_k 0
6320 3650 5420 3650 5420 3353 6320 3353 shell_type_k 0
7087 1253 6778 1253 6778 1180 7087 1180 spec_break 0
6530 2198 6530 2101 6697 2101 6697 2198 spec_break 0
2848 5977 3151 5977 3151 6036 2848 6036 spec_break 0
3223 1123 3223 1026 3390 1026 3390 1123 spec_break 0
2187 4416 2187 4513 2019 4513 2019 4416 spec_break 0
5880 4430 5880 4121 5940 4121 5940 4430 spec_break 0
3154 1971 3154 2256 3082 2256 3082 1971 spec_break 0
5842 5680 5939 5680 5939 5847 5842 5847 spec_break 0
7394 4713 7297 4713 7297 4546 7394 4546 spec_break 0
5199 4416 5199 4513 5031 4513 5031 4416 spec_break 0
6225 2077 6225 2375 6153 2375 6153 2077 spec_break 0
6402 4203 6402 4300 6234 4300 6234 4203 spec_break 0
2868 4430 2868 4121 2929 4121 2929 4430 spec_break 0
3390 4203 3390 4300 3223 4300 3223 4203 spec_break 0
3243 5818 3393 5818 3393 5968 3243 5968 annotation 0
4684 4602 4834 4602 4834 4752 4684 4752 annotation 0
6320 5307 6170 5307 6170 5157 6320 5157 annotation 0
2523 2700 2673 2700 2673 2850 2523 2850 annotation 0
5535 2700 5685 2700 5685 2850 5535 2850 annotation 0
4070 6126 4220 6126 4220 6276 4070 6276 annotation 0
3007 1578 3157 1578 3157 1728 3007 1728 annotation 0
1673 4602 1823 4602 1823 4752 1673 4752 annotation 0
6917 3964 7067 3964 7067 4114 6917 4114 annotation 0
5854 1436 6004 1436 6004 1586 5854 1586 annotation 0
2747 2346 2897 2346 2897 2496 2747 2496 annotation 0
5759 2369 5909 2369 5909 2519 5759 2519 annotation 0
1106 4602 1256 4602 1256 4752 1106 4752 annotation 0
4129 4602 4279 4602 4279 4752 4129 4752 annotation 0
2732 1919 2788 1919 2788 1966 2732 1966 text 0
2721 2001 2799 2001 2799 2049 2721 2049 text 0
2739 1960 2781 1960 2781 2008 2739 2008 text 0
2732 2084 2788 2084 2788 2132 2732 2132 text 0
2734 2125 2786 2125 2786 2173 2734 2173 text 0
5791 2131 5847 2131 5847 2179 5791 2179 text 0
5793 2173 5845 2173 5845 2220 5793 2220 text 0
5239 1310 5295 1310 5295 1357 5239 1357 text 0
5228 1401 5306 1401 5306 1448 5228 1448 text 0
5252 1350 5282 1350 5282 1398 5252 1398 text 0
3574 3804 3630 3804 3630 3852 3574 3852 text 0
3576 3846 3628 3846 3628 3893 3576 3893 text 0
3751 3804 3807 3804 3807 3852 3751 3852 text 0
3755 3846 3803 3846 3803 3893 3755 3893 text 0
4117 5757 4173 5757 4173 5805 4117 5805 text 0
4106 5840 4184 5840 4184 5888 4106 5888 text 0
4125 5799 4166 5799 4166 5846 4125 5846 text 0
1602 4424 1657 4424 1657 4472 1602 4472 text 0
1591 4515 1668 4515 1668 4562 1591 4562 text 0
1603 4464 1656 4464 1656 4512 1603 4512 text 0
1909 3436 1964 3436 1964 3484 1909 3484 text 0
1898 3519 1975 3519 1975 3567 1898 3567 text 0
1917 3478 1956 3478 1956 3525 1917 3525 text 0
5511 1316 5567 1316 5567 1364 5511 1364 text 0
5500 1399 5578 1399 5578 1447 5500 1447 text 0
5518 1358 5559 1358 5559 1405 5518 1405 text 0
5121 3436 5177 3436 5177 3484 5121 3484 text 0
5099 3519 5199 3519 5199 3567 5099 3567 text 0
5127 3478 5171 3478 5171 3525 5127 3525 text 0
999 4572 1055 4572 1055 4620 999 4620 text 0
988 4655 1066 4655 1066 4702 988 4702 text 0
1007 4613 1048 4613 1048 4661 1007 4661 text 0
4897 3436 4953 3436 4953 3484 4897 3484 text 0
4886 3519 4963 3519 4963 3567 4886 3567 text 0
4905 3478 4944 3478 4944 3525 4905 3525 text 0
5791 1564 5847 1564 5847 1612 5791 1612 text 0
5780 1647 5858 1647 5858 1695 5780 1695 text 0
5799 1606 5840 1606 5840 1653 5799 1653 text 0
1602 3830 1657 3830 1657 3877 1602 3877 text 0
1597 3921 1662 3921 1662 3968 1597 3968 text 0
1608 3870 1651 3870 1651 3918 1608 3918 text 0
5791 1730 5847 1730 5847 1777 5791 1777 text 0
5780 1812 5858 1812 5858 1860 5780 1860 text 0
5795 1771 5843 1771 5843 1819 5795 1819 text 0
4613 3830 4669 3830 4669 3877 4613 3877 text 0
4609 3921 4674 3921 4674 3968 4609 3968 text 0
4620 3870 4662 3870 4662 3918 4620 3918 text 0
6602 4375 6657 4375 6657 4423 6602 4423 text 0
6604 4417 6655 4417 6655 4464 6604 4464 text 0
6602 4541 6657 4541 6657 4588 6602 4588 text 0
6606 4582 6653 4582 6653 4630 6606 4630 text 0
5520 1558 5575 1558 5575 1606 5520 1606 text 0
5509 1649 5586 1649 5586 1696 5509 1696 text 0
5533 1598 5562 1598 5562 1646 5533 1646 text 0
5657 1848 5713 1848 5713 1895 5657 1895 text 0
5635 1930 5734 1930 5734 1978 5635 1978 text 0
5669 1889 5700 1889 5700 1937 5669 1937 text 0
3912 2580 3968 2580 3968 2628 3912 2628 text 0
3901 2663 3979 2663 3979 2710 3901 2710 text 0
3919 2621 3961 2621 3961 2669 3919 2669 text 0
3590 2840 3646 2840 3646 2888 3590 2888 text 0
3592 2881 3644 2881 3644 2929 3592 2929 text 0
3444 5633 3500 5633 3500 5680 3444 5680 text 0
3433 5724 3511 5724 3511 5771 3433 5771 text 0
3445 5673 3499 5673 3499 5721 3445 5721 text 0
4613 4424 4669 4424 4669 4472 4613 4472 text 0
4602 4515 4680 4515 4680 4562 4602 4562 text 0
4614 4464 4668 4464 4668 4512 4614 4512 text 0
4023 4572 4078 4572 4078 4620 4023 4620 text 0
4012 4655 4089 4655 4089 4702 4012 4702 text 0
4030 4613 4071 4613 4071 4661 4030 4661 text 0
5790 1316 5846 1316 5846 1364 5790 1364 text 0
5779 1399 5857 1399 5857 1447 5779 1447 text 0
5797 1358 5839 1358 5839 1405 5797 1405 text 0
5322 4572 5378 4572 5378 4620 5322 4620 text 0
5326 4613 5374 4613 5374 4661 5326 4661 text 0
2731 1363 2787 1363 2787 1411 2731 1411 text 0
2720 1446 2798 1446 2798 1494 2720 1494 text 0
2738 1405 2780 1405 2780 1453 2738 1453 text 0
4578 5812 4634 5812 4634 5860 4578 5860 text 0
4567 5895 4645 5895 4645 5943 4567 5943 text 0
4585 5854 4627 5854 4627 5901 4585 5901 text 0
3912 2301 3968 2301 3968 2348 3912 2348 text 0
3901 2383 3979 2383 3979 2431 3901 2431 text 0
3920 2342 3961 2342 3961 2390 3920 2390 text 0
5499 4572 5555 4572 5555 4620 5499 4620 text 0
5501 4613 5553 4613 5553 4661 5501 4661 text 0
2452 1363 2508 1363 2508 1411 2452 1411 text 0
2441 1446 2519 1446 2519 1494 2441 1494 text 0
2459 1405 2500 1405 2500 1453 2459 1453 text 0
5791 1966 5847 1966 5847 2014 5791 2014 text 0
5780 2049 5858 2049 5858 2096 5780 2096 text 0
5798 2007 5840 2007 5840 2055 5798 2055 text 0
2168 1357 2224 1357 2224 1405 2168 1405 text 0
2158 1448 2235 1448 2235 1496 2158 1496 text 0
2181 1397 2211 1397 2211 1445 2181 1445 text 0
2310 4572 2366 4572 2366 4620 2310 4620 text 0
2314 4613 2362 4613 2362 4661 2314 4661 text 0
4855 5812 4911 5812 4911 5860 4855 5860 text 0
4844 5895 4922 5895 4922 5943 4844 5943 text 0
4862 5854 4904 5854 4904 5901 4862 5901 text 0
3590 3005 3646 3005 3646 3053 3590 3053 text 0
3594 3047 3642 3047 3642 3094 3594 3094 text 0
2461 1581 2516 1581 2516 1629 2461 1629 text 0
2450 1672 2527 1672 2527 1720 2450 1720 text 0
2474 1622 2503 1622 2503 1669 2474 1669 text 0
2487 4572 2543 4572 2543 4620 2487 4620 text 0
2489 4613 2541 4613 2541 4661 2489 4661 text 0
2732 1588 2788 1588 2788 1636 2732 1636 text 0
2721 1671 2799 1671 2799 1718 2721 1718 text 0
2740 1629 2781 1629 2781 1677 2740 1677 text 0
2461 1753 2516 1753 2516 1801 2461 1801 text 0
2439 1836 2538 1836 2538 1884 2439 1884 text 0
2473 1795 2504 1795 2504 1842 2473 1842 text 0
2732 1753 2788 1753 2788 1801 2732 1801 text 0
2721 1836 2799 1836 2799 1884 2721 1884 text 0
2736 1795 2784 1795 2784 1842 2736 1842 text 0
2121 3436 2177 3436 2177 3484 2121 3484 text 0
2099 3519 2199 3519 2199 3567 2099 3567 text 0
2127 3478 2171 3478 2171 3525 2127 3525 text 0
5275 4175 5330 4175 5330 4222 5275 4222 text 0
5264 4257 5341 4257 5341 4305 5264 4305 text 0
5279 4216 5326 4216 5326 4264 5279 4264 text 0
2263 4175 2319 4175 2319 4222 2263 4222 text 0
2252 4257 2330 4257 2330 4305 2252 4305 text 0
2268 4216 2314 4216 2314 4264 2268 4264 text 0
2704 6465 2964 6465 2964 6515 2704 6515 text 0
2778 6406 2891 6406 2891 6456 2778 6456 text 0
2778 6346 2891 6346 2891 6397 2778 6397 text 0
2704 6264 2964 6264 2964 6314 2704 6314 text 0
2778 6205 2891 6205 2891 6255 2778 6255 text 0
2778 6145 2891 6145 2891 6197 2778 6197 text 0
7606 4339 7866 4339 7866 4389 7606 4389 text 0
7679 4279 7792 4279 7792 4330 7679 4330 text 0
7679 4220 7792 4220 7792 4271 7679 4271 text 0
7724 1209 8267 1209 8267 1257 7724 1257 text 0
7724 1317 8267 1317 8267 1365 7724 1365 text 0
7736 1263 7877 1263 7877 1311 7736 1311 text 0
7901 1263 8232 1263 8232 1311 7901 1311 text 0
6070 4835 6330 4835 6330 4885 6070 4885 text 0
6144 4776 6257 4776 6257 4826 6144 4826 text 0
6144 4716 6257 4716 6257 4767 6144 4767 text 0
5716 5130 5976 5130 5976 5181 5716 5181 text 0
5789 5071 5902 5071 5902 5121 5789 5121 text 0
5789 5012 5902 5012 5902 5063 5789 5063 text 0
3295 4894 3555 4894 3555 4944 3295 4944 text 0
3368 4835 3481 4835 3481 4885 3368 4885 text 0
3368 4775 3481 4775 3481 4826 3368 4826 text 0
3826 3594 4086 3594 4086 3645 3826 3645 text 0
3900 3535 4013 3535 4013 3586 3900 3586 text 0
3900 3476 4013 3476 4013 3527 3900 3527 text 0
236 1150 779 1150 779 1198 236 1198 text 0
236 1258 779 1258 779 1306 236 1306 text 0
625 1204 767 1204 767 1252 625 1252 text 0
271 1204 602 1204 602 1252 271 1252 text 0
5586 5531 5846 5531 5846 5582 5586 5582 text 0
5659 5472 5772 5472 5772 5523 5659 5523 text 0
5659 5413 5772 5413 5772 5464 5659 5464 text 0
3767 1764 4027 1764 4027 1814 3767 1814 text 0
3841 1705 3954 1705 3954 1755 3841 1755 text 0
3841 1645 3954 1645 3954 1696 3841 1696 text 0
1287 2413 1547 2413 1547 2464 1287 2464 text 0
1360 2472 1473 2472 1473 2523 1360 2523 text 0
1360 2531 1473 2531 1473 2582 1360 2582 text 0
7724 914 8267 914 8267 961 7724 961 text 0
7724 1022 8267 1022 8267 1069 7724 1069 text 0
7736 968 7877 968 7877 1016 7736 1016 text 0
7901 968 8232 968 8232 1016 7901 1016 text 0
248 4894 507 4894 507 4944 248 4944 text 0
321 4835 434 4835 434 4885 321 4885 text 0
321 4775 434 4775 434 4826 321 4826 text 0
2704 5189 2964 5189 2964 5240 2704 5240 text 0
2778 5130 2891 5130 2891 5181 2778 5181 text 0
2778 5071 2891 5071 2891 5122 2778 5122 text 0
6129 1551 6389 1551 6389 1602 6129 1602 text 0
6203 1610 6316 1610 6316 1661 6203 1661 text 0
6203 1669 6316 1669 6316 1720 6203 1720 text 0
6779 3476 7039 3476 7039 3527 6779 3527 text 0
6852 3417 6965 3417 6965 3468 6852 3468 text 0
6852 3358 6965 3358 6965 3409 6852 3409 text 0
6484 4268 6744 4268 6744 4318 6484 4318 text 0
6557 4209 6670 4209 6670 4259 6557 4259 text 0
6557 4149 6670 4149 6670 4200 6557 4200 text 0
7240 2295 7499 2295 7499 2346 7240 2346 text 0
7313 2236 7426 2236 7426 2287 7313 2287 text 0
7313 2177 7426 2177 7426 2228 7313 2228 text 0
3545 1693 3658 1693 3658 1743 3545 1743 text 0
3545 1633 3658 1633 3658 1685 3545 1685 text 0
4771 2118 5031 2118 5031 2169 4771 2169 text 0
4845 2177 4958 2177 4958 2228 4845 2228 text 0
4845 2236 4958 2236 4958 2287 4845 2287 text 0
3059 4657 3318 4657 3318 4708 3059 4708 text 0
3132 4598 3245 4598 3245 4649 3132 4649 text 0
3132 4539 3245 4539 3245 4590 3132 4590 text 0
3059 1350 3318 1350 3318 1401 3059 1401 text 0
3132 1409 3245 1409 3245 1460 3132 1460 text 0
3132 1468 3245 1468 3245 1519 3132 1519 text 0
3604 3535 3717 3535 3717 3586 3604 3586 text 0
3604 3476 3717 3476 3717 3527 3604 3527 text 0
248 1527 507 1527 507 1578 248 1578 text 0
321 1468 434 1468 434 1519 321 1519 text 0
321 1409 434 1409 434 1460 321 1460 text 0
4240 5744 4499 5744 4499 5795 4240 5795 text 0
4313 5803 4426 5803 4426 5854 4313 5854 text 0
4313 5862 4426 5862 4426 5913 4313 5913 text 0
1641 2153 1901 2153 1901 2204 1641 2204 text 0
1715 2212 1828 2212 1828 2263 1715 2263 text 0
1715 2271 1828 2271 1828 2322 1715 2322 text 0
4771 5378 5031 5378 5031 5429 4771 5429 text 0
4845 5319 4958 5319 4958 5370 4845 5370 text 0
4845 5260 4958 5260 4958 5311 4845 5311 text 0
6557 3417 6670 3417 6670 3468 6557 3468 text 0
6557 3358 6670 3358 6670 3409 6557 3409 text 0
7842 4185 8102 4185 8102 4236 7842 4236 text 0
7915 4126 8028 4126 8028 4177 7915 4177 text 0
7915 4067 8028 4067 8028 4118 7915 4118 text 0
6708 5071 6968 5071 6968 5121 6708 5121 text 0
6782 5012 6895 5012 6895 5062 6782 5062 text 0
6782 4952 6895 4952 6895 5004 6782 5004 text 0
3590 5744 3850 5744 3850 5795 3590 5795 text 0
3663 5803 3776 5803 3776 5854 3663 5854 text 0
3663 5862 3776 5862 3776 5913 3663 5913 text 0
4476 2354 4736 2354 4736 2405 4476 2405 text 0
4549 2413 4662 2413 4662 2464 4549 2464 text 0
4549 2472 4662 2472 4662 2523 4549 2523 text 0
6793 4209 6906 4209 6906 4259 6793 4259 text 0
6793 4149 6906 4149 6906 4200 6793 4200 text 0
6921 4953 7181 4953 7181 5003 6921 5003 text 0
6994 4894 7107 4894 7107 4944 6994 4944 text 0
6994 4834 7107 4834 7107 4885 6994 4885 text 0
7724 6583 8267 6583 8267 6631 7724 6631 text 0
7724 6691 8267 6691 8267 6739 7724 6739 text 0
8114 6637 8255 6637 8255 6685 8114 6685 text 0
7759 6637 8090 6637 8090 6685 7759 6685 text 0
236 914 779 914 779 961 236 961 text 0
236 1022 779 1022 779 1069 236 1069 text 0
248 968 389 968 389 1016 248 1016 text 0
413 968 744 968 744 1016 413 1016 text 0
236 6583 779 6583 779 6631 236 6631 text 0
236 6691 779 6691 779 6739 236 6739 text 0
625 6637 767 6637 767 6685 625 6685 text 0
271 6637 602 6637 602 6685 271 6685 text 0
236 5626 779 5626 779 5674 236 5674 text 0
625 5680 767 5680 767 5729 625 5729 text 0
271 5680 602 5680 602 5729 271 5729 text 0
236 5402 779 5402 779 5450 236 5450 text 0
248 5456 389 5456 389 5504 248 5504 text 0
413 5456 744 5456 744 5504 413 5504 text 0
4830 2043 4971 2043 4971 2090 4830 2090 text 0
4535 2279 4675 2279 4675 2327 4535 2327 text 0
2716 6543 2855 6543 2855 6591 2716 6591 text 0
6791 2243 6978 2243 6978 2291 6791 2291 text 0
1736 3885 1856 3885 1856 3933 1736 3933 text 0
5728 3507 5866 3507 5866 3555 5728 3555 text 0
5969 4145 5969 4025 6017 4025 6017 4145 text 0
2279 4429 2399 4429 2399 4476 2279 4476 text 0
2515 2855 2691 2855 2691 2903 2515 2903 text 0
3543 306 3737 306 3737 354 3543 354 text 0
3744 3177 3882 3177 3882 3224 3744 3224 text 0
3097 1263 3273 1263 3273 1311 3097 1311 text 0
5314 4429 5434 4429 5434 4476 5314 4476 text 0
3247 4122 3247 4002 3295 4002 3295 4122 text 0
6259 4122 6259 4002 6307 4002 6307 4122 text 0
6684 3850 6823 3850 6823 3898 6684 3898 text 0
4747 3885 4867 3885 4867 3933 4747 3933 text 0
5078 306 5272 306 5272 354 5078 354 text 0
2846 4878 2846 4758 2893 4758 2893 4878 text 0
1712 2114 1828 2114 1828 2161 1712 2161 text 0
2751 2503 2927 2503 2927 2551 2751 2551 text 0
2957 4145 2957 4025 3005 4025 3005 4145 text 0
3425 6165 3517 6165 3517 6213 3425 6213 text 0
3688 1346 3826 1346 3826 1393 3688 1393 text 0
5125 4287 5125 4149 5173 4149 5173 4287 text 0
2031 4287 2031 4111 2078 4111 2078 4287 text 0
5172 4275 5172 4158 5220 4158 5220 4275 text 0
318 4712 438 4712 438 4760 318 4760 text 0
6699 3058 6838 3058 6838 3106 6699 3106 text 0
2173 3389 2248 3389 2248 3437 2173 3437 text 0
6212 1511 6300 1511 6300 1559 6212 1559 text 0
3504 3122 3567 3122 3567 3169 3504 3169 text 0
2196 3566 2372 3566 2372 3614 2196 3614 text 0
6377 4015 6377 3829 6425 3829 6425 4015 text 0
6318 2962 6318 2766 6366 2766 6366 2962 text 0
5527 2855 5703 2855 5703 2903 5527 2903 text 0
6174 1473 6349 1473 6349 1521 6174 1521 text 0
3366 4712 3504 4712 3504 4760 3366 4760 text 0
5857 4854 5857 4734 5905 4734 5905 4854 text 0
2716 3507 2855 3507 2855 3555 2716 3555 text 0
6082 1878 6082 1702 6129 1702 6129 1878 text 0
3779 4027 3779 3964 3826 3964 3826 4027 text 0
3188 1121 3327 1121 3327 1169 3188 1169 text 0
3144 1310 3233 1310 3233 1358 3144 1358 text 0
1877 1275 2053 1275 2053 1323 1877 1323 text 0
1358 2373 1474 2373 1474 2421 1358 2421 text 0
6480 4610 6543 4610 6543 4658 6480 4658 text 0
1960 3389 2041 3389 2041 3437 1960 3437 text 0
4594 4901 4686 4901 4686 4949 4594 4949 text 0
5763 2527 5939 2527 5939 2575 5763 2575 text 0
1582 4901 1674 4901 1674 4949 1582 4949 text 0
6056 1331 6231 1331 6231 1379 6056 1379 text 0
6502 5066 6640 5066 6640 5114 6502 5114 text 0
2113 4287 2113 4149 2161 4149 2161 4287 text 0
472 1476 638 1476 638 1523 472 1523 text 0
5031 4299 5031 4123 5078 4123 5078 4299 text 0
5208 3555 5384 3555 5384 3602 5208 3602 text 0
5173 3389 5248 3389 5248 3437 5173 3437 text 0
4842 2078 4958 2078 4958 2126 4842 2126 text 0
2161 4275 2161 4158 2208 4158 2208 4275 text 0
4948 3389 5029 3389 5029 3437 4948 3437 text 0
4547 2314 4663 2314 4663 2362 4547 2362 text 0
1700 2078 1841 2078 1841 2126 1700 2126 text 0
1346 2338 1486 2338 1486 2386 1346 2386 text 0
3248 6294 3290 6294 3290 6341 3248 6341 text 0
950 6600 1439 6600 1439 6648 950 6648 text 0
5244 2945 5244 2887 5291 2887 5291 2945 text 0
2468 6638 2468 6537 2515 6537 2515 6638 text 0
2656 6587 2656 6542 2703 6542 2703 6587 text 0
7028 2243 7097 2243 7097 2291 7028 2291 text 0
5964 3158 5964 2695 6012 2695 6012 3158 text 0
2966 6590 3080 6590 3080 6638 2966 6638 text 0
6949 6600 7439 6600 7439 6648 6949 6648 text 0
6188 5445 6188 5367 6236 5367 6236 5445 text 0
3291 5828 3346 5828 3346 5876 3291 5876 text 0
3297 5870 3340 5870 3340 5917 3297 5917 text 0
3280 5911 3357 5911 3357 5959 3280 5959 text 0
1712 4941 1712 4883 1760 4883 1760 4941 text 0
6083 5738 6128 5738 6128 5786 6083 5786 text 0
4731 4612 4787 4612 4787 4659 4731 4659 text 0
4738 4653 4781 4653 4781 4701 4738 4701 text 0
4721 4694 4798 4694 4798 4742 4721 4742 text 0
3243 2386 3302 2386 3302 2433 3243 2433 text 0
2748 2738 2791 2738 2791 2786 2748 2786 text 0
5548 2946 5606 2946 5606 2993 5548 2993 text 0
4614 4854 4668 4854 4668 4901 4614 4901 text 0
4252 4941 4252 4883 4299 4883 4299 4941 text 0
6258 4204 6402 4204 6402 4252 6258 4252 text 0
2406 3235 2449 3235 2449 3283 2406 3283 text 0
6570 4812 6832 4812 6832 4861 6570 4861 text 0
3444 6118 3500 6118 3500 6165 3444 6165 text 0
6530 2149 6674 2149 6674 2197 6530 2197 text 0
6217 5167 6273 5167 6273 5214 6217 5214 text 0
6212 5208 6278 5208 6278 5256 6212 5256 text 0
6206 5249 6284 5249 6284 5297 6206 5297 text 0
2420 3609 2420 3550 2468 3550 2468 3609 text 0
2562 2409 2658 2409 2658 2457 2562 2457 text 0
2128 2856 2170 2856 2170 2904 2128 2904 text 0
4652 2773 5107 2773 5107 2821 4652 2821 text 0
6324 5254 6324 5154 6371 5154 6371 5254 text 0
7164 4677 7195 4677 7195 4725 7164 4725 text 0
7345 4690 7345 4546 7394 4546 7394 4690 text 0
1689 5177 1689 5119 1736 5119 1736 5177 text 0
479 4766 965 4766 965 4814 479 4814 text 0
6411 3460 6460 3460 6460 3507 6411 3507 text 0
3243 2197 3302 2197 3302 2244 3243 2244 text 0
3247 4204 3390 4204 3390 4252 3247 4252 text 0
2267 4479 2482 4479 2482 4526 2267 4526 text 0
2468 6411 2468 6311 2515 6311 2515 6411 text 0
5595 2432 5672 2432 5672 2480 5595 2480 text 0
3564 6130 3595 6130 3595 6178 3564 6178 text 0
6152 2375 6152 2231 6201 2231 6201 2375 text 0
5901 3992 5959 3992 5959 4040 5901 4040 text 0
2369 4323 2428 4323 2428 4370 2369 4370 text 0
7016 4427 7061 4427 7061 4475 7016 4475 text 0
3340 1141 3370 1141 3370 1189 3340 1189 text 0
5418 3076 5460 3076 5460 3124 5418 3124 text 0
7127 4025 7204 4025 7204 4072 7127 4072 text 0
5760 2904 5803 2904 5803 2951 5760 2951 text 0
940 1178 1411 1178 1411 1226 940 1226 text 0
7016 4616 7061 4616 7061 4664 7016 4664 text 0
5702 3353 5752 3353 5752 3401 5702 3401 text 0
2570 2710 2626 2710 2626 2758 2570 2758 text 0
2565 2751 2631 2751 2631 2799 2565 2799 text 0
2559 2793 2637 2793 2637 2840 2559 2840 text 0
2748 2951 2791 2951 2791 2999 2748 2999 text 0
2898 373 3694 373 3694 420 2898 420 text 0
3167 289 3425 289 3425 351 3167 351 text 0
2265 4895 2754 4895 2754 4942 2265 4942 text 0
6210 5634 6240 5634 6240 5681 6210 5681 text 0
6296 5803 6296 5350 6343 5350 6343 5803 text 0
7192 2570 7241 2570 7241 2617 7192 2617 text 0
6210 5468 6240 5468 6240 5516 6210 5516 text 0
8038 3697 8097 3697 8097 3744 8038 3744 text 0
2468 2579 2468 2520 2516 2520 2516 2579 text 0
7152 930 7639 930 7639 978 7152 978 text 0
2596 3601 2645 3601 2645 3649 2596 3649 text 0
7298 4690 7298 4546 7346 4546 7346 4690 text 0
3082 2266 3082 2127 3130 2127 3130 2266 text 0
2127 2774 2171 2774 2171 2821 2127 2821 text 0
5582 2710 5638 2710 5638 2758 5582 2758 text 0
5577 2751 5643 2751 5643 2799 5577 2799 text 0
5571 2793 5648 2793 5648 2840 5571 2840 text 0
4117 6135 4173 6135 4173 6183 4117 6183 text 0
4124 6177 4166 6177 4166 6224 4124 6224 text 0
4106 6218 4184 6218 4184 6266 4106 6266 text 0
2748 2904 2791 2904 2791 2951 2748 2951 text 0
2752 2543 2830 2543 2830 2590 2752 2590 text 0
6505 2799 6536 2799 6536 2847 6505 2847 text 0
7017 4475 7060 4475 7060 4522 7017 4522 text 0
2337 2759 2433 2759 2433 2806 2337 2806 text 0
5418 3035 5462 3035 5462 3083 5418 3083 text 0
7226 4027 7256 4027 7256 4075 7226 4075 text 0
3501 1132 3501 1031 3548 1031 3548 1132 text 0
7348 4203 7391 4203 7391 4251 7348 4251 text 0
2891 4430 2891 4286 2939 4286 2939 4430 text 0
1452 5177 1452 5119 1500 5119 1500 5177 text 0
949 930 1436 930 1436 978 949 978 text 0
2777 4884 2777 4395 2825 4395 2825 4884 text 0
7017 4664 7060 4664 7060 4711 7017 4711 text 0
2018 4464 2162 4464 2162 4512 2018 4512 text 0
8182 3464 8182 3202 8231 3202 8231 3464 text 0
3054 1588 3110 1588 3110 1636 3054 1636 text 0
3061 1629 3103 1629 3103 1677 3061 1677 text 0
3043 1671 3121 1671 3121 1718 3043 1718 text 0
2208 2933 2208 2875 2256 2875 2256 2933 text 0
6125 5946 6388 5946 6388 5995 6125 5995 text 0
8182 4333 8182 4070 8231 4070 8231 4333 text 0
3753 6130 3784 6130 3784 6178 3753 6178 text 0
4948 2442 5402 2442 5402 2490 4948 2490 text 0
5890 5823 5890 5680 5939 5680 5939 5823 text 0
5820 3601 5870 3601 5870 3649 5820 3649 text 0
6000 3760 6000 3702 6047 3702 6047 3760 text 0
1525 2773 1998 2773 1998 2821 1525 2821 text 0
7280 4829 7322 4829 7322 4877 7280 4877 text 0
3264 4369 3728 4369 3728 4417 3264 4417 text 0
474 1402 927 1402 927 1450 474 1450 text 0
5547 3115 5606 3115 5606 3163 5547 3163 text 0
6530 2101 6674 2101 6674 2150 6530 2150 text 0
5789 4860 5789 4371 5836 4371 5836 4860 text 0
6078 3933 6136 3933 6136 3981 6078 3981 text 0
1720 4612 1775 4612 1775 4659 1720 4659 text 0
1726 4653 1769 4653 1769 4701 1726 4701 text 0
1709 4694 1786 4694 1786 4742 1709 4742 text 0
6084 5620 6127 5620 6127 5668 6084 5668 text 0
3229 1074 3370 1074 3370 1122 3229 1122 text 0
6493 5120 6524 5120 6524 5168 6493 5168 text 0
6082 4779 6082 4315 6130 4315 6130 4779 text 0
2043 1759 2248 1759 2248 1807 2043 1807 text 0
6258 4251 6402 4251 6402 4299 6258 4299 text 0
6044 5811 6075 5811 6075 5859 6044 5859 text 0
6411 3601 6460 3601 6460 3649 6411 3649 text 0
5393 3803 5451 3803 5451 3851 5393 3851 text 0
5279 4479 5494 4479 5494 4526 5279 4526 text 0
3399 3601 3448 3601 3448 3649 3399 3649 text 0
2501 3477 2551 3477 2551 3525 2501 3525 text 0
5338 2610 5636 2610 5636 2657 5338 2657 text 0
5338 2657 5689 2657 5689 2705 5338 2705 text 0
5338 2704 5459 2704 5459 2752 5338 2752 text 0
2466 3353 2515 3353 2515 3401 2466 3401 text 0
4863 5007 4894 5007 4894 5055 4863 5055 text 0
5658 3417 5916 3417 5916 3480 5658 3480 text 0
6314 2303 6372 2303 6372 2351 6314 2351 text 0
3363 2676 3363 2190 3411 2190 3411 2676 text 0
6127 1370 6158 1370 6158 1418 6127 1418 text 0
3143 3117 3143 2665 3191 2665 3191 3117 text 0
2848 4721 2848 4652 2895 4652 2895 4721 text 0
5523 2893 5658 2893 5658 2941 5523 2941 text 0
3229 1027 3370 1027 3370 1075 3229 1075 text 0
2707 4230 2707 3741 2755 3741 2755 4230 text 0
5550 4400 5550 3910 5598 3910 5598 4400 text 0
2020 4417 2164 4417 2164 4465 2020 4465 text 0
1571 1327 1571 1268 1618 1268 1618 1327 text 0
2539 4400 2539 3910 2586 3910 2586 4400 text 0
6037 5920 6079 5920 6079 5968 6037 5968 text 0
4464 5177 4464 5119 4512 5119 4512 5177 text 0
6531 4722 6984 4722 6984 4769 6531 4769 text 0
6083 5573 6128 5573 6128 5621 6083 5621 text 0
3092 6130 3122 6130 3122 6178 3092 6178 text 0
2420 3455 2420 3396 2468 3396 2468 3455 text 0
2764 2613 2822 2613 2822 2661 2764 2661 text 0
3163 3601 3212 3601 3212 3649 3163 3649 text 0
2801 3339 2801 2886 2848 2886 2848 3339 text 0
6314 2492 6372 2492 6372 2540 6314 2540 text 0
2326 2598 2625 2598 2625 2646 2326 2646 text 0
2326 2645 2677 2645 2677 2693 2326 2693 text 0
2326 2692 2385 2692 2385 2740 2326 2740 text 0
3246 6189 3295 6189 3295 6237 3246 6237 text 0
6756 1398 6756 1339 6803 1339 6803 1398 text 0
2646 3417 2904 3417 2904 3480 2646 3480 text 0
2406 3076 2449 3076 2449 3124 2406 3124 text 0
5418 3235 5460 3235 5460 3283 5418 3283 text 0
5416 3187 5460 3187 5460 3234 5416 3234 text 0
2516 2893 2594 2893 2594 2941 2516 2941 text 0
6633 1760 6691 1760 6691 1807 6633 1807 text 0
6364 2798 6364 2753 6412 2753 6412 2798 text 0
2845 5972 2989 5972 2989 6021 2845 6021 text 0
5914 5955 5957 5955 5957 6003 5914 6003 text 0
7419 3956 7911 3956 7911 4004 7419 4004 text 0
6306 4177 6306 3713 6354 3713 6354 4177 text 0
5489 3353 5539 3353 5539 3401 5489 3401 text 0
7157 4793 7199 4793 7199 4841 7157 4841 text 0
5513 3477 5563 3477 5563 3525 5513 3525 text 0
6964 3974 7019 3974 7019 4022 6964 4022 text 0
6959 4015 7024 4015 7024 4063 6959 4063 text 0
6953 4056 7030 4056 7030 4104 6953 4104 text 0
3503 4781 3989 4781 3989 4829 3503 4829 text 0
3009 5972 3153 5972 3153 6021 3009 6021 text 0
7696 4063 7732 4063 7732 4083 7696 4083 text 0
7646 4036 7699 4036 7699 4063 7646 4063 text 0
7737 4065 7769 4065 7769 4092 7737 4092 text 0
7627 4072 7681 4086 7677 4100 7623 4086 text 0
3306 4177 3306 3713 3354 3713 3354 4177 text 0
1594 1563 1594 1505 1642 1505 1642 1563 text 0
3247 4251 3390 4251 3390 4299 3247 4299 text 0
1901 4941 1901 4883 1949 4883 1949 4941 text 0
5032 4417 5176 4417 5176 4465 5032 4465 text 0
4700 5177 4700 5119 4748 5119 4748 5177 text 0
2404 3187 2449 3187 2449 3234 2404 3234 text 0
1603 4854 1656 4854 1656 4901 1603 4901 text 0
5985 3353 6035 3353 6035 3401 5985 3401 text 0
2536 2946 2595 2946 2595 2993 2536 2993 text 0
2748 2703 2791 2703 2791 2751 2748 2751 text 0
6202 3158 6202 2695 6250 2695 6250 3158 text 0
1344 1409 1344 1351 1392 1351 1392 1409 text 0
7347 4167 7392 4167 7392 4215 7347 4215 text 0
7155 4323 7185 4323 7185 4370 7155 4370 text 0
2387 2419 2431 2419 2431 2467 2387 2467 text 0
7155 4512 7185 4512 7185 4559 7155 4559 text 0
2986 3763 2986 3705 3034 3705 3034 3763 text 0
3313 6010 3427 6010 3427 6058 3313 6058 text 0
3281 6130 3311 6130 3311 6178 3281 6178 text 0
2388 2502 2430 2502 2430 2550 2388 2550 text 0
5904 4430 5904 4286 5953 4286 5953 4430 text 0
5914 5920 5957 5920 5957 5968 5914 5968 text 0
1935 2964 2387 2964 2387 3012 1935 3012 text 0
1946 1311 1977 1311 1977 1358 1946 1358 text 0
1240 4941 1240 4883 1288 4883 1288 4941 text 0
5776 2786 5834 2786 5834 2834 5776 2834 text 0
2381 3803 2439 3803 2439 3851 2381 3851 text 0
2764 2786 2822 2786 2822 2834 2764 2834 text 0
6779 1180 6923 1180 6923 1228 6779 1228 text 0
5831 5823 5831 5680 5879 5680 5879 5823 text 0
2808 3601 2858 3601 2858 3649 2808 3649 text 0
5901 1446 5956 1446 5956 1494 5901 1494 text 0
5907 1488 5950 1488 5950 1535 5907 1535 text 0
5890 1529 5967 1529 5967 1577 5890 1577 text 0
5442 3432 5442 3373 5490 3373 5490 3432 text 0
5358 2759 5435 2759 5435 2806 5358 2806 text 0
5381 4323 5439 4323 5439 4370 5381 4370 text 0
5902 4267 5902 4123 5951 4123 5951 4267 text 0
5759 2566 5894 2566 5894 2614 5759 2614 text 0
5444 3621 5444 3562 5491 3562 5491 3621 text 0
5320 6009 5809 6009 5809 6057 5320 6057 text 0
5860 4638 5860 4570 5907 4570 5907 4638 text 0
7280 4793 7322 4793 7322 4841 7280 4841 text 0
5275 4899 5764 4899 5764 4947 5275 4947 text 0
5030 4464 5173 4464 5173 4512 5030 4512 text 0
6273 2197 6273 1743 6321 1743 6321 2197 text 0
7015 4252 7015 4174 7063 4174 7063 4252 text 0
6152 2221 6152 2077 6201 2077 6201 2221 text 0
5730 4234 5730 3745 5777 3745 5777 4234 text 0
4441 4941 4441 4883 4488 4883 4488 4941 text 0
5812 3327 5812 2865 5860 2865 5860 3327 text 0
3399 3460 3448 3460 3448 3507 3399 3507 text 0
5434 2514 5478 2514 5478 2562 5434 2562 text 0
6364 2977 6364 2933 6412 2933 6412 2977 text 0
5760 2738 5803 2738 5803 2786 5760 2786 text 0
5903 5220 5933 5220 5933 5268 5903 5268 text 0
3517 6010 3631 6010 3631 6058 3517 6058 text 0
5760 2703 5803 2703 5803 2751 5760 2751 text 0
6909 3814 6984 3814 6984 3862 6909 3862 text 0
6909 3862 7260 3862 7260 3909 6909 3909 text 0
6909 3909 6970 3909 6970 3957 6909 3957 text 0
2574 2243 2873 2243 2873 2291 2574 2291 text 0
2574 2291 2925 2291 2925 2338 2574 2338 text 0
2574 2338 2633 2338 2633 2386 2574 2386 text 0
5435 2549 5477 2549 5477 2597 5435 2597 text 0
2889 3992 2947 3992 2947 4040 2889 4040 text 0
7152 1226 7614 1226 7614 1273 7152 1273 text 0
3202 2055 3202 1601 3250 1601 3250 2055 text 0
5760 2951 5803 2951 5803 2999 5760 2999 text 0
3501 1321 3501 1220 3548 1220 3548 1321 text 0
5187 2880 5229 2880 5229 2928 5187 2928 text 0
5607 3601 5657 3601 5657 3649 5607 3649 text 0
1027 1563 1027 1505 1075 1505 1075 1563 text 0
1429 4941 1429 4883 1477 4883 1477 4941 text 0
4913 4941 4913 4883 4961 4883 4961 4941 text 0
6148 3775 6148 3744 6196 3744 6196 3775 text 0
6791 2171 7253 2171 7253 2218 6791 2218 text 0
6633 1949 6691 1949 6691 1996 6633 1996 text 0
4430 373 5231 373 5231 420 4430 420 text 0
4701 289 4959 289 4959 351 4701 351 text 0
4918 2952 5380 2952 5380 3000 4918 3000 text 0
2702 3353 2752 3353 2752 3401 2702 3401 text 0
6633 1500 6691 1500 6691 1547 6633 1547 text 0
2794 2356 2850 2356 2850 2403 2794 2403 text 0
2790 2397 2855 2397 2855 2445 2790 2445 text 0
2784 2438 2861 2438 2861 2486 2784 2486 text 0
6174 3601 6224 3601 6224 3649 6174 3649 text 0
2889 3803 2947 3803 2947 3851 2889 3851 text 0
5833 5349 5877 5349 5877 5396 5833 5396 text 0
6943 1180 7087 1180 7087 1228 6943 1228 text 0
5806 2379 5862 2379 5862 2427 5806 2427 text 0
5801 2421 5867 2421 5867 2468 5801 2468 text 0
5795 2462 5873 2462 5873 2510 5795 2510 text 0
5186 2845 5230 2845 5230 2892 5186 2892 text 0
3082 2115 3082 1971 3130 1971 3130 2115 text 0
5834 5384 5876 5384 5876 5432 5834 5432 text 0
4724 4941 4724 4883 4772 4883 4772 4941 text 0
5278 5258 5770 5258 5770 5306 5278 5306 text 0
2927 3353 2977 3353 2977 3401 2927 3401 text 0
5586 2279 5884 2279 5884 2327 5586 2327 text 0
5586 2326 5937 2326 5937 2374 5586 2374 text 0
5586 2373 5707 2373 5707 2421 5586 2421 text 0
6084 5786 6127 5786 6127 5833 6084 5833 text 0
2406 3035 2450 3035 2450 3083 2406 3083 text 0
6578 3097 6578 2997 6626 2997 6626 3097 text 0
5901 3803 5959 3803 5959 3851 5901 3851 text 0
6578 2861 6578 2760 6626 2760 6626 2861 text 0
2890 4264 2890 4121 2938 4121 2938 4264 text 0
2536 3115 2594 3115 2594 3163 2536 3163 text 0
6008 5244 6085 5244 6085 5291 6008 5291 text 0
1844 2419 2317 2419 2317 2466 1844 2466 text 0
3698 909 3813 909 3813 956 3698 956 text 0
6324 5030 6324 4929 6371 4929 6371 5030 text 0
5776 2613 5834 2613 5834 2661 5776 2661 text 0
5093 5256 5130 5256 5130 5276 5093 5276 text 0
5127 5229 5180 5229 5180 5256 5127 5256 text 0
5057 5258 5089 5258 5089 5285 5057 5285 text 0
5145 5278 5199 5265 5203 5279 5148 5293 text 0
3078 3933 3136 3933 3136 3981 3078 3981 text 0
5072 1107 5561 1107 5561 1155 5072 1155 text 0
4508 4759 4585 4759 4585 4807 4508 4807 text 0
4709 4759 4786 4759 4786 4807 4709 4807 text 0
709 1475 778 1475 778 1523 709 1523 text 0
5242 5789 5266 5789 5266 5836 5242 5836 text 0
5125 5806 5181 5806 5181 5853 5125 5853 text 0
5114 5897 5192 5897 5192 5944 5114 5944 text 0
5138 5846 5168 5846 5168 5894 5138 5894 text 0
5244 5905 5262 5905 5262 5953 5244 5953 text 0
1718 3413 1742 3413 1742 3460 1718 3460 text 0
1602 3430 1657 3430 1657 3478 1602 3478 text 0
1591 3521 1668 3521 1668 3569 1591 3569 text 0
1604 3470 1655 3470 1655 3518 1604 3518 text 0
1718 3531 1737 3531 1737 3579 1718 3579 text 0
4730 3413 4754 3413 4754 3460 4730 3460 text 0
4613 3430 4669 3430 4669 3478 4613 3478 text 0
4602 3521 4680 3521 4680 3569 4602 3569 text 0
4615 3470 4667 3470 4667 3518 4615 3518 text 0
4732 3536 4750 3536 4750 3583 4732 3583 text 0
5506 1942 5530 1942 5530 1990 5506 1990 text 0
5390 1959 5445 1959 5445 2007 5390 2007 text 0
5379 2050 5456 2050 5456 2098 5379 2098 text 0
5402 2000 5433 2000 5433 2047 5402 2047 text 0
4029 1994 4053 1994 4053 2041 4029 2041 text 0
3912 2011 3968 2011 3968 2058 3912 2058 text 0
3901 2102 3979 2102 3979 2149 3901 2149 text 0
3925 2051 3955 2051 3955 2099 3925 2099 text 0
2577 1895 2601 1895 2601 1943 2577 1943 text 0
2461 1912 2516 1912 2516 1960 2461 1960 text 0
2450 2003 2527 2003 2527 2051 2450 2051 text 0
2473 1952 2504 1952 2504 2000 2473 2000 text 0
4033 2125 4052 2125 4052 2173 4033 2173 text 0
2259 3986 2315 3986 2315 4033 2259 4033 text 0
2248 4068 2325 4068 2325 4116 2248 4116 text 0
2263 4027 2310 4027 2310 4075 2263 4075 text 0
5271 3986 5326 3986 5326 4033 5271 4033 text 0
5260 4068 5337 4068 5337 4116 5260 4116 text 0
5275 4027 5322 4027 5322 4075 5275 4075 text 0
1153 4612 1208 4612 1208 4659 1153 4659 text 0
1159 4653 1202 4653 1202 4701 1159 4701 text 0
1142 4694 1219 4694 1219 4742 1142 4742 text 0
3402 5421 3446 5421 3446 5468 3402 5468 text 0
1477 3838 1521 3838 1521 3886 1477 3886 text 0
1560 3743 1604 3743 1604 3791 1560 3791 text 0
1643 4358 1686 4358 1686 4405 1643 4405 text 0
4176 4612 4232 4612 4232 4659 4176 4659 text 0
4183 4653 4225 4653 4225 4701 4183 4701 text 0
4165 4694 4243 4694 4243 4742 4165 4742 text 0
4489 3826 4533 3826 4533 3874 4489 3874 text 0
4584 3743 4627 3743 4627 3791 4584 3791 text 0
4654 4346 4698 4346 4698 4393 4654 4393 text 0
1524 4759 1602 4759 1602 4807 1524 4807 text 0
1681 4759 1758 4759 1758 4807 1681 4807 text 0
6229 5007 6304 5007 6304 5055 6229 5055 text 0
5953 5055 6304 5055 6304 5102 5953 5102 text 0
6243 5102 6304 5102 6304 5150 6243 5150 text 0
1726 3780 1761 3780 1761 3798 1726 3798 text 0
4737 3780 4772 3780 4772 3798 4737 3798 text 0
3474 3728 3474 3764 3450 3764 3450 3728 text 0
6486 3728 6486 3764 6462 3764 6462 3728 text 0
6462 3382 6462 3346 6486 3346 6486 3382 text 0
6188 4068 6188 4053 6212 4053 6212 4068 text 0
3450 3382 3450 3346 3474 3346 3474 3382 text 0
3176 4068 3176 4053 3200 4053 3200 4068 text 0
1592 4695 1667 4695 1667 4830 1592 4830 diaphragm 0
4604 4695 4679 4695 4679 4830 4604 4830 diaphragm 0
3434 5936 3509 5936 3509 6071 3434 6071 diaphragm 0
2930 3354 2930 3324 2975 3324 2975 3354 flanged_nozzle 0
2812 3679 2812 3649 2857 3649 2857 3679 flanged_nozzle 0
3166 3679 3166 3649 3211 3649 3211 3679 flanged_nozzle 0
2457 3354 2457 3324 2502 3324 2502 3354 flanged_nozzle 0
2400 3591 2430 3591 2430 3636 2400 3636 flanged_nozzle 0
2400 3367 2430 3367 2430 3412 2400 3412 flanged_nozzle 0
2694 3354 2694 3324 2739 3324 2739 3354 flanged_nozzle 0
2599 3679 2599 3649 2644 3649 2644 3679 flanged_nozzle 0
5412 3591 5442 3591 5442 3636 5412 3636 flanged_nozzle 0
5469 3354 5469 3324 5514 3324 5514 3354 flanged_nozzle 0
5989 3354 5989 3324 6034 3324 6034 3354 flanged_nozzle 0
5823 3679 5823 3649 5868 3649 5868 3679 flanged_nozzle 0
5611 3679 5611 3649 5656 3649 5656 3679 flanged_nozzle 0
6178 3679 6178 3649 6223 3649 6223 3679 flanged_nozzle 0
5705 3354 5705 3324 5750 3324 5750 3354 flanged_nozzle 0
5411 3367 5441 3367 5441 3412 5411 3412 flanged_nozzle 0
3402 3460 3402 3430 3447 3430 3447 3460 flanged_nozzle 0
3447 3649 3447 3679 3402 3679 3402 3649 flanged_nozzle 0
6414 3460 6414 3430 6459 3430 6459 3460 flanged_nozzle 0
6459 3649 6459 3679 6414 3679 6414 3649 flanged_nozzle 0
3307 3448 3496 3448 3496 3661 3307 3661 front_end_type_a 0
6319 3448 6508 3448 6508 3661 6319 3661 front_end_type_a 0
5228 4165 5378 4165 5378 4315 5228 4315 sample_connection 0
2216 4165 2366 4165 2366 4315 2216 4315 sample_connection 0
