3527 5421 3524 5421 3524 5374 3527 5374 blind_flange 0
3732 4401 3732 4399 3779 4399 3779 4401 blind_flange 0
3527 5149 3524 5149 3524 5102 3527 5102 blind_flange 0
6863 2385 6955 2385 6955 2433 6863 2433 check_valve 0
6768 1795 6861 1795 6861 1842 6768 1842 check_valve 0
5904 5682 6024 5682 6024 5895 5904 5895 closed_drain_connectors 0
3791 4070 3791 4038 3921 4038 3921 4070 closed_figure_8_blind 0
4464 1873 4464 1841 4594 1841 4594 1873 closed_figure_8_blind 0
2390 4134 2422 4134 2422 4263 2390 4263 closed_figure_8_blind 0
6460 2579 6460 2611 6330 2611 6330 2579 closed_figure_8_blind 0
5917 5031 5869 5031 5869 4984 5917 4984 concentric_reducer 0
5633 4984 5681 4984 5681 5031 5633 5031 concentric_reducer 0
3566 3732 3519 3732 3519 3685 3566 3685 concentric_reducer 0
3401 3850 3401 3803 3448 3803 3448 3850 concentric_reducer 0
3401 1429 3401 1381 3448 1381 3448 1429 concentric_reducer 0
3566 1311 3519 1311 3519 1263 3566 1263 concentric_reducer 0
3992 1901 3992 1854 4039 1854 4039 1901 concentric_reducer 0
4157 1783 4110 1783 4110 1736 4157 1736 concentric_reducer 0
4818 6283 4866 6283 4866 6330 4818 6330 concentric_reducer 0
5102 6330 5055 6330 5055 6283 5102 6283 concentric_reducer 0
5161 5031 5114 5031 5114 4984 5161 4984 concentric_reducer 0
2574 3956 2574 3909 2622 3909 2622 3956 concentric_reducer 0
2622 4051 2622 4098 2574 4098 2574 4051 concentric_reducer 0
2752 5327 2704 5327 2704 5279 2752 5279 concentric_reducer 0
2846 5279 2893 5279 2893 5327 2846 5327 concentric_reducer 0
5232 4984 5279 4984 5279 5031 5232 5031 concentric_reducer 0
1636 2719 1788 2719 1788 2871 1636 2871 discrete_instruments_auxiliary_location_normally_accessible_to_an_operator 0
750 1908 902 1908 902 2060 750 2060 discrete_instruments_auxiliary_location_normally_accessible_to_an_operator 0
1636 2569 1788 2569 1788 2721 1636 2721 discrete_instruments_auxiliary_location_normally_accessible_to_an_operator 0
5332 6218 5179 6218 5179 6065 5332 6065 discrete_instruments_field_mounted 0
5120 4738 5272 4738 5272 4891 5120 4891 discrete_instruments_field_mounted 0
4884 4738 5036 4738 5036 4891 4884 4891 discrete_instruments_field_mounted 0
6301 4738 6454 4738 6454 4891 6301 4891 discrete_instruments_field_mounted 0
6301 5124 6454 5124 6454 5277 6301 5277 discrete_instruments_field_mounted 0
6892 5404 7044 5404 7044 5556 6892 5556 discrete_instruments_field_mounted 0
3939 4683 4091 4683 4091 4836 3939 4836 discrete_instruments_field_mounted 0
4648 4683 4800 4683 4800 4836 4648 4836 discrete_instruments_field_mounted 0
2333 2829 2485 2829 2485 2981 2333 2981 discrete_instruments_field_mounted 0
2333 3101 2485 3101 2485 3253 2333 3253 discrete_instruments_field_mounted 0
2014 2979 2166 2979 2166 3131 2014 3131 discrete_instruments_field_mounted 0
2014 2829 2166 2829 2166 2981 2014 2981 discrete_instruments_field_mounted 0
1990 2309 2143 2309 2143 2462 1990 2462 discrete_instruments_field_mounted 0
1990 2026 2143 2026 2143 2178 1990 2178 discrete_instruments_field_mounted 0
2333 2309 2485 2309 2485 2462 2333 2462 discrete_instruments_field_mounted 0
2333 2159 2485 2159 2485 2312 2333 2312 discrete_instruments_field_mounted 0
5829 2140 5981 2140 5981 2292 5829 2292 discrete_instruments_field_mounted 0
5829 1860 5981 1860 5981 2013 5829 2013 discrete_instruments_field_mounted 0
5238 2140 5391 2140 5391 2292 5238 2292 discrete_instruments_field_mounted 0
2723 5034 2875 5034 2875 5186 2723 5186 discrete_instruments_field_mounted 0
4411 6038 4564 6038 4564 6190 4411 6190 discrete_instruments_field_mounted 0
3998 5514 4150 5514 4150 5667 3998 5667 discrete_instruments_field_mounted 0
3348 4778 3501 4778 3501 4930 3348 4930 discrete_instruments_field_mounted 0
3112 4778 3265 4778 3265 4930 3112 4930 discrete_instruments_field_mounted 0
5593 6038 5745 6038 5745 6190 5593 6190 discrete_instruments_field_mounted 0
2037 3927 2190 3927 2190 4080 2037 4080 discrete_instruments_field_mounted 0
2329 3927 2481 3927 2481 4080 2329 4080 discrete_instruments_field_mounted 0
2329 3691 2481 3691 2481 3844 2329 3844 discrete_instruments_field_mounted 0
2864 4325 3017 4325 3017 4477 2864 4477 discrete_instruments_field_mounted 0
1840 2309 1993 2309 1993 2462 1840 2462 discrete_instruments_field_mounted 0
2183 2829 2335 2829 2335 2981 2183 2981 discrete_instruments_field_mounted 0
904 5959 1056 5959 1056 6111 904 6111 discrete_instruments_primary_location_normally_accessible_to_an_operator 0
904 6113 1056 6113 1056 6265 904 6265 discrete_instruments_primary_location_normally_accessible_to_an_operator 0
5070 6209 5086 6209 5086 6255 5070 6255 end_gap 0
5649 4910 5665 4910 5665 4956 5649 4956 end_gap 0
1925 2889 1925 2874 1972 2874 1972 2889 end_gap 0
3926 5232 3909 5232 3909 5185 3926 5185 flange 0
3926 5031 3909 5031 3909 4984 3926 4984 flange 0
3600 4630 3617 4630 3617 4677 3600 4677 flange 0
3600 5031 3617 5031 3617 5078 3600 5078 flange 0
3585 4570 3602 4570 3602 4618 3585 4618 flange 0
4046 5421 4029 5421 4029 5374 4046 5374 flange 0
3873 4085 3873 4068 3921 4068 3921 4085 flange 0
3465 5279 3482 5279 3482 5327 3465 5327 flange 0
3911 4677 3894 4677 3894 4630 3911 4630 flange 0
3911 4889 3894 4889 3894 4842 3911 4842 flange 0
2574 2816 2574 2799 2622 2799 2622 2816 flange 0
2622 2475 2622 2492 2574 2492 2574 2475 flange 0
4547 1888 4547 1871 4594 1871 4594 1888 flange 0
2437 4263 2420 4263 2420 4216 2437 4216 flange 0
6460 2564 6460 2581 6413 2581 6413 2564 flange 0
6656 2385 6674 2385 6674 2433 6656 2433 flange 0
2622 4389 2622 4406 2574 4406 2574 4389 flange 0
3686 4216 3778 4216 3778 4263 3686 4263 gate_valve 0
7262 5303 7354 5303 7354 5350 7262 5350 gate_valve 0
3662 2114 3754 2114 3754 2161 3662 2161 gate_valve 0
4323 2232 4416 2232 4416 2279 4323 2279 gate_valve 0
3992 2101 3992 2009 4039 2009 4039 2101 gate_valve 0
3732 4499 3732 4406 3779 4406 3779 4499 gate_valve 0
3625 5421 3532 5421 3532 5374 3625 5374 gate_valve 0
2307 4216 2399 4216 2399 4263 2307 4263 gate_valve 0
6531 2268 6531 2176 6578 2176 6578 2268 gate_valve 0
6460 2601 6460 2694 6413 2694 6413 2601 gate_valve 0
5988 5044 5988 5136 5940 5136 5940 5044 gate_valve 0
6105 5031 6012 5031 6012 4984 6105 4984 gate_valve 0
2172 5327 2079 5327 2079 5279 2172 5279 gate_valve 0
1697 5327 1605 5327 1605 5279 1697 5279 gate_valve 0
5538 5031 5445 5031 5445 4984 5538 4984 gate_valve 0
3401 4050 3401 3957 3448 3957 3448 4050 gate_valve 0
3686 3685 3778 3685 3778 3732 3686 3732 gate_valve 0
3401 1841 3401 1749 3448 1749 3448 1841 gate_valve 0
3401 1628 3401 1536 3448 1536 3448 1628 gate_valve 0
3686 1263 3778 1263 3778 1311 3686 1311 gate_valve 0
4276 1736 4368 1736 4368 1783 4276 1783 gate_valve 0
6694 2385 6786 2385 6786 2433 6694 2433 gate_valve 0
4723 6330 4630 6330 4630 6283 4723 6283 gate_valve 0
5290 6330 5197 6330 5197 6283 5290 6283 gate_valve 0
2574 4519 2574 4426 2622 4426 2622 4519 gate_valve 0
6531 2028 6531 1935 6578 1935 6578 2028 gate_valve 0
3625 5149 3532 5149 3532 5102 3625 5102 gate_valve 0
5006 6330 4914 6330 4914 6283 5006 6283 gate_valve 0
5821 5031 5729 5031 5729 4984 5821 4984 gate_valve 0
5821 5220 5729 5220 5729 5173 5821 5173 globe_valve 0
1933 5563 1841 5563 1841 5515 1933 5515 globe_valve 0
3873 4048 3873 3955 3921 3955 3921 4048 globe_valve 0
4547 1851 4547 1758 4594 1758 4594 1851 globe_valve 0
5006 6567 4914 6567 4914 6519 5006 6519 globe_valve 0
7113 1795 7205 1795 7205 1842 7113 1842 globe_valve 0
353 4209 898 4209 898 4271 353 4271 off_page_connector 0
7605 2968 8150 2968 8150 3031 7605 3031 off_page_connector 0
8150 6338 7605 6338 7605 6276 8150 6276 off_page_connector 0
8150 5039 7605 5039 7605 4976 8150 4976 off_page_connector 0
7605 5295 8150 5295 8150 5358 7605 5358 off_page_connector 0
7605 2378 8150 2378 8150 2440 7605 2440 off_page_connector 0
6081 5732 6201 5732 6201 5899 6081 5899 open_drain_connectors 0
3911 5031 3879 5031 3879 4901 3911 4901 open_figure_8_blind 0
3911 5232 3879 5232 3879 5102 3911 5102 open_figure_8_blind 0
3600 4488 3632 4488 3632 4618 3600 4618 open_figure_8_blind 0
3911 5421 3879 5421 3879 5291 3911 5291 open_figure_8_blind 0
3600 5197 3632 5197 3632 5327 3600 5327 open_figure_8_blind 0
2492 2801 2492 2769 2622 2769 2622 2801 open_figure_8_blind 0
2622 2490 2622 2522 2492 2522 2492 2490 open_figure_8_blind 0
6671 2303 6704 2303 6704 2433 6671 2433 open_figure_8_blind 0
2622 4404 2622 4436 2492 4436 2492 4404 open_figure_8_blind 0
4884 5404 5036 5404 5036 5556 4884 5556 plc_primary_location_normally_accessible_to_an_operator 0
4660 5404 4812 5404 4812 5556 4660 5556 plc_primary_location_normally_accessible_to_an_operator 0
845 2333 997 2333 997 2485 845 2485 plc_primary_location_normally_accessible_to_an_operator 0
632 2333 784 2333 784 2485 632 2485 plc_primary_location_normally_accessible_to_an_operator 0
4447 5404 4599 5404 4599 5556 4447 5556 plc_primary_location_normally_accessible_to_an_operator 0
6738 4057 6891 4057 6891 4210 6738 4210 plc_primary_location_normally_accessible_to_an_operator 0
6738 4309 6891 4309 6891 4461 6738 4461 plc_primary_location_normally_accessible_to_an_operator 0
750 2719 902 2719 902 2871 750 2871 plc_primary_location_normally_accessible_to_an_operator 0
5534 1577 5686 1577 5686 1729 5534 1729 plc_primary_location_normally_accessible_to_an_operator 0
4943 1577 5095 1577 5095 1729 4943 1729 plc_primary_location_normally_accessible_to_an_operator 0
1057 2333 1210 2333 1210 2485 1057 2485 plc_primary_location_normally_accessible_to_an_operator 0
1057 3018 1210 3018 1210 3170 1057 3170 plc_primary_location_normally_accessible_to_an_operator 0
2522 4990 2674 4990 2674 5143 2522 5143 plc_primary_location_normally_accessible_to_an_operator 0
2286 4778 2438 4778 2438 4930 2286 4930 plc_primary_location_normally_accessible_to_an_operator 0
1447 3927 1599 3927 1599 4080 1447 4080 plc_primary_location_normally_accessible_to_an_operator 0
1742 3691 1895 3691 1895 3844 1742 3844 plc_primary_location_normally_accessible_to_an_operator 0
5097 5404 5249 5404 5249 5556 5097 5556 plc_primary_location_normally_accessible_to_an_operator 0
6738 3797 6891 3797 6891 3950 6738 3950 plc_primary_location_normally_accessible_to_an_operator 0
6301 4309 6454 4309 6454 4461 6301 4461 plc_primary_location_normally_accessible_to_an_operator 0
4884 5762 5036 5762 5036 5914 4884 5914 plc_primary_location_normally_inaccessible_to_an_operator 0
1636 2982 1788 2982 1788 3135 1636 3135 plc_primary_location_normally_inaccessible_to_an_operator 0
6301 4459 6454 4459 6454 4611 6301 4611 plc_primary_location_normally_inaccessible_to_an_operator 0
6301 5404 6454 5404 6454 5556 6301 5556 plc_primary_location_normally_inaccessible_to_an_operator 0
4293 4683 4446 4683 4446 4836 4293 4836 plc_primary_location_normally_inaccessible_to_an_operator 0
1057 2719 1210 2719 1210 2871 1057 2871 plc_primary_location_normally_inaccessible_to_an_operator 0
1719 3254 1871 3254 1871 3407 1719 3407 plc_primary_location_normally_inaccessible_to_an_operator 0
2640 1884 2792 1884 2792 2036 2640 2036 plc_primary_location_normally_inaccessible_to_an_operator 0
5238 1577 5391 1577 5391 1729 5238 1729 plc_primary_location_normally_inaccessible_to_an_operator 0
2758 4778 2910 4778 2910 4930 2758 4930 plc_primary_location_normally_inaccessible_to_an_operator 0
1742 3927 1895 3927 1895 4080 1742 4080 plc_primary_location_normally_inaccessible_to_an_operator 0
2037 3691 2190 3691 2190 3844 2037 3844 plc_primary_location_normally_inaccessible_to_an_operator 0
1223 6113 1375 6113 1375 6265 1223 6265 plc_primary_location_normally_inaccessible_to_an_operator 0
3401 3617 3487 3617 3487 3754 3401 3754 pressure_relief_or_safety_valve 0
3401 1196 3487 1196 3487 1333 3401 1333 pressure_relief_or_safety_valve 0
3992 1668 4077 1668 4077 1806 3992 1806 pressure_relief_or_safety_valve 0
3901 5374 4024 5374 4024 5421 3901 5421 removable_spool 0
3610 5327 3487 5327 3487 5279 3610 5279 removable_spool 0
6394 5031 6361 5031 6361 4984 6394 4984 restriction_orifice 0
5685 6330 5653 6330 5653 6283 5685 6283 restriction_orifice 0
4884 5912 5036 5912 5036 6064 4884 6064 shared_display_and_control_primary_location_normally_accessible_to_an_operator 0
1341 2569 1493 2569 1493 2721 1341 2721 shared_display_and_control_primary_location_normally_accessible_to_an_operator 0
5120 4175 5272 4175 5272 4328 5120 4328 shared_display_and_control_primary_location_normally_accessible_to_an_operator 0
5829 1577 5981 1577 5981 1729 5829 1729 shared_display_and_control_primary_location_normally_accessible_to_an_operator 0
1045 1908 1198 1908 1198 2060 1045 2060 shared_display_and_control_primary_location_normally_accessible_to_an_operator 0
5593 5758 5745 5758 5745 5911 5593 5911 shared_display_and_control_primary_location_normally_accessible_to_an_operator 0
2640 1506 2792 1506 2792 1658 2640 1658 shared_display_and_control_primary_location_normally_accessible_to_an_operator 0
2333 1683 2485 1683 2485 1836 2333 1836 shared_display_and_control_primary_location_normally_accessible_to_an_operator 0
1990 1742 2143 1742 2143 1895 1990 1895 shared_display_and_control_primary_location_normally_accessible_to_an_operator 0
1317 3514 1469 3514 1469 3666 1317 3666 shared_display_and_control_primary_location_normally_accessible_to_an_operator 0
1317 3254 1469 3254 1469 3407 1317 3407 shared_display_and_control_primary_location_normally_accessible_to_an_operator 0
2333 3396 2485 3396 2485 3548 2333 3548 shared_display_and_control_primary_location_normally_accessible_to_an_operator 0
4293 4270 4446 4270 4446 4422 4293 4422 shared_display_and_control_primary_location_normally_accessible_to_an_operator 0
3998 4270 4150 4270 4150 4422 3998 4422 shared_display_and_control_primary_location_normally_accessible_to_an_operator 0
6301 5829 6454 5829 6454 5981 6301 5981 shared_display_and_control_primary_location_normally_accessible_to_an_operator 0
6597 5829 6749 5829 6749 5981 6597 5981 shared_display_and_control_primary_location_normally_accessible_to_an_operator 0
6892 5829 7044 5829 7044 5981 6892 5981 shared_display_and_control_primary_location_normally_accessible_to_an_operator 0
1530 6113 1682 6113 1682 6265 1530 6265 shared_display_and_control_primary_location_normally_accessible_to_an_operator 0
1223 6396 1375 6396 1375 6548 1223 6548 shared_display_and_control_primary_location_normally_accessible_to_an_operator 0
1935 5349 1843 5349 1843 5257 1935 5257 steam_trap 0
4879 1347 4758 1347 4758 1227 4879 1227 utility_conenction 0
4607 3769 4486 3769 4486 3648 4607 3648 utility_conenction 0
778 5243 898 5243 898 5363 778 5363 utility_conenction 0
7914 1879 7794 1879 7794 1758 7914 1758 utility_conenction 0
3609 3591 3642 3591 3642 3709 3609 3709 gate_valve_with_flange 0
3609 1170 3642 1170 3642 1288 3609 1288 gate_valve_with_flange 0
4200 1642 4233 1642 4233 1761 4200 1761 gate_valve_with_flange 0
4453 1965 4453 1932 4572 1932 4572 1965 gate_valve_with_flange 0
3898 1965 3898 1932 4016 1932 4016 1965 gate_valve_with_flange 0
3810 2020 3843 2020 3843 2139 3810 2139 gate_valve_with_flange 0
3307 1705 3307 1672 3426 1672 3426 1705 gate_valve_with_flange 0
3307 1504 3307 1471 3426 1471 3426 1504 gate_valve_with_flange 0
6952 1701 6985 1701 6985 1820 6952 1820 gate_valve_with_flange 0
6437 2130 6437 2097 6556 2097 6556 2130 gate_valve_with_flange 0
2597 4339 2597 4306 2715 4306 2715 4339 gate_valve_with_flange 0
5602 5127 5569 5127 5569 5006 5602 5006 gate_valve_with_plug 0
2024 5422 1991 5422 1991 5302 2024 5302 gate_valve_with_plug 0
5354 5127 5321 5127 5321 5006 5354 5006 gate_valve_with_plug 0
3305 3925 3305 3892 3426 3892 3426 3925 gate_valve_with_plug 0
3778 4150 3778 4117 3898 4117 3898 4150 gate_valve_with_plug 0
4787 6426 4754 6426 4754 6306 4787 6306 gate_valve_with_plug 0
5165 6426 5132 6426 5132 6306 5165 6306 gate_valve_with_plug 0
1664 5573 2020 5573 2020 5706 1664 5706 spec_break 0
3579 3778 3579 3875 3468 3875 3468 3778 spec_break 0
7085 5361 7442 5361 7442 5493 7085 5493 spec_break 0
4170 1865 4170 1961 4059 1961 4059 1865 spec_break 0
3579 1392 3579 1489 3468 1489 3468 1392 spec_break 0
4725 1711 4725 1808 4605 1808 4605 1711 spec_break 0
6532 2644 6532 2741 6471 2741 6471 2644 spec_break 0
2810 4379 2810 4476 2632 4476 2632 4379 spec_break 0
6612 2443 6957 2443 6957 2564 6612 2564 spec_break 0
7053 1853 7355 1853 7355 1950 7053 1950 spec_break 0
3834 1614 3984 1614 3984 1764 3834 1764 annotation 0
3358 3689 3208 3689 3208 3539 3358 3539 annotation 0
4905 6216 4755 6216 4755 6066 4905 6066 annotation 0
3243 1141 3393 1141 3393 1291 3243 1291 annotation 0
6137 4791 6287 4791 6287 4941 6137 4941 annotation 0
5970 4897 5820 4897 5820 4747 5970 4747 annotation 0
5428 6090 5578 6090 5578 6240 5428 6240 annotation 0
5228 6076 5283 6076 5283 6124 5228 6124 text 0
5214 6159 5297 6159 5297 6207 5214 6207 text 0
5225 6118 5286 6118 5286 6165 5225 6165 text 0
4817 5763 4873 5763 4873 5810 4817 5810 text 0
4951 5785 4969 5785 4969 5832 4951 5832 text 0
5047 5865 5112 5865 5112 5913 5047 5913 text 0
4932 5916 4988 5916 4988 5964 4932 5964 text 0
4918 6007 5002 6007 5002 6055 4918 6055 text 0
4933 5956 4988 5956 4988 6004 4933 6004 text 0
1569 2983 1625 2983 1625 3031 1569 3031 text 0
1703 3005 1721 3005 1721 3053 1703 3053 text 0
1799 3086 1864 3086 1864 3134 1799 3134 text 0
1389 2574 1445 2574 1445 2621 1389 2621 text 0
1375 2665 1459 2665 1459 2712 1375 2712 text 0
1404 2614 1430 2614 1430 2661 1404 2661 text 0
5168 4749 5224 4749 5224 4797 5168 4797 text 0
5155 4832 5238 4832 5238 4880 5155 4880 text 0
5175 4791 5218 4791 5218 4838 5175 4838 text 0
5168 4180 5224 4180 5224 4228 5168 4228 text 0
5155 4271 5238 4271 5238 4319 5155 4319 text 0
5181 4220 5211 4220 5211 4268 5181 4268 text 0
5168 4463 5224 4463 5224 4511 5168 4511 text 0
5155 4554 5238 4554 5238 4602 5155 4602 text 0
5176 4504 5217 4504 5217 4551 5176 4551 text 0
4932 4749 4988 4749 4988 4797 4932 4797 text 0
4918 4832 5002 4832 5002 4880 4918 4880 text 0
4936 4791 4984 4791 4984 4838 4936 4838 text 0
6350 4749 6405 4749 6405 4797 6350 4797 text 0
6336 4832 6419 4832 6419 4880 6336 4880 text 0
6357 4791 6398 4791 6398 4838 6357 4838 text 0
6234 4460 6290 4460 6290 4508 6234 4508 text 0
6368 4482 6387 4482 6387 4529 6368 4529 text 0
6464 4563 6529 4563 6529 4610 6464 4610 text 0
6350 5135 6405 5135 6405 5183 6350 5183 text 0
6336 5218 6419 5218 6419 5266 6336 5266 text 0
6357 5177 6398 5177 6398 5225 6357 5225 text 0
6234 5405 6290 5405 6290 5452 6234 5452 text 0
6368 5427 6387 5427 6387 5474 6368 5474 text 0
6464 5507 6529 5507 6529 5555 6464 5555 text 0
6940 5415 6996 5415 6996 5463 6940 5463 text 0
6926 5497 7010 5497 7010 5545 6926 5545 text 0
6941 5456 6994 5456 6994 5504 6941 5504 text 0
3987 4694 4043 4694 4043 4742 3987 4742 text 0
3973 4777 4057 4777 4057 4825 3973 4825 text 0
3996 4736 4035 4736 4035 4783 3996 4783 text 0
4227 4684 4282 4684 4282 4732 4227 4732 text 0
4360 4706 4379 4706 4379 4754 4360 4754 text 0
4456 4787 4521 4787 4521 4835 4456 4835 text 0
4696 4694 4752 4694 4752 4742 4696 4742 text 0
4682 4777 4766 4777 4766 4825 4682 4825 text 0
4702 4736 4746 4736 4746 4783 4702 4783 text 0
5994 1564 6017 1564 6017 1612 5994 1612 text 0
5877 1581 5933 1581 5933 1629 5877 1629 text 0
5863 1672 5947 1672 5947 1720 5863 1720 text 0
5890 1622 5920 1622 5920 1669 5890 1669 text 0
990 2720 1046 2720 1046 2768 990 2768 text 0
1124 2742 1143 2742 1143 2790 1124 2790 text 0
1220 2823 1285 2823 1285 2870 1220 2870 text 0
1652 3255 1708 3255 1708 3303 1652 3303 text 0
1785 3277 1804 3277 1804 3325 1785 3325 text 0
1881 3358 1946 3358 1946 3406 1881 3406 text 0
2573 1885 2629 1885 2629 1933 2573 1933 text 0
2707 1907 2725 1907 2725 1955 2707 1955 text 0
2803 1988 2868 1988 2868 2035 2803 2035 text 0
2381 2840 2437 2840 2437 2888 2381 2888 text 0
2361 2923 2457 2923 2457 2970 2361 2970 text 0
2388 2881 2430 2881 2430 2929 2388 2929 text 0
2381 3112 2437 3112 2437 3159 2381 3159 text 0
2367 3194 2451 3194 2451 3242 2367 3242 text 0
2388 3153 2429 3153 2429 3201 2388 3201 text 0
2062 2990 2118 2990 2118 3038 2062 3038 text 0
2042 3073 2138 3073 2138 3120 2042 3120 text 0
2069 3031 2111 3031 2111 3079 2069 3079 text 0
2062 2840 2118 2840 2118 2888 2062 2888 text 0
2042 2923 2138 2923 2138 2970 2042 2970 text 0
2069 2881 2111 2881 2111 2929 2069 2929 text 0
2039 2320 2094 2320 2094 2368 2039 2368 text 0
2018 2403 2114 2403 2114 2451 2018 2451 text 0
2045 2362 2088 2362 2088 2409 2045 2409 text 0
2039 2037 2094 2037 2094 2084 2039 2084 text 0
2025 2119 2108 2119 2108 2167 2025 2167 text 0
2046 2078 2087 2078 2087 2126 2046 2126 text 0
2381 2320 2437 2320 2437 2368 2381 2368 text 0
2361 2403 2457 2403 2457 2451 2361 2451 text 0
2388 2362 2430 2362 2430 2409 2388 2409 text 0
2381 2170 2437 2170 2437 2218 2381 2218 text 0
2361 2253 2457 2253 2457 2301 2361 2301 text 0
2388 2212 2430 2212 2430 2259 2388 2259 text 0
5877 2151 5933 2151 5933 2198 5877 2198 text 0
5863 2233 5947 2233 5947 2281 5863 2281 text 0
5884 2192 5926 2192 5926 2240 5884 2240 text 0
5877 1871 5933 1871 5933 1919 5877 1919 text 0
5863 1954 5947 1954 5947 2002 5863 2002 text 0
5884 1913 5926 1913 5926 1960 5884 1960 text 0
5287 2151 5342 2151 5342 2198 5287 2198 text 0
5273 2233 5356 2233 5356 2281 5273 2281 text 0
5293 2192 5336 2192 5336 2240 5293 2240 text 0
5172 1578 5227 1578 5227 1626 5172 1626 text 0
5305 1600 5324 1600 5324 1647 5305 1647 text 0
5401 1681 5466 1681 5466 1728 5401 1728 text 0
2771 5045 2827 5045 2827 5092 2771 5092 text 0
2757 5127 2840 5127 2840 5175 2757 5175 text 0
2773 5086 2825 5086 2825 5134 2773 5134 text 0
1094 1912 1149 1912 1149 1960 1094 1960 text 0
1080 2003 1163 2003 1163 2051 1080 2051 text 0
1099 1952 1144 1952 1144 2000 1099 2000 text 0
4460 6048 4515 6048 4515 6096 4460 6096 text 0
4446 6131 4529 6131 4529 6179 4446 6179 text 0
4466 6090 4509 6090 4509 6138 4466 6138 text 0
4046 5525 4102 5525 4102 5573 4046 5573 text 0
4033 5608 4116 5608 4116 5656 4033 5656 text 0
4050 5567 4098 5567 4098 5614 4050 5614 text 0
5641 5763 5697 5763 5697 5810 5641 5810 text 0
5627 5854 5711 5854 5711 5901 5627 5901 text 0
5654 5803 5684 5803 5684 5851 5654 5851 text 0
3397 4789 3453 4789 3453 4837 3397 4837 text 0
3383 4871 3466 4871 3466 4919 3383 4919 text 0
3402 4830 3447 4830 3447 4878 3402 4878 text 0
3161 4789 3216 4789 3216 4837 3161 4837 text 0
3147 4871 3230 4871 3230 4919 3147 4919 text 0
3169 4830 3208 4830 3208 4878 3169 4878 text 0
2691 4779 2747 4779 2747 4826 2691 4826 text 0
2825 4801 2843 4801 2843 4848 2825 4848 text 0
2921 4881 2986 4881 2986 4929 2921 4929 text 0
2381 1889 2437 1889 2437 1936 2381 1936 text 0
2367 1979 2451 1979 2451 2027 2367 2027 text 0
2388 1929 2429 1929 2429 1976 2388 1976 text 0
2062 3259 2118 3259 2118 3307 2062 3307 text 0
2048 3350 2132 3350 2132 3397 2048 3397 text 0
2069 3299 2111 3299 2111 3347 2069 3347 text 0
5641 6048 5697 6048 5697 6096 5641 6096 text 0
5627 6131 5711 6131 5711 6179 5627 6179 text 0
5648 6090 5689 6090 5689 6138 5648 6138 text 0
2086 3938 2141 3938 2141 3986 2086 3986 text 0
2072 4021 2155 4021 2155 4069 2072 4069 text 0
2093 3980 2134 3980 2134 4027 2093 4027 text 0
2377 3938 2433 3938 2433 3986 2377 3986 text 0
2363 4021 2447 4021 2447 4069 2363 4069 text 0
2384 3980 2426 3980 2426 4027 2384 4027 text 0
1675 3928 1731 3928 1731 3976 1675 3976 text 0
1809 3950 1828 3950 1828 3998 1809 3998 text 0
1905 4031 1970 4031 1970 4079 1905 4079 text 0
2377 3702 2433 3702 2433 3750 2377 3750 text 0
2363 3785 2447 3785 2447 3833 2363 3833 text 0
2384 3743 2426 3743 2426 3791 2384 3791 text 0
1971 3692 2026 3692 2026 3740 1971 3740 text 0
2104 3714 2123 3714 2123 3762 2104 3762 text 0
2200 3795 2265 3795 2265 3842 2200 3842 text 0
2913 4336 2968 4336 2968 4384 2913 4384 text 0
2899 4419 2982 4419 2982 4466 2899 4466 text 0
2917 4377 2964 4377 2964 4425 2917 4425 text 0
6412 2374 6412 2302 6461 2302 6461 2374 text 0
4464 5350 4585 5350 4585 5398 4464 5398 text 0
5048 5755 5285 5755 5285 5803 5048 5803 text 0
5244 5137 5384 5137 5384 5185 5244 5185 text 0
6751 4255 6873 4255 6873 4303 6751 4303 text 0
6751 4003 6891 4003 6891 4051 6751 4051 text 0
6275 4251 6513 4251 6513 4299 6275 4299 text 0
6909 5562 7030 5562 7030 5610 6909 5610 text 0
1098 5314 1405 5314 1405 5362 1098 5362 text 0
3259 3979 3400 3979 3400 4028 3259 4028 text 0
3661 3731 3801 3731 3801 3780 3661 3780 text 0
5825 4688 5968 4688 5968 4736 5825 4736 text 0
7405 5267 7580 5267 7580 5315 7405 5315 text 0
3885 318 4007 318 4007 366 3885 366 text 0
2373 318 2573 318 2573 366 2373 366 text 0
4086 4676 4132 4676 4132 4725 4086 4725 text 0
4665 4842 4786 4842 4786 4890 4665 4890 text 0
2255 2987 2396 2987 2396 3035 2255 3035 text 0
2114 2787 2254 2787 2254 2835 2114 2835 text 0
2137 2302 2278 2302 2278 2351 2137 2351 text 0
2480 2290 2620 2290 2620 2339 2480 2339 text 0
3661 1310 3801 1310 3801 1358 3661 1358 text 0
3637 2160 3778 2160 3778 2209 3637 2209 text 0
3248 1771 3388 1771 3388 1819 3248 1819 text 0
3023 5126 3023 5004 3071 5004 3071 5126 text 0
3248 1558 3388 1558 3388 1606 3248 1606 text 0
3271 944 3411 944 3411 992 3271 992 text 0
3862 1416 4002 1416 4002 1465 3862 1465 text 0
4251 1782 4392 1782 4392 1831 4251 1831 text 0
5102 1735 5302 1735 5302 1784 5102 1784 text 0
4925 1523 5125 1523 5125 1571 4925 1571 text 0
5208 2420 5427 2420 5427 2469 5208 2469 text 0
4051 2031 4191 2031 4191 2079 4051 2079 text 0
4476 4706 4616 4706 4616 4754 4476 4754 text 0
3259 4771 3306 4771 3306 4819 3259 4819 text 0
3496 4771 3572 4771 3572 4819 3496 4819 text 0
2740 4936 2921 4936 2921 4984 2740 4984 text 0
2527 5149 2667 5149 2667 5197 2527 5197 text 0
4133 5149 4133 5028 4181 5028 4181 5149 text 0
1700 4086 1938 4086 1938 4134 1700 4134 text 0
1996 3637 2233 3637 2233 3685 1996 3685 text 0
6717 2338 6857 2338 6857 2386 6717 2386 text 0
6247 2574 6247 2503 6295 2503 6295 2574 text 0
6509 2429 6580 2429 6580 2478 6509 2478 text 0
2480 4145 2551 4145 2551 4193 2480 4193 text 0
2433 4452 2573 4452 2573 4500 2433 4500 text 0
2503 4358 2503 4287 2551 4287 2551 4358 text 0
2622 4251 2762 4251 2762 4299 2622 4299 text 0
1062 4251 1281 4251 1281 4299 1062 4299 text 0
3708 4593 3803 4593 3803 4690 3708 4690 text 0
862 2881 1099 2881 1099 2929 862 2929 text 0
6484 5420 6624 5420 6624 5469 6484 5469 text 0
5102 5350 5242 5350 5242 5398 5102 5398 text 0
2409 643 2549 643 2549 691 2409 691 text 0
2799 519 3017 519 3017 567 2799 567 text 0
6507 2586 6648 2586 6648 2634 6507 2634 text 0
2149 4251 2289 4251 2289 4299 2149 4299 text 0
4666 5349 4807 5349 4807 5397 4666 5397 text 0
1877 2905 2016 2905 2016 3001 1877 3001 text 0
6461 2059 6483 2059 6483 2107 6461 2107 text 0
1222 2928 1516 2928 1516 2976 1222 2976 text 0
1225 2748 1396 2748 1396 2795 1225 2795 text 0
1088 3176 1178 3176 1178 3224 1088 3224 text 0
772 2665 880 2665 880 2713 772 2713 text 0
1056 2279 1210 2279 1210 2326 1056 2326 text 0
1004 1758 1231 1758 1231 1901 1004 1901 text 0
3461 1746 3506 1746 3506 1794 3461 1794 text 0
3461 1534 3506 1534 3506 1581 3461 1581 text 0
4356 2279 4386 2279 4386 2327 4356 2327 text 0
3687 2077 3729 2077 3729 2125 3687 2125 text 0
3710 1221 3753 1221 3753 1268 3710 1268 text 0
7294 5350 7325 5350 7325 5398 7294 5398 text 0
3836 3978 3866 3978 3866 4026 3836 4026 text 0
3710 3636 3753 3636 3753 3684 3710 3684 text 0
3640 3601 3698 3601 3698 3649 3640 3649 text 0
3793 4147 3851 4147 3851 4195 3793 4195 text 0
3462 4002 3505 4002 3505 4050 3462 4050 text 0
3317 3925 3375 3925 3375 3973 3317 3973 text 0
3718 4252 3748 4252 3748 4300 3718 4300 text 0
3947 2006 3989 2006 3989 2054 3947 2054 text 0
5168 6360 5227 6360 5227 6408 5168 6408 text 0
4944 6566 4974 6566 4974 6614 4944 6614 text 0
5748 5031 5802 5031 5802 5079 5748 5079 text 0
4933 6330 4987 6330 4987 6378 4933 6378 text 0
3353 2228 3353 1966 3401 1966 3401 2228 text 0
3974 1324 4408 1324 4408 1372 3974 1372 text 0
3918 1226 4352 1226 4352 1273 3918 1273 text 0
3687 2030 3729 2030 3729 2077 3687 2077 text 0
3710 1176 3754 1176 3754 1223 3710 1223 text 0
3909 2171 4367 2171 4367 2218 3909 2218 text 0
3492 2277 3950 2277 3950 2325 3492 2325 text 0
3093 2615 3331 2615 3331 2677 3093 2677 text 0
3434 4531 3434 4269 3483 4269 3483 4531 text 0
3710 3591 3754 3591 3754 3639 3710 3639 text 0
3461 3955 3506 3955 3506 4003 3461 4003 text 0
4032 3649 4447 3649 4447 3697 4032 3697 text 0
3365 4528 3365 4070 3413 4070 3413 4528 text 0
4300 1646 4344 1646 4344 1693 4300 1693 text 0
7025 2350 7502 2350 7502 2397 7025 2397 text 0
6816 2940 6884 2940 6884 2988 6816 2988 text 0
7021 2940 7481 2940 7481 2988 7021 2988 text 0
4509 1782 4540 1782 4540 1829 4509 1829 text 0
3315 1707 3373 1707 3373 1755 3315 1755 text 0
3319 1504 3378 1504 3378 1551 3319 1551 text 0
3846 2031 3904 2031 3904 2079 3846 2079 text 0
3462 1793 3505 1793 3505 1841 3462 1841 text 0
3910 1964 3968 1964 3968 2012 3910 2012 text 0
3462 1581 3505 1581 3505 1628 3462 1628 text 0
3947 2055 3989 2055 3989 2103 3947 2103 text 0
4234 1653 4293 1653 4293 1701 4234 1701 text 0
3642 1181 3700 1181 3700 1229 3642 1229 text 0
4457 1960 4516 1960 4516 2008 4457 2008 text 0
7113 4948 7508 4948 7508 4996 7113 4996 text 0
5606 4913 5637 4913 5637 4960 5606 4960 text 0
5098 6212 5130 6212 5130 6260 5098 6260 text 0
6969 6248 7455 6248 7455 6295 6969 6295 text 0
996 5244 1484 5244 1484 5291 996 5291 text 0
4788 6360 4846 6360 4846 6408 4788 6408 text 0
3914 3648 3951 3648 3951 3669 3914 3669 text 0
3864 3622 3917 3622 3917 3649 3864 3649 text 0
3955 3650 3987 3650 3987 3678 3955 3678 text 0
3845 3658 3899 3671 3896 3686 3842 3672 text 0
5603 5067 5661 5067 5661 5115 5603 5115 text 0
4301 1693 4343 1693 4343 1741 4301 1741 text 0
5359 5055 5390 5055 5390 5103 5359 5103 text 0
5759 5220 5789 5220 5789 5267 5759 5267 text 0
2177 5244 2665 5244 2665 5291 2177 5291 text 0
2526 3303 2526 3041 2574 3041 2574 3303 text 0
2959 4535 3417 4535 3417 4583 2959 4583 text 0
3937 3957 4022 3957 4022 4005 3937 4005 text 0
3498 3779 3540 3779 3540 3827 3498 3827 text 0
3465 3825 3550 3825 3550 3873 3465 3873 text 0
4632 1712 4674 1712 4674 1760 4632 1760 text 0
4611 1759 4695 1759 4695 1807 4611 1807 text 0
4088 1865 4131 1865 4131 1913 4088 1913 text 0
4055 1912 4140 1912 4140 1959 4055 1959 text 0
3498 1394 3540 1394 3540 1442 3498 1442 text 0
3465 1439 3550 1439 3550 1487 3465 1487 text 0
3970 3909 4013 3909 4013 3957 3970 3957 text 0
1011 4181 1469 4181 1469 4228 1011 4228 text 0
1807 2598 2230 2598 2230 2645 1807 2645 text 0
833 2231 1008 2231 1008 2326 833 2326 text 0
630 2279 786 2279 786 2326 630 2326 text 0
2027 5362 2085 5362 2085 5410 2027 5410 text 0
1873 5563 1903 5563 1903 5611 1873 5611 text 0
3789 4429 3819 4429 3819 4477 3789 4477 text 0
3564 5409 3595 5409 3595 5457 3564 5457 text 0
4723 1761 4867 1761 4867 1810 4723 1810 text 0
4168 1911 4311 1911 4311 1960 4168 1960 text 0
3577 1393 3721 1393 3721 1441 3577 1441 text 0
4723 1712 4867 1712 4867 1760 4723 1760 text 0
4168 1865 4311 1865 4311 1913 4168 1913 text 0
3577 1439 3721 1439 3721 1487 3577 1487 text 0
7293 5420 7437 5420 7437 5469 7293 5469 text 0
4050 3909 4193 3909 4193 3957 4050 3957 text 0
3577 3826 3721 3826 3721 3874 3577 3874 text 0
7085 5420 7229 5420 7229 5469 7085 5469 text 0
4050 3958 4193 3958 4193 4007 4050 4007 text 0
3575 3779 3719 3779 3719 3827 3575 3827 text 0
6530 2645 6674 2645 6674 2693 6530 2693 text 0
6530 2692 6674 2692 6674 2740 6530 2740 text 0
1664 5633 1808 5633 1808 5681 1664 5681 text 0
1876 5633 2020 5633 2020 5681 1876 5681 text 0
5618 5031 5696 5031 5696 5079 5618 5079 text 0
5039 6330 5117 6330 5117 6378 5039 6378 text 0
4791 6236 4869 6236 4869 6283 4791 6283 text 0
3495 1308 3591 1308 3591 1356 3495 1356 text 0
3315 1381 3393 1381 3393 1429 3315 1429 text 0
3906 1854 3983 1854 3983 1901 3906 1901 text 0
4085 1781 4181 1781 4181 1828 4085 1828 text 0
3504 3730 3582 3730 3582 3777 3504 3777 text 0
3263 3803 3398 3803 3398 3850 3263 3850 text 0
5854 5031 5932 5031 5932 5079 5854 5079 text 0
4599 1227 4636 1227 4636 1248 4599 1248 text 0
4549 1200 4602 1200 4602 1228 4549 1228 text 0
4640 1229 4672 1229 4672 1256 4640 1256 text 0
4530 1236 4584 1250 4581 1264 4527 1251 text 0
3579 1179 3601 1179 3601 1227 3579 1227 text 0
3331 1427 3353 1427 3353 1475 3331 1475 text 0
3331 1628 3353 1628 3353 1676 3331 1676 text 0
3780 2030 3802 2030 3802 2077 3780 2077 text 0
3922 1897 3944 1897 3944 1945 3922 1945 text 0
4428 1565 4428 1529 4448 1529 4448 1565 text 0
4401 1615 4401 1562 4428 1562 4428 1615 text 0
4430 1524 4430 1492 4457 1492 4457 1524 text 0
4437 1634 4451 1580 4465 1584 4451 1638 text 0
2667 4334 2697 4334 2697 4382 2667 4382 text 0
6588 2197 6618 2197 6618 2244 6588 2244 text 0
6588 1958 6618 1958 6618 2006 6588 2006 text 0
6450 2126 6508 2126 6508 2173 6450 2173 text 0
5995 5067 6053 5067 6053 5115 5995 5115 text 0
3509 2030 3598 2030 3598 2078 3509 2078 text 0
3472 2065 3635 2065 3635 2114 3472 2114 text 0
3858 4677 3889 4677 3889 4724 3858 4724 text 0
3858 4795 3889 4795 3889 4842 3858 4842 text 0
3622 4677 3653 4677 3653 4724 3622 4724 text 0
3622 4984 3653 4984 3653 5031 3622 5031 text 0
1960 5360 1984 5360 1984 5408 1960 5408 text 0
3697 4428 3719 4428 3719 4475 3697 4475 text 0
5102 6364 5125 6364 5125 6412 5102 6412 text 0
4724 6364 4747 6364 4747 6412 4724 6412 text 0
5539 5065 5562 5065 5562 5113 5539 5113 text 0
2733 4299 2781 4299 2781 4346 2733 4346 text 0
5267 5065 5315 5065 5315 5113 5267 5113 text 0
4168 1652 4190 1652 4190 1699 4168 1699 text 0
4477 1888 4498 1888 4498 1936 4477 1936 text 0
3484 5370 3508 5370 3508 5418 3484 5418 text 0
3804 4073 3826 4073 3826 4121 3804 4121 text 0
3331 3849 3353 3849 3353 3896 3331 3896 text 0
3579 3600 3601 3600 3601 3648 3579 3648 text 0
5287 1865 5342 1865 5342 1913 5287 1913 text 0
5273 1956 5356 1956 5356 2004 5273 2004 text 0
5294 1905 5335 1905 5335 1953 5294 1953 text 0
2688 1511 2744 1511 2744 1558 2688 1558 text 0
2674 1601 2758 1601 2758 1649 2674 1649 text 0
2671 1551 2761 1551 2761 1598 2671 1598 text 0
2381 1688 2437 1688 2437 1735 2381 1735 text 0
2367 1779 2451 1779 2451 1826 2367 1826 text 0
2394 1728 2424 1728 2424 1776 2394 1776 text 0
2039 1747 2094 1747 2094 1794 2039 1794 text 0
2025 1838 2108 1838 2108 1885 2025 1885 text 0
2051 1787 2081 1787 2081 1835 2051 1835 text 0
1365 3518 1421 3518 1421 3566 1365 3566 text 0
1351 3609 1435 3609 1435 3657 1351 3657 text 0
1378 3559 1408 3559 1408 3606 1378 3606 text 0
1365 3259 1421 3259 1421 3306 1365 3306 text 0
1351 3350 1435 3350 1435 3397 1351 3397 text 0
1348 3299 1438 3299 1438 3347 1348 3347 text 0
2381 3400 2437 3400 2437 3448 2381 3448 text 0
2367 3491 2451 3491 2451 3539 2367 3539 text 0
2394 3441 2424 3441 2424 3488 2394 3488 text 0
2863 4605 3126 4605 3126 4653 2863 4653 text 0
1098 5361 1219 5361 1219 5410 1098 5410 text 0
2433 5314 2554 5314 2554 5362 2433 5362 text 0
4342 4274 4397 4274 4397 4322 4342 4322 text 0
4328 4365 4411 4365 4411 4413 4328 4413 text 0
4325 4315 4414 4315 4414 4362 4325 4362 text 0
4046 4274 4102 4274 4102 4322 4046 4322 text 0
4033 4365 4116 4365 4116 4413 4033 4413 text 0
4042 4315 4106 4315 4106 4362 4042 4362 text 0
6350 5834 6405 5834 6405 5881 6350 5881 text 0
6336 5924 6419 5924 6419 5972 6336 5972 text 0
6362 5874 6392 5874 6392 5921 6362 5921 text 0
6645 5834 6701 5834 6701 5881 6645 5881 text 0
6631 5924 6714 5924 6714 5972 6631 5972 text 0
6642 5874 6703 5874 6703 5921 6642 5921 text 0
6940 5834 6996 5834 6996 5881 6940 5881 text 0
6926 5924 7010 5924 7010 5972 6926 5972 text 0
6928 5874 7008 5874 7008 5921 6928 5921 text 0
7263 6318 7385 6318 7385 6366 7263 6366 text 0
2819 1514 2896 1514 2896 1562 2819 1562 text 0
2538 1680 2562 1680 2562 1727 2538 1727 text 0
2196 1750 2220 1750 2220 1798 2196 1798 text 0
1496 3256 1573 3256 1573 3304 1496 3304 text 0
1523 3516 1547 3516 1547 3564 1523 3564 text 0
2255 3404 2279 3404 2279 3452 2255 3452 text 0
7071 5837 7148 5837 7148 5885 7071 5885 text 0
6775 5837 6853 5837 6853 5885 6775 5885 text 0
6510 5837 6528 5837 6528 5885 6510 5885 text 0
4472 4278 4550 4278 4550 4326 4472 4326 text 0
4177 4278 4254 4278 4254 4326 4177 4326 text 0
3236 3389 3311 3389 3311 3437 3236 3437 text 0
3236 3436 3586 3436 3586 3484 3236 3484 text 0
3236 3484 3434 3484 3434 3531 3236 3531 text 0
3271 992 3628 992 3628 1040 3271 1040 text 0
3271 1039 3622 1039 3622 1087 3271 1087 text 0
3271 1086 3408 1086 3408 1134 3271 1134 text 0
3861 1464 4218 1464 4218 1512 3861 1512 text 0
3861 1511 4212 1511 4212 1559 3861 1559 text 0
3861 1558 3998 1558 3998 1606 3861 1606 text 0
3447 4995 3591 4995 3591 5044 3447 5044 text 0
7145 3011 7364 3011 7364 3059 7145 3059 text 0
1889 2320 1944 2320 1944 2368 1889 2368 text 0
1868 2403 1964 2403 1964 2451 1868 2451 text 0
1895 2362 1938 2362 1938 2409 1895 2409 text 0
2231 2840 2287 2840 2287 2888 2231 2888 text 0
2211 2923 2307 2923 2307 2970 2211 2970 text 0
2238 2881 2280 2881 2280 2929 2238 2929 text 0
2609 3248 2609 3107 2657 3107 2657 3248 text 0
2662 4378 2806 4378 2806 4426 2662 4426 text 0
2662 4428 2806 4428 2806 4477 2662 4477 text 0
1524 4251 1593 4251 1593 4299 1524 4299 text 0
4926 6371 4994 6371 4994 6419 4926 6419 text 0
6813 2497 6957 2497 6957 2545 6813 2545 text 0
6612 2497 6755 2497 6755 2545 6612 2545 text 0
2630 3909 2708 3909 2708 3957 2630 3957 text 0
2630 4051 2708 4051 2708 4098 2630 4098 text 0
2831 5326 2908 5326 2908 5374 2831 5374 text 0
2689 5326 2767 5326 2767 5374 2689 5374 text 0
5222 5031 5299 5031 5299 5079 5222 5079 text 0
5098 5031 5176 5031 5176 5079 5098 5079 text 0
6499 5267 6894 5267 6894 5315 6499 5315 text 0
1682 5125 1782 5125 1782 5173 1682 5173 text 0
1739 5169 1842 5169 1842 5216 1739 5216 text 0
354 4270 897 4270 897 4367 354 4367 text 0
354 4162 897 4162 897 4210 354 4210 text 0
366 4216 507 4216 507 4264 366 4264 text 0
531 4216 862 4216 862 4264 531 4264 text 0
7606 3030 8149 3030 8149 3127 7606 3127 text 0
7606 2921 8149 2921 8149 2970 7606 2970 text 0
7618 2975 7759 2975 7759 3024 7618 3024 text 0
7783 2975 8114 2975 8114 3024 7783 3024 text 0
7606 6337 8149 6337 8149 6434 7606 6434 text 0
7606 6229 8149 6229 8149 6277 7606 6277 text 0
7996 6283 8137 6283 8137 6331 7996 6331 text 0
7641 6283 7972 6283 7972 6331 7641 6331 text 0
7606 5038 8149 5038 8149 5135 7606 5135 text 0
7606 4929 8149 4929 8149 4978 7606 4978 text 0
7996 4983 8137 4983 8137 5032 7996 5032 text 0
7641 4983 7972 4983 7972 5032 7641 5032 text 0
7606 5357 8149 5357 8149 5453 7606 5453 text 0
7606 5248 8149 5248 8149 5296 7606 5296 text 0
7618 5302 7759 5302 7759 5351 7618 5351 text 0
7783 5302 8114 5302 8114 5351 7783 5351 text 0
7606 2439 8149 2439 8149 2488 7606 2488 text 0
7606 2331 8149 2331 8149 2379 7606 2379 text 0
7618 2385 7759 2385 7759 2433 7618 2433 text 0
7783 2385 8114 2385 8114 2433 7783 2433 text 0
3876 1665 3942 1665 3942 1712 3876 1712 text 0
3881 1623 3937 1623 3937 1671 3881 1671 text 0
3861 1706 3957 1706 3957 1754 3861 1754 text 0
3250 3590 3316 3590 3316 3638 3250 3638 text 0
3255 3549 3311 3549 3311 3596 3255 3596 text 0
3241 3631 3325 3631 3325 3679 3241 3679 text 0
4808 6118 4852 6118 4852 6165 4808 6165 text 0
4802 6076 4858 6076 4858 6124 4802 6124 text 0
4788 6159 4872 6159 4872 6207 4788 6207 text 0
3286 1192 3351 1192 3351 1240 3286 1240 text 0
3291 1151 3346 1151 3346 1199 3291 1199 text 0
3270 1234 3366 1234 3366 1281 3270 1281 text 0
6191 4842 6233 4842 6233 4890 6191 4890 text 0
6184 4801 6240 4801 6240 4848 6184 4848 text 0
6170 4883 6254 4883 6254 4931 6170 4931 text 0
5873 4799 5916 4799 5916 4846 5873 4846 text 0
5867 4757 5922 4757 5922 4805 5867 4805 text 0
5853 4840 5936 4840 5936 4888 5853 4888 text 0
5482 6141 5525 6141 5525 6189 5482 6189 text 0
5476 6100 5531 6100 5531 6148 5476 6148 text 0
5462 6183 5545 6183 5545 6230 5462 6230 text 0
2101 297 2327 297 2327 375 2101 375 text 0
1919 383 2509 383 2509 441 1919 441 text 0
1665 643 1743 643 1743 691 1665 691 text 0
1665 584 2129 584 2129 632 1665 632 text 0
1665 525 2145 525 2145 573 1665 573 text 0
2415 584 2545 584 2545 632 2415 632 text 0
2456 702 2504 702 2504 750 2456 750 text 0
2398 525 2561 525 2561 573 2398 573 text 0
2419 466 2540 466 2540 514 2419 514 text 0
1665 702 1963 702 1963 750 1665 750 text 0
1665 466 2092 466 2092 514 1665 514 text 0
1670 2818 1754 2818 1754 2866 1670 2866 text 0
1684 2722 1740 2722 1740 2770 1684 2770 text 0
1693 2759 1732 2759 1732 2807 1693 2807 text 0
784 2006 869 2006 869 2055 784 2055 text 0
798 1911 854 1911 854 1959 798 1959 text 0
806 1947 847 1947 847 1996 806 1996 text 0
1670 2668 1754 2668 1754 2716 1670 2716 text 0
1684 2572 1740 2572 1740 2620 1684 2620 text 0
1692 2609 1733 2609 1733 2657 1692 2657 text 0
4684 1351 4953 1351 4953 1400 4684 1400 text 0
4762 1291 4875 1291 4875 1342 4762 1342 text 0
4762 1232 4875 1232 4875 1283 4762 1283 text 0
4412 3773 4681 3773 4681 3821 4412 3821 text 0
4490 3712 4603 3712 4603 3763 4490 3763 text 0
4490 3653 4603 3653 4603 3704 4490 3704 text 0
728 5367 948 5367 948 5416 728 5416 text 0
782 5307 895 5307 895 5358 782 5358 text 0
782 5248 895 5248 895 5299 782 5299 text 0
7719 1883 7988 1883 7988 1931 7719 1931 text 0
7797 1823 7910 1823 7910 1873 7797 1873 text 0
7797 1763 7910 1763 7910 1814 7797 1814 text 0
5908 5779 6021 5779 6021 5830 5908 5830 text 0
5854 5899 6074 5899 6074 5947 5854 5947 text 0
5908 5839 6021 5839 6021 5889 5908 5889 text 0
3082 820 3766 820 3766 868 3082 868 text 0
3084 584 3253 584 3253 632 3084 632 text 0
3084 525 3500 525 3500 573 3084 573 text 0
4555 820 4621 820 4621 868 4555 868 text 0
3863 702 4026 702 4026 750 3863 750 text 0
3920 820 3968 820 3968 868 3920 868 text 0
4251 820 4299 820 4299 868 4251 868 text 0
4210 761 4340 761 4340 809 4210 809 text 0
4194 702 4357 702 4357 750 4194 750 text 0
3879 761 4009 761 4009 809 3879 809 text 0
4230 643 4320 643 4320 691 4230 691 text 0
3891 643 3997 643 3997 691 3891 691 text 0
3500 383 4022 383 4022 441 3500 441 text 0
3650 297 3872 297 3872 375 3650 375 text 0
4068 525 4151 525 4151 573 4068 573 text 0
4031 466 4189 466 4189 514 4031 514 text 0
3082 761 3548 761 3548 809 3082 809 text 0
3082 702 3563 702 3563 750 3082 750 text 0
3082 466 3272 466 3272 514 3082 514 text 0
6085 5843 6198 5843 6198 5893 6085 5893 text 0
7306 1759 7721 1759 7721 1807 7306 1807 text 0
7227 1877 7370 1877 7370 1925 7227 1925 text 0
7042 1877 7186 1877 7186 1925 7042 1925 text 0
7086 1735 7226 1735 7226 1784 7086 1784 text 0
6921 1712 6943 1712 6943 1760 6921 1760 text 0
6987 1712 7046 1712 7046 1760 6987 1760 text 0
6708 1735 6904 1735 6904 1784 6708 1784 text 0
2492 3708 2560 3708 2560 3756 2492 3756 text 0
1156 6113 1211 6113 1211 6161 1156 6161 text 0
1289 6135 1308 6135 1308 6183 1289 6183 text 0
1385 6216 1450 6216 1450 6264 1385 6264 text 0
952 5963 1008 5963 1008 6011 952 6011 text 0
932 6054 1028 6054 1028 6102 932 6102 text 0
946 6004 1014 6004 1014 6051 946 6051 text 0
952 6117 1008 6117 1008 6165 952 6165 text 0
932 6208 1028 6208 1028 6256 932 6256 text 0
959 6157 1001 6157 1001 6205 959 6205 text 0
1578 6117 1634 6117 1634 6165 1578 6165 text 0
1558 6208 1654 6208 1654 6256 1558 6256 text 0
1585 6157 1627 6157 1627 6205 1585 6205 text 0
780 5714 1179 5714 1179 5953 780 5953 text 0
1708 6121 1786 6121 1786 6168 1708 6168 text 0
1271 6400 1327 6400 1327 6448 1271 6448 text 0
1250 6491 1348 6491 1348 6539 1250 6539 text 0
1265 6441 1333 6441 1333 6488 1265 6488 text 0
1243 6554 1353 6554 1353 6602 1243 6602 text 0
3637 5472 3874 5472 3874 5535 3637 5535 text 0
3564 5149 3595 5149 3595 5197 3564 5197 text 0
3566 5065 3590 5065 3590 5113 3566 5113 text 0
5049 5391 5073 5391 5073 5439 5049 5439 text 0
4932 5408 4988 5408 4988 5456 4932 5456 text 0
4918 5499 5002 5499 5002 5547 4918 5547 text 0
4933 5448 4988 5448 4988 5496 4933 5496 text 0
4708 5408 4764 5408 4764 5456 4708 5456 text 0
4694 5499 4777 5499 4777 5547 4694 5547 text 0
4714 5448 4757 5448 4757 5496 4714 5496 text 0
893 2337 949 2337 949 2385 893 2385 text 0
879 2428 963 2428 963 2476 879 2476 text 0
900 2377 942 2377 942 2425 900 2425 text 0
680 2337 736 2337 736 2385 680 2385 text 0
666 2428 750 2428 750 2476 666 2476 text 0
689 2377 727 2377 727 2425 689 2425 text 0
4495 5408 4551 5408 4551 5456 4495 5456 text 0
4481 5499 4565 5499 4565 5547 4481 5547 text 0
4497 5448 4550 5448 4550 5496 4497 5496 text 0
6787 4062 6842 4062 6842 4110 6787 4110 text 0
6773 4153 6856 4153 6856 4200 6773 4200 text 0
6794 4102 6835 4102 6835 4150 6794 4150 text 0
6787 4313 6842 4313 6842 4361 6787 4361 text 0
6773 4404 6856 4404 6856 4452 6773 4452 text 0
6789 4354 6840 4354 6840 4401 6789 4401 text 0
6905 3877 6923 3877 6923 3925 6905 3925 text 0
798 2724 854 2724 854 2771 798 2771 text 0
778 2815 874 2815 874 2862 778 2862 text 0
803 2764 849 2764 849 2811 803 2811 text 0
5698 1564 5722 1564 5722 1612 5698 1612 text 0
5582 1581 5638 1581 5638 1629 5582 1629 text 0
5568 1672 5651 1672 5651 1720 5568 1720 text 0
5583 1622 5637 1622 5637 1669 5583 1669 text 0
4991 1581 5047 1581 5047 1629 4991 1629 text 0
4977 1672 5061 1672 5061 1720 4977 1720 text 0
4993 1622 5045 1622 5045 1669 4993 1669 text 0
1106 2337 1161 2337 1161 2385 1106 2385 text 0
1092 2428 1175 2428 1175 2476 1092 2476 text 0
1116 2377 1151 2377 1151 2425 1116 2425 text 0
1106 3022 1161 3022 1161 3070 1106 3070 text 0
1085 3113 1181 3113 1181 3161 1085 3161 text 0
1110 3063 1156 3063 1156 3110 1110 3110 text 0
2570 4995 2626 4995 2626 5043 2570 5043 text 0
2556 5086 2640 5086 2640 5134 2556 5134 text 0
2578 5035 2618 5035 2618 5083 2578 5083 text 0
2450 4765 2498 4765 2498 4813 2450 4813 text 0
2334 4782 2390 4782 2390 4830 2334 4830 text 0
2320 4873 2403 4873 2403 4921 2320 4921 text 0
2348 4822 2376 4822 2376 4870 2348 4870 text 0
1495 3932 1551 3932 1551 3980 1495 3980 text 0
1481 4023 1565 4023 1565 4071 1481 4071 text 0
1508 3972 1538 3972 1538 4020 1508 4020 text 0
1791 3696 1846 3696 1846 3743 1791 3743 text 0
1777 3787 1860 3787 1860 3834 1777 3834 text 0
1803 3736 1834 3736 1834 3784 1803 3784 text 0
5145 5408 5201 5408 5201 5456 5145 5456 text 0
5131 5499 5214 5499 5214 5547 5131 5547 text 0
5144 5448 5202 5448 5202 5496 5144 5496 text 0
2450 4806 2474 4806 2474 4854 2450 4854 text 0
5698 1696 5717 1696 5717 1743 5698 1743 text 0
5049 5510 5067 5510 5067 5557 5049 5557 text 0
6903 3915 6940 3915 6940 3962 6903 3962 text 0
6787 3802 6842 3802 6842 3850 6787 3850 text 0
6773 3893 6856 3893 6856 3941 6773 3941 text 0
6799 3842 6829 3842 6829 3890 6799 3890 text 0
6350 4313 6405 4313 6405 4361 6350 4361 text 0
6336 4404 6419 4404 6419 4452 6336 4452 text 0
6351 4354 6404 4354 6404 4401 6351 4401 text 0
3943 5423 3979 5423 3979 5447 3943 5447 text 0
3532 5328 3567 5328 3567 5352 3532 5352 text 0
1873 5291 1906 5291 1906 5314 1873 5314 text 0
5738 4873 5813 4873 5813 5008 5738 5008 diaphragm 0
4923 6172 4998 6172 4998 6307 4923 6307 diaphragm 0
2366 2586 2366 2579 2381 2579 2381 2586 connector 0
2401 2586 2401 2579 2416 2579 2416 2586 connector 0
2416 2704 2416 2712 2401 2712 2401 2704 connector 0
2381 2704 2381 2712 2366 2712 2366 2704 connector 0
2362 2653 2354 2653 2354 2638 2362 2638 connector 0
3778 4505 3778 4535 3733 4535 3733 4505 flanged_nozzle 0
3631 4631 3661 4631 3661 4676 3631 4676 flanged_nozzle 0
3850 4631 3880 4631 3880 4676 3850 4676 flanged_nozzle 0
3631 4572 3661 4572 3661 4617 3631 4617 flanged_nozzle 0
3850 4843 3880 4843 3880 4888 3850 4888 flanged_nozzle 0
3631 5032 3661 5032 3661 5077 3631 5077 flanged_nozzle 0
3850 4985 3880 4985 3880 5030 3850 5030 flanged_nozzle 0
3631 5375 3661 5375 3661 5420 3631 5420 flanged_nozzle 0
3880 5420 3850 5420 3850 5375 3880 5375 flanged_nozzle 0
3631 5280 3661 5280 3661 5325 3631 5325 flanged_nozzle 0
3850 5186 3880 5186 3880 5231 3850 5231 flanged_nozzle 0
2620 2521 2620 2551 2575 2551 2575 2521 flanged_nozzle 0
2575 2770 2575 2740 2620 2740 2620 2770 flanged_nozzle 0
3631 5103 3661 5103 3661 5148 3631 5148 flanged_nozzle 0
