732 1548 732 1640 684 1640 684 1548 ball_valve 0
7653 5728 7653 5636 7700 5636 7700 5728 ball_valve 0
589 3212 614 3212 614 3260 589 3260 cap 0
8149 4205 8124 4205 8124 4157 8149 4157 cap 0
1086 2798 1086 2890 1039 2890 1039 2798 check_valve 0
732 2798 732 2890 684 2890 684 2798 check_valve 0
7653 4619 7653 4527 7700 4527 7700 4619 check_valve 0
8007 4619 8007 4527 8055 4527 8055 4619 check_valve 0
2114 4098 2114 4145 2066 4145 2066 4098 concentric_reducer 0
2267 4086 2267 4134 2220 4134 2220 4086 concentric_reducer 0
793 2510 946 2510 946 2662 793 2662 discrete_instruments_field_mounted 0
439 2510 591 2510 591 2662 439 2662 discrete_instruments_field_mounted 0
7407 4754 7560 4754 7560 4907 7407 4907 discrete_instruments_field_mounted 0
7762 4754 7914 4754 7914 4907 7762 4907 discrete_instruments_field_mounted 0
1039 1678 1039 1660 1086 1660 1086 1678 flange 0
684 1678 684 1660 732 1660 732 1678 flange 0
7700 5598 7700 5615 7653 5615 7653 5598 flange 0
8055 5598 8055 5615 8007 5615 8007 5598 flange 0
1086 1548 1086 1640 1039 1640 1039 1548 gate_valve 0
8007 5728 8007 5636 8055 5636 8055 5728 gate_valve 0
8007 4380 8007 4288 8055 4288 8055 4380 globe_valve 0
7653 4380 7653 4288 7700 4288 7700 4380 globe_valve 0
732 3036 732 3128 684 3128 684 3036 globe_valve 0
1086 3036 1086 3128 1039 3128 1039 3036 globe_valve 0
7605 3205 8150 3205 8150 3267 7605 3267 off_page_connector 0
956 1663 956 1630 1086 1630 1086 1663 open_figure_8_blind 0
602 1663 602 1630 732 1630 732 1663 open_figure_8_blind 0
8055 5613 8055 5645 7925 5645 7925 5613 open_figure_8_blind 0
7700 5613 7700 5645 7570 5645 7570 5613 open_figure_8_blind 0
732 2039 732 2071 684 2071 684 2039 restriction_orifice 0
1086 2039 1086 2071 1039 2071 1039 2039 restriction_orifice 0
7653 5379 7653 5347 7700 5347 7700 5379 restriction_orifice 0
8007 5379 8007 5347 8055 5347 8055 5379 restriction_orifice 0
7262 5479 7383 5479 7383 5599 7262 5599 utility_conenction 0
7616 6307 7737 6307 7737 6427 7616 6427 utility_conenction 0
2030 5243 2150 5243 2150 5363 2030 5363 utility_conenction 0
6553 5479 6674 5479 6674 5599 6553 5599 utility_conenction 0
6792 993 6671 993 6671 872 6792 872 utility_conenction 0
4191 5243 4312 5243 4312 5363 4191 5363 utility_conenction 0
1699 5243 1820 5243 1820 5363 1699 5363 utility_conenction 0
1498 5597 1619 5597 1619 5717 1498 5717 utility_conenction 0
3660 5597 3780 5597 3780 5717 3660 5717 utility_conenction 0
1864 5597 1985 5597 1985 5717 1864 5717 utility_conenction 0
2384 5243 2505 5243 2505 5363 2384 5363 utility_conenction 0
3896 872 4016 872 4016 993 3896 993 utility_conenction 0
4014 5597 4135 5597 4135 5717 4014 5717 utility_conenction 0
2774 5243 2894 5243 2894 5363 2774 5363 utility_conenction 0
4784 993 4664 993 4664 872 4784 872 utility_conenction 0
3128 5243 3249 5243 3249 5363 3128 5363 utility_conenction 0
6435 1227 6556 1227 6556 1347 6435 1347 utility_conenction 0
4194 1347 4073 1347 4073 1227 4194 1227 utility_conenction 0
6022 5833 6142 5833 6142 5954 6022 5954 utility_conenction 0
6320 5599 6199 5599 6199 5479 6320 5479 utility_conenction 0
6376 5833 6497 5833 6497 5954 6376 5954 utility_conenction 0
6731 5833 6851 5833 6851 5954 6731 5954 utility_conenction 0
7085 3766 7205 3766 7205 3887 7085 3887 utility_conenction 0
5313 5479 5434 5479 5434 5599 5313 5599 utility_conenction 0
2951 5597 3072 5597 3072 5717 2951 5717 utility_conenction 0
2597 5597 2717 5597 2717 5717 2597 5717 utility_conenction 0
5552 1347 5431 1347 5431 1227 5552 1227 utility_conenction 0
5845 5479 5965 5479 5965 5599 5845 5599 utility_conenction 0
6612 3412 6733 3412 6733 3532 6612 3532 utility_conenction 0
4961 1347 4841 1347 4841 1227 4961 1227 utility_conenction 0
6612 3707 6733 3707 6733 3828 6612 3828 utility_conenction 0
3483 5243 3603 5243 3603 5363 3483 5363 utility_conenction 0
4309 872 4430 872 4430 993 4309 993 utility_conenction 0
3305 5597 3426 5597 3426 5717 3305 5717 utility_conenction 0
4607 1347 4486 1347 4486 1227 4607 1227 utility_conenction 0
5138 993 5018 993 5018 872 5138 872 utility_conenction 0
5668 5833 5788 5833 5788 5954 5668 5954 utility_conenction 0
3837 5243 3957 5243 3957 5363 3837 5363 utility_conenction 0
1250 5243 1371 5243 1371 5363 1250 5363 utility_conenction 0
1123 993 1002 993 1002 872 1123 872 utility_conenction 0
2183 5597 2304 5597 2304 5717 2183 5717 utility_conenction 0
7971 6307 8091 6307 8091 6427 7971 6427 utility_conenction 0
1120 5597 1241 5597 1241 5717 1120 5717 utility_conenction 0
768 993 648 993 648 872 768 872 utility_conenction 0
6908 5479 7028 5479 7028 5599 6908 5599 utility_conenction 0
5136 5833 5257 5833 5257 5954 5136 5954 utility_conenction 0
7085 5833 7205 5833 7205 5954 7085 5954 utility_conenction 0
7675 5556 7675 5523 7796 5523 7796 5556 ball_valve_with_plug 0
7675 4469 7675 4436 7796 4436 7796 4469 ball_valve_with_plug 0
827 1719 827 1752 707 1752 707 1719 ball_valve_with_plug 0
827 2948 827 2981 707 2981 707 2948 ball_valve_with_plug 0
1182 2948 1182 2981 1061 2981 1061 2948 gate_valve_with_plug 0
1182 1720 1182 1753 1061 1753 1061 1720 gate_valve_with_plug 0
8030 4469 8030 4436 8150 4436 8150 4469 gate_valve_with_plug 0
8030 5556 8030 5523 8150 5523 8150 5556 gate_valve_with_plug 0
632 2262 784 2262 784 2459 632 2459 variable_area_flowmeter 0
7600 4945 7753 4945 7753 5143 7600 5143 variable_area_flowmeter 0
7955 4957 8107 4957 8107 5155 7955 5155 variable_area_flowmeter 0
986 2262 1139 2262 1139 2459 986 2459 variable_area_flowmeter 0
7997 4569 7997 4666 7935 4666 7935 4569 spec_break 0
967 2847 967 2750 1028 2750 1028 2847 spec_break 0
480 1980 630 1980 630 2130 480 2130 annotation 0
846 1980 996 1980 996 2130 846 2130 annotation 0
7779 5288 7929 5288 7929 5438 7779 5438 annotation 0
7413 5288 7563 5288 7563 5438 7413 5438 annotation 0
1251 5184 1251 4740 1299 4740 1299 5184 text 0
4969 672 5187 672 5187 815 4969 815 text 0
7035 5958 7255 5958 7255 6006 7035 6006 text 0
7089 5898 7202 5898 7202 5948 7089 5948 text 0
7089 5838 7202 5838 7202 5889 7089 5889 text 0
1251 4345 1251 4277 1299 4277 1299 4345 text 0
3476 4575 3476 4539 3497 4539 3497 4575 text 0
3450 4625 3450 4572 3477 4572 3477 4625 text 0
3478 4534 3478 4502 3506 4502 3506 4534 text 0
3485 4644 3499 4590 3513 4594 3500 4648 text 0
7212 5604 7432 5604 7432 5652 7212 5652 text 0
7266 5543 7379 5543 7379 5594 7266 5594 text 0
7266 5484 7379 5484 7379 5535 7266 5535 text 0
5137 5170 5137 4754 5185 4754 5185 5170 text 0
7567 6431 7787 6431 7787 6480 7567 6480 text 0
7620 6371 7733 6371 7733 6422 7620 6422 text 0
7620 6312 7733 6312 7733 6363 7620 6363 text 0
3483 5184 3483 4740 3531 4740 3531 5184 text 0
1858 4575 1858 4539 1879 4539 1879 4575 text 0
1831 4625 1831 4572 1859 4572 1859 4625 text 0
1860 4534 1860 4502 1887 4502 1887 4534 text 0
1867 4644 1881 4590 1895 4594 1882 4648 text 0
1936 5043 1936 4922 1984 4922 1984 5043 text 0
1035 2273 1090 2273 1090 2321 1035 2321 text 0
1039 2314 1086 2314 1086 2362 1039 2362 text 0
1021 2356 1104 2356 1104 2403 1021 2403 text 0
5137 4345 5137 4277 5185 4277 5185 4345 text 0
831 2751 974 2751 974 2799 831 2799 text 0
3483 4345 3483 4277 3531 4277 3531 4345 text 0
1980 5367 2200 5367 2200 5416 1980 5416 text 0
2034 5307 2147 5307 2147 5358 2034 5358 text 0
2034 5248 2147 5248 2147 5299 2034 5299 text 0
5130 4575 5130 4539 5150 4539 5150 4575 text 0
5103 4625 5103 4572 5130 4572 5130 4625 text 0
5132 4534 5132 4502 5159 4502 5159 4534 text 0
5139 4644 5152 4590 5167 4594 5153 4648 text 0
6504 5604 6724 5604 6724 5652 6504 5652 text 0
6557 5543 6670 5543 6670 5594 6557 5594 text 0
6557 5484 6670 5484 6670 5535 6557 5535 text 0
1192 5043 1192 4922 1240 4922 1240 5043 text 0
831 2798 974 2798 974 2847 831 2847 text 0
6622 820 6842 820 6842 868 6622 868 text 0
6675 878 6788 878 6788 928 6675 928 text 0
6675 937 6788 937 6788 988 6675 988 text 0
4185 4575 4185 4539 4205 4539 4205 4575 text 0
4158 4625 4158 4572 4186 4572 4186 4625 text 0
4187 4534 4187 4502 4214 4502 4214 4534 text 0
4194 4644 4208 4590 4222 4594 4208 4648 text 0
4141 5367 4361 5367 4361 5416 4141 5416 text 0
4195 5307 4308 5307 4308 5358 4195 5358 text 0
4195 5248 4308 5248 4308 5299 4195 5299 text 0
6193 4811 6193 4775 6213 4775 6213 4811 text 0
6166 4861 6166 4808 6193 4808 6193 4861 text 0
6195 4770 6195 4738 6222 4738 6222 4770 text 0
6202 4880 6215 4826 6230 4830 6216 4884 text 0
2101 5043 2101 4922 2150 4922 2150 5043 text 0
5017 1967 5017 1533 5065 1533 5065 1967 text 0
680 2273 736 2273 736 2321 680 2321 text 0
685 2314 731 2314 731 2362 685 2362 text 0
666 2356 750 2356 750 2403 666 2403 text 0
4192 4345 4192 4277 4240 4277 4240 4345 text 0
6202 4581 6202 4513 6250 4513 6250 4581 text 0
4489 2185 4489 2117 4537 2117 4537 2185 text 0
4303 2441 4303 2405 4323 2405 4323 2441 text 0
4276 2408 4276 2355 4304 2355 4304 2408 text 0
4305 2478 4305 2446 4332 2446 4332 2478 text 0
4327 2332 4340 2386 4326 2390 4312 2335 text 0
1649 5367 1869 5367 1869 5416 1649 5416 text 0
1703 5307 1816 5307 1816 5358 1703 5358 text 0
1703 5248 1816 5248 1816 5299 1703 5299 text 0
1448 5722 1669 5722 1669 5770 1448 5770 text 0
1502 5661 1615 5661 1615 5712 1502 5712 text 0
1502 5602 1615 5602 1615 5653 1502 5653 text 0
1322 5043 1322 4922 1370 4922 1370 5043 text 0
4192 5184 4192 4740 4240 4740 4240 5184 text 0
6198 5406 6198 4962 6246 4962 6246 5406 text 0
4485 1957 4485 1542 4533 1542 4533 1957 text 0
3610 5722 3830 5722 3830 5770 3610 5770 text 0
3663 5661 3776 5661 3776 5712 3663 5712 text 0
3663 5602 3776 5602 3776 5653 3663 5653 text 0
4842 1981 4842 1537 4889 1537 4889 1981 text 0
6448 5279 6448 5158 6496 5158 6496 5279 text 0
6160 5656 6358 5656 6358 5800 6160 5800 text 0
1771 5043 1771 4922 1819 4922 1819 5043 text 0
842 2521 897 2521 897 2569 842 2569 text 0
828 2604 911 2604 911 2651 828 2651 text 0
846 2562 893 2562 893 2610 846 2610 text 0
5021 2185 5021 2117 5069 2117 5069 2185 text 0
4829 2441 4829 2405 4850 2405 4850 2441 text 0
4803 2408 4803 2355 4830 2355 4830 2408 text 0
4831 2478 4831 2446 4859 2446 4859 2478 text 0
4853 2332 4866 2386 4852 2390 4839 2335 text 0
1815 5722 2035 5722 2035 5770 1815 5770 text 0
1868 5661 1981 5661 1981 5712 1868 5712 text 0
1868 5602 1981 5602 1981 5653 1868 5653 text 0
2334 5367 2554 5367 2554 5416 2334 5416 text 0
2388 5307 2501 5307 2501 5358 2388 5358 text 0
2388 5248 2501 5248 2501 5299 2388 5299 text 0
5208 5043 5208 4922 5256 4922 5256 5043 text 0
4842 2185 4842 2117 4889 2117 4889 2185 text 0
6672 1981 6672 1537 6720 1537 6720 1981 text 0
487 2521 543 2521 543 2569 487 2569 text 0
473 2604 557 2604 557 2651 473 2651 text 0
491 2562 539 2562 539 2610 491 2610 text 0
6672 2185 6672 2117 6720 2117 6720 2185 text 0
3846 820 4066 820 4066 868 3846 868 text 0
3900 878 4013 878 4013 928 3900 928 text 0
3900 937 4013 937 4013 988 3900 988 text 0
8060 5425 8060 5304 8108 5304 8108 5425 text 0
1076 1295 1076 1227 1124 1227 1124 1295 text 0
6660 2441 6660 2405 6681 2405 6681 2441 text 0
6633 2408 6633 2355 6661 2355 6661 2408 text 0
6662 2478 6662 2446 6689 2446 6689 2478 text 0
6684 2332 6697 2386 6683 2390 6669 2335 text 0
7334 5279 7334 5158 7382 5158 7382 5279 text 0
659 1471 659 1051 706 1051 706 1471 text 0
3964 5722 4184 5722 4184 5770 3964 5770 text 0
4018 5661 4131 5661 4131 5712 4018 5712 text 0
4018 5602 4131 5602 4131 5653 4018 5653 text 0
1013 1471 1013 1052 1061 1052 1061 1471 text 0
2724 5367 2944 5367 2944 5416 2724 5416 text 0
2778 5307 2891 5307 2891 5358 2778 5358 text 0
2778 5248 2891 5248 2891 5299 2778 5299 text 0
4614 820 4834 820 4834 868 4614 868 text 0
4667 878 4780 878 4780 928 4667 928 text 0
4667 937 4780 937 4780 988 4667 988 text 0
530 2031 579 2031 579 2079 530 2079 text 0
527 1989 582 1989 582 2037 527 2037 text 0
513 2072 596 2072 596 2120 513 2120 text 0
5848 4579 5848 4511 5895 4511 5895 4579 text 0
7263 5406 7263 4933 7311 4933 7311 5406 text 0
3235 5043 3235 4922 3283 4922 3283 5043 text 0
4074 1981 4074 1537 4122 1537 4122 1981 text 0
4062 2441 4062 2405 4082 2405 4082 2441 text 0
4035 2408 4035 2355 4062 2355 4062 2408 text 0
4064 2478 4064 2446 4091 2446 4091 2478 text 0
4085 2332 4099 2386 4084 2390 4071 2335 text 0
6398 1074 6593 1074 6593 1169 6398 1169 text 0
3078 5367 3299 5367 3299 5416 3078 5416 text 0
3132 5307 3245 5307 3245 5358 3132 5358 text 0
3132 5248 3245 5248 3245 5299 3132 5299 text 0
3897 2185 3897 2117 3944 2117 3944 2185 text 0
4074 2185 4074 2117 4122 2117 4122 2185 text 0
6370 4811 6370 4775 6390 4775 6390 4811 text 0
6343 4861 6343 4808 6371 4808 6371 4861 text 0
6372 4770 6372 4738 6399 4738 6399 4770 text 0
6379 4880 6393 4826 6407 4830 6393 4884 text 0
2269 4086 2384 4086 2384 4134 2269 4134 text 0
7706 5425 7706 5304 7754 5304 7754 5425 text 0
3023 5043 3023 4922 3071 4922 3071 5043 text 0
3884 2441 3884 2405 3905 2405 3905 2441 text 0
3858 2408 3858 2355 3885 2355 3885 2408 text 0
3887 2478 3887 2446 3914 2446 3914 2478 text 0
3908 2332 3922 2386 3907 2390 3894 2335 text 0
6379 4581 6379 4513 6427 4513 6427 4581 text 0
6375 5406 6375 4972 6423 4972 6423 5406 text 0
4263 5043 4263 4922 4311 4922 4311 5043 text 0
2945 4575 2945 4539 2965 4539 2965 4575 text 0
2918 4625 2918 4572 2945 4572 2945 4625 text 0
2947 4534 2947 4502 2974 4502 2974 4534 text 0
2954 4644 2967 4590 2982 4594 2968 4648 text 0
2768 4575 2768 4539 2788 4539 2788 4575 text 0
2741 4625 2741 4572 2768 4572 2768 4625 text 0
2770 4534 2770 4502 2797 4502 2797 4534 text 0
2777 4644 2790 4590 2805 4594 2791 4648 text 0
7263 4581 7263 4513 7310 4513 7310 4581 text 0
7456 4765 7511 4765 7511 4813 7456 4813 text 0
7442 4848 7525 4848 7525 4896 7442 4896 text 0
7460 4807 7507 4807 7507 4854 7460 4854 text 0
6385 1174 6606 1174 6606 1223 6385 1223 text 0
6439 1232 6552 1232 6552 1283 6439 1283 text 0
6439 1291 6552 1291 6552 1342 6439 1342 text 0
1091 2114 1091 1992 1140 1992 1140 2114 text 0
2952 4345 2952 4277 2999 4277 2999 4345 text 0
2775 4345 2775 4277 2822 4277 2822 4345 text 0
4737 1808 4737 1687 4785 1687 4785 1808 text 0
6336 4119 6770 4119 6770 4167 6336 4167 text 0
2952 5184 2952 4740 3000 4740 3000 5184 text 0
2775 5184 2775 4740 2823 4740 2823 5184 text 0
2590 4575 2590 4539 2611 4539 2611 4575 text 0
2564 4625 2564 4572 2591 4572 2591 4625 text 0
2592 4534 2592 4502 2620 4502 2620 4534 text 0
2600 4644 2613 4590 2627 4594 2614 4648 text 0
7810 4765 7866 4765 7866 4813 7810 4813 text 0
7796 4848 7880 4848 7880 4896 7796 4896 text 0
7814 4807 7862 4807 7862 4854 7814 4854 text 0
2597 4345 2597 4277 2645 4277 2645 4345 text 0
4023 1174 4243 1174 4243 1223 4023 1223 text 0
4077 1232 4190 1232 4190 1283 4077 1283 text 0
4077 1291 4190 1291 4190 1342 4077 1342 text 0
3731 5043 3731 4922 3780 4922 3780 5043 text 0
896 2031 946 2031 946 2079 896 2079 text 0
893 1989 949 1989 949 2037 893 2037 text 0
879 2072 963 2072 963 2120 879 2120 text 0
6826 4121 7033 4121 7033 4169 6826 4169 text 0
2668 5043 2668 4922 2717 4922 2717 5043 text 0
1865 5170 1865 4754 1913 4754 1913 5170 text 0
5972 5958 6192 5958 6192 6006 5972 6006 text 0
6026 5898 6139 5898 6139 5948 6026 5948 text 0
6026 5838 6139 5838 6139 5889 6026 5889 text 0
7649 5001 7704 5001 7704 5049 7649 5049 text 0
7653 5043 7700 5043 7700 5090 7653 5090 text 0
7635 5084 7718 5084 7718 5132 7635 5132 text 0
2031 5170 2031 4754 2078 4754 2078 5170 text 0
6149 5604 6369 5604 6369 5652 6149 5652 text 0
6203 5543 6316 5543 6316 5594 6203 5594 text 0
6203 5484 6316 5484 6316 5535 6203 5535 text 0
3377 5043 3377 4922 3425 4922 3425 5043 text 0
3122 4575 3122 4539 3142 4539 3142 4575 text 0
3095 4625 3095 4572 3123 4572 3123 4625 text 0
3124 4534 3124 4502 3151 4502 3151 4534 text 0
3131 4644 3145 4590 3159 4594 3145 4648 text 0
2598 5184 2598 4740 2645 4740 2645 5184 text 0
3129 4345 3129 4277 3177 4277 3177 4345 text 0
6326 5958 6547 5958 6547 6006 6326 6006 text 0
6380 5898 6493 5898 6493 5948 6380 5948 text 0
6380 5838 6493 5838 6493 5889 6380 5889 text 0
7877 4086 7949 4086 7949 4134 7877 4134 text 0
8003 5013 8059 5013 8059 5061 8003 5061 text 0
8008 5055 8054 5055 8054 5102 8008 5102 text 0
7989 5096 8073 5096 8073 5144 7989 5144 text 0
2031 4345 2031 4277 2078 4277 2078 4345 text 0
3129 5184 3129 4740 3177 4740 3177 5184 text 0
6733 4806 6733 4770 6753 4770 6753 4806 text 0
6706 4857 6706 4804 6734 4804 6734 4857 text 0
6735 4765 6735 4734 6762 4734 6762 4765 text 0
6742 4876 6756 4822 6770 4825 6757 4879 text 0
6681 5958 6901 5958 6901 6006 6681 6006 text 0
6734 5898 6847 5898 6847 5948 6734 5948 text 0
6734 5838 6847 5838 6847 5889 6734 5889 text 0
1127 2904 1151 2904 1151 2951 1127 2951 text 0
6734 4579 6734 4511 6781 4511 6781 4579 text 0
5091 1808 5091 1687 5139 1687 5139 1808 text 0
7280 3765 7723 3765 7723 3813 7280 3813 text 0
5304 5656 5443 5656 5443 5752 5304 5752 text 0
773 2904 797 2904 797 2951 773 2951 text 0
6729 5420 6729 4976 6777 4976 6777 5420 text 0
3908 5043 3908 4922 3957 4922 3957 5043 text 0
773 1675 797 1675 797 1723 773 1723 text 0
5619 6011 5837 6011 5837 6154 5619 6154 text 0
1127 1675 1151 1675 1151 1723 1127 1723 text 0
4382 1796 4382 1675 4431 1675 4431 1796 text 0
5316 4345 5316 4277 5364 4277 5364 4345 text 0
7025 6011 7265 6011 7265 6154 7025 6154 text 0
5312 5170 5312 4754 5360 4754 5360 5170 text 0
6316 6011 6556 6011 6556 6154 6316 6154 text 0
1865 4345 1865 4277 1913 4277 1913 4345 text 0
5961 6011 6203 6011 6203 6154 5961 6154 text 0
3306 5184 3306 4740 3354 4740 3354 5184 text 0
6832 5656 7104 5656 7104 5800 6832 5800 text 0
3299 4575 3299 4539 3319 4539 3319 4575 text 0
3272 4625 3272 4572 3300 4572 3300 4625 text 0
3301 4534 3301 4502 3328 4502 3328 4534 text 0
3308 4644 3322 4590 3336 4594 3323 4648 text 0
4086 5043 4086 4922 4134 4922 4134 5043 text 0
1460 5775 1657 5775 1657 5918 1460 5918 text 0
3306 4345 3306 4277 3354 4277 3354 4345 text 0
1804 5775 2022 5775 2022 5918 1804 5918 text 0
1499 5170 1499 4726 1547 4726 1547 5170 text 0
2182 5170 2182 4736 2230 4736 2230 5170 text 0
7035 3891 7255 3891 7255 3939 7035 3939 text 0
7089 3831 7202 3831 7202 3881 7089 3881 text 0
7089 3771 7202 3771 7202 3822 7089 3822 text 0
1981 5420 2199 5420 2199 5563 1981 5563 text 0
2347 5420 2542 5420 2542 5563 2347 5563 text 0
1650 5420 1868 5420 1868 5563 1650 5563 text 0
2385 5170 2385 4726 2433 4726 2433 5170 text 0
803 3283 874 3283 874 3331 803 3331 text 0
2135 5775 2353 5775 2353 5918 2135 5918 text 0
3661 5184 3661 4740 3708 4740 3708 5184 text 0
2901 5722 3121 5722 3121 5770 2901 5770 text 0
2955 5661 3068 5661 3068 5712 2955 5712 text 0
2955 5602 3068 5602 3068 5653 2955 5653 text 0
2122 4098 2200 4098 2200 4146 2122 4146 text 0
4914 1808 4914 1687 4962 1687 4962 1808 text 0
3897 1967 3897 1551 3945 1551 3945 1967 text 0
3847 672 4065 672 4065 815 3847 815 text 0
3653 4575 3653 4539 3674 4539 3674 4575 text 0
3627 4625 3627 4572 3654 4572 3654 4625 text 0
3655 4534 3655 4502 3683 4502 3683 4534 text 0
3663 4644 3676 4590 3690 4594 3677 4648 text 0
3660 4345 3660 4277 3708 4277 3708 4345 text 0
737 2114 737 1992 785 1992 785 2114 text 0
1698 5170 1698 4754 1746 4754 1746 5170 text 0
6744 1808 6744 1687 6793 1687 6793 1808 text 0
6625 5279 6625 5158 6673 5158 6673 5279 text 0
1702 4345 1702 4277 1750 4277 1750 4345 text 0
6545 5656 6682 5656 6682 5752 6545 5752 text 0
3838 5184 3838 4740 3886 4740 3886 5184 text 0
3831 4575 3831 4539 3851 4539 3851 4575 text 0
3804 4625 3804 4572 3831 4572 3831 4625 text 0
3833 4534 3833 4502 3860 4502 3860 4534 text 0
3840 4644 3853 4590 3868 4594 3854 4648 text 0
6537 3590 6808 3590 6808 3685 6537 3685 text 0
2186 4345 2186 4277 2234 4277 2234 4345 text 0
6093 5279 6093 5158 6142 5158 6142 5279 text 0
5897 3413 5933 3413 5933 3434 5897 3434 text 0
5948 3436 6002 3422 6006 3437 5952 3450 text 0
2547 5722 2767 5722 2767 5770 2547 5770 text 0
2600 5661 2713 5661 2713 5712 2600 5712 text 0
2600 5602 2713 5602 2713 5653 2600 5653 text 0
3838 4345 3838 4277 3885 4277 3885 4345 text 0
6537 3885 6808 3885 6808 3980 6537 3980 text 0
4663 1967 4663 1533 4710 1533 4710 1967 text 0
4015 5184 4015 4740 4063 4740 4063 5184 text 0
1714 3314 2148 3314 2148 3362 1714 3362 text 0
4667 2185 4667 2117 4714 2117 4714 2185 text 0
6862 3176 7080 3176 7080 3225 6862 3225 text 0
6067 3706 6510 3706 6510 3754 6067 3754 text 0
5382 1174 5602 1174 5602 1223 5382 1223 text 0
5435 1232 5548 1232 5548 1283 5435 1283 text 0
5435 1291 5548 1291 5548 1342 5435 1342 text 0
6067 3411 6510 3411 6510 3458 6067 3458 text 0
5795 5604 6015 5604 6015 5652 5795 5652 text 0
5848 5543 5961 5543 5961 5594 5848 5594 text 0
5848 5484 5961 5484 5961 5535 5848 5535 text 0
5844 5420 5844 4976 5891 4976 5891 5420 text 0
5873 3708 5909 3708 5909 3729 5873 3729 text 0
5924 3731 5979 3718 5982 3732 5928 3746 text 0
5847 4806 5847 4770 5868 4770 5868 4806 text 0
5821 4857 5821 4804 5848 4804 5848 4857 text 0
5849 4765 5849 4734 5876 4734 5876 4765 text 0
5856 4876 5870 4822 5884 4825 5871 4879 text 0
3969 1808 3969 1687 4017 1687 4017 1808 text 0
6563 3536 6783 3536 6783 3585 6563 3585 text 0
6616 3476 6729 3476 6729 3527 6616 3527 text 0
6616 3417 6729 3417 6729 3468 6616 3468 text 0
4791 1174 5011 1174 5011 1223 4791 1223 text 0
4845 1232 4958 1232 4958 1283 4845 1283 text 0
4845 1291 4958 1291 4958 1342 4845 1342 text 0
4015 4345 4015 4277 4062 4277 4062 4345 text 0
649 767 771 767 771 815 649 815 text 0
4008 4575 4008 4539 4028 4539 4028 4575 text 0
3981 4625 3981 4572 4008 4572 4008 4625 text 0
4010 4534 4010 4502 4037 4502 4037 4534 text 0
4017 4644 4030 4590 4045 4594 4031 4648 text 0
5263 5604 5484 5604 5484 5652 5263 5652 text 0
5317 5543 5430 5543 5430 5594 5317 5594 text 0
5317 5484 5430 5484 5430 5535 5317 5535 text 0
6563 3832 6783 3832 6783 3880 6563 3880 text 0
6616 3772 6729 3772 6729 3822 6616 3822 text 0
6616 3712 6729 3712 6729 3763 6616 3763 text 0
1003 767 1125 767 1125 815 1003 815 text 0
5307 4575 5307 4539 5327 4539 5327 4575 text 0
5280 4625 5280 4572 5308 4572 5308 4625 text 0
5309 4534 5309 4502 5336 4502 5336 4534 text 0
5316 4644 5330 4590 5344 4594 5330 4648 text 0
5432 1981 5432 1537 5480 1537 5480 1981 text 0
1693 4575 1693 4539 1713 4539 1713 4575 text 0
1666 4625 1666 4572 1693 4572 1693 4625 text 0
1695 4534 1695 4502 1722 4502 1722 4534 text 0
1702 4644 1715 4590 1730 4594 1716 4648 text 0
5420 2441 5420 2405 5440 2405 5440 2441 text 0
5393 2408 5393 2355 5421 2355 5421 2408 text 0
5422 2478 5422 2446 5449 2446 5449 2478 text 0
5443 2332 5457 2386 5443 2390 5429 2335 text 0
5666 5406 5666 4990 5714 4990 5714 5406 text 0
2177 4575 2177 4539 2197 4539 2197 4575 text 0
2150 4625 2150 4572 2178 4572 2178 4625 text 0
2179 4534 2179 4502 2206 4502 2206 4534 text 0
2186 4644 2200 4590 2214 4594 2201 4648 text 0
2255 5043 2255 4922 2303 4922 2303 5043 text 0
5432 2185 5432 2117 5480 2117 5480 2185 text 0
6021 5406 6021 4972 6068 4972 6068 5406 text 0
5671 4581 5671 4513 5718 4513 5718 4581 text 0
7262 4811 7262 4775 7283 4775 7283 4811 text 0
7236 4861 7236 4808 7263 4808 7263 4861 text 0
7264 4770 7264 4738 7292 4738 7292 4770 text 0
7272 4880 7285 4826 7299 4830 7286 4884 text 0
6025 4581 6025 4513 6073 4513 6073 4581 text 0
6911 4581 6911 4513 6958 4513 6958 4581 text 0
3433 5367 3653 5367 3653 5416 3433 5416 text 0
3486 5307 3599 5307 3599 5358 3486 5358 text 0
3486 5248 3599 5248 3599 5299 3486 5299 text 0
5739 5279 5739 5158 5787 5158 5787 5279 text 0
7254 5656 7391 5656 7391 5752 7254 5752 text 0
7741 5550 7765 5550 7765 5598 7741 5598 text 0
6016 4811 6016 4775 6036 4775 6036 4811 text 0
5989 4861 5989 4808 6016 4808 6016 4861 text 0
6018 4770 6018 4738 6045 4738 6045 4770 text 0
6025 4880 6038 4826 6053 4830 6039 4884 text 0
6907 5406 6907 4972 6954 4972 6954 5406 text 0
1111 1748 1169 1748 1169 1795 1111 1795 text 0
4259 820 4480 820 4480 868 4259 868 text 0
4313 878 4426 878 4426 928 4313 928 text 0
4313 937 4426 937 4426 988 4313 988 text 0
8096 5550 8120 5550 8120 5598 8096 5598 text 0
6552 5406 6552 4990 6600 4990 6600 5406 text 0
4657 2441 4657 2405 4678 2405 4678 2441 text 0
4631 2408 4631 2355 4658 2355 4658 2408 text 0
4659 2478 4659 2446 4687 2446 4687 2478 text 0
4681 2332 4694 2386 4680 2390 4666 2335 text 0
3256 5722 3476 5722 3476 5770 3256 5770 text 0
3309 5661 3422 5661 3422 5712 3309 5712 text 0
3309 5602 3422 5602 3422 5653 3309 5653 text 0
5385 5031 5385 4910 5433 4910 5433 5031 text 0
7829 5339 7879 5339 7879 5387 7829 5387 text 0
7826 5298 7882 5298 7882 5345 7826 5345 text 0
7812 5380 7896 5380 7896 5428 7812 5428 text 0
6556 4806 6556 4770 6576 4770 6576 4806 text 0
6529 4857 6529 4804 6556 4804 6556 4857 text 0
6558 4765 6558 4734 6585 4734 6585 4765 text 0
6565 4876 6579 4822 6593 4825 6579 4879 text 0
6979 5279 6979 5158 7028 5158 7028 5279 text 0
2845 5043 2845 4922 2894 4922 2894 5043 text 0
7463 5339 7512 5339 7512 5387 7463 5387 text 0
7460 5298 7515 5298 7515 5345 7460 5345 text 0
7446 5380 7529 5380 7529 5428 7446 5428 text 0
4308 1976 4308 1542 4356 1542 4356 1976 text 0
5661 4806 5661 4770 5682 4770 5682 4806 text 0
5635 4857 5635 4804 5662 4804 5662 4857 text 0
5663 4765 5663 4734 5691 4734 5691 4765 text 0
5670 4876 5684 4822 5698 4825 5685 4879 text 0
4437 1174 4657 1174 4657 1223 4437 1223 text 0
4490 1232 4603 1232 4603 1283 4490 1283 text 0
4490 1291 4603 1291 4603 1342 4490 1342 text 0
4146 1808 4146 1687 4194 1687 4194 1808 text 0
7741 4463 7765 4463 7765 4510 7741 4510 text 0
4310 2195 4310 2127 4358 2127 4358 2195 text 0
3554 5043 3554 4922 3602 4922 3602 5043 text 0
6901 4811 6901 4775 6922 4775 6922 4811 text 0
6875 4861 6875 4808 6902 4808 6902 4861 text 0
6903 4770 6903 4738 6931 4738 6931 4770 text 0
6911 4880 6924 4826 6938 4830 6925 4884 text 0
8096 4463 8120 4463 8120 4510 8096 4510 text 0
1112 2978 1171 2978 1171 3026 1112 3026 text 0
7156 5279 7156 5158 7205 5158 7205 5279 text 0
5916 5279 5916 5158 5965 5158 5965 5279 text 0
7615 6272 7615 5852 7663 5852 7663 6272 text 0
4968 820 5188 820 5188 868 4968 868 text 0
5022 878 5135 878 5135 928 5022 928 text 0
5022 937 5135 937 5135 988 5022 988 text 0
757 1748 815 1748 815 1795 757 1795 text 0
7084 5406 7084 4972 7131 4972 7131 5406 text 0
758 2978 816 2978 816 3026 758 3026 text 0
7725 5481 7784 5481 7784 5529 7725 5529 text 0
1200 5420 1421 5420 1421 5516 1200 5516 text 0
8081 4391 8139 4391 8139 4439 8081 4439 text 0
5618 5958 5838 5958 5838 6006 5618 6006 text 0
5671 5898 5784 5898 5784 5948 5671 5948 text 0
5671 5838 5784 5838 5784 5889 5671 5889 text 0
7088 4581 7088 4513 7136 4513 7136 4581 text 0
7727 4391 7785 4391 7785 4439 7727 4439 text 0
6434 1969 6434 1574 6482 1574 6482 1969 text 0
7079 4811 7079 4775 7099 4775 7099 4811 text 0
7052 4861 7052 4808 7079 4808 7079 4861 text 0
7081 4770 7081 4738 7108 4738 7108 4770 text 0
7088 4880 7101 4826 7116 4830 7102 4884 text 0
3787 5367 4007 5367 4007 5416 3787 5416 text 0
3841 5307 3954 5307 3954 5358 3841 5358 text 0
3841 5248 3954 5248 3954 5299 3841 5299 text 0
8080 5481 8138 5481 8138 5529 8080 5529 text 0
4654 720 4793 720 4793 815 4654 815 text 0
6434 2444 6434 2408 6454 2408 6454 2444 text 0
6407 2411 6407 2358 6434 2358 6434 2411 text 0
6436 2481 6436 2449 6463 2449 6463 2481 text 0
6457 2335 6471 2389 6456 2393 6443 2339 text 0
1200 5367 1421 5367 1421 5416 1200 5416 text 0
1254 5307 1367 5307 1367 5358 1254 5358 text 0
1254 5248 1367 5248 1367 5299 1254 5299 text 0
952 820 1173 820 1173 868 952 868 text 0
1006 878 1119 878 1119 928 1006 928 text 0
1006 937 1119 937 1119 988 1006 988 text 0
2134 5722 2354 5722 2354 5770 2134 5770 text 0
2187 5661 2300 5661 2300 5712 2187 5712 text 0
2187 5602 2300 5602 2300 5653 2187 5653 text 0
7970 6271 7970 5852 8017 5852 8017 6271 text 0
6436 2186 6436 2117 6484 2117 6484 2186 text 0
1114 4575 1114 4539 1134 4539 1134 4575 text 0
1087 4625 1087 4572 1115 4572 1115 4625 text 0
1116 4534 1116 4502 1143 4502 1143 4534 text 0
1123 4644 1137 4590 1151 4594 1138 4648 text 0
8045 6108 8045 6039 8092 6039 8092 6108 text 0
4452 1074 4642 1074 4642 1169 4452 1169 text 0
7921 6431 8141 6431 8141 6480 7921 6480 text 0
7974 6371 8087 6371 8087 6422 7974 6422 text 0
7974 6312 8087 6312 8087 6363 7974 6363 text 0
1121 5184 1121 4740 1169 4740 1169 5184 text 0
7799 4570 7943 4570 7943 4618 7799 4618 text 0
4261 672 4479 672 4479 815 4261 815 text 0
1071 5722 1291 5722 1291 5770 1071 5770 text 0
1124 5661 1237 5661 1237 5712 1124 5712 text 0
1124 5602 1237 5602 1237 5653 1124 5653 text 0
598 820 818 820 818 868 598 868 text 0
652 878 765 878 765 928 652 928 text 0
652 937 765 937 765 988 652 988 text 0
1121 4345 1121 4277 1169 4277 1169 4345 text 0
6858 5604 7078 5604 7078 5652 6858 5652 text 0
6911 5543 7024 5543 7024 5594 6911 5594 text 0
6911 5484 7024 5484 7024 5535 6911 5535 text 0
7799 4617 7943 4617 7943 4666 7799 4666 text 0
5504 1808 5504 1687 5553 1687 5553 1808 text 0
4480 2441 4480 2405 4501 2405 4501 2441 text 0
4453 2408 4453 2355 4481 2355 4481 2408 text 0
4482 2478 4482 2446 4509 2446 4509 2478 text 0
4504 2332 4517 2386 4503 2390 4489 2335 text 0
5086 5958 5306 5958 5306 6006 5086 6006 text 0
5140 5898 5253 5898 5253 5948 5140 5948 text 0
5140 5838 5253 5838 5253 5889 5140 5889 text 0
1244 4575 1244 4539 1264 4539 1264 4575 text 0
1217 4625 1217 4572 1245 4572 1245 4625 text 0
1246 4534 1246 4502 1273 4502 1273 4534 text 0
1253 4644 1267 4590 1281 4594 1267 4648 text 0
5012 2441 5012 2405 5032 2405 5032 2441 text 0
4985 2408 4985 2355 5012 2355 5012 2408 text 0
5014 2478 5014 2446 5041 2446 5041 2478 text 0
5035 2332 5049 2386 5034 2390 5021 2335 text 0
7618 3212 7759 3212 7759 3260 7618 3260 text 0
7783 3212 8114 3212 8114 3260 7783 3260 text 0
6556 4579 6556 4511 6604 4511 6604 4579 text 0
6634 720 6829 720 6829 815 6634 815 text 0
4036 1074 4231 1074 4231 1169 4036 1169 text 0
5106 6011 5286 6011 5286 6106 5106 6106 text 0
5963 3176 5999 3176 5999 3196 5963 3196 text 0
5913 3149 5966 3149 5966 3177 5913 3177 text 0
6004 3178 6036 3178 6036 3205 6004 3205 text 0
5894 3185 5948 3199 5944 3213 5890 3200 text 0
7846 4022 7846 3985 7866 3985 7866 4022 text 0
7829 3967 7843 3913 7857 3916 7844 3970 text 0
