2232 5508 2232 5510 2184 5510 2184 5508 blind_flange 0
7359 3780 7333 3780 7333 3778 7359 3778 blind_flange 0
6571 3212 6573 3212 6573 3260 6571 3260 blind_flange 0
4724 5508 4724 5510 4677 5510 4677 5508 blind_flange 0
2504 3365 2504 3390 2456 3390 2456 3365 cap 0
2740 2115 2740 2207 2692 2207 2692 2115 check_valve 0
3590 5040 3590 4947 3637 4947 3637 5040 check_valve 0
2622 2115 2622 2207 2574 2207 2574 2115 check_valve 0
2247 2267 2339 2267 2339 2315 2247 2315 check_valve 0
6082 5087 6082 4995 6129 4995 6129 5087 check_valve 0
2869 2382 2776 2382 2776 2349 2869 2349 chemical_seal_diaphragm 0
3601 2382 3508 2382 3508 2349 3601 2349 chemical_seal_diaphragm 0
5882 5248 5975 5248 5975 5280 5882 5280 chemical_seal_diaphragm 0
3390 5283 3483 5283 3483 5316 3390 5316 chemical_seal_diaphragm 0
2292 5366 2385 5366 2385 5399 2292 5399 chemical_seal_diaphragm 0
1392 1443 1299 1443 1299 1410 1392 1410 chemical_seal_diaphragm 0
4784 5366 4877 5366 4877 5399 4784 5399 chemical_seal_diaphragm 0
6271 6092 6271 6060 6401 6060 6401 6092 closed_figure_8_blind 0
3779 6092 3779 6060 3909 6060 3909 6092 closed_figure_8_blind 0
1511 3224 1511 3177 1559 3177 1559 3224 concentric_reducer 0
2456 2315 2409 2315 2409 2267 2456 2267 concentric_reducer 0
3519 5858 3472 5858 3472 5811 3519 5811 concentric_reducer 0
6129 5858 6082 5858 6082 5811 6129 5811 concentric_reducer 0
4653 3141 4606 3141 4606 3094 4653 3094 concentric_reducer 0
1866 3590 1913 3590 1913 3637 1866 3637 concentric_reducer 0
1677 3637 1629 3637 1629 3590 1677 3590 concentric_reducer 0
5238 5900 5391 5900 5391 6052 5238 6052 discrete_hardware_interlock_field_mounted 0
2758 5900 2910 5900 2910 6052 2758 6052 discrete_hardware_interlock_field_mounted 0
2262 5144 2414 5144 2414 5296 2262 5296 discrete_instruments_field_mounted 0
1104 2022 1257 2022 1257 2174 1104 2174 discrete_instruments_field_mounted 0
1270 1188 1422 1188 1422 1341 1270 1341 discrete_instruments_field_mounted 0
6124 1719 6276 1719 6276 1871 6124 1871 discrete_instruments_field_mounted 0
4754 5144 4906 5144 4906 5296 4754 5296 discrete_instruments_field_mounted 0
2463 5900 2615 5900 2615 6052 2463 6052 discrete_instruments_field_mounted 0
1695 3344 1847 3344 1847 3497 1695 3497 discrete_instruments_field_mounted 0
1931 3344 2084 3344 2084 3497 1931 3497 discrete_instruments_field_mounted 0
2167 3344 2320 3344 2320 3497 2167 3497 discrete_instruments_field_mounted 0
6006 2644 6158 2644 6158 2796 6006 2796 discrete_instruments_field_mounted 0
3124 2451 3276 2451 3276 2603 3124 2603 discrete_instruments_field_mounted 0
6006 2923 6158 2923 6158 3076 6006 3076 discrete_instruments_field_mounted 0
4943 5900 5095 5900 5095 6052 4943 6052 discrete_instruments_field_mounted 0
5852 5026 6005 5026 6005 5178 5852 5178 discrete_instruments_field_mounted 0
3360 5085 3513 5085 3513 5237 3360 5237 discrete_instruments_field_mounted 0
6199 2498 6351 2498 6351 2651 6199 2651 discrete_instruments_field_mounted 0
7122 3699 7168 3699 7168 3716 7122 3716 end_gap 0
7122 4000 7168 4000 7168 4018 7122 4018 end_gap 0
6513 2905 6495 2905 6495 2858 6513 2858 flange 0
5470 5362 5453 5362 5453 5315 5470 5315 flange 0
3590 4666 3590 4649 3637 4649 3637 4666 flange 0
2090 4664 2090 4646 2137 4646 2137 4664 flange 0
2891 3779 2908 3779 2908 3826 2891 3826 flange 0
2891 3590 2908 3590 2908 3637 2891 3637 flange 0
3094 3502 3094 3520 3047 3520 3047 3502 flange 0
3047 3914 3047 3897 3094 3897 3094 3914 flange 0
4707 3094 4724 3094 4724 3141 4707 3141 flange 0
2974 2267 2991 2267 2991 2315 2974 2315 flange 0
3403 2315 3386 2315 3386 2267 3403 2267 flange 0
6354 6107 6354 6090 6401 6090 6401 6107 flange 0
6082 4666 6082 4649 6129 4649 6129 4666 flange 0
4582 4664 4582 4646 4629 4646 4629 4664 flange 0
2978 5374 2961 5374 2961 5326 2978 5326 flange 0
2678 5433 2696 5433 2696 5480 2678 5480 flange 0
3862 6107 3862 6090 3909 6090 3909 6107 flange 0
5633 1757 5633 1775 5586 1775 5586 1757 flange 0
5924 3023 5907 3023 5907 2976 5924 2976 flange 0
5877 2976 5894 2976 5894 3023 5877 3023 flange 0
4707 2267 4724 2267 4724 2315 4707 2315 flange 0
6513 3141 6495 3141 6495 3094 6513 3094 flange 0
6498 2173 6480 2173 6480 2126 6498 2126 flange 0
5167 5433 5184 5433 5184 5480 5167 5480 flange 0
6224 1968 6224 1985 6177 1985 6177 1968 flange 0
6473 3212 6565 3212 6565 3260 6473 3260 gate_valve 0
6248 5623 6248 5715 6200 5715 6200 5623 gate_valve 0
3909 5977 3909 6070 3862 6070 3862 5977 gate_valve 0
3755 5623 3755 5715 3708 5715 3708 5623 gate_valve 0
2326 5623 2326 5715 2279 5715 2279 5623 gate_valve 0
6696 3166 6696 3258 6649 3258 6649 3166 gate_valve 0
1322 3752 1322 3660 1370 3660 1370 3752 gate_valve 0
1511 3365 1511 3272 1559 3272 1559 3365 gate_valve 0
1427 3779 1520 3779 1520 3826 1427 3826 gate_valve 0
2137 4534 2137 4626 2090 4626 2090 4534 gate_valve 0
3590 4629 3590 4536 3637 4536 3637 4629 gate_valve 0
6981 3094 7073 3094 7073 3141 6981 3141 gate_valve 0
7512 3755 7605 3755 7605 3803 7512 3803 gate_valve 0
6401 5977 6401 6070 6354 6070 6354 5977 gate_valve 0
6082 4629 6082 4536 6129 4536 6129 4629 gate_valve 0
4629 4534 4629 4626 4582 4626 4582 4534 gate_valve 0
4818 5623 4818 5715 4771 5715 4771 5623 gate_valve 0
4546 3141 4453 3141 4453 3094 4546 3094 gate_valve 0
2056 1499 2148 1499 2148 1547 2056 1547 gate_valve 0
2056 2267 2148 2267 2148 2315 2056 2315 gate_valve 0
1489 2267 1581 2267 1581 2315 1489 2315 gate_valve 0
1489 1499 1581 1499 1581 1547 1489 1547 gate_valve 0
2871 2267 2963 2267 2963 2315 2871 2315 gate_valve 0
3414 2267 3506 2267 3506 2315 3414 2315 gate_valve 0
6981 2858 7073 2858 7073 2905 6981 2905 gate_valve 0
6814 2930 6814 3022 6767 3022 6767 2930 gate_valve 0
1772 1499 1865 1499 1865 1547 1772 1547 globe_valve 0
1772 2267 1865 2267 1865 2315 1772 2315 globe_valve 0
1276 3637 1184 3637 1184 3590 1276 3590 globe_valve 0
3142 1972 3235 1972 3235 2019 3142 2019 globe_valve 0
1772 2444 1865 2444 1865 2492 1772 2492 globe_valve 0
1772 1677 1865 1677 1865 1724 1772 1724 globe_valve 0
2951 3577 3851 3577 3851 3839 2951 3839 heat_exchanger_of_double_pipe_type 0
3034 2231 3343 2231 3343 2351 3034 2351 in_line_static_mixer 0
353 1492 898 1492 898 1554 353 1554 off_page_connector 0
8150 1083 7605 1083 7605 1021 8150 1021 off_page_connector 0
7605 4350 8150 4350 8150 4413 7605 4413 off_page_connector 0
7605 2850 8150 2850 8150 2913 7605 2913 off_page_connector 0
7829 3875 7949 3875 7949 4042 7829 4042 open_drain_connectors 0
6498 2905 6465 2905 6465 2775 6498 2775 open_figure_8_blind 0
2964 3899 2964 3867 3094 3867 3094 3899 open_figure_8_blind 0
3094 3517 3094 3550 2964 3550 2964 3517 open_figure_8_blind 0
4722 3012 4754 3012 4754 3141 4722 3141 open_figure_8_blind 0
3507 4651 3507 4619 3637 4619 3637 4651 open_figure_8_blind 0
2007 4649 2007 4616 2137 4616 2137 4649 open_figure_8_blind 0
6498 3141 6465 3141 6465 3012 6498 3012 open_figure_8_blind 0
6000 4651 6000 4619 6129 4619 6129 4651 open_figure_8_blind 0
4500 4649 4500 4616 4629 4616 4629 4649 open_figure_8_blind 0
4722 2185 4754 2185 4754 2315 4722 2315 open_figure_8_blind 0
5238 6188 5391 6188 5391 6340 5238 6340 plc_primary_location_normally_inaccessible_to_an_operator 0
6124 1435 6276 1435 6276 1588 6124 1588 plc_primary_location_normally_inaccessible_to_an_operator 0
2758 6188 2910 6188 2910 6340 2758 6340 plc_primary_location_normally_inaccessible_to_an_operator 0
3318 4818 3233 4818 3233 4680 3318 4680 pressure_relief_or_safety_valve 0
5811 4818 5725 4818 5725 4680 5811 4680 pressure_relief_or_safety_valve 0
1559 3140 1473 3140 1473 3003 1559 3003 pressure_relief_or_safety_valve 0
2549 5101 2623 5101 2623 5339 2549 5339 pulsation_dampener 0
5646 5221 5573 5221 5573 4983 5646 4983 pulsation_dampener 0
3081 4995 3154 4995 3154 5233 3081 5233 pulsation_dampener 0
5115 5339 5042 5339 5042 5101 5115 5101 pulsation_dampener 0
5042 5101 5115 5101 5115 5339 5042 5339 pulsation_dampener 0
1164 2267 1197 2267 1197 2315 1164 2315 restriction_orifice 0
1330 1499 1362 1499 1362 1547 1330 1547 restriction_orifice 0
6124 1152 6276 1152 6276 1304 6124 1304 shared_display_and_control_primary_location_normally_accessible_to_an_operator 0
3124 2723 3276 2723 3276 2875 3124 2875 shared_display_and_control_primary_location_normally_accessible_to_an_operator 0
6502 1435 6654 1435 6654 1588 6502 1588 shared_display_and_control_primary_location_normally_accessible_to_an_operator 0
6006 2302 6158 2302 6158 2454 6006 2454 shared_display_and_control_primary_location_normally_accessible_to_an_operator 0
1270 644 1422 644 1422 796 1270 796 shared_display_and_control_primary_location_normally_accessible_to_an_operator 0
1270 915 1422 915 1422 1068 1270 1068 shared_display_and_control_primary_location_normally_accessible_to_an_operator 0
1104 1742 1257 1742 1257 1895 1104 1895 shared_display_and_control_primary_location_normally_accessible_to_an_operator 0
2994 5546 3147 5546 3147 5698 2994 5698 shared_display_and_control_primary_location_normally_accessible_to_an_operator 0
5486 5546 5639 5546 5639 5698 5486 5698 shared_display_and_control_primary_location_normally_accessible_to_an_operator 0
4654 5433 4746 5433 4746 5503 4654 5503 t_type_strainer 0
2162 5433 2254 5433 2254 5503 2162 5503 t_type_strainer 0
542 3554 662 3554 662 3674 542 3674 utility_conenction 0
542 3743 662 3743 662 3863 542 3863 utility_conenction 0
542 2231 662 2231 662 2351 542 2351 utility_conenction 0
5609 1639 5705 1639 5705 1760 5609 1760 atmospheric_vent_with_bird_screen 0
1991 2290 2024 2290 2024 2408 1991 2408 gate_valve_with_flange 0
4607 5286 4607 5319 4489 5319 4489 5286 gate_valve_with_flange 0
6267 5833 6299 5833 6299 5952 6267 5952 gate_valve_with_flange 0
1589 3802 1622 3802 1622 3920 1589 3920 gate_valve_with_flange 0
3774 5833 3807 5833 3807 5952 3774 5952 gate_valve_with_flange 0
2115 5286 2115 5319 1996 5319 1996 5286 gate_valve_with_flange 0
1991 1522 2024 1522 2024 1640 1991 1640 gate_valve_with_flange 0
1613 2290 1646 2290 1646 2408 1613 2408 gate_valve_with_flange 0
1613 1522 1646 1522 1646 1640 1613 1640 gate_valve_with_flange 0
2581 3306 2614 3306 2614 3379 2581 3379 gate_valve_with_plug 0
1445 3733 1412 3733 1412 3613 1445 3613 gate_valve_with_plug 0
2738 5302 2918 5302 2918 5481 2738 5481 pump_positive_diaplacement 0
5231 5302 5410 5302 5410 5481 5231 5481 pump_positive_diaplacement 0
4266 3042 4418 3042 4418 3194 4266 3194 sample_connection 0
2160 2160 2516 2160 2516 2257 2160 2257 spec_break 0
2221 4487 2221 4584 2148 4584 2148 4487 spec_break 0
4713 4487 4713 4584 4640 4584 4640 4487 spec_break 0
1716 3075 1566 3075 1566 2925 1716 2925 annotation 0
1236 2121 1386 2121 1386 2271 1236 2271 annotation 0
3326 4637 3476 4637 3476 4787 3326 4787 annotation 0
1873 1283 2023 1283 2023 1433 1873 1433 annotation 0
5818 4637 5968 4637 5968 4787 5818 4787 annotation 0
1873 2051 2023 2051 2023 2201 1873 2201 annotation 0
1436 1295 1586 1295 1586 1445 1436 1445 annotation 0
6172 1156 6228 1156 6228 1204 6172 1204 text 0
6158 1247 6242 1247 6242 1295 6158 1295 text 0
6161 1196 6239 1196 6239 1244 6161 1244 text 0
6349 1539 6414 1539 6414 1586 6349 1586 text 0
2310 5155 2366 5155 2366 5203 2310 5203 text 0
2296 5238 2380 5238 2380 5285 2296 5285 text 0
2314 5196 2362 5196 2362 5244 2314 5244 text 0
1153 2033 1208 2033 1208 2080 1153 2080 text 0
1139 2115 1222 2115 1222 2163 1139 2163 text 0
1160 2074 1201 2074 1201 2122 1160 2122 text 0
1318 1199 1374 1199 1374 1247 1318 1247 text 0
1304 1282 1388 1282 1388 1330 1304 1330 text 0
1325 1241 1366 1241 1366 1288 1325 1288 text 0
5305 5952 5324 5952 5324 6000 5305 6000 text 0
6172 1730 6228 1730 6228 1777 6172 1777 text 0
6158 1812 6242 1812 6242 1860 6158 1860 text 0
6181 1771 6220 1771 6220 1819 6181 1819 text 0
2825 5952 2843 5952 2843 6000 2825 6000 text 0
4802 5155 4858 5155 4858 5203 4802 5203 text 0
4788 5238 4872 5238 4872 5285 4788 5285 text 0
4806 5196 4854 5196 4854 5244 4806 5244 text 0
2511 5911 2567 5911 2567 5959 2511 5959 text 0
2491 5994 2587 5994 2587 6041 2491 6041 text 0
2516 5952 2562 5952 2562 6000 2516 6000 text 0
5172 6188 5227 6188 5227 6236 5172 6236 text 0
5305 6210 5324 6210 5324 6258 5305 6258 text 0
5401 6291 5466 6291 5466 6339 5401 6339 text 0
1743 3355 1799 3355 1799 3403 1743 3403 text 0
1729 3438 1813 3438 1813 3486 1729 3486 text 0
1748 3397 1794 3397 1794 3445 1748 3445 text 0
1980 3355 2035 3355 2035 3403 1980 3403 text 0
1966 3438 2049 3438 2049 3486 1966 3486 text 0
1984 3397 2031 3397 2031 3445 1984 3445 text 0
2216 3355 2271 3355 2271 3403 2216 3403 text 0
2202 3438 2285 3438 2285 3486 2202 3486 text 0
2220 3397 2267 3397 2267 3445 2220 3445 text 0
3289 2710 3313 2710 3313 2758 3289 2758 text 0
3172 2727 3228 2727 3228 2775 3172 2775 text 0
3159 2818 3242 2818 3242 2866 3159 2866 text 0
3173 2767 3228 2767 3228 2815 3173 2815 text 0
6054 2655 6110 2655 6110 2703 6054 2703 text 0
6040 2738 6124 2738 6124 2785 6040 2785 text 0
6062 2696 6103 2696 6103 2744 6062 2744 text 0
6667 1423 6714 1423 6714 1470 6667 1470 text 0
6550 1440 6606 1440 6606 1487 6550 1487 text 0
6536 1531 6620 1531 6620 1578 6536 1578 text 0
6564 1480 6592 1480 6592 1528 6564 1528 text 0
3172 2462 3228 2462 3228 2510 3172 2510 text 0
3159 2545 3242 2545 3242 2592 3159 2592 text 0
3167 2503 3233 2503 3233 2551 3167 2551 text 0
6054 2934 6110 2934 6110 2982 6054 2982 text 0
6040 3017 6124 3017 6124 3065 6040 3065 text 0
6061 2976 6103 2976 6103 3023 6061 3023 text 0
6171 2289 6195 2289 6195 2337 6171 2337 text 0
6054 2306 6110 2306 6110 2354 6054 2354 text 0
6040 2397 6124 2397 6124 2445 6040 2445 text 0
6067 2346 6097 2346 6097 2394 6067 2394 text 0
4991 5911 5047 5911 5047 5959 4991 5959 text 0
4971 5994 5067 5994 5067 6041 4971 6041 text 0
4996 5952 5042 5952 5042 6000 4996 6000 text 0
5901 5037 5956 5037 5956 5085 5901 5085 text 0
5887 5120 5970 5120 5970 5167 5887 5167 text 0
5905 5078 5952 5078 5952 5126 5905 5126 text 0
3409 5096 3464 5096 3464 5144 3409 5144 text 0
3395 5179 3478 5179 3478 5226 3395 5226 text 0
3413 5137 3460 5137 3460 5185 3413 5185 text 0
6057 1436 6113 1436 6113 1484 6057 1484 text 0
6191 1458 6210 1458 6210 1506 6191 1506 text 0
6287 1539 6352 1539 6352 1586 6287 1586 text 0
6667 1544 6685 1544 6685 1592 6667 1592 text 0
6667 1458 6691 1458 6691 1506 6667 1506 text 0
1318 648 1374 648 1374 696 1318 696 text 0
1304 739 1388 739 1388 787 1304 787 text 0
1309 688 1383 688 1383 736 1309 736 text 0
1318 920 1374 920 1374 968 1318 968 text 0
1304 1011 1388 1011 1388 1059 1304 1059 text 0
1319 960 1373 960 1373 1008 1319 1008 text 0
1269 1860 1288 1860 1288 1907 1269 1907 text 0
1153 1747 1208 1747 1208 1794 1153 1794 text 0
1139 1838 1222 1838 1222 1885 1139 1885 text 0
1154 1787 1207 1787 1207 1835 1154 1835 text 0
2691 6188 2747 6188 2747 6236 2691 6236 text 0
2825 6210 2843 6210 2843 6258 2825 6258 text 0
2921 6291 2986 6291 2986 6339 2921 6339 text 0
3043 5550 3098 5550 3098 5598 3043 5598 text 0
3022 5641 3118 5641 3118 5689 3022 5689 text 0
3042 5590 3099 5590 3099 5638 3042 5638 text 0
6247 2509 6303 2509 6303 2557 6247 2557 text 0
6229 2592 6322 2592 6322 2640 6229 2640 text 0
6260 2551 6290 2551 6290 2598 6260 2598 text 0
5535 5550 5590 5550 5590 5598 5535 5598 text 0
5514 5641 5611 5641 5611 5689 5514 5689 text 0
5534 5590 5591 5590 5591 5638 5534 5638 text 0
1047 3236 1220 3236 1220 3284 1047 3284 text 0
6231 6236 6524 6236 6524 6284 6231 6284 text 0
3738 6236 4032 6236 4032 6284 3738 6284 text 0
4319 3053 4365 3053 4365 3100 4319 3100 text 0
4330 3135 4354 3135 4354 3183 4330 3183 text 0
4309 3094 4374 3094 4374 3142 4309 3142 text 0
7833 3986 7946 3986 7946 4036 7833 4036 text 0
354 1553 897 1553 897 1602 354 1602 text 0
354 1445 897 1445 897 1493 354 1493 text 0
366 1499 507 1499 507 1547 366 1547 text 0
531 1499 862 1499 862 1547 531 1547 text 0
7606 1082 8149 1082 8149 1131 7606 1131 text 0
7606 974 8149 974 8149 1022 7606 1022 text 0
7996 1028 8137 1028 8137 1076 7996 1076 text 0
7641 1028 7972 1028 7972 1076 7641 1076 text 0
7606 4412 8149 4412 8149 4460 7606 4460 text 0
7606 4303 8149 4303 8149 4352 7606 4352 text 0
7618 4357 7759 4357 7759 4406 7618 4406 text 0
7783 4357 8114 4357 8114 4406 7783 4406 text 0
492 3678 712 3678 712 3727 492 3727 text 0
545 3618 658 3618 658 3669 545 3669 text 0
545 3559 658 3559 658 3610 545 3610 text 0
492 3867 712 3867 712 3916 492 3916 text 0
545 3807 658 3807 658 3858 545 3858 text 0
545 3748 658 3748 658 3799 545 3799 text 0
492 2355 712 2355 712 2404 492 2404 text 0
545 2295 658 2295 658 2346 545 2346 text 0
545 2236 658 2236 658 2287 545 2287 text 0
7606 2912 8149 2912 8149 2960 7606 2960 text 0
7606 2803 8149 2803 8149 2852 7606 2852 text 0
7618 2857 7759 2857 7759 2906 7618 2906 text 0
7783 2857 8114 2857 8114 2906 7783 2906 text 0
7110 3814 7231 3814 7231 3862 7110 3862 text 0
6444 3165 6584 3165 6584 3213 6444 3213 text 0
4332 584 4454 584 4454 632 4332 632 text 0
1771 2361 1864 2361 1864 2410 1771 2410 text 0
1771 1594 1864 1594 1864 1642 1771 1642 text 0
4499 3153 4640 3153 4640 3201 4499 3201 text 0
2952 2208 3028 2208 3028 2256 2952 2256 text 0
6531 584 6728 584 6728 632 6531 632 text 0
5562 3661 5640 3661 5640 3709 5562 3709 text 0
3940 525 4043 525 4043 573 3940 573 text 0
2361 3561 2361 3424 2409 3424 2409 3561 text 0
1319 3505 1390 3505 1390 3554 1319 3554 text 0
6271 1830 6353 1830 6353 1878 6271 1878 text 0
6602 2090 6794 2090 6794 2138 6602 2138 text 0
5539 4877 5660 4877 5660 4925 5539 4925 text 0
4334 6483 4590 6483 4590 6532 4334 6532 text 0
3295 4546 3416 4546 3416 4595 3295 4595 text 0
3059 4877 3180 4877 3180 4925 3059 4925 text 0
5787 4546 5908 4546 5908 4595 5787 4595 text 0
5085 6011 5140 6011 5140 6059 5085 6059 text 0
2893 5901 2986 5901 2986 5949 2893 5949 text 0
5084 5881 5138 5881 5138 5930 5084 5930 text 0
5338 584 5542 584 5542 632 5338 632 text 0
2604 6011 2660 6011 2660 6059 2604 6059 text 0
2604 5881 2657 5881 2657 5930 2604 5930 text 0
5373 5901 5467 5901 5467 5949 5373 5949 text 0
7499 3814 7621 3814 7621 3862 7499 3862 text 0
5952 4960 5952 4889 6000 4889 6000 4960 text 0
3460 4913 3460 4842 3508 4842 3508 4913 text 0
2520 4983 2642 4983 2642 5032 2520 5032 text 0
3349 2208 3425 2208 3425 2256 3349 2256 text 0
5012 4983 5134 4983 5134 5032 5012 5032 text 0
3001 5710 3142 5710 3142 5758 3001 5758 text 0
6212 2657 6352 2657 6352 2705 6212 2705 text 0
7499 3932 7621 3932 7621 3980 7499 3980 text 0
5493 5710 5634 5710 5634 5758 5493 5758 text 0
7370 6424 7908 6424 7908 6473 7370 6473 text 0
1152 3650 1293 3650 1293 3698 1152 3698 text 0
2963 820 3647 820 3647 868 2963 868 text 0
2965 584 3134 584 3134 632 2965 632 text 0
2965 525 3381 525 3381 573 2965 573 text 0
4443 820 4495 820 4495 868 4443 868 text 0
3949 584 4032 584 4032 632 3949 632 text 0
3744 702 3907 702 3907 750 3744 750 text 0
3809 820 3842 820 3842 868 3809 868 text 0
4140 820 4173 820 4173 868 4140 868 text 0
4091 761 4221 761 4221 809 4091 809 text 0
4075 702 4238 702 4238 750 4075 750 text 0
3770 761 3881 761 3881 809 3770 809 text 0
4111 643 4201 643 4201 691 4111 691 text 0
3772 643 3878 643 3878 691 3772 691 text 0
3372 383 3913 383 3913 441 3372 441 text 0
3531 297 3753 297 3753 375 3531 375 text 0
3949 525 4032 525 4032 573 3949 573 text 0
3892 466 4089 466 4089 514 3892 514 text 0
2963 761 3429 761 3429 809 2963 809 text 0
2963 702 3444 702 3444 750 2963 750 text 0
2963 466 3153 466 3153 514 2963 514 text 0
1300 3682 1330 3682 1330 3730 1300 3730 text 0
1629 3860 1660 3860 1660 3908 1629 3908 text 0
2527 5092 2594 5092 2594 5112 2527 5112 text 0
711 3552 1182 3552 1182 3600 711 3600 text 0
711 3741 1180 3741 1180 3789 711 3789 text 0
3968 6027 4112 6027 4112 6075 3968 6075 text 0
3968 6088 4112 6088 4112 6136 3968 6136 text 0
2373 2125 2516 2125 2516 2173 2373 2173 text 0
2161 2125 2303 2125 2303 2173 2161 2173 text 0
1987 5519 2088 5519 2088 5567 1987 5567 text 0
2050 5562 2142 5562 2142 5610 2050 5610 text 0
4480 5519 4580 5519 4580 5567 4480 5567 text 0
4542 5562 4634 5562 4634 5610 4542 5610 text 0
7186 991 7581 991 7581 1038 7186 1038 text 0
5539 4997 5605 4997 5605 5018 5539 5018 text 0
5007 5115 5074 5115 5074 5136 5007 5136 text 0
3289 4626 3355 4626 3355 4646 3289 4646 text 0
1488 2775 1848 2775 1848 2823 1488 2823 text 0
1488 2822 1838 2822 1838 2870 1488 2870 text 0
1488 2869 1645 2869 1645 2917 1488 2917 text 0
1194 3029 1456 3029 1456 3077 1194 3077 text 0
644 3059 1079 3059 1079 3107 644 3107 text 0
1502 3931 1709 3931 1709 3979 1502 3979 text 0
1609 2976 1673 2976 1673 3023 1609 3023 text 0
1613 2934 1669 2934 1669 2982 1613 2982 text 0
1599 3017 1683 3017 1683 3065 1599 3065 text 0
918 3313 1388 3313 1388 3361 918 3361 text 0
1428 3518 1428 3429 1476 3429 1476 3518 text 0
1463 3555 1463 3391 1511 3391 1511 3555 text 0
1566 3276 1610 3276 1610 3323 1566 3323 text 0
1474 3301 1504 3301 1504 3349 1474 3349 text 0
1567 3317 1609 3317 1609 3365 1567 3365 text 0
1565 3177 1670 3177 1670 3224 1565 3224 text 0
2617 3313 2676 3313 2676 3361 2617 3361 text 0
2550 3314 2574 3314 2574 3361 2550 3361 text 0
1448 3667 1506 3667 1506 3715 1448 3715 text 0
1381 3668 1405 3668 1405 3716 1381 3716 text 0
6505 3260 6535 3260 6535 3307 6505 3307 text 0
2047 383 2617 383 2617 441 2047 441 text 0
1783 584 2248 584 2248 632 1783 632 text 0
1783 525 2263 525 2263 573 1783 573 text 0
2221 297 2443 297 2443 375 2221 375 text 0
1783 643 1861 643 1861 691 1783 691 text 0
2525 584 2636 584 2636 632 2525 632 text 0
2546 643 2614 643 2614 691 2546 691 text 0
2499 525 2662 525 2662 573 2499 573 text 0
2557 466 2603 466 2603 514 2557 514 text 0
1783 466 2069 466 2069 514 1783 514 text 0
5586 3095 5635 3095 5635 3142 5586 3142 text 0
5570 3019 5649 3019 5649 3067 5570 3067 text 0
5753 1551 5858 1551 5858 1598 5753 1598 text 0
5817 1594 5910 1594 5910 1642 5817 1642 text 0
1289 2173 1332 2173 1332 2220 1289 2220 text 0
1283 2131 1338 2131 1338 2179 1283 2179 text 0
1269 2214 1352 2214 1352 2262 1269 2262 text 0
3368 4688 3434 4688 3434 4736 3368 4736 text 0
3373 4647 3429 4647 3429 4695 3373 4695 text 0
3359 4730 3443 4730 3443 4777 3359 4777 text 0
560 1356 955 1356 955 1403 560 1403 text 0
1927 1334 1970 1334 1970 1382 1927 1382 text 0
1920 1293 1976 1293 1976 1340 1920 1340 text 0
1907 1375 1990 1375 1990 1423 1907 1423 text 0
5860 4688 5926 4688 5926 4736 5860 4736 text 0
5865 4647 5921 4647 5921 4695 5865 4695 text 0
5851 4730 5935 4730 5935 4777 5851 4777 text 0
1927 2102 1970 2102 1970 2149 1927 2149 text 0
1920 2060 1976 2060 1976 2108 1920 2108 text 0
1907 2143 1990 2143 1990 2191 1907 2191 text 0
6232 1964 6263 1964 6263 2012 6232 2012 text 0
6762 643 6796 643 6796 691 6762 691 text 0
5976 383 6743 383 6743 441 5976 441 text 0
6228 297 6492 297 6492 375 6228 375 text 0
6609 643 6642 643 6642 691 6609 691 text 0
6584 525 6667 525 6667 573 6584 573 text 0
6602 466 6649 466 6649 514 6602 514 text 0
5810 643 6191 643 6191 691 5810 691 text 0
5810 584 6276 584 6276 632 5810 632 text 0
5810 525 6180 525 6180 573 5810 573 text 0
5810 466 6239 466 6239 514 5810 514 text 0
1490 1346 1533 1346 1533 1393 1490 1393 text 0
1483 1304 1539 1304 1539 1352 1483 1352 text 0
1470 1387 1553 1387 1553 1435 1470 1435 text 0
2944 5773 3367 5773 3367 5821 2944 5821 text 0
2123 5053 2123 4791 2172 4791 2172 5053 text 0
4472 3047 4530 3047 4530 3095 4472 3095 text 0
2394 2314 2471 2314 2471 2362 2394 2362 text 0
5478 2803 5718 2803 5718 2865 5478 2865 text 0
6457 2078 6487 2078 6487 2126 6457 2126 text 0
4911 5552 5175 5552 5175 5614 4911 5614 text 0
4744 2314 4775 2314 4775 2362 4744 2362 text 0
6235 5886 6259 5886 6259 5934 6235 5934 text 0
2027 2344 2085 2344 2085 2392 2027 2392 text 0
3647 4559 3677 4559 3677 4607 3647 4607 text 0
3174 2018 3205 2018 3205 2066 3174 2066 text 0
3743 5886 3767 5886 3767 5934 3743 5934 text 0
4711 4487 4855 4487 4855 4536 4711 4536 text 0
3647 4970 3677 4970 3677 5018 3647 5018 text 0
6139 5017 6169 5017 6169 5065 6139 5065 text 0
4824 5648 4883 5648 4883 5695 4824 5695 text 0
2891 6003 2966 6003 2966 6051 2891 6051 text 0
1960 1575 1984 1575 1984 1623 1960 1623 text 0
4711 4535 4855 4535 4855 4583 4711 4583 text 0
1582 1575 1606 1575 1606 1623 1582 1623 text 0
4052 6353 4314 6353 4314 6401 4052 6401 text 0
6307 3093 6371 3093 6371 3141 6307 3141 text 0
6483 298 6549 298 6549 360 6483 360 text 0
1582 2344 1606 2344 1606 2391 1582 2391 text 0
1960 2343 1984 2343 1984 2390 1960 2390 text 0
684 2230 1138 2230 1138 2277 684 2277 text 0
6165 4479 6560 4479 6560 4527 6165 4527 text 0
7186 4320 7581 4320 7581 4368 7186 4368 text 0
1434 673 1597 673 1597 768 1434 768 text 0
4616 5053 4616 4791 4664 4791 4664 5053 text 0
5497 5777 5920 5777 5920 5825 5497 5825 text 0
1649 1577 1707 1577 1707 1624 1649 1624 text 0
2027 1577 2085 1577 2085 1624 2027 1624 text 0
6176 2039 6222 2039 6222 2086 6176 2086 text 0
2455 5552 2719 5552 2719 5614 2455 5614 text 0
1792 1547 1845 1547 1845 1594 1792 1594 text 0
5371 6003 5446 6003 5446 6051 5371 6051 text 0
1936 5285 1984 5285 1984 5332 1936 5332 text 0
2795 2239 2826 2239 2826 2287 2795 2287 text 0
6139 4559 6169 4559 6169 4607 6139 4607 text 0
1649 2344 1707 2344 1707 2392 1649 2392 text 0
4791 2243 4843 2243 4843 2291 4791 2291 text 0
4639 4559 4669 4559 4669 4607 4639 4607 text 0
5593 702 5626 702 5626 750 5593 750 text 0
5054 297 5280 297 5280 375 5054 375 text 0
4916 383 5418 383 5418 441 4916 441 text 0
4618 643 5082 643 5082 691 4618 691 text 0
5405 584 5460 584 5460 632 5405 632 text 0
4618 584 5098 584 5098 632 4618 632 text 0
5377 643 5488 643 5488 691 5377 691 text 0
5400 525 5465 525 5465 573 5400 573 text 0
5341 466 5524 466 5524 514 5341 514 text 0
4618 525 5026 525 5026 573 4618 573 text 0
4618 466 4995 466 4995 514 4618 514 text 0
5362 821 5503 821 5503 869 5362 869 text 0
5399 762 5466 762 5466 810 5399 810 text 0
5416 702 5449 702 5449 750 5416 750 text 0
4618 821 4700 821 4700 869 4618 869 text 0
4618 762 4696 762 4696 810 4618 810 text 0
4618 702 4998 702 4998 750 4618 750 text 0
1792 2314 1845 2314 1845 2362 1792 2362 text 0
6399 6000 6429 6000 6429 6048 6399 6048 text 0
6686 3189 6745 3189 6745 3236 6686 3236 text 0
5784 2975 5832 2975 5832 3022 5784 3022 text 0
6254 5648 6312 5648 6312 5695 6254 5695 text 0
2147 4559 2177 4559 2177 4607 2147 4607 text 0
6302 5888 6361 5888 6361 5935 6302 5935 text 0
3907 6000 3937 6000 3937 6048 3907 6048 text 0
6368 2125 6432 2125 6432 2173 6368 2173 text 0
3070 2130 3307 2130 3307 2192 3070 2192 text 0
2332 5648 2391 5648 2391 5695 2332 5695 text 0
4931 1965 4980 1965 4980 2013 4931 2013 text 0
7013 3136 7043 3136 7043 3183 7013 3183 text 0
3810 5888 3868 5888 3868 5935 3810 5935 text 0
2009 5315 2067 5315 2067 5363 2009 5363 text 0
4917 2068 4996 2068 4996 2116 4917 2116 text 0
2219 4535 2363 4535 2363 4583 2219 4583 text 0
6382 3259 6434 3259 6434 3307 6382 3307 text 0
3762 5644 3820 5644 3820 5691 3762 5691 text 0
5642 1783 5672 1783 5672 1831 5642 1831 text 0
2219 4487 2363 4487 2363 4536 2219 4536 text 0
3443 5858 3548 5858 3548 5905 3443 5905 text 0
6053 5858 6158 5858 6158 5905 6053 5905 text 0
2054 5111 2054 4716 2102 4716 2102 5111 text 0
4428 5278 4476 5278 4476 5325 4428 5325 text 0
4546 5111 4546 4716 4594 4716 4594 5111 text 0
6307 2857 6373 2857 6373 2905 6307 2905 text 0
6810 2953 6868 2953 6868 3000 6810 3000 text 0
5504 2586 5728 2586 5728 2634 5504 2634 text 0
5475 2409 5728 2409 5728 2457 5475 2457 text 0
5499 2468 5728 2468 5728 2516 5499 2516 text 0
5523 2527 5728 2527 5728 2575 5523 2575 text 0
7014 2821 7044 2821 7044 2869 7014 2869 text 0
3102 3522 3133 3522 3133 3569 3102 3569 text 0
2908 3636 2938 3636 2938 3684 2908 3684 text 0
2908 3827 2938 3827 2938 3875 2908 3875 text 0
2220 2464 2615 2464 2615 2511 2220 2511 text 0
5844 3030 5874 3030 5874 3077 5844 3077 text 0
6194 3450 6617 3450 6617 3498 6194 3498 text 0
4577 3047 4682 3047 4682 3094 4577 3094 text 0
6850 2642 6850 2247 6897 2247 6897 2642 text 0
6194 3542 6617 3542 6617 3590 6194 3590 text 0
7186 2822 7581 2822 7581 2870 7186 2870 text 0
6455 6028 6599 6028 6599 6076 6455 6076 text 0
6454 6086 6598 6086 6598 6135 6454 6135 text 0
3720 2937 3720 2542 3767 2542 3767 2937 text 0
3956 2914 3956 2519 4004 2519 4004 2914 text 0
6438 2827 6469 2827 6469 2875 6438 2875 text 0
6437 3068 6467 3068 6467 3115 6437 3115 text 0
5289 3199 5343 3185 5346 3200 5292 3213 text 0
5900 3185 5954 3199 5951 3213 5897 3200 text 0
1850 3637 1928 3637 1928 3685 1850 3685 text 0
1614 3637 1692 3637 1692 3685 1614 3685 text 0
1804 1724 1835 1724 1835 1772 1804 1772 text 0
1804 2492 1835 2492 1835 2540 1804 2540 text 0
4735 3144 4765 3144 4765 3191 4735 3191 text 0
3047 4997 3113 4997 3113 5018 3047 5018 text 0
5757 4626 5824 4626 5824 4646 5757 4646 text 0
3282 3465 3520 3465 3520 3527 3282 3527 text 0
4501 5315 4559 5315 4559 5363 4501 5363 text 0
4791 3093 4842 3093 4842 3141 4791 3141 text 0
5588 1830 5629 1830 5629 1877 5588 1877 text 0
3097 3842 3128 3842 3128 3890 3097 3890 text 0
1781 1388 1856 1388 1856 1523 1781 1523 diaphragm 0
1781 2156 1856 2156 1856 2291 1781 2291 diaphragm 0
2917 5461 2924 5461 2924 5476 2917 5476 connector 0
5409 5461 5416 5461 5416 5476 5409 5476 connector 0
2827 5724 2827 5716 2842 5716 2842 5724 connector 0
5307 5724 5307 5716 5322 5716 5322 5724 connector 0
2710 5434 2740 5434 2740 5479 2710 5479 flanged_nozzle 0
2947 5373 2917 5373 2917 5328 2947 5328 flanged_nozzle 0
5202 5434 5232 5434 5232 5479 5202 5479 flanged_nozzle 0
5439 5361 5409 5361 5409 5316 5439 5316 flanged_nozzle 0
3372 2313 3342 2313 3342 2268 3372 2268 flanged_nozzle 0
3005 2268 3035 2268 3035 2313 3005 2313 flanged_nozzle 0
3093 3838 3093 3868 3048 3868 3048 3838 flanged_nozzle 0
3048 3578 3048 3548 3093 3548 3093 3578 flanged_nozzle 0
2952 3636 2922 3636 2922 3591 2952 3591 flanged_nozzle 0
2952 3825 2922 3825 2922 3780 2952 3780 flanged_nozzle 0
6436 2859 6466 2859 6466 2904 6436 2904 flanged_nozzle 0
6178 2029 6178 1999 6223 1999 6223 2029 flanged_nozzle 0
4783 2313 4753 2313 4753 2268 4783 2268 flanged_nozzle 0
6436 3213 6466 3213 6466 3258 6436 3258 flanged_nozzle 0
6436 2127 6466 2127 6466 2172 6436 2172 flanged_nozzle 0
6436 3095 6466 3095 6466 3140 6436 3140 flanged_nozzle 0
5587 1818 5587 1788 5632 1788 5632 1818 flanged_nozzle 0
4783 3140 4753 3140 4753 3095 4783 3095 flanged_nozzle 0
2893 5716 2775 5716 2775 5480 2893 5480 electric_motor_general 0
5373 5716 5255 5716 5255 5480 5373 5480 electric_motor_general 0
6389 2929 6389 2834 6436 2834 6436 2929 vortex_breaker 0
6389 3165 6389 3070 6436 3070 6436 3165 vortex_breaker 0
