6637 6317 6637 6320 6590 6320 6590 6317 blind_flange 0
6590 4524 6590 4522 6637 4522 6637 4524 blind_flange 0
2492 3881 2492 3849 2622 3849 2622 3881 closed_figure_8_blind 0
2988 3543 3035 3543 3035 3590 2988 3590 concentric_reducer 0
3106 3708 3106 3661 3153 3661 3153 3708 concentric_reducer 0
3637 3094 3685 3094 3685 3141 3637 3141 concentric_reducer 0
3755 3260 3755 3212 3803 3212 3803 3260 concentric_reducer 0
2740 6047 2787 6047 2787 6094 2740 6094 concentric_reducer 0
3023 6094 2976 6094 2976 6047 3023 6047 concentric_reducer 0
3644 4742 3796 4742 3796 4895 3644 4895 discrete_instruments_field_mounted 0
3408 4742 3560 4742 3560 4895 3408 4895 discrete_instruments_field_mounted 0
2167 2494 2320 2494 2320 2646 2167 2646 discrete_instruments_field_mounted 0
4175 2215 4328 2215 4328 2367 4175 2367 discrete_instruments_field_mounted 0
4175 2494 4328 2494 4328 2646 4175 2646 discrete_instruments_field_mounted 0
2167 1034 2320 1034 2320 1186 2167 1186 discrete_instruments_field_mounted 0
2167 1313 2320 1313 2320 1465 2167 1465 discrete_instruments_field_mounted 0
2522 1313 2674 1313 2674 1465 2522 1465 discrete_instruments_field_mounted 0
6065 4459 6217 4459 6217 4611 6065 4611 discrete_instruments_field_mounted 0
6065 4738 6217 4738 6217 4891 6065 4891 discrete_instruments_field_mounted 0
5711 4738 5863 4738 5863 4891 5711 4891 discrete_instruments_field_mounted 0
2574 3896 2574 3879 2622 3879 2622 3896 flange 0
3878 4677 3895 4677 3895 4724 3878 4724 flange 0
6637 6287 6637 6305 6590 6305 6590 6287 flange 0
3925 4724 3908 4724 3908 4677 3925 4677 flange 0
3925 4960 3908 4960 3908 4913 3925 4913 flange 0
3878 4913 3895 4913 3895 4960 3878 4960 flange 0
4039 5098 4039 5115 3992 5115 3992 5098 flange 0
3992 5145 3992 5128 4039 5128 4039 5145 flange 0
4051 4204 4051 4187 4098 4187 4098 4204 flange 0
3932 4204 3932 4187 3980 4187 3980 4204 flange 0
3980 4157 3980 4174 3932 4174 3932 4157 flange 0
4098 4157 4098 4174 4051 4174 4051 4157 flange 0
4535 4259 4535 4277 4488 4277 4488 4259 flange 0
4488 4811 4488 4793 4535 4793 4535 4811 flange 0
5149 4706 5149 4688 5196 4688 5196 4706 flange 0
4700 4364 4700 4382 4653 4382 4653 4364 flange 0
6590 4555 6590 4537 6637 4537 6637 4555 flange 0
3106 3920 3106 3827 3153 3827 3153 3920 gate_valve 0
2868 3590 2776 3590 2776 3543 2868 3543 gate_valve 0
3755 3471 3755 3379 3803 3379 3803 3471 gate_valve 0
3518 3141 3426 3141 3426 3094 3518 3094 gate_valve 0
2809 4110 2717 4110 2717 4063 2809 4063 gate_valve 0
3282 6094 3190 6094 3190 6047 3282 6047 gate_valve 0
2644 6094 2552 6094 2552 6047 2644 6047 gate_valve 0
2928 6094 2835 6094 2835 6047 2928 6047 globe_valve 0
2574 3859 2574 3766 2622 3766 2622 3859 globe_valve 0
2928 6330 2835 6330 2835 6283 2928 6283 globe_valve 0
353 1551 898 1551 898 1613 353 1613 off_page_connector 0
3153 3613 3067 3613 3067 3475 3153 3475 pressure_relief_or_safety_valve 0
3803 3164 3717 3164 3717 3027 3803 3027 pressure_relief_or_safety_valve 0
4488 4788 4488 4666 4535 4666 4535 4788 removable_spool 0
4488 4404 4488 4282 4535 4282 4535 4404 removable_spool 0
3124 4742 3276 4742 3276 4895 3124 4895 shared_display_and_control_primary_location_normally_accessible_to_an_operator 0
2805 4742 2958 4742 2958 4895 2805 4895 shared_display_and_control_primary_location_normally_accessible_to_an_operator 0
2167 2215 2320 2215 2320 2367 2167 2367 shared_display_and_control_primary_location_normally_accessible_to_an_operator 0
4175 1931 4328 1931 4328 2084 4175 2084 shared_display_and_control_primary_location_normally_accessible_to_an_operator 0
2167 750 2320 750 2320 902 2167 902 shared_display_and_control_primary_location_normally_accessible_to_an_operator 0
2522 1034 2674 1034 2674 1186 2522 1186 shared_display_and_control_primary_location_normally_accessible_to_an_operator 0
6065 4175 6217 4175 6217 4328 6065 4328 shared_display_and_control_primary_location_normally_accessible_to_an_operator 0
5711 4459 5863 4459 5863 4611 5711 4611 shared_display_and_control_primary_location_normally_accessible_to_an_operator 0
5196 4658 5196 4691 5097 4691 5097 4658 spacer 0
4600 4412 4600 4379 4700 4379 4700 4412 spacer 0
7560 5422 7439 5422 7439 5302 7560 5302 utility_conenction 0
7560 6131 7439 6131 7439 6010 7560 6010 utility_conenction 0
7560 5776 7439 5776 7439 5656 7560 5656 utility_conenction 0
2124 3057 2245 3057 2245 3178 2124 3178 utility_conenction 0
1061 2703 1182 2703 1182 2824 1061 2824 utility_conenction 0
1061 6010 1182 6010 1182 6131 1061 6131 utility_conenction 0
1061 3057 1182 3057 1182 3178 1061 3178 utility_conenction 0
2197 2717 2290 2717 2290 2810 2197 2810 vortex 0
2955 4667 3033 4667 3033 4745 2955 4745 function_low_signal_selector 0
2597 3996 2597 3963 2715 3963 2715 3996 gate_valve_with_flange 0
3778 3335 3778 3302 3896 3302 3896 3335 gate_valve_with_flange 0
3595 3119 3562 3119 3562 3001 3595 3001 gate_valve_with_flange 0
3128 3784 3128 3751 3247 3751 3247 3784 gate_valve_with_flange 0
2945 3568 2912 3568 2912 3449 2945 3449 gate_valve_with_flange 0
3087 6188 3054 6188 3054 6069 3087 6069 gate_valve_with_flange 0
2709 6188 2676 6188 2676 6069 2709 6069 gate_valve_with_flange 0
3146 6072 3113 6072 3113 5953 3146 5953 gate_valve_with_flange 0
6612 4670 6612 4637 6731 4637 6731 4670 gate_valve_with_flange 0
6612 6205 6612 6172 6731 6172 6731 6205 gate_valve_with_flange 0
4605 4428 5150 4428 5150 4643 4605 4643 shell_type_e 0
2998 3769 2998 3672 3086 3672 3086 3769 spec_break 0
3648 3320 3648 3223 3735 3223 3735 3320 spec_break 0
2346 2547 2496 2547 2496 2697 2346 2697 annotation 0
2665 5842 2815 5842 2815 5992 2665 5992 annotation 0
3996 3098 3846 3098 3846 2948 3996 2948 annotation 0
3346 3547 3196 3547 3196 3397 3346 3397 annotation 0
7370 5425 7629 5425 7629 5476 7370 5476 text 0
7443 5366 7556 5366 7556 5417 7443 5417 text 0
7443 5307 7556 5307 7556 5358 7443 5358 text 0
7370 6134 7629 6134 7629 6184 7370 6184 text 0
7443 6075 7556 6075 7556 6125 7443 6125 text 0
7443 6015 7556 6015 7556 6067 7443 6067 text 0
7370 5780 7629 5780 7629 5830 7370 5830 text 0
7443 5720 7556 5720 7556 5771 7443 5771 text 0
7443 5661 7556 5661 7556 5712 7443 5712 text 0
2055 3181 2314 3181 2314 3232 2055 3232 text 0
2128 3122 2241 3122 2241 3173 2128 3173 text 0
2128 3063 2241 3063 2241 3114 2128 3114 text 0
992 2827 1251 2827 1251 2877 992 2877 text 0
1065 2768 1178 2768 1178 2818 1065 2818 text 0
1065 2708 1178 2708 1178 2759 1065 2759 text 0
354 1456 897 1456 897 1552 354 1552 text 0
354 1612 897 1612 897 1660 354 1660 text 0
366 1558 507 1558 507 1606 366 1606 text 0
531 1558 862 1558 862 1606 531 1606 text 0
992 6134 1251 6134 1251 6184 992 6184 text 0
1065 6075 1178 6075 1178 6125 1065 6125 text 0
1065 6015 1178 6015 1178 6067 1065 6067 text 0
992 3181 1251 3181 1251 3232 992 3232 text 0
1065 3122 1178 3122 1178 3173 1065 3173 text 0
1065 3063 1178 3063 1178 3114 1065 3114 text 0
3070 3247 3190 3247 3190 3295 3070 3295 text 0
2974 3850 3094 3850 3094 3898 2974 3898 text 0
3720 2799 3840 2799 3840 2846 3720 2846 text 0
3624 3401 3744 3401 3744 3449 3624 3449 text 0
2763 3590 2883 3590 2883 3638 2763 3638 text 0
4086 3921 4086 3705 4134 3705 4134 3921 text 0
4015 3850 4015 3776 4063 3776 4063 3850 text 0
3791 4736 3866 4736 3866 4783 3791 4783 text 0
3555 4736 3600 4736 3600 4783 3555 4783 text 0
3484 4948 3604 4948 3604 4996 3484 4996 text 0
4263 5267 4263 5147 4311 5147 4311 5267 text 0
4263 4913 4263 4793 4311 4793 4311 4913 text 0
4133 4990 4191 4990 4191 5037 4133 5037 text 0
2799 6377 2978 6377 2978 6425 2799 6425 text 0
2834 6188 2926 6188 2926 6236 2834 6236 text 0
3070 5893 3190 5893 3190 5941 3070 5941 text 0
1370 6082 1675 6082 1675 6130 1370 6130 text 0
1866 6082 1986 6082 1986 6130 1866 6130 text 0
6554 5232 6554 5112 6602 5112 6602 5232 text 0
6554 4878 6554 4758 6602 4758 6602 4878 text 0
6489 4618 6489 4547 6537 4547 6537 4618 text 0
6489 6294 6489 6224 6537 6224 6537 6294 text 0
3413 3141 3533 3141 3533 3189 3413 3189 text 0
2508 3767 2569 3767 2569 3815 2508 3815 text 0
3678 3271 3739 3271 3739 3319 3678 3319 text 0
3679 3224 3712 3224 3712 3272 3679 3272 text 0
3029 3673 3062 3673 3062 3720 3029 3720 text 0
3028 3720 3089 3720 3089 3768 3028 3768 text 0
2509 3720 2543 3720 2543 3768 2509 3768 text 0
3324 3991 3586 3991 3586 4039 3324 4039 text 0
2438 3058 2474 3058 2474 3078 2438 3078 text 0
2471 3031 2524 3031 2524 3058 2471 3058 text 0
2401 3060 2433 3060 2433 3087 2401 3087 text 0
2489 3081 2544 3067 2547 3081 2493 3095 text 0
2649 3323 2649 3287 2670 3287 2670 3323 text 0
2623 3373 2623 3320 2650 3320 2650 3373 text 0
2651 3282 2651 3250 2679 3250 2679 3282 text 0
2659 3392 2672 3338 2687 3342 2673 3396 text 0
1301 6009 1773 6009 1773 6057 1301 6057 text 0
6554 5837 6554 5359 6602 5359 6602 5837 text 0
5267 4946 5744 4946 5744 4994 5267 4994 text 0
6662 4665 6721 4665 6721 4713 6662 4713 text 0
6662 6201 6721 6201 6721 6248 6662 6248 text 0
6776 5301 7235 5301 7235 5348 6776 5348 text 0
6776 5655 7235 5655 7235 5703 6776 5703 text 0
6776 6009 7235 6009 7235 6057 6776 6057 text 0
2784 3153 3191 3153 3191 3201 2784 3201 text 0
2800 3461 2845 3461 2845 3509 2800 3509 text 0
2949 3466 3007 3466 3007 3514 2949 3514 text 0
3222 3919 3694 3919 3694 3967 3222 3967 text 0
3720 3956 3720 3484 3767 3484 3767 3956 text 0
3954 4677 3984 4677 3984 4725 3954 4725 text 0
3954 4913 3984 4913 3984 4961 3954 4961 text 0
2650 3992 2709 3992 2709 4040 2650 4040 text 0
4022 3446 4052 3446 4052 3493 4022 3493 text 0
4818 4303 5055 4303 5055 4365 4818 4365 text 0
1301 2702 1773 2702 1773 2750 1301 2750 text 0
1301 3056 1773 3056 1773 3104 1301 3104 text 0
2393 2556 2449 2556 2449 2604 2393 2604 text 0
2400 2598 2442 2598 2442 2646 2400 2646 text 0
2388 2639 2453 2639 2453 2687 2388 2687 text 0
1063 1521 1492 1521 1492 1569 1063 1569 text 0
2712 5852 2767 5852 2767 5900 2712 5900 text 0
2719 5893 2760 5893 2760 5941 2719 5941 text 0
2707 5935 2772 5935 2772 5982 2707 5982 text 0
2712 6124 2770 6124 2770 6172 2712 6172 text 0
3090 6124 3148 6124 3148 6172 3090 6172 text 0
2749 4110 2780 4110 2780 4158 2749 4158 text 0
3789 3837 3789 3574 3837 3574 3837 3837 text 0
2865 3056 3271 3056 3271 3104 2865 3104 text 0
3167 3825 3210 3825 3210 3873 3167 3873 text 0
3179 3783 3237 3783 3237 3831 3179 3831 text 0
3816 3376 3860 3376 3860 3424 3816 3424 text 0
3598 3017 3656 3017 3656 3065 3598 3065 text 0
3829 3334 3887 3334 3887 3382 3829 3382 text 0
3893 2958 3949 2958 3949 3006 3893 3006 text 0
3888 2999 3954 2999 3954 3047 3888 3047 text 0
3882 3041 3960 3041 3960 3088 3882 3088 text 0
3243 3407 3299 3407 3299 3455 3243 3455 text 0
3238 3448 3304 3448 3304 3496 3238 3496 text 0
3232 3490 3310 3490 3310 3537 3232 3537 text 0
3967 5554 3997 5554 3997 5601 3967 5601 text 0
3649 5043 3864 5043 3864 5091 3649 5091 text 0
4120 4423 4120 4362 4158 4362 4158 4423 text 0
3071 3296 3328 3296 3328 3343 3071 3343 text 0
3071 3343 3403 3343 3403 3390 3071 3390 text 0
3071 3390 3132 3390 3132 3438 3071 3438 text 0
3720 2846 3977 2846 3977 2894 3720 2894 text 0
3720 2893 4052 2893 4052 2941 3720 2941 text 0
3720 2940 3781 2940 3781 2988 3720 2988 text 0
2801 3506 2843 3506 2843 3554 2801 3554 text 0
3817 3423 3859 3423 3859 3471 3817 3471 text 0
3167 3872 3210 3872 3210 3920 3167 3920 text 0
2561 3428 2592 3428 2592 3475 2561 3475 text 0
3451 3057 3493 3057 3493 3105 3451 3105 text 0
3450 3012 3494 3012 3494 3060 3450 3060 text 0
2839 6331 2927 6331 2927 6378 2839 6378 text 0
3149 5970 3207 5970 3207 6018 3149 6018 text 0
2837 6094 2925 6094 2925 6142 2837 6142 text 0
2855 6141 2908 6141 2908 6189 2855 6189 text 0
3289 4860 3307 4860 3307 4907 3289 4907 text 0
3172 4747 3228 4747 3228 4795 3172 4795 text 0
3168 4838 3233 4838 3233 4886 3168 4886 text 0
3174 4787 3226 4787 3226 4835 3174 4835 text 0
3056 4763 3104 4763 3104 4811 3056 4811 text 0
2101 2232 2149 2232 2149 2279 2101 2279 text 0
2186 2161 2230 2161 2230 2208 2186 2208 text 0
2337 3767 2481 3767 2481 3815 2337 3815 text 0
2337 3720 2481 3720 2481 3768 2337 3768 text 0
2857 3720 3000 3720 3000 3768 2857 3768 text 0
3506 3271 3650 3271 3650 3319 3506 3319 text 0
3506 3223 3650 3223 3650 3272 3506 3272 text 0
2857 3672 3000 3672 3000 3721 2857 3721 text 0
3692 4753 3748 4753 3748 4801 3692 4801 text 0
3687 4836 3752 4836 3752 4884 3687 4884 text 0
3698 4795 3742 4795 3742 4842 3698 4842 text 0
3456 4753 3512 4753 3512 4801 3456 4801 text 0
3451 4836 3516 4836 3516 4884 3451 4884 text 0
3464 4795 3503 4795 3503 4842 3464 4842 text 0
2854 4747 2909 4747 2909 4795 2854 4795 text 0
2849 4838 2914 4838 2914 4886 2849 4886 text 0
2860 4787 2903 4787 2903 4835 2860 4835 text 0
2216 2505 2271 2505 2271 2553 2216 2553 text 0
2211 2588 2276 2588 2276 2635 2211 2635 text 0
2223 2546 2264 2546 2264 2594 2223 2594 text 0
2216 2219 2271 2219 2271 2267 2216 2267 text 0
2211 2310 2276 2310 2276 2358 2211 2358 text 0
2217 2259 2270 2259 2270 2307 2217 2307 text 0
4224 2226 4279 2226 4279 2273 4224 2273 text 0
4219 2308 4284 2308 4284 2356 4219 2356 text 0
4231 2267 4272 2267 4272 2315 4231 2315 text 0
4224 2505 4279 2505 4279 2553 4224 2553 text 0
4219 2588 4284 2588 4284 2635 4219 2635 text 0
4230 2546 4273 2546 4273 2594 4230 2594 text 0
4224 1936 4279 1936 4279 1983 4224 1983 text 0
4219 2027 4284 2027 4284 2074 4219 2074 text 0
4237 1976 4266 1976 4266 2024 4237 2024 text 0
2216 1045 2271 1045 2271 1092 2216 1092 text 0
2211 1127 2276 1127 2276 1175 2211 1175 text 0
2223 1086 2264 1086 2264 1134 2223 1134 text 0
2216 755 2271 755 2271 802 2216 802 text 0
2211 846 2276 846 2276 893 2211 893 text 0
2229 795 2258 795 2258 842 2229 842 text 0
2216 1324 2271 1324 2271 1372 2216 1372 text 0
2211 1407 2276 1407 2276 1454 2211 1454 text 0
2222 1365 2265 1365 2265 1413 2222 1413 text 0
2570 1324 2626 1324 2626 1372 2570 1372 text 0
2565 1407 2630 1407 2630 1454 2565 1454 text 0
2577 1365 2619 1365 2619 1413 2577 1413 text 0
2570 1038 2626 1038 2626 1086 2570 1086 text 0
2565 1129 2630 1129 2630 1177 2565 1177 text 0
2582 1078 2613 1078 2613 1126 2582 1126 text 0
6113 4470 6169 4470 6169 4518 6113 4518 text 0
6109 4553 6174 4553 6174 4600 6109 4600 text 0
6121 4511 6162 4511 6162 4559 6121 4559 text 0
6113 4180 6169 4180 6169 4228 6113 4228 text 0
6109 4271 6174 4271 6174 4319 6109 4319 text 0
6114 4220 6168 4220 6168 4268 6114 4268 text 0
6113 4749 6169 4749 6169 4797 6113 4797 text 0
6109 4832 6174 4832 6174 4880 6109 4880 text 0
6120 4791 6162 4791 6162 4838 6120 4838 text 0
5759 4749 5815 4749 5815 4797 5759 4797 text 0
5754 4832 5819 4832 5819 4880 5754 4880 text 0
5766 4791 5808 4791 5808 4838 5766 4838 text 0
5759 4463 5815 4463 5815 4511 5759 4511 text 0
5754 4554 5819 4554 5819 4602 5754 4602 text 0
5771 4504 5802 4504 5802 4551 5771 4551 text 0
4881 643 4992 643 4992 691 4881 691 text 0
5090 761 5114 761 5114 809 5090 809 text 0
5091 820 5113 820 5113 868 5091 868 text 0
4263 820 4730 820 4730 868 4263 868 text 0
5216 702 5318 702 5318 750 5216 750 text 0
5212 643 5323 643 5323 691 5212 691 text 0
4885 702 4988 702 4988 750 4885 750 text 0
5223 584 5312 584 5312 632 5223 632 text 0
4883 584 4989 584 4989 632 4883 632 text 0
4656 383 5028 383 5028 441 4656 441 text 0
4731 297 4953 297 4953 375 4731 375 text 0
5060 525 5144 525 5144 573 5060 573 text 0
4263 761 4677 761 4677 809 4263 809 text 0
4263 702 4729 702 4729 750 4263 750 text 0
4263 643 4744 643 4744 691 4263 691 text 0
4263 525 4677 525 4677 573 4263 573 text 0
4263 466 4453 466 4453 514 4263 514 text 0
3811 3212 3889 3212 3889 3260 3811 3260 text 0
2932 5999 3067 5999 3067 6047 2932 6047 text 0
2672 5999 2807 5999 2807 6047 2672 6047 text 0
3610 3139 3688 3139 3688 3187 3610 3187 text 0
3161 3661 3239 3661 3239 3709 3161 3709 text 0
2961 3588 3038 3588 3038 3636 2961 3636 text 0
4537 4746 4537 4710 4561 4710 4561 4746 text 0
4537 4362 4537 4326 4561 4326 4561 4362 text 0
2844 5936 2919 5936 2919 6071 2844 6071 diaphragm 0
5195 4630 5195 4660 5150 4660 5150 4630 flanged_nozzle 0
4699 4411 4699 4441 4654 4441 4654 4411 flanged_nozzle 0
4534 4411 4534 4441 4489 4441 4489 4411 flanged_nozzle 0
4489 4660 4489 4630 4534 4630 4534 4660 flanged_nozzle 0
