26071-200-M6-052-00001 0.09281681478023529 5003.99 4560.76 5078.91 4567.53 5072.12 4642.68 4997.19 4635.91
26071-600-M6-066-00012 0.05981525406241417 6283.27 4502.28 6339.59 4516.79 6322.44 4583.40 6266.11 4568.89
26071-600-M6-066-00012 0.05924557149410248 4644.32 4615.49 4700.93 4630.76 4680.14 4707.85 4623.54 4692.59
26071-500-M6-059-00248 0.08684514462947845 2961.55 4661.56 3037.68 4673.10 3025.95 4750.45 2949.83 4738.90
26071-550-M6-084-00248 0.08985091745853424 2909.78 4195.98 2987.30 4198.50 2984.84 4274.14 2907.32 4271.61
26071-200-M6-052-00080 0.07423685491085052 6062.54 5021.08 6132.66 5020.66 6133.19 5109.84 6063.06 5110.25
26071-200-M6-052-00080 0.06163055822253227 2634.41 5021.90 2704.89 5020.12 2707.17 5110.12 2636.69 5111.90
26071-750-M6-085-00007 0.08525154739618301 2908.89 960.05 2990.79 967.20 2984.12 1043.47 2902.22 1036.32
26071-750-M6-085-00007 0.07946659624576569 6804.55 5685.74 6883.90 5687.02 6882.65 5764.28 6803.30 5763.00
26071-203-M6-064-00271 0.07391451299190521 1338.83 4778.47 1412.41 4791.49 1396.28 4882.66 1322.69 4869.64
26071-203-M6-332-00001 0.059370964765548706 2098.38 3862.97 2171.50 3889.44 2146.09 3959.65 2072.97 3933.18
26071-500-M6-059-00071 0.056504905223846436 7290.87 3576.16 7359.90 3583.26 7353.72 3643.30 7284.69 3636.20
26071-500-M6-059-00116 0.07006467878818512 5109.25 1333.38 5188.23 1346.97 5175.84 1418.94 5096.87 1405.35
26071-200-M6-052-00090 0.0524742528796196 5213.55 4369.32 5284.37 4376.24 5275.69 4464.96 5204.88 4458.03
26071-300-M6-053-00010 0.0842340886592865 4912.43 4314.06 4996.13 4312.60 4997.42 4386.43 4913.72 4387.89
26071-203-M6-320-00042 0.15066753327846527 3205.31 2865.80 3293.81 2887.43 3271.59 2978.37 3183.08 2956.74
26071-600-M6-066-00002 0.07545282691717148 4215.06 3736.78 4294.81 3733.61 4298.30 3821.24 4218.55 3824.42
26071-200-M6-063-00010 0.08005288243293762 5742.88 3854.84 5820.83 3856.78 5818.94 3932.61 5740.98 3930.66
26071-675-M6-068-00034 0.09539694339036942 4400.01 1581.10 4475.59 1591.39 4465.20 1667.62 4389.62 1657.33
26071-500-M6-059-00013 0.09884500503540039 7395.09 2009.60 7465.76 2013.57 7461.03 2097.80 7390.35 2093.83
26071-500-M6-059-00044 0.06649388372898102 1281.88 3596.54 1363.24 3618.01 1339.90 3706.44 1258.54 3684.96
26071-200-M6-052-00002 0.08936059474945068 5633.28 4204.72 5707.45 4212.16 5699.65 4289.90 5625.48 4282.46
26071-675-M6-068-10002 0.07749392092227936 2781.95 5352.30 2846.35 5379.36 2821.13 5439.38 2756.73 5412.33
26071-675-M6-068-10002 0.07361117750406265 2211.85 5374.53 2287.02 5330.40 2330.84 5405.05 2255.67 5449.17
26071-675-M6-068-10002 0.07245969772338867 2948.32 3751.83 3007.53 3766.20 2992.69 3827.38 2933.48 3813.01
26071-675-M6-068-10002 0.06680644303560257 4226.17 3750.78 4304.72 3761.30 4295.18 3832.52 4216.63 3821.99
26071-675-M6-068-10002 0.054941799491643906 4078.44 5369.74 4143.89 5359.31 4154.54 5426.20 4089.10 5436.63
