26071-200-M6-052-00001 0.12488307803869247 5002.54 4558.39 5079.12 4564.80 5072.82 4640.20 4996.23 4633.79
26071-500-M6-059-00017 0.08203604072332382 5787.64 4968.59 5904.88 4969.25 5904.70 5002.33 5787.45 5001.67
26071-500-M6-059-00017 0.07120416313409805 3780.05 4968.73 3897.97 4969.40 3897.78 5002.33 3779.86 5001.65
26071-500-M6-059-00017 0.07107718288898468 1774.51 4969.41 1892.39 4969.10 1892.47 5001.74 1774.60 5002.05
26071-500-M6-059-00017 0.05282260850071907 4044.47 3292.22 4111.77 3299.79 4101.40 3391.98 4034.10 3384.41
26071-500-M6-059-00017 0.05056319385766983 2032.86 3291.69 2101.90 3298.94 2092.00 3393.16 2022.97 3385.91
26071-600-M6-066-00012 0.5722392797470093 6283.00 4664.45 6336.65 4664.67 6336.26 4759.37 6282.62 4759.16
26071-600-M6-066-00012 0.2540454864501953 4628.31 4629.71 4684.47 4622.56 4693.53 4693.69 4637.37 4700.84
26071-600-M6-066-00012 0.16324149072170258 6290.35 4498.89 6345.38 4527.07 6313.76 4588.82 6258.73 4560.63
26071-600-M6-066-00012 0.09681755304336548 4927.32 5550.71 4991.97 5560.53 4984.42 5610.27 4919.77 5600.45
26071-600-M6-066-00012 0.09382005035877228 5421.30 5545.14 5483.07 5573.04 5462.19 5619.27 5400.42 5591.37
26071-500-M6-059-00248 0.12400926649570465 6613.08 6171.75 6731.59 6172.44 6731.40 6205.15 6612.89 6204.47
26071-500-M6-059-00248 0.11488153040409088 2960.85 4662.96 3037.23 4673.40 3026.89 4749.04 2950.51 4738.59
26071-700-M6-054-00246 0.05765187367796898 3963.98 1782.55 4031.88 1770.64 4047.85 1861.73 3979.95 1873.63
26071-500-M6-059-00040 0.10407301783561707 4193.51 5694.71 4289.54 5688.37 4294.73 5767.03 4198.70 5773.37
26071-500-M6-059-00040 0.10072886198759079 4251.09 2272.35 4368.25 2272.60 4368.18 2305.27 4251.02 2305.02
26071-203-M6-333-00010 0.09100811183452606 4562.91 4001.34 4609.74 3998.35 4615.61 4090.32 4568.77 4093.31
26071-203-M6-333-00010 0.0838395357131958 4564.80 3040.05 4611.90 3039.06 4613.85 3131.17 4566.75 3132.16
26071-203-M6-333-00010 0.07651633024215698 3374.43 5611.84 3467.27 5612.66 3466.85 5660.10 3374.02 5659.28
26071-203-M6-333-00010 0.07188482582569122 3657.73 4231.41 3754.07 4233.44 3753.07 4281.12 3656.72 4279.09
26071-203-M6-333-00010 0.06376021355390549 4564.23 1585.62 4611.01 1582.70 4616.77 1675.04 4569.99 1677.96
26071-203-M6-333-00010 0.058370523154735565 2346.71 3412.57 2393.62 3411.24 2396.26 3504.61 2349.35 3505.93
26071-203-M6-333-00010 0.05754736065864563 1529.80 4232.82 1622.16 4231.73 1622.71 4279.02 1530.36 4280.11
26071-203-M6-333-00010 0.056215837597846985 4112.63 4601.94 4158.99 4598.44 4166.04 4691.82 4119.68 4695.32
26071-203-M6-333-00010 0.051655277609825134 5547.47 4232.71 5640.51 4230.54 5641.62 4278.37 5548.59 4280.53
26071-550-M6-084-00248 0.10584660619497299 2910.49 4191.40 2987.97 4189.29 2990.19 4270.88 2912.71 4272.99
26071-200-M6-052-00080 0.12534141540527344 6067.19 5016.62 6137.98 5022.29 6130.79 5112.04 6060.00 5106.37
26071-200-M6-052-00080 0.10200092941522598 2638.46 5025.09 2705.40 5026.72 2703.39 5109.49 2636.45 5107.86
26071-300-M6-053-00309 0.38699275255203247 5631.57 2470.48 5720.90 2499.22 5699.90 2564.51 5610.57 2535.77
26071-300-M6-053-00309 0.15503257513046265 4336.79 2077.11 4416.96 2104.20 4394.85 2169.64 4314.68 2142.55
26071-300-M6-053-00309 0.1360466182231903 3935.54 3777.52 4009.89 3784.42 4001.02 3880.09 3926.67 3873.20
26071-300-M6-053-00309 0.11875107139348984 6284.40 1655.77 6356.98 1649.73 6364.73 1742.91 6292.15 1748.94
26071-300-M6-053-00309 0.10212202370166779 5702.50 1645.29 5766.49 1673.46 5746.22 1719.50 5682.24 1691.33
26071-300-M6-053-00309 0.0813869833946228 3605.09 3779.87 3677.58 3776.78 3681.64 3872.20 3609.16 3875.29
26071-300-M6-053-00309 0.05296176299452782 6147.06 4748.62 6247.19 4748.56 6247.23 4832.20 6147.11 4832.26
26071-450-M6-082-00009 0.10636003315448761 3307.27 1671.80 3424.35 1670.63 3424.67 1703.37 3307.60 1704.53
26071-450-M6-082-00009 0.10399700701236725 4929.53 6177.18 5008.76 6172.44 5016.45 6301.09 4937.22 6305.83
26071-450-M6-082-00009 0.07135216891765594 6301.95 4458.09 6453.86 4469.76 6442.58 4616.55 6290.67 4604.88
26071-450-M6-082-00009 0.06602729111909866 1726.78 3254.10 1875.13 3271.09 1858.60 3415.46 1710.25 3398.48
26071-450-M6-082-00009 0.06500998884439468 1247.11 6089.43 1376.86 6118.04 1346.36 6256.37 1216.61 6227.76
26071-450-M6-082-00009 0.06326836347579956 2043.25 3682.92 2191.47 3694.60 2179.45 3847.26 2031.22 3835.58
26071-450-M6-082-00009 0.06298994272947311 2760.80 4774.58 2914.12 4782.77 2906.10 4932.93 2752.78 4924.74
26071-450-M6-082-00009 0.059092927724123 2649.28 1876.30 2800.64 1890.21 2787.01 2038.52 2635.65 2024.61
26071-450-M6-082-00009 0.054141927510499954 4894.28 5753.45 5043.89 5768.60 5028.61 5919.53 4879.00 5904.38
26071-450-M6-082-00009 0.050324082374572754 5242.46 1565.79 5398.05 1583.58 5380.68 1735.45 5225.10 1717.66
26071-750-M6-085-00007 0.12291664630174637 6805.96 5682.23 6888.87 5684.57 6886.68 5762.20 6803.77 5759.86
26071-750-M6-085-00007 0.05835679918527603 6364.56 4160.28 6515.16 4173.82 6501.78 4322.65 6351.18 4309.11
26071-750-M6-085-00007 0.05719669908285141 2913.35 959.56 2990.44 968.91 2981.56 1042.16 2904.47 1032.81
26071-203-M6-337-00031 0.05406641215085983 7066.56 563.43 7099.83 565.60 7092.22 682.21 7058.96 680.04
26071-203-M6-337-00031 0.0508381687104702 7101.49 3714.05 7134.12 3714.63 7131.99 3835.09 7099.36 3834.52
26071-200-M6-052-00150 0.06230435147881508 5037.92 3976.10 5186.19 3994.22 5168.59 4138.21 5020.32 4120.08
26071-200-M6-052-00003 0.06087634339928627 5077.86 2724.98 5194.77 2722.97 5195.33 2755.23 5078.42 2757.24
26071-200-M6-052-00003 0.058912768959999084 5139.89 5484.31 5281.39 5513.96 5251.38 5657.16 5109.88 5627.51
26071-200-M6-052-00003 0.05505278706550598 6233.02 4172.74 6385.70 4180.30 6378.19 4331.74 6225.51 4324.17
26071-200-M6-052-00003 0.052079830318689346 1578.25 2079.43 1732.46 2089.37 1722.77 2239.71 1568.56 2229.77
26071-700-M6-054-00013 0.05710460990667343 4069.91 1581.34 4103.09 1581.85 4101.20 1704.15 4068.02 1703.63
26071-700-M6-054-00036 0.16611255705356598 4757.58 2955.99 4897.17 2962.44 4894.79 3013.93 4755.20 3007.48
26071-700-M6-054-00036 0.11743666231632233 4637.81 5246.17 4706.53 5270.11 4689.06 5320.25 4620.34 5296.31
26071-700-M6-054-00036 0.09613305330276489 4372.94 4497.56 4445.80 4484.06 4462.91 4576.34 4390.04 4589.84
26071-700-M6-054-00036 0.05560288578271866 6304.47 5782.87 6336.97 5783.33 6335.22 5907.16 6302.72 5906.70
26071-500-M6-059-00071 0.07098646461963654 5557.34 3876.30 5680.97 3920.64 5660.18 3978.62 5536.55 3934.29
26071-500-M6-059-00071 0.052353858947753906 3965.95 2073.70 4100.59 2077.00 4098.83 2148.82 3964.18 2145.52
26071-500-M6-059-00116 0.05235133692622185 3284.25 4915.81 3333.15 4917.79 3329.98 4996.03 3281.08 4994.05
26071-550-M6-084-00026 0.06301992386579514 6486.40 5928.96 6579.79 5929.08 6579.73 5976.26 6486.34 5976.14
26071-550-M6-084-00026 0.06278841197490692 4182.15 3406.63 4285.79 3415.88 4278.30 3499.81 4174.66 3490.56
26071-550-M6-084-00026 0.05789604410529137 1820.66 3408.40 1924.62 3415.34 1918.99 3499.65 1815.03 3492.71
26071-200-M6-052-00090 0.17071221768856049 2198.25 4374.34 2266.85 4377.34 2263.08 4463.41 2194.49 4460.41
26071-200-M6-052-00090 0.16090771555900574 5208.64 4376.10 5283.00 4376.06 5283.05 4461.92 5208.68 4461.96
26071-200-M6-052-00090 0.08538556843996048 5489.86 3150.33 5612.82 3148.33 5613.37 3181.63 5490.40 3183.63
26071-200-M6-052-00090 0.07481803745031357 5373.51 4365.25 5493.51 4365.24 5493.51 4398.00 5373.51 4398.00
26071-200-M6-052-00090 0.0717841163277626 3379.53 1095.81 3434.76 1067.35 3479.18 1153.59 3423.96 1182.04
26071-200-M6-052-00090 0.052403971552848816 2480.20 3150.78 2599.12 3148.09 2599.87 3181.17 2480.94 3183.85
26071-600-M6-065-00037 0.058423567563295364 4549.57 6090.09 4684.08 6114.50 4658.45 6255.74 4523.93 6231.33
26071-600-M6-065-00037 0.0531143881380558 2005.88 773.63 2127.82 773.56 2127.84 805.56 2005.90 805.63
26071-600-M6-065-00037 0.05028947442770004 4823.17 4594.46 4856.96 4594.24 4857.72 4712.71 4823.93 4712.92
26071-300-M6-053-00010 0.11535684764385223 4926.59 4302.19 4998.08 4317.39 4980.72 4399.08 4909.22 4383.89
26071-203-M6-320-00042 0.07146939635276794 2609.24 4110.12 2702.03 4112.90 2700.58 4161.47 2607.78 4158.69
26071-203-M6-320-00042 0.055485665798187256 4240.14 2794.84 4369.12 2820.39 4341.85 2958.07 4212.88 2932.53
26071-203-M6-320-00042 0.05482764542102814 2218.69 4112.69 2311.57 4109.40 2313.35 4159.67 2220.47 4162.95
26071-200-M6-052-00540 0.052841220051050186 4362.16 4612.85 4410.41 4607.41 4421.57 4706.39 4373.32 4711.83
26071-203-M6-160-00291 0.0586235448718071 5240.75 6184.36 5393.34 6193.89 5383.82 6346.24 5231.23 6336.70
26071-203-M6-160-00291 0.05521718040108681 2762.39 6182.58 2914.29 6191.98 2904.80 6345.26 2752.91 6335.86
26071-203-M6-060-00001 0.05204189568758011 2169.79 3715.97 2288.75 3714.75 2289.08 3747.59 2170.13 3748.81
26071-200-M6-063-00010 0.11468036472797394 4440.11 2375.33 4501.08 2370.20 4508.29 2455.84 4447.31 2460.97
26071-200-M6-063-00010 0.07294498383998871 5744.11 3847.74 5823.74 3854.79 5816.90 3932.06 5737.27 3925.01
26071-203-M6-325-00013 0.06404280662536621 3410.31 3983.82 3549.16 4007.90 3522.97 4158.92 3384.12 4134.83
26071-300-M6-053-00012 0.05410069599747658 3676.46 6324.58 3819.49 6334.95 3807.96 6493.83 3664.93 6483.45
26071-675-M6-068-00034 0.46017250418663025 3899.38 3353.36 3943.00 3350.13 3947.83 3415.25 3904.21 3418.49
26071-675-M6-068-00034 0.394367516040802 3630.59 5181.43 3671.66 5178.01 3677.48 5247.80 3636.41 5251.23
26071-675-M6-068-00034 0.32842007279396057 3149.05 3353.92 3190.94 3350.20 3196.56 3413.43 3154.67 3417.16
26071-675-M6-068-00034 0.31732460856437683 2877.98 5183.99 2919.23 5179.00 2927.18 5244.80 2885.94 5249.79
26071-675-M6-068-00034 0.158993199467659 4397.07 1583.52 4469.77 1585.69 4467.44 1664.06 4394.74 1661.89
26071-675-M6-068-00034 0.07817430049180984 4778.46 5177.60 4918.71 5214.47 4880.68 5359.12 4740.43 5322.25
26071-675-M6-068-00034 0.07445761561393738 3605.20 3339.79 3651.43 3338.78 3653.47 3431.75 3607.23 3432.77
26071-675-M6-068-00034 0.0658704861998558 3333.92 5448.41 3416.41 5448.98 3415.66 5558.94 3333.17 5558.37
26071-675-M6-068-00034 0.05681782215833664 2553.43 5469.21 2636.15 5472.38 2632.28 5573.40 2549.56 5570.24
26071-675-M6-068-00034 0.053586870431900024 2854.91 3339.57 2901.86 3339.23 2902.53 3432.48 2855.57 3432.82
26071-675-M6-068-00034 0.05148186907172203 5839.65 1852.82 5991.91 1866.76 5977.85 2020.23 5825.60 2006.29
26071-450-M6-082-00031 0.07092255353927612 4215.79 2086.09 4303.33 2110.60 4289.42 2160.26 4201.88 2135.75
26071-450-M6-082-00031 0.06378696858882904 3020.84 4925.54 3072.94 4930.25 3064.69 5021.37 3012.59 5016.66
26071-450-M6-082-00031 0.05320032313466072 3769.84 2834.19 3802.12 2832.97 3806.49 2948.68 3774.21 2949.90
26071-450-M6-082-00031 0.05255390331149101 5242.08 2365.62 5294.68 2379.46 5275.00 2454.22 5222.40 2440.38
26071-200-M6-062-00276 0.09539138525724411 6024.67 4395.01 6117.58 4393.28 6118.45 4440.03 6025.54 4441.76
26071-200-M6-062-00276 0.07850325107574463 6460.07 4392.85 6555.22 4393.87 6554.71 4440.81 6459.57 4439.79
26071-500-M6-059-00011 0.05927816778421402 2958.27 4567.28 3107.10 4589.31 3085.15 4737.51 2936.33 4715.47
26071-600-M6-065-00021 0.15474115312099457 3690.98 5555.48 3816.41 5566.98 3810.62 5630.14 3685.19 5618.64
26071-600-M6-065-00021 0.13201570510864258 5415.95 5567.93 5540.41 5552.93 5547.77 5613.94 5423.31 5628.94
26071-500-M6-059-00013 0.20314542949199677 7395.10 2006.76 7465.35 2010.27 7460.91 2098.94 7390.66 2095.43
26071-500-M6-059-00044 0.19317857921123505 6956.93 5642.24 7027.40 5639.77 7030.93 5740.33 6960.46 5742.81
26071-500-M6-059-00044 0.09938827902078629 4200.22 4975.22 4271.14 4967.30 4281.44 5059.58 4210.52 5067.49
26071-500-M6-059-00044 0.08032786101102829 2651.01 4972.92 2721.45 4969.70 2725.70 5062.60 2655.26 5065.82
26071-500-M6-059-00044 0.05155076086521149 6992.19 5624.52 7034.92 5594.97 7100.03 5689.12 7057.30 5718.67
26071-500-M6-059-00044 0.05048762634396553 2716.54 4915.31 2759.17 4903.58 2789.35 5013.31 2746.72 5025.04
26071-200-M6-052-00093 0.08688697218894958 5078.39 5262.26 5200.66 5263.88 5200.23 5296.08 5077.96 5294.47
26071-200-M6-052-00002 0.1566193401813507 5630.34 4200.74 5709.02 4212.17 5697.75 4289.70 5619.08 4278.27
26071-675-M6-068-10002 0.172245591878891 871.62 4026.48 931.24 4024.29 932.68 4063.55 873.06 4065.74
26071-675-M6-068-10002 0.14338362216949463 868.26 5678.79 927.76 5671.94 932.54 5713.45 873.05 5720.31
26071-675-M6-068-10002 0.10291465371847153 868.85 2379.20 927.17 2372.50 931.77 2412.44 873.45 2419.15
26071-675-M6-068-10002 0.09667263180017471 3705.90 3748.71 3787.77 3753.36 3784.12 3817.56 3702.26 3812.91
26071-675-M6-068-10002 0.07681506127119064 2408.86 3753.46 2492.37 3752.26 2493.27 3814.41 2409.75 3815.61
26071-675-M6-068-10002 0.06808022409677505 2232.80 5361.22 2322.59 5358.33 2324.71 5424.21 2234.93 5427.10
26071-675-M6-068-10002 0.05925959348678589 3557.61 5355.08 3636.62 5364.58 3629.21 5426.21 3550.20 5416.71
26071-750-M6-085-00012 0.24017322063446045 1161.15 2341.43 1197.61 2340.63 1200.01 2450.35 1163.55 2451.14
26071-750-M6-085-00012 0.09818121790885925 7948.44 2380.64 7997.95 2382.37 7995.08 2464.57 7945.57 2462.84
26071-750-M6-085-00012 0.07491108775138855 1350.61 2474.27 1433.11 2474.25 1433.12 2513.06 1350.62 2513.08
26071-750-M6-085-00012 0.07402591407299042 6013.04 4274.61 6165.70 4283.98 6156.61 4432.08 6003.95 4422.71
26071-750-M6-085-00012 0.05259710177779198 6632.89 3878.62 6787.86 3886.49 6780.15 4038.43 6625.18 4030.56
26071-750-M6-085-00012 0.0515558198094368 3710.72 6030.91 3833.50 6037.35 3824.54 6207.91 3701.77 6201.47
26071-750-M6-085-00012 0.0513615682721138 4019.61 4569.73 4170.68 4583.69 4156.42 4737.89 4005.36 4723.92
