26071-200-M6-052-00001 0.05799417570233345 3437.26 2850.90 3528.19 2852.63 3527.57 2885.12 3436.64 2883.39
26071-200-M6-052-00001 0.05446620658040047 3473.78 2875.00 3507.00 2873.90 3510.48 2979.03 3477.26 2980.13
26071-500-M6-059-00017 0.14986038208007812 4479.82 2151.89 4584.63 2153.55 4584.12 2185.93 4479.31 2184.26
26071-500-M6-059-00017 0.08669868111610413 2965.59 4889.31 3094.69 4889.23 3094.71 4921.52 2965.61 4921.59
26071-500-M6-059-00017 0.08121341466903687 5710.08 875.35 5742.15 874.30 5745.96 991.36 5713.89 992.40
26071-500-M6-059-00017 0.07766648381948471 5783.93 4969.88 5906.98 4965.68 5908.09 4998.09 5785.04 5002.30
26071-500-M6-059-00017 0.07463303208351135 3780.20 4968.97 3898.96 4968.26 3899.16 5001.34 3780.40 5002.05
26071-500-M6-059-00017 0.07355602830648422 1771.74 4969.14 1891.59 4968.30 1891.82 5001.04 1771.97 5001.89
26071-500-M6-059-00017 0.0611988827586174 4058.21 2546.59 4176.83 2544.79 4177.32 2577.12 4058.71 2578.92
26071-500-M6-059-00017 0.055471375584602356 3764.28 1084.95 3796.65 1085.67 3793.97 1206.29 3761.60 1205.57
26071-500-M6-059-00017 0.05486839637160301 4090.90 4652.35 4124.10 4651.29 4128.02 4773.97 4094.83 4775.03
26071-500-M6-059-00017 0.05392368137836456 6098.18 4654.41 6131.64 4652.83 6137.17 4770.43 6103.71 4772.01
26071-500-M6-059-00017 0.05323408916592598 4719.89 3351.16 4839.22 3348.24 4840.02 3381.19 4720.70 3384.11
26071-500-M6-059-00017 0.05036058649420738 5783.75 5176.08 5906.04 5158.88 5910.68 5191.80 5788.38 5209.01
26071-500-M6-059-00017 0.050221655517816544 3777.63 5174.03 3901.99 5162.65 3904.96 5195.10 3780.60 5206.48
26071-600-M6-066-00012 0.058546628803014755 352.91 5213.38 900.06 5209.37 900.52 5272.06 353.37 5276.07
26071-200-M6-052-00539 0.06723516434431076 2482.79 1638.48 2599.40 1635.84 2600.14 1668.40 2483.53 1671.04
26071-200-M6-052-00539 0.050524402409791946 1947.25 3862.28 1979.88 3861.72 1981.79 3974.11 1949.16 3974.67
26071-500-M6-059-00248 0.08167915791273117 5094.78 4658.87 5195.68 4657.63 5196.08 4689.92 5095.18 4691.16
26071-500-M6-059-00248 0.06382957100868225 6614.91 4636.59 6729.97 4635.16 6730.40 4669.40 6615.33 4670.83
26071-500-M6-059-00248 0.05813281983137131 3124.61 3744.61 3243.22 3759.70 3238.91 3793.56 3120.30 3778.47
26071-500-M6-059-00248 0.05672037601470947 3781.13 3293.34 3900.14 3317.75 3893.77 3348.76 3774.77 3324.34
26071-500-M6-059-00248 0.050170592963695526 6613.46 6171.41 6729.34 6170.86 6729.50 6204.49 6613.62 6205.05
26071-700-M6-054-00246 0.06150184944272041 2914.87 2088.71 3036.77 2091.12 3036.12 2124.12 2914.22 2121.71
26071-500-M6-059-00040 0.054192785173654556 2531.45 1304.41 2607.34 1306.56 2604.06 1422.82 2528.16 1420.67
26071-750-M6-085-00286 0.05605998635292053 353.02 1317.48 899.20 1310.74 899.98 1373.66 353.80 1380.40
26071-750-M6-085-00286 0.055018775165081024 5342.97 3276.57 5389.89 3273.64 5397.57 3396.83 5350.65 3399.76
26071-203-M6-332-00008 0.07863879948854446 3604.28 3611.66 3637.17 3610.08 3641.93 3709.20 3609.04 3710.78
26071-203-M6-332-00008 0.06841202825307846 6004.18 3611.01 6037.01 3609.47 6041.67 3709.25 6008.85 3710.79
26071-203-M6-332-00008 0.06817933917045593 4961.19 3522.57 5010.30 3528.38 4996.85 3642.09 4947.74 3636.28
26071-203-M6-332-00008 0.06351900100708008 3058.96 3593.26 3091.60 3594.12 3088.55 3710.54 3055.91 3709.69
26071-203-M6-332-00008 0.0608878955245018 3695.99 3686.63 3730.39 3687.41 3727.81 3800.42 3693.41 3799.63
26071-203-M6-332-00008 0.05333197861909866 1176.16 3607.66 1209.61 3607.81 1209.16 3707.65 1175.71 3707.50
26071-203-M6-332-00008 0.05069975554943085 7933.94 3588.56 7966.27 3588.87 7965.09 3712.20 7932.76 3711.89
26071-203-M6-332-00008 0.05008888244628906 7992.21 2639.86 8091.48 2641.08 8091.08 2673.82 7991.80 2672.60
26071-200-M6-052-00080 0.06933929026126862 7721.66 1316.47 8261.90 1308.96 8262.78 1372.39 7722.54 1379.90
26071-200-M6-052-00080 0.058814290910959244 2827.19 5014.07 2935.23 5015.44 2934.80 5049.91 2826.75 5048.53
26071-200-M6-052-00080 0.05880497768521309 3752.55 4097.17 3800.82 4094.07 3808.73 4217.18 3760.46 4220.28
26071-200-M6-052-00080 0.056841760873794556 3753.84 3710.61 3801.69 3705.83 3813.28 3821.66 3765.43 3826.45
26071-200-M6-052-00080 0.05416182801127434 7181.91 5620.09 7228.12 5617.96 7232.83 5720.32 7186.63 5722.45
26071-200-M6-052-00080 0.053269803524017334 6723.60 5013.15 6835.55 5015.53 6834.82 5049.84 6722.87 5047.46
26071-200-M6-052-00080 0.05196978151798248 249.75 1314.75 794.55 1313.38 794.71 1375.84 249.91 1377.21
26071-203-M6-321-00604 0.9021034836769104 4603.40 1217.74 4705.03 1216.79 4705.34 1249.31 4603.71 1250.26
26071-203-M6-321-00604 0.060965877026319504 7363.30 682.03 7396.49 682.21 7395.81 802.27 7362.62 802.09
26071-300-M6-053-00309 0.08725285530090332 5652.69 4066.43 5685.32 4066.39 5685.47 4183.04 5652.84 4183.09
26071-300-M6-053-00309 0.07269036769866943 2362.41 2156.89 2479.00 2155.82 2479.31 2189.10 2362.71 2190.17
26071-300-M6-053-00309 0.06734605878591537 6011.40 4773.41 6043.95 4775.67 6035.98 4890.70 6003.44 4888.45
26071-300-M6-053-00309 0.06734441220760345 5434.04 4165.18 5549.16 4163.39 5549.68 4196.81 5434.56 4198.60
26071-300-M6-053-00309 0.06559611111879349 2183.90 4165.14 2301.60 4162.66 2302.29 4195.31 2184.59 4197.79
26071-450-M6-082-00009 0.08028196543455124 6437.94 2093.56 6554.17 2100.24 6552.30 2132.82 6436.07 2126.14
26071-450-M6-082-00009 0.07659976184368134 2394.00 4135.98 2425.26 4136.88 2421.58 4264.41 2390.32 4263.51
26071-450-M6-082-00009 0.07640212774276733 4466.01 1836.16 4595.60 1844.08 4593.66 1875.82 4464.07 1867.90
26071-450-M6-082-00009 0.07556478679180145 3893.50 1932.01 4013.64 1930.02 4014.18 1962.74 3894.04 1964.73
26071-450-M6-082-00009 0.05720009282231331 3305.59 1672.39 3422.87 1670.12 3423.51 1703.10 3306.23 1705.37
26071-450-M6-082-00009 0.0570753738284111 6331.10 2574.53 6458.31 2575.51 6458.06 2607.31 6330.86 2606.33
26071-450-M6-082-00009 0.05475825443863869 2598.29 4306.43 2715.34 4305.89 2715.48 4338.39 2598.43 4338.92
26071-750-M6-085-00007 0.0656946450471878 5680.09 5396.60 5801.70 5385.58 5804.73 5419.03 5683.12 5430.05
26071-750-M6-085-00007 0.060618527233600616 4933.38 3634.31 4965.79 3633.59 4968.00 3732.36 4935.59 3733.08
26071-750-M6-085-00007 0.05150565877556801 6089.49 2062.41 6122.43 2062.20 6123.20 2178.12 6090.27 2178.34
26071-203-M6-337-00031 0.10396675020456314 6946.15 3422.92 6982.61 3424.51 6977.85 3533.35 6941.40 3531.75
26071-203-M6-337-00031 0.08993867039680481 6946.20 541.00 6986.22 543.49 6977.22 687.62 6937.21 685.12
26071-203-M6-337-00031 0.08824937790632248 1664.85 3818.84 1697.12 3817.91 1700.06 3919.56 1667.78 3920.50
26071-203-M6-337-00031 0.08415503799915314 1663.25 4716.48 1695.21 4715.37 1698.75 4816.90 1666.80 4818.01
26071-203-M6-337-00031 0.08290237933397293 6951.41 3698.75 6987.05 3702.72 6973.87 3821.21 6938.23 3817.25
26071-203-M6-337-00031 0.08266254514455795 1663.99 4268.84 1696.04 4267.52 1700.19 4368.09 1668.14 4369.41
26071-203-M6-337-00031 0.08033949881792068 1662.69 5171.11 1694.67 5169.03 1701.11 5268.19 1669.12 5270.26
26071-203-M6-337-00031 0.07416526973247528 1666.07 5375.69 1699.03 5376.55 1696.29 5481.97 1663.33 5481.11
26071-203-M6-337-00031 0.06880112737417221 6946.62 5252.83 6983.81 5254.53 6978.85 5363.43 6941.67 5361.73
26071-203-M6-337-00031 0.0667097270488739 1664.42 2886.49 1697.09 2885.62 1699.80 2987.55 1667.13 2988.42
26071-203-M6-337-00031 0.06373446434736252 1339.13 5224.57 1433.94 5221.98 1435.08 5263.73 1340.27 5266.32
26071-203-M6-337-00031 0.06336849182844162 1339.99 4774.68 1432.42 4771.94 1433.69 4814.67 1341.25 4817.41
26071-203-M6-337-00031 0.06250457465648651 1664.06 5615.80 1696.26 5614.54 1700.24 5716.85 1668.04 5718.10
26071-203-M6-337-00031 0.061097852885723114 1339.22 4324.62 1432.85 4321.70 1434.19 4364.58 1340.56 4367.51
26071-203-M6-337-00031 0.058246903121471405 7065.13 5276.12 7097.20 5277.46 7092.37 5392.36 7060.30 5391.01
26071-203-M6-337-00031 0.05775698646903038 1338.17 3875.63 1431.82 3871.46 1433.71 3913.69 1340.06 3917.87
26071-203-M6-337-00031 0.0574675127863884 3159.19 583.26 3238.73 582.57 3239.15 631.07 3159.61 631.76
26071-203-M6-337-00031 0.057420842349529266 1661.63 2544.28 1693.52 2542.36 1699.46 2641.05 1667.57 2642.97
26071-203-M6-337-00031 0.056615255773067474 1675.38 5449.92 1713.62 5452.63 1704.62 5579.87 1666.38 5577.16
26071-203-M6-337-00031 0.05208151042461395 7063.83 564.48 7096.04 565.04 7094.02 680.46 7061.80 679.89
26071-203-M6-337-00031 0.05199415981769562 4050.97 2255.51 4119.84 2257.56 4118.45 2304.32 4049.57 2302.27
26071-203-M6-337-00031 0.05140746757388115 1340.77 2598.89 1433.97 2594.67 1435.93 2637.90 1342.73 2642.12
26071-203-M6-337-00031 0.05118490010499954 2046.07 5749.40 2159.67 5748.45 2159.92 5778.92 2046.32 5779.87
26071-203-M6-337-00031 0.050285015255212784 1514.40 4794.42 1547.29 4795.34 1543.98 4914.21 1511.09 4913.29
26071-203-M6-332-00001 0.06734324246644974 2364.75 5645.46 2450.60 5641.72 2452.56 5686.69 2366.71 5690.42
26071-203-M6-332-00001 0.06050831079483032 5892.59 1823.90 5992.48 1823.56 5992.58 1855.64 5892.70 1855.97
26071-203-M6-332-00001 0.057900361716747284 4632.08 1823.59 4732.34 1823.88 4732.25 1856.04 4631.98 1855.75
26071-203-M6-332-00001 0.05453796684741974 3792.22 1823.78 3893.42 1823.90 3893.38 1855.97 3792.18 1855.84
26071-203-M6-079-00001 0.17221683263778687 2569.56 3867.47 2601.83 3867.86 2600.60 3969.23 2568.32 3968.84
26071-203-M6-079-00001 0.13688404858112335 2480.09 2921.60 2512.62 2922.70 2509.24 3023.02 2476.70 3021.92
26071-203-M6-079-00001 0.11571994423866272 2903.00 3944.22 2936.73 3945.96 2930.36 4069.96 2896.62 4068.23
26071-203-M6-079-00001 0.10156649351119995 2891.36 4989.04 2951.37 5007.39 2940.52 5042.88 2880.51 5024.52
26071-203-M6-079-00001 0.07570745795965195 2480.59 1036.62 2513.02 1037.42 2510.58 1136.85 2478.15 1136.05
26071-203-M6-079-00001 0.06218279153108597 2530.43 2273.86 2657.81 2275.38 2657.44 2307.10 2530.05 2305.58
26071-203-M6-079-00001 0.05452375113964081 2699.82 5954.67 2732.58 5954.37 2733.68 6071.37 2700.92 6071.67
26071-200-M6-052-00150 0.0981879010796547 4473.27 3043.79 4506.83 3044.17 4505.69 3146.32 4472.13 3145.94
26071-200-M6-052-00150 0.08661499619483948 4494.15 3084.46 4588.39 3090.82 4585.02 3140.88 4490.78 3134.53
26071-200-M6-052-00150 0.08222619444131851 4222.25 5848.78 4272.41 5846.28 4278.92 5976.86 4228.76 5979.36
26071-200-M6-052-00150 0.07797837257385254 2576.58 3043.39 2610.23 3039.77 2620.99 3139.79 2587.34 3143.41
26071-200-M6-052-00150 0.05602596327662468 5520.52 5854.17 5572.48 5852.34 5576.95 5979.52 5524.99 5981.34
26071-700-M6-054-00013 0.05325520783662796 353.02 1549.26 899.56 1552.58 899.18 1615.32 352.64 1612.00
26071-700-M6-054-00036 0.05625176057219505 7595.08 6389.84 8140.03 6395.27 8139.41 6457.67 7594.45 6452.24
26071-600-M6-065-00231 0.08419716358184814 3409.89 3470.18 3510.25 3470.78 3510.06 3503.18 3409.70 3502.58
26071-600-M6-065-00231 0.07943602651357651 3105.69 3817.22 3136.87 3817.81 3134.92 3921.16 3103.74 3920.57
26071-500-M6-059-00071 0.061270128935575485 2834.26 3054.61 2951.76 3055.05 2951.63 3087.97 2834.14 3087.53
26071-500-M6-059-00071 0.05944300442934036 3138.88 2762.49 3170.84 2762.84 3169.51 2886.01 3137.55 2885.67
26071-500-M6-059-00071 0.0557662658393383 6574.39 3459.87 6646.93 3456.61 6652.55 3581.85 6580.01 3585.10
26071-500-M6-059-00071 0.05448418855667114 6313.65 2763.00 6346.33 2763.13 6345.87 2879.27 6313.20 2879.14
26071-500-M6-059-00071 0.053352855145931244 3670.61 3235.74 3702.70 3236.74 3699.03 3354.03 3666.94 3353.02
26071-500-M6-059-00071 0.051902174949645996 3368.27 3527.87 3482.89 3522.43 3484.49 3556.16 3369.87 3561.60
26071-203-M6-320-00008 0.230730801820755 3503.24 5167.68 3535.11 5168.07 3533.54 5297.63 3501.67 5297.24
26071-203-M6-320-00008 0.18241800367832184 5874.22 5086.10 5905.89 5087.23 5901.51 5209.76 5869.84 5208.63
26071-203-M6-320-00008 0.06698407232761383 1584.66 4181.71 1617.38 4183.45 1612.23 4279.96 1579.51 4278.21
26071-500-M6-059-00116 0.247618168592453 3286.91 4912.28 3331.02 4914.20 3327.05 5005.44 3282.94 5003.52
26071-500-M6-059-00116 0.08372423052787781 354.53 6039.17 894.18 6039.29 894.16 6103.30 354.51 6103.18
26071-500-M6-059-00116 0.055765826255083084 3174.44 4613.23 3304.84 4616.14 3303.19 4689.90 3172.79 4687.00
26071-550-M6-084-00026 0.07573521882295609 2824.57 2853.89 2939.27 2852.32 2939.74 2886.48 2825.03 2888.05
26071-550-M6-084-00026 0.05982644855976105 5562.87 3279.83 5595.46 3284.68 5580.62 3384.38 5548.03 3379.53
26071-550-M6-084-00026 0.05452295020222664 4343.82 3427.70 4380.03 3421.77 4398.84 3536.66 4362.63 3542.59
26071-203-M6-337-00007 0.1710221767425537 5197.52 5484.57 5229.78 5486.28 5224.42 5587.38 5192.16 5585.67
26071-203-M6-337-00007 0.17008772492408752 5199.47 2783.02 5231.47 2785.51 5223.57 2886.88 5191.57 2884.39
26071-203-M6-337-00007 0.16688627004623413 3307.80 2740.73 3339.81 2742.96 3333.02 2840.57 3301.01 2838.34
26071-203-M6-337-00007 0.1626730114221573 5193.88 3039.43 5225.83 3037.73 5231.20 3138.68 5199.24 3140.38
26071-203-M6-337-00007 0.150795117020607 3307.59 5440.42 3339.63 5442.54 3333.13 5540.60 3301.09 5538.48
26071-203-M6-337-00007 0.14403720200061798 5193.02 5738.65 5225.23 5739.55 5222.46 5838.26 5190.26 5837.36
26071-200-M6-052-00090 0.26096540689468384 6708.33 1732.41 6830.48 1731.75 6830.65 1764.08 6708.50 1764.74
26071-200-M6-052-00090 0.14624831080436707 3347.15 1323.09 3444.85 1323.22 3444.81 1355.34 3347.11 1355.21
26071-200-M6-052-00090 0.11368589848279953 6360.82 2990.54 6459.95 2994.34 6458.71 3026.80 6359.57 3022.99
26071-200-M6-052-00090 0.08661884069442749 7721.12 1253.75 8272.42 1257.16 8272.04 1319.30 7720.74 1315.89
26071-200-M6-052-00090 0.0851844996213913 7718.27 960.01 8276.30 962.33 8276.05 1022.78 7718.01 1020.47
26071-200-M6-052-00090 0.0644085556268692 2244.70 2826.06 2280.16 2821.75 2294.00 2935.54 2258.55 2939.86
26071-200-M6-052-00090 0.059617847204208374 2825.19 4030.62 2934.91 4033.37 2934.02 4068.80 2824.30 4066.05
26071-200-M6-052-00090 0.05677478387951851 2826.26 3843.68 2944.99 3848.29 2943.61 3883.75 2824.88 3879.14
26071-200-M6-052-00090 0.05263592675328255 6437.47 2831.01 6538.89 2849.67 6532.35 2885.24 6430.93 2866.58
26071-203-M6-320-00061 0.06077612191438675 1472.50 3728.99 1564.00 3722.58 1567.16 3767.55 1475.65 3773.96
26071-600-M6-065-00037 0.06442098319530487 1518.29 4591.57 1550.30 4591.52 1550.49 4712.20 1518.48 4712.25
26071-600-M6-065-00037 0.06132630258798599 353.18 5742.46 896.05 5745.69 895.67 5809.41 352.81 5806.18
26071-600-M6-065-00037 0.05557068809866905 360.02 1016.67 897.66 1021.58 897.10 1083.52 359.46 1078.61
26071-300-M6-053-00010 0.06831524521112442 1929.75 4265.35 2022.90 4263.82 2023.43 4295.62 1930.27 4297.15
26071-203-M6-160-00291 0.10989775508642197 6271.04 6059.32 6400.88 6060.38 6400.62 6093.05 6270.77 6092.00
26071-203-M6-160-00291 0.0737328976392746 1997.55 5286.30 2112.05 5285.89 2112.17 5318.49 1997.66 5318.90
26071-203-M6-160-00291 0.06654148548841476 6266.77 5835.16 6300.13 5835.67 6298.38 5950.12 6265.02 5949.61
26071-203-M6-160-00291 0.05989779904484749 1992.20 1522.27 2025.12 1522.83 2023.12 1640.64 1990.20 1640.08
26071-203-M6-160-00291 0.05791480839252472 1616.54 1519.50 1650.12 1521.74 1642.24 1639.52 1608.66 1637.27
26071-203-M6-160-00291 0.05786443501710892 4925.99 2017.80 5006.50 2014.67 5008.31 2061.46 4927.81 2064.59
26071-203-M6-160-00291 0.05471333861351013 1615.68 2287.37 1648.80 2289.05 1642.77 2407.84 1609.65 2406.16
26071-203-M6-160-00291 0.05089228227734566 3775.69 5833.61 3809.25 5834.94 3804.68 5950.45 3771.12 5949.12
26071-300-M6-053-00008 0.0705815851688385 5262.70 721.43 5296.09 722.04 5293.93 838.78 5260.54 838.16
26071-300-M6-053-00008 0.06481324881315231 2124.29 4577.50 2243.39 4578.42 2243.13 4611.23 2124.03 4610.31
26071-300-M6-053-00008 0.057394787669181824 6236.44 5729.50 6268.65 5729.57 6268.38 5858.02 6236.16 5857.96
26071-300-M6-053-00008 0.05464468151330948 2124.35 1269.47 2243.80 1270.75 2243.45 1303.56 2124.00 1302.28
26071-300-M6-053-00008 0.053952544927597046 5299.52 6542.72 5332.51 6543.55 5329.55 6661.83 5296.56 6661.00
26071-203-M6-060-00001 0.09973491728305817 2071.60 3857.61 2195.93 3858.39 2195.72 3891.34 2071.39 3890.56
26071-203-M6-060-00001 0.07131779938936234 2172.60 3716.09 2289.21 3716.02 2289.24 3748.51 2172.62 3748.59
26071-203-M6-060-00001 0.06646981835365295 2074.08 842.20 2183.78 833.36 2186.38 865.63 2076.68 874.47
26071-203-M6-060-00001 0.062277212738990784 1793.34 5829.60 1910.22 5829.34 1910.29 5862.48 1793.42 5862.75
26071-203-M6-060-00001 0.054900191724300385 1811.66 2524.60 1845.91 2524.14 1847.52 2645.40 1813.27 2645.85
26071-203-M6-060-00001 0.05269697308540344 7596.79 2490.98 8139.30 2498.38 8138.45 2561.10 7595.94 2553.71
26071-203-M6-060-00006 0.06219593808054924 7606.15 6033.16 8146.46 6042.74 8145.33 6106.05 7605.02 6096.47
26071-203-M6-060-00006 0.05533674731850624 3159.48 2871.34 3191.98 2871.05 3192.78 2963.27 3160.28 2963.56
26071-675-M6-068-00041 0.055840473622083664 8027.66 1072.20 8060.78 1074.17 8053.67 1193.77 8020.55 1191.80
26071-300-M6-053-00012 0.08530683815479279 4575.49 5280.08 4675.02 5280.33 4674.94 5312.23 4575.41 5311.99
26071-300-M6-053-00012 0.07228413969278336 6466.56 5280.36 6565.22 5281.17 6564.96 5313.26 6466.29 5312.45
26071-300-M6-053-00012 0.05032924935221672 354.34 4623.82 900.18 4616.46 901.01 4678.28 355.18 4685.64
26071-450-M6-082-00221 0.055560071021318436 7541.56 4892.54 7574.37 4892.34 7575.10 5008.66 7542.29 5008.87
26071-675-M6-068-00034 0.08391642570495605 2316.85 5889.82 2349.18 5890.28 2347.35 6016.76 2315.02 6016.29
26071-675-M6-068-00034 0.08383528888225555 1946.35 1660.65 1978.50 1659.53 1982.97 1787.05 1950.81 1788.18
26071-675-M6-068-00034 0.08315680176019669 3070.86 5889.63 3102.80 5891.41 3095.74 6018.30 3063.79 6016.53
26071-675-M6-068-00034 0.05022359639406204 2466.67 2769.42 2498.82 2769.75 2497.48 2897.55 2465.33 2897.21
26071-200-M6-062-00276 0.059206899255514145 6267.02 4418.16 6300.01 4418.70 6298.14 4533.17 6265.15 4532.63
26071-200-M6-062-00276 0.0513223297894001 3659.24 2145.36 3777.83 2143.61 3778.31 2176.12 3659.72 2177.87
26071-500-M6-059-00011 0.08786267787218094 5924.81 2173.09 5958.35 2173.71 5956.15 2292.54 5922.61 2291.91
26071-500-M6-059-00011 0.0821705088019371 6455.31 2467.56 6487.53 2467.08 6489.32 2584.98 6457.09 2585.47
26071-500-M6-059-00011 0.07030779123306274 4863.82 1586.39 4898.06 1587.98 4892.68 1704.28 4858.44 1702.70
26071-500-M6-059-00011 0.06861817836761475 4558.08 2097.34 4682.39 2095.35 4682.92 2127.97 4558.60 2129.97
26071-500-M6-059-00011 0.06562715768814087 5394.93 1884.00 5429.93 1885.91 5423.71 2000.15 5388.70 1998.24
26071-500-M6-059-00011 0.06533734500408173 6154.47 2769.89 6270.84 2771.00 6270.52 2804.32 6154.15 2803.21
26071-500-M6-059-00011 0.060652777552604675 7323.51 3274.58 7431.63 3276.13 7431.14 3310.20 7323.02 3308.65
26071-500-M6-059-00011 0.057501420378685 6154.10 2983.39 6271.05 2982.09 6271.42 3015.52 6154.47 3016.81
26071-500-M6-059-00011 0.055820222944021225 5622.38 2476.49 5740.59 2472.71 5741.66 2506.03 5623.45 2509.81
26071-500-M6-059-00011 0.05539738014340401 6685.55 3066.39 6804.17 3065.52 6804.41 3098.76 6685.79 3099.63
26071-500-M6-059-00011 0.054135072976350784 5091.36 2179.43 5209.27 2179.19 5209.34 2212.57 5091.43 2212.82
26071-500-M6-059-00011 0.05291081592440605 5088.79 2393.80 5211.99 2391.84 5212.51 2424.53 5089.31 2426.49
26071-500-M6-059-00011 0.05254405364394188 6686.90 3280.32 6806.00 3278.84 6806.41 3311.65 6687.31 3313.13
26071-500-M6-059-00011 0.051819827407598495 4560.15 1883.59 4676.57 1885.10 4676.15 1918.06 4559.72 1916.55
26071-600-M6-065-00021 0.27661147713661194 1390.33 1500.71 1483.91 1500.16 1484.19 1547.51 1390.61 1548.06
26071-600-M6-065-00021 0.09680821001529694 3768.00 3285.23 3799.72 3287.17 3794.24 3377.15 3762.51 3375.21
26071-600-M6-065-00021 0.0878855362534523 7000.52 5370.13 7033.44 5371.51 7027.79 5506.23 6994.87 5504.85
26071-600-M6-065-00021 0.06973844766616821 6669.08 4179.13 6701.11 4179.71 6698.99 4296.81 6666.95 4296.23
26071-600-M6-065-00021 0.05913171544671059 1308.90 1501.93 1406.80 1502.52 1406.52 1549.07 1308.62 1548.48
26071-600-M6-065-00021 0.0567607656121254 3672.82 3333.07 3768.63 3328.15 3770.98 3373.83 3675.17 3378.75
26071-600-M6-065-00021 0.05225459486246109 7611.22 1016.90 8146.67 1020.51 8146.25 1083.40 7610.79 1079.79
26071-600-M6-065-00021 0.05177956819534302 1591.11 1791.89 1709.34 1789.57 1709.99 1822.42 1591.75 1824.74
26071-500-M6-059-00013 0.36862713098526 5648.78 3274.92 5681.55 3277.01 5675.12 3377.44 5642.35 3375.34
26071-500-M6-059-00013 0.08203334361314774 5647.32 2892.78 5679.30 2893.12 5677.89 3024.18 5645.91 3023.83
26071-500-M6-059-00013 0.0719333365559578 2832.54 3339.12 2952.61 3335.39 2953.63 3368.22 2833.56 3371.94
26071-500-M6-059-00013 0.05630461871623993 5799.49 3579.37 5928.08 3581.94 5927.44 3614.35 5798.85 3611.79
26071-500-M6-059-00013 0.05206262320280075 2930.41 4768.32 2976.10 4770.04 2972.47 4866.03 2926.78 4864.30
26071-500-M6-059-00013 0.05042962729930878 6022.99 6291.84 6140.07 6289.15 6140.83 6322.11 6023.75 6324.81
26071-500-M6-059-00044 0.16569432616233826 4977.65 3271.18 5010.25 3270.65 5011.99 3378.62 4979.40 3379.14
26071-500-M6-059-00044 0.07608982175588608 6800.78 696.92 6832.98 698.16 6828.53 813.73 6796.33 812.49
26071-200-M6-052-00093 0.19011026620864868 4478.95 3775.19 4582.42 3777.71 4581.60 3811.45 4478.12 3808.93
26071-200-M6-052-00002 0.06341537833213806 7728.99 6032.13 8273.14 6044.30 8271.72 6107.69 7727.57 6095.52
26071-200-M6-052-00002 0.05176897719502449 1836.14 6069.60 1868.79 6068.66 1872.22 6186.74 1839.57 6187.69
26071-200-M6-052-00002 0.05174373462796211 6889.67 1363.36 6958.10 1368.90 6954.33 1415.43 6885.90 1409.89
26071-200-M6-052-00002 0.050512831658124924 237.45 1902.95 785.07 1908.56 784.44 1970.49 236.81 1964.88
26071-750-M6-085-00012 0.41171905398368835 7171.21 2346.28 7285.17 2346.30 7285.16 2379.05 7171.20 2379.03
26071-750-M6-085-00012 0.11733618378639221 7947.18 2378.85 7997.30 2381.09 7993.40 2468.30 7943.27 2466.05
26071-750-M6-085-00012 0.07763506472110748 3135.27 6346.80 3167.86 6346.02 3170.29 6447.01 3137.69 6447.79
26071-750-M6-085-00012 0.07360182702541351 7899.04 2272.26 7998.96 2272.60 7998.84 2305.90 7898.93 2305.56
26071-750-M6-085-00012 0.06864389777183533 6181.84 6582.89 6214.62 6581.50 6218.92 6682.81 6186.14 6684.20
26071-750-M6-085-00012 0.052612751722335815 896.68 3413.06 1026.08 3419.13 1024.58 3451.15 895.18 3445.08
26071-750-M6-085-00012 0.052278030663728714 6068.74 2062.90 6113.41 2068.82 6101.55 2158.27 6056.89 2152.35
26071-750-M6-085-00012 0.051821477711200714 3887.29 2063.09 3930.10 2071.03 3914.03 2157.70 3871.21 2149.76
26071-750-M6-085-00012 0.05112042278051376 353.04 1321.03 893.50 1308.30 894.98 1371.06 354.52 1383.80
26071-200-M6-062-00277 0.054077375680208206 353.57 1319.91 903.39 1309.45 904.57 1371.57 354.76 1382.04
26071-200-M6-052-00544 0.33856213092803955 1698.15 2669.61 1731.83 2673.00 1720.32 2787.27 1686.64 2783.88
26071-200-M6-052-00544 0.06001290678977966 2049.42 3272.17 2081.00 3267.64 2096.28 3373.99 2064.70 3378.53
26071-200-M6-052-00544 0.05326920002698898 1713.34 2736.74 1806.36 2737.97 1805.74 2784.65 1712.73 2783.42
26071-600-M6-066-00003 0.07470826804637909 2365.97 5205.60 2497.18 5212.06 2493.56 5285.69 2362.35 5279.23
26071-750-M6-085-00309 0.0520947203040123 1754.86 3677.21 1789.73 3676.55 1791.48 3769.90 1756.61 3770.55
