26071-200-M6-052-00001 0.09745444357395172 1682.49 981.06 2051.41 975.06 2052.78 1059.23 1683.86 1065.24
26071-200-M6-052-00001 0.09022518247365952 4574.50 4637.88 4723.29 4647.66 4713.74 4792.92 4564.95 4783.13
26071-200-M6-052-00001 0.07080788910388947 6884.38 1936.08 6918.29 1933.09 6928.92 2053.63 6895.01 2056.62
26071-200-M6-052-00001 0.058202337473630905 4854.86 4629.59 5001.33 4637.79 4992.52 4795.34 4846.04 4787.15
26071-500-M6-059-00017 0.2316654771566391 677.52 3068.96 824.89 3079.43 814.36 3227.48 667.00 3217.01
26071-500-M6-059-00017 0.1541624367237091 3374.07 1957.97 3524.89 1965.24 3517.84 2111.58 3367.01 2104.31
26071-500-M6-059-00017 0.14430706202983856 677.97 3190.64 830.53 3206.04 815.68 3353.21 663.11 3337.81
26071-500-M6-059-00017 0.13365554809570312 660.14 3485.28 823.29 3464.53 842.22 3613.38 679.07 3634.13
26071-500-M6-059-00017 0.13244040310382843 1466.47 6642.22 1769.08 6647.09 1767.84 6724.28 1465.22 6719.41
26071-500-M6-059-00017 0.11713857203722 3080.27 3219.39 3228.02 3235.70 3211.77 3382.90 3064.01 3366.58
26071-500-M6-059-00017 0.11453378200531006 5382.52 1944.96 5533.08 1972.65 5506.68 2116.21 5356.12 2088.53
26071-500-M6-059-00017 0.09321850538253784 4127.53 2727.32 4443.18 2728.58 4442.90 2799.69 4127.25 2798.43
26071-500-M6-059-00017 0.08200579136610031 1723.38 4653.47 1855.84 4631.32 1879.32 4771.67 1746.86 4793.83
26071-500-M6-059-00017 0.08116903901100159 400.14 3468.97 554.33 3496.84 523.24 3668.81 369.05 3640.93
26071-500-M6-059-00017 0.08108117431402206 7100.49 4481.69 7423.01 4492.35 7420.71 4561.96 7098.19 4551.30
26071-500-M6-059-00017 0.06653562933206558 4163.66 1690.83 4348.54 1676.41 4354.83 1757.09 4169.96 1771.51
26071-500-M6-059-00017 0.057629093527793884 3094.22 6410.35 3405.33 6413.13 3404.65 6489.73 3093.54 6486.94
26071-500-M6-059-00017 0.05572962015867233 5221.32 6165.42 5525.04 6180.04 5521.25 6258.73 5217.53 6244.12
26071-500-M6-059-00017 0.05392416939139366 6623.41 2207.63 6796.45 2216.41 6791.34 2317.13 6618.30 2308.36
26071-500-M6-059-00017 0.051216546446084976 5119.46 4763.56 5298.44 4750.37 5305.53 4846.46 5126.55 4859.66
26071-600-M6-066-00012 0.1066683903336525 3673.17 3152.47 3826.74 3165.06 3813.93 3321.22 3660.36 3308.63
26071-600-M6-066-00012 0.08577748388051987 5845.28 4257.32 5966.37 4260.00 5962.83 4420.18 5841.74 4417.50
26071-600-M6-066-00012 0.060888178646564484 3342.03 1786.72 3496.19 1777.12 3505.40 1925.00 3351.24 1934.60
26071-600-M6-066-00012 0.06071431189775467 4185.27 3147.08 4332.79 3176.86 4304.02 3319.39 4156.50 3289.62
26071-600-M6-066-00012 0.060551710426807404 5606.83 2128.11 5728.17 2127.32 5729.27 2298.66 5607.94 2299.45
26071-600-M6-066-00012 0.05952507629990578 7379.73 1773.44 7501.23 1770.41 7505.29 1933.81 7383.79 1936.83
26071-600-M6-066-00012 0.05662127584218979 2407.05 1776.65 2559.49 1780.72 2555.48 1930.71 2403.04 1926.63
26071-600-M6-066-00012 0.055531978607177734 3646.83 1197.11 3800.52 1202.71 3795.01 1353.92 3641.32 1348.32
26071-600-M6-066-00012 0.05074743181467056 4712.48 4648.98 4838.64 4651.12 4837.05 4744.93 4710.89 4742.79
26071-200-M6-052-00539 0.11592431366443634 2442.96 1433.86 2566.49 1469.93 2532.60 1585.99 2409.07 1549.92
26071-200-M6-052-00539 0.09594546258449554 3481.67 1449.90 3618.72 1451.27 3617.52 1570.70 3480.47 1569.32
26071-200-M6-052-00539 0.09392760694026947 2387.99 1311.23 2528.68 1270.23 2575.56 1431.10 2434.87 1472.11
26071-200-M6-052-00539 0.06859598308801651 4524.18 1782.01 4608.95 1779.95 4612.48 1925.40 4527.72 1927.47
26071-200-M6-052-00539 0.06549146771430969 6623.52 6186.35 6656.22 6187.21 6653.03 6309.14 6620.33 6308.28
26071-200-M6-052-00539 0.06382650882005692 6043.72 4467.24 6077.09 4468.50 6072.68 4585.21 6039.31 4583.94
26071-500-M6-059-00248 0.07230940461158752 2174.70 751.76 2328.13 758.24 2321.62 912.19 2168.20 905.71
26071-500-M6-059-00248 0.06186705827713013 6067.85 4166.92 6218.19 4168.84 6215.99 4340.27 6065.66 4338.34
26071-500-M6-059-00248 0.060308732092380524 2174.50 2200.84 2326.80 2215.38 2312.02 2370.10 2159.73 2355.56
26071-500-M6-059-00248 0.05105730891227722 2666.90 5839.66 2816.09 5842.34 2813.38 5993.45 2664.18 5990.77
26071-203-M6-325-00012 0.08809299767017365 1695.27 5067.16 1727.13 5068.24 1723.14 5186.59 1691.28 5185.51
26071-203-M6-325-00012 0.08685603737831116 3975.96 1240.92 4122.47 1237.72 4125.73 1386.94 3979.22 1390.13
26071-203-M6-325-00012 0.07006561011075974 8022.93 5067.10 8055.24 5066.92 8055.91 5185.56 8023.60 5185.74
26071-203-M6-325-00012 0.06892642378807068 3287.66 680.45 3440.67 691.19 3430.20 840.34 3277.19 829.60
26071-203-M6-325-00012 0.06527715176343918 1814.14 3741.66 1847.75 3742.56 1844.52 3863.38 1810.91 3862.48
26071-203-M6-325-00012 0.05558890104293823 3963.08 2799.39 4111.89 2802.22 4109.06 2951.02 3960.26 2948.20
26071-500-M6-059-00040 0.07627682387828827 6960.77 2095.78 7108.69 2093.37 7111.23 2249.29 6963.31 2251.71
26071-500-M6-059-00040 0.06120666116476059 4276.98 2024.38 4429.81 2012.07 4441.61 2158.60 4288.78 2170.90
26071-500-M6-059-00040 0.05603997781872749 3691.97 3587.78 3742.95 3587.58 3743.32 3683.89 3692.35 3684.09
26071-500-M6-059-00040 0.05106385797262192 3940.59 3899.01 4091.48 3909.13 4080.74 4069.36 3929.85 4059.24
26071-203-M6-333-00010 0.07513897866010666 6656.90 289.66 6718.53 289.59 6719.12 825.44 6657.48 825.51
26071-203-M6-333-00010 0.06139163672924042 2429.29 2115.46 2542.88 2103.78 2555.51 2226.59 2441.92 2238.27
26071-203-M6-333-00010 0.058333031833171844 317.79 4219.22 842.12 4230.74 840.72 4294.54 316.39 4283.02
26071-203-M6-333-00010 0.05133655294775963 5149.14 3213.11 5275.03 3206.87 5281.02 3327.59 5155.13 3333.83
26071-750-M6-085-00286 0.06099553778767586 3883.55 2564.89 4036.68 2570.54 4031.15 2720.42 3878.03 2714.78
26071-750-M6-085-00286 0.05271022394299507 5371.08 2393.41 5486.17 2411.61 5480.99 2444.37 5365.90 2426.17
26071-750-M6-085-00286 0.05204057693481445 5374.92 2160.09 5490.18 2155.89 5491.34 2187.72 5376.08 2191.91
26071-550-M6-084-00248 0.16051729023456573 2385.07 5002.95 2647.07 5005.63 2646.17 5093.51 2384.17 5090.83
26071-550-M6-084-00248 0.09281489253044128 2765.03 4260.06 2918.66 4272.63 2905.95 4428.01 2752.32 4415.44
26071-550-M6-084-00248 0.08283772319555283 2346.57 2071.78 2498.00 2073.03 2496.75 2223.71 2345.32 2222.45
26071-550-M6-084-00248 0.07392480969429016 2180.46 5350.94 2330.84 5368.03 2312.97 5525.21 2162.59 5508.11
26071-550-M6-084-00248 0.0567890964448452 2172.96 1727.33 2329.51 1743.63 2312.98 1902.40 2156.43 1886.11
26071-550-M6-084-00248 0.0523902103304863 5484.04 3160.78 5634.55 3174.28 5621.05 3324.79 5470.55 3311.29
26071-203-M6-332-00008 0.07442541420459747 2684.38 3475.14 2716.98 3475.64 2715.14 3595.43 2682.55 3594.93
26071-203-M6-332-00008 0.07041919231414795 7498.46 3474.91 7531.15 3475.67 7528.40 3592.81 7495.71 3592.04
26071-203-M6-332-00008 0.06892331689596176 6973.92 3479.95 7008.44 3481.40 7004.90 3565.85 6970.38 3564.40
26071-203-M6-332-00008 0.06692472845315933 5053.47 3476.18 5086.00 3476.38 5085.27 3597.02 5052.74 3596.82
26071-203-M6-332-00008 0.06481382995843887 2143.08 3473.46 2177.25 3473.82 2176.27 3566.12 2142.11 3565.76
26071-203-M6-332-00008 0.06394007056951523 7766.64 2507.74 7954.56 2487.56 7967.90 2611.80 7779.98 2631.99
26071-203-M6-332-00008 0.060225192457437515 4543.48 3474.76 4576.96 3475.73 4574.27 3568.45 4540.80 3567.48
26071-200-M6-052-00080 0.19904185831546783 7031.50 2429.67 7148.94 2426.79 7149.77 2460.69 7032.33 2463.57
26071-200-M6-052-00080 0.16184987127780914 3604.98 2431.07 3722.69 2426.22 3724.09 2460.28 3606.39 2465.13
26071-200-M6-052-00080 0.10112597793340683 3282.02 5179.68 3329.49 5178.54 3331.59 5265.98 3284.13 5267.13
26071-200-M6-052-00080 0.09750496596097946 6783.43 1506.93 6895.69 1504.02 6896.56 1537.72 6784.30 1540.62
26071-200-M6-052-00080 0.09353377670049667 3356.79 1508.84 3471.02 1504.47 3472.29 1537.66 3358.06 1542.03
26071-200-M6-052-00080 0.08308202773332596 7029.95 2620.66 7149.22 2614.35 7150.98 2647.61 7031.71 2653.91
26071-200-M6-052-00080 0.07866069674491882 2388.43 5241.86 2421.56 5240.13 2428.11 5366.20 2394.98 5367.92
26071-200-M6-052-00080 0.0773204118013382 3603.09 2617.42 3724.60 2618.55 3724.30 2650.96 3602.79 2649.83
26071-200-M6-052-00080 0.07705904543399811 3645.72 2050.12 3716.84 2053.92 3700.87 2352.71 3629.75 2348.91
26071-200-M6-052-00080 0.07615695148706436 6892.95 4849.56 7045.06 4864.14 7030.70 5014.01 6878.58 4999.43
26071-200-M6-052-00080 0.07177705317735672 6524.03 5179.23 6691.89 5169.27 6697.61 5265.72 6529.75 5275.68
26071-200-M6-052-00080 0.07021697610616684 6570.35 1365.63 6743.16 1347.11 6753.82 1446.55 6581.01 1465.07
26071-200-M6-052-00080 0.0666022077202797 1877.11 5919.70 2030.65 5921.41 2028.90 6079.04 1875.36 6077.33
26071-200-M6-052-00080 0.06521760672330856 3471.16 4849.23 3621.97 4867.42 3603.99 5016.52 3453.18 4998.33
26071-200-M6-052-00080 0.06483679264783859 2144.36 5025.99 2270.81 5020.66 2277.39 5176.75 2150.93 5182.08
26071-200-M6-052-00080 0.06357812136411667 5423.61 4841.42 5578.94 4838.45 5581.72 4983.95 5426.39 4986.91
26071-200-M6-052-00080 0.0629199668765068 5430.01 4241.16 5582.06 4243.45 5579.72 4398.99 5427.66 4396.70
26071-200-M6-052-00080 0.059388380497694016 6935.16 4187.24 7082.26 4183.81 7085.86 4338.10 6938.75 4341.53
26071-200-M6-052-00080 0.057683102786540985 6613.98 1879.76 6761.96 1884.69 6756.99 2033.66 6609.01 2028.73
26071-200-M6-052-00080 0.05764210969209671 4196.19 4836.12 4323.20 4838.56 4319.92 5008.81 4192.92 5006.37
26071-200-M6-052-00080 0.057168230414390564 2627.15 3130.24 2661.15 3128.66 2666.80 3250.09 2632.80 3251.67
26071-200-M6-052-00080 0.053004879504442215 1864.66 6195.99 2019.87 6181.06 2037.04 6359.54 1881.83 6374.47
26071-200-M6-052-00080 0.05290886387228966 3519.61 4176.76 3672.76 4195.42 3654.25 4347.32 3501.10 4328.66
26071-200-M6-052-00080 0.05161541700363159 7069.10 2046.42 7141.01 2049.85 7126.18 2360.98 7054.26 2357.55
26071-203-M6-321-00604 0.09291180223226547 6931.11 872.49 7124.04 864.68 7129.01 987.37 6936.08 995.19
26071-203-M6-321-00604 0.062114324420690536 4476.69 1121.73 4588.11 1116.34 4589.71 1149.37 4478.29 1154.77
26071-300-M6-053-00309 0.9929272532463074 5957.71 493.98 6107.20 512.01 6088.78 664.65 5939.30 646.62
26071-300-M6-053-00309 0.9909152388572693 5015.13 595.51 5167.21 622.54 5140.56 772.52 4988.48 745.49
26071-300-M6-053-00309 0.13422082364559174 5453.99 5776.07 5608.15 5732.85 5650.25 5883.01 5496.09 5926.23
26071-300-M6-053-00309 0.11644180119037628 5364.45 3924.77 5512.80 3914.33 5523.45 4065.62 5375.09 4076.06
26071-300-M6-053-00309 0.11220015585422516 7471.22 5984.88 7635.98 5991.80 7628.96 6158.85 7464.20 6151.93
26071-300-M6-053-00309 0.07440711557865143 5755.94 1479.42 5916.33 1478.96 5916.74 1625.89 5756.36 1626.34
26071-300-M6-053-00309 0.05933454632759094 7485.39 5751.39 7635.08 5759.51 7626.48 5918.14 7476.79 5910.02
26071-300-M6-053-00309 0.05422177165746689 4984.15 909.36 5142.83 850.42 5201.42 1008.17 5042.74 1067.11
26071-450-M6-082-00009 0.9939006567001343 2294.73 4769.91 2448.17 4788.66 2429.83 4938.82 2276.39 4920.08
26071-450-M6-082-00009 0.9931480288505554 4888.99 5398.12 5040.54 5407.98 5030.56 5561.35 4879.01 5551.49
26071-450-M6-082-00009 0.9929110407829285 755.29 2719.71 906.07 2723.01 902.76 2874.35 751.97 2871.05
26071-450-M6-082-00009 0.9928748607635498 5539.77 1572.05 5691.91 1584.54 5679.37 1737.35 5527.23 1724.86
26071-450-M6-082-00009 0.9922227263450623 6745.85 3791.21 6900.17 3802.97 6888.75 3952.77 6734.43 3941.00
26071-450-M6-082-00009 0.9916374087333679 637.03 2327.96 790.23 2335.88 782.18 2491.53 628.98 2483.60
26071-450-M6-082-00009 0.9915410876274109 6745.09 4050.76 6897.92 4065.45 6883.27 4217.78 6730.45 4203.09
26071-450-M6-082-00009 0.9914754629135132 4665.68 5399.39 4818.38 5410.73 4807.08 5562.99 4654.38 5551.65
26071-450-M6-082-00009 0.9913070797920227 1749.40 3685.08 1901.33 3697.75 1888.55 3850.92 1736.62 3838.24
26071-450-M6-082-00009 0.9905760288238525 1457.78 3919.43 1610.32 3935.19 1594.92 4084.22 1442.39 4068.46
26071-450-M6-082-00009 0.9904080033302307 2528.46 4980.75 2680.62 4994.90 2666.64 5145.20 2514.48 5131.04
26071-450-M6-082-00009 0.9897841811180115 848.64 2327.34 1002.72 2337.77 992.45 2489.58 838.37 2479.15
26071-450-M6-082-00009 0.9897515773773193 6743.55 4303.89 6895.98 4314.18 6885.71 4466.35 6733.28 4456.05
26071-450-M6-082-00009 0.9896764159202576 1062.23 2324.92 1216.09 2338.34 1202.84 2490.24 1048.98 2476.82
26071-450-M6-082-00009 0.9879961609840393 1067.67 3008.82 1221.01 3027.06 1202.97 3178.68 1049.63 3160.44
26071-450-M6-082-00009 0.9871516227722168 4949.86 1570.73 5102.75 1584.24 5089.46 1734.63 4936.57 1721.12
26071-450-M6-082-00009 0.9867239594459534 4453.59 5398.65 4605.50 5409.25 4594.84 5561.99 4442.93 5551.38
26071-450-M6-082-00009 0.9859693050384521 5101.75 5400.74 5251.78 5409.02 5243.33 5561.95 5093.31 5553.66
26071-450-M6-082-00009 0.9842265248298645 6305.76 4303.52 6458.78 4311.74 6450.59 4464.40 6297.56 4456.18
26071-450-M6-082-00009 0.24797266721725464 4899.20 5754.36 5037.89 5763.33 5027.32 5926.76 4888.63 5917.79
26071-450-M6-082-00009 0.17331375181674957 4895.64 5893.71 5050.93 5908.90 5035.56 6065.97 4880.27 6050.78
26071-450-M6-082-00009 0.15654504299163818 2758.70 4776.06 2911.97 4772.57 2915.43 4924.45 2762.16 4927.94
26071-450-M6-082-00009 0.14967213571071625 1223.63 6393.94 1377.35 6394.53 1376.74 6554.36 1223.01 6553.76
26071-450-M6-082-00009 0.14293663203716278 6307.77 4448.29 6458.82 4462.52 6444.52 4614.16 6293.48 4599.92
26071-450-M6-082-00009 0.12222138792276382 6079.70 5738.55 6198.67 5733.43 6205.98 5903.32 6087.01 5908.44
26071-450-M6-082-00009 0.10891354829072952 6278.81 4244.19 6510.58 4259.50 6507.44 4307.03 6275.67 4291.71
26071-450-M6-082-00009 0.10848334431648254 4298.58 4675.32 4451.28 4685.39 4441.08 4840.06 4288.38 4829.99
26071-450-M6-082-00009 0.10618334263563156 4761.90 6067.59 4904.05 6070.59 4900.96 6216.88 4758.82 6213.88
26071-450-M6-082-00009 0.09181306511163712 629.73 2278.46 784.54 2272.73 786.33 2321.06 631.52 2326.80
26071-450-M6-082-00009 0.08685302734375 4929.62 1521.04 5118.61 1524.21 5117.83 1571.07 4928.84 1567.90
26071-450-M6-082-00009 0.07815315574407578 6310.88 5395.94 6460.94 5409.97 6446.68 5562.47 6296.62 5548.44
26071-450-M6-082-00009 0.07486961036920547 1231.00 6106.83 1385.96 6123.37 1369.55 6277.12 1214.59 6260.58
26071-450-M6-082-00009 0.07203055173158646 7086.16 5372.03 7448.68 5360.11 7452.81 5485.78 7090.29 5497.70
26071-450-M6-082-00009 0.06755731999874115 2030.51 3699.83 2192.74 3688.37 2203.39 3838.99 2041.16 3850.45
26071-450-M6-082-00009 0.06217412278056145 6615.75 2442.02 6951.26 2436.64 6953.22 2558.70 6617.71 2564.09
26071-450-M6-082-00009 0.05773904174566269 5838.41 1573.46 5987.81 1584.50 5976.69 1735.17 5827.28 1724.14
26071-450-M6-082-00009 0.056814488023519516 5598.29 5752.55 5750.45 5765.81 5737.27 5917.08 5585.12 5903.83
26071-450-M6-082-00009 0.05673370882868767 1052.84 2279.53 1207.77 2277.75 1208.31 2325.17 1053.39 2326.95
26071-450-M6-082-00009 0.055521901696920395 5243.29 1572.97 5398.27 1581.38 5389.98 1734.24 5234.99 1725.83
26071-450-M6-082-00009 0.05403739586472511 4305.04 4258.58 4460.29 4280.24 4438.55 4436.02 4283.30 4414.35
26071-450-M6-082-00009 0.05023356154561043 3468.69 1389.99 3578.87 1393.41 3575.84 1491.11 3465.66 1487.68
26071-200-M6-052-00552 0.10511675477027893 4193.11 3915.54 4551.25 3925.46 4548.50 4024.69 4190.36 4014.78
26071-200-M6-052-00552 0.056126534938812256 4893.39 3172.67 5021.22 3163.23 5033.66 3331.66 4905.83 3341.11
26071-750-M6-085-00007 0.13439075648784637 6665.73 5753.42 6809.72 5760.08 6802.62 5913.54 6658.63 5906.88
26071-750-M6-085-00007 0.08842839300632477 2612.86 1804.35 2953.42 1792.24 2959.33 1958.50 2618.78 1970.61
26071-750-M6-085-00007 0.08822869509458542 2765.08 1024.78 2919.07 1038.97 2904.81 1193.84 2750.81 1179.65
26071-750-M6-085-00007 0.07601673156023026 6365.73 4157.47 6519.22 4165.57 6511.06 4319.99 6357.58 4311.89
26071-750-M6-085-00007 0.07014497369527817 6508.06 6588.77 6865.76 6588.17 6865.95 6698.57 6508.24 6699.17
26071-750-M6-085-00007 0.06701385229825974 5690.91 2004.65 5837.32 2012.85 5829.10 2159.72 5682.68 2151.52
26071-750-M6-085-00007 0.05842730402946472 4775.37 2565.45 4926.25 2577.70 4913.92 2729.49 4763.04 2717.23
26071-750-M6-085-00007 0.05157335847616196 6366.74 3745.24 6518.07 3751.69 6511.53 3905.12 6360.20 3898.66
26071-203-M6-064-00271 0.06221427023410797 4809.68 5137.70 4995.85 5129.62 5000.38 5234.22 4814.21 5242.29
26071-203-M6-064-00271 0.05393635854125023 969.40 2507.70 1152.06 2510.77 1150.54 2601.14 967.87 2598.07
26071-203-M6-337-00031 0.06253144145011902 1359.01 1350.85 1510.84 1365.28 1496.26 1518.70 1344.43 1504.27
26071-203-M6-332-00001 0.1393008679151535 4885.19 2085.56 5033.75 2099.41 5019.60 2251.20 4871.05 2237.35
26071-203-M6-332-00001 0.09643486142158508 1932.28 5667.52 1964.17 5667.19 1965.39 5786.99 1933.49 5787.31
26071-203-M6-332-00001 0.08843737840652466 5711.55 2094.12 5866.73 2092.40 5868.35 2238.20 5713.16 2239.92
26071-203-M6-332-00001 0.07945343852043152 3612.15 2093.75 3766.80 2092.10 3768.36 2237.70 3613.70 2239.35
26071-203-M6-332-00001 0.0735052227973938 4457.27 2086.52 4610.07 2095.71 4600.86 2248.88 4448.06 2239.69
26071-203-M6-332-00001 0.07340588420629501 7292.46 4231.71 7414.43 4232.79 7412.86 4409.32 7290.89 4408.23
26071-203-M6-332-00001 0.06384710967540741 3871.22 1719.61 3988.85 1722.18 3988.15 1754.30 3870.52 1751.73
26071-203-M6-332-00001 0.06296633183956146 3190.27 2087.37 3347.25 2093.94 3340.84 2247.11 3183.86 2240.55
26071-203-M6-332-00001 0.06288395076990128 5971.43 1719.28 6088.48 1722.23 6087.66 1754.44 5970.62 1751.49
26071-203-M6-332-00001 0.06211239472031593 5293.25 2085.97 5448.42 2095.97 5438.65 2247.77 5283.48 2237.78
26071-203-M6-332-00001 0.06014860421419144 4031.53 2085.73 4183.64 2090.19 4179.04 2246.75 4026.93 2242.28
26071-203-M6-079-00001 0.13275885581970215 4900.17 5095.00 5050.21 5118.04 5026.49 5272.45 4876.45 5249.40
26071-203-M6-079-00001 0.1038908138871193 4900.04 4150.69 5047.85 4182.97 5014.88 4333.91 4867.08 4301.63
26071-203-M6-079-00001 0.07926616072654724 4895.24 257.77 5044.01 272.27 5029.05 425.70 4880.28 411.20
26071-203-M6-079-00001 0.07883261889219284 4896.54 3088.57 5048.33 3110.97 5026.53 3258.67 4874.74 3236.27
26071-203-M6-079-00001 0.07549448311328888 4526.59 4170.23 4678.50 4164.89 4683.87 4317.50 4531.96 4322.85
26071-203-M6-079-00001 0.07508659362792969 4206.80 5085.65 4351.91 5138.16 4299.90 5281.87 4154.80 5229.36
26071-203-M6-079-00001 0.0659041479229927 4529.05 269.81 4679.21 269.58 4679.44 419.69 4529.28 419.92
26071-203-M6-079-00001 0.05162351578474045 4681.20 5753.44 4826.06 5764.82 4814.20 5915.83 4669.34 5904.44
26071-203-M6-079-00001 0.051230624318122864 4206.43 4141.13 4350.87 4192.42 4299.52 4336.99 4155.09 4285.70
26071-203-M6-079-00001 0.05037897452712059 3828.45 2164.48 3979.71 2174.39 3969.72 2326.79 3818.46 2316.88
26071-200-M6-052-00150 0.1525474637746811 5463.56 3971.79 5613.52 3996.76 5588.64 4146.16 5438.68 4121.19
26071-200-M6-052-00150 0.14078618586063385 6166.53 3590.02 6202.20 3588.82 6206.16 3706.38 6170.49 3707.58
26071-200-M6-052-00150 0.10928163677453995 2181.78 511.58 2328.90 527.13 2312.73 680.06 2165.62 664.51
26071-200-M6-052-00150 0.09869924932718277 4498.09 1157.97 4650.40 1180.32 4629.24 1324.49 4476.93 1302.14
26071-200-M6-052-00150 0.09594357013702393 3978.41 1448.21 4131.86 1456.10 4124.01 1608.61 3970.56 1600.72
26071-200-M6-052-00150 0.08369448035955429 2168.66 1465.55 2319.50 1472.61 2312.42 1623.96 2161.57 1616.90
26071-200-M6-052-00150 0.08062775433063507 4842.71 5344.49 4996.18 5349.29 4991.32 5504.64 4837.85 5499.84
26071-200-M6-052-00150 0.07568378746509552 1463.72 2479.06 1539.48 2411.98 1622.80 2506.08 1547.04 2573.16
26071-200-M6-052-00150 0.07297258824110031 7613.62 4773.82 7646.37 4773.90 7646.09 4890.34 7613.34 4890.26
26071-200-M6-052-00150 0.07285848259925842 7330.64 4773.93 7363.48 4774.88 7360.16 4890.06 7327.32 4889.12
26071-200-M6-052-00150 0.057263512164354324 5889.96 3584.10 5922.61 3585.09 5918.91 3706.09 5886.26 3705.09
26071-200-M6-052-00150 0.05667118355631828 4801.34 1135.83 4953.99 1164.27 4925.98 1314.62 4773.33 1286.19
26071-200-M6-052-00150 0.05627158656716347 5953.84 4483.27 6118.10 4470.20 6132.82 4655.26 5968.56 4668.33
26071-200-M6-052-00150 0.05417287349700928 1519.38 1226.67 1552.31 1226.74 1552.05 1349.16 1519.12 1349.09
26071-200-M6-052-00150 0.053367435932159424 4492.43 1436.01 4645.99 1446.28 4635.23 1607.19 4481.67 1596.92
26071-200-M6-052-00003 0.14740943908691406 1581.65 2072.06 1737.36 2084.38 1725.06 2239.85 1569.35 2227.53
26071-200-M6-052-00003 0.06973423808813095 5129.41 5497.98 5285.22 5517.59 5266.47 5666.50 5110.67 5646.89
26071-200-M6-052-00003 0.05946248024702072 3429.67 2475.41 3579.34 2487.52 3567.06 2639.40 3417.38 2627.29
26071-200-M6-052-00003 0.05433795228600502 6708.27 4164.91 6859.66 4179.54 6844.93 4331.90 6693.55 4317.27
26071-200-M6-052-00003 0.05356406792998314 5959.55 1123.97 6101.18 1127.00 6098.16 1268.54 5956.52 1265.51
26071-200-M6-052-00003 0.05235631763935089 6049.15 3241.23 6422.06 3246.70 6420.94 3323.21 6048.03 3317.74
26071-700-M6-054-00013 0.07802806794643402 4051.15 5982.01 4408.11 5981.85 4408.19 6171.12 4051.23 6171.27
26071-700-M6-054-00013 0.07210709899663925 3568.90 2671.06 3733.38 2671.52 3732.90 2841.40 3568.41 2840.93
26071-700-M6-054-00013 0.06815939396619797 3882.31 1573.44 3915.61 1574.43 3911.95 1698.41 3878.64 1697.42
26071-700-M6-054-00013 0.06749186664819717 4069.91 1581.34 4103.09 1581.85 4101.20 1704.15 4068.02 1703.63
26071-700-M6-054-00013 0.06343132257461548 4073.10 2181.79 4105.92 2183.49 4100.21 2293.51 4067.39 2291.81
26071-700-M6-054-00013 0.05730031803250313 3268.27 1573.71 3301.27 1575.11 3295.93 1700.53 3262.94 1699.13
26071-700-M6-054-00013 0.05700705200433731 3884.12 3466.72 3917.45 3468.72 3910.19 3589.85 3876.86 3587.85
26071-700-M6-054-00013 0.05588581785559654 3883.40 2167.57 3916.98 2169.33 3910.61 2291.07 3877.03 2289.32
26071-700-M6-054-00013 0.05476870387792587 3588.11 4575.55 3741.53 4586.35 3730.99 4736.12 3577.56 4725.32
26071-700-M6-054-00013 0.054733600467443466 5286.27 3278.86 5438.31 3277.80 5439.34 3427.40 5287.30 3428.45
26071-700-M6-054-00013 0.053528230637311935 4074.52 4072.21 4107.60 4074.90 4098.91 4181.55 4065.83 4178.85
26071-700-M6-054-00013 0.05338679999113083 3882.61 5947.56 3916.14 5948.82 3911.58 6069.49 3878.05 6068.22
26071-700-M6-054-00013 0.05281424522399902 4072.28 3480.99 4105.51 3482.53 4100.43 3591.56 4067.20 3590.01
26071-700-M6-054-00013 0.052011530846357346 4048.64 2209.06 4409.48 2213.09 4407.61 2379.84 4046.77 2375.82
26071-700-M6-054-00013 0.05058589577674866 3716.79 3279.93 3868.16 3282.44 3865.72 3429.84 3714.35 3427.33
26071-700-M6-054-00013 0.05046318471431732 3717.27 3854.95 3868.22 3860.79 3862.31 4013.72 3711.36 4007.89
26071-203-M6-321-00225 0.05159267410635948 6940.78 3383.49 7214.61 3370.86 7218.31 3451.23 6944.49 3463.86
26071-700-M6-054-00036 0.1024613231420517 3196.78 4567.37 3553.71 4572.86 3552.45 4655.22 3195.51 4649.73
26071-700-M6-054-00036 0.08470561355352402 3200.94 5344.97 3560.36 5331.78 3562.93 5401.89 3203.52 5415.07
26071-700-M6-054-00036 0.07821790874004364 3201.99 4099.55 3567.22 4103.68 3566.46 4170.35 3201.23 4166.21
26071-700-M6-054-00036 0.06910008937120438 6074.42 4995.44 6228.19 5009.64 6213.96 5163.65 6060.20 5149.44
26071-700-M6-054-00036 0.06060412526130676 6079.60 3441.45 6223.17 3459.81 6203.14 3616.52 6059.56 3598.16
26071-700-M6-054-00036 0.05724116042256355 5479.58 2071.26 5636.78 2082.03 5626.47 2232.54 5469.27 2221.78
26071-700-M6-054-00036 0.05491449311375618 4463.92 1548.49 4618.21 1537.40 4628.85 1685.30 4474.56 1696.40
26071-700-M6-054-00036 0.05078522861003876 6666.55 5346.96 6816.43 5350.01 6813.44 5496.59 6663.56 5493.54
26071-203-M6-320-00044 0.11637663096189499 2082.81 4028.23 2172.74 4031.27 2168.64 4152.45 2078.71 4149.41
26071-203-M6-320-00044 0.10234921425580978 3524.27 4035.47 3611.28 4035.29 3611.51 4149.75 3524.51 4149.93
26071-203-M6-320-00044 0.06320815533399582 4004.16 4025.00 4094.76 4030.68 4087.02 4154.23 3996.41 4148.55
26071-203-M6-320-00044 0.06227272376418114 1844.83 4023.49 1934.23 4025.24 1931.67 4155.69 1842.27 4153.93
26071-203-M6-320-00044 0.060034897178411484 2323.60 4027.21 2410.73 4028.58 2408.79 4151.85 2321.67 4150.48
26071-203-M6-320-00044 0.05861976742744446 2803.93 4024.96 2894.61 4030.66 2886.78 4155.29 2796.10 4149.59
26071-203-M6-320-00044 0.05800794064998627 3761.03 4027.98 3848.72 4029.07 3847.23 4149.49 3759.53 4148.40
26071-203-M6-320-00044 0.05795986205339432 2562.86 4027.97 2647.10 4030.07 2644.10 4150.65 2559.86 4148.55
26071-203-M6-320-00044 0.05748153477907181 1363.35 4027.19 1447.99 4028.82 1445.63 4151.09 1360.99 4149.46
26071-203-M6-320-00044 0.05372171476483345 1603.29 4024.51 1693.98 4030.17 1686.18 4155.26 1595.49 4149.61
26071-600-M6-065-00231 0.07710782438516617 4183.81 1487.86 4341.22 1495.85 4333.87 1640.73 4176.45 1632.74
26071-600-M6-065-00231 0.05402587354183197 3139.12 1481.92 3288.92 1499.28 3271.33 1651.03 3121.53 1633.67
26071-500-M6-059-00071 0.13945260643959045 4830.21 3437.99 4974.84 3464.57 4947.87 3611.36 4803.23 3584.78
26071-500-M6-059-00071 0.1114930659532547 7254.21 3053.67 7404.63 3063.81 7394.46 3214.61 7244.05 3204.47
26071-500-M6-059-00071 0.10790054500102997 3272.57 3180.43 3413.30 3191.09 3402.34 3335.73 3261.61 3325.07
26071-500-M6-059-00071 0.10223010927438736 5477.94 3441.13 5630.40 3451.47 5619.97 3605.28 5467.51 3594.95
26071-500-M6-059-00071 0.10029426217079163 873.55 5190.39 1027.15 5199.86 1017.83 5350.98 864.23 5341.51
26071-500-M6-059-00071 0.09623609483242035 873.81 4517.16 1028.67 4528.30 1017.94 4677.36 863.08 4666.22
26071-500-M6-059-00071 0.07049587368965149 5467.82 3155.52 5623.47 3161.22 5617.76 3317.15 5462.11 3311.45
26071-500-M6-059-00071 0.06616812199354172 2973.41 4070.20 3128.11 4073.54 3124.84 4224.57 2970.15 4221.23
26071-500-M6-059-00071 0.06232132762670517 2740.92 2711.68 2899.43 2729.28 2883.12 2876.15 2724.62 2858.55
26071-500-M6-059-00071 0.06195267289876938 1411.97 5063.73 1556.45 5057.63 1562.87 5209.54 1418.38 5215.64
26071-500-M6-059-00071 0.05703326687216759 1225.29 5174.70 1373.46 5200.86 1346.90 5351.30 1198.72 5325.13
26071-500-M6-059-00071 0.05156463757157326 5589.72 2066.08 5936.67 2076.30 5934.60 2146.39 5587.66 2136.17
26071-500-M6-059-00071 0.05106859281659126 2976.26 2993.73 3109.73 2980.58 3119.17 3076.33 2985.70 3089.48
26071-500-M6-059-00116 0.15673674643039703 7037.36 2289.31 7375.13 2288.96 7375.22 2375.99 7037.45 2376.34
26071-500-M6-059-00116 0.06315401941537857 3961.53 5642.19 4296.17 5633.67 4298.42 5722.19 3963.78 5730.71
26071-500-M6-059-00116 0.05020240321755409 6412.91 3889.51 6462.12 3891.36 6458.09 3998.74 6408.87 3996.89
26071-550-M6-084-00026 0.07614518702030182 5229.84 2489.12 5379.48 2463.53 5405.91 2618.07 5256.27 2643.67
26071-550-M6-084-00026 0.07238805294036865 2882.08 2472.35 3030.53 2475.01 3027.57 2640.20 2879.12 2637.54
26071-200-M6-052-00090 0.17286470532417297 3192.02 2430.06 3308.98 2426.38 3310.05 2460.43 3193.09 2464.10
26071-200-M6-052-00090 0.16754961013793945 6273.90 2538.65 6380.10 2529.24 6383.06 2562.57 6276.85 2571.98
26071-200-M6-052-00090 0.14059951901435852 6275.77 2348.45 6381.54 2344.58 6382.75 2377.35 6276.97 2381.23
26071-200-M6-052-00090 0.1259082853794098 5086.98 5792.33 5239.07 5809.26 5222.10 5961.68 5070.02 5944.75
26071-200-M6-052-00090 0.12316001951694489 7294.45 4537.43 7395.62 4538.89 7393.10 4713.95 7291.94 4712.50
26071-200-M6-052-00090 0.11534778028726578 3196.18 2230.45 3313.04 2247.66 3308.18 2280.64 3191.33 2263.43
26071-200-M6-052-00090 0.1055128425359726 5749.64 2372.62 5898.78 2360.94 5910.64 2512.45 5761.50 2524.12
26071-200-M6-052-00090 0.0978604331612587 4568.83 3820.05 4720.66 3833.83 4706.93 3985.14 4555.10 3971.35
26071-200-M6-052-00090 0.0970071405172348 5483.22 1544.83 5631.88 1568.48 5607.81 1719.74 5459.15 1696.09
26071-200-M6-052-00090 0.08468455821275711 6799.48 1289.73 6831.99 1290.24 6830.16 1406.27 6797.64 1405.76
26071-200-M6-052-00090 0.0779213011264801 4570.56 3429.78 4725.25 3433.31 4721.70 3588.45 4567.02 3584.92
26071-200-M6-052-00090 0.07612267881631851 6770.94 1179.29 7091.87 1176.97 7092.36 1245.49 6771.44 1247.81
26071-200-M6-052-00090 0.07593981921672821 1638.02 1467.45 1670.23 1467.96 1668.35 1586.54 1636.14 1586.03
26071-200-M6-052-00090 0.07356787472963333 3877.68 2000.16 4030.24 2021.41 4009.33 2171.50 3856.77 2150.24
26071-200-M6-052-00090 0.0691828727722168 4573.90 4411.56 4725.19 4419.92 4716.24 4581.84 4564.95 4573.47
26071-200-M6-052-00090 0.06894165277481079 4504.76 5071.25 4536.97 5069.84 4542.11 5187.09 4509.90 5188.50
26071-200-M6-052-00090 0.06599283963441849 1559.22 3820.97 1713.20 3832.54 1701.60 3986.88 1547.62 3975.30
26071-200-M6-052-00090 0.06573883444070816 6921.23 3953.15 7074.11 3962.15 7064.94 4118.03 6912.06 4109.03
26071-200-M6-052-00090 0.06463590264320374 1731.77 5071.89 1765.45 5072.66 1762.87 5186.63 1729.19 5185.87
26071-200-M6-052-00090 0.06424674391746521 1563.24 4412.89 1718.11 4423.42 1707.12 4584.89 1552.26 4574.35
26071-200-M6-052-00090 0.06356970220804214 1495.46 5071.62 1529.17 5072.21 1527.18 5186.11 1493.47 5185.52
26071-200-M6-052-00090 0.06296202540397644 1065.46 1471.60 1099.30 1469.90 1105.19 1587.04 1071.35 1588.74
26071-200-M6-052-00090 0.05926850438117981 3029.22 3695.85 3061.49 3694.96 3064.82 3814.96 3032.55 3815.86
26071-200-M6-052-00090 0.055582065135240555 4744.40 5067.01 4778.66 5068.21 4774.53 5185.75 4740.27 5184.55
26071-200-M6-052-00090 0.053465936332941055 3001.45 4043.43 3043.91 4040.80 3049.15 4125.56 3006.70 4128.18
26071-200-M6-052-00090 0.05036819726228714 6170.37 5145.97 6325.27 5162.02 6309.81 5311.29 6154.90 5295.24
26071-203-M6-320-00061 0.05075835436582565 1604.52 3954.63 1637.15 3955.43 1634.21 4076.01 1601.58 4075.21
26071-600-M6-065-00037 0.11531328409910202 7658.06 2584.81 7690.33 2584.30 7692.20 2702.04 7659.92 2702.55
26071-600-M6-065-00037 0.096478171646595 1300.21 6235.64 1597.64 6228.03 1600.95 6357.76 1303.53 6365.36
26071-600-M6-065-00037 0.0914483442902565 1058.04 2902.50 1090.23 2902.27 1091.12 3025.07 1058.92 3025.30
26071-600-M6-065-00037 0.09050148725509644 5714.89 2906.47 5865.06 2915.75 5855.48 3070.71 5705.31 3061.42
26071-600-M6-065-00037 0.08143667876720428 1386.29 6388.45 1734.40 6412.61 1726.69 6523.73 1378.57 6499.56
26071-600-M6-065-00037 0.07454312592744827 6372.70 2747.56 6523.31 2776.91 6494.73 2923.57 6344.12 2894.22
26071-600-M6-065-00037 0.06910200417041779 2494.10 2150.33 2642.08 2160.25 2631.85 2313.01 2483.87 2303.10
26071-600-M6-065-00037 0.06396925449371338 7502.95 5057.11 7653.08 5065.14 7645.03 5215.63 7494.89 5207.60
26071-600-M6-065-00037 0.06242132559418678 4538.42 6110.78 4690.91 6123.79 4677.88 6276.58 4525.39 6263.57
26071-600-M6-065-00037 0.0618441216647625 7314.71 2448.32 7463.97 2454.65 7457.61 2604.89 7308.34 2598.57
26071-600-M6-065-00037 0.059519387781620026 2687.94 2081.18 2732.83 2074.22 2745.32 2154.76 2700.43 2161.73
26071-600-M6-065-00037 0.055208683013916016 1529.63 4336.66 1659.61 4341.19 1653.03 4530.24 1523.04 4525.72
26071-300-M6-053-00010 0.1692584902048111 5192.04 1787.74 5341.14 1808.20 5319.61 1965.09 5170.51 1944.63
26071-300-M6-053-00010 0.1678582727909088 5191.50 2081.40 5339.89 2103.08 5317.05 2259.48 5168.65 2237.80
26071-300-M6-053-00010 0.10890434682369232 4559.53 2451.30 4709.67 2454.21 4706.74 2605.40 4556.61 2602.49
26071-300-M6-053-00010 0.07964450865983963 3888.58 3014.59 4020.56 3023.93 4009.30 3183.05 3877.33 3173.72
26071-300-M6-053-00010 0.06491381675004959 4734.67 6380.45 5071.39 6412.41 5055.83 6576.32 4719.11 6544.36
26071-300-M6-053-00010 0.06032579019665718 7331.31 1574.88 7365.16 1576.39 7359.51 1703.32 7325.65 1701.81
26071-300-M6-053-00010 0.05674711987376213 4784.97 4373.48 4939.34 4403.16 4911.36 4548.69 4756.99 4519.01
26071-300-M6-053-00010 0.05270542576909065 4157.96 3253.19 4306.24 3240.09 4313.80 3325.67 4165.52 3338.78
26071-203-M6-160-00291 0.1428457647562027 1281.64 639.44 1431.75 654.49 1416.40 807.56 1266.29 792.51
26071-203-M6-160-00291 0.10590162873268127 2162.24 2149.37 2515.54 2163.13 2511.85 2257.81 2158.55 2244.05
26071-203-M6-160-00291 0.09861598908901215 2158.23 4484.96 2223.50 4491.54 2213.85 4587.29 2148.57 4580.71
26071-203-M6-160-00291 0.09694977849721909 2768.49 6181.59 2920.28 6195.08 2906.91 6345.58 2755.12 6332.09
26071-203-M6-160-00291 0.07510343194007874 1869.29 2058.57 2020.07 2054.40 2024.10 2200.25 1873.32 2204.42
26071-203-M6-160-00291 0.06459560245275497 1287.69 902.55 1433.00 929.75 1405.12 1078.68 1259.82 1051.48
26071-203-M6-160-00291 0.05579696223139763 1865.13 1285.42 2020.08 1272.90 2032.10 1421.68 1877.15 1434.20
26071-203-M6-160-00291 0.052653905004262924 7826.69 3881.60 7949.48 3879.41 7952.37 4041.22 7829.58 4043.41
26071-203-M6-160-00291 0.052412524819374084 5245.54 6178.12 5396.43 6187.26 5386.82 6345.92 5235.94 6336.78
26071-203-M6-160-00291 0.05182719603180885 1237.78 2118.35 1383.84 2121.32 1380.74 2273.53 1234.68 2270.55
26071-600-M6-066-00002 0.0728439912199974 7102.77 3352.95 7254.17 3371.72 7235.63 3521.24 7084.23 3502.47
26071-600-M6-066-00002 0.053936973214149475 4286.19 3513.33 4442.03 3528.10 4427.21 3684.40 4271.37 3669.62
26071-600-M6-066-00002 0.051276903599500656 4913.98 4914.12 5030.09 4916.13 5028.45 5010.71 4912.35 5008.70
26071-300-M6-053-00008 0.06904910504817963 3353.08 4866.06 3500.50 4887.65 3478.13 5040.43 3330.71 5018.85
26071-300-M6-053-00008 0.06306825578212738 4067.44 5097.11 4221.64 5119.27 4199.84 5270.98 4045.65 5248.82
26071-300-M6-053-00008 0.05952712893486023 6485.40 5719.70 6837.75 5729.42 6835.76 5801.47 6483.41 5791.75
26071-300-M6-053-00008 0.05814031884074211 3333.25 4155.93 3484.29 4170.24 3469.76 4323.60 3318.72 4309.29
26071-300-M6-053-00008 0.05659189075231552 4865.38 663.79 5014.86 671.98 5006.66 821.51 4857.18 813.32
26071-203-M6-060-00001 0.11016755551099777 3427.58 5361.99 3574.83 5365.94 3570.84 5514.52 3423.59 5510.57
26071-203-M6-060-00001 0.09253814816474915 2077.88 4689.14 2378.36 4683.68 2380.90 4823.63 2080.42 4829.09
26071-203-M6-060-00001 0.07748159021139145 3879.19 635.38 4027.18 658.88 4002.62 813.53 3854.63 790.03
26071-203-M6-060-00001 0.07255183905363083 2087.13 5628.96 2352.17 5628.46 2352.43 5766.76 2087.39 5767.25
26071-200-M6-063-00010 0.07723743468523026 6792.53 1965.98 7139.13 1963.36 7140.59 2156.12 6793.99 2158.74
26071-200-M6-063-00010 0.0668291226029396 4472.94 2606.87 4583.65 2603.52 4584.64 2636.53 4473.94 2639.87
26071-200-M6-063-00010 0.062223102897405624 6042.24 1769.92 6204.84 1734.70 6233.68 1867.83 6071.08 1903.05
26071-200-M6-063-00010 0.05788825452327728 4298.32 2239.83 4435.35 2257.62 4416.24 2404.78 4279.21 2386.99
26071-200-M6-063-00010 0.05407115817070007 4503.31 2464.92 4610.89 2466.25 4609.79 2554.74 4502.21 2553.41
26071-200-M6-063-00010 0.05319931358098984 5463.44 5712.27 5496.52 5712.43 5495.92 5834.86 5462.85 5834.70
26071-203-M6-060-00006 0.11167603731155396 1355.94 4473.27 1504.61 4499.86 1475.89 4660.47 1327.22 4633.89
26071-203-M6-060-00006 0.09477818012237549 2167.62 5043.82 2318.73 5058.47 2304.29 5207.34 2153.19 5192.69
26071-203-M6-060-00006 0.08478615432977676 2966.27 2387.58 3145.51 2386.22 3146.36 2498.29 2967.12 2499.65
26071-203-M6-060-00006 0.06343578547239304 2464.89 2533.08 2612.83 2536.41 2609.45 2686.41 2461.51 2683.08
26071-203-M6-060-00006 0.06246473267674446 2140.91 4268.77 2302.33 4213.59 2349.53 4351.65 2188.11 4406.83
26071-203-M6-060-00006 0.06204083561897278 2659.89 2970.18 2818.06 2963.03 2825.93 3137.22 2667.76 3144.37
26071-203-M6-060-00006 0.05694393441081047 4173.18 5048.68 4324.63 5048.15 4325.16 5199.76 4173.71 5200.29
26071-203-M6-325-00013 0.1308375746011734 3392.99 3995.11 3546.88 4004.48 3537.53 4157.98 3383.65 4148.61
26071-203-M6-325-00013 0.0911826565861702 6565.10 1794.99 6597.38 1795.31 6596.17 1916.20 6563.89 1915.87
26071-203-M6-325-00013 0.0767647996544838 4664.26 5368.47 4696.58 5368.80 4695.35 5489.13 4663.04 5488.80
26071-203-M6-325-00013 0.052283190190792084 1713.05 3276.91 1891.31 3275.50 1892.24 3393.47 1713.98 3394.88
26071-203-M6-325-00013 0.0520557276904583 3598.95 4881.26 3632.62 4881.74 3630.87 5003.21 3597.21 5002.73
26071-203-M6-325-00013 0.05081317573785782 3391.85 3627.00 3544.41 3650.97 3520.58 3802.62 3368.03 3778.66
26071-300-M6-053-00012 0.11180970072746277 3669.95 6322.71 3820.77 6327.50 3815.80 6483.97 3664.98 6479.18
26071-300-M6-053-00012 0.08238088339567184 2773.26 4553.54 2920.92 4593.81 2882.98 4732.92 2735.32 4692.65
26071-300-M6-053-00012 0.08021736145019531 5492.18 4844.95 5613.43 4842.68 5616.62 5012.56 5495.36 5014.83
26071-300-M6-053-00012 0.07631240040063858 7352.19 970.08 7696.85 972.38 7696.37 1045.35 7351.70 1043.05
26071-300-M6-053-00012 0.07036230713129044 2814.27 1188.28 2961.80 1211.15 2936.27 1375.85 2788.74 1352.99
26071-300-M6-053-00012 0.06360273063182831 6106.87 654.46 6260.65 668.69 6246.46 822.16 6092.67 807.94
26071-300-M6-053-00012 0.06131603196263313 6177.77 885.65 6336.42 871.53 6349.30 1016.18 6190.65 1030.30
26071-300-M6-053-00012 0.057967957109212875 2408.01 1550.26 2561.32 1551.69 2559.82 1712.04 2406.51 1710.61
26071-300-M6-053-00012 0.051465801894664764 4371.79 4476.39 4539.84 4490.78 4530.70 4597.50 4362.65 4583.11
26071-675-M6-068-00034 0.13809533417224884 5840.23 1855.56 5992.07 1868.67 5978.98 2020.35 5827.13 2007.24
26071-675-M6-068-00034 0.10568121820688248 3507.89 1049.71 3647.18 1050.03 3646.86 1191.36 3507.57 1191.05
26071-675-M6-068-00034 0.09240655601024628 2930.16 6008.36 3253.10 6018.79 3250.20 6108.77 2927.26 6098.34
26071-675-M6-068-00034 0.08719930797815323 2327.26 2890.77 2670.61 2899.47 2668.36 2988.64 2325.00 2979.94
26071-675-M6-068-00034 0.080622099339962 5028.43 4713.43 5173.87 4727.69 5159.27 4876.54 5013.83 4862.28
26071-675-M6-068-00034 0.07035307586193085 2677.32 1097.89 2865.33 1098.83 2864.63 1236.57 2676.62 1235.62
26071-675-M6-068-00034 0.06536812335252762 4048.05 675.36 4198.28 670.84 4202.65 816.41 4052.42 820.93
26071-675-M6-068-00034 0.05590444803237915 6074.43 2242.31 6107.38 2242.31 6107.37 2364.10 6074.42 2364.09
26071-675-M6-068-00034 0.050797123461961746 6311.60 2244.26 6344.91 2243.16 6348.91 2363.83 6315.60 2364.94
26071-450-M6-082-00031 0.12788431346416473 3672.87 5174.42 3794.24 5175.29 3793.06 5339.20 3671.70 5338.33
26071-450-M6-082-00031 0.1223427951335907 5584.66 2980.75 5977.86 2987.67 5976.35 3073.56 5583.15 3066.64
26071-450-M6-082-00031 0.11205975711345673 2711.50 1796.78 2881.34 1792.29 2883.85 1887.26 2714.01 1891.75
26071-450-M6-082-00031 0.0714702382683754 4277.22 1873.60 4427.56 1864.57 4436.50 2013.38 4286.16 2022.41
26071-450-M6-082-00031 0.06896118074655533 2982.60 1566.49 3133.67 1565.95 3134.23 1723.72 2983.16 1724.26
26071-450-M6-082-00031 0.06703286617994308 5059.47 2253.67 5213.99 2230.97 5235.19 2375.32 5080.68 2398.02
26071-450-M6-082-00031 0.06601905822753906 1997.54 1877.16 2173.95 1860.83 2183.36 1962.52 2006.95 1978.85
26071-450-M6-082-00031 0.06476175040006638 4871.43 3560.88 5289.90 3567.96 5288.10 3674.17 4869.63 3667.09
26071-200-M6-062-00276 0.10080108046531677 4761.25 2750.87 4911.10 2743.10 4919.18 2898.89 4769.33 2906.66
26071-200-M6-062-00276 0.09119512140750885 1402.83 2055.70 1436.08 2057.45 1429.98 2173.16 1396.74 2171.41
26071-200-M6-062-00276 0.056747131049633026 1768.59 2054.39 1800.87 2055.09 1798.24 2175.95 1765.97 2175.24
26071-500-M6-059-00011 0.10924123227596283 5016.47 1844.31 5166.45 1834.52 5176.09 1982.27 5026.11 1992.05
26071-500-M6-059-00011 0.10270732641220093 6612.43 2734.62 6757.76 2731.78 6760.47 2870.49 6615.14 2873.33
26071-500-M6-059-00011 0.0864599421620369 4483.48 1543.77 4630.38 1554.30 4619.97 1699.57 4473.07 1689.05
26071-500-M6-059-00011 0.0781308114528656 5546.03 2143.61 5695.63 2134.88 5703.93 2277.17 5554.34 2285.90
26071-500-M6-059-00011 0.06809011846780777 7373.43 3080.65 7450.89 3079.91 7451.78 3173.30 7374.32 3174.04
26071-500-M6-059-00011 0.063144251704216 6075.67 2429.97 6229.93 2431.67 6228.32 2577.73 6074.06 2576.03
26071-500-M6-059-00011 0.05994413420557976 2958.27 4567.28 3107.10 4589.31 3085.15 4737.51 2936.33 4715.47
26071-500-M6-059-00011 0.056605998426675797 6893.45 2958.34 7058.75 3013.59 7028.65 3103.62 6863.36 3048.37
26071-500-M6-059-00011 0.05496343970298767 6847.09 2984.64 6898.14 2985.73 6896.03 3084.46 6844.98 3083.38
26071-500-M6-059-00011 0.05471162125468254 4778.06 1784.84 4934.07 1810.62 4922.79 1878.90 4766.77 1853.12
26071-500-M6-059-00011 0.05066285654902458 5157.73 6475.78 5278.70 6471.91 5283.98 6637.08 5163.00 6640.94
26071-600-M6-065-00021 0.14991998672485352 6495.43 6245.82 6826.27 6250.19 6825.03 6344.12 6494.18 6339.74
26071-600-M6-065-00021 0.1217663586139679 1151.09 1370.42 1479.80 1370.80 1479.67 1482.93 1150.96 1482.56
26071-600-M6-065-00021 0.11895937472581863 7153.03 5519.27 7476.79 5503.97 7480.54 5583.32 7156.78 5598.62
26071-600-M6-065-00021 0.09197060018777847 3414.55 3386.26 3762.51 3384.43 3762.96 3470.47 3415.00 3472.30
26071-600-M6-065-00021 0.09171629697084427 7270.46 3370.79 7419.19 3390.71 7399.49 3537.80 7250.76 3517.88
26071-600-M6-065-00021 0.08420053124427795 5197.09 3953.83 5344.56 3963.17 5335.13 4112.14 5187.66 4102.80
26071-600-M6-065-00021 0.06885329633951187 7153.12 4822.68 7531.36 4861.87 7514.06 5028.88 7135.82 4989.69
26071-600-M6-065-00021 0.06465257704257965 1349.72 5397.34 1710.43 5397.91 1710.32 5467.00 1349.61 5466.43
26071-600-M6-065-00021 0.06372510641813278 6720.29 6457.27 7046.61 6458.88 7046.13 6555.03 6719.82 6553.42
26071-600-M6-065-00021 0.06098121404647827 5671.21 3982.57 5819.58 3952.70 5854.09 4124.15 5705.72 4154.01
26071-600-M6-065-00021 0.05771450698375702 6589.67 2150.41 6743.58 2166.96 6727.40 2317.39 6573.49 2300.84
26071-600-M6-065-00021 0.057006508111953735 5355.96 3646.58 5501.69 3643.43 5505.07 3799.81 5359.34 3802.96
26071-600-M6-065-00021 0.05549507960677147 2284.27 3670.00 2440.16 3673.44 2436.89 3821.85 2281.00 3818.41
26071-500-M6-059-00013 0.0862693339586258 5490.15 3387.23 5846.76 3386.62 5846.90 3470.30 5490.29 3470.92
26071-500-M6-059-00013 0.07818379253149033 2788.90 4464.23 2938.66 4492.60 2910.51 4641.22 2760.75 4612.86
26071-500-M6-059-00013 0.07526618987321854 3717.85 4723.92 3864.62 4744.26 3844.13 4892.11 3697.36 4871.76
26071-500-M6-059-00013 0.07418223470449448 2360.89 5284.85 2516.09 5298.42 2503.20 5445.77 2348.00 5432.20
26071-500-M6-059-00013 0.06655298173427582 4015.44 3909.77 4171.93 3898.51 4182.65 4047.42 4026.16 4058.69
26071-500-M6-059-00013 0.06225071847438812 2329.97 4978.04 2481.32 4906.52 2548.95 5049.66 2397.60 5121.18
26071-500-M6-059-00013 0.058151792734861374 3011.21 3265.77 3367.52 3268.22 3366.93 3353.54 3010.63 3351.10
26071-500-M6-059-00013 0.05318945646286011 5467.01 2390.77 5518.89 2391.70 5517.06 2492.70 5465.18 2491.77
26071-500-M6-059-00044 0.09311428666114807 5244.43 1356.42 5619.58 1358.44 5619.05 1456.97 5243.90 1454.95
26071-500-M6-059-00044 0.08183957636356354 1871.83 3953.51 2026.97 3943.72 2037.11 4104.55 1881.97 4114.34
26071-500-M6-059-00044 0.07822806388139725 6246.33 5572.18 6588.38 5566.61 6589.59 5640.86 6247.54 5646.43
26071-500-M6-059-00044 0.07071588933467865 5459.40 3967.73 5611.34 3970.84 5608.38 4115.50 5456.44 4112.39
26071-500-M6-059-00044 0.057916004210710526 7138.32 5563.56 7481.85 5561.99 7482.34 5669.42 7138.81 5670.99
26071-500-M6-059-00044 0.05514921247959137 4475.03 1104.82 4618.25 1088.82 4636.09 1248.55 4492.88 1264.55
26071-500-M6-059-00044 0.05222313851118088 6656.91 882.79 6708.05 881.23 6711.04 979.21 6659.90 980.77
26071-500-M6-059-00044 0.05108359083533287 3283.30 5334.17 3435.31 5340.31 3429.32 5488.45 3277.32 5482.31
26071-200-M6-052-00093 0.16671547293663025 5781.86 3839.74 5903.03 3835.67 5908.63 4002.19 5787.45 4006.26
26071-200-M6-052-00093 0.10117387771606445 5832.55 2754.37 5988.29 2766.61 5976.63 2914.84 5820.90 2902.59
26071-200-M6-052-00093 0.08529122918844223 6795.59 4598.33 7138.65 4604.47 7137.26 4682.36 6794.20 4676.23
26071-200-M6-052-00093 0.08208423852920532 4881.53 1475.11 5019.90 1466.41 5029.68 1621.91 4891.31 1630.61
26071-200-M6-052-00093 0.06639822572469711 2799.67 4773.45 2831.83 4776.28 2821.75 4890.55 2789.59 4887.71
26071-200-M6-052-00093 0.06566382199525833 5351.86 2061.39 5668.81 2063.67 5668.25 2140.61 5351.30 2138.33
26071-200-M6-052-00093 0.06476638466119766 3007.34 4772.24 3040.72 4772.91 3038.35 4890.81 3004.97 4890.14
26071-200-M6-052-00093 0.05641651153564453 6990.49 3360.64 7135.61 3363.69 7132.50 3511.96 6987.38 3508.92
26071-200-M6-052-00093 0.05454425513744354 5276.57 6014.28 5425.74 6010.90 5429.45 6174.38 5280.28 6177.76
26071-200-M6-052-00093 0.05404633283615112 1834.90 2128.31 1953.10 2133.95 1945.28 2297.61 1827.09 2291.97
26071-200-M6-052-00093 0.05175057798624039 6678.34 4235.23 6710.77 4234.59 6713.24 4359.15 6680.82 4359.79
26071-200-M6-052-00002 0.15641354024410248 5479.84 4276.04 5636.70 4286.84 5626.03 4441.80 5469.17 4430.99
26071-200-M6-052-00002 0.08897547423839569 5390.25 5476.07 5423.19 5474.62 5428.88 5603.46 5395.93 5604.91
26071-200-M6-052-00002 0.07713869214057922 5534.75 5679.80 5566.50 5679.58 5567.34 5801.91 5535.59 5802.13
26071-200-M6-052-00002 0.07413755357265472 5859.71 1107.89 6012.46 1105.40 6014.90 1254.93 5862.15 1257.42
26071-200-M6-052-00002 0.0720316544175148 6254.65 1305.80 6570.97 1287.36 6574.63 1350.24 6258.32 1368.68
26071-200-M6-052-00002 0.07191269844770432 7286.35 6175.59 7436.01 6178.30 7433.29 6328.28 7283.64 6325.57
26071-200-M6-052-00002 0.06951989978551865 4836.37 1697.61 4982.77 1693.67 4986.78 1842.81 4840.39 1846.75
26071-200-M6-052-00002 0.06764117628335953 4396.97 2658.03 4543.55 2663.98 4537.35 2816.92 4390.77 2810.98
26071-200-M6-052-00002 0.062076494097709656 1465.86 838.58 1599.15 840.20 1597.34 989.66 1464.05 988.04
26071-675-M6-068-10002 0.055489763617515564 835.43 4171.30 1206.69 4177.15 1204.19 4335.68 832.94 4329.83
26071-750-M6-085-00012 0.9938981533050537 1715.89 4980.16 1867.78 4999.92 1848.05 5151.62 1696.16 5131.87
26071-750-M6-085-00012 0.9934815168380737 4423.31 4688.51 4574.74 4706.76 4556.79 4855.66 4405.36 4837.41
26071-750-M6-085-00012 0.9921233057975769 2837.35 4460.24 2991.21 4480.02 2971.74 4631.50 2817.88 4611.72
26071-750-M6-085-00012 0.9910778999328613 6608.10 4688.37 6759.77 4706.10 6742.38 4854.89 6590.70 4837.16
26071-750-M6-085-00012 0.10799355804920197 7760.98 972.72 7909.12 961.04 7920.83 1109.42 7772.68 1121.10
26071-750-M6-085-00012 0.10208196192979813 4502.89 2774.31 4730.38 2765.67 4733.20 2839.72 4505.70 2848.36
26071-750-M6-085-00012 0.08911921083927155 3715.64 6033.30 3863.96 6049.53 3847.18 6202.89 3698.86 6186.66
26071-750-M6-085-00012 0.08173557370901108 4196.29 6202.04 4355.45 6205.30 4352.33 6357.61 4193.17 6354.36
26071-750-M6-085-00012 0.07796505838632584 4070.83 5751.86 4217.79 5765.67 4203.56 5916.97 4056.61 5903.16
26071-750-M6-085-00012 0.07513472437858582 6534.34 2927.07 6880.39 2921.14 6881.75 3000.30 6535.70 3006.24
26071-750-M6-085-00012 0.07360120862722397 4363.60 2933.43 4698.10 2925.51 4699.67 2991.59 4365.17 2999.52
26071-750-M6-085-00012 0.07071047276258469 6019.20 3916.54 6170.78 3938.54 6149.11 4087.89 5997.53 4065.89
26071-750-M6-085-00012 0.06661084294319153 6014.63 4097.96 6165.92 4112.13 6151.70 4263.90 6000.42 4249.73
26071-750-M6-085-00012 0.06553132832050323 6014.05 4268.55 6170.36 4289.37 6150.34 4439.68 5994.03 4418.85
26071-750-M6-085-00012 0.06518412381410599 6639.41 3877.41 6793.27 3889.67 6781.29 4040.02 6627.43 4027.76
26071-750-M6-085-00012 0.059591278433799744 1189.24 2477.08 1283.46 2467.20 1287.27 2503.55 1193.05 2513.43
26071-750-M6-085-00012 0.0591382272541523 1163.43 3139.99 1309.09 3135.54 1313.66 3285.35 1168.00 3289.80
26071-750-M6-085-00012 0.05841025710105896 3665.10 2268.68 3834.53 2258.57 3840.65 2360.99 3671.21 2371.11
26071-750-M6-085-00012 0.0581611692905426 2289.77 4461.03 2438.80 4463.21 2436.63 4611.21 2287.60 4609.03
26071-750-M6-085-00012 0.05701646953821182 2836.19 4179.36 2986.83 4191.63 2974.50 4343.00 2823.86 4330.73
26071-750-M6-085-00012 0.05688237026333809 7177.76 2921.68 7329.48 2924.59 7326.61 3074.12 7174.88 3071.21
26071-750-M6-085-00012 0.05467577278614044 4843.60 3561.36 4992.32 3554.46 4999.41 3707.08 4850.69 3713.98
26071-750-M6-085-00012 0.053342320024967194 1346.23 4143.98 1533.70 4145.66 1532.85 4239.49 1345.39 4237.81
26071-750-M6-085-00012 0.05285389721393585 1367.55 4512.60 1525.86 4507.27 1528.36 4581.56 1370.05 4586.90
26071-750-M6-085-00012 0.052732501178979874 7192.72 1298.71 7381.18 1316.36 7372.57 1408.28 7184.11 1390.63
26071-750-M6-085-00012 0.052208829671144485 4062.65 1896.59 4239.17 1908.96 4232.03 2010.82 4055.51 1998.45
26071-750-M6-085-00012 0.05049360170960426 6246.53 1897.54 6422.10 1907.13 6416.54 2009.00 6240.97 1999.41
26071-200-M6-062-00277 0.14954684674739838 5604.74 1607.11 5969.02 1614.47 5967.17 1705.94 5602.89 1698.59
26071-200-M6-062-00277 0.14493806660175323 5608.12 1961.56 5967.64 1969.67 5965.64 2058.09 5606.13 2049.98
26071-200-M6-062-00277 0.13968002796173096 4059.36 3031.08 4429.80 3036.72 4428.54 3119.48 4058.10 3113.84
26071-200-M6-062-00277 0.13899382948875427 5605.61 2911.00 5971.19 2917.69 5969.60 3004.27 5604.02 2997.57
26071-200-M6-062-00277 0.11914358288049698 754.60 3622.35 1111.95 3627.07 1111.08 3693.40 753.73 3688.69
26071-200-M6-062-00277 0.11528351902961731 5600.94 2548.96 5974.75 2560.26 5972.02 2650.82 5598.21 2639.52
26071-200-M6-062-00277 0.1142592504620552 4063.05 1614.68 4432.52 1609.20 4433.85 1698.87 4064.38 1704.36
26071-200-M6-062-00277 0.11353643983602524 4070.94 3398.07 4432.97 3367.58 4440.34 3455.01 4078.30 3485.50
26071-200-M6-062-00277 0.1126951202750206 4056.72 2318.86 4427.37 2323.03 4426.39 2410.70 4055.73 2406.54
26071-200-M6-062-00277 0.10898000001907349 4057.12 1967.05 4427.23 1969.50 4426.67 2055.15 4056.55 2052.69
26071-200-M6-062-00277 0.10053422302007675 4062.45 2674.68 4431.88 2682.77 4430.04 2766.63 4060.61 2758.55
26071-200-M6-062-00277 0.09716545045375824 4222.64 5303.35 4402.66 5302.49 4403.21 5417.89 4223.19 5418.75
26071-200-M6-062-00277 0.05828067660331726 7259.92 2557.92 7628.85 2563.83 7627.44 2651.41 7258.51 2645.50
26071-200-M6-062-00277 0.056161537766456604 7256.17 2203.80 7623.12 2203.08 7623.31 2295.57 7256.36 2296.29
26071-200-M6-062-00277 0.052992433309555054 7253.16 1612.18 7621.22 1611.47 7621.40 1703.07 7253.33 1703.78
26071-200-M6-062-00277 0.05078480392694473 3743.81 5306.73 3929.86 5306.10 3930.25 5423.84 3744.21 5424.47
26071-200-M6-062-00277 0.05017102509737015 7259.47 3267.20 7628.24 3270.10 7627.54 3358.44 7258.77 3355.54
26071-200-M6-052-00544 0.09441401809453964 1294.91 4955.05 1418.37 4954.30 1419.44 5129.06 1295.97 5129.81
26071-200-M6-052-00544 0.08950278162956238 2771.90 1681.12 2922.97 1700.98 2902.16 1859.22 2751.09 1839.36
26071-200-M6-052-00544 0.06649874895811081 3560.86 3599.28 3724.34 3581.97 3742.76 3755.91 3579.28 3773.22
26071-200-M6-052-00544 0.055122010409832 4240.40 2964.79 4394.49 2975.16 4384.28 3127.00 4230.18 3116.64
26071-600-M6-066-00003 0.08610334247350693 2768.25 1335.49 2921.07 1348.46 2908.28 1499.21 2755.46 1486.25
26071-600-M6-066-00003 0.0659070536494255 4973.24 5621.81 5123.19 5650.77 5094.16 5801.15 4944.21 5772.19
26071-600-M6-066-00003 0.06570029258728027 1873.78 3869.36 2035.30 3879.69 2025.48 4033.24 1863.96 4022.91
26071-600-M6-066-00003 0.06397698074579239 5793.22 4175.41 5942.93 4197.90 5920.40 4347.90 5770.69 4325.41
26071-600-M6-066-00003 0.06391740590333939 3583.64 5048.23 3741.14 5060.55 3729.49 5209.47 3571.99 5197.14
26071-750-M6-085-00309 0.06667806953191757 7260.19 1281.87 7415.86 1312.38 7385.84 1465.59 7230.17 1435.08
26071-750-M6-085-00309 0.06110493093729019 6378.25 3863.81 6530.18 3872.27 6521.47 4028.68 6369.54 4020.22
26071-750-M6-085-00309 0.05052117258310318 6704.65 3862.84 6854.95 3874.49 6843.40 4023.54 6693.10 4011.89
