26071-200-M6-052-00001 0.050495319068431854 2488.83 3384.27 3069.49 3377.04 3072.01 3579.90 2491.35 3587.13
26071-500-M6-059-00017 0.07247916609048843 3794.42 3732.84 4247.05 3741.67 4243.14 3941.87 3790.51 3933.03
26071-500-M6-059-00017 0.0659196674823761 1743.06 3730.61 2233.38 3748.80 2225.85 3951.66 1735.53 3933.47
26071-500-M6-059-00017 0.05956881493330002 5767.23 3738.46 6258.52 3749.90 6253.89 3948.63 5762.60 3937.18
26071-200-M6-052-00539 0.07146850228309631 3379.31 5392.95 3904.51 5384.64 3907.50 5573.14 3382.29 5581.45
26071-500-M6-059-00248 0.09572362899780273 4586.03 4414.05 5197.10 4420.85 5194.79 4628.14 4583.72 4621.34
26071-550-M6-084-00248 0.0843881145119667 4648.86 3998.02 5174.23 3947.29 5194.11 4153.20 4668.75 4203.94
26071-200-M6-052-00080 0.07185791432857513 6305.57 3807.49 7069.32 3822.41 7064.24 4082.26 6300.49 4067.34
26071-200-M6-052-00080 0.06317487359046936 2919.26 3821.11 3654.73 3850.10 3645.46 4085.16 2909.99 4056.16
26071-300-M6-053-00309 0.06757151335477829 3418.34 3034.87 3980.88 3202.23 3914.98 3423.73 3352.44 3256.37
26071-300-M6-053-00309 0.06349088251590729 3384.05 5226.33 4180.27 5200.34 4186.45 5389.85 3390.24 5415.84
26071-450-M6-082-00009 0.06130477413535118 2430.81 2547.90 2969.52 2511.22 2982.60 2703.26 2443.89 2739.94
26071-450-M6-082-00009 0.05975181609392166 3669.38 4495.21 3854.99 4502.49 3844.88 4759.85 3659.28 4752.56
26071-450-M6-082-00009 0.05222073197364807 2759.79 4771.43 2904.45 4774.07 2901.54 4933.25 2756.88 4930.60
26071-450-M6-082-00009 0.050124846398830414 6304.96 4455.55 6454.80 4474.68 6435.72 4624.15 6285.88 4605.02
26071-200-M6-052-00552 0.05052768439054489 3798.34 2401.71 4254.58 2471.18 4216.17 2723.41 3759.93 2653.95
26071-750-M6-085-00007 0.06692416965961456 3292.11 2613.85 3693.37 2654.19 3683.42 2753.16 3282.17 2712.83
26071-750-M6-085-00007 0.06250374019145966 1691.86 2607.71 2096.67 2638.58 2088.23 2749.28 1683.41 2718.42
26071-750-M6-085-00007 0.05686446279287338 2090.88 2602.37 2595.52 2614.78 2591.02 2798.08 2086.37 2785.67
26071-750-M6-085-00007 0.05643255263566971 3666.79 2596.28 4171.15 2610.67 4165.94 2793.06 3661.58 2778.66
26071-750-M6-085-00007 0.05297392979264259 6362.28 4162.04 6509.15 4168.00 6502.85 4323.46 6355.98 4317.51
26071-203-M6-337-00031 0.06415586918592453 5413.33 1504.77 6067.54 1527.19 6059.22 1770.03 5405.01 1747.61
26071-203-M6-337-00031 0.061663445085287094 5359.37 673.13 5628.26 701.20 5614.91 829.12 5346.01 801.05
26071-203-M6-337-00031 0.056004077196121216 5468.77 1742.86 6106.85 1783.42 6088.38 2074.00 5450.30 2033.44
26071-203-M6-337-00031 0.05544243007898331 4855.81 3179.51 5694.60 3178.81 5694.81 3428.83 4856.02 3429.53
26071-203-M6-337-00031 0.054380323737859726 5460.91 1226.32 5971.30 1210.66 5979.67 1483.45 5469.28 1499.11
26071-203-M6-337-00031 0.05354772135615349 5527.08 2017.85 6032.96 2102.32 5984.94 2389.91 5479.06 2305.44
26071-203-M6-337-00031 0.0526856891810894 5364.40 565.61 5854.92 618.41 5840.31 754.14 5349.79 701.34
26071-203-M6-332-00001 0.09117915481328964 4181.68 2722.61 4609.56 2810.66 4473.19 3473.37 4045.31 3385.32
26071-203-M6-332-00001 0.08908004313707352 3748.53 2770.10 4181.45 2832.37 4084.93 3503.45 3652.01 3441.18
26071-203-M6-332-00001 0.0827271118760109 5858.11 2785.16 6300.58 2869.93 6176.77 3516.21 5734.30 3431.44
26071-203-M6-332-00001 0.07917770743370056 3329.25 2739.14 3755.88 2794.06 3670.71 3455.71 3244.09 3400.79
26071-203-M6-332-00001 0.07780607044696808 5428.96 2742.45 5853.55 2794.19 5773.12 3454.26 5348.52 3402.52
26071-203-M6-332-00001 0.07583869248628616 4792.60 3090.24 5143.05 2832.28 5547.90 3382.29 5197.45 3640.25
26071-203-M6-332-00001 0.07034148275852203 2738.12 3039.11 3153.02 2845.49 3434.59 3448.85 3019.70 3642.48
26071-203-M6-332-00001 0.06682965904474258 4580.85 2772.58 5035.56 2809.47 4979.63 3498.86 4524.93 3461.97
26071-200-M6-052-00150 0.08056777715682983 3438.79 1864.59 3815.69 1875.73 3808.94 2104.03 3432.05 2092.89
26071-200-M6-052-00003 0.077146515250206 4189.08 4634.32 4401.45 4626.88 4416.26 5049.84 4203.89 5057.28
26071-700-M6-054-00036 0.0741356760263443 3976.34 3444.52 4652.68 3416.10 4661.48 3625.57 3985.14 3653.98
26071-600-M6-065-00231 0.05739406496286392 6038.19 3301.41 6550.75 3310.40 6547.48 3497.31 6034.91 3488.32
26071-600-M6-065-00231 0.05007031932473183 6957.55 3295.67 7436.22 3323.25 7426.45 3492.70 6947.78 3465.12
26071-500-M6-059-00071 0.050569891929626465 5521.06 3892.75 5587.20 3859.42 5642.46 3969.07 5576.32 4002.41
26071-500-M6-059-00116 0.05356740579009056 3866.58 4077.79 4485.05 4105.56 4476.77 4289.88 3858.31 4262.11
26071-200-M6-052-00090 0.08233918994665146 2424.92 3375.69 3290.49 3315.09 3310.47 3600.51 2444.90 3661.10
26071-200-M6-052-00090 0.06490973383188248 5443.27 3364.93 6331.42 3336.21 6340.22 3608.30 5452.07 3637.01
26071-300-M6-053-00010 0.06440079212188721 2076.90 4322.10 2693.76 4290.73 2704.18 4495.44 2087.32 4526.82
26071-203-M6-160-00291 0.11495167762041092 2838.03 3547.53 3825.56 3608.10 3809.88 3863.87 2822.34 3803.29
26071-203-M6-160-00291 0.06946823745965958 3027.19 2213.17 3332.30 2240.63 3321.38 2361.84 3016.28 2334.38
26071-200-M6-063-00010 0.05641632154583931 2534.67 3950.37 3087.30 3928.34 3095.03 4122.44 2542.40 4144.47
26071-200-M6-063-00010 0.05183987691998482 6775.74 1787.89 7087.98 1768.57 7095.81 1895.10 6783.57 1914.42
26071-203-M6-060-00006 0.08452387154102325 2678.19 4207.84 3157.29 4211.16 3155.90 4412.96 2676.79 4409.65
26071-203-M6-060-00006 0.08054658025503159 3285.30 4193.92 3762.29 4210.02 3755.40 4414.17 3278.41 4398.07
26071-203-M6-060-00006 0.051118653267621994 5919.43 4096.86 6399.86 4078.50 6406.34 4248.12 5925.92 4266.49
26071-300-M6-053-00012 0.07727937400341034 5124.90 2263.06 5663.25 2265.89 5662.17 2471.09 5123.82 2468.26
26071-300-M6-053-00012 0.07319346815347672 4212.93 3439.97 4488.62 3452.42 4463.89 3999.68 4188.21 3987.22
26071-675-M6-068-00034 0.08438760042190552 2662.88 4850.55 3113.16 4833.67 3120.71 5035.14 2670.43 5052.02
26071-675-M6-068-00034 0.08015009760856628 3413.07 4846.83 3861.74 4844.16 3862.93 5043.72 3414.26 5046.39
26071-450-M6-082-00031 0.08341973274946213 2988.09 3246.71 3549.54 3212.67 3561.29 3406.44 2999.83 3440.48
26071-200-M6-062-00276 0.06294351816177368 6007.52 4118.55 6108.23 4118.10 6109.75 4456.68 6009.04 4457.13
26071-200-M6-062-00276 0.05998161435127258 6463.15 4116.66 6561.83 4120.93 6547.44 4453.66 6448.76 4449.39
26071-200-M6-062-00276 0.05051015689969063 3883.86 4450.03 3984.03 4458.50 3916.06 5262.42 3815.89 5253.95
26071-600-M6-065-00021 0.10287971049547195 2235.26 1468.44 2528.46 1488.48 2520.21 1609.15 2227.01 1589.10
26071-500-M6-059-00013 0.07800163328647614 2882.72 4897.64 3300.91 4897.10 3301.19 5112.86 2883.00 5113.40
26071-500-M6-059-00044 0.05258551985025406 5509.03 1187.49 5611.58 1172.74 5632.97 1321.44 5530.42 1336.19
26071-500-M6-059-00044 0.05230267718434334 1295.41 3575.06 1373.09 3609.40 1330.27 3706.24 1252.59 3671.89
26071-200-M6-052-00093 0.07249683886766434 3960.00 1440.56 4572.70 1383.95 4592.58 1599.08 3979.88 1655.69
26071-200-M6-052-00093 0.06909050047397614 3987.52 4504.41 4612.94 4462.56 4625.81 4654.83 4000.39 4696.68
26071-200-M6-052-00093 0.0683540403842926 3961.04 3802.66 4568.69 3755.25 4583.86 3949.72 3976.21 3997.12
26071-200-M6-052-00093 0.06257522851228714 4002.30 2253.24 4617.82 2231.73 4624.72 2428.99 4009.20 2450.51
26071-200-M6-052-00002 0.06336420029401779 2974.81 3121.08 3543.81 3101.51 3550.75 3303.47 2981.76 3323.04
26071-675-M6-068-10002 0.06486095488071442 4557.17 1586.18 5096.75 1573.13 5100.95 1746.88 4561.38 1759.94
26071-675-M6-068-10002 0.05989848077297211 3750.31 1590.85 4312.60 1578.94 4316.14 1746.25 3753.85 1758.16
26071-750-M6-085-00012 0.10840155184268951 5075.58 4241.09 5501.88 4245.10 5499.85 4460.18 5073.56 4456.18
26071-750-M6-085-00012 0.1078757718205452 7248.43 4243.92 7678.25 4245.87 7677.30 4454.52 7247.48 4452.56
26071-750-M6-085-00012 0.079759880900383 2340.29 4250.47 2811.84 4269.82 2804.31 4453.38 2332.76 4434.03
26071-750-M6-085-00012 0.07632874697446823 3109.12 4255.49 3587.82 4260.82 3585.63 4457.33 3106.93 4452.00
26071-750-M6-085-00012 0.054956190288066864 1635.32 2043.55 1794.15 2067.69 1765.29 2257.51 1606.47 2233.37
26071-750-M6-085-00012 0.050500623881816864 1004.93 2101.04 1187.72 1989.95 1362.16 2276.99 1179.37 2388.08
26071-750-M6-085-00309 0.05501868203282356 2953.85 3626.86 3134.80 3635.96 3126.21 3806.73 2945.26 3797.64
26071-750-M6-085-00309 0.053042277693748474 2978.89 2415.05 3566.61 2416.85 3566.23 2542.17 2978.50 2540.37
