26071-200-M6-052-00001 0.06090625002980232 1782.09 1079.79 1873.80 1095.94 1865.54 1142.87 1773.82 1126.73
26071-200-M6-052-00001 0.059559743851423264 3164.31 3626.75 3211.39 3625.34 3211.90 3642.35 3164.82 3643.76
26071-200-M6-052-00001 0.058158326894044876 3164.10 3302.02 3211.80 3301.46 3212.00 3318.65 3164.31 3319.21
26071-500-M6-059-00017 0.07265052199363708 7062.35 4918.69 7109.99 4917.59 7110.38 4934.60 7062.74 4935.70
26071-500-M6-059-00017 0.05383409187197685 7174.64 4433.82 7270.97 4425.52 7275.05 4472.89 7178.72 4481.18
26071-600-M6-066-00012 0.06459669023752213 3164.13 3768.18 3211.44 3768.10 3211.47 3785.66 3164.16 3785.74
26071-200-M6-052-00539 0.10740021616220474 3212.13 5374.48 3390.39 5380.10 3384.24 5575.52 3205.97 5569.90
26071-203-M6-325-00012 0.06378182023763657 1801.36 4339.48 1891.46 4376.09 1873.58 4420.07 1783.49 4383.47
26071-500-M6-059-00040 0.0678425207734108 6834.61 2159.67 6940.92 2149.26 6956.52 2308.59 6850.21 2319.00
26071-500-M6-059-00040 0.06471477448940277 2065.70 1685.84 2168.50 1673.08 2188.35 1833.12 2085.55 1845.87
26071-500-M6-059-00040 0.05231975391507149 2498.58 1347.98 2555.11 1299.23 2637.92 1395.24 2581.38 1443.99
26071-203-M6-333-00010 0.05938778817653656 2857.11 4141.82 2904.52 4142.66 2904.21 4160.09 2856.80 4159.25
26071-203-M6-333-00010 0.05504767224192619 3756.70 5521.28 3804.72 5522.28 3804.36 5539.68 3756.33 5538.68
26071-550-M6-084-00248 0.07220542430877686 5080.40 3966.78 5266.40 3942.20 5293.71 4148.83 5107.72 4173.41
26071-550-M6-084-00248 0.06388380378484726 4664.51 4216.80 4711.64 4215.94 4711.96 4233.58 4664.84 4234.44
26071-203-M6-332-00008 0.18953004479408264 7002.65 3596.65 7184.07 3597.69 7182.87 3808.19 7001.45 3807.16
26071-203-M6-332-00008 0.16386215388774872 2182.17 3581.56 2344.59 3593.18 2329.86 3798.96 2167.44 3787.34
26071-203-M6-332-00008 0.16327059268951416 4581.99 3581.89 4744.62 3593.54 4729.90 3799.09 4567.27 3787.44
26071-203-M6-332-00008 0.05912260338664055 3157.52 2672.41 3204.60 2671.88 3204.80 2689.58 3157.72 2690.11
26071-203-M6-332-00008 0.0584600605070591 1872.03 4941.98 2022.18 4941.42 2022.75 5094.02 1872.60 5094.58
26071-200-M6-052-00080 0.07756206393241882 6757.31 1704.57 6804.92 1705.77 6802.60 1797.34 6755.00 1796.14
26071-203-M6-321-00604 0.06071920692920685 4658.94 1198.48 4707.87 1201.97 4706.62 1219.43 4657.69 1215.94
26071-300-M6-053-00309 0.09328527003526688 5383.55 3452.32 5474.74 3443.29 5479.49 3491.24 5388.29 3500.26
26071-450-M6-082-00009 0.0561513714492321 5137.40 4446.70 5292.63 4475.26 5263.51 4633.55 5108.28 4605.00
26071-203-M6-064-00271 0.06735200434923172 3458.93 4600.85 3506.04 4600.58 3506.14 4617.50 3459.02 4617.77
26071-203-M6-064-00271 0.055344246327877045 3458.87 4571.21 3506.16 4569.69 3506.72 4587.16 3459.43 4588.68
26071-203-M6-064-00271 0.05283821001648903 2255.80 4601.11 2303.27 4600.32 2303.56 4617.51 2256.09 4618.31
26071-203-M6-064-00271 0.052744269371032715 2256.45 4569.82 2303.86 4570.28 2303.70 4587.44 2256.28 4586.98
26071-203-M6-064-00271 0.052265625447034836 6764.63 4600.11 6812.29 4600.11 6812.30 4617.17 6764.63 4617.17
26071-203-M6-337-00031 0.3498193025588989 6413.21 1173.33 6600.71 1168.82 6605.83 1381.58 6418.33 1386.09
26071-203-M6-337-00031 0.28375139832496643 2696.18 1890.40 2893.36 1857.45 2938.88 2129.86 2741.69 2162.81
26071-203-M6-337-00031 0.27962052822113037 2208.69 2512.64 2385.45 2532.38 2361.74 2744.71 2184.98 2724.97
26071-203-M6-337-00031 0.2001836895942688 6451.76 533.38 6629.83 600.52 6559.72 786.45 6381.66 719.31
26071-203-M6-337-00031 0.15370576083660126 2715.98 2241.83 2911.87 2235.22 2921.71 2526.79 2725.82 2533.40
26071-203-M6-337-00031 0.14727981388568878 5398.87 671.56 5528.13 603.91 5656.44 849.07 5527.18 916.72
26071-203-M6-337-00031 0.09386619180440903 3550.75 1289.43 3730.03 1269.33 3754.01 1483.26 3574.73 1503.35
26071-203-M6-337-00031 0.08799377083778381 3549.45 1642.22 3729.48 1622.08 3754.14 1842.54 3574.10 1862.67
26071-203-M6-337-00031 0.0593988299369812 6770.50 6332.21 6791.22 6331.22 6793.48 6378.29 6772.76 6379.28
26071-203-M6-332-00001 0.11624926328659058 4600.04 2999.80 4754.76 3027.49 4715.55 3246.54 4560.83 3218.85
26071-203-M6-332-00001 0.054393116384744644 6001.23 2955.11 6110.10 2910.69 6224.31 3190.63 6115.44 3235.05
26071-203-M6-332-00001 0.054290711879730225 3376.06 3003.42 3499.64 2998.80 3508.91 3246.85 3385.33 3251.47
26071-203-M6-332-00001 0.053473010659217834 3558.02 3043.63 3677.40 3035.89 3689.74 3226.19 3570.36 3233.93
26071-203-M6-332-00001 0.053250785917043686 3899.53 2954.84 4008.18 2909.10 4126.07 3189.17 4017.42 3234.91
26071-203-M6-332-00001 0.05315811187028885 5475.29 3002.97 5598.71 2997.95 5608.70 3243.74 5485.29 3248.76
26071-203-M6-332-00001 0.053012192249298096 5657.31 3043.33 5776.79 3035.06 5790.05 3226.53 5670.56 3234.80
26071-203-M6-332-00001 0.05077197775244713 4734.96 2968.66 4848.45 2915.67 4967.17 3169.98 4853.68 3222.96
26071-200-M6-052-00150 0.973623514175415 5767.69 5860.29 5950.47 5862.43 5947.98 6074.67 5765.20 6072.53
26071-200-M6-052-00150 0.969661295413971 4462.50 5864.26 4645.38 5860.38 4649.84 6070.44 4466.96 6074.33
26071-200-M6-052-00150 0.16388072073459625 3558.96 2929.76 3785.60 2930.92 3784.23 3198.54 3557.59 3197.37
26071-200-M6-052-00150 0.07180730253458023 5574.71 5929.68 5591.93 5929.47 5592.51 5977.22 5575.29 5977.43
26071-200-M6-052-00150 0.061523035168647766 4375.90 2622.52 4393.12 2622.28 4393.76 2669.20 4376.54 2669.43
26071-200-M6-052-00150 0.06018203869462013 4376.01 3094.11 4393.16 3093.49 4394.89 3140.74 4377.74 3141.37
26071-200-M6-052-00150 0.0586097277700901 5634.42 5867.79 5785.07 5852.89 5808.54 6090.11 5657.89 6105.01
26071-200-M6-052-00150 0.05570913851261139 4446.01 5676.80 4561.03 5642.37 4626.95 5862.64 4511.94 5897.06
26071-200-M6-052-00003 0.10584463179111481 2788.49 4536.24 2915.39 4537.79 2914.31 4626.28 2787.41 4624.73
26071-600-M6-065-00231 0.08222099393606186 6696.72 1907.12 6799.14 1906.66 6799.70 2034.23 6697.28 2034.68
26071-600-M6-065-00231 0.06881961226463318 3460.12 5714.63 3506.87 5713.80 3507.17 5730.87 3460.42 5731.70
26071-600-M6-065-00231 0.051158465445041656 3459.95 3455.32 3507.52 3454.81 3507.71 3472.42 3460.13 3472.93
26071-203-M6-320-00008 0.4476185142993927 2449.42 4164.01 2627.39 4165.62 2625.60 4363.57 2447.63 4361.97
26071-203-M6-320-00008 0.14428584277629852 4858.88 4064.19 5039.28 4046.97 5059.87 4262.65 4879.47 4279.87
26071-500-M6-059-00116 0.3812353014945984 5924.20 5562.30 6110.20 5559.24 6113.93 5786.18 5927.93 5789.24
26071-500-M6-059-00116 0.09340137988328934 3578.72 2391.30 3721.45 2378.58 3740.22 2589.30 3597.50 2602.02
26071-500-M6-059-00116 0.0574568435549736 5101.78 1323.03 5179.31 1323.83 5178.40 1412.00 5100.87 1411.19
26071-500-M6-059-00116 0.0508190393447876 4348.24 3275.52 4396.82 3271.68 4402.50 3343.52 4353.91 3347.36
26071-550-M6-084-00026 0.058140017092227936 2977.87 3333.17 3067.80 3328.14 3070.44 3375.48 2980.52 3380.50
26071-200-M6-052-00090 0.05891336500644684 6411.80 5227.73 6463.93 5229.04 6461.83 5312.59 6409.70 5311.28
26071-200-M6-052-00090 0.058851346373558044 1912.75 1207.24 2005.86 1199.95 2009.59 1247.53 1916.47 1254.83
26071-200-M6-052-00090 0.05452904477715492 3163.97 3708.96 3211.72 3708.46 3211.90 3725.72 3164.15 3726.21
26071-203-M6-320-00061 0.06078311800956726 1000.26 3617.06 1144.25 3711.04 1044.55 3863.81 900.55 3769.83
26071-600-M6-065-00037 0.05706227198243141 6875.52 4809.87 6964.31 4803.07 6967.94 4850.54 6879.15 4857.33
26071-600-M6-065-00037 0.05620960518717766 1778.93 2999.25 1869.86 2995.47 1871.86 3043.65 1780.93 3047.42
26071-300-M6-053-00010 0.08825396001338959 1910.53 4311.63 2052.20 4336.29 2018.46 4530.11 1876.79 4505.46
26071-300-M6-053-00010 0.08231598883867264 1977.53 4319.77 2442.57 4305.82 2448.76 4512.11 1983.72 4526.06
26071-300-M6-053-00010 0.07832992076873779 2655.90 4310.62 2829.26 4320.91 2817.02 4527.18 2643.66 4516.89
26071-203-M6-160-00291 0.07274851202964783 3595.52 4944.91 3641.68 4948.96 3633.55 5041.60 3587.38 5037.54
26071-203-M6-160-00291 0.0635545551776886 2693.73 2113.40 2741.39 2114.38 2739.48 2207.75 2691.82 2206.78
26071-600-M6-066-00002 0.0528225302696228 3742.16 2858.01 3759.41 2858.26 3758.69 2905.91 3741.45 2905.66
26071-300-M6-053-00008 0.06248101592063904 2696.03 1523.30 2742.49 1525.12 2738.84 1618.24 2692.38 1616.42
26071-203-M6-060-00001 0.06562342494726181 1924.13 3449.25 2016.39 3447.96 2017.06 3495.46 1924.79 3496.75
26071-200-M6-063-00010 0.1597936749458313 2440.74 3966.12 2628.89 3964.47 2630.64 4165.09 2442.49 4166.74
26071-200-M6-063-00010 0.05193890631198883 3088.50 3965.78 3281.43 3975.42 3271.28 4178.48 3078.35 4168.83
26071-200-M6-063-00010 0.051086943596601486 3163.81 3788.55 3210.85 3785.40 3212.00 3802.63 3164.97 3805.79
26071-203-M6-060-00006 0.06868936866521835 2164.97 5052.21 2314.90 5058.67 2308.68 5202.97 2158.75 5196.51
26071-203-M6-325-00013 0.05156492814421654 6025.26 2465.38 6210.19 2410.42 6256.02 2564.63 6071.08 2619.59
26071-300-M6-053-00012 0.9752909541130066 5810.97 5659.44 5997.50 5661.38 5995.32 5871.47 5808.79 5869.54
26071-300-M6-053-00012 0.9744307994842529 3928.20 5654.49 4114.85 5665.41 4102.40 5878.32 3915.74 5867.40
26071-300-M6-053-00012 0.07939320802688599 6110.49 1006.47 6193.79 999.67 6204.64 1132.68 6121.35 1139.48
26071-675-M6-068-00034 0.06684637069702148 6372.67 1820.90 6523.37 1821.34 6522.92 1974.14 6372.21 1973.70
26071-675-M6-068-00034 0.06180673465132713 1978.96 1741.94 1995.87 1741.95 1995.85 1789.26 1978.94 1789.25
26071-675-M6-068-00034 0.05982505530118942 2855.76 4797.16 2905.81 4797.02 2905.86 4812.32 2855.80 4812.46
26071-200-M6-062-00276 0.06329715251922607 4763.78 3041.49 4910.03 3035.89 4916.21 3197.20 4769.96 3202.80
26071-200-M6-062-00276 0.053327225148677826 2382.13 4601.48 2503.86 4592.59 2509.60 4671.15 2387.86 4680.04
26071-200-M6-062-00276 0.05073726922273636 2375.84 2152.47 2465.31 2146.78 2468.34 2194.40 2378.87 2200.09
26071-500-M6-059-00011 0.0591200552880764 2965.59 4569.47 3100.12 4577.94 3090.60 4728.91 2956.08 4720.44
26071-600-M6-065-00021 0.9758453965187073 5193.82 5365.45 5376.99 5360.00 5383.48 5578.11 5200.31 5583.56
26071-600-M6-065-00021 0.9724742770195007 3462.88 5361.37 3648.61 5366.63 3642.56 5580.07 3456.83 5574.81
26071-600-M6-065-00021 0.07266857475042343 5380.50 2925.15 5493.56 2914.21 5500.73 2988.24 5387.67 2999.19
26071-600-M6-065-00021 0.06869618594646454 2846.70 2906.49 2969.03 2905.93 2969.38 2984.69 2847.05 2985.24
26071-600-M6-065-00021 0.054165974259376526 2964.58 5367.67 3103.99 5365.97 3105.90 5522.23 2966.49 5523.93
26071-500-M6-059-00013 0.08326546102762222 5715.86 1912.45 5815.03 1905.17 5824.60 2035.52 5725.43 2042.80
26071-500-M6-059-00044 0.05168917775154114 5510.06 1190.33 5611.79 1178.75 5629.54 1334.66 5527.81 1346.24
26071-500-M6-059-00044 0.0511692650616169 3875.66 2007.38 3967.29 2005.57 3968.24 2053.38 3876.61 2055.19
26071-200-M6-052-00093 0.08602197468280792 3879.84 4478.41 4071.19 4474.25 4075.65 4678.78 3884.30 4682.95
26071-200-M6-052-00093 0.08512794971466064 3873.48 1475.36 4070.63 1462.41 4084.34 1671.16 3887.18 1684.11
26071-200-M6-052-00093 0.07354750484228134 3939.09 3832.52 4107.15 3828.07 4112.67 4037.00 3944.61 4041.44
26071-200-M6-052-00093 0.05003789812326431 3849.29 2229.36 4026.12 2225.72 4030.94 2460.07 3854.11 2463.71
26071-200-M6-052-00002 0.06221460923552513 3164.17 5751.76 3212.16 5749.91 3212.83 5767.29 3164.84 5769.14
26071-750-M6-085-00012 0.12091828137636185 2999.53 5116.02 3100.44 5048.77 3243.76 5263.84 3142.85 5331.09
26071-750-M6-085-00012 0.11293816566467285 7511.64 5081.95 7636.55 5041.54 7712.20 5275.38 7587.29 5315.79
26071-750-M6-085-00012 0.10136587917804718 2686.27 5046.80 2827.22 5013.10 2888.45 5269.25 2747.50 5302.94
26071-750-M6-085-00012 0.09100569039583206 7152.68 5103.69 7306.00 5031.95 7400.22 5233.32 7246.90 5305.05
26071-750-M6-085-00012 0.09080222994089127 5307.43 5032.49 5417.99 4983.88 5538.74 5258.49 5428.18 5307.11
26071-750-M6-085-00012 0.08462821692228317 2977.32 3642.27 3068.61 3551.24 3248.82 3731.97 3157.52 3823.00
26071-750-M6-085-00012 0.07859943062067032 2673.84 3640.62 2798.90 3570.73 2912.76 3774.48 2787.70 3844.37
26071-750-M6-085-00012 0.07513155788183212 3164.02 2555.74 3211.64 2554.69 3212.03 2572.06 3164.41 2573.11
26071-750-M6-085-00012 0.07386727631092072 7159.74 3739.07 7269.92 3679.61 7411.03 3941.10 7300.85 4000.55
26071-750-M6-085-00012 0.07022634893655777 5347.66 3719.56 5513.52 3718.58 5514.73 3923.88 5348.87 3924.86
26071-750-M6-085-00012 0.0650499016046524 7483.37 3735.23 7566.96 3675.38 7728.10 3900.47 7644.51 3960.31
26071-750-M6-085-00012 0.06396022439002991 3162.81 2510.02 3210.89 2508.81 3211.33 2526.23 3163.24 2527.44
26071-750-M6-085-00012 0.05875556543469429 4990.21 5123.21 5440.42 5124.23 5440.13 5252.45 4989.92 5251.44
26071-750-M6-085-00012 0.05476308614015579 1601.56 2024.74 1754.54 2064.44 1705.67 2252.78 1552.68 2213.08
26071-750-M6-085-00012 0.051876723766326904 3166.79 6401.05 3183.92 6400.83 3184.54 6447.64 3167.41 6447.87
26071-200-M6-062-00277 0.06337064504623413 3162.94 2386.45 3210.83 2385.97 3211.00 2402.85 3163.11 2403.33
26071-750-M6-085-00309 0.055909279733896255 2961.00 3628.94 3131.93 3621.58 3140.88 3829.61 2969.95 3836.97
