26071-200-M6-052-00001 0.1252748966217041 5805.67 2501.25 5881.55 2504.09 5879.76 2551.96 5803.89 2549.13
26071-500-M6-059-00017 0.07097850739955902 3889.20 4721.81 3955.19 4730.62 3943.96 4814.69 3877.97 4805.87
26071-600-M6-066-00012 0.07097374647855759 4636.52 4623.11 4708.17 4635.54 4694.43 4714.76 4622.78 4702.33
26071-600-M6-066-00012 0.05560844764113426 4207.09 3659.80 4299.80 3662.66 4298.37 3708.89 4205.66 3706.03
26071-500-M6-059-00248 0.05784089118242264 3714.25 3036.79 3801.31 3026.79 3816.88 3162.34 3729.82 3172.34
26071-500-M6-059-00040 0.06657154858112335 5619.97 3645.18 5715.55 3645.96 5715.16 3693.13 5619.59 3692.36
26071-203-M6-333-00010 0.0518624410033226 2565.15 3998.62 2655.02 3991.31 2662.74 4086.31 2572.88 4093.61
26071-203-M6-333-00010 0.051242850720882416 3198.65 3997.24 3287.98 3993.22 3292.23 4087.42 3202.90 4091.44
26071-550-M6-084-00248 0.06671836227178574 1971.06 5071.29 2060.67 5086.13 2044.83 5181.85 1955.21 5167.02
26071-200-M6-052-00080 0.07194571942090988 6067.45 5020.03 6134.25 5022.73 6130.77 5109.08 6063.96 5106.39
26071-200-M6-052-00080 0.058024194091558456 2640.13 5024.39 2707.81 5029.09 2702.09 5111.54 2634.41 5106.85
26071-450-M6-082-00009 0.060558464378118515 3687.95 4570.51 3814.89 4580.72 3805.52 4697.21 3678.58 4687.00
26071-203-M6-064-00271 0.3929596245288849 1338.37 4782.41 1412.95 4796.42 1397.70 4877.57 1323.12 4863.56
26071-203-M6-064-00271 0.1033388078212738 2034.49 2533.35 2091.56 2553.73 2069.15 2616.51 2012.08 2596.14
26071-203-M6-064-00271 0.0973217636346817 1765.50 2534.76 1814.37 2572.66 1775.65 2622.58 1726.78 2584.68
26071-203-M6-064-00271 0.0523490346968174 1846.78 4815.00 1902.12 4785.20 1927.45 4832.23 1872.11 4862.04
26071-200-M6-052-00150 0.09842388331890106 1376.80 2393.11 1469.98 2407.00 1456.60 2496.75 1363.42 2482.87
26071-200-M6-052-00003 0.10507037490606308 4547.02 4504.42 4681.28 4536.16 4663.03 4613.38 4528.77 4581.64
26071-700-M6-054-00036 0.07283814996480942 4141.74 2212.77 4217.79 2227.40 4198.27 2328.83 4122.22 2314.19
26071-700-M6-054-00036 0.05281273275613785 5768.65 2858.05 5800.27 2856.89 5802.01 2904.31 5770.39 2905.47
26071-700-M6-054-00036 0.05248371884226799 4389.39 1611.51 4465.79 1639.01 4432.03 1732.78 4355.64 1705.28
26071-203-M6-320-00044 0.0707370936870575 5199.55 3289.09 5287.26 3284.02 5293.81 3397.55 5206.11 3402.61
26071-600-M6-065-00231 0.1282206028699875 3435.08 5538.90 3530.86 5535.82 3532.42 5584.04 3436.63 5587.12
26071-500-M6-059-00071 0.0580284520983696 5566.63 3903.84 5661.38 3905.70 5660.40 3955.63 5565.65 3953.78
26071-500-M6-059-00071 0.0501154363155365 3468.49 3287.43 3542.96 3299.70 3526.65 3398.71 3452.18 3386.44
26071-500-M6-059-00116 0.05830562114715576 6802.78 5174.46 6907.50 5183.93 6895.72 5314.22 6791.00 5304.75
26071-203-M6-337-00007 0.07677586376667023 5262.50 5733.10 5297.63 5735.26 5295.31 5773.18 5260.17 5771.03
26071-203-M6-337-00007 0.06916361302137375 5117.22 5766.53 5164.96 5769.49 5159.06 5864.51 5111.33 5861.55
26071-203-M6-337-00007 0.06913460791110992 5114.79 3067.11 5162.51 3069.78 5157.16 3165.18 5109.45 3162.51
26071-203-M6-337-00007 0.06781767308712006 5264.53 3035.63 5300.56 3034.56 5301.59 3069.22 5265.56 3070.29
26071-200-M6-052-00090 0.06702309101819992 3147.85 4020.96 3221.12 4026.52 3215.09 4105.99 3141.82 4100.43
26071-200-M6-052-00090 0.06264159828424454 6153.06 4020.09 6241.89 4018.01 6243.90 4103.95 6155.08 4106.04
26071-200-M6-052-00090 0.05869941785931587 5213.90 4366.95 5281.84 4370.33 5277.28 4461.97 5209.34 4458.59
26071-200-M6-052-00090 0.05101398378610611 5968.71 1584.62 6062.49 1586.20 6060.91 1680.72 5967.12 1679.15
26071-200-M6-052-00090 0.050516095012426376 2944.33 1650.55 2974.23 1671.96 2942.13 1716.79 2912.23 1695.38
26071-203-M6-320-00061 0.0561235286295414 838.03 4050.74 871.49 4051.09 870.99 4099.15 837.53 4098.81
26071-600-M6-065-00037 0.14111709594726562 3492.85 4489.18 3540.12 4487.21 3543.93 4578.42 3496.66 4580.39
26071-600-M6-065-00037 0.1224430724978447 6801.20 4486.18 6848.89 4486.18 6848.88 4579.71 6801.19 4579.70
26071-600-M6-065-00037 0.07072446495294571 5683.64 3079.76 5766.54 3079.90 5766.35 3196.41 5683.45 3196.27
26071-300-M6-053-00010 0.09101109206676483 6312.39 2566.61 6374.67 2603.03 6317.87 2700.14 6255.59 2663.72
26071-300-M6-053-00010 0.08227264881134033 6355.47 2620.70 6417.94 2624.93 6414.87 2670.21 6352.41 2665.98
26071-300-M6-053-00010 0.05114622041583061 7052.09 3123.36 7139.10 3136.80 7124.88 3228.83 7037.88 3215.39
26071-300-M6-053-00010 0.05019461363554001 4927.47 4308.45 5006.24 4326.00 4990.09 4398.50 4911.32 4380.95
26071-203-M6-160-00291 0.09105370193719864 6390.59 2829.02 6436.84 2830.70 6433.41 2925.33 6387.15 2923.66
26071-203-M6-160-00291 0.07993776351213455 6388.13 3072.14 6435.65 3071.88 6436.17 3166.04 6388.65 3166.30
26071-600-M6-066-00002 0.07227323949337006 4222.36 3730.29 4302.33 3742.88 4288.43 3831.13 4208.46 3818.53
26071-600-M6-066-00002 0.06839397549629211 4297.66 3752.79 4369.19 3751.77 4369.96 3805.88 4298.43 3806.90
26071-600-M6-066-00002 0.06091909483075142 4276.34 2731.20 4358.99 2714.94 4369.94 2770.58 4287.29 2786.84
26071-203-M6-060-00006 0.05113506689667702 2901.89 3823.88 2963.41 3823.71 2963.73 3938.85 2902.21 3939.02
26071-203-M6-325-00013 0.16668327152729034 3885.92 4791.21 3962.23 4793.39 3958.75 4915.05 3882.45 4912.87
26071-300-M6-053-00012 0.08730683475732803 4606.47 3359.44 4684.01 3348.99 4702.16 3483.72 4624.63 3494.17
26071-450-M6-082-00031 0.9258341193199158 5051.47 6069.41 5137.88 6101.85 5105.87 6187.08 5019.46 6154.64
26071-500-M6-059-00011 0.07163909822702408 5189.86 1941.44 5259.49 1932.58 5269.67 2012.55 5200.03 2021.41
26071-500-M6-059-00011 0.0709085762500763 3848.48 5395.43 3943.23 5396.87 3942.52 5443.93 3847.76 5442.48
26071-500-M6-059-00011 0.06993693858385086 5703.36 2251.02 5763.55 2218.55 5807.26 2299.58 5747.07 2332.05
26071-500-M6-059-00011 0.05332455039024353 6253.47 2531.69 6319.51 2528.37 6324.09 2619.56 6258.05 2622.88
26071-600-M6-065-00021 0.052296943962574005 2234.08 1464.02 2343.42 1473.25 2334.15 1583.12 2224.81 1573.90
26071-500-M6-059-00013 0.1558285504579544 7395.09 2009.60 7465.76 2013.57 7461.03 2097.80 7390.35 2093.83
26071-500-M6-059-00044 0.9291489720344543 1097.94 3583.34 1183.90 3640.31 1133.87 3715.81 1047.90 3658.84
26071-500-M6-059-00044 0.4116990268230438 1252.52 3631.79 1330.09 3593.34 1367.07 3667.96 1289.49 3706.40
26071-500-M6-059-00044 0.15659518539905548 7184.03 4059.71 7259.84 4064.19 7253.15 4177.58 7177.34 4173.11
26071-500-M6-059-00044 0.1538107842206955 1628.24 1986.05 1732.70 1987.40 1731.67 2067.39 1627.22 2066.04
26071-500-M6-059-00044 0.08884665369987488 2845.28 1949.64 2931.01 2013.07 2861.82 2106.58 2776.09 2043.16
26071-200-M6-052-00002 0.13921768963336945 6206.19 1904.12 6301.80 1910.43 6297.99 1968.14 6202.38 1961.82
26071-675-M6-068-10002 0.16838949918746948 4203.51 3785.39 4258.48 3736.62 4307.39 3791.76 4252.42 3840.53
26071-675-M6-068-10002 0.13150928914546967 7822.67 2125.34 7897.38 2165.96 7864.03 2227.28 7789.32 2186.66
26071-675-M6-068-10002 0.12994812428951263 3712.33 3744.13 3800.32 3744.14 3800.31 3824.75 3712.32 3824.74
26071-675-M6-068-10002 0.12218820303678513 5685.96 2027.05 5759.13 1987.94 5798.24 2061.10 5725.08 2100.21
26071-675-M6-068-10002 0.0887550562620163 2762.40 5361.66 2827.99 5349.51 2841.67 5423.37 2776.08 5435.52
26071-675-M6-068-10002 0.08559881150722504 2208.04 5369.61 2292.03 5332.14 2327.13 5410.83 2243.14 5448.29
26071-675-M6-068-10002 0.08052627742290497 6689.99 2024.94 6775.37 2001.03 6809.01 2121.16 6723.64 2145.07
26071-675-M6-068-10002 0.05650298297405243 5626.98 1914.63 5687.94 1861.19 5773.07 1958.31 5712.10 2011.75
26071-675-M6-068-10002 0.055513039231300354 2407.21 3758.76 2487.31 3758.14 2487.75 3815.01 2407.65 3815.63
26071-675-M6-068-10002 0.052824173122644424 4830.98 1924.26 4905.41 1870.45 4977.28 1969.85 4902.85 2023.66
26071-750-M6-085-00309 0.06026580184698105 3022.34 3332.72 3104.43 3337.39 3096.54 3476.06 3014.45 3471.39
