26071-200-M6-052-00001 0.8872503042221069 3879.39 3267.99 3965.63 3267.42 3966.54 3405.75 3880.31 3406.32
26071-200-M6-052-00001 0.09044035524129868 5813.95 2476.94 6102.02 2481.13 6100.67 2574.09 5812.60 2569.90
26071-200-M6-052-00001 0.05398445948958397 3808.84 3083.51 3956.73 3093.90 3946.18 3244.04 3798.29 3233.65
26071-500-M6-059-00017 0.9951046705245972 1865.81 4673.99 1950.24 4677.80 1943.99 4816.19 1859.56 4812.38
26071-500-M6-059-00017 0.9922124743461609 3874.21 4674.28 3962.81 4677.12 3958.46 4812.92 3869.86 4810.08
26071-500-M6-059-00017 0.9903712868690491 5879.60 4675.17 5967.13 4677.24 5963.87 4814.71 5876.33 4812.63
26071-500-M6-059-00017 0.06819957494735718 6623.41 2207.63 6796.45 2216.41 6791.34 2317.13 6618.30 2308.36
26071-500-M6-059-00017 0.05773142725229263 5728.36 4638.29 5884.11 4637.07 5885.28 4786.91 5729.53 4788.13
26071-500-M6-059-00017 0.05720948800444603 3722.39 4643.69 3878.58 4637.58 3884.52 4789.56 3728.33 4795.67
26071-500-M6-059-00017 0.05689264088869095 5119.46 4763.56 5298.44 4750.37 5305.53 4846.46 5126.55 4859.66
26071-500-M6-059-00017 0.05539674684405327 4773.59 3726.80 4952.15 3724.45 4953.56 3832.35 4775.00 3834.69
26071-500-M6-059-00017 0.05263864994049072 6635.30 3712.77 6802.89 3727.16 6795.07 3818.33 6627.48 3803.95
26071-500-M6-059-00017 0.05137611925601959 1717.75 4637.79 1873.69 4644.86 1867.23 4787.31 1711.29 4780.24
26071-600-M6-066-00012 0.9735996127128601 2298.34 1841.78 2382.96 1843.14 2380.69 1984.23 2296.07 1982.86
26071-600-M6-066-00012 0.9722967743873596 3246.27 1842.33 3330.30 1844.11 3327.34 1984.04 3243.30 1982.26
26071-600-M6-066-00012 0.5014245510101318 5869.57 4794.91 5956.85 4792.04 5961.03 4918.77 5873.74 4921.65
26071-600-M6-066-00012 0.14130525290966034 3343.34 1779.77 3508.72 1784.45 3504.67 1927.24 3339.30 1922.55
26071-600-M6-066-00012 0.09205015748739243 7275.92 2709.96 7382.44 2723.72 7372.13 2803.57 7265.60 2789.81
26071-600-M6-066-00012 0.08964136242866516 2404.92 1782.98 2546.41 1773.37 2556.70 1924.83 2415.21 1934.44
26071-600-M6-066-00012 0.08904388546943665 3068.37 2006.23 3240.65 2006.05 3240.75 2094.67 3068.47 2094.85
26071-600-M6-066-00012 0.0853954628109932 7380.91 1771.57 7502.15 1774.41 7498.10 1947.18 7376.86 1944.34
26071-200-M6-052-00539 0.9847457408905029 2573.28 1371.01 2657.08 1370.51 2657.91 1509.95 2574.11 1510.45
26071-200-M6-052-00539 0.9842665791511536 3634.28 1372.49 3718.67 1371.03 3721.10 1511.62 3636.71 1513.08
26071-200-M6-052-00539 0.9802061319351196 4812.55 4209.87 4900.28 4206.10 4906.27 4345.63 4818.54 4349.40
26071-200-M6-052-00539 0.0805153176188469 2408.35 1276.85 2556.70 1283.28 2550.11 1435.44 2401.76 1429.01
26071-200-M6-052-00539 0.06905364990234375 6383.88 6174.19 6464.39 6169.35 6472.45 6303.21 6391.94 6308.06
26071-200-M6-052-00539 0.05217628926038742 3456.51 1285.83 3601.27 1284.85 3602.25 1430.64 3457.50 1431.63
26071-500-M6-059-00248 0.9825507998466492 3067.47 3473.79 3154.83 3476.75 3150.26 3611.63 3062.90 3608.66
26071-500-M6-059-00248 0.980430543422699 3714.62 3022.69 3800.75 3022.58 3800.93 3165.01 3714.80 3165.12
26071-500-M6-059-00248 0.05099352076649666 3842.08 2954.59 3998.83 2954.00 3999.36 3093.68 3842.61 3094.27
26071-203-M6-325-00012 0.10566528141498566 5779.54 663.64 5878.90 737.67 5809.26 831.14 5709.90 757.10
26071-700-M6-054-00246 0.9757601618766785 3951.35 1724.19 4037.82 1723.95 4038.19 1860.76 3951.72 1860.99
26071-500-M6-059-00040 0.9857453107833862 4184.22 2085.81 4270.65 2081.11 4278.00 2216.18 4191.58 2220.89
26071-500-M6-059-00040 0.9854571223258972 4109.80 3968.70 4197.23 3970.87 4193.79 4109.51 4106.36 4107.34
26071-500-M6-059-00040 0.9835726618766785 2808.71 3970.52 2896.27 3969.57 2897.74 4105.30 2810.17 4106.25
26071-500-M6-059-00040 0.1032615378499031 4276.98 2024.38 4429.81 2012.07 4441.61 2158.60 4288.78 2170.90
26071-203-M6-333-00010 0.0798160508275032 2565.15 3998.62 2655.02 3991.31 2662.74 4086.31 2572.88 4093.61
26071-203-M6-333-00010 0.0790940523147583 3198.65 3997.24 3287.98 3993.22 3292.23 4087.42 3202.90 4091.44
26071-203-M6-333-00010 0.07408791035413742 2691.54 2431.51 2785.21 2440.89 2776.55 2527.36 2682.89 2517.98
26071-203-M6-333-00010 0.06853395700454712 3650.58 4517.86 3745.25 4513.21 3750.16 4613.23 3655.49 4617.88
26071-203-M6-333-00010 0.06704956293106079 2692.22 3598.50 2786.85 3611.29 2775.22 3697.37 2680.58 3684.58
26071-203-M6-333-00010 0.0593763031065464 7209.59 3664.82 7327.92 3674.49 7317.22 3805.43 7198.89 3795.76
26071-203-M6-333-00010 0.05776551365852356 4182.84 2991.91 4278.75 2994.51 4276.28 3085.41 4180.37 3082.81
26071-203-M6-333-00010 0.057305850088596344 4181.64 2005.52 4278.03 2003.51 4279.92 2094.33 4183.54 2096.34
26071-203-M6-333-00010 0.054105065762996674 2555.29 3727.57 2605.02 3728.16 2602.39 3951.85 2552.66 3951.26
26071-203-M6-333-00010 0.052770648151636124 4181.44 2210.61 4281.45 2214.66 4277.71 2306.89 4177.71 2302.84
26071-550-M6-084-00248 0.983672559261322 3714.53 2550.55 3800.86 2551.67 3799.07 2690.45 3712.73 2689.33
26071-550-M6-084-00248 0.9687540531158447 3071.16 3002.83 3155.84 3007.91 3147.74 3142.98 3063.05 3137.89
26071-550-M6-084-00248 0.06518244743347168 2385.07 5002.95 2647.07 5005.63 2646.17 5093.51 2384.17 5090.83
26071-550-M6-084-00248 0.051258642226457596 3847.21 2476.80 3994.29 2477.00 3994.08 2627.29 3847.01 2627.09
26071-203-M6-332-00008 0.05013066902756691 7765.28 2509.84 7951.55 2490.15 7964.26 2610.39 7777.99 2630.08
26071-200-M6-052-00080 0.9797518849372864 3006.02 2825.90 3094.04 2826.05 3093.80 2960.31 3005.79 2960.16
26071-200-M6-052-00080 0.9759585857391357 6430.41 2827.47 6517.81 2826.34 6519.54 2959.15 6432.13 2960.28
26071-200-M6-052-00080 0.9654142260551453 2769.42 3157.36 2854.87 3155.48 2857.79 3288.13 2772.34 3290.01
26071-200-M6-052-00080 0.9460863471031189 6192.69 3153.89 6279.06 3149.09 6286.62 3285.47 6200.26 3290.26
26071-200-M6-052-00080 0.1836567521095276 6530.07 2776.82 6681.97 2780.17 6678.61 2932.36 6526.71 2929.01
26071-200-M6-052-00080 0.17409591376781464 3111.06 2780.06 3257.31 2787.68 3249.30 2941.46 3103.04 2933.84
26071-200-M6-052-00080 0.1379777491092682 6528.07 5180.83 6690.23 5167.09 6698.51 5264.84 6536.35 5278.58
26071-200-M6-052-00080 0.10562486946582794 6073.86 5014.02 6137.40 5026.99 6119.14 5116.42 6055.60 5103.45
26071-200-M6-052-00080 0.10446416586637497 5876.55 5060.68 6051.80 5059.69 6052.36 5159.56 5877.12 5160.55
26071-200-M6-052-00080 0.09580587595701218 6297.05 3119.22 6451.36 3108.40 6462.35 3265.18 6308.04 3275.99
26071-200-M6-052-00080 0.08818486332893372 2648.10 5016.54 2712.88 5030.15 2694.40 5118.12 2629.63 5104.52
26071-200-M6-052-00080 0.08733386546373367 2454.12 5059.54 2626.83 5061.37 2625.78 5159.87 2453.07 5158.04
26071-200-M6-052-00080 0.07669612765312195 2871.66 3118.57 3023.38 3107.93 3034.55 3267.22 2882.82 3277.85
26071-200-M6-052-00080 0.07648780941963196 6570.35 1365.63 6743.16 1347.11 6753.82 1446.55 6581.01 1465.07
26071-200-M6-052-00080 0.07339891046285629 3100.38 5216.81 3266.80 5209.22 3271.52 5312.85 3105.10 5320.43
26071-200-M6-052-00080 0.06976954638957977 3150.48 1359.14 3316.32 1351.72 3320.67 1448.96 3154.83 1456.39
26071-203-M6-321-00604 0.10585629194974899 6936.40 865.24 7128.96 863.19 7130.30 989.93 6937.75 991.98
26071-203-M6-321-00604 0.06541474908590317 6810.62 954.74 6958.32 953.75 6959.32 1103.36 6811.62 1104.35
26071-300-M6-053-00309 0.9820241928100586 2456.29 1961.45 2543.03 1961.68 2542.66 2097.29 2455.93 2097.06
26071-300-M6-053-00309 0.9797880053520203 5523.10 3969.44 5610.55 3967.26 5613.96 4103.93 5526.50 4106.11
26071-300-M6-053-00309 0.9685878157615662 2281.99 3968.73 2367.10 3970.53 2364.17 4109.48 2279.05 4107.68
26071-300-M6-053-00309 0.09944826364517212 1001.90 4370.50 1076.68 4352.72 1098.31 4443.66 1023.53 4461.44
26071-300-M6-053-00309 0.09701578319072723 4327.44 2081.19 4397.33 2076.06 4404.35 2171.67 4334.46 2176.80
26071-300-M6-053-00309 0.0933651328086853 1004.26 3661.79 1076.57 3645.74 1096.21 3734.24 1023.90 3750.29
26071-300-M6-053-00309 0.08714430034160614 3600.28 3786.25 3676.31 3776.78 3689.03 3878.95 3613.00 3888.42
26071-300-M6-053-00309 0.08174097537994385 1016.84 3294.91 1087.69 3295.13 1087.41 3386.33 1016.56 3386.11
26071-300-M6-053-00309 0.07387411594390869 1017.53 5532.89 1090.49 5537.52 1084.51 5631.89 1011.55 5627.27
26071-300-M6-053-00309 0.0716354250907898 4282.92 1922.45 4427.24 1914.83 4434.79 2057.91 4290.47 2065.53
26071-300-M6-053-00309 0.06981217116117477 5363.04 3922.58 5518.42 3918.74 5522.11 4068.27 5366.73 4072.11
26071-300-M6-053-00309 0.06939123570919037 5603.30 4016.35 5771.91 4013.77 5772.66 4062.76 5604.05 4065.34
26071-300-M6-053-00309 0.06292382627725601 5744.42 1481.34 5896.46 1464.07 5915.61 1632.71 5763.57 1649.98
26071-300-M6-053-00309 0.06262534111738205 3927.21 3778.90 4005.82 3779.87 4004.66 3874.17 3926.05 3873.21
26071-300-M6-053-00309 0.05677933990955353 5447.52 5783.16 5591.32 5728.17 5648.43 5877.54 5504.63 5932.52
26071-300-M6-053-00309 0.05144966021180153 3453.46 3043.91 4252.73 3061.58 4248.48 3253.75 3449.21 3236.08
26071-450-M6-082-00009 0.98167484998703 3401.05 1191.29 3486.46 1190.59 3487.62 1331.40 3402.21 1332.10
26071-450-M6-082-00009 0.9767277836799622 3989.26 1668.92 4076.88 1668.09 4078.16 1802.41 3990.54 1803.24
26071-450-M6-082-00009 0.969711184501648 3403.16 3615.37 3490.18 3617.44 3486.88 3756.19 3399.87 3754.12
26071-450-M6-082-00009 0.17228738963603973 4922.52 6163.40 5002.02 6160.26 5008.42 6322.30 4928.92 6325.43
26071-450-M6-082-00009 0.054364509880542755 3656.27 3733.23 3808.16 3736.98 3807.05 3781.71 3655.17 3777.96
26071-450-M6-082-00009 0.05284508690237999 3684.36 4601.50 3785.25 4573.36 3816.18 4684.29 3715.30 4712.43
26071-750-M6-085-00007 0.9787857532501221 5879.63 2081.73 5965.66 2079.95 5968.53 2218.12 5882.50 2219.91
26071-750-M6-085-00007 0.9612513780593872 6413.80 2550.22 6501.47 2551.59 6499.26 2693.22 6411.59 2691.85
26071-750-M6-085-00007 0.11501975357532501 5784.41 2571.46 5906.07 2568.45 5906.88 2601.05 5785.22 2604.06
26071-750-M6-085-00007 0.07777181267738342 1780.01 2787.86 2060.12 2807.65 2056.61 2857.31 1776.50 2837.51
26071-750-M6-085-00007 0.07476143538951874 6693.21 6178.57 6776.43 6171.22 6788.86 6311.96 6705.63 6319.30
26071-750-M6-085-00007 0.06426753103733063 5387.76 5461.97 5565.71 5480.93 5555.02 5581.27 5377.07 5562.31
26071-750-M6-085-00007 0.057258132845163345 5160.53 5812.58 5291.21 5852.39 5275.59 5903.65 5144.91 5863.85
26071-203-M6-064-00271 0.10866976529359818 1332.42 4795.26 1418.87 4784.42 1433.02 4897.30 1346.57 4908.14
26071-203-M6-064-00271 0.06747478246688843 7753.02 4549.01 7911.31 4550.88 7910.07 4655.33 7751.79 4653.47
26071-203-M6-064-00271 0.06120038777589798 2476.88 2299.69 2646.58 2309.47 2640.98 2406.60 2471.28 2396.83
26071-203-M6-064-00271 0.058680567890405655 4816.32 5141.40 4994.51 5129.74 5001.06 5229.85 4822.88 5241.52
26071-203-M6-337-00031 0.11612335592508316 3918.72 2589.60 4053.61 2562.23 4083.88 2711.41 3948.99 2738.78
26071-203-M6-337-00031 0.08712177723646164 3386.82 985.28 3528.60 978.54 3535.75 1128.82 3393.97 1135.57
26071-203-M6-337-00031 0.07733079791069031 3330.16 923.00 3494.10 894.61 3503.82 950.75 3339.88 979.14
26071-203-M6-337-00031 0.0681525319814682 4872.58 435.10 5034.56 438.68 5031.29 586.93 4869.30 583.35
26071-203-M6-337-00031 0.0674482062458992 4063.80 790.25 4224.82 782.70 4232.10 937.89 4071.08 945.45
26071-200-M6-052-00150 0.08781400322914124 2820.03 1183.49 2876.77 1175.59 2899.87 1341.41 2843.13 1349.31
26071-200-M6-052-00150 0.0597110316157341 2160.15 1473.11 2309.92 1467.97 2315.15 1620.12 2165.38 1625.26
26071-200-M6-052-00003 0.9648565053939819 5858.09 2817.59 5944.32 2819.19 5941.87 2951.14 5855.65 2949.54
26071-200-M6-052-00003 0.9573197364807129 5174.06 2496.04 5260.70 2496.44 5260.08 2629.81 5173.44 2629.41
26071-200-M6-052-00003 0.23607926070690155 1609.82 2381.99 1671.15 2374.13 1691.00 2529.10 1629.67 2536.95
26071-200-M6-052-00003 0.06295343488454819 2835.89 2360.37 3030.25 2343.18 3040.54 2459.60 2846.19 2476.78
26071-200-M6-052-00003 0.05930759012699127 4245.15 5545.64 4355.19 5551.51 4345.87 5726.02 4235.84 5720.14
26071-700-M6-054-00013 0.05411142855882645 5155.44 3423.67 5246.32 3433.31 5237.21 3519.25 5146.33 3509.61
26071-700-M6-054-00036 0.974115252494812 4362.46 1607.00 4448.23 1604.93 4451.56 1743.23 4365.79 1745.30
26071-700-M6-054-00036 0.9621770977973938 4126.88 2196.90 4212.01 2194.43 4216.01 2332.53 4130.88 2335.00
26071-700-M6-054-00036 0.162955179810524 4365.62 4477.25 4457.27 4470.84 4464.81 4578.85 4373.17 4585.25
26071-700-M6-054-00036 0.14230573177337646 4622.57 5256.82 4698.01 5257.69 4696.90 5353.24 4621.46 5352.37
26071-700-M6-054-00036 0.1144910603761673 4282.55 4923.70 4435.62 4912.81 4446.29 5062.82 4293.23 5073.71
26071-700-M6-054-00036 0.09854547679424286 4472.56 1538.16 4618.14 1545.62 4610.61 1692.48 4465.03 1685.02
26071-700-M6-054-00036 0.07359395921230316 4238.63 2138.81 4383.73 2133.86 4388.69 2279.22 4243.59 2284.17
26071-700-M6-054-00036 0.06530807167291641 3952.69 2355.79 4130.36 2353.39 4131.60 2445.43 3953.93 2447.82
26071-700-M6-054-00036 0.05468370392918587 3204.70 4573.82 3560.47 4565.47 3562.50 4651.75 3206.73 4660.11
26071-700-M6-054-00036 0.05245628207921982 3201.99 4099.55 3567.22 4103.68 3566.46 4170.35 3201.23 4166.21
26071-700-M6-054-00036 0.050534553825855255 4263.47 1529.39 4452.75 1521.48 4454.71 1568.30 4265.43 1576.21
26071-203-M6-320-00044 0.07669109106063843 1603.29 4024.51 1693.98 4030.17 1686.18 4155.26 1595.49 4149.61
26071-203-M6-320-00044 0.07296205312013626 2803.93 4024.96 2894.61 4030.66 2886.78 4155.29 2796.10 4149.59
26071-203-M6-320-00044 0.0725940614938736 2081.33 4030.46 2172.90 4030.69 2172.59 4155.23 2081.02 4155.00
26071-203-M6-320-00044 0.06977837532758713 4004.16 4025.00 4094.76 4030.68 4087.02 4154.23 3996.41 4148.55
26071-203-M6-320-00044 0.05787951499223709 1363.35 4027.19 1447.99 4028.82 1445.63 4151.09 1360.99 4149.46
26071-203-M6-320-00044 0.057381294667720795 1842.68 4023.60 1930.30 4021.76 1933.07 4153.56 1845.45 4155.41
26071-203-M6-320-00044 0.05359813943505287 2562.86 4027.97 2647.10 4030.07 2644.10 4150.65 2559.86 4148.55
26071-203-M6-320-00044 0.05141734331846237 3523.56 4029.50 3612.08 4030.99 3610.01 4153.88 3521.50 4152.39
26071-203-M6-320-00044 0.05128134787082672 2325.17 4026.22 2411.27 4030.00 2406.04 4149.06 2319.94 4145.28
26071-600-M6-065-00231 0.9785680174827576 3294.20 1548.41 3381.99 1549.08 3380.92 1687.68 3293.13 1687.00
26071-600-M6-065-00231 0.9763929843902588 4359.04 1548.67 4446.65 1549.58 4445.21 1687.54 4357.59 1686.62
26071-600-M6-065-00231 0.09319896250963211 6700.40 1463.74 6808.55 1451.95 6825.37 1606.19 6717.22 1617.99
26071-600-M6-065-00231 0.061878908425569534 4458.27 1715.06 4622.08 1706.18 4627.19 1800.39 4463.38 1809.27
26071-600-M6-065-00231 0.05093461647629738 4183.81 1487.86 4341.22 1495.85 4333.87 1640.73 4176.45 1632.74
26071-500-M6-059-00071 0.976796567440033 2928.79 2790.53 3017.59 2792.73 3014.25 2927.16 2925.45 2924.95
26071-500-M6-059-00071 0.9752970337867737 3462.44 3259.02 3549.36 3260.95 3546.27 3400.48 3459.34 3398.55
26071-500-M6-059-00071 0.0975530669093132 1411.97 5063.73 1556.45 5057.63 1562.87 5209.54 1418.38 5215.64
26071-500-M6-059-00071 0.07667041569948196 5510.13 3876.60 5580.85 3855.66 5621.26 3992.11 5550.54 4013.06
26071-500-M6-059-00071 0.05362653359770775 1483.76 5236.30 1658.61 5239.79 1657.33 5303.63 1482.49 5300.14
26071-550-M6-084-00026 0.976398766040802 5129.57 2556.29 5215.42 2553.73 5219.54 2691.77 5133.69 2694.33
26071-550-M6-084-00026 0.9759432673454285 2769.71 2551.81 2854.78 2550.96 2856.16 2689.89 2771.10 2690.74
26071-550-M6-084-00026 0.09199368208646774 5248.54 2491.30 5399.14 2495.47 5395.17 2638.87 5244.57 2634.70
26071-550-M6-084-00026 0.07787298411130905 2882.08 2472.35 3030.53 2475.01 3027.57 2640.20 2879.12 2637.54
26071-203-M6-337-00007 0.1930522322654724 5114.71 3070.63 5162.33 3071.79 5160.12 3162.80 5112.50 3161.64
26071-203-M6-337-00007 0.16909123957157135 5115.17 5769.72 5162.66 5769.93 5162.25 5860.72 5114.76 5860.51
26071-203-M6-337-00007 0.08379679918289185 5230.11 5632.46 5305.92 5633.80 5302.54 5825.26 5226.73 5823.92
26071-203-M6-337-00007 0.08087249845266342 2788.13 3693.09 2918.47 3689.44 2922.91 3847.90 2792.56 3851.55
26071-203-M6-337-00007 0.07488232851028442 5235.30 2933.04 5310.44 2934.60 5306.47 3125.47 5231.32 3123.90
26071-203-M6-337-00007 0.06884948164224625 5309.27 5627.15 5475.66 5613.38 5488.70 5770.90 5322.31 5784.67
26071-203-M6-337-00007 0.056165654212236404 5319.16 2926.56 5485.05 2901.83 5508.06 3056.15 5342.17 3080.88
26071-200-M6-052-00090 0.9952552914619446 6086.99 5220.07 6175.56 5221.26 6173.70 5359.36 6085.13 5358.17
26071-200-M6-052-00090 0.9865339994430542 5666.11 2413.70 5751.98 2415.60 5749.08 2546.52 5663.21 2544.62
26071-200-M6-052-00090 0.9825446009635925 5432.60 2737.66 5515.10 2742.25 5507.16 2884.98 5424.66 2880.39
26071-200-M6-052-00090 0.9804134964942932 2421.31 2743.94 2505.98 2746.31 2502.20 2880.87 2417.53 2878.49
26071-200-M6-052-00090 0.9800125956535339 7058.58 4034.48 7145.22 4030.47 7151.47 4165.70 7064.83 4169.71
26071-200-M6-052-00090 0.9796494841575623 2648.87 2390.27 2735.93 2386.26 2742.37 2526.07 2655.31 2530.08
26071-200-M6-052-00090 0.21274688839912415 5215.49 4371.11 5288.17 4366.54 5293.91 4457.89 5221.23 4462.46
26071-200-M6-052-00090 0.198176309466362 5758.32 2368.36 5906.42 2370.40 5904.30 2524.67 5756.20 2522.63
26071-200-M6-052-00090 0.14587274193763733 5537.84 2698.94 5690.67 2703.19 5686.58 2850.54 5533.75 2846.30
26071-200-M6-052-00090 0.13511238992214203 2525.61 2698.36 2679.41 2703.42 2674.59 2850.00 2520.79 2844.94
26071-200-M6-052-00090 0.11728216707706451 2203.66 4366.43 2274.10 4375.18 2263.21 4462.81 2192.77 4454.05
26071-200-M6-052-00090 0.11287910491228104 2746.31 2339.45 2897.22 2338.45 2898.23 2490.20 2747.32 2491.20
26071-200-M6-052-00090 0.0766770988702774 7304.43 4544.03 7398.22 4539.73 7405.57 4700.16 7311.77 4704.45
26071-200-M6-052-00090 0.07048230618238449 4004.84 4784.63 4100.85 4788.03 4097.49 4882.85 4001.48 4879.45
26071-200-M6-052-00090 0.06778530776500702 6170.37 5145.97 6325.27 5162.02 6309.81 5311.29 6154.90 5295.24
26071-200-M6-052-00090 0.06321363151073456 6529.60 2096.86 6692.91 2096.38 6693.20 2191.81 6529.88 2192.30
26071-200-M6-052-00090 0.06230124831199646 2009.46 4420.48 2182.56 4408.43 2189.20 4503.85 2016.10 4515.90
26071-200-M6-052-00090 0.062088653445243835 5014.08 4425.44 5191.54 4407.65 5201.07 4502.69 5023.62 4520.49
26071-200-M6-052-00090 0.05831616744399071 6911.94 3978.23 7062.95 3968.99 7071.85 4114.39 6920.83 4123.63
26071-200-M6-052-00090 0.05786902830004692 3595.87 6070.28 3629.37 6070.28 3629.37 6188.61 3595.87 6188.61
26071-200-M6-052-00090 0.05637184903025627 7258.57 3999.18 7291.82 3999.69 7289.99 4118.73 7256.73 4118.21
26071-200-M6-052-00090 0.0549226738512516 6776.04 1185.37 7091.56 1176.01 7093.49 1241.21 6777.97 1250.57
26071-200-M6-052-00090 0.051180675625801086 5935.46 5195.94 5967.99 5197.74 5961.59 5313.44 5929.06 5311.64
26071-600-M6-065-00037 0.7063729763031006 5682.98 3070.97 5771.51 3073.41 5768.34 3188.77 5679.81 3186.34
26071-600-M6-065-00037 0.15333011746406555 3008.58 3081.14 3091.31 3075.39 3099.53 3193.78 3016.80 3199.52
26071-600-M6-065-00037 0.10390003770589828 4181.83 6235.55 4335.10 6242.41 4328.35 6393.10 4175.09 6386.24
26071-600-M6-065-00037 0.063993901014328 3491.43 4491.73 3539.38 4488.04 3546.57 4581.39 3498.62 4585.08
26071-600-M6-065-00037 0.061041682958602905 2492.08 2152.25 2638.18 2156.59 2633.67 2308.73 2487.57 2304.39
26071-600-M6-065-00037 0.05940205603837967 3317.59 5578.78 3451.88 5555.25 3479.91 5715.17 3345.61 5738.71
26071-600-M6-065-00037 0.05465707182884216 6797.96 4488.96 6846.61 4484.97 6853.94 4574.29 6805.29 4578.28
26071-300-M6-053-00010 0.9801267385482788 4049.05 3096.20 4136.56 3095.58 4137.54 3233.83 4050.03 3234.45
26071-300-M6-053-00010 0.13259737193584442 6263.20 2585.95 6411.89 2589.24 6409.45 2699.60 6260.76 2696.32
26071-300-M6-053-00010 0.06176257133483887 4559.53 2451.30 4709.67 2454.21 4706.74 2605.40 4556.61 2602.49
26071-300-M6-053-00010 0.05734093859791756 3880.36 3029.06 4030.89 3031.74 4028.16 3184.58 3877.64 3181.90
26071-300-M6-053-00010 0.05679451301693916 5029.27 2448.97 5181.81 2453.74 5177.13 2603.29 5024.59 2598.52
26071-300-M6-053-00010 0.055517300963401794 4154.40 3266.63 4310.68 3257.36 4315.73 3342.48 4159.45 3351.75
26071-300-M6-053-00010 0.05170490965247154 6928.40 1451.11 7003.40 1445.89 7013.49 1591.04 6938.48 1596.25
26071-203-M6-320-00042 0.05563296377658844 2214.66 3880.13 2309.67 3871.88 2336.61 4182.05 2241.60 4190.31
26071-200-M6-052-00540 0.18142855167388916 6674.97 1200.14 6728.18 1196.90 6754.47 1628.20 6701.26 1631.45
26071-200-M6-052-00540 0.16894522309303284 5789.22 4844.38 5842.51 4844.31 5843.07 5305.20 5789.79 5305.27
26071-200-M6-052-00540 0.16779489815235138 683.25 4836.95 732.50 4837.80 724.82 5283.27 675.57 5282.42
26071-200-M6-052-00540 0.16013190150260925 4354.55 4845.52 4401.01 4845.65 4399.79 5305.51 4353.32 5305.39
26071-200-M6-052-00540 0.15856380760669708 6941.18 4840.24 7003.26 4845.48 6965.97 5287.57 6903.89 5282.33
26071-200-M6-052-00540 0.1568228304386139 1068.13 4846.02 1117.67 4847.28 1106.51 5286.96 1056.97 5285.70
26071-200-M6-052-00540 0.14492128789424896 7977.30 4856.53 8041.71 4856.88 8039.59 5251.24 7975.18 5250.89
26071-200-M6-052-00540 0.14099937677383423 1652.73 4845.73 1714.20 4851.97 1674.20 5245.98 1612.73 5239.73
26071-200-M6-052-00540 0.13578514754772186 1958.93 1216.55 2016.45 1219.96 1992.11 1629.95 1934.59 1626.54
26071-200-M6-052-00540 0.1347840428352356 1340.61 5312.83 1402.06 5314.54 1390.78 5718.71 1329.33 5717.00
26071-200-M6-052-00540 0.13417187333106995 4945.53 4841.96 5004.17 4847.64 4966.54 5235.99 4907.91 5230.31
26071-200-M6-052-00540 0.1335977464914322 5243.42 5326.34 5305.68 5332.22 5270.35 5706.22 5208.08 5700.33
26071-200-M6-052-00540 0.13284270465373993 6099.40 1175.55 6144.43 1175.48 6145.25 1652.97 6100.22 1653.04
26071-200-M6-052-00540 0.13248185813426971 1836.73 4831.20 1899.35 4839.01 1845.45 5271.60 1782.82 5263.79
26071-200-M6-052-00540 0.1319780945777893 3120.70 4869.20 3188.44 4870.21 3181.83 5313.03 3114.09 5312.01
26071-200-M6-052-00540 0.13146726787090302 2556.46 5300.89 2616.53 5304.35 2593.19 5709.68 2533.12 5706.22
26071-200-M6-052-00540 0.13040557503700256 4041.39 4843.17 4096.60 4852.93 4024.26 5262.29 3969.05 5252.53
26071-200-M6-052-00540 0.12677527964115143 724.28 1219.19 783.41 1225.76 738.01 1634.39 678.88 1627.82
26071-200-M6-052-00540 0.12246881425380707 7301.41 4840.74 7344.40 4841.15 7339.83 5319.36 7296.84 5318.95
26071-200-M6-052-00540 0.11792373657226562 3321.50 4814.33 3385.58 4820.60 3342.58 5259.87 3278.50 5253.59
26071-200-M6-052-00540 0.11782283335924149 6740.68 4837.20 6784.49 4838.21 6773.89 5298.50 6730.08 5297.49
26071-200-M6-052-00540 0.11719447374343872 5738.82 1230.46 5794.60 1229.72 5799.77 1621.56 5743.99 1622.30
26071-200-M6-052-00540 0.11716773360967636 1883.59 5312.97 1943.48 5311.45 1954.98 5764.47 1895.09 5765.99
26071-200-M6-052-00540 0.11632254719734192 4642.16 5311.40 4708.06 5315.30 4684.88 5706.61 4618.99 5702.70
26071-200-M6-052-00540 0.11183247715234756 7027.01 5308.27 7084.80 5309.17 7078.75 5699.02 7020.96 5698.13
26071-200-M6-052-00540 0.10871998965740204 5853.35 5310.56 5906.37 5307.71 5932.74 5799.20 5879.72 5802.05
26071-200-M6-052-00540 0.10630858689546585 6638.05 5303.31 6696.81 5306.70 6670.54 5761.80 6611.78 5758.41
26071-200-M6-052-00540 0.10418488830327988 2822.00 1192.53 2876.71 1196.77 2843.99 1619.10 2789.28 1614.86
26071-200-M6-052-00540 0.10345027595758438 3786.29 4860.03 3843.20 4861.83 3829.96 5280.97 3773.05 5279.17
26071-200-M6-052-00540 0.10341700166463852 7768.93 4845.64 7827.19 4847.84 7810.63 5287.23 7752.38 5285.04
26071-200-M6-052-00540 0.10341429710388184 5154.08 1218.83 5204.25 1218.75 5205.01 1658.50 5154.83 1658.58
26071-200-M6-052-00540 0.1029055118560791 6115.69 5307.76 6179.09 5318.78 6107.96 5727.93 6044.57 5716.91
26071-200-M6-052-00540 0.10108225792646408 4566.59 4829.77 4621.38 4834.29 4582.05 5311.67 4527.25 5307.16
26071-200-M6-052-00540 0.10069897770881653 6426.93 736.95 6487.82 742.93 6450.55 1122.60 6389.66 1116.62
26071-200-M6-052-00540 0.10039228200912476 482.42 4835.42 527.84 4834.88 533.46 5300.04 488.04 5300.59
26071-200-M6-052-00540 0.10028214007616043 5989.30 4861.84 6051.95 4862.24 6049.44 5261.09 5986.80 5260.70
26071-200-M6-052-00540 0.09924890846014023 4351.96 1193.01 4406.97 1195.51 4388.26 1606.98 4333.24 1604.48
26071-200-M6-052-00540 0.09924303740262985 3366.24 5321.21 3422.17 5319.06 3439.93 5780.95 3384.01 5783.11
26071-200-M6-052-00540 0.09885462373495102 4825.32 5298.08 4887.23 5303.14 4851.21 5743.69 4789.31 5738.63
26071-200-M6-052-00540 0.09762263298034668 5839.44 718.82 5896.55 722.64 5869.21 1130.55 5812.10 1126.72
26071-200-M6-052-00540 0.09629254788160324 6308.95 1234.29 6361.69 1235.49 6352.96 1619.38 6300.22 1618.18
26071-200-M6-052-00540 0.09356070309877396 5488.19 716.36 5549.20 726.91 5478.53 1135.73 5417.51 1125.18
26071-200-M6-052-00540 0.09286081790924072 1255.55 4860.67 1318.57 4861.28 1314.68 5260.24 1251.66 5259.63
26071-200-M6-052-00540 0.09188215434551239 1527.58 5296.57 1588.29 5301.08 1555.02 5749.08 1494.31 5744.57
26071-200-M6-052-00540 0.09078282117843628 1653.44 1246.51 1703.39 1246.37 1704.08 1493.55 1654.14 1493.69
26071-200-M6-052-00540 0.09046845138072968 6426.28 4852.50 6479.86 4858.64 6428.90 5304.00 6375.31 5297.87
26071-200-M6-052-00540 0.08982132375240326 1277.07 1229.72 1336.12 1232.31 1318.17 1641.03 1259.12 1638.44
26071-200-M6-052-00540 0.08976420760154724 4623.43 751.06 4681.82 754.57 4657.85 1153.42 4599.46 1149.91
26071-200-M6-052-00540 0.08946865797042847 7123.40 4863.53 7190.55 4863.51 7190.70 5258.89 7123.56 5258.92
26071-200-M6-052-00540 0.0883372351527214 7916.40 1200.49 7974.05 1205.24 7939.26 1626.89 7881.62 1622.13
26071-200-M6-052-00540 0.08824707567691803 2224.12 732.70 2282.70 735.75 2261.40 1144.85 2202.83 1141.80
26071-200-M6-052-00540 0.08715537935495377 6177.69 4867.45 6243.99 4867.24 6245.27 5260.00 6178.97 5260.22
26071-200-M6-052-00540 0.08476927876472473 5590.87 5317.22 5659.17 5321.46 5635.29 5706.16 5566.98 5701.92
26071-200-M6-052-00540 0.0846305564045906 7850.02 5322.25 7910.92 5325.38 7890.32 5726.53 7829.42 5723.40
26071-200-M6-052-00540 0.082762710750103 4045.75 5293.99 4102.78 5294.74 4096.55 5767.08 4039.52 5766.32
26071-200-M6-052-00540 0.08150340616703033 986.21 5303.53 1051.22 5311.00 1003.24 5728.92 938.23 5721.46
26071-200-M6-052-00540 0.0813569501042366 7609.91 739.05 7671.01 742.28 7649.69 1145.46 7588.59 1142.23
26071-200-M6-052-00540 0.08132335543632507 3957.10 1217.22 4011.61 1217.40 4010.25 1629.56 3955.75 1629.38
26071-200-M6-052-00540 0.08059103786945343 364.92 5331.49 420.57 5329.94 432.82 5769.11 377.17 5770.66
26071-200-M6-052-00540 0.0804704949259758 6434.79 5317.72 6489.10 5317.21 6493.28 5757.59 6438.97 5758.10
26071-200-M6-052-00540 0.07801707088947296 5939.19 1187.80 5995.22 1191.38 5968.64 1606.95 5912.62 1603.37
26071-200-M6-052-00540 0.07640300691127777 6513.09 1166.37 6561.56 1169.28 6533.61 1635.41 6485.14 1632.51
26071-200-M6-052-00540 0.0762394517660141 5531.03 1163.38 5576.21 1162.78 5582.65 1647.52 5537.47 1648.12
26071-200-M6-052-00540 0.07597847282886505 7212.40 5285.83 7277.52 5291.30 7240.18 5735.14 7175.07 5729.66
26071-200-M6-052-00540 0.07587240636348724 6587.71 718.41 6646.59 717.35 6654.23 1140.36 6595.34 1141.43
26071-200-M6-052-00540 0.07573764026165009 4532.60 1201.66 4587.33 1205.81 4555.31 1628.28 4500.58 1624.13
26071-200-M6-052-00540 0.07533538341522217 2720.23 5304.40 2782.62 5308.21 2755.89 5745.67 2693.49 5741.86
26071-200-M6-052-00540 0.0752863958477974 3424.74 1150.96 3467.37 1147.39 3509.74 1654.36 3467.11 1657.93
26071-200-M6-052-00540 0.07451741397380829 6883.59 1246.33 6945.17 1247.20 6939.96 1615.86 6878.38 1614.99
26071-200-M6-052-00540 0.0745144933462143 4736.79 4865.35 4803.15 4864.43 4808.59 5255.60 4742.23 5256.53
26071-200-M6-052-00540 0.07440048456192017 3525.96 4843.22 3577.70 4844.81 3564.33 5277.37 3512.59 5275.77
26071-200-M6-052-00540 0.07437008619308472 4141.42 4848.63 4189.21 4849.27 4182.23 5368.97 4134.44 5368.32
26071-200-M6-052-00540 0.0738903135061264 4044.86 702.76 4101.05 703.49 4095.36 1139.77 4039.17 1139.03
26071-200-M6-052-00540 0.07373958826065063 4167.27 4860.66 4227.34 4857.73 4247.99 5282.15 4187.92 5285.07
26071-200-M6-052-00540 0.07309340685606003 3858.52 5315.41 3911.38 5314.71 3917.44 5774.12 3864.58 5774.82
26071-200-M6-052-00540 0.07222318649291992 1810.27 693.77 1862.94 691.69 1881.68 1165.87 1829.01 1167.95
26071-200-M6-052-00540 0.07116663455963135 4700.96 4838.07 4750.22 4838.75 4742.99 5361.86 4693.73 5361.18
26071-200-M6-052-00540 0.07105075567960739 1357.57 762.78 1408.85 763.28 1406.24 1029.39 1354.96 1028.88
26071-200-M6-052-00540 0.07089326530694962 966.21 759.09 1024.85 758.33 1030.21 1168.02 971.57 1168.79
26071-200-M6-052-00540 0.07084733247756958 4283.05 5304.23 4347.62 5311.33 4301.52 5730.71 4236.95 5723.61
26071-200-M6-052-00540 0.07008369266986847 4815.03 705.36 4866.33 701.30 4904.29 1181.98 4853.00 1186.03
26071-200-M6-052-00540 0.06916724890470505 6511.42 4830.91 6552.35 4827.75 6592.32 5345.34 6551.39 5348.50
26071-200-M6-052-00540 0.06872396171092987 4595.24 4829.86 4648.42 4830.25 4644.96 5313.81 4591.79 5313.43
26071-200-M6-052-00540 0.068369559943676 8046.57 5323.47 8094.69 5321.30 8116.56 5806.21 8068.44 5808.38
26071-200-M6-052-00540 0.06816636770963669 6146.38 1206.71 6202.50 1209.65 6180.30 1633.27 6124.17 1630.33
26071-200-M6-052-00540 0.06815298646688461 890.82 1248.73 951.80 1251.26 936.14 1629.11 875.16 1626.59
26071-200-M6-052-00540 0.06787766516208649 2117.50 1250.62 2175.29 1250.72 2174.66 1636.76 2116.87 1636.66
26071-200-M6-052-00540 0.06677089631557465 4790.31 1238.95 4849.46 1241.50 4833.41 1614.51 4774.26 1611.96
26071-200-M6-052-00540 0.06673132628202438 7509.08 4847.26 7576.11 4852.56 7542.68 5275.17 7475.65 5269.87
26071-200-M6-052-00540 0.06640836596488953 3332.54 680.75 3380.54 679.52 3393.00 1168.67 3345.00 1169.89
26071-200-M6-052-00540 0.0662318542599678 814.30 5299.82 877.09 5304.40 843.32 5767.64 780.53 5763.06
26071-200-M6-052-00540 0.06565818935632706 839.42 4845.08 884.41 4842.30 914.69 5330.94 869.70 5333.73
26071-200-M6-052-00540 0.06524620950222015 1442.69 4866.84 1510.76 4866.80 1510.98 5257.16 1442.91 5257.20
26071-200-M6-052-00540 0.06318901479244232 7070.53 1222.66 7127.72 1222.20 7130.96 1622.05 7073.77 1622.51
26071-200-M6-052-00540 0.06297336518764496 7490.39 1250.46 7548.80 1250.33 7549.67 1638.58 7491.26 1638.71
26071-200-M6-052-00540 0.062216442078351974 5842.11 4860.46 5888.96 4860.25 5891.16 5340.08 5844.31 5340.30
26071-200-M6-052-00540 0.06212128698825836 5998.64 732.11 6063.49 729.48 6079.93 1134.37 6015.09 1137.00
26071-200-M6-052-00540 0.06186966598033905 6573.12 4839.34 6628.89 4839.68 6626.22 5289.20 6570.45 5288.87
26071-200-M6-052-00540 0.060820214450359344 3727.38 4831.13 3772.03 4828.77 3802.09 5397.13 3757.44 5399.49
26071-200-M6-052-00540 0.059938035905361176 7924.80 4832.62 7977.55 4831.81 7986.41 5409.84 7933.66 5410.65
26071-200-M6-052-00540 0.05914695933461189 5402.01 5317.94 5467.02 5322.89 5433.90 5757.77 5368.88 5752.82
26071-200-M6-052-00540 0.0588216669857502 893.01 4849.97 950.08 4850.87 943.25 5280.74 886.19 5279.84
26071-200-M6-052-00540 0.05771300196647644 585.57 757.44 645.42 757.30 646.34 1165.43 586.50 1165.56
26071-200-M6-052-00540 0.057574763894081116 3041.51 773.66 3102.48 769.20 3132.89 1184.91 3071.92 1189.37
26071-200-M6-052-00540 0.05757439136505127 3848.43 729.97 3913.75 732.64 3895.21 1185.89 3829.89 1183.22
26071-200-M6-052-00540 0.05751286819577217 5273.69 732.13 5336.75 736.41 5309.57 1136.75 5246.52 1132.47
26071-200-M6-052-00540 0.05741443485021591 6194.08 715.92 6247.06 714.38 6260.12 1164.72 6207.14 1166.26
26071-200-M6-052-00540 0.05638207867741585 5962.43 4824.32 6014.14 4827.56 5979.49 5379.13 5927.78 5375.88
26071-200-M6-052-00540 0.056176356971263885 3960.34 4845.64 4002.77 4845.74 4001.61 5360.45 3959.18 5360.35
26071-200-M6-052-00540 0.05597430095076561 5350.01 1209.59 5405.64 1207.74 5419.82 1635.49 5364.19 1637.33
26071-200-M6-052-00540 0.05573391169309616 6341.33 4838.22 6381.22 4836.85 6398.72 5343.57 6358.83 5344.95
26071-200-M6-052-00540 0.055447645485401154 4975.91 1188.10 5031.49 1190.60 5012.37 1616.06 4956.78 1613.56
26071-200-M6-052-00540 0.055291272699832916 1166.46 5286.05 1230.67 5286.05 1230.71 5752.95 1166.49 5752.96
26071-200-M6-052-00540 0.055122602730989456 7380.65 690.57 7433.59 687.30 7462.58 1155.98 7409.64 1159.25
26071-200-M6-052-00540 0.05434783175587654 6822.26 5324.39 6879.39 5326.19 6865.49 5767.18 6808.36 5765.38
26071-200-M6-052-00540 0.05427888408303261 3479.91 4846.58 3526.84 4847.41 3517.79 5358.89 3470.86 5358.06
26071-200-M6-052-00540 0.053786102682352066 4155.16 1212.47 4212.38 1213.52 4204.85 1620.50 4147.63 1619.44
26071-200-M6-052-00540 0.0533745177090168 6967.93 752.04 7026.09 751.76 7028.11 1164.95 6969.96 1165.23
26071-200-M6-052-00540 0.05310458689928055 3680.04 1212.31 3742.69 1214.92 3724.91 1642.21 3662.27 1639.60
26071-200-M6-052-00540 0.0527273565530777 1110.56 4861.96 1156.87 4862.37 1152.61 5346.15 1106.30 5345.74
26071-200-M6-052-00540 0.05121287330985069 6957.93 4841.39 7017.94 4834.24 7081.71 5369.30 7021.70 5376.45
26071-200-M6-052-00540 0.050758324563503265 1227.71 4830.24 1278.89 4833.69 1241.98 5382.01 1190.79 5378.56
26071-203-M6-160-00291 0.9912737011909485 3234.07 4676.23 3319.91 4676.47 3319.52 4817.07 3233.68 4816.83
26071-203-M6-160-00291 0.9905695915222168 5728.34 4673.62 5814.66 4674.28 5813.58 4815.90 5727.26 4815.23
26071-203-M6-160-00291 0.9584586024284363 1473.39 3002.23 1557.84 3004.19 1554.64 3142.16 1470.19 3140.21
26071-203-M6-160-00291 0.20347490906715393 3338.93 4623.95 3484.85 4647.44 3461.48 4792.59 3315.56 4769.09
26071-203-M6-160-00291 0.14398100972175598 5807.36 4649.23 5951.37 4628.86 5971.16 4768.72 5827.15 4789.10
26071-203-M6-160-00291 0.07463473826646805 6390.59 2829.02 6436.84 2830.70 6433.41 2925.33 6387.15 2923.66
26071-203-M6-160-00291 0.06312292814254761 1859.37 2061.60 2010.50 2043.87 2027.88 2191.99 1876.75 2209.72
26071-203-M6-160-00291 0.05045090243220329 1566.22 2925.70 1721.69 2924.33 1722.94 3065.78 1567.47 3067.15
26071-600-M6-066-00002 0.13664057850837708 4213.29 3745.14 4293.81 3742.15 4297.21 3833.95 4216.69 3836.93
26071-600-M6-066-00002 0.11361373215913773 4223.68 2704.97 4301.37 2715.83 4287.56 2814.64 4209.87 2803.78
26071-300-M6-053-00008 0.954826831817627 5056.53 744.88 5142.83 746.90 5139.63 883.90 5053.33 881.89
26071-300-M6-053-00008 0.08996302634477615 5020.20 690.05 5221.58 680.78 5223.84 729.88 5022.46 739.14
26071-300-M6-053-00008 0.0594099722802639 2066.14 6294.27 2169.03 6288.30 2179.60 6470.29 2076.71 6476.26
26071-300-M6-053-00008 0.05620121583342552 4862.29 665.34 5013.83 671.17 5008.09 820.45 4856.55 814.62
26071-300-M6-053-00008 0.05303213745355606 5672.07 943.04 5851.95 938.44 5854.69 1045.51 5674.80 1050.10
26071-203-M6-060-00001 0.060065705329179764 4345.41 1332.60 4392.19 1331.12 4395.18 1425.68 4348.40 1427.15
26071-203-M6-060-00001 0.05027937516570091 3609.60 4610.53 3703.33 4604.66 3709.55 4704.11 3615.82 4709.97
26071-200-M6-063-00010 0.9739176630973816 4440.21 2315.45 4527.46 2318.24 4523.03 2456.63 4435.79 2453.84
26071-200-M6-063-00010 0.12499704957008362 4907.18 1896.14 4999.48 1889.78 5005.59 1978.35 4913.29 1984.72
26071-200-M6-063-00010 0.11539926379919052 6048.24 1755.47 6201.89 1718.30 6235.22 1856.08 6081.57 1893.25
26071-200-M6-063-00010 0.05230353772640228 4288.59 2230.37 4442.36 2256.53 4418.86 2394.63 4265.09 2368.47
26071-203-M6-060-00006 0.05478360131382942 6865.04 4276.59 7133.11 4271.06 7134.13 4320.88 6866.07 4326.41
26071-203-M6-325-00013 0.46557095646858215 3860.68 4799.03 3946.28 4788.99 3960.38 4909.14 3874.78 4919.18
26071-203-M6-325-00013 0.09363024681806564 3405.14 4762.36 3498.08 4752.30 3515.10 4909.57 3422.16 4919.63
26071-203-M6-325-00013 0.06267724186182022 6568.44 2394.34 6601.73 2396.51 6593.88 2516.69 6560.59 2514.51
26071-203-M6-325-00013 0.0511288084089756 5506.99 2389.56 5539.37 2392.64 5527.24 2520.12 5494.86 2517.03
26071-300-M6-053-00012 0.9772916436195374 7119.51 1492.98 7207.51 1488.27 7214.94 1627.21 7126.95 1631.92
26071-300-M6-053-00012 0.14705418050289154 5502.69 1599.60 5597.83 1596.23 5601.06 1687.36 5505.92 1690.73
26071-300-M6-053-00012 0.08026012778282166 4601.63 3362.09 4708.40 3352.70 4720.91 3494.96 4614.14 3504.35
26071-300-M6-053-00012 0.06708594411611557 6568.78 6448.91 6665.46 6449.16 6664.97 6640.97 6568.29 6640.73
26071-300-M6-053-00012 0.06130734086036682 5503.16 4839.02 5619.59 4838.23 5620.83 5020.65 5504.41 5021.44
26071-300-M6-053-00012 0.05080288276076317 2390.39 1941.25 2424.32 1939.85 2427.66 2020.72 2393.73 2022.12
26071-675-M6-068-00034 0.9903258085250854 3419.82 1072.14 3505.89 1073.74 3503.33 1210.68 3417.26 1209.07
26071-675-M6-068-00034 0.9882986545562744 3955.00 769.84 4040.23 769.89 4040.16 908.83 3954.93 908.79
26071-675-M6-068-00034 0.10577065497636795 3507.89 1049.71 3647.18 1050.03 3646.86 1191.36 3507.57 1191.05
26071-675-M6-068-00034 0.09333368390798569 3454.87 1317.49 3502.71 1318.09 3501.58 1408.28 3453.75 1407.68
26071-675-M6-068-00034 0.061366643756628036 4048.74 683.76 4192.24 677.29 4198.51 816.16 4055.01 822.63
26071-675-M6-068-00034 0.05379019305109978 3158.65 3340.69 3203.87 3344.53 3196.90 3426.55 3151.68 3422.71
26071-675-M6-068-00034 0.052327174693346024 3292.82 935.07 3573.76 1050.49 3542.07 1127.62 3261.14 1012.20
26071-675-M6-068-00034 0.05193186551332474 3795.68 693.21 4048.80 706.52 4045.75 764.51 3792.63 751.20
26071-450-M6-082-00031 0.9810101389884949 5233.38 2303.04 5317.66 2303.47 5316.94 2444.19 5232.65 2443.75
26071-450-M6-082-00031 0.9802191853523254 2889.66 1656.83 2974.59 1659.32 2970.51 1798.19 2885.57 1795.70
26071-450-M6-082-00031 0.1273934692144394 2713.14 1782.15 2884.14 1795.92 2875.63 1901.56 2704.64 1887.80
26071-450-M6-082-00031 0.11001568287611008 5384.32 4909.68 5517.42 4935.84 5502.93 5009.56 5369.83 4983.40
26071-450-M6-082-00031 0.07857188582420349 4271.10 1875.86 4430.49 1872.61 4433.45 2018.16 4274.06 2021.41
26071-450-M6-082-00031 0.07348127663135529 1997.54 1877.16 2173.95 1860.83 2183.36 1962.52 2006.95 1978.85
26071-450-M6-082-00031 0.06884972006082535 3671.63 5176.40 3793.22 5173.87 3796.49 5331.33 3674.91 5333.85
26071-450-M6-082-00031 0.05841383337974548 2978.16 1583.48 3109.07 1570.98 3123.80 1725.27 2992.89 1737.77
26071-450-M6-082-00031 0.05820469185709953 5595.00 2998.58 5974.09 2978.53 5978.32 3058.51 5599.22 3078.55
26071-450-M6-082-00031 0.05314486846327782 5035.24 6087.71 5119.23 6078.44 5129.66 6172.97 5045.66 6182.23
26071-200-M6-062-00276 0.07528454065322876 6024.72 4101.98 6118.00 4097.41 6135.46 4453.40 6042.19 4457.97
26071-200-M6-062-00276 0.05727056786417961 1393.47 1901.42 1556.17 1892.63 1564.44 2045.72 1401.75 2054.51
26071-500-M6-059-00011 0.9805485010147095 4650.33 1609.23 4738.02 1609.05 4738.31 1746.11 4650.62 1746.30
26071-500-M6-059-00011 0.978861927986145 5715.33 2198.51 5802.86 2199.21 5801.78 2333.67 5714.25 2332.96
26071-500-M6-059-00011 0.9777079224586487 5181.38 1905.37 5269.14 1901.81 5274.56 2035.12 5186.79 2038.69
26071-500-M6-059-00011 0.9759560823440552 6777.80 2787.94 6865.68 2790.98 6860.92 2928.60 6773.04 2925.56
26071-500-M6-059-00011 0.9748046398162842 6248.63 2491.15 6336.28 2493.26 6332.90 2633.50 6245.26 2631.39
26071-500-M6-059-00011 0.057980407029390335 6612.43 2734.62 6757.76 2731.78 6760.47 2870.49 6615.14 2873.33
26071-500-M6-059-00011 0.05264449119567871 4778.06 1784.84 4934.07 1810.62 4922.79 1878.90 4766.77 1853.12
26071-500-M6-059-00011 0.051806673407554626 4458.18 1557.74 4614.71 1526.02 4648.15 1691.07 4491.62 1722.79
26071-500-M6-059-00011 0.050707533955574036 6075.66 2439.92 6222.20 2424.79 6237.66 2574.56 6091.11 2589.68
26071-600-M6-065-00021 0.9741559624671936 4674.16 1373.44 4761.71 1371.37 4764.89 1505.78 4677.34 1507.85
26071-600-M6-065-00021 0.07647758722305298 5197.09 3953.83 5344.56 3963.17 5335.13 4112.14 5187.66 4102.80
26071-600-M6-065-00021 0.06289159506559372 7153.03 5519.27 7476.79 5503.97 7480.54 5583.32 7156.78 5598.62
26071-600-M6-065-00021 0.05168364197015762 4587.33 1638.75 4704.22 1634.82 4705.33 1667.80 4588.44 1671.73
26071-600-M6-065-00021 0.05085184797644615 5728.51 5571.02 5902.32 5561.19 5907.51 5652.95 5733.70 5662.79
26071-500-M6-059-00044 0.9808138012886047 5634.93 4031.47 5720.45 4036.06 5713.14 4172.18 5627.62 4167.59
26071-500-M6-059-00044 0.9807505011558533 7169.20 4028.41 7253.35 4031.71 7247.98 4168.82 7163.82 4165.52
26071-500-M6-059-00044 0.9768911004066467 6590.75 721.14 6679.92 722.85 6677.26 861.98 6588.09 860.27
26071-500-M6-059-00044 0.9766967296600342 2049.87 4032.43 2135.74 4031.23 2137.60 4164.70 2051.73 4165.90
26071-500-M6-059-00044 0.9755589365959167 3587.58 4032.81 3674.50 4033.88 3672.84 4168.04 3585.92 4166.96
26071-500-M6-059-00044 0.07883739471435547 5504.21 1189.79 5612.97 1177.72 5630.50 1335.67 5521.73 1347.73
26071-500-M6-059-00044 0.07823482155799866 1887.94 3967.45 2036.46 3969.45 2034.46 4117.35 1885.94 4115.34
26071-500-M6-059-00044 0.07606487721204758 5464.30 3968.50 5611.81 3968.25 5612.06 4116.85 5464.55 4117.10
26071-500-M6-059-00044 0.07337728142738342 1057.00 3629.30 1133.16 3580.39 1189.89 3668.73 1113.73 3717.64
26071-500-M6-059-00044 0.06789376586675644 7004.95 3964.51 7153.82 3972.38 7146.04 4119.68 6997.17 4111.81
26071-500-M6-059-00044 0.05946075916290283 3426.05 3964.67 3575.04 3972.43 3567.36 4119.84 3418.38 4112.09
26071-500-M6-059-00044 0.05298232659697533 6437.75 656.69 6586.22 666.75 6576.19 814.79 6427.72 804.72
26071-500-M6-059-00044 0.051386527717113495 4653.52 1196.95 4729.84 1202.74 4719.82 1334.77 4643.50 1328.98
26071-500-M6-059-00044 0.050394874066114426 4461.13 1114.12 4605.70 1083.21 4638.93 1238.65 4494.37 1269.56
26071-200-M6-052-00093 0.9732238054275513 6469.01 4152.12 6554.46 4150.07 6557.69 4284.40 6472.23 4286.45
26071-200-M6-052-00093 0.9727449417114258 5054.31 1541.42 5137.71 1538.61 5142.18 1671.57 5058.78 1674.37
26071-200-M6-052-00093 0.9613524079322815 3240.51 1693.00 3327.32 1692.41 3328.24 1827.06 3241.42 1827.65
26071-200-M6-052-00093 0.9377326965332031 3242.72 4055.24 3330.07 4056.47 3328.17 4190.70 3240.82 4189.46
26071-200-M6-052-00093 0.07940113544464111 3348.05 3980.18 3503.10 3988.19 3495.31 4138.87 3340.26 4130.86
26071-200-M6-052-00093 0.07770158350467682 4884.81 1465.50 5036.28 1472.63 5029.06 1625.95 4877.59 1618.81
26071-200-M6-052-00093 0.06805286556482315 7057.64 3589.68 7090.43 3589.06 7092.77 3712.09 7059.98 3712.71
26071-200-M6-052-00093 0.06417401134967804 6298.90 4083.85 6447.39 4080.46 6450.81 4230.21 6302.31 4233.60
26071-200-M6-052-00093 0.053007762879133224 6795.59 4598.33 7138.65 4604.47 7137.26 4682.36 6794.20 4676.23
26071-200-M6-052-00093 0.050058163702487946 5260.70 1629.34 5293.74 1628.27 5297.69 1749.68 5264.65 1750.76
26071-200-M6-052-00002 0.9702433943748474 1633.04 901.42 1717.07 903.44 1713.94 1033.75 1629.91 1031.73
26071-200-M6-052-00002 0.9473106265068054 7306.80 3852.29 7390.02 3858.24 7380.40 3992.71 7297.19 3986.76
26071-200-M6-052-00002 0.8914142847061157 4463.05 2835.15 4547.49 2832.33 4551.92 2965.31 4467.49 2968.13
26071-200-M6-052-00002 0.14288927614688873 6161.11 1902.40 6410.07 1890.29 6414.63 1984.06 6165.67 1996.17
26071-200-M6-052-00002 0.07771545648574829 7275.83 6181.33 7420.19 6174.23 7427.77 6328.30 7283.40 6335.40
26071-200-M6-052-00002 0.06846851110458374 4390.10 2670.25 4536.94 2653.78 4553.80 2804.04 4406.96 2820.51
26071-200-M6-052-00002 0.059839457273483276 645.85 5315.49 751.73 5310.68 759.80 5488.20 653.92 5493.01
26071-675-M6-068-10002 0.05225347355008125 4044.58 1884.48 4153.01 1945.23 4113.44 2015.87 4005.00 1955.12
26071-750-M6-085-00012 0.9745648503303528 7669.77 1022.50 7757.29 1016.00 7767.40 1152.09 7679.89 1158.59
26071-750-M6-085-00012 0.17981205880641937 1187.29 2473.48 1285.82 2468.64 1287.75 2507.85 1189.22 2512.69
26071-750-M6-085-00012 0.12164375931024551 1223.94 3586.60 1256.68 3586.82 1255.89 3708.13 1223.15 3707.92
26071-750-M6-085-00012 0.10160863399505615 4188.97 6223.37 4348.87 6203.28 4366.92 6346.93 4207.02 6367.02
26071-750-M6-085-00012 0.07959721237421036 7765.55 967.99 7908.40 960.42 7916.34 1110.27 7773.49 1117.84
26071-750-M6-085-00012 0.07693459093570709 7192.72 1298.71 7381.18 1316.36 7372.57 1408.28 7184.11 1390.63
26071-750-M6-085-00012 0.06586558371782303 6256.37 1914.06 6419.15 1906.23 6423.72 2001.21 6260.94 2009.04
26071-750-M6-085-00012 0.06520560383796692 2289.77 4461.03 2438.80 4463.21 2436.63 4611.21 2287.60 4609.03
26071-750-M6-085-00012 0.06118588149547577 3654.14 2268.10 3830.71 2266.48 3831.65 2369.59 3655.08 2371.21
26071-750-M6-085-00012 0.05904822424054146 3277.67 2162.01 3463.05 2157.25 3465.75 2262.83 3280.37 2267.58
26071-750-M6-085-00012 0.05707736313343048 6252.83 2274.81 6422.29 2265.64 6427.92 2369.83 6258.47 2379.00
26071-750-M6-085-00012 0.056245092302560806 4843.60 3561.36 4992.32 3554.46 4999.41 3707.08 4850.69 3713.98
26071-750-M6-085-00012 0.05377703905105591 711.10 4523.68 869.00 4503.00 876.60 4561.01 718.69 4581.68
26071-750-M6-085-00012 0.051694612950086594 7163.86 4495.81 7315.27 4493.16 7317.90 4642.85 7166.48 4645.50
26071-750-M6-085-00012 0.051531050354242325 5153.26 1968.98 5340.51 1978.08 5335.17 2087.96 5147.92 2078.86
26071-750-M6-085-00012 0.051236070692539215 4051.21 1900.11 4241.98 1894.17 4245.32 2001.45 4054.55 2007.39
26071-200-M6-062-00277 0.07487402856349945 5656.08 5321.67 5825.65 5312.53 5831.25 5416.30 5661.67 5425.44
26071-200-M6-062-00277 0.07182835787534714 4221.66 5310.53 4403.89 5304.16 4407.79 5415.79 4225.56 5422.16
26071-200-M6-062-00277 0.07062006741762161 5606.44 1619.07 5960.00 1598.53 5965.55 1693.92 5611.98 1714.46
26071-200-M6-062-00277 0.06543013453483582 4070.94 3398.07 4432.97 3367.58 4440.34 3455.01 4078.30 3485.50
26071-200-M6-062-00277 0.06470385938882828 5605.61 2911.00 5971.19 2917.69 5969.60 3004.27 5604.02 2997.57
26071-200-M6-062-00277 0.0640677884221077 2947.21 4258.62 3114.69 4250.80 3119.31 4349.95 2951.83 4357.76
26071-200-M6-062-00277 0.06271196156740189 4063.05 1614.68 4432.52 1609.20 4433.85 1698.87 4064.38 1704.36
26071-200-M6-062-00277 0.06097519397735596 6251.78 5323.09 6412.98 5315.96 6417.17 5410.89 6255.98 5418.02
26071-200-M6-062-00277 0.06067940220236778 5608.12 1961.56 5967.64 1969.67 5965.64 2058.09 5606.13 2049.98
26071-200-M6-062-00277 0.05290087312459946 3271.41 2364.75 3467.57 2354.59 3473.09 2461.28 3276.94 2471.43
26071-200-M6-062-00277 0.052360329777002335 754.60 3622.35 1111.95 3627.07 1111.08 3693.40 753.73 3688.69
26071-200-M6-062-00277 0.050612855702638626 4059.36 3031.08 4429.80 3036.72 4428.54 3119.48 4058.10 3113.84
26071-200-M6-052-00544 0.12755972146987915 1330.63 4237.30 1412.52 4240.24 1404.45 4465.65 1322.55 4462.72
26071-200-M6-052-00544 0.05065903067588806 5987.44 5360.93 6118.38 5406.42 6093.14 5479.06 5962.21 5433.57
26071-600-M6-066-00003 0.06462478637695312 2419.82 5313.44 2559.37 5297.03 2579.04 5464.34 2439.49 5480.75
26071-750-M6-085-00309 0.97981858253479 3020.20 3341.41 3104.14 3340.20 3106.07 3474.03 3022.13 3475.24
26071-750-M6-085-00309 0.0702374279499054 2973.85 3179.56 3106.29 3180.66 3104.96 3340.88 2972.52 3339.78
