26071-200-M6-052-00001 0.09812292456626892 2488.83 3384.27 3069.49 3377.04 3072.01 3579.90 2491.35 3587.13
26071-500-M6-059-00017 0.08952518552541733 5812.49 3699.09 6278.96 3690.60 6283.11 3918.87 5816.65 3927.36
26071-500-M6-059-00017 0.08746466785669327 3804.75 3726.44 4270.93 3737.79 4266.02 3939.42 3799.84 3928.07
26071-500-M6-059-00017 0.0864933580160141 1801.29 3682.42 2276.69 3681.52 2277.14 3922.75 1801.74 3923.65
26071-500-M6-059-00017 0.06848934292793274 5354.31 3891.42 5929.49 3870.70 5935.74 4044.26 5360.56 4064.97
26071-500-M6-059-00017 0.06832581758499146 3270.16 3899.17 3915.61 3877.88 3921.23 4048.03 3275.77 4069.32
26071-200-M6-052-00539 0.15516133606433868 3379.31 5392.95 3904.51 5384.64 3907.50 5573.14 3382.29 5581.45
26071-500-M6-059-00248 0.2729611396789551 4611.13 4428.14 5151.31 4425.56 5152.32 4635.37 4612.14 4637.95
26071-500-M6-059-00248 0.05567736178636551 5030.97 4304.91 5350.22 4511.90 5273.32 4630.51 4954.07 4423.52
26071-203-M6-325-00012 0.05158911645412445 2184.63 3545.62 2532.54 3585.45 2510.99 3773.75 2163.07 3733.92
26071-700-M6-054-00246 0.052686240524053574 4270.42 3036.62 4817.41 3050.94 4812.01 3257.24 4265.02 3242.92
26071-550-M6-084-00248 0.2364940643310547 4621.32 3959.49 5152.56 3951.06 5155.88 4160.50 4624.65 4168.92
26071-550-M6-084-00248 0.06084316596388817 4624.84 4128.91 5255.35 4129.84 5255.03 4347.00 4624.52 4346.07
26071-200-M6-052-00080 0.11479490995407104 6575.63 3869.56 7095.29 3863.81 7097.43 4057.77 6577.78 4063.51
26071-200-M6-052-00080 0.10046002268791199 3132.92 3863.82 3661.25 3861.61 3662.05 4053.07 3133.72 4055.28
26071-300-M6-053-00309 0.08737526834011078 3427.89 3050.82 4167.98 3130.21 4145.79 3336.99 3405.70 3257.59
26071-300-M6-053-00309 0.0636461079120636 3366.99 5166.67 4149.83 5215.95 4136.60 5426.07 3353.76 5376.79
26071-200-M6-052-00552 0.05833493918180466 3798.34 2401.71 4254.58 2471.18 4216.17 2723.41 3759.93 2653.95
26071-750-M6-085-00007 0.08763526380062103 3656.93 2600.06 4175.10 2605.91 4173.00 2792.00 3654.83 2786.14
26071-750-M6-085-00007 0.0847601667046547 2106.55 2597.39 2595.89 2607.48 2591.83 2804.42 2102.49 2794.32
26071-750-M6-085-00007 0.06963159888982773 3297.15 2620.56 3719.37 2638.22 3713.93 2768.16 3291.72 2750.49
26071-750-M6-085-00007 0.06521719694137573 1679.33 2605.31 2120.65 2641.26 2111.01 2759.63 1669.69 2723.68
26071-203-M6-337-00031 0.06697894632816315 5419.54 1444.10 5966.07 1455.62 5959.69 1758.48 5413.15 1746.96
26071-203-M6-337-00031 0.056292176246643066 5460.91 1226.32 5971.30 1210.66 5979.67 1483.45 5469.28 1499.11
26071-203-M6-337-00031 0.05522249639034271 4953.36 3952.68 5468.00 3941.20 5472.99 4164.79 4958.35 4176.28
26071-203-M6-337-00031 0.0551857054233551 4952.62 4853.44 5468.19 4840.34 5473.88 5064.11 4958.31 5077.21
26071-203-M6-337-00031 0.054426077753305435 4813.76 3198.01 5705.09 3207.89 5702.69 3423.91 4811.37 3414.04
26071-203-M6-337-00031 0.05086534097790718 4706.52 2740.98 5145.44 2745.68 5143.44 2932.40 4704.52 2927.70
26071-203-M6-337-00031 0.050614550709724426 4927.16 1661.53 5603.73 1639.56 5613.13 1929.04 4936.56 1951.01
26071-203-M6-337-00031 0.05048837885260582 3655.90 574.84 4044.38 579.25 4041.72 812.71 3653.24 808.30
26071-203-M6-332-00001 0.07800385355949402 2738.12 3039.11 3153.02 2845.49 3434.59 3448.85 3019.70 3642.48
26071-203-M6-332-00001 0.07464073598384857 4792.60 3090.24 5143.05 2832.28 5547.90 3382.29 5197.45 3640.25
26071-203-M6-332-00001 0.06930362433195114 3101.44 3066.15 3447.86 2824.01 3847.67 3396.00 3501.25 3638.14
26071-203-M6-332-00001 0.0633750855922699 5198.56 3079.17 5542.98 2828.32 5948.10 3384.56 5603.69 3635.41
26071-203-M6-332-00001 0.057277001440525055 3873.42 3015.12 4719.00 3157.12 4658.33 3518.37 3812.75 3376.37
26071-203-M6-332-00001 0.0526224821805954 5717.31 3253.84 6276.17 3293.30 6268.31 3404.49 5709.46 3365.02
26071-200-M6-052-00150 0.06774193048477173 3438.79 1864.59 3815.69 1875.73 3808.94 2104.03 3432.05 2092.89
26071-200-M6-052-00003 0.06318961083889008 4189.08 4634.32 4401.45 4626.88 4416.26 5049.84 4203.89 5057.28
26071-700-M6-054-00036 0.10960911214351654 3983.06 3440.78 4553.98 3488.66 4536.55 3696.53 3965.63 3648.65
26071-600-M6-065-00231 0.09274277091026306 6038.19 3301.41 6550.75 3310.40 6547.48 3497.31 6034.91 3488.32
26071-600-M6-065-00231 0.07603958994150162 6508.00 3289.61 7044.52 3307.57 7037.94 3504.18 6501.42 3486.22
26071-600-M6-065-00231 0.07060819864273071 3206.01 3494.05 3809.45 3518.98 3801.11 3720.84 3197.66 3695.90
26071-600-M6-065-00231 0.05245254561305046 6957.55 3295.67 7436.22 3323.25 7426.45 3492.70 6947.78 3465.12
26071-500-M6-059-00116 0.10906559228897095 3911.73 4082.36 4486.37 4078.28 4487.81 4280.65 3913.17 4284.73
26071-200-M6-052-00090 0.11227370798587799 2730.04 3448.86 3286.66 3455.15 3284.33 3661.56 2727.71 3655.27
26071-200-M6-052-00090 0.11071991920471191 5751.13 3448.29 6313.10 3467.76 6306.13 3668.89 5744.16 3649.43
26071-200-M6-052-00090 0.056126948446035385 2531.91 3352.78 3045.21 3336.31 3049.97 3484.77 2536.68 3501.24
26071-200-M6-052-00090 0.05564376339316368 2376.50 3388.85 2515.16 3384.26 2526.11 3715.58 2387.45 3720.17
26071-300-M6-053-00010 0.18461978435516357 2093.74 4313.26 2633.93 4306.50 2636.57 4517.36 2096.38 4524.12
26071-200-M6-052-00540 0.06446656584739685 3797.38 4372.68 4364.23 4367.89 4365.74 4545.52 3798.88 4550.30
26071-203-M6-160-00291 0.15006123483181 2838.03 3547.53 3825.56 3608.10 3809.88 3863.87 2822.34 3803.29
26071-200-M6-063-00010 0.1121186763048172 2551.19 3959.06 3074.11 3951.17 3077.12 4150.83 2554.21 4158.72
26071-203-M6-060-00006 0.09412255883216858 2691.16 4213.81 3178.53 4202.42 3183.35 4408.60 2695.98 4420.00
26071-203-M6-060-00006 0.08285906165838242 3278.38 4195.58 3771.07 4197.88 3770.10 4405.69 3277.41 4403.39
26071-203-M6-060-00006 0.07078573852777481 5909.70 4079.19 6400.59 4086.51 6397.93 4264.74 5907.04 4257.42
26071-300-M6-053-00012 0.2327209711074829 5121.89 2265.63 5665.77 2255.86 5669.61 2469.61 5125.73 2479.39
26071-300-M6-053-00012 0.05799625441431999 4217.32 3447.17 4489.96 3458.20 4467.92 4003.18 4195.28 3992.16
26071-675-M6-068-00034 0.10235122591257095 3413.07 4846.83 3861.74 4844.16 3862.93 5043.72 3414.26 5046.39
26071-675-M6-068-00034 0.10065891593694687 2662.88 4850.55 3113.16 4833.67 3120.71 5035.14 2670.43 5052.02
26071-450-M6-082-00031 0.24239660799503326 3060.63 3215.65 3592.88 3222.20 3590.23 3438.22 3057.97 3431.67
26071-200-M6-062-00276 0.053536929190158844 2399.90 4580.71 2523.13 4636.41 2489.38 4711.07 2366.15 4655.36
26071-600-M6-065-00021 0.051795829087495804 2331.55 1421.27 2638.28 1544.45 2588.86 1667.51 2282.13 1544.33
26071-500-M6-059-00013 0.07530619204044342 2882.72 4897.64 3300.91 4897.10 3301.19 5112.86 2883.00 5113.40
26071-200-M6-052-00093 0.1439553201198578 4037.11 1458.88 4583.05 1466.05 4580.41 1667.62 4034.46 1660.45
26071-200-M6-052-00093 0.13515862822532654 4017.34 3828.71 4565.32 3829.77 4564.94 4030.44 4016.95 4029.39
26071-200-M6-052-00093 0.10412482172250748 3984.15 4489.37 4614.83 4459.12 4624.20 4654.59 3993.53 4684.84
26071-200-M6-052-00093 0.09168393164873123 3992.34 2245.01 4602.97 2236.24 4605.77 2431.21 3995.13 2439.97
26071-200-M6-052-00093 0.06831880658864975 3998.35 3705.32 4587.55 3712.51 4585.89 3848.39 3996.69 3841.20
26071-200-M6-052-00093 0.06697030365467072 4008.72 1349.13 4598.41 1349.00 4598.44 1491.12 4008.75 1491.25
26071-200-M6-052-00093 0.05581085383892059 3925.82 4655.73 4329.16 4659.99 4327.56 4811.10 3924.23 4806.84
26071-200-M6-052-00002 0.12895353138446808 2974.81 3121.08 3543.81 3101.51 3550.75 3303.47 2981.76 3323.04
26071-675-M6-068-10002 0.08860171586275101 3735.24 1584.79 4318.81 1560.51 4326.66 1749.09 3743.08 1773.37
26071-675-M6-068-10002 0.08314227312803268 4557.17 1586.18 5096.75 1573.13 5100.95 1746.88 4561.38 1759.94
26071-675-M6-068-10002 0.06018434837460518 2147.94 4322.27 2834.72 4316.42 2836.41 4514.30 2149.62 4520.14
26071-675-M6-068-10002 0.05261930823326111 3412.36 4430.66 3985.85 4415.43 3991.38 4623.61 3417.88 4638.83
26071-750-M6-085-00012 0.13044771552085876 7227.94 3753.73 7662.56 3780.21 7654.79 3907.71 7220.17 3881.24
26071-750-M6-085-00012 0.12458403408527374 5023.91 3760.83 5474.31 3771.83 5471.16 3900.93 5020.76 3889.93
26071-750-M6-085-00012 0.11046679317951202 3109.12 4255.49 3587.82 4260.82 3585.63 4457.33 3106.93 4452.00
26071-750-M6-085-00012 0.109770767390728 2726.91 3639.96 3186.10 3661.00 3180.30 3787.59 2721.11 3766.56
26071-750-M6-085-00012 0.10297786444425583 5006.10 5100.44 5513.42 5100.29 5513.46 5247.28 5006.14 5247.42
26071-750-M6-085-00012 0.10035333037376404 7236.82 4260.55 7680.38 4234.07 7693.12 4447.41 7249.56 4473.89
26071-750-M6-085-00012 0.09601303189992905 2735.27 5131.56 3184.02 5104.24 3191.88 5233.34 2743.13 5260.66
26071-750-M6-085-00012 0.09184937924146652 5075.58 4241.09 5501.88 4245.10 5499.85 4460.18 5073.56 4456.18
26071-750-M6-085-00012 0.09110011160373688 2340.29 4250.47 2811.84 4269.82 2804.31 4453.38 2332.76 4434.03
26071-750-M6-085-00012 0.09045577794313431 7230.66 5124.93 7703.45 5134.52 7701.20 5245.37 7228.41 5235.78
26071-750-M6-085-00012 0.0613754503428936 716.43 1747.35 1174.79 1730.53 1183.00 1954.20 724.64 1971.02
26071-750-M6-085-00309 0.06963665038347244 2944.73 2433.44 3608.73 2409.87 3612.41 2513.59 2948.42 2537.17
26071-750-M6-085-00309 0.060041069984436035 5165.69 2417.09 5805.50 2409.34 5806.78 2514.83 5166.97 2522.58
