26071-200-M6-052-00001 0.1178450658917427 3083.57 3594.93 3209.75 3595.77 3209.53 3628.37 3083.35 3627.53
26071-200-M6-052-00001 0.06907135248184204 3170.96 3342.65 3220.55 3353.99 3213.96 3382.78 3164.37 3371.44
26071-200-M6-052-00001 0.06711507588624954 3492.19 4849.40 3540.52 4847.82 3545.64 5003.69 3497.31 5005.28
26071-200-M6-052-00001 0.06678140163421631 4018.20 4507.38 4052.23 4507.73 4051.68 4561.77 4017.65 4561.42
26071-200-M6-052-00001 0.061390239745378494 3669.29 5448.47 3806.63 5450.17 3806.24 5481.44 3668.91 5479.74
26071-200-M6-052-00001 0.05917246639728546 3781.26 5607.27 3797.28 5606.97 3797.79 5634.06 3781.77 5634.36
26071-200-M6-052-00001 0.05176025256514549 3673.17 4000.04 3799.96 4003.20 3799.17 4035.01 3672.37 4031.84
26071-500-M6-059-00017 0.9178776741027832 1905.72 3736.34 1920.74 3736.60 1920.61 3743.95 1905.59 3743.68
26071-500-M6-059-00017 0.9173683524131775 5921.74 3736.35 5936.82 3736.61 5936.69 3743.96 5921.62 3743.70
26071-500-M6-059-00017 0.9170577526092529 736.94 3772.03 752.00 3772.48 751.78 3779.74 736.72 3779.29
26071-500-M6-059-00017 0.912517249584198 3913.79 3736.37 3928.71 3736.68 3928.56 3744.05 3913.64 3743.74
26071-500-M6-059-00017 0.9093945026397705 5779.35 3901.82 5787.12 3901.77 5787.22 3916.79 5779.45 3916.84
26071-500-M6-059-00017 0.9088616967201233 1763.49 3759.81 1771.19 3759.61 1771.58 3774.43 1763.88 3774.63
26071-500-M6-059-00017 0.9088094234466553 5779.54 3759.82 5787.06 3759.80 5787.11 3774.38 5779.59 3774.40
26071-500-M6-059-00017 0.9044514298439026 3771.68 3901.41 3779.37 3901.16 3779.86 3916.45 3772.17 3916.70
26071-500-M6-059-00017 0.8998864889144897 3771.45 3760.04 3779.21 3759.77 3779.73 3774.54 3771.97 3774.81
26071-500-M6-059-00017 0.8828515410423279 1764.42 3901.63 1771.91 3901.60 1771.96 3916.57 1764.47 3916.59
26071-500-M6-059-00017 0.10841302573680878 3776.41 3897.14 3785.13 3896.12 3787.83 3919.26 3779.11 3920.28
26071-500-M6-059-00017 0.09131335467100143 3780.38 3819.97 3806.41 3822.04 3803.60 3857.41 3777.57 3855.34
26071-500-M6-059-00017 0.08382657170295715 1989.49 4757.98 2001.74 4758.86 1999.99 4783.31 1987.74 4782.43
26071-500-M6-059-00017 0.07826396822929382 3779.08 3750.01 3787.35 3750.80 3785.73 3767.89 3777.46 3767.10
26071-500-M6-059-00017 0.07162699103355408 5771.62 3899.84 5779.56 3899.81 5779.62 3916.98 5771.68 3917.00
26071-500-M6-059-00017 0.07051146775484085 6207.15 3726.61 6248.31 3704.04 6262.32 3729.59 6221.15 3752.16
26071-500-M6-059-00017 0.06714430451393127 4182.49 3718.24 4258.27 3722.56 4246.18 3934.41 4170.40 3930.09
26071-500-M6-059-00017 0.06676178425550461 6486.15 3150.86 6505.32 3151.48 6504.36 3181.59 6485.19 3180.98
26071-500-M6-059-00017 0.06657105684280396 2136.13 3718.14 2180.49 3708.64 2186.59 3737.08 2142.23 3746.58
26071-500-M6-059-00017 0.06642939895391464 2194.54 3713.73 2241.95 3712.29 2242.81 3740.67 2195.40 3742.11
26071-500-M6-059-00017 0.06319736689329147 3766.48 1084.83 3798.05 1086.91 3797.06 1101.92 3765.50 1099.84
26071-500-M6-059-00017 0.06100183352828026 6189.32 3697.44 6210.29 3716.82 6174.37 3755.69 6153.40 3736.31
26071-500-M6-059-00017 0.05955050513148308 4204.88 3710.03 4249.70 3715.23 4246.35 3744.02 4201.54 3738.82
26071-500-M6-059-00017 0.051173385232686996 1876.30 3921.89 1905.90 3924.78 1900.85 3976.44 1871.25 3973.54
26071-500-M6-059-00017 0.05009353533387184 4145.93 3713.17 4191.26 3712.20 4191.89 3741.68 4146.56 3742.65
26071-600-M6-066-00012 0.16341938078403473 5406.15 1363.94 5469.57 1364.36 5467.63 1653.67 5404.21 1653.25
26071-600-M6-066-00012 0.07309874892234802 4497.74 2467.53 4629.22 2465.61 4629.69 2497.35 4498.20 2499.28
26071-600-M6-066-00012 0.050077296793460846 3352.87 1581.70 3581.22 1582.69 3581.02 1630.09 3352.66 1629.11
26071-200-M6-052-00539 0.083242267370224 2133.99 3147.13 2269.86 3154.82 2267.99 3187.74 2132.13 3180.05
26071-200-M6-052-00539 0.07556550204753876 2257.78 2829.25 2305.53 2830.31 2299.56 3098.76 2251.81 3097.70
26071-200-M6-052-00539 0.06541239470243454 3768.72 5602.89 3897.95 5603.99 3897.68 5635.93 3768.45 5634.82
26071-200-M6-052-00539 0.05914263799786568 2125.35 3991.45 2342.39 3993.10 2342.04 4040.11 2124.99 4038.46
26071-200-M6-052-00539 0.05447155982255936 1872.35 4380.16 1874.61 4380.15 1874.82 4427.80 1872.56 4427.81
26071-200-M6-052-00539 0.05427097901701927 3304.08 5323.68 3937.90 5357.29 3923.69 5625.27 3289.87 5591.66
26071-200-M6-052-00539 0.05128144845366478 2177.97 4495.84 2327.27 4517.72 2316.38 4592.00 2167.08 4570.11
26071-500-M6-059-00248 0.10333757847547531 5080.15 4659.83 5197.95 4660.45 5197.78 4692.71 5079.98 4692.09
26071-500-M6-059-00248 0.05555415526032448 4597.74 4378.50 4700.83 4380.58 4700.20 4412.03 4597.10 4409.95
26071-500-M6-059-00248 0.051876749843358994 6598.41 4992.27 6614.05 4992.48 6613.69 5019.30 6598.05 5019.10
26071-500-M6-059-00248 0.05008978396654129 6590.49 6288.41 6636.52 6285.07 6637.76 6302.23 6591.73 6305.57
26071-203-M6-325-00012 0.0528595894575119 1582.92 5674.79 1617.02 5671.00 1628.21 5771.61 1594.11 5775.40
26071-700-M6-054-00246 0.06833089143037796 4454.37 4340.25 4584.53 4340.53 4584.46 4372.30 4454.30 4372.02
26071-700-M6-054-00246 0.05040394887328148 4187.12 4040.46 4189.61 4040.47 4189.38 4087.97 4186.88 4087.96
26071-700-M6-054-00246 0.050045195966959 6178.39 2392.96 6198.65 2389.79 6204.56 2427.53 6184.31 2430.71
26071-500-M6-059-00040 0.9397631883621216 3748.30 2578.64 3762.96 2578.64 3762.96 2586.13 3748.30 2586.13
26071-500-M6-059-00040 0.928390622138977 2803.35 5059.85 2810.37 5059.93 2810.21 5073.96 2803.19 5073.87
26071-500-M6-059-00040 0.9120325446128845 4101.81 5059.54 4109.27 5059.55 4109.25 5074.09 4101.78 5074.08
26071-500-M6-059-00040 0.14200444519519806 3774.28 2864.71 3801.27 2862.57 3804.73 2906.21 3777.74 2908.35
26071-500-M6-059-00040 0.09963306784629822 4255.84 4739.78 4290.36 4741.74 4287.11 4798.83 4252.59 4796.86
26071-500-M6-059-00040 0.089068703353405 4129.85 5808.31 4131.61 5806.70 4163.05 5840.85 4161.29 5842.47
26071-500-M6-059-00040 0.08850202709436417 4126.57 5809.90 4128.15 5808.42 4161.08 5843.79 4159.50 5845.27
26071-500-M6-059-00040 0.08620990812778473 1600.54 2391.22 1613.23 2390.96 1614.06 2431.69 1601.36 2431.95
26071-500-M6-059-00040 0.0731629729270935 1337.46 2392.42 1342.16 2392.48 1341.77 2426.25 1337.06 2426.19
26071-500-M6-059-00040 0.07139388471841812 2395.35 5047.00 2413.19 5045.92 2415.76 5088.49 2397.93 5089.57
26071-500-M6-059-00040 0.07123897224664688 5872.15 2854.54 5905.84 2851.79 5911.09 2916.06 5877.41 2918.81
26071-500-M6-059-00040 0.06720715016126633 2957.76 4736.58 2992.39 4739.04 2988.24 4797.44 2953.61 4794.98
26071-500-M6-059-00040 0.06472339481115341 3756.14 2583.34 3770.29 2583.86 3770.03 2591.10 3755.87 2590.59
26071-500-M6-059-00040 0.0625004991889 1593.51 2393.81 1597.84 2393.65 1599.15 2430.01 1594.82 2430.16
26071-500-M6-059-00040 0.062372393906116486 2765.38 4733.95 2829.49 4783.07 2807.60 4811.65 2743.48 4762.52
26071-500-M6-059-00040 0.05931343510746956 1893.10 2761.30 1918.40 2760.88 1918.45 2763.86 1893.15 2764.29
26071-500-M6-059-00040 0.05914105474948883 1450.50 2390.67 1466.87 2388.82 1471.71 2431.56 1455.35 2433.42
26071-500-M6-059-00040 0.05698242038488388 4054.46 4739.58 4086.79 4734.59 4096.74 4798.97 4064.40 4803.97
26071-500-M6-059-00040 0.0545320063829422 4091.63 4285.74 4103.05 4287.29 4099.76 4311.46 4088.34 4309.91
26071-203-M6-333-00010 0.06574876606464386 5476.08 3651.81 6014.33 3651.94 6014.32 3715.13 5476.07 3715.00
26071-203-M6-333-00010 0.05432892590761185 2345.67 524.72 2395.40 524.91 2394.20 827.16 2344.47 826.97
26071-203-M6-333-00010 0.052929725497961044 2555.28 3730.17 2603.31 3729.88 2604.72 3964.04 2556.68 3964.32
26071-750-M6-085-00286 0.9469630718231201 5071.42 3311.08 5078.53 3311.46 5077.73 3326.53 5070.61 3326.15
26071-750-M6-085-00286 0.9442603588104248 5897.67 3311.41 5905.07 3311.62 5904.64 3326.55 5897.23 3326.34
26071-750-M6-085-00286 0.06500370055437088 5035.44 3277.05 5183.21 3246.91 5232.20 3487.07 5084.43 3517.21
26071-750-M6-085-00286 0.06037082150578499 5074.47 4958.14 5224.40 5095.53 5166.45 5158.77 5016.52 5021.38
26071-550-M6-084-00248 0.16797225177288055 4590.02 4184.93 4721.71 4188.05 4720.92 4221.30 4589.24 4218.18
26071-550-M6-084-00248 0.08974744379520416 5078.96 3909.04 5200.19 3910.56 5199.80 3941.53 5078.58 3940.01
26071-550-M6-084-00248 0.08123195916414261 4076.11 3789.40 4101.08 3788.98 4101.24 3798.60 4076.27 3799.01
26071-550-M6-084-00248 0.058666031807661057 3914.18 3793.05 3950.86 3794.19 3950.77 3797.33 3914.08 3796.18
26071-550-M6-084-00248 0.05235157534480095 4495.74 3776.33 4540.24 3794.28 4534.40 3808.74 4489.91 3790.80
26071-550-M6-084-00248 0.05233548954129219 1011.42 5189.55 1232.02 5191.45 1231.61 5239.90 1011.00 5238.00
26071-203-M6-332-00008 0.9597628116607666 2241.32 4056.95 2255.93 4056.81 2256.00 4063.92 2241.39 4064.06
26071-203-M6-332-00008 0.958800196647644 4641.27 4056.92 4655.95 4056.76 4656.03 4063.90 4641.35 4064.06
26071-203-M6-332-00008 0.9569570422172546 7071.32 4057.27 7086.12 4057.01 7086.24 4064.21 7071.44 4064.46
26071-203-M6-332-00008 0.0605752095580101 7079.40 3773.46 7105.82 3777.74 7105.28 3781.08 7078.86 3776.79
26071-200-M6-052-00080 0.22235022485256195 2199.21 6486.21 2219.61 6485.45 2219.95 6494.51 2199.55 6495.26
26071-200-M6-052-00080 0.1307584047317505 3784.60 5975.56 3789.89 5973.39 3799.38 5996.58 3794.09 5998.74
26071-200-M6-052-00080 0.12068439275026321 3403.27 3704.82 3536.53 3709.77 3535.38 3740.62 3402.12 3735.68
26071-200-M6-052-00080 0.10896828770637512 2943.67 6487.81 2964.88 6488.58 2964.54 6497.87 2943.33 6497.11
26071-200-M6-052-00080 0.08515497297048569 6826.88 3702.96 6961.30 3712.17 6959.20 3742.73 6824.78 3733.51
26071-200-M6-052-00080 0.06824822723865509 6294.34 4091.46 6427.23 4093.20 6426.82 4124.71 6293.93 4122.97
26071-200-M6-052-00080 0.0662805438041687 2794.72 3873.78 2835.18 3863.50 2858.10 3953.72 2817.64 3964.00
26071-200-M6-052-00080 0.06185544654726982 6618.04 4095.82 6760.02 4089.44 6761.45 4121.16 6619.47 4127.53
26071-200-M6-052-00080 0.057830728590488434 3783.36 3593.22 3791.37 3588.35 3803.27 3607.93 3795.27 3612.80
26071-200-M6-052-00080 0.057282306253910065 2710.12 6489.05 2742.63 6488.10 2742.73 6491.78 2710.22 6492.73
26071-200-M6-052-00080 0.056055087596178055 6223.58 3871.64 6262.86 3863.10 6281.85 3950.47 6242.56 3959.01
26071-200-M6-052-00080 0.05536799505352974 3783.23 4421.86 3790.86 4416.29 3801.72 4431.18 3794.08 4436.75
26071-200-M6-052-00080 0.055291011929512024 2861.90 4089.73 3007.19 4096.28 3005.78 4127.65 2860.48 4121.10
26071-200-M6-052-00080 0.05525347217917442 3188.36 4097.53 3332.83 4088.02 3334.91 4119.62 3190.44 4129.13
26071-200-M6-052-00080 0.05471855401992798 3167.03 3705.95 3305.84 3705.55 3305.94 3737.99 3167.12 3738.38
26071-200-M6-052-00080 0.05264575779438019 3784.40 3426.68 3792.56 3423.79 3799.74 3444.06 3791.59 3446.95
26071-200-M6-052-00080 0.050991494208574295 6779.24 1384.61 6798.45 1394.49 6795.18 1400.84 6775.97 1390.96
26071-200-M6-052-00080 0.05003291741013527 2745.13 3998.16 2780.00 3995.47 2784.82 4057.97 2749.94 4060.65
26071-203-M6-321-00604 0.08077390491962433 4678.17 1125.06 4689.19 1118.21 4703.97 1141.99 4692.95 1148.84
26071-203-M6-321-00604 0.07503782957792282 4332.39 2274.13 4362.24 2288.83 4352.10 2309.42 4322.25 2294.72
26071-203-M6-321-00604 0.07449544221162796 4651.12 578.85 4700.70 577.13 4711.72 893.75 4662.15 895.48
26071-203-M6-321-00604 0.06667694449424744 7085.35 1017.74 7108.15 1031.00 7103.29 1039.37 7080.49 1026.10
26071-203-M6-321-00604 0.05786365643143654 1890.19 1079.31 1921.42 1082.34 1919.48 1102.42 1888.24 1099.39
26071-203-M6-321-00604 0.050660472363233566 3266.04 5597.11 3322.25 5595.46 3331.73 5918.16 3275.51 5919.81
26071-300-M6-053-00309 0.9556226134300232 5543.09 5098.34 5557.62 5098.08 5557.75 5105.12 5543.21 5105.38
26071-300-M6-053-00309 0.09454038739204407 3397.66 3045.46 3438.36 3059.84 3428.47 3087.82 3387.78 3073.44
26071-300-M6-053-00309 0.08599735051393509 6056.63 1211.74 6135.41 1212.45 6134.11 1355.19 6055.32 1354.47
26071-300-M6-053-00309 0.07267140597105026 3392.78 5173.87 3436.71 5177.58 3434.15 5207.83 3390.22 5204.12
26071-300-M6-053-00309 0.059552695602178574 5976.63 2040.82 6059.38 2043.92 6053.86 2191.14 5971.11 2188.04
26071-300-M6-053-00309 0.05524212867021561 4926.63 4704.40 5611.71 4787.69 5579.32 5054.12 4894.24 4970.83
26071-450-M6-082-00009 0.9364801645278931 2400.77 2703.93 2415.79 2703.69 2415.91 2710.72 2400.88 2710.97
26071-450-M6-082-00009 0.9211278557777405 2367.56 2577.65 2381.14 2581.27 2379.46 2587.54 2365.89 2583.93
26071-450-M6-082-00009 0.9170196652412415 2354.16 2637.56 2361.53 2637.51 2361.64 2652.30 2354.27 2652.36
26071-450-M6-082-00009 0.9141777157783508 2401.07 2578.93 2416.56 2579.53 2416.28 2586.93 2400.78 2586.33
26071-450-M6-082-00009 0.90265291929245 2367.88 2703.23 2381.43 2707.28 2379.44 2713.93 2365.90 2709.88
26071-450-M6-082-00009 0.1410510092973709 2360.89 2582.89 2367.12 2579.74 2373.95 2593.27 2367.72 2596.42
26071-450-M6-082-00009 0.1299087554216385 3849.65 4629.99 3883.80 4628.50 3886.14 4682.14 3851.99 4683.63
26071-450-M6-082-00009 0.1243162527680397 2489.65 2770.33 2618.79 2765.83 2619.96 2799.43 2490.82 2803.92
26071-450-M6-082-00009 0.0994933620095253 2380.17 2581.79 2394.10 2581.26 2394.37 2588.38 2380.45 2588.91
26071-450-M6-082-00009 0.08458924293518066 5582.77 5112.49 5592.83 5111.76 5593.99 5127.79 5583.93 5128.52
26071-450-M6-082-00009 0.0818357989192009 2487.21 2491.70 2620.24 2488.00 2621.14 2520.42 2488.11 2524.12
26071-450-M6-082-00009 0.07055428624153137 3625.54 5371.62 3656.98 5369.90 3660.03 5425.65 3628.59 5427.37
26071-450-M6-082-00009 0.0673191100358963 2400.94 2708.91 2415.70 2712.36 2413.75 2720.70 2398.99 2717.25
26071-450-M6-082-00009 0.06645824015140533 3627.29 4622.85 3660.63 4625.45 3655.89 4686.33 3622.55 4683.73
26071-450-M6-082-00009 0.06296419352293015 3407.52 1375.94 3441.69 1376.65 3441.11 1404.64 3406.93 1403.93
26071-450-M6-082-00009 0.0566791407763958 3627.87 5024.61 3663.23 5026.19 3660.72 5082.40 3625.35 5080.81
26071-450-M6-082-00009 0.05429670587182045 2384.70 2703.96 2399.76 2703.47 2400.00 2710.77 2384.94 2711.26
26071-450-M6-082-00009 0.05401775985956192 3598.57 5191.46 3631.19 5191.42 3631.36 5323.42 3598.73 5323.46
26071-200-M6-052-00552 0.09173743426799774 4173.95 2854.55 4207.33 2855.61 4205.43 2915.59 4172.06 2914.53
26071-200-M6-052-00552 0.07047992199659348 3826.93 2738.90 3860.87 2737.60 3862.99 2792.90 3829.05 2794.20
26071-200-M6-052-00552 0.05848411098122597 4213.43 2858.21 4230.35 2858.46 4229.66 2905.39 4212.73 2905.14
26071-200-M6-052-00552 0.0526466891169548 5617.24 4127.20 5837.35 4128.16 5837.14 4176.76 5617.03 4175.81
26071-750-M6-085-00007 0.9585360288619995 2980.49 3058.84 2995.19 3059.07 2995.07 3066.22 2980.38 3065.99
26071-750-M6-085-00007 0.9565359354019165 1386.11 3058.69 1400.88 3059.15 1400.66 3066.26 1385.88 3065.80
26071-750-M6-085-00007 0.9552195072174072 1917.83 3058.53 1932.57 3058.99 1932.34 3066.10 1917.61 3065.64
26071-750-M6-085-00007 0.9484607577323914 3511.56 3059.26 3526.37 3059.18 3526.41 3066.30 3511.60 3066.39
26071-750-M6-085-00007 0.09920556098222733 4960.84 3920.34 4993.27 3919.61 4994.43 3970.69 4962.00 3971.43
26071-750-M6-085-00007 0.0968310758471489 4050.60 2584.30 4096.70 2583.84 4096.87 2600.93 4050.77 2601.40
26071-750-M6-085-00007 0.09369618445634842 4961.71 4511.89 4993.38 4511.46 4994.08 4562.54 4962.41 4562.97
26071-750-M6-085-00007 0.07331334054470062 2457.59 2585.44 2504.97 2584.46 2505.31 2601.06 2457.93 2602.03
26071-750-M6-085-00007 0.06774056702852249 6330.01 6190.47 6376.57 6190.37 6376.57 6193.10 6330.02 6193.20
26071-750-M6-085-00007 0.06032657250761986 2536.01 2618.00 2583.97 2613.61 2586.70 2643.46 2538.74 2647.85
26071-750-M6-085-00007 0.05530361458659172 1385.96 3064.26 1403.16 3065.89 1402.44 3073.52 1385.24 3071.89
26071-750-M6-085-00007 0.05259577929973602 1383.89 3210.81 1402.19 3210.86 1402.08 3258.80 1383.77 3258.76
26071-750-M6-085-00007 0.05203651636838913 2361.46 2638.04 2641.95 2663.32 2633.11 2761.39 2352.63 2736.12
26071-750-M6-085-00007 0.05015198513865471 3731.44 2584.48 3778.82 2583.85 3779.04 2600.45 3731.66 2601.08
26071-203-M6-064-00271 0.06150836497545242 5094.99 4572.56 5164.00 4573.15 5163.62 4617.40 5094.61 4616.80
26071-203-M6-064-00271 0.05100565031170845 1053.01 5083.52 1065.93 5082.94 1068.16 5132.97 1055.24 5133.55
26071-203-M6-337-00031 0.9408365488052368 2421.12 1008.46 2436.27 1008.21 2436.39 1015.48 2421.24 1015.73
26071-203-M6-337-00031 0.9397252798080444 2032.09 1669.66 2039.22 1669.52 2039.50 1684.02 2032.37 1684.16
26071-203-M6-337-00031 0.9375005960464478 2031.78 1188.79 2039.16 1188.61 2039.51 1203.50 2032.14 1203.68
26071-203-M6-337-00031 0.9337106943130493 2031.95 1428.60 2039.12 1428.47 2039.39 1443.31 2032.21 1443.44
26071-203-M6-337-00031 0.6275235414505005 2121.38 1007.80 2136.05 1007.49 2136.20 1014.87 2121.54 1015.18
26071-203-M6-337-00031 0.14214695990085602 6448.72 6510.66 6451.66 6510.67 6451.58 6537.76 6448.64 6537.75
26071-203-M6-337-00031 0.1303953379392624 2724.15 1930.76 2758.22 1929.00 2760.77 1978.34 2726.70 1980.10
26071-203-M6-337-00031 0.11554238200187683 2884.70 1923.81 2915.84 1927.54 2909.81 1978.02 2878.67 1974.30
26071-203-M6-337-00031 0.09141958504915237 3537.85 1647.44 3685.70 1646.31 3686.10 1698.29 3538.25 1699.42
26071-203-M6-337-00031 0.08306945115327835 2880.97 2318.85 2913.15 2317.03 2915.88 2365.43 2883.70 2367.24
26071-203-M6-337-00031 0.08064869791269302 4707.91 2099.29 4740.41 2101.21 4736.79 2162.49 4704.29 2160.56
26071-203-M6-337-00031 0.0674942135810852 6569.51 6352.60 6594.68 6353.00 6594.63 6355.99 6569.46 6355.60
26071-203-M6-337-00031 0.06547045707702637 1661.63 2543.67 1691.45 2541.16 1698.57 2625.76 1668.74 2628.27
26071-203-M6-337-00031 0.06295192986726761 6446.45 6511.26 6449.34 6511.35 6448.44 6538.73 6445.54 6538.64
26071-203-M6-337-00031 0.06009436398744583 4703.40 1381.88 4736.66 1380.71 4738.52 1434.11 4705.26 1435.28
26071-203-M6-337-00031 0.05819559469819069 4697.13 1627.00 4728.48 1617.16 4743.82 1666.07 4712.47 1675.90
26071-203-M6-337-00031 0.056545451283454895 4704.77 2880.98 4737.87 2881.71 4736.69 2935.13 4703.59 2934.40
26071-203-M6-337-00031 0.05653811991214752 4704.89 2491.28 4737.89 2491.26 4737.92 2542.81 4704.92 2542.83
26071-203-M6-337-00031 0.05602104961872101 2718.59 2325.65 2752.32 2316.72 2764.21 2361.58 2730.48 2370.52
26071-203-M6-337-00031 0.05443396046757698 4945.97 2208.01 5020.06 2211.68 5014.04 2333.38 4939.95 2329.71
26071-203-M6-337-00031 0.05442419275641441 4696.10 3126.60 4727.37 3116.86 4742.67 3165.97 4711.40 3175.71
26071-203-M6-337-00031 0.054316408932209015 3154.77 435.79 3211.43 436.51 3209.39 596.05 3152.73 595.33
26071-203-M6-337-00031 0.053419388830661774 4378.20 1502.30 4408.28 1503.77 4406.20 1546.05 4376.13 1544.57
26071-203-M6-337-00031 0.052790623158216476 3330.16 923.00 3494.10 894.61 3503.82 950.75 3339.88 979.14
26071-203-M6-337-00031 0.05266957730054855 1661.34 5375.83 1694.81 5373.34 1702.82 5480.75 1669.35 5483.25
26071-203-M6-332-00001 0.8983260989189148 6022.37 2729.65 6037.35 2729.38 6037.48 2736.54 6022.50 2736.81
26071-203-M6-332-00001 0.8971635103225708 3922.37 2729.51 3937.43 2729.22 3937.57 2736.43 3922.52 2736.73
26071-203-M6-332-00001 0.8967500329017639 4341.88 2728.97 4356.55 2729.20 4356.44 2736.71 4341.76 2736.48
26071-203-M6-332-00001 0.8927109837532043 3082.11 2729.15 3097.10 2728.92 3097.21 2736.20 3082.23 2736.43
26071-203-M6-332-00001 0.891478419303894 5602.16 2729.14 5617.17 2728.87 5617.30 2736.19 5602.29 2736.46
26071-203-M6-332-00001 0.8912063241004944 5182.18 2729.24 5197.16 2729.01 5197.27 2736.29 5182.29 2736.52
26071-203-M6-332-00001 0.8904985189437866 3502.17 2729.23 3517.15 2728.98 3517.27 2736.28 3502.29 2736.52
26071-203-M6-332-00001 0.8902128338813782 4761.80 2729.23 4776.90 2729.31 4776.87 2736.84 4761.76 2736.76
26071-203-M6-332-00001 0.10890496522188187 5499.84 2549.77 5603.21 2549.15 5603.49 2595.86 5500.12 2596.48
26071-203-M6-332-00001 0.10756344348192215 3399.23 2550.49 3502.25 2549.68 3502.61 2595.35 3399.59 2596.16
26071-203-M6-332-00001 0.07585877925157547 5072.06 2549.80 5176.35 2554.60 5174.30 2599.20 5070.01 2594.40
26071-203-M6-332-00001 0.07522258907556534 4236.12 2545.29 4341.34 2557.56 4336.20 2601.65 4230.98 2589.38
26071-203-M6-332-00001 0.07069943100214005 4656.72 2546.21 4760.83 2555.64 4756.67 2601.59 4652.56 2592.16
26071-203-M6-332-00001 0.06691501289606094 2974.44 2550.69 3076.63 2554.39 3075.04 2598.40 2972.85 2594.70
26071-203-M6-332-00001 0.0639578104019165 3808.19 2552.47 3915.31 2552.51 3915.30 2597.06 3808.18 2597.03
26071-203-M6-332-00001 0.06151708960533142 5907.87 2554.06 6012.87 2553.08 6013.28 2596.54 5908.28 2597.52
26071-203-M6-079-00001 0.19948121905326843 3492.48 5866.71 3586.91 5863.68 3587.96 5896.51 3493.53 5899.54
26071-203-M6-079-00001 0.19898109138011932 3847.37 5867.27 3939.15 5862.36 3940.93 5895.49 3849.14 5900.41
26071-203-M6-079-00001 0.1982783079147339 3493.93 1969.94 3588.09 1967.28 3589.01 1999.88 3494.86 2002.54
26071-203-M6-079-00001 0.054566796869039536 2712.45 2236.64 2953.69 2236.88 2953.64 2286.09 2712.40 2285.85
26071-200-M6-052-00150 0.9188151955604553 5850.39 5618.67 5865.74 5618.76 5865.69 5626.13 5850.35 5626.04
26071-200-M6-052-00150 0.9110749959945679 4551.86 5618.84 4566.78 5618.68 4566.86 5625.93 4551.94 5626.10
26071-200-M6-052-00150 0.07643452286720276 2820.03 1183.49 2876.77 1175.59 2899.87 1341.41 2843.13 1349.31
26071-200-M6-052-00150 0.0724998489022255 3944.69 3794.97 3989.55 3798.48 3987.27 3827.50 3942.42 3823.98
26071-200-M6-052-00150 0.06052299961447716 3589.32 4132.26 3807.03 4134.67 3806.51 4181.87 3588.80 4179.46
26071-200-M6-052-00150 0.05167730525135994 3772.08 3108.82 3806.91 3122.03 3804.88 3127.38 3770.05 3114.18
26071-200-M6-052-00150 0.051144879311323166 4241.55 3783.17 4247.97 3782.08 4251.47 3802.63 4245.05 3803.72
26071-200-M6-052-00003 0.168997123837471 3314.01 3109.12 3321.44 3110.00 3319.63 3125.27 3312.21 3124.40
26071-200-M6-052-00003 0.13809449970722198 4193.78 5098.36 4324.43 5096.29 4324.95 5128.71 4194.29 5130.78
26071-200-M6-052-00003 0.09985972195863724 3463.75 3857.61 3512.50 3858.34 3512.02 3889.87 3463.27 3889.13
26071-200-M6-052-00003 0.08720912039279938 4144.40 4846.01 4177.55 4845.21 4178.99 4904.95 4145.84 4905.75
26071-200-M6-052-00003 0.06438933312892914 4145.09 4752.07 4178.07 4752.93 4176.38 4817.80 4143.39 4816.94
26071-200-M6-052-00003 0.06217389926314354 5580.25 3967.25 5609.24 3965.27 5611.91 4004.32 5582.92 4006.30
26071-200-M6-052-00003 0.06077324599027634 3835.03 4919.23 3858.95 4922.30 3857.77 4931.44 3833.85 4928.38
26071-200-M6-052-00003 0.05863117426633835 5577.45 4512.77 5605.49 4512.56 5605.81 4556.36 5577.77 4556.57
26071-200-M6-052-00003 0.058555301278829575 7705.03 902.19 8243.09 900.03 8243.29 950.37 7705.23 952.54
26071-200-M6-052-00003 0.05830203741788864 3357.34 4143.26 3576.64 4141.31 3577.06 4189.22 3357.77 4191.17
26071-200-M6-052-00003 0.055909860879182816 5842.79 4485.42 5878.06 4488.27 5870.37 4583.45 5835.09 4580.60
26071-200-M6-052-00003 0.05467206612229347 3194.04 3829.28 3330.04 3827.25 3330.51 3858.87 3194.51 3860.89
26071-200-M6-052-00003 0.052027665078639984 4530.75 4655.58 4631.86 4658.21 4630.99 4692.04 4529.87 4689.41
26071-200-M6-052-00003 0.050937894731760025 3357.24 4366.98 3574.26 4365.73 3574.54 4413.27 3357.51 4414.52
26071-700-M6-054-00013 0.08634454011917114 4078.41 6058.36 4091.94 6053.63 4098.35 6071.94 4084.81 6076.68
26071-700-M6-054-00013 0.07296041399240494 4079.44 2279.24 4092.53 2275.07 4098.02 2292.30 4084.92 2296.47
26071-203-M6-321-00225 0.05502569302916527 6122.24 3592.57 6343.02 3593.59 6342.80 3641.61 6122.02 3640.60
26071-203-M6-321-00225 0.05200891196727753 4295.69 521.41 4345.92 521.74 4343.93 825.91 4293.70 825.58
26071-203-M6-321-00225 0.05133887752890587 320.08 5698.76 886.01 5689.62 887.06 5754.96 321.13 5764.09
26071-700-M6-054-00036 0.1532255858182907 4701.56 1389.50 4766.58 1391.98 4755.80 1674.91 4690.78 1672.44
26071-700-M6-054-00036 0.09847623854875565 6783.54 2993.35 6790.67 2987.73 6802.15 3002.31 6795.02 3007.93
26071-700-M6-054-00036 0.0889335423707962 4563.03 3757.30 4690.36 3757.04 4690.43 3789.40 4563.09 3789.66
26071-700-M6-054-00036 0.08109893649816513 3975.40 3715.89 4095.07 3711.99 4096.10 3743.47 3976.42 3747.37
26071-700-M6-054-00036 0.07864921540021896 4663.50 1634.78 4736.11 1620.49 4781.14 1849.12 4708.52 1863.42
26071-700-M6-054-00036 0.05547883361577988 4642.12 4992.38 4667.49 4995.88 4667.04 4999.12 4641.67 4995.62
26071-203-M6-320-00044 0.16912421584129333 4777.07 4029.85 4802.25 4029.68 4802.27 4032.97 4777.09 4033.14
26071-203-M6-320-00044 0.09180320799350739 3028.28 4030.12 3031.47 4030.15 3031.23 4056.24 3028.05 4056.21
26071-203-M6-320-00044 0.08403580635786057 1828.27 4030.39 1831.42 4030.40 1831.28 4056.02 1828.14 4056.01
26071-203-M6-320-00044 0.08117787539958954 2548.45 4031.63 2551.62 4031.63 2551.62 4057.42 2548.45 4057.42
26071-203-M6-320-00044 0.07310516387224197 2787.08 4030.39 2789.99 4030.34 2790.35 4055.22 2787.44 4055.27
26071-203-M6-320-00044 0.07095593959093094 2307.48 4029.35 2310.38 4029.35 2310.38 4054.38 2307.48 4054.38
26071-203-M6-320-00044 0.07063227146863937 4775.90 4034.58 4801.35 4033.37 4801.50 4036.58 4776.05 4037.79
26071-203-M6-320-00044 0.06925224512815475 1587.35 4030.36 1590.29 4030.33 1590.49 4055.31 1587.56 4055.34
26071-203-M6-320-00044 0.06891125440597534 1959.35 2855.64 2182.71 2850.45 2183.82 2898.34 1960.47 2903.53
26071-203-M6-320-00044 0.06759387254714966 1349.18 4031.78 1352.25 4031.80 1352.07 4057.30 1349.00 4057.28
26071-203-M6-320-00044 0.06718144565820694 1239.67 3108.70 1460.30 3109.31 1460.17 3156.39 1239.54 3155.78
26071-203-M6-320-00044 0.06501464545726776 3246.62 2928.48 3295.75 2928.81 3293.68 3237.66 3244.55 3237.33
26071-203-M6-320-00044 0.06169542297720909 2067.68 4031.70 2070.60 4031.62 2071.27 4056.70 2068.34 4056.78
26071-203-M6-320-00044 0.05684546381235123 4790.68 3577.54 4813.45 3584.68 4812.15 3588.84 4789.38 3581.70
26071-203-M6-320-00044 0.05666201934218407 1703.93 3063.60 1967.53 3058.83 1968.40 3106.72 1704.80 3111.49
26071-203-M6-320-00044 0.05659054219722748 1719.92 3110.90 1943.20 3105.78 1944.31 3154.24 1721.03 3159.35
26071-203-M6-320-00044 0.055115699768066406 3879.42 3109.04 4102.12 3108.56 4102.22 3156.22 3879.52 3156.70
26071-203-M6-320-00044 0.052629366517066956 1478.80 2854.88 1706.74 2852.51 1707.25 2900.94 1479.31 2903.31
26071-203-M6-320-00044 0.05178486928343773 3640.95 3108.59 3859.17 3109.50 3858.98 3156.75 3640.75 3155.84
26071-203-M6-320-00044 0.05096840858459473 4116.73 3106.52 4339.70 3109.48 4339.05 3158.11 4116.08 3155.15
26071-600-M6-065-00231 0.9573053121566772 6712.61 3755.78 6727.69 3756.14 6727.52 3763.52 6712.44 3763.16
26071-600-M6-065-00231 0.9570691585540771 7243.81 3755.86 7258.95 3755.59 7259.08 3762.72 7243.94 3763.00
26071-600-M6-065-00231 0.10702991485595703 6488.71 3296.79 6512.86 3317.64 6479.60 3356.17 6455.45 3335.32
26071-600-M6-065-00231 0.08402349054813385 7415.72 3315.89 7457.59 3307.15 7463.66 3336.20 7421.79 3344.95
26071-600-M6-065-00231 0.08026408404111862 6467.18 3451.85 6497.00 3446.81 6505.68 3498.13 6475.86 3503.18
26071-600-M6-065-00231 0.07578937709331512 4262.80 1868.50 4272.63 1867.70 4274.05 1885.23 4264.21 1886.02
26071-600-M6-065-00231 0.06919809430837631 3385.57 5679.20 3506.26 5691.86 3502.95 5723.36 3382.26 5710.70
26071-600-M6-065-00231 0.0639563575387001 3200.60 1868.14 3210.17 1868.01 3210.40 1885.53 3200.83 1885.65
26071-600-M6-065-00231 0.061433278024196625 3408.79 3471.63 3513.29 3469.87 3513.83 3501.64 3409.33 3503.40
26071-600-M6-065-00231 0.060885053128004074 6058.10 3314.70 6103.43 3308.77 6107.45 3339.52 6062.12 3345.45
26071-600-M6-065-00231 0.056092482060194016 7416.93 3593.95 7463.96 3594.43 7463.94 3596.90 7416.91 3596.41
26071-500-M6-059-00071 0.11698326468467712 1951.46 4117.39 1985.83 4116.81 1986.77 4173.17 1952.40 4173.74
26071-500-M6-059-00071 0.09842967987060547 1950.43 3785.50 1983.07 3788.81 1976.67 3851.91 1944.04 3848.60
26071-500-M6-059-00071 0.09288807958364487 1319.78 4115.33 1355.56 4115.13 1355.86 4171.44 1320.08 4171.63
26071-500-M6-059-00071 0.08631535619497299 1964.48 3954.09 1997.58 3952.93 2000.23 4028.59 1967.13 4029.75
26071-500-M6-059-00071 0.05757737532258034 1901.67 3796.85 1942.36 3797.26 1941.82 3850.00 1901.14 3849.59
26071-500-M6-059-00071 0.05076764523983002 1396.54 3617.01 1440.53 3625.23 1435.15 3654.06 1391.16 3645.85
26071-203-M6-320-00008 0.9626260995864868 2511.41 3921.73 2526.73 3921.75 2526.72 3929.24 2511.40 3929.22
26071-203-M6-320-00008 0.9311037659645081 4942.96 3831.57 4957.68 3831.85 4957.55 3838.99 4942.83 3838.71
26071-203-M6-320-00008 0.06708107888698578 7708.66 2423.95 8264.08 2422.45 8264.25 2488.38 7708.84 2489.88
26071-500-M6-059-00116 0.9524816870689392 6015.90 5995.48 6030.48 5995.73 6030.35 6003.27 6015.77 6003.02
26071-500-M6-059-00116 0.912075936794281 6082.28 5932.95 6089.57 5933.02 6089.43 5948.25 6082.14 5948.18
26071-500-M6-059-00116 0.11519251018762589 6875.15 5281.90 6881.06 5281.93 6880.98 5298.53 6875.07 5298.51
26071-550-M6-084-00026 0.9704539775848389 4658.03 3708.52 4672.95 3708.51 4672.96 3715.84 4658.03 3715.86
26071-550-M6-084-00026 0.9638684391975403 2283.67 3708.48 2298.69 3708.55 2298.65 3715.94 2283.64 3715.88
26071-550-M6-084-00026 0.9460499882698059 4680.15 3287.47 4695.28 3287.52 4695.26 3294.67 4680.13 3294.63
26071-550-M6-084-00026 0.9220888018608093 2318.85 3287.53 2333.72 3287.82 2333.59 3294.76 2318.72 3294.47
26071-550-M6-084-00026 0.10234346985816956 7559.35 4961.46 7575.58 4961.21 7576.33 5008.73 7560.11 5008.99
26071-550-M6-084-00026 0.0822826400399208 4681.09 3280.79 4698.04 3282.17 4697.44 3289.45 4680.49 3288.08
26071-550-M6-084-00026 0.07249845564365387 2365.83 3326.85 2397.73 3329.52 2393.36 3381.81 2361.46 3379.14
26071-550-M6-084-00026 0.07134010642766953 5553.15 3274.18 5586.44 3271.48 5595.28 3380.39 5561.99 3383.10
26071-550-M6-084-00026 0.07028418779373169 6022.20 6042.79 6024.76 6042.69 6025.84 6069.93 6023.28 6070.03
26071-550-M6-084-00026 0.05525163188576698 4729.54 3326.32 4761.30 3329.10 4756.76 3380.90 4725.00 3378.11
26071-550-M6-084-00026 0.05133524164557457 5952.81 4199.42 5994.29 4199.59 5994.28 4202.26 5952.80 4202.09
26071-203-M6-337-00007 0.06355348229408264 4179.12 2439.94 4414.74 2454.39 4411.86 2501.23 4176.25 2486.78
26071-203-M6-337-00007 0.06140802800655365 4177.72 5139.80 4412.52 5154.38 4409.62 5201.11 4174.82 5186.53
26071-203-M6-337-00007 0.05710510164499283 3465.98 5489.38 3500.51 5490.28 3499.19 5540.71 3464.66 5539.81
26071-203-M6-337-00007 0.05588167905807495 4182.82 5083.89 4432.10 5091.09 4430.74 5138.45 4181.45 5131.24
26071-203-M6-337-00007 0.054110947996377945 4182.75 2384.05 4431.77 2390.93 4430.47 2438.30 4181.45 2431.42
26071-203-M6-337-00007 0.05294599384069443 4190.83 5028.73 4443.40 5024.96 4444.13 5073.23 4191.55 5077.00
26071-203-M6-337-00007 0.05283097177743912 4190.89 2328.63 4442.10 2324.96 4442.81 2373.22 4191.59 2376.89
26071-200-M6-052-00090 0.15048383176326752 5905.74 3290.21 6034.98 3295.00 6033.76 3327.94 5904.51 3323.15
26071-200-M6-052-00090 0.12909790873527527 4189.25 5949.20 4283.20 5947.79 4283.67 5979.32 4189.72 5980.73
26071-200-M6-052-00090 0.10960205644369125 2850.78 3290.47 2979.03 3294.31 2978.03 3327.88 2849.78 3324.04
26071-200-M6-052-00090 0.08085813373327255 6442.38 3898.03 6449.80 3897.81 6450.34 3916.37 6442.92 3916.58
26071-200-M6-052-00090 0.07340684533119202 5673.56 3473.51 5788.75 3457.86 5794.15 3497.61 5678.96 3513.25
26071-200-M6-052-00090 0.06638264656066895 2718.93 3684.43 2857.12 3675.11 2859.29 3707.23 2721.10 3716.55
26071-200-M6-052-00090 0.065834641456604 2452.34 3478.52 2483.81 3469.29 2512.00 3565.35 2480.53 3574.59
26071-200-M6-052-00090 0.06529758125543594 3191.03 4382.99 3196.99 4382.90 3197.27 4401.39 3191.30 4401.48
26071-200-M6-052-00090 0.06342904269695282 6088.93 3682.11 6223.97 3675.23 6225.60 3707.06 6090.55 3713.94
26071-200-M6-052-00090 0.06235787644982338 5739.97 3677.40 5871.11 3678.69 5870.79 3710.56 5739.66 3709.26
26071-200-M6-052-00090 0.062354665249586105 3294.49 3598.39 3302.02 3594.88 3311.41 3615.02 3303.88 3618.53
26071-200-M6-052-00090 0.061578720808029175 4004.80 5946.29 4099.74 5947.87 4099.21 5979.65 4004.27 5978.07
26071-200-M6-052-00090 0.056811027228832245 5592.04 4817.30 5602.16 4818.66 5599.00 4842.19 5588.89 4840.83
26071-200-M6-052-00090 0.05642266198992729 6260.98 5531.00 6270.32 5530.38 6271.52 5548.44 6262.18 5549.06
26071-200-M6-052-00090 0.05615715682506561 5524.83 3678.04 5660.03 3679.07 5659.79 3710.72 5524.59 3709.69
26071-200-M6-052-00090 0.05520601570606232 5990.80 1564.10 6072.69 1601.24 6032.69 1689.41 5950.81 1652.27
26071-200-M6-052-00090 0.05493632331490517 5468.34 3476.09 5499.80 3469.21 5522.39 3572.55 5490.93 3579.43
26071-200-M6-052-00090 0.053249891847372055 2515.29 3677.30 2647.00 3679.14 2646.56 3710.71 2514.85 3708.88
26071-200-M6-052-00090 0.05143347382545471 5994.79 1364.66 6014.36 1363.84 6016.03 1403.74 5996.47 1404.56
26071-203-M6-320-00061 0.05109746754169464 6113.48 1475.61 6341.16 1472.02 6341.93 1520.58 6114.25 1524.17
26071-203-M6-320-00061 0.05065011605620384 2874.22 1474.38 3098.31 1473.20 3098.57 1521.66 2874.47 1522.84
26071-203-M6-320-00061 0.05052395910024643 7728.29 3127.69 8259.62 3114.56 8260.87 3164.76 7729.53 3177.89
26071-600-M6-065-00037 0.16240642964839935 1821.59 3719.63 1853.63 3720.49 1851.12 3814.34 1819.09 3813.48
26071-600-M6-065-00037 0.14528819918632507 6113.66 3156.87 6207.44 3155.31 6207.96 3186.58 6114.18 3188.15
26071-600-M6-065-00037 0.10694997757673264 5127.73 3723.06 5159.79 3723.35 5158.96 3815.81 5126.90 3815.52
26071-600-M6-065-00037 0.1065874695777893 7292.58 2584.50 7308.74 2591.62 7304.55 2601.13 7288.39 2594.00
26071-600-M6-065-00037 0.10183145105838776 6647.08 3406.94 6785.86 3408.18 6785.57 3440.78 6646.79 3439.54
26071-600-M6-065-00037 0.09577672183513641 1820.62 4137.05 1853.87 4136.79 1854.55 4225.38 1821.31 4225.63
26071-600-M6-065-00037 0.08912481367588043 7975.00 2697.08 7994.37 2697.40 7994.25 2704.74 7974.87 2704.42
26071-600-M6-065-00037 0.08000799268484116 5628.83 3094.99 5656.56 3095.06 5656.55 3097.95 5628.83 3097.88
26071-600-M6-065-00037 0.07772122323513031 2482.56 3171.05 2576.16 3169.40 2576.73 3201.52 2483.13 3203.17
26071-600-M6-065-00037 0.0760437622666359 5442.06 3344.95 5576.66 3341.15 5577.59 3374.06 5442.99 3377.86
26071-600-M6-065-00037 0.06961831450462341 2609.34 3174.22 2739.97 3171.25 2740.71 3203.95 2610.08 3206.92
26071-600-M6-065-00037 0.06866887211799622 5921.40 3174.14 6047.91 3175.40 6047.59 3207.89 5921.08 3206.63
26071-600-M6-065-00037 0.06590025871992111 5127.10 4135.08 5159.38 4135.51 5158.17 4227.33 5125.88 4226.90
26071-600-M6-065-00037 0.06571760028600693 1868.00 3438.10 1992.23 3442.24 1991.18 3473.94 1866.94 3469.80
26071-600-M6-065-00037 0.06536326557397842 2972.40 3123.09 2999.05 3123.50 2999.00 3127.02 2972.35 3126.61
26071-600-M6-065-00037 0.06273774802684784 5928.16 4121.13 6154.96 4122.57 6154.66 4170.36 5927.86 4168.92
26071-600-M6-065-00037 0.06235090643167496 3198.97 3347.91 3336.23 3356.75 3334.12 3389.64 3196.85 3380.81
26071-600-M6-065-00037 0.06103964522480965 2234.09 3308.11 2362.55 3309.00 2362.33 3340.96 2233.87 3340.08
26071-600-M6-065-00037 0.05712617561221123 7979.14 2768.50 8198.30 2768.91 8198.21 2817.42 7979.04 2817.01
26071-600-M6-065-00037 0.052663251757621765 2633.52 4123.16 2858.15 4120.80 2858.66 4168.97 2634.03 4171.34
26071-600-M6-065-00037 0.05022022873163223 5927.34 4064.71 6174.69 4060.13 6175.57 4107.96 5928.23 4112.55
26071-300-M6-053-00010 0.06666919589042664 2100.55 4274.81 2113.05 4273.81 2114.92 4297.09 2102.42 4298.09
26071-300-M6-053-00010 0.05841345712542534 3956.37 3604.33 3967.50 3603.88 3968.25 3622.31 3957.12 3622.76
26071-300-M6-053-00010 0.05284186452627182 3305.18 4416.72 3535.11 4415.87 3535.29 4464.12 3305.36 4464.97
26071-300-M6-053-00010 0.05223160609602928 5223.85 2475.46 5286.32 2476.92 5282.73 2630.53 5220.26 2629.07
26071-300-M6-053-00010 0.051422975957393646 4926.76 2476.47 4989.65 2476.86 4988.70 2628.96 4925.82 2628.57
26071-203-M6-320-00042 0.9489421844482422 5331.21 3284.59 5346.32 3284.47 5346.38 3291.89 5331.27 3292.00
26071-203-M6-320-00042 0.05253482237458229 7696.12 2096.09 8270.39 2092.02 8270.85 2156.77 7696.58 2160.83
26071-200-M6-052-00540 0.11396271735429764 3592.26 5387.25 3646.19 5389.01 3633.91 5765.65 3579.98 5763.89
26071-200-M6-052-00540 0.11093232035636902 5240.92 5308.95 5305.01 5313.40 5276.58 5722.88 5212.49 5718.44
26071-200-M6-052-00540 0.10662871599197388 8080.96 5399.11 8135.77 5397.71 8144.66 5747.11 8089.85 5748.51
26071-200-M6-052-00540 0.10419004410505295 7030.65 5297.99 7093.84 5300.46 7077.56 5717.02 7014.37 5714.55
26071-200-M6-052-00540 0.10143080353736877 5996.66 4940.04 6054.24 4941.34 6046.55 5281.57 5988.97 5280.27
26071-200-M6-052-00540 0.09815936535596848 1656.07 1250.51 1706.13 1251.56 1700.85 1501.37 1650.79 1500.31
26071-200-M6-052-00540 0.09637706726789474 592.90 5388.18 646.71 5389.38 638.33 5765.08 584.52 5763.88
26071-200-M6-052-00540 0.09272155165672302 1349.45 5326.15 1406.35 5329.36 1386.19 5686.62 1329.29 5683.41
26071-200-M6-052-00540 0.08783205598592758 4659.26 5310.51 4719.91 5317.46 4675.22 5707.59 4614.57 5700.64
26071-200-M6-052-00540 0.08445834368467331 1355.84 778.19 1406.82 778.23 1406.63 1038.87 1355.65 1038.83
26071-200-M6-052-00540 0.07853592187166214 6458.19 5449.76 6509.99 5449.38 6512.01 5724.68 6460.21 5725.06
26071-200-M6-052-00540 0.07410597801208496 4348.57 1242.75 4399.78 1243.81 4394.65 1490.72 4343.44 1489.66
26071-200-M6-052-00540 0.0729527547955513 2555.96 5336.44 2611.52 5340.19 2588.92 5674.78 2533.36 5671.03
26071-200-M6-052-00540 0.07203031331300735 2682.84 725.39 2735.42 724.49 2741.56 1082.25 2688.99 1083.15
26071-200-M6-052-00540 0.06968751549720764 892.00 1245.38 942.27 1244.31 947.82 1505.24 897.56 1506.31
26071-200-M6-052-00540 0.06968078017234802 5807.21 727.19 5862.02 720.22 5907.86 1080.69 5853.05 1087.66
26071-200-M6-052-00540 0.06823094934225082 3411.69 5284.21 3468.38 5287.68 3443.63 5692.14 3386.94 5688.67
26071-200-M6-052-00540 0.06748628616333008 5559.53 1235.30 5611.04 1235.47 5610.10 1514.81 5558.59 1514.63
26071-200-M6-052-00540 0.06719932705163956 755.05 3325.34 802.61 3350.47 786.71 3380.57 739.15 3355.44
26071-200-M6-052-00540 0.06594515591859818 970.34 5296.44 1028.88 5299.26 1009.83 5694.42 951.30 5691.60
26071-200-M6-052-00540 0.06580738723278046 701.91 1164.63 760.77 1164.04 765.20 1606.29 706.35 1606.88
26071-200-M6-052-00540 0.06442509591579437 6757.61 4958.62 6811.86 4960.71 6801.36 5233.31 6747.11 5231.22
26071-200-M6-052-00540 0.06434033066034317 5515.20 1090.45 5567.67 1092.49 5546.80 1629.05 5494.33 1627.01
26071-200-M6-052-00540 0.0633368045091629 6129.25 1245.49 6180.41 1246.02 6177.78 1499.08 6126.61 1498.55
26071-200-M6-052-00540 0.06312716752290726 7234.19 5316.97 7287.86 5321.59 7250.06 5760.19 7196.39 5755.57
26071-200-M6-052-00540 0.06194423511624336 1644.83 4932.67 1702.12 4935.51 1683.86 5303.43 1626.56 5300.58
26071-200-M6-052-00540 0.06176453456282616 1914.75 5289.40 1973.52 5291.68 1957.94 5693.63 1899.17 5691.36
26071-200-M6-052-00540 0.0616920106112957 4792.50 1241.47 4842.63 1241.61 4841.96 1493.70 4791.83 1493.57
26071-200-M6-052-00540 0.061090774834156036 6882.15 1174.80 6934.92 1171.41 6960.16 1565.00 6907.39 1568.38
26071-200-M6-052-00540 0.06055933237075806 4037.80 760.76 4097.37 757.63 4116.59 1123.51 4057.02 1126.64
26071-200-M6-052-00540 0.059993594884872437 1949.72 1217.45 2004.34 1220.38 1991.76 1454.49 1937.14 1451.55
26071-200-M6-052-00540 0.058341123163700104 4533.03 1162.52 4590.77 1162.60 4590.08 1640.32 4532.34 1640.23
26071-200-M6-052-00540 0.057918891310691833 4199.63 1498.58 4208.01 1497.72 4210.17 1519.00 4201.79 1519.85
26071-200-M6-052-00540 0.05740509182214737 7499.57 1169.22 7554.52 1168.08 7563.95 1620.03 7509.00 1621.17
26071-200-M6-052-00540 0.05734839290380478 6698.47 1166.63 6757.05 1164.98 6769.93 1621.28 6711.35 1622.94
26071-200-M6-052-00540 0.05715436115860939 1312.43 618.14 1361.26 620.12 1339.22 1164.11 1290.39 1162.13
26071-200-M6-052-00540 0.05591197684407234 6081.56 5283.31 6146.63 5286.36 6127.20 5700.60 6062.13 5697.55
26071-200-M6-052-00540 0.054908234626054764 5589.66 5280.79 5655.00 5285.02 5628.09 5700.52 5562.75 5696.29
26071-200-M6-052-00540 0.054763831198215485 7788.87 754.11 7850.66 751.52 7867.36 1150.29 7805.56 1152.88
26071-200-M6-052-00540 0.05423704534769058 6655.30 5289.41 6713.02 5291.93 6695.47 5694.29 6637.74 5691.77
26071-200-M6-052-00540 0.053905047476291656 2915.96 5282.36 2974.06 5285.65 2951.22 5688.82 2893.13 5685.53
26071-200-M6-052-00540 0.053822025656700134 1591.51 1094.69 1639.25 1093.31 1655.43 1656.79 1607.69 1658.16
26071-200-M6-052-00540 0.053781814873218536 2992.78 1205.23 3051.66 1209.41 3021.76 1630.11 2962.88 1625.92
26071-200-M6-052-00540 0.05334146320819855 7333.29 4956.46 7385.44 4960.96 7362.67 5225.20 7310.51 5220.70
26071-200-M6-052-00540 0.053316447883844376 2136.10 1168.81 2192.64 1169.06 2190.54 1636.22 2134.00 1635.97
26071-200-M6-052-00540 0.05256611481308937 2217.48 767.30 2267.45 766.86 2269.73 1023.10 2219.76 1023.54
26071-200-M6-052-00540 0.05196657404303551 6573.42 757.71 6632.68 750.95 6675.30 1124.38 6616.04 1131.14
26071-200-M6-052-00540 0.05158083513379097 4269.64 5291.55 4327.71 5295.16 4303.72 5681.35 4245.66 5677.74
26071-200-M6-052-00540 0.05155785009264946 393.22 5280.70 452.01 5284.74 422.54 5713.73 363.75 5709.69
26071-200-M6-052-00540 0.051417768001556396 787.89 5291.99 846.58 5296.06 818.94 5694.95 760.25 5690.88
26071-200-M6-052-00540 0.05111262947320938 4281.93 1090.63 4329.85 1089.21 4346.46 1647.26 4298.53 1648.69
26071-200-M6-052-00540 0.05090095102787018 3968.24 1166.12 4024.02 1166.98 4016.79 1633.98 3961.01 1633.12
26071-200-M6-052-00540 0.050759926438331604 5020.77 5278.68 5084.13 5281.69 5064.10 5703.65 5000.74 5700.64
26071-200-M6-052-00540 0.05068478360772133 1732.70 5294.71 1791.50 5298.87 1763.09 5699.90 1704.29 5695.74
26071-200-M6-052-00540 0.0506778284907341 4921.52 4931.83 4977.19 4928.41 5001.55 5324.64 4945.87 5328.06
26071-200-M6-052-00540 0.05034913495182991 4889.55 1104.02 4940.08 1098.34 5000.14 1632.04 4949.62 1637.72
26071-200-M6-052-00540 0.05031472444534302 6398.55 5315.51 6450.85 5314.37 6462.51 5847.86 6410.20 5849.01
26071-200-M6-052-00540 0.050048019737005234 572.63 763.91 635.47 756.95 676.53 1127.83 613.70 1134.79
26071-203-M6-160-00291 0.9646853804588318 2826.40 5716.69 2841.22 5716.32 2841.40 5723.53 2826.58 5723.91
26071-203-M6-160-00291 0.9622262716293335 5306.77 5716.38 5321.76 5716.73 5321.58 5724.21 5306.59 5723.86
26071-203-M6-160-00291 0.9125085473060608 5408.35 5461.49 5415.59 5461.64 5415.29 5477.17 5408.04 5477.03
26071-203-M6-160-00291 0.9096229076385498 2916.27 5461.26 2923.44 5461.39 2923.17 5476.69 2916.00 5476.56
26071-203-M6-160-00291 0.14600934088230133 4783.19 5364.26 4878.95 5366.10 4878.32 5398.80 4782.56 5396.96
26071-203-M6-160-00291 0.12693192064762115 2099.75 5289.83 2113.20 5290.19 2112.57 5313.35 2099.13 5312.99
26071-203-M6-160-00291 0.09162953495979309 5495.95 2466.72 5736.16 2468.24 5735.86 2515.79 5495.65 2514.27
26071-203-M6-160-00291 0.0911625400185585 2966.99 3516.84 3096.10 3517.99 3095.82 3549.70 2966.71 3548.55
26071-203-M6-160-00291 0.08028747141361237 1802.57 1386.42 1834.38 1386.04 1834.52 1397.70 1802.71 1398.07
26071-203-M6-160-00291 0.07555016130208969 2973.36 3870.23 3097.73 3866.10 3098.80 3898.40 2974.43 3902.53
26071-203-M6-160-00291 0.0753369927406311 5692.52 1673.05 5713.96 1685.29 5703.41 1703.75 5681.98 1691.51
26071-203-M6-160-00291 0.0704834833741188 2911.79 3592.08 2944.25 3585.73 2954.70 3639.16 2922.25 3645.51
26071-203-M6-160-00291 0.06702206283807755 5597.58 4985.08 5627.00 4983.70 5627.76 5000.06 5598.35 5001.44
26071-203-M6-160-00291 0.06512129306793213 2921.08 5326.10 2953.82 5326.69 2952.94 5375.54 2920.20 5374.95
26071-203-M6-160-00291 0.05865812301635742 2918.35 3775.44 2950.43 3773.38 2954.04 3829.41 2921.95 3831.48
26071-203-M6-160-00291 0.05738276243209839 3392.27 5282.76 3482.47 5281.69 3482.86 5314.46 3392.66 5315.54
26071-203-M6-160-00291 0.05726190656423569 6468.94 3001.85 6500.09 3003.14 6494.47 3138.60 6463.32 3137.31
26071-203-M6-160-00291 0.056344736367464066 2705.80 5433.52 2741.21 5433.19 2741.69 5484.24 2706.27 5484.57
26071-203-M6-160-00291 0.052343543618917465 6480.16 2125.00 6497.95 2124.67 6498.84 2172.07 6481.05 2172.40
26071-600-M6-066-00002 0.07963111251592636 6782.04 2164.45 6791.26 2158.99 6800.36 2174.36 6791.14 2179.82
26071-600-M6-066-00002 0.0775199756026268 4059.68 2399.24 4088.31 2395.88 4089.77 2408.33 4061.14 2411.69
26071-600-M6-066-00002 0.06782331317663193 3493.72 3340.74 3499.62 3341.40 3496.02 3373.38 3490.12 3372.72
26071-600-M6-066-00002 0.06610889732837677 4653.99 2376.05 4703.40 2377.35 4702.53 2410.27 4653.12 2408.96
26071-600-M6-066-00002 0.060277484357357025 348.74 2803.66 918.03 2824.87 916.25 2872.56 346.96 2851.35
26071-600-M6-066-00002 0.05201542377471924 4414.20 2397.95 4442.81 2396.60 4443.42 2409.57 4414.81 2410.92
26071-300-M6-053-00008 0.13253439962863922 5530.26 1855.75 5575.25 1858.27 5573.40 1891.29 5528.41 1888.77
26071-300-M6-053-00008 0.0742454007267952 5858.87 3410.33 5912.90 3405.53 5929.37 3590.92 5875.33 3595.72
26071-300-M6-053-00008 0.05918964371085167 5873.40 3152.36 5907.82 3152.63 5907.38 3209.32 5872.96 3209.05
26071-300-M6-053-00008 0.055152032524347305 2691.86 1377.10 2740.78 1378.59 2740.20 1397.59 2691.28 1396.09
26071-300-M6-053-00008 0.05050671473145485 5211.63 2886.62 5254.74 2885.91 5255.02 2903.16 5211.92 2903.87
26071-203-M6-060-00001 0.057689111679792404 3612.72 1378.15 3703.26 1370.50 3705.98 1402.66 3615.44 1410.31
26071-203-M6-060-00001 0.05713152512907982 2785.88 1398.40 2879.99 1398.02 2880.13 1431.96 2786.01 1432.35
26071-200-M6-063-00010 0.08926470577716827 4027.07 3395.19 4071.90 3395.44 4071.72 3426.32 4026.89 3426.06
26071-200-M6-063-00010 0.07435972988605499 3165.84 3938.01 3215.00 3934.59 3217.27 3967.24 3168.11 3970.65
26071-200-M6-063-00010 0.07291234284639359 4148.18 3361.11 4275.37 3364.63 4274.47 3397.44 4147.28 3393.92
26071-200-M6-063-00010 0.05294911563396454 4442.94 3392.58 4488.32 3395.06 4486.73 3424.01 4441.35 3421.52
26071-200-M6-063-00010 0.05289338901638985 5990.03 5693.33 6005.25 5687.79 6020.37 5729.33 6005.15 5734.87
26071-200-M6-063-00010 0.05113828554749489 5981.14 1777.71 6040.64 1767.83 6068.42 1935.25 6008.93 1945.13
26071-203-M6-060-00006 0.9657203555107117 7090.86 4428.82 7105.41 4428.33 7105.65 4435.35 7091.10 4435.84
26071-203-M6-060-00006 0.9632030725479126 6558.98 4535.14 6573.90 4535.13 6573.90 4542.74 6558.98 4542.74
26071-203-M6-060-00006 0.9578971266746521 6995.84 4535.31 7010.79 4535.15 7010.88 4542.74 6995.92 4542.90
26071-203-M6-060-00006 0.937697172164917 7133.31 4384.37 7140.93 4384.59 7140.50 4399.38 7132.88 4399.16
26071-203-M6-060-00006 0.9339011311531067 2436.57 4303.46 2443.80 4303.27 2444.18 4317.83 2436.96 4318.02
26071-203-M6-060-00006 0.12867246568202972 3155.75 2864.16 3188.29 2861.76 3195.51 2959.92 3162.98 2962.32
26071-203-M6-060-00006 0.10918765515089035 3160.25 3156.75 3196.31 3158.91 3190.68 3253.02 3154.61 3250.86
26071-203-M6-060-00006 0.09977018088102341 7158.62 5995.32 7251.30 5992.86 7252.19 6026.59 7159.51 6029.04
26071-203-M6-060-00006 0.08694282919168472 3186.85 3365.63 3219.79 3368.03 3213.00 3461.34 3180.06 3458.95
26071-203-M6-060-00006 0.07472199201583862 6116.18 4092.78 6161.73 4090.35 6161.88 4093.24 6116.33 4095.67
26071-203-M6-060-00006 0.06248246505856514 7263.27 4093.01 7309.45 4090.77 7309.60 4093.77 7263.42 4096.02
26071-203-M6-060-00006 0.05865394324064255 2952.39 4200.01 2977.84 4199.86 2977.93 4215.11 2952.48 4215.26
26071-203-M6-325-00013 0.3534543812274933 1881.52 3055.76 1897.95 3056.59 1897.50 3065.53 1881.07 3064.70
26071-203-M6-325-00013 0.08234945684671402 1485.95 3071.45 1517.64 3068.81 1528.86 3203.38 1497.17 3206.02
26071-675-M6-068-00041 0.05281957983970642 1306.59 4111.40 1511.50 4109.93 1511.85 4158.18 1306.94 4159.65
26071-675-M6-068-00041 0.0519576370716095 5617.48 2767.33 5838.64 2768.43 5838.40 2816.86 5617.24 2815.76
26071-300-M6-053-00012 0.9619859457015991 3736.79 5810.94 3751.63 5810.83 3751.69 5818.32 3736.84 5818.43
26071-300-M6-053-00012 0.9599227905273438 5626.31 5811.06 5641.43 5811.02 5641.45 5818.46 5626.33 5818.50
26071-300-M6-053-00012 0.1050138846039772 5140.91 2218.07 5280.72 2217.55 5280.85 2251.25 5141.03 2251.77
26071-300-M6-053-00012 0.10488147288560867 3040.82 2797.06 3179.03 2795.40 3179.44 2829.55 3041.23 2831.21
26071-300-M6-053-00012 0.09232275187969208 5515.69 2498.50 5639.32 2493.57 5640.69 2527.94 5517.06 2532.87
26071-300-M6-053-00012 0.0856897160410881 5432.55 2221.89 5575.80 2214.22 5577.53 2246.57 5434.28 2254.25
26071-300-M6-053-00012 0.084972083568573 1826.73 4986.31 1859.62 4986.04 1859.73 4999.01 1826.84 4999.28
26071-300-M6-053-00012 0.06973374634981155 4344.42 3152.51 4568.73 3155.19 4568.17 3202.16 4343.86 3199.48
26071-300-M6-053-00012 0.06768301874399185 4496.98 2798.35 4629.84 2796.38 4630.32 2828.72 4497.46 2830.68
26071-300-M6-053-00012 0.06329730898141861 4735.40 3630.58 4782.26 3630.07 4782.28 3632.26 4735.43 3632.76
26071-300-M6-053-00012 0.061943598091602325 3312.44 2795.60 3451.30 2796.89 3450.98 2830.61 3312.13 2829.32
26071-300-M6-053-00012 0.057197943329811096 6411.65 5803.15 6459.77 5803.65 6459.75 5805.96 6411.63 5805.46
26071-300-M6-053-00012 0.05638588219881058 5020.10 2602.36 5066.54 2602.20 5066.55 2604.42 5020.10 2604.58
26071-300-M6-053-00012 0.05559174343943596 4345.82 3096.62 4577.30 3091.74 4578.28 3138.22 4346.80 3143.10
26071-300-M6-053-00012 0.05439101532101631 4228.71 3971.43 4356.68 3972.31 4356.45 4005.19 4228.48 4004.32
26071-300-M6-053-00012 0.052676912397146225 4247.19 3853.25 4409.86 3879.26 4395.60 3968.44 4232.93 3942.43
26071-300-M6-053-00012 0.05223380774259567 5797.77 2602.71 5844.46 2602.27 5844.48 2604.54 5797.79 2604.97
26071-300-M6-053-00012 0.051242586225271225 6590.37 1613.72 6636.08 1614.31 6635.87 1630.60 6590.16 1630.01
26071-450-M6-082-00221 0.05339439958333969 7878.12 2388.33 7895.28 2385.62 7902.75 2433.02 7885.59 2435.72
26071-675-M6-068-00034 0.15967346727848053 4761.74 3873.44 4794.64 3873.93 4792.74 4001.59 4759.83 4001.10
26071-675-M6-068-00034 0.08881492167711258 3720.03 4831.41 3767.40 4811.87 3779.46 4841.10 3732.08 4860.64
26071-675-M6-068-00034 0.07907377183437347 3628.38 3436.06 3694.13 3438.70 3674.12 3937.37 3608.37 3934.74
26071-675-M6-068-00034 0.07117805629968643 3787.57 4821.92 3834.84 4826.18 3832.14 4856.13 3784.87 4851.87
26071-675-M6-068-00034 0.0661725327372551 3454.26 4834.84 3490.13 4804.46 3509.82 4827.71 3473.95 4858.08
26071-675-M6-068-00034 0.0660659596323967 2885.87 4810.67 2907.82 4830.05 2874.56 4867.70 2852.62 4848.32
26071-675-M6-068-00034 0.06602607667446136 3666.02 4821.34 3714.48 4823.63 3713.07 4853.51 3664.61 4851.22
26071-675-M6-068-00034 0.06482246518135071 2977.60 4826.06 3023.15 4826.96 3022.59 4855.99 2977.03 4855.09
26071-675-M6-068-00034 0.061676137149333954 2920.58 4821.37 2964.77 4830.53 2958.71 4859.75 2914.52 4850.59
26071-675-M6-068-00034 0.05641930177807808 3605.26 4823.29 3655.46 4824.35 3654.83 4854.11 3604.63 4853.05
26071-675-M6-068-00034 0.05504421517252922 3843.52 4826.70 3888.81 4819.02 3893.75 4848.19 3848.46 4855.87
26071-675-M6-068-00034 0.053885869681835175 3101.10 4821.10 3129.92 4815.37 3138.74 4859.76 3109.92 4865.48
26071-675-M6-068-00034 0.05266161262989044 3040.08 4820.19 3084.79 4832.10 3076.82 4862.03 3032.11 4850.12
26071-450-M6-082-00031 0.11191681772470474 3764.53 6486.12 3789.83 6483.90 3791.12 6498.60 3765.82 6500.82
26071-450-M6-082-00031 0.09676425904035568 2936.07 3457.06 3065.81 3448.39 3067.97 3480.89 2938.24 3489.55
26071-450-M6-082-00031 0.06314431875944138 3437.11 3174.99 3567.72 3173.65 3568.06 3206.13 3437.44 3207.47
26071-200-M6-062-00276 0.9631743431091309 3889.31 3712.51 3904.27 3712.79 3904.14 3719.94 3889.18 3719.67
26071-200-M6-062-00276 0.12670283019542694 1288.04 3896.34 1308.43 3900.80 1305.97 3912.05 1285.58 3907.59
26071-200-M6-062-00276 0.07665907591581345 4050.65 4289.10 4290.12 4287.28 4290.48 4334.67 4051.01 4336.50
26071-200-M6-062-00276 0.06494690477848053 4807.89 4091.24 4854.87 4060.92 4873.76 4090.18 4826.78 4120.51
26071-200-M6-062-00276 0.06366804987192154 3161.37 4083.56 3204.41 4061.30 3219.83 4091.12 3176.80 4113.38
26071-200-M6-062-00276 0.06274668127298355 3390.81 4095.05 3433.61 4059.64 3455.08 4085.59 3412.28 4121.00
26071-200-M6-062-00276 0.0600099042057991 2979.53 4088.01 3025.06 4059.47 3042.65 4087.54 2997.13 4116.08
26071-200-M6-062-00276 0.05874643847346306 5045.93 4087.27 5088.92 4057.94 5107.07 4084.56 5064.08 4113.88
26071-500-M6-059-00011 0.08233638107776642 4216.04 3716.95 4250.37 3715.97 4251.95 3771.59 4217.62 3772.57
26071-500-M6-059-00011 0.062029533088207245 3778.14 4310.58 4000.08 4308.02 4000.63 4355.46 3778.68 4358.01
26071-500-M6-059-00011 0.05728153884410858 3595.86 3425.54 3645.38 3426.08 3645.02 3458.66 3595.50 3458.12
26071-500-M6-059-00011 0.055530719459056854 4227.57 4314.53 4258.03 4319.12 4247.83 4386.84 4217.37 4382.25
26071-500-M6-059-00011 0.05023113638162613 4609.56 1186.73 4659.12 1186.32 4660.48 1348.32 4610.92 1348.73
26071-600-M6-065-00021 0.9478003978729248 4957.43 5448.66 4964.72 5448.88 4964.28 5463.38 4956.99 5463.16
26071-600-M6-065-00021 0.9467792510986328 3221.05 5448.48 3227.96 5448.70 3227.51 5463.24 3220.60 5463.03
26071-600-M6-065-00021 0.16708716750144958 4183.88 2991.32 4307.81 2994.08 4307.08 3027.05 4183.14 3024.29
26071-600-M6-065-00021 0.10949080437421799 4773.07 2262.76 4905.10 2265.47 4904.44 2297.46 4772.41 2294.74
26071-600-M6-065-00021 0.06610686331987381 3189.51 4998.26 3194.00 4996.89 3199.34 5014.45 3194.85 5015.81
26071-600-M6-065-00021 0.06473124027252197 3234.40 2266.56 3368.03 2266.11 3368.14 2298.19 3234.51 2298.64
26071-600-M6-065-00021 0.060885291546583176 4014.70 2752.44 4228.88 2748.70 4229.72 2797.04 4015.55 2800.79
26071-600-M6-065-00021 0.05622684583067894 4381.14 2266.84 4512.27 2264.16 4512.93 2296.25 4381.80 2298.93
26071-500-M6-059-00013 0.9387151002883911 2743.90 5066.58 2759.41 5066.36 2759.52 5073.77 2744.00 5073.99
26071-500-M6-059-00013 0.9366711974143982 2886.04 5007.87 2900.96 5007.89 2900.94 5015.31 2886.03 5015.29
26071-500-M6-059-00013 0.9331278800964355 2744.17 4940.67 2759.59 4940.96 2759.45 4948.62 2744.03 4948.34
26071-500-M6-059-00013 0.917828381061554 2684.30 4999.99 2691.63 4999.97 2691.66 5014.79 2684.34 5014.81
26071-500-M6-059-00013 0.916834831237793 2838.61 5000.05 2854.72 4999.85 2854.82 5008.11 2838.71 5008.30
26071-500-M6-059-00013 0.0980888158082962 5293.65 5947.84 5301.20 5948.83 5298.99 5965.67 5291.44 5964.68
26071-500-M6-059-00013 0.08737581968307495 5299.25 1768.46 5550.37 1776.96 5548.20 1840.96 5297.08 1832.46
26071-500-M6-059-00013 0.07110438495874405 2880.51 2993.05 2979.07 2993.39 2978.96 3025.54 2880.40 3025.20
26071-500-M6-059-00013 0.06442487984895706 6890.74 2266.16 6907.24 2266.93 6905.02 2314.10 6888.52 2313.32
26071-500-M6-059-00044 0.9533740878105164 3559.44 5117.71 3566.64 5117.81 3566.43 5132.98 3559.23 5132.88
26071-500-M6-059-00044 0.9487953186035156 2023.26 5118.60 2030.76 5118.52 2030.94 5133.44 2023.43 5133.53
26071-500-M6-059-00044 0.9474824666976929 7137.97 5118.10 7145.01 5118.07 7145.06 5133.08 7138.01 5133.10
26071-500-M6-059-00044 0.9452136158943176 7196.95 4704.24 7211.97 4704.56 7211.82 4711.48 7196.80 4711.17
26071-500-M6-059-00044 0.9418565630912781 3617.28 4704.61 3632.31 4704.63 3632.30 4711.71 3617.27 4711.69
26071-500-M6-059-00044 0.9417750835418701 5661.24 4704.57 5676.32 4704.61 5676.30 4711.73 5661.22 4711.70
26071-500-M6-059-00044 0.9413577914237976 2082.50 4704.46 2097.89 4704.67 2097.79 4711.94 2082.41 4711.74
26071-500-M6-059-00044 0.9390699863433838 5602.90 5118.13 5610.17 5118.26 5609.90 5133.19 5602.63 5133.06
26071-500-M6-059-00044 0.17859691381454468 2779.95 4906.50 2795.13 4899.12 2802.70 4914.67 2787.52 4922.05
26071-500-M6-059-00044 0.14727723598480225 4336.28 4907.71 4352.30 4898.99 4360.98 4914.94 4344.96 4923.66
26071-500-M6-059-00044 0.0924401581287384 4948.49 2715.11 4983.64 2713.63 4985.90 2767.41 4950.75 2768.89
26071-500-M6-059-00044 0.08923371136188507 7088.04 5578.49 7106.12 5573.40 7112.27 5595.27 7094.20 5600.36
26071-500-M6-059-00044 0.08613284677267075 2918.85 2018.13 2921.29 2018.23 2920.37 2042.12 2917.93 2042.02
26071-500-M6-059-00044 0.0830874964594841 3498.43 4814.13 3580.03 4812.59 3580.76 4851.37 3499.17 4852.91
26071-500-M6-059-00044 0.07912807166576385 2706.61 4967.62 2737.35 4983.70 2724.96 5007.39 2694.22 4991.30
26071-500-M6-059-00044 0.07106095552444458 4951.18 2241.94 4985.57 2240.82 4987.38 2296.07 4952.99 2297.20
26071-500-M6-059-00044 0.06938744336366653 5114.40 2503.28 5327.69 2504.07 5327.52 2551.34 5114.22 2550.55
26071-500-M6-059-00044 0.06890100240707397 5564.91 4793.24 5626.72 4835.76 5605.81 4866.15 5544.00 4823.63
26071-500-M6-059-00044 0.06814327836036682 3693.69 1384.48 3911.96 1388.86 3910.99 1437.33 3692.72 1432.95
26071-500-M6-059-00044 0.06380177289247513 5114.08 2566.53 5335.39 2557.09 5337.38 2603.67 5116.07 2613.12
26071-500-M6-059-00044 0.06113114953041077 4977.97 1971.61 5002.28 1967.03 5009.18 2003.60 4984.87 2008.18
26071-500-M6-059-00044 0.060586731880903244 6730.58 6505.45 6733.32 6505.40 6733.85 6531.71 6731.11 6531.77
26071-500-M6-059-00044 0.06018511578440666 7083.72 4804.47 7156.92 4828.53 7145.85 4862.19 7072.66 4838.13
26071-500-M6-059-00044 0.058972202241420746 1986.90 4736.32 2041.42 4729.20 2068.24 4934.72 2013.72 4941.84
26071-500-M6-059-00044 0.055431026965379715 1059.57 3583.66 1117.38 3591.10 1105.41 3684.14 1047.59 3676.70
26071-500-M6-059-00044 0.05293889343738556 4952.76 2590.94 4987.08 2594.38 4981.84 2646.50 4947.53 2643.05
26071-500-M6-059-00044 0.05115830525755882 5438.09 4576.31 5445.32 4572.52 5452.92 4587.00 5445.68 4590.79
26071-500-M6-059-00044 0.050202105194330215 5115.79 2161.99 5335.80 2160.21 5336.19 2208.05 5116.17 2209.82
26071-200-M6-052-00093 0.4579889476299286 5434.98 4815.55 5442.70 4815.45 5442.90 4831.46 5435.18 4831.55
26071-200-M6-052-00093 0.43309319019317627 5438.59 2709.46 5446.38 2709.36 5446.59 2725.35 5438.81 2725.46
26071-200-M6-052-00093 0.31502190232276917 5431.72 4687.99 5437.63 4682.38 5449.03 4694.38 5443.12 4699.99
26071-200-M6-052-00093 0.268531858921051 5437.05 3588.03 5444.44 3588.05 5444.40 3602.90 5437.02 3602.88
26071-200-M6-052-00093 0.061255984008312225 6782.96 3701.82 6790.42 3694.98 6803.46 3709.21 6796.00 3716.05
26071-200-M6-052-00093 0.06054629012942314 5436.66 4479.60 5450.70 4489.12 5446.63 4495.12 5432.59 4485.60
26071-200-M6-052-00093 0.05947033688426018 3271.08 2419.53 3778.82 2389.31 3781.81 2439.60 3274.07 2469.81
26071-200-M6-052-00002 0.1463775932788849 6558.56 1500.80 6574.24 1500.68 6574.32 1510.27 6558.64 1510.40
26071-200-M6-052-00002 0.14389069378376007 4268.00 3585.67 4394.20 3592.29 4392.50 3624.75 4266.30 3618.13
26071-200-M6-052-00002 0.11717679351568222 6454.16 1907.84 6488.69 1909.22 6486.55 1962.52 6452.02 1961.13
26071-200-M6-052-00002 0.10249669849872589 3638.11 3052.61 3775.61 3059.91 3773.92 3091.57 3636.43 3084.26
26071-200-M6-052-00002 0.0844106450676918 7030.13 1500.46 7046.15 1499.80 7046.55 1509.44 7030.52 1510.10
26071-200-M6-052-00002 0.08184637129306793 7219.58 1500.74 7236.31 1499.88 7236.86 1510.51 7220.13 1511.37
26071-200-M6-052-00002 0.07799115031957626 3558.44 3334.85 3684.04 3335.41 3683.90 3367.67 3558.30 3367.11
26071-200-M6-052-00002 0.06946228444576263 6747.02 1500.82 6763.84 1499.81 6764.48 1510.37 6747.66 1511.38
26071-200-M6-052-00002 0.06533771008253098 4607.66 4505.32 4643.06 4505.22 4643.22 4561.68 4607.82 4561.78
26071-200-M6-052-00002 0.060651857405900955 2901.29 5969.05 2932.61 5965.45 2947.65 6096.46 2916.34 6100.06
26071-200-M6-052-00002 0.0594131201505661 4609.36 4032.01 4645.54 4031.77 4646.02 4103.05 4609.84 4103.29
26071-200-M6-052-00002 0.056639112532138824 4275.63 4322.25 4485.45 4321.58 4485.61 4369.28 4275.78 4369.95
26071-200-M6-052-00002 0.051184140145778656 4083.24 4392.65 4133.16 4392.87 4132.50 4543.16 4082.57 4542.94
26071-200-M6-052-00002 0.05019070580601692 3554.68 3519.81 3654.78 3506.07 3722.81 4001.78 3622.70 4015.52
26071-200-M6-052-00002 0.05004443600773811 1252.96 5971.14 1284.93 5967.06 1300.90 6091.99 1268.93 6096.08
26071-675-M6-068-10002 0.6946412920951843 6486.75 2134.13 6500.24 2142.54 6496.04 2149.26 6482.55 2140.85
26071-675-M6-068-10002 0.5798819065093994 7686.43 2131.78 7693.49 2130.79 7695.70 2146.50 7688.64 2147.50
26071-675-M6-068-10002 0.5622285008430481 5586.43 1998.19 5592.93 1996.06 5597.54 2010.10 5591.04 2012.23
26071-675-M6-068-10002 0.4498772919178009 7716.24 2069.90 7727.66 2069.51 7728.48 2093.34 7717.07 2093.74
26071-675-M6-068-10002 0.38221365213394165 6667.64 2070.76 6676.26 2070.26 6677.52 2091.89 6668.90 2092.39
26071-675-M6-068-10002 0.3810100257396698 4004.97 1936.32 4015.31 1935.52 4017.02 1957.71 4006.68 1958.50
26071-675-M6-068-10002 0.3732636570930481 3972.81 1996.59 3986.61 2006.58 3981.91 2013.06 3968.11 2003.08
26071-675-M6-068-10002 0.31935134530067444 4814.31 1934.11 4824.53 1933.70 4825.39 1955.08 4815.17 1955.49
26071-675-M6-068-10002 0.2823517620563507 6630.23 2132.53 6638.12 2126.98 6649.48 2143.10 6641.59 2148.66
26071-675-M6-068-10002 0.26753246784210205 6644.66 2065.18 6656.10 2065.54 6655.43 2086.66 6643.99 2086.30
26071-675-M6-068-10002 0.2653385400772095 5618.30 1935.71 5628.09 1935.23 5629.31 1959.76 5619.52 1960.24
26071-675-M6-068-10002 0.24208563566207886 4784.36 1995.90 4797.20 2007.18 4791.98 2013.12 4779.14 2001.84
26071-675-M6-068-10002 0.18708918988704681 5595.19 1932.03 5603.62 1931.90 5603.87 1948.61 5595.44 1948.73
26071-675-M6-068-10002 0.18093973398208618 3820.21 1997.26 3830.53 1993.21 3837.52 2011.00 3827.21 2015.06
26071-675-M6-068-10002 0.16139887273311615 7696.11 2064.65 7713.18 2062.21 7716.62 2086.29 7699.56 2088.73
26071-675-M6-068-10002 0.12088808417320251 7534.58 2132.93 7541.96 2129.85 7548.53 2145.64 7541.14 2148.71
26071-675-M6-068-10002 0.10847337543964386 4638.39 1863.00 4697.58 1865.98 4688.63 2043.80 4629.44 2040.82
26071-675-M6-068-10002 0.09566429257392883 4791.96 1932.27 4806.49 1930.73 4808.65 1951.15 4794.11 1952.68
26071-675-M6-068-10002 0.09324628114700317 3985.89 1932.23 3994.38 1932.14 3994.55 1948.82 3986.06 1948.91
26071-675-M6-068-10002 0.07955409586429596 6655.57 2066.94 6666.28 2066.04 6668.01 2086.68 6657.31 2087.58
26071-675-M6-068-10002 0.07596715539693832 5607.03 1933.08 5616.17 1933.45 5615.38 1953.29 5606.24 1952.93
26071-675-M6-068-10002 0.0747355967760086 2438.63 3773.15 2440.83 3771.21 2466.20 3799.90 2464.01 3801.84
26071-675-M6-068-10002 0.07176139205694199 2443.81 3773.12 2445.98 3771.41 2468.60 3800.13 2466.42 3801.84
26071-675-M6-068-10002 0.05521848797798157 3746.94 3774.61 3749.53 3772.82 3769.23 3801.41 3766.64 3803.20
26071-675-M6-068-10002 0.054339855909347534 2278.48 2792.89 2307.99 2793.48 2307.12 2837.39 2277.60 2836.80
26071-675-M6-068-10002 0.053855739533901215 2064.40 2112.11 2590.50 2091.87 2592.94 2155.22 2066.83 2175.46
26071-675-M6-068-10002 0.050471194088459015 3997.45 1932.62 4006.30 1932.83 4005.77 1955.10 3996.91 1954.88
26071-675-M6-068-10002 0.05017530545592308 1686.42 1386.44 1733.73 1385.31 1734.09 1400.59 1686.79 1401.72
26071-750-M6-085-00012 0.9606161117553711 2896.93 3641.67 2911.83 3641.79 2911.77 3648.89 2896.87 3648.77
26071-750-M6-085-00012 0.9549521207809448 7515.53 5117.64 7530.74 5117.95 7530.58 5125.56 7515.38 5125.24
26071-750-M6-085-00012 0.951321005821228 5329.76 5117.65 5345.27 5117.87 5345.16 5125.48 5329.65 5125.25
26071-750-M6-085-00012 0.9497352838516235 7385.73 3760.00 7400.60 3760.14 7400.54 3767.07 7385.67 3766.94
26071-750-M6-085-00012 0.9488836526870728 3027.14 5117.82 3042.47 5117.74 3042.51 5125.29 3027.17 5125.36
26071-750-M6-085-00012 0.9487103819847107 5200.51 3760.10 5215.43 3760.12 5215.43 3766.94 5200.51 3766.92
26071-750-M6-085-00012 0.9484104514122009 3062.80 3641.80 3077.68 3641.84 3077.67 3649.14 3062.78 3649.10
26071-750-M6-085-00012 0.947329044342041 5129.32 5117.68 5144.26 5117.90 5144.15 5125.50 5129.21 5125.29
26071-750-M6-085-00012 0.9443156719207764 7551.70 3759.75 7566.77 3759.98 7566.66 3767.21 7551.58 3766.98
26071-750-M6-085-00012 0.9438722729682922 5366.00 3759.89 5380.56 3759.94 5380.54 3767.13 5365.98 3767.07
26071-750-M6-085-00012 0.94097501039505 2862.20 5117.60 2877.85 5118.14 2877.58 5125.94 2861.93 5125.40
26071-750-M6-085-00012 0.9389414191246033 7314.39 5117.73 7329.64 5117.97 7329.52 5125.65 7314.27 5125.40
26071-750-M6-085-00012 0.9388876557350159 6960.00 4349.89 6967.48 4349.67 6967.92 4364.55 6960.44 4364.78
26071-750-M6-085-00012 0.9373596906661987 7019.71 4291.71 7034.70 4291.68 7034.72 4299.12 7019.73 4299.15
26071-750-M6-085-00012 0.1313513070344925 6899.69 4347.67 6918.29 4346.94 6918.65 4356.15 6900.05 4356.88
26071-750-M6-085-00012 0.11904264986515045 3011.92 5049.79 3238.48 5203.92 3189.03 5276.61 2962.47 5122.47
26071-750-M6-085-00012 0.07526852935552597 734.85 1886.70 790.33 1885.80 792.80 2037.33 737.32 2038.24
26071-750-M6-085-00012 0.07521996647119522 7496.28 5099.62 7565.05 5042.31 7729.13 5239.20 7660.35 5296.51
26071-750-M6-085-00012 0.07052617520093918 7086.76 4342.30 7104.23 4342.80 7103.34 4374.14 7085.87 4373.64
26071-750-M6-085-00012 0.060811735689640045 3022.40 3640.15 3102.48 3587.33 3225.21 3773.40 3145.13 3826.22
26071-750-M6-085-00012 0.06004134565591812 1202.37 2319.01 1209.01 2319.58 1205.56 2360.04 1198.91 2359.47
26071-750-M6-085-00012 0.05822906643152237 924.14 4390.47 955.82 4390.54 955.81 4395.85 924.13 4395.77
26071-750-M6-085-00012 0.05816493183374405 7673.95 5167.12 7705.32 5163.11 7710.83 5206.27 7679.47 5210.28
26071-750-M6-085-00012 0.05235527828335762 3105.22 3894.06 3152.38 3894.46 3152.36 3896.76 3105.20 3896.35
26071-750-M6-085-00012 0.050691548734903336 5127.64 5102.66 5147.44 5107.14 5144.97 5118.01 5125.18 5113.53
26071-750-M6-085-00012 0.05022290349006653 1487.25 4835.88 1702.90 4836.11 1702.85 4884.42 1487.20 4884.20
26071-200-M6-062-00277 0.056183770298957825 4256.82 2267.19 4273.98 2267.19 4273.99 2314.72 4256.83 2314.73
26071-200-M6-062-00277 0.05469759181141853 5497.62 4679.23 5521.71 4683.30 5518.64 4701.48 5494.55 4697.42
26071-200-M6-062-00277 0.05107486620545387 6088.43 4677.62 6112.82 4683.59 6108.48 4701.32 6084.09 4695.35
26071-200-M6-062-00277 0.05020854249596596 4552.71 4678.83 4576.88 4683.94 4573.03 4702.15 4548.87 4697.05
26071-600-M6-065-00259 0.050955623388290405 4204.98 4594.03 4219.31 4596.62 4210.37 4645.91 4196.05 4643.32
26071-200-M6-052-00544 0.909041166305542 4303.42 3842.53 4318.74 3842.81 4318.61 3850.19 4303.29 3849.90
26071-200-M6-052-00544 0.06490404903888702 4377.51 4443.98 4611.15 4446.75 4610.59 4493.80 4376.95 4491.03
26071-200-M6-052-00544 0.05866643786430359 5291.24 4117.83 5422.31 4118.87 5422.05 4151.43 5290.98 4150.39
26071-200-M6-052-00544 0.05740604177117348 2242.37 5457.84 2245.26 5457.84 2245.35 5484.19 2242.45 5484.20
26071-200-M6-052-00544 0.05347453057765961 758.53 3953.04 791.39 3953.27 790.47 4085.76 757.61 4085.53
26071-200-M6-052-00544 0.05295616388320923 3985.67 2719.64 4017.69 2720.50 4015.26 2810.21 3983.24 2809.35
26071-200-M6-052-00544 0.05250560864806175 4372.30 4393.94 4615.98 4393.40 4616.08 4441.02 4372.41 4441.57
26071-600-M6-066-00003 0.9048106670379639 4854.03 3759.03 4861.85 3758.66 4862.60 3774.21 4854.78 3774.58
26071-600-M6-066-00003 0.9014551639556885 4853.99 3996.26 4861.79 3995.87 4862.56 4011.06 4854.75 4011.45
26071-600-M6-066-00003 0.8493747711181641 4853.91 3523.84 4861.58 3523.55 4862.14 3538.58 4854.48 3538.87
26071-600-M6-066-00003 0.8271299600601196 4853.47 3287.81 4861.27 3287.58 4861.72 3302.66 4853.92 3302.89
26071-600-M6-066-00003 0.8126744031906128 4852.73 3052.10 4860.26 3051.60 4861.28 3066.96 4853.75 3067.46
26071-600-M6-066-00003 0.7575291395187378 4852.16 2814.48 4859.91 2814.27 4860.32 2829.34 4852.57 2829.56
26071-600-M6-066-00003 0.7296125292778015 4854.11 2577.81 4861.60 2578.16 4860.86 2594.01 4853.37 2593.66
26071-600-M6-066-00003 0.6350560784339905 4854.03 2344.27 4861.77 2343.77 4862.81 2359.55 4855.06 2360.05
26071-600-M6-066-00003 0.2692851424217224 1583.18 4859.20 1590.90 4859.36 1590.55 4875.93 1582.82 4875.77
26071-600-M6-066-00003 0.11332324147224426 1577.77 4858.02 1582.87 4857.71 1584.02 4877.12 1578.92 4877.42
26071-600-M6-066-00003 0.0768064334988594 3297.60 1973.18 3323.95 1993.38 3315.58 2004.29 3289.24 1984.09
26071-600-M6-066-00003 0.06769324839115143 5534.31 1982.47 5566.36 1982.40 5566.39 1997.39 5534.34 1997.46
26071-600-M6-066-00003 0.06683049350976944 4861.45 2579.72 4868.82 2579.66 4868.98 2596.73 4861.61 2596.80
26071-600-M6-066-00003 0.06422626227140427 3525.21 1981.82 3560.15 1981.23 3560.44 1998.68 3525.50 1999.26
26071-600-M6-066-00003 0.059434983879327774 5297.17 1981.90 5332.46 1981.88 5332.47 1999.60 5297.18 1999.62
26071-600-M6-066-00003 0.05765189975500107 1580.78 4901.61 1591.59 4901.11 1592.56 4921.67 1581.74 4922.18
26071-600-M6-066-00003 0.05242026969790459 4856.92 2359.83 4864.70 2359.30 4865.88 2376.68 4858.10 2377.21
26071-750-M6-085-00309 0.9331696033477783 5787.28 4172.89 5794.44 4173.00 5794.23 4187.62 5787.07 4187.52
26071-750-M6-085-00309 0.9251418113708496 5786.93 2519.06 5794.17 2519.45 5793.37 2534.12 5786.13 2533.73
26071-750-M6-085-00309 0.8841475248336792 2944.03 4232.25 2951.58 4232.32 2951.45 4247.07 2943.91 4247.01
26071-750-M6-085-00309 0.09670192748308182 4323.46 2268.06 4447.11 2278.34 4442.00 2339.82 4318.35 2329.53
26071-750-M6-085-00309 0.08456716686487198 4525.23 3184.16 4570.27 3185.05 4569.92 3202.90 4524.87 3202.01
26071-750-M6-085-00309 0.06920552998781204 3428.30 3184.42 3471.32 3185.60 3470.83 3203.25 3427.81 3202.06
26071-750-M6-085-00309 0.06048380210995674 894.67 4994.70 901.15 4994.38 902.74 5026.58 896.25 5026.89
26071-750-M6-085-00309 0.059204500168561935 361.23 4339.48 877.83 4341.66 877.63 4390.58 361.02 4388.40
26071-750-M6-085-00309 0.05468086525797844 3993.12 3183.75 4038.82 3186.24 4037.84 3204.19 3992.14 3201.71
