26071-200-M6-052-00001 0.08983299881219864 2510.16 3408.08 3151.78 3367.93 3162.90 3545.65 2521.28 3585.80
26071-200-M6-052-00001 0.057786423712968826 4057.64 4191.41 4350.45 4245.49 4320.38 4408.34 4027.56 4354.26
26071-200-M6-052-00001 0.05307503789663315 3541.27 4822.57 3912.54 4783.60 3980.49 5430.96 3609.22 5469.93
26071-200-M6-052-00001 0.05192366987466812 3687.22 3846.35 4128.08 4260.44 3916.08 4486.15 3475.21 4072.07
26071-500-M6-059-00017 0.2005033940076828 5796.98 3742.21 6322.12 3730.04 6327.54 3964.11 5802.40 3976.27
26071-500-M6-059-00017 0.17294032871723175 3737.61 3754.60 4322.59 3729.85 4331.85 3948.65 3746.87 3973.40
26071-500-M6-059-00017 0.16403596103191376 1780.30 3764.64 2314.04 3741.05 2323.38 3952.50 1789.64 3976.09
26071-500-M6-059-00017 0.1605205535888672 3246.18 3983.62 4055.05 3907.85 4082.99 4206.14 3274.11 4281.90
26071-500-M6-059-00017 0.10858871042728424 5043.97 3932.40 5959.21 3873.71 5973.24 4092.42 5058.00 4151.11
26071-500-M6-059-00017 0.10289455950260162 1957.71 3925.13 2978.76 3898.41 2983.84 4092.70 1962.80 4119.43
26071-500-M6-059-00017 0.06046372279524803 1834.44 3497.91 2519.59 3607.74 2479.21 3859.67 1794.06 3749.84
26071-500-M6-059-00017 0.05625874921679497 6230.08 3540.31 6365.90 3521.12 6434.39 4005.91 6298.56 4025.09
26071-500-M6-059-00017 0.053856123238801956 4092.31 3365.51 4754.65 3817.30 4607.76 4032.64 3945.43 3580.85
26071-500-M6-059-00017 0.05153527110815048 3480.79 3406.73 4113.45 3574.67 4035.86 3866.96 3403.20 3699.03
26071-600-M6-066-00012 0.0963708832859993 5394.17 1412.07 5495.99 1413.17 5491.22 1852.62 5389.41 1851.52
26071-600-M6-066-00012 0.08355876803398132 2555.91 3523.39 3521.15 3466.96 3534.76 3699.75 2569.52 3756.18
26071-600-M6-066-00012 0.07302775233983994 4124.32 3527.71 4825.94 3583.84 4811.42 3765.28 4109.81 3709.15
26071-600-M6-066-00012 0.06834400445222855 6098.09 3575.05 6182.04 3581.48 6171.09 3724.57 6087.15 3718.15
26071-600-M6-066-00012 0.06726495176553726 5292.31 2496.73 5937.67 2517.63 5931.55 2706.55 5286.19 2685.65
26071-600-M6-066-00012 0.052825674414634705 4572.19 2494.76 5127.30 2528.36 5117.57 2689.19 4562.46 2655.58
26071-600-M6-066-00012 0.05218781903386116 5476.97 1427.33 5632.05 1429.48 5626.66 1820.07 5471.57 1817.93
26071-200-M6-052-00539 0.22635146975517273 3364.07 5400.43 3894.79 5355.87 3911.12 5550.33 3380.40 5594.90
26071-200-M6-052-00539 0.07338955253362656 1911.91 3252.64 2186.48 3067.71 2547.52 3603.74 2272.95 3788.68
26071-200-M6-052-00539 0.061742085963487625 1945.94 3517.04 2042.12 3513.56 2058.55 3967.56 1962.37 3971.04
26071-200-M6-052-00539 0.051054928451776505 6089.81 4233.23 6164.16 4230.11 6172.37 4425.39 6098.02 4428.52
26071-200-M6-052-00539 0.05021852254867554 2024.40 3732.32 2202.30 3746.21 2172.13 4132.61 1994.23 4118.72
26071-500-M6-059-00248 0.27156949043273926 4605.27 4441.81 5192.85 4404.73 5205.84 4610.56 4618.26 4647.65
26071-500-M6-059-00248 0.06327705085277557 4692.41 4079.13 5378.97 4144.94 5344.80 4501.46 4658.24 4435.65
26071-700-M6-054-00246 0.2017471343278885 4325.54 3009.95 4965.53 3383.57 4786.05 3691.01 4146.05 3317.39
26071-700-M6-054-00246 0.06780017912387848 4219.36 2928.06 4885.10 2981.90 4865.15 3228.62 4199.41 3174.79
26071-700-M6-054-00246 0.0664568766951561 4256.26 3769.36 4565.08 3645.39 4850.83 4357.18 4542.02 4481.16
26071-500-M6-059-00040 0.08833320438861847 2525.47 1316.06 2590.63 1308.41 2605.73 1437.04 2540.57 1444.69
26071-500-M6-059-00040 0.07372628897428513 1593.96 2323.25 2428.26 2344.94 2421.71 2596.82 1587.41 2575.13
26071-500-M6-059-00040 0.06791136413812637 2177.25 1832.92 2508.31 1829.32 2509.80 1966.81 2178.74 1970.40
26071-500-M6-059-00040 0.05440409854054451 5362.56 2686.74 5726.21 2575.06 5904.08 3154.21 5540.43 3265.89
26071-203-M6-333-00010 0.06460508704185486 4186.95 1959.20 4642.08 1952.76 4644.90 2152.82 4189.78 2159.26
26071-203-M6-333-00010 0.050228383392095566 2382.93 4202.63 2988.59 4186.87 2990.48 4259.73 2384.82 4275.49
26071-550-M6-084-00248 0.2221561223268509 4616.33 4001.20 5155.08 3957.86 5171.33 4159.87 4632.58 4203.20
26071-550-M6-084-00248 0.050253015011548996 4691.94 4082.11 5432.03 4195.28 5382.20 4521.17 4642.10 4407.99
26071-203-M6-332-00008 0.06653239578008652 4602.47 4150.61 4729.01 4111.82 4838.59 4469.29 4712.05 4508.08
26071-203-M6-332-00008 0.054154761135578156 7042.78 3686.05 7533.68 4130.30 7290.65 4398.84 6799.75 3954.59
26071-203-M6-332-00008 0.05306166782975197 4459.17 3713.10 5120.00 3995.60 4981.97 4318.49 4321.14 4035.99
26071-203-M6-332-00008 0.050085630267858505 2047.96 3726.41 2719.71 3990.17 2592.46 4314.24 1920.72 4050.48
26071-200-M6-052-00080 0.19943225383758545 2782.27 3783.55 3590.49 3753.44 3600.68 4026.87 2792.46 4056.98
26071-200-M6-052-00080 0.19642502069473267 6180.65 3814.95 7083.82 3779.67 7094.34 4049.13 6191.18 4084.41
26071-203-M6-321-00604 0.09852472692728043 5420.95 2886.94 6368.41 2934.26 6358.40 3134.57 5410.94 3087.25
26071-300-M6-053-00309 0.2247200906276703 3418.34 3034.87 3980.88 3202.23 3914.98 3423.73 3352.44 3256.37
26071-300-M6-053-00309 0.12322138249874115 3390.34 5135.97 4193.85 5218.94 4169.63 5453.52 3366.12 5370.55
26071-300-M6-053-00309 0.08482412993907928 3142.37 3117.88 3398.30 3008.88 3599.32 3480.85 3343.39 3589.85
26071-300-M6-053-00309 0.08030930906534195 4753.23 4762.45 5529.52 4754.65 5532.69 5071.16 4756.40 5078.95
26071-300-M6-053-00309 0.055241528898477554 6084.24 2092.12 6789.54 2105.12 6783.26 2445.99 6077.95 2432.99
26071-450-M6-082-00009 0.11459145694971085 3670.33 4494.19 3857.82 4499.81 3848.68 4804.35 3661.19 4798.73
26071-450-M6-082-00009 0.10741745680570602 2392.99 2472.66 3064.10 2491.28 3056.97 2748.21 2385.86 2729.59
26071-200-M6-052-00552 0.12273706495761871 3807.95 2405.37 4353.88 2675.09 4220.98 2944.09 3675.05 2674.38
26071-200-M6-052-00552 0.0734659731388092 5258.74 4300.50 5327.14 4303.71 5321.54 4423.22 5253.14 4420.02
26071-750-M6-085-00007 0.13883836567401886 4918.73 3100.12 5784.08 3102.91 5783.15 3391.07 4917.80 3388.28
26071-750-M6-085-00007 0.09143753349781036 3548.97 2619.97 4300.52 2525.66 4327.52 2740.88 3575.97 2835.19
26071-750-M6-085-00007 0.07980114221572876 2065.80 2611.46 2550.23 2614.33 2549.19 2789.66 2064.76 2786.78
26071-750-M6-085-00007 0.06241793558001518 3289.81 2633.03 3703.09 2653.12 3698.74 2742.68 3285.46 2722.59
26071-750-M6-085-00007 0.05401881784200668 2672.65 2619.06 3564.26 2628.63 3560.75 2955.90 2669.14 2946.33
26071-203-M6-337-00031 0.21109822392463684 5413.33 1504.77 6067.54 1527.19 6059.22 1770.03 5405.01 1747.61
26071-203-M6-337-00031 0.19537580013275146 5468.77 1742.86 6106.85 1783.42 6088.38 2074.00 5450.30 2033.44
26071-203-M6-337-00031 0.18729212880134583 4900.70 3139.40 5689.03 3145.57 5686.99 3406.30 4898.66 3400.13
26071-203-M6-337-00031 0.18617522716522217 5509.56 2298.46 6136.98 2264.76 6151.31 2531.56 5523.89 2565.26
26071-203-M6-337-00031 0.1653156280517578 5446.17 1240.94 6018.08 1219.28 6027.94 1479.82 5456.04 1501.48
26071-203-M6-337-00031 0.16064201295375824 4898.93 1563.50 5607.62 1603.81 5591.54 1886.43 4882.85 1846.12
26071-203-M6-337-00031 0.13934306800365448 4857.94 2378.36 5631.56 2360.08 5637.82 2625.08 4864.19 2643.35
26071-203-M6-337-00031 0.13410207629203796 2046.56 1005.94 2593.01 1204.04 2459.54 1572.20 1913.10 1374.10
26071-203-M6-337-00031 0.1326085329055786 5503.54 2691.89 6027.34 2755.25 5993.91 3031.60 5470.11 2968.24
26071-203-M6-337-00031 0.1308920532464981 2701.62 4080.38 3588.39 4033.17 3598.50 4223.01 2711.73 4270.21
26071-203-M6-337-00031 0.12448698282241821 2712.24 4972.68 3588.23 4935.09 3596.47 5127.19 2720.48 5164.78
26071-203-M6-337-00031 0.12066442519426346 4949.13 2218.73 5018.88 2221.60 5013.92 2342.11 4944.18 2339.25
26071-203-M6-337-00031 0.11625178903341293 3529.66 4113.52 4484.72 4072.56 4497.53 4371.22 3542.47 4412.18
26071-203-M6-337-00031 0.11614115536212921 3487.22 4937.74 4498.69 4910.52 4504.41 5123.01 3492.94 5150.23
26071-203-M6-337-00031 0.11354506760835648 4940.55 1109.65 5009.75 1106.97 5014.32 1225.09 4945.12 1227.76
26071-203-M6-337-00031 0.11329267174005508 4693.65 4989.06 5500.39 4943.09 5511.14 5131.80 4704.40 5177.77
26071-203-M6-337-00031 0.11277638375759125 4688.14 4092.45 5500.90 4042.46 5512.45 4230.23 4699.68 4280.22
26071-203-M6-337-00031 0.10913414508104324 4940.35 1828.97 5010.10 1827.02 5013.44 1946.43 4943.69 1948.38
26071-203-M6-337-00031 0.10905549675226212 5221.04 656.67 5787.73 616.11 5811.38 946.52 5244.69 987.08
26071-203-M6-337-00031 0.10803795605897903 4818.38 2544.95 5113.35 2783.06 4957.78 2975.77 4662.81 2737.66
26071-203-M6-337-00031 0.10791859030723572 4941.16 2608.44 5009.24 2605.65 5014.11 2724.35 4946.02 2727.14
26071-203-M6-337-00031 0.10718829184770584 2611.66 4256.78 3561.10 4322.79 3534.37 4707.25 2584.93 4641.23
26071-203-M6-337-00031 0.10618135333061218 4949.49 2966.08 5018.44 2968.56 5014.09 3089.40 4945.14 3086.91
26071-203-M6-337-00031 0.10345808416604996 4949.17 1466.03 5018.46 1468.67 5013.86 1589.52 4944.58 1586.89
26071-203-M6-337-00031 0.09470323473215103 1984.27 1004.87 2577.64 980.21 2583.42 1119.21 1990.05 1143.88
26071-203-M6-337-00031 0.09466041624546051 3573.99 4561.48 4509.13 4516.71 4524.06 4828.47 3588.92 4873.25
26071-203-M6-337-00031 0.0859847143292427 4806.88 1920.77 5102.96 2094.60 4974.89 2312.75 4678.81 2138.93
26071-203-M6-337-00031 0.08575104176998138 4731.68 3061.45 5022.34 3133.23 4980.59 3302.33 4689.92 3230.56
26071-203-M6-337-00031 0.08522610366344452 5618.34 2105.14 5794.79 2116.59 5783.93 2284.01 5607.49 2272.57
26071-203-M6-337-00031 0.08496101945638657 3659.85 586.32 4041.66 565.46 4054.36 797.91 3672.55 818.77
26071-203-M6-337-00031 0.08375813066959381 4662.30 4588.44 5548.14 4515.19 5575.09 4841.13 4689.25 4914.38
26071-203-M6-337-00031 0.08326804637908936 4728.01 1558.55 5021.69 1633.13 4979.19 1800.51 4685.51 1725.93
26071-203-M6-337-00031 0.08162599056959152 3314.55 1388.11 3613.48 1173.60 4007.60 1722.84 3708.68 1937.34
26071-203-M6-337-00031 0.08102872967720032 4836.43 1210.53 5106.40 1402.13 4947.79 1625.61 4677.82 1434.02
26071-203-M6-337-00031 0.07863333821296692 4664.19 2363.33 4997.43 2363.70 4997.24 2538.51 4663.99 2538.14
26071-203-M6-337-00031 0.07288026064634323 4977.40 2810.45 5128.44 2802.32 5153.82 3273.71 5002.77 3281.85
26071-203-M6-337-00031 0.06669171899557114 2100.08 4884.17 2750.79 4887.26 2748.99 5265.30 2098.28 5262.21
26071-203-M6-337-00031 0.06538118422031403 5001.69 3400.18 5937.87 3372.13 5944.96 3608.75 5008.78 3636.79
26071-203-M6-337-00031 0.06510983407497406 2045.35 1581.51 2542.41 1555.09 2553.46 1762.76 2056.39 1789.18
26071-203-M6-337-00031 0.06492751836776733 2120.06 3982.55 2747.53 3982.51 2747.56 4368.54 2120.09 4368.59
26071-203-M6-337-00031 0.06063533201813698 5617.37 1103.00 5800.00 1117.78 5785.64 1295.21 5603.02 1280.43
26071-203-M6-337-00031 0.059864744544029236 4082.57 4240.33 5067.22 4309.97 5039.50 4701.92 4054.85 4632.28
26071-203-M6-337-00031 0.059507761150598526 5612.62 2513.67 5790.41 2524.13 5779.68 2706.43 5601.89 2695.97
26071-203-M6-337-00031 0.05827794224023819 2600.18 1943.05 2926.23 1887.15 3020.80 2438.70 2694.75 2494.61
26071-203-M6-337-00031 0.05728905275464058 1983.52 1225.47 2095.93 1221.99 2113.08 1775.55 2000.67 1779.03
26071-203-M6-337-00031 0.057288359850645065 2910.77 2269.95 3392.57 2744.20 3147.21 2993.46 2665.41 2519.21
26071-203-M6-337-00031 0.052245739847421646 5427.77 2855.86 5957.92 3069.81 5844.37 3351.18 5314.22 3137.23
26071-203-M6-332-00001 0.27870696783065796 2753.60 2887.06 3230.47 2760.07 3416.82 3459.85 2939.95 3586.84
26071-203-M6-332-00001 0.2782032787799835 4181.68 2722.61 4609.56 2810.66 4473.19 3473.37 4045.31 3385.32
26071-203-M6-332-00001 0.2745785415172577 3748.53 2770.10 4181.45 2832.37 4084.93 3503.45 3652.01 3441.18
26071-203-M6-332-00001 0.27327796816825867 4774.41 2962.21 5183.98 2756.71 5512.99 3412.44 5103.42 3617.95
26071-203-M6-332-00001 0.2574670910835266 3329.25 2739.14 3755.88 2794.06 3670.71 3455.71 3244.09 3400.79
26071-203-M6-332-00001 0.25463107228279114 5428.96 2742.45 5853.55 2794.19 5773.12 3454.26 5348.52 3402.52
26071-203-M6-332-00001 0.2537786364555359 5889.87 2711.21 6336.83 2867.46 6116.19 3498.61 5669.23 3342.36
26071-203-M6-332-00001 0.16661536693572998 4342.12 3065.79 4685.45 2829.08 5062.58 3376.09 4719.24 3612.80
26071-203-M6-332-00001 0.061550483107566833 6152.82 2912.05 6466.33 2920.78 6445.98 3651.33 6132.48 3642.59
26071-203-M6-332-00001 0.05194706842303276 2690.12 1366.40 2840.70 1379.82 2827.27 1530.54 2676.69 1517.13
26071-200-M6-052-00150 0.1383906751871109 2949.88 3067.86 3713.61 3024.20 3731.38 3335.13 2967.65 3378.79
26071-200-M6-052-00150 0.11319969594478607 3438.79 1864.59 3815.69 1875.73 3808.94 2104.03 3432.05 2092.89
26071-200-M6-052-00150 0.07956397533416748 3275.88 3960.69 4132.57 3939.62 4142.81 4355.77 3286.12 4376.85
26071-200-M6-052-00150 0.06780821830034256 3064.73 2605.82 3733.88 2893.74 3593.64 3219.69 2924.48 2931.76
26071-200-M6-052-00150 0.06260012090206146 3674.22 3688.29 4553.64 3872.96 4497.18 4141.85 3617.76 3957.19
26071-200-M6-052-00003 0.11746782809495926 4166.52 4632.51 4367.48 4627.19 4379.86 5094.19 4178.90 5099.52
26071-700-M6-054-00036 0.2270544171333313 3976.34 3444.52 4652.68 3416.10 4661.48 3625.57 3985.14 3653.98
26071-700-M6-054-00036 0.06034591794013977 4703.65 1422.96 4776.41 1426.08 4757.33 1871.00 4684.57 1867.88
26071-600-M6-065-00231 0.10247153788805008 6231.30 3285.80 7142.29 3281.88 7143.38 3536.30 6232.39 3540.22
26071-600-M6-065-00231 0.08267576992511749 3087.11 3421.66 3929.14 3531.31 3899.11 3761.94 3057.08 3652.29
26071-600-M6-065-00231 0.07451906055212021 3185.97 5393.72 3915.31 5492.80 3871.50 5815.28 3142.16 5716.20
26071-600-M6-065-00231 0.06429045647382736 3752.71 3897.08 3845.63 3894.89 3857.70 4409.13 3764.79 4411.31
26071-600-M6-065-00231 0.057425860315561295 7063.87 3329.78 7480.87 3319.06 7485.38 3494.53 7068.38 3505.25
26071-500-M6-059-00071 0.11875162273645401 1327.58 3674.31 2068.79 3779.91 2010.14 4191.54 1268.93 4085.94
26071-500-M6-059-00071 0.07818058133125305 1949.79 1805.24 2037.87 1814.50 1960.41 2551.45 1872.33 2542.19
26071-500-M6-059-00071 0.05899762362241745 1276.12 1843.99 1388.56 1829.19 1460.75 2377.75 1348.31 2392.55
26071-203-M6-320-00008 0.06613850593566895 2323.20 4239.84 2613.13 4056.72 2912.36 4530.49 2622.44 4713.61
26071-500-M6-059-00116 0.17912764847278595 3853.69 4047.48 4866.47 4024.89 4872.19 4281.25 3859.41 4303.85
26071-550-M6-084-00026 0.0707954540848732 6380.22 2854.42 6445.62 2857.82 6439.46 2976.40 6374.05 2973.00
26071-550-M6-084-00026 0.05432774871587753 6460.27 5672.12 6581.37 5674.51 6575.07 5994.14 6453.97 5991.75
26071-203-M6-337-00007 0.058624133467674255 3469.88 5378.47 3585.76 5384.45 3559.40 5894.93 3443.52 5888.95
26071-203-M6-337-00007 0.05681150034070015 5155.02 5566.53 5300.03 5576.47 5279.01 5883.27 5134.00 5873.33
26071-203-M6-337-00007 0.05196179449558258 5160.73 2855.59 5309.03 2864.21 5290.86 3176.48 5142.56 3167.85
26071-200-M6-052-00090 0.21275344491004944 2424.92 3375.69 3290.49 3315.09 3310.47 3600.51 2444.90 3661.10
26071-200-M6-052-00090 0.18684831261634827 5443.27 3364.93 6331.42 3336.21 6340.22 3608.30 5452.07 3637.01
26071-200-M6-052-00090 0.0651654303073883 2416.72 3377.47 2545.28 3392.53 2507.68 3713.50 2379.12 3698.44
26071-200-M6-052-00090 0.06335341185331345 5682.97 3585.79 6481.52 3608.41 6472.33 3932.75 5673.78 3910.14
26071-200-M6-052-00090 0.05220695212483406 6203.92 3134.59 6793.30 3623.04 6636.70 3812.00 6047.32 3323.55
26071-200-M6-052-00090 0.05109338089823723 5286.64 4169.25 5381.59 4128.57 5451.58 4291.93 5356.63 4332.61
26071-600-M6-065-00037 0.11356746405363083 1829.01 4536.48 1986.16 4509.40 2036.24 4799.95 1879.09 4827.03
26071-600-M6-065-00037 0.09914689511060715 5308.52 3591.52 5595.19 3666.78 5396.37 4424.09 5109.70 4348.83
26071-600-M6-065-00037 0.09428663551807404 5131.41 4574.33 5310.25 4532.63 5373.63 4804.41 5194.79 4846.12
26071-600-M6-065-00037 0.08193791657686234 2050.63 3369.14 2395.10 3404.42 2328.32 4056.39 1983.85 4021.11
26071-600-M6-065-00037 0.055576227605342865 1306.73 6257.83 1810.61 6195.32 1845.34 6475.21 1341.45 6537.72
26071-600-M6-065-00037 0.05095275864005089 2733.71 3071.35 3449.91 3526.91 3291.22 3776.40 2575.02 3320.84
26071-300-M6-053-00010 0.19446459412574768 2051.13 4317.13 2663.98 4305.96 2667.72 4510.67 2054.87 4521.84
26071-300-M6-053-00010 0.1187330111861229 3218.44 4042.91 3527.83 4006.91 3596.04 4593.13 3286.65 4629.13
26071-203-M6-320-00042 0.13712255656719208 2603.82 3563.48 2700.07 3561.83 2710.52 4171.39 2614.27 4173.04
26071-203-M6-320-00042 0.11030653119087219 2216.43 3558.56 2315.55 3559.10 2312.24 4172.33 2213.12 4171.79
26071-200-M6-052-00540 0.10089492797851562 3797.38 4372.68 4364.23 4367.89 4365.74 4545.52 3798.88 4550.30
26071-200-M6-052-00540 0.06977121531963348 5900.25 4422.83 6514.96 4413.33 6516.75 4529.50 5902.05 4539.00
26071-200-M6-052-00540 0.056475598365068436 4417.95 4432.15 5062.24 4419.44 5064.34 4525.90 4420.05 4538.62
26071-200-M6-052-00540 0.05274617299437523 1175.31 4424.63 1842.99 4410.07 1845.55 4527.66 1177.87 4542.21
26071-200-M6-052-00540 0.052051395177841187 6840.77 4430.78 7496.09 4400.86 7501.26 4514.07 6845.94 4544.00
26071-203-M6-160-00291 0.29514092206954956 2838.03 3547.53 3825.56 3608.10 3809.88 3863.87 2822.34 3803.29
26071-203-M6-160-00291 0.10735081136226654 2906.58 2136.23 3521.41 2148.26 3515.62 2444.01 2900.79 2431.98
26071-203-M6-160-00291 0.06806408613920212 2064.21 3623.01 2765.15 3584.82 2776.22 3788.14 2075.29 3826.33
26071-203-M6-160-00291 0.06505326181650162 2914.48 3666.53 3730.73 3925.59 3648.03 4186.18 2831.78 3927.12
26071-203-M6-160-00291 0.05671726539731026 3035.72 3130.87 3754.07 3229.11 3690.40 3694.66 2972.05 3596.41
26071-203-M6-160-00291 0.05490316450595856 2547.44 5098.58 2609.06 5098.79 2608.21 5349.18 2546.59 5348.97
26071-203-M6-160-00291 0.053573429584503174 2781.34 5428.00 2957.04 5500.07 2914.19 5604.53 2738.49 5532.46
26071-203-M6-160-00291 0.05322033166885376 6196.28 3240.28 6472.97 3254.76 6463.94 3427.23 6187.25 3412.75
26071-203-M6-160-00291 0.05226796492934227 5229.67 5371.55 5408.20 5402.47 5389.34 5511.36 5210.81 5480.44
26071-300-M6-053-00008 0.19210046529769897 5229.07 1959.84 5934.68 2041.56 5896.15 2374.29 5190.53 2292.57
26071-300-M6-053-00008 0.07344575226306915 5834.10 2383.67 5932.20 2385.58 5921.13 2957.19 5823.03 2955.29
26071-300-M6-053-00008 0.056252773851156235 5081.41 1769.70 5883.75 1781.17 5879.81 2057.31 5077.46 2045.84
26071-300-M6-053-00008 0.053018927574157715 5138.99 4852.45 5879.29 4815.23 5886.12 4951.19 5145.83 4988.41
26071-200-M6-063-00010 0.13930083811283112 2543.47 3984.23 3085.24 3961.59 3093.45 4158.04 2551.68 4180.67
26071-200-M6-063-00010 0.07284923642873764 3888.51 3386.13 4691.21 3421.99 4678.68 3702.43 3875.98 3666.57
26071-203-M6-060-00006 0.20992538332939148 3331.89 4213.93 3758.41 4186.72 3771.97 4399.30 3345.45 4426.51
26071-203-M6-060-00006 0.18112680315971375 2729.27 4240.34 3153.41 4212.17 3166.52 4409.58 2742.38 4437.75
26071-203-M6-060-00006 0.12697377800941467 6356.28 4047.67 7294.80 3967.77 7318.58 4246.99 6380.05 4326.90
26071-203-M6-060-00006 0.09029664099216461 5907.62 4115.12 6258.34 4079.81 6274.55 4240.86 5923.83 4276.17
26071-300-M6-053-00012 0.1714596301317215 5124.90 2263.06 5663.25 2265.89 5662.17 2471.09 5123.82 2468.26
26071-300-M6-053-00012 0.09910143911838531 4210.87 3480.41 4473.53 3505.48 4423.57 4029.01 4160.91 4003.95
26071-300-M6-053-00012 0.07416055351495743 5065.34 2445.20 5610.07 2436.65 5613.39 2648.06 5068.66 2656.61
26071-300-M6-053-00012 0.0622408464550972 3394.75 2793.62 3500.32 2801.75 3460.24 3322.62 3354.67 3314.49
26071-675-M6-068-00034 0.12379487603902817 3388.46 4835.63 3908.29 4842.91 3905.43 5047.68 3385.60 5040.40
26071-675-M6-068-00034 0.1056947112083435 2668.06 4855.79 3103.14 4807.88 3127.09 5025.41 2692.02 5073.32
26071-675-M6-068-00034 0.0555444210767746 3639.27 3434.17 3716.50 3438.14 3685.53 4040.27 3608.29 4036.30
26071-450-M6-082-00031 0.1981789469718933 2988.09 3246.71 3549.54 3212.67 3561.29 3406.44 2999.83 3440.48
26071-450-M6-082-00031 0.05772531032562256 3423.98 3019.13 4031.09 3271.19 3937.27 3497.18 3330.15 3245.13
26071-200-M6-062-00276 0.1325259804725647 6018.53 4113.42 6121.68 4116.88 6110.70 4443.97 6007.56 4440.51
26071-200-M6-062-00276 0.10412837564945221 6453.80 4133.16 6550.78 4131.88 6555.19 4466.58 6458.22 4467.86
26071-200-M6-062-00276 0.10181710869073868 4049.75 4210.75 4266.19 4209.27 4268.36 4526.70 4051.92 4528.18
26071-200-M6-062-00276 0.077292300760746 3883.86 4450.03 3984.03 4458.50 3916.06 5262.42 3815.89 5253.95
26071-200-M6-062-00276 0.07297626882791519 3381.17 3955.78 3473.44 3954.32 3483.98 4620.32 3391.71 4621.78
26071-200-M6-062-00276 0.06562629342079163 2928.33 5336.96 3854.10 5374.54 3846.29 5566.93 2920.52 5529.34
26071-200-M6-062-00276 0.06500744074583054 3162.96 3896.49 3249.38 3898.38 3232.17 4684.94 3145.75 4683.05
26071-200-M6-062-00276 0.06210474297404289 5039.50 3954.66 5194.33 3951.03 5212.84 4740.14 5058.00 4743.77
26071-200-M6-062-00276 0.06059911102056503 3286.87 3967.18 3395.60 3969.16 3382.53 4687.56 3273.81 4685.58
26071-200-M6-062-00276 0.054093267768621445 4148.24 4748.51 4469.23 4960.84 4377.49 5099.54 4056.49 4887.20
26071-200-M6-062-00276 0.05113675817847252 5514.36 4267.19 5641.06 4273.40 5617.08 4762.66 5490.38 4756.45
26071-200-M6-062-00276 0.050104010850191116 6520.33 4101.74 6634.11 4090.78 6669.32 4456.22 6555.54 4467.18
26071-500-M6-059-00011 0.1488930732011795 3516.53 3465.64 4311.50 3402.29 4332.85 3670.24 3537.88 3733.60
26071-500-M6-059-00011 0.09383396804332733 3451.68 3991.50 4204.56 4003.34 4200.32 4273.22 3447.44 4261.39
26071-500-M6-059-00011 0.07976739853620529 3549.09 5127.66 4294.26 5239.44 4248.58 5543.96 3503.41 5432.19
26071-600-M6-065-00021 0.09892668575048447 2098.44 1399.75 2733.77 1383.91 2740.70 1661.70 2105.37 1677.54
26071-600-M6-065-00021 0.06818445771932602 6472.81 4373.56 6919.16 4403.59 6904.59 4620.05 6458.24 4590.01
26071-600-M6-065-00021 0.05862825736403465 1763.57 1812.14 2230.14 1797.40 2236.72 2005.62 1770.15 2020.37
26071-600-M6-065-00021 0.05723316967487335 3838.70 2789.54 4367.23 2799.25 4363.72 2990.40 3835.18 2980.69
26071-600-M6-065-00021 0.05002383515238762 5034.73 4801.45 5546.10 4807.61 5544.11 4972.91 5032.73 4966.76
26071-500-M6-059-00013 0.14352348446846008 5307.12 1759.42 5542.53 1761.70 5541.55 1862.78 5306.14 1860.50
26071-500-M6-059-00013 0.11844606697559357 2888.64 4888.92 3314.69 4881.61 3318.82 5122.12 2892.77 5129.43
26071-500-M6-059-00013 0.10663679242134094 7391.48 2250.84 7486.02 2249.32 7496.00 2871.03 7401.46 2872.55
26071-500-M6-059-00013 0.055307477712631226 5192.68 5212.21 5289.42 5146.01 5379.13 5277.12 5282.40 5343.31
26071-500-M6-059-00044 0.08553068339824677 4989.92 1830.38 5596.86 2055.59 5492.80 2336.03 4885.86 2110.83
26071-500-M6-059-00044 0.05591229349374771 5619.91 4911.55 5750.04 4937.94 5699.81 5185.60 5569.68 5159.21
26071-500-M6-059-00044 0.05430600047111511 5375.15 4342.60 5444.76 4343.52 5442.03 4551.07 5372.42 4550.16
26071-500-M6-059-00044 0.05383512005209923 3546.61 4698.39 3722.37 4705.68 3713.02 4931.38 3537.26 4924.10
26071-500-M6-059-00044 0.052844587713479996 4936.69 2611.74 5038.22 2614.08 5026.87 3107.06 4925.33 3104.72
26071-500-M6-059-00044 0.05017584562301636 3559.70 4922.11 3690.05 4924.65 3685.13 5177.56 3554.78 5175.03
26071-200-M6-052-00093 0.2402741014957428 3895.63 1372.11 4603.78 1320.82 4621.51 1565.71 3913.37 1617.00
26071-200-M6-052-00093 0.23257112503051758 3885.95 3750.63 4562.87 3692.03 4582.43 3917.98 3905.51 3976.58
26071-200-M6-052-00093 0.12918077409267426 3956.99 2261.34 4598.03 2197.85 4618.66 2406.14 3977.62 2469.63
26071-200-M6-052-00093 0.12023798376321793 3973.87 4480.47 4619.00 4408.97 4641.96 4616.13 3996.83 4687.63
26071-200-M6-052-00093 0.0796544998884201 2571.75 4181.82 2645.53 4177.11 2659.24 4392.10 2585.47 4396.80
26071-200-M6-052-00093 0.06996875256299973 3994.84 1572.93 4576.88 1550.68 4582.35 1693.66 4000.30 1715.91
26071-200-M6-052-00093 0.0673355907201767 3925.82 4655.73 4329.16 4659.99 4327.56 4811.10 3924.23 4806.84
26071-200-M6-052-00093 0.064205102622509 2572.18 1835.91 2639.90 1830.62 2654.99 2023.97 2587.28 2029.25
26071-200-M6-052-00093 0.05570974573493004 2641.27 4240.82 2710.26 4242.30 2706.30 4426.91 2637.31 4425.43
26071-200-M6-052-00093 0.050297025591135025 4005.96 4016.02 4574.89 3994.47 4580.38 4139.34 4011.44 4160.88
26071-200-M6-052-00002 0.1596459001302719 2925.01 3127.61 3576.25 3084.10 3591.46 3311.81 2940.22 3355.32
26071-675-M6-068-10002 0.18246157467365265 2020.19 4434.46 2878.89 4349.58 2897.77 4540.58 2039.07 4625.46
26071-675-M6-068-10002 0.14442099630832672 4543.51 1576.94 5107.64 1576.98 5107.63 1750.64 4543.50 1750.60
26071-675-M6-068-10002 0.14352618157863617 2157.68 4511.84 2909.20 4623.15 2856.30 4980.24 2104.79 4868.93
26071-675-M6-068-10002 0.1338852345943451 3730.28 1586.75 4308.63 1573.31 4312.61 1744.25 3734.25 1757.69
26071-675-M6-068-10002 0.13015241920948029 3360.66 4566.66 4182.51 4556.05 4186.77 4886.12 3364.91 4896.72
26071-675-M6-068-10002 0.09771808236837387 3332.84 4447.12 4134.78 4394.81 4146.36 4572.46 3344.42 4624.76
26071-675-M6-068-10002 0.09415026754140854 2177.29 2827.40 2973.37 2808.45 2978.85 3038.53 2182.77 3057.48
26071-675-M6-068-10002 0.08825907111167908 3479.56 2798.47 4173.95 2780.68 4181.69 3082.64 3487.29 3100.43
26071-675-M6-068-10002 0.07359786331653595 5363.25 1611.99 5824.91 1602.08 5828.05 1748.41 5366.39 1758.32
26071-675-M6-068-10002 0.06576194614171982 2226.65 2668.05 3026.23 2663.83 3027.17 2842.36 2227.59 2846.58
26071-675-M6-068-10002 0.06359203159809113 3705.20 5405.32 4069.15 5400.82 4071.17 5564.32 3707.22 5568.82
26071-675-M6-068-10002 0.05860481038689613 6827.70 5999.67 7344.65 6028.25 7329.96 6294.08 6813.01 6265.50
26071-675-M6-068-10002 0.057903118431568146 3643.75 3508.48 4304.11 3517.01 4299.86 3845.94 3639.50 3837.41
26071-675-M6-068-10002 0.05702618882060051 3536.23 3095.19 4191.77 3090.60 4193.13 3284.76 3537.59 3289.35
26071-675-M6-068-10002 0.05527612939476967 2468.88 3792.08 2987.43 3770.71 2994.43 3940.71 2475.88 3962.08
26071-675-M6-068-10002 0.05291341245174408 7289.67 1766.70 7793.03 1737.33 7801.41 1880.89 7298.05 1910.27
26071-675-M6-068-10002 0.05237456038594246 6270.52 1770.15 6787.61 1750.72 6792.70 1886.09 6275.60 1905.51
26071-675-M6-068-10002 0.05143360421061516 2079.43 1532.57 2252.47 1542.70 2232.12 1890.16 2059.08 1880.02
26071-675-M6-068-10002 0.05105037987232208 2270.29 3091.69 2923.02 3080.47 2926.47 3280.96 2273.74 3292.18
26071-675-M6-068-10002 0.05059729889035225 4629.73 2090.95 4966.56 2075.65 4972.08 2197.12 4635.25 2212.43
26071-750-M6-085-00012 0.27015483379364014 7236.82 4260.55 7680.38 4234.07 7693.12 4447.41 7249.56 4473.89
26071-750-M6-085-00012 0.25887519121170044 5079.07 4248.09 5511.59 4247.03 5512.11 4460.02 5079.59 4461.08
26071-750-M6-085-00012 0.18909329175949097 2340.29 4250.47 2811.84 4269.82 2804.31 4453.38 2332.76 4434.03
26071-750-M6-085-00012 0.13438893854618073 3086.94 4255.48 3604.46 4254.57 3604.82 4463.11 3087.30 4464.02
26071-750-M6-085-00012 0.09887629747390747 1293.11 2000.40 1583.60 1819.54 1915.47 2352.56 1624.99 2533.42
26071-750-M6-085-00012 0.0913228765130043 2776.12 3591.53 3272.26 3803.36 3177.97 4024.21 2681.83 3812.39
26071-750-M6-085-00012 0.09049700945615768 726.55 1735.37 1150.15 1745.89 1144.81 1961.05 721.21 1950.53
26071-750-M6-085-00012 0.06200212612748146 5012.19 3769.12 5420.54 3786.12 5414.81 3923.80 5006.46 3906.80
26071-750-M6-085-00012 0.06190350279211998 7137.72 5241.02 7872.17 5274.64 7858.87 5565.14 7124.42 5531.52
26071-750-M6-085-00012 0.06033742427825928 861.41 2566.68 1647.25 2561.32 1649.08 2830.53 863.25 2835.88
26071-750-M6-085-00012 0.058550652116537094 2715.46 3862.06 2871.94 3759.65 3085.11 4085.36 2928.63 4187.77
26071-750-M6-085-00012 0.05718064308166504 3055.43 4131.80 3183.28 4007.60 3370.35 4200.17 3242.50 4324.37
26071-750-M6-085-00012 0.05234156921505928 3095.13 4487.62 3244.48 4383.78 3387.96 4590.13 3238.60 4693.97
26071-750-M6-085-00012 0.05085837468504906 7157.06 5016.78 7781.60 5031.09 7776.26 5264.03 7151.72 5249.72
26071-600-M6-065-00259 0.12034150958061218 2348.28 3587.94 3166.40 3603.42 3161.42 3866.90 2343.29 3851.42
26071-600-M6-065-00259 0.12030312418937683 3179.10 3267.35 4035.62 3254.35 4038.99 3476.13 3182.47 3489.13
26071-600-M6-065-00259 0.07724357396364212 2323.61 3448.21 3299.04 3488.83 3293.07 3632.19 2317.64 3591.57
26071-600-M6-065-00259 0.05814416706562042 2578.75 3805.00 2923.34 3792.08 2946.80 4417.78 2602.22 4430.70
26071-600-M6-065-00259 0.05130242556333542 2996.24 3578.79 3309.21 3463.64 3523.29 4045.47 3210.32 4160.63
26071-200-M6-052-00544 0.07163707166910172 4363.93 4313.21 4584.11 4305.69 4595.94 4652.13 4375.76 4659.64
26071-200-M6-052-00544 0.06003940850496292 4531.39 5087.43 5415.71 5145.19 5404.03 5323.91 4519.72 5266.15
26071-200-M6-052-00544 0.05581316351890564 3344.75 5095.11 4224.69 5152.43 4212.98 5332.14 3333.04 5274.83
26071-600-M6-066-00003 0.05774891749024391 2274.47 4705.84 2496.03 4688.05 2526.92 5072.75 2305.37 5090.55
26071-750-M6-085-00309 0.16480958461761475 2916.42 3575.62 3250.52 3569.98 3259.43 4096.91 2925.33 4102.56
26071-750-M6-085-00309 0.12395403534173965 2950.80 4434.43 3849.16 4393.44 3861.07 4654.38 2962.71 4695.37
26071-750-M6-085-00309 0.07597065716981888 3677.75 2428.53 4355.28 2378.48 4370.86 2589.42 3693.33 2639.47
26071-750-M6-085-00309 0.07028898596763611 5316.61 2461.10 5726.38 2420.19 5739.22 2548.74 5329.45 2589.65
26071-750-M6-085-00309 0.06773978471755981 4946.63 4521.82 5984.22 4528.95 5982.96 4712.09 4945.37 4704.96
26071-750-M6-085-00309 0.06607166677713394 2987.63 2417.59 3631.39 2415.22 3631.81 2529.42 2988.05 2531.79
26071-750-M6-085-00309 0.06042751669883728 4045.72 4512.71 5102.28 4522.43 5100.46 4719.94 4043.90 4710.22
26071-750-M6-085-00309 0.05714434012770653 3118.48 4044.17 3546.09 4341.25 3460.68 4464.18 3033.07 4167.09
26071-750-M6-085-00309 0.05557655170559883 4306.97 2491.57 4788.06 2457.34 4795.33 2559.52 4314.24 2593.76
