26071-600-M6-066-00012 0.09617044031620026 5861.80 4864.13 5953.63 4864.50 5953.42 4915.74 5861.59 4915.36
26071-600-M6-066-00012 0.07957178354263306 2303.50 1844.98 2388.11 1848.67 2382.19 1984.59 2297.58 1980.90
26071-600-M6-066-00012 0.06187628209590912 3245.93 1844.34 3332.68 1848.16 3326.69 1984.12 3239.94 1980.30
26071-600-M6-066-00012 0.05511803552508354 4673.93 4598.68 4735.87 4659.95 4674.84 4721.63 4612.91 4660.36
26071-500-M6-059-00248 0.0761207565665245 3724.53 3022.76 3811.75 3028.27 3803.15 3164.53 3715.93 3159.02
26071-500-M6-059-00248 0.06081818789243698 3068.52 3473.65 3155.87 3476.52 3151.42 3611.63 3064.08 3608.76
26071-700-M6-054-00246 0.15989509224891663 3973.32 1772.78 4040.94 1774.56 4038.41 1870.63 3970.78 1868.85
26071-500-M6-059-00040 0.1394757628440857 4189.72 2082.64 4274.29 2079.03 4280.12 2215.69 4195.56 2219.30
26071-500-M6-059-00040 0.09829221665859222 6831.16 2154.67 6940.52 2147.89 6950.71 2312.32 6841.35 2319.09
26071-500-M6-059-00040 0.08307220786809921 2812.58 3965.91 2900.30 3969.54 2894.23 4116.31 2806.51 4112.69
26071-500-M6-059-00040 0.056246545165777206 2082.87 1795.81 2175.10 1795.34 2175.34 1842.60 2083.11 1843.07
26071-203-M6-333-00010 0.07662981748580933 3657.36 4232.56 3755.37 4230.72 3756.28 4279.44 3658.27 4281.28
26071-203-M6-333-00010 0.05879593640565872 4685.01 3660.55 4782.78 3661.93 4782.11 3709.88 4684.33 3708.51
26071-203-M6-333-00010 0.05743714049458504 1529.05 4231.18 1621.95 4231.50 1621.78 4279.57 1528.88 4279.24
26071-203-M6-333-00010 0.0534328892827034 3373.22 5610.12 3469.85 5611.11 3469.34 5660.73 3372.71 5659.73
26071-550-M6-084-00248 0.08474960178136826 3067.32 2999.49 3153.55 2999.86 3152.96 3137.25 3066.73 3136.88
26071-550-M6-084-00248 0.056371551007032394 3723.34 2546.62 3809.91 2553.62 3798.77 2691.36 3712.21 2684.36
26071-200-M6-052-00080 0.2638132870197296 2638.52 5018.29 2701.83 5018.55 2701.43 5116.77 2638.11 5116.51
26071-200-M6-052-00080 0.25740179419517517 6068.01 5017.08 6133.33 5017.20 6133.16 5113.40 6067.83 5113.28
26071-300-M6-053-00309 0.9597586393356323 4323.05 2089.82 4414.61 2086.15 4417.46 2157.01 4325.90 2160.68
26071-300-M6-053-00309 0.9549604058265686 3616.66 3782.46 3685.70 3779.75 3689.45 3875.03 3620.41 3877.75
26071-300-M6-053-00309 0.9509155750274658 3928.31 3780.26 4001.55 3780.19 4001.64 3873.65 3928.40 3873.71
26071-300-M6-053-00309 0.9312270879745483 6291.07 1653.98 6362.09 1657.24 6357.92 1747.99 6286.90 1744.73
26071-300-M6-053-00309 0.9180985689163208 5684.55 1652.50 5752.88 1652.08 5753.45 1745.52 5685.13 1745.94
26071-300-M6-053-00309 0.8594998121261597 5618.75 2487.77 5710.86 2487.74 5710.88 2550.04 5618.77 2550.07
26071-300-M6-053-00309 0.09102369099855423 5864.73 2628.06 5940.69 2626.10 5944.24 2764.05 5868.28 2766.01
26071-300-M6-053-00309 0.07927224785089493 5527.91 3972.23 5619.54 3974.18 5616.65 4110.12 5525.02 4108.18
26071-300-M6-053-00309 0.05689799040555954 6330.56 1716.89 6382.53 1715.16 6384.60 1777.36 6332.63 1779.09
26071-300-M6-053-00309 0.05341649055480957 2462.68 1962.92 2548.89 1968.10 2540.99 2099.67 2454.78 2094.49
26071-450-M6-082-00009 0.1456155627965927 5735.10 4866.87 5812.71 4866.09 5814.17 5010.64 5736.56 5011.42
26071-450-M6-082-00009 0.10388898104429245 3400.74 3619.64 3492.39 3619.29 3492.91 3753.33 3401.25 3753.68
26071-450-M6-082-00009 0.10162391513586044 4933.55 6167.19 5010.20 6168.28 5008.31 6302.31 4931.66 6301.22
26071-450-M6-082-00009 0.08980228006839752 3398.82 1195.45 3490.34 1195.17 3490.76 1334.15 3399.24 1334.43
26071-450-M6-082-00009 0.06351134181022644 1062.04 2752.06 1137.02 2790.16 1105.97 2851.26 1030.99 2813.16
26071-750-M6-085-00007 0.08512178063392639 5784.41 2571.46 5906.07 2568.45 5906.88 2601.05 5785.22 2604.06
26071-750-M6-085-00007 0.083194799721241 6413.15 2555.24 6500.51 2555.89 6499.51 2689.81 6412.16 2689.16
26071-750-M6-085-00007 0.08255928754806519 6696.07 6171.25 6775.70 6173.56 6771.75 6309.91 6692.12 6307.60
26071-750-M6-085-00007 0.08108675479888916 5883.39 2076.32 5968.64 2076.10 5969.01 2216.33 5883.76 2216.56
26071-750-M6-085-00007 0.06355509907007217 1780.01 2787.86 2060.12 2807.65 2056.61 2857.31 1776.50 2837.51
26071-750-M6-085-00007 0.060172002762556076 6317.27 3042.87 6437.38 3041.51 6437.74 3073.89 6317.63 3075.25
26071-750-M6-085-00007 0.058158233761787415 6318.76 2828.07 6440.84 2829.96 6440.35 2862.03 6318.27 2860.14
26071-750-M6-085-00007 0.05640079081058502 5785.54 2355.72 5904.94 2356.71 5904.68 2389.29 5785.27 2388.30
26071-750-M6-085-00007 0.05332536995410919 2797.95 1384.00 2876.69 1387.78 2870.05 1526.33 2791.30 1522.56
26071-750-M6-085-00007 0.05205049365758896 3372.36 2799.59 3658.40 2799.77 3658.37 2845.53 3372.33 2845.35
26071-203-M6-337-00031 0.05717172101140022 6659.91 6330.87 6753.23 6328.86 6754.24 6375.73 6660.92 6377.74
26071-700-M6-054-00036 0.6903190612792969 4607.12 5271.64 4678.66 5251.26 4704.13 5340.67 4632.59 5361.05
26071-700-M6-054-00036 0.6182060837745667 4372.94 4497.56 4445.80 4484.06 4462.91 4576.34 4390.04 4589.84
26071-700-M6-054-00036 0.050715748220682144 4128.13 2198.92 4214.20 2197.47 4216.53 2335.21 4130.45 2336.67
26071-600-M6-065-00231 0.12568850815296173 6699.43 1922.65 6808.82 1906.47 6832.26 2064.94 6722.87 2081.12
26071-600-M6-065-00231 0.11993613839149475 6722.48 1557.14 6812.75 1555.05 6813.90 1604.93 6723.64 1607.03
26071-600-M6-065-00231 0.05828642100095749 3301.62 1546.97 3382.61 1553.25 3371.97 1690.54 3290.97 1684.27
26071-600-M6-065-00231 0.052831124514341354 4360.97 1545.97 4447.24 1547.82 4444.20 1689.19 4357.92 1687.33
26071-500-M6-059-00071 0.10859760642051697 5521.54 3849.35 5594.03 3848.04 5596.71 3995.89 5524.22 3997.20
26071-500-M6-059-00071 0.10447359830141068 3457.95 3267.89 3543.33 3264.68 3548.38 3399.08 3462.99 3402.29
26071-500-M6-059-00071 0.0879339948296547 3929.60 2046.47 4008.66 2034.50 4028.98 2168.75 3949.93 2180.72
26071-500-M6-059-00071 0.05559302121400833 2931.77 2787.43 3018.71 2794.52 3007.83 2927.95 2920.89 2920.86
26071-550-M6-084-00026 0.06728872656822205 2774.62 2551.61 2860.65 2555.10 2855.16 2690.21 2769.13 2686.72
26071-203-M6-337-00007 0.06771980971097946 3230.16 5337.99 3299.98 5336.38 3303.86 5503.64 3234.04 5505.26
26071-203-M6-337-00007 0.06430117040872574 3229.69 2637.47 3300.12 2635.82 3304.00 2801.20 3233.57 2802.85
26071-203-M6-337-00007 0.060690008103847504 5229.56 5630.11 5304.96 5631.56 5301.44 5814.11 5226.04 5812.65
26071-200-M6-052-00090 0.43046775460243225 2199.42 4369.14 2274.22 4373.92 2268.76 4459.40 2193.96 4454.63
26071-200-M6-052-00090 0.4230741560459137 5217.39 4366.05 5291.93 4370.21 5286.82 4461.66 5212.28 4457.50
26071-200-M6-052-00090 0.07311910390853882 4605.50 4692.78 4683.22 4693.46 4682.05 4828.36 4604.33 4827.69
26071-200-M6-052-00090 0.0562434084713459 5676.55 2412.13 5756.08 2415.22 5751.22 2540.33 5671.69 2537.24
26071-200-M6-052-00090 0.05498992279171944 1596.90 4694.82 1671.73 4698.64 1664.98 4831.15 1590.14 4827.34
26071-200-M6-052-00090 0.0540757030248642 6075.65 5245.26 6152.31 5197.60 6222.34 5310.24 6145.68 5357.90
26071-600-M6-065-00037 0.1791662722826004 2988.98 3150.34 3086.38 3130.02 3100.77 3198.99 3003.37 3219.32
26071-600-M6-065-00037 0.15617935359477997 5659.06 3095.58 5732.98 3085.38 5746.91 3186.33 5673.00 3196.54
26071-600-M6-065-00037 0.06345725059509277 2687.42 2077.12 2738.30 2073.89 2743.90 2162.04 2693.01 2165.27
26071-600-M6-065-00037 0.05589647218585014 6002.02 2187.05 6048.63 2189.31 6044.15 2281.79 5997.54 2279.54
26071-600-M6-065-00037 0.05446992814540863 2482.56 3171.05 2576.16 3169.40 2576.73 3201.52 2483.13 3203.17
26071-600-M6-065-00037 0.050873205065727234 6113.66 3156.87 6207.44 3155.31 6207.96 3186.58 6114.18 3188.15
26071-600-M6-065-00037 0.05060172453522682 4351.36 6358.17 4408.71 6349.21 4424.17 6448.25 4366.83 6457.20
26071-300-M6-053-00010 0.09020307660102844 4925.95 4305.69 4992.67 4308.66 4988.94 4392.48 4922.22 4389.52
26071-300-M6-053-00010 0.061921123415231705 4062.71 3137.35 4117.06 3148.44 4097.50 3244.34 4043.15 3233.25
26071-203-M6-320-00042 0.23422951996326447 2609.36 4113.30 2702.35 4112.27 2702.88 4160.51 2609.89 4161.54
26071-203-M6-320-00042 0.12497857213020325 2217.80 4111.75 2311.27 4110.86 2311.73 4158.99 2218.26 4159.88
26071-203-M6-160-00291 0.1349853277206421 1478.61 3002.20 1561.12 3004.86 1556.73 3141.14 1474.23 3138.49
26071-203-M6-160-00291 0.05182206630706787 1774.17 2264.61 1864.09 2266.08 1863.32 2312.82 1773.40 2311.34
26071-600-M6-066-00002 0.05939642712473869 4205.73 3768.67 4265.90 3721.96 4325.00 3798.09 4264.83 3844.80
26071-600-M6-066-00002 0.05932987853884697 4196.07 2738.22 4273.78 2704.07 4311.49 2789.90 4233.78 2824.05
26071-203-M6-060-00001 0.05072552338242531 2039.84 1116.03 2161.60 1116.79 2161.39 1150.20 2039.63 1149.44
26071-200-M6-063-00010 0.08294464647769928 4442.56 2372.15 4503.40 2373.68 4501.25 2459.21 4440.40 2457.68
26071-300-M6-053-00012 0.05561215057969093 6112.59 1031.62 6188.97 1029.92 6192.07 1168.92 6115.69 1170.62
26071-300-M6-053-00012 0.05154670774936676 4603.10 3377.04 4701.59 3373.21 4703.48 3421.91 4604.99 3425.74
26071-675-M6-068-00034 0.6044756174087524 3141.05 3362.43 3183.55 3347.42 3204.63 3407.10 3162.13 3422.11
26071-675-M6-068-00034 0.3941980302333832 3893.40 3358.95 3934.12 3348.36 3949.79 3408.59 3909.07 3419.18
26071-675-M6-068-00034 0.3863323926925659 2873.50 5190.73 2913.22 5179.52 2930.02 5239.08 2890.31 5250.29
26071-675-M6-068-00034 0.3656015992164612 3620.24 5195.84 3657.62 5178.59 3683.98 5235.73 3646.61 5252.98
26071-450-M6-082-00031 0.12912218272686005 5385.34 4898.34 5514.53 4939.88 5490.18 5015.62 5360.99 4974.09
26071-450-M6-082-00031 0.10298366844654083 2998.90 4928.56 3066.14 4935.29 3057.14 5025.38 2989.89 5018.66
26071-450-M6-082-00031 0.08706841617822647 4205.39 1994.50 4285.57 1990.78 4291.94 2128.12 4211.76 2131.83
26071-450-M6-082-00031 0.06920067220926285 5241.21 2299.59 5326.60 2307.41 5313.74 2447.74 5228.35 2439.92
26071-200-M6-062-00276 0.0706433355808258 1548.01 2141.95 1640.96 2142.79 1640.47 2196.94 1547.53 2196.10
26071-200-M6-062-00276 0.06072818115353584 6025.93 4390.70 6119.69 4391.36 6119.36 4438.85 6025.60 4438.20
26071-600-M6-065-00021 0.08156111091375351 5407.30 5578.28 5532.62 5560.42 5542.70 5631.18 5417.38 5649.03
26071-600-M6-065-00021 0.07833940535783768 4587.33 1638.75 4704.22 1634.82 4705.33 1667.80 4588.44 1671.73
26071-600-M6-065-00021 0.06732771545648575 3683.94 5580.66 3802.72 5567.17 3811.63 5645.63 3692.85 5659.11
26071-600-M6-065-00021 0.05753142759203911 4676.77 1370.71 4765.12 1372.38 4762.53 1509.11 4674.17 1507.43
26071-500-M6-059-00013 0.11198460310697556 7402.28 1996.69 7471.28 2014.23 7451.41 2092.44 7382.41 2074.91
26071-500-M6-059-00013 0.07019143551588058 5722.88 1909.64 5819.44 1905.04 5825.98 2042.45 5729.43 2047.05
26071-500-M6-059-00013 0.054273832589387894 5740.07 2030.96 5832.69 2029.95 5833.21 2077.11 5740.59 2078.12
26071-500-M6-059-00044 0.14464621245861053 5527.84 1296.80 5620.65 1296.85 5620.62 1346.68 5527.82 1346.63
26071-500-M6-059-00044 0.08453279733657837 4647.24 1199.82 4722.74 1198.33 4725.35 1330.34 4649.86 1331.83
26071-200-M6-052-00093 0.06659241765737534 6475.83 4168.53 6552.45 4167.37 6554.10 4275.56 6477.47 4276.73
26071-200-M6-052-00002 0.0710068792104721 7301.21 3870.58 7387.38 3875.13 7381.59 3984.83 7295.42 3980.29
26071-200-M6-052-00002 0.06305462121963501 1644.18 881.38 1722.63 888.08 1710.14 1034.21 1631.69 1027.50
26071-750-M6-085-00012 0.05889138951897621 7613.46 1541.24 7724.36 1543.72 7723.64 1576.20 7612.73 1573.72
26071-750-M6-085-00012 0.05622152239084244 7519.83 992.96 7552.66 993.65 7550.19 1111.24 7517.36 1110.55
26071-750-M6-085-00012 0.052690837532281876 7947.98 2380.19 7997.77 2380.82 7996.72 2462.76 7946.93 2462.12
26071-750-M6-085-00012 0.051936909556388855 7614.23 1328.69 7723.29 1330.52 7722.75 1363.08 7613.68 1361.26
26071-600-M6-065-00259 0.05063061788678169 7653.63 4290.81 7703.01 4292.54 7699.90 4381.31 7650.52 4379.58
26071-200-M6-052-00544 0.05953477695584297 4049.75 2480.56 4099.59 2481.61 4097.64 2574.11 4047.80 2573.07
