26071-200-M6-052-00001 0.05882791057229042 3872.75 3274.79 3952.55 3265.56 3966.37 3385.05 3886.57 3394.28
26071-200-M6-052-00001 0.05831915885210037 5795.10 2484.10 5927.09 2473.96 5934.75 2573.54 5802.76 2583.69
26071-500-M6-059-00017 0.05560598894953728 3880.58 4685.49 3965.64 4689.35 3960.63 4799.77 3875.57 4795.92
26071-500-M6-059-00017 0.05034537613391876 1861.26 4677.45 1945.67 4677.06 1946.31 4814.77 1861.90 4815.16
26071-600-M6-066-00012 0.10458478331565857 7135.41 1594.99 7276.44 1598.79 7272.50 1744.85 7131.47 1741.05
26071-600-M6-066-00012 0.060870617628097534 3343.34 1779.77 3508.72 1784.45 3504.67 1927.24 3339.30 1922.55
26071-200-M6-052-00539 0.06031123921275139 6095.11 4225.44 6170.37 4220.57 6184.60 4440.57 6109.34 4445.44
26071-500-M6-059-00248 0.13406425714492798 3724.53 3022.76 3811.75 3028.27 3803.15 3164.53 3715.93 3159.02
26071-500-M6-059-00248 0.0538165308535099 3068.52 3473.65 3155.87 3476.52 3151.42 3611.63 3064.08 3608.76
26071-500-M6-059-00248 0.053408440202474594 2845.37 5933.14 2917.63 5935.30 2913.67 6067.60 2841.41 6065.43
26071-203-M6-325-00012 0.06237481161952019 3973.19 1246.12 4121.78 1240.58 4127.43 1391.87 3978.84 1397.42
26071-700-M6-054-00246 0.06820565462112427 3960.73 1762.01 4051.19 1772.01 4040.15 1871.99 3949.68 1861.99
26071-700-M6-054-00246 0.05305559188127518 5234.40 2605.35 5390.94 2608.89 5387.68 2753.43 5231.13 2749.89
26071-500-M6-059-00040 0.1424189805984497 2536.15 1312.32 2592.77 1309.21 2599.90 1439.18 2543.28 1442.29
26071-500-M6-059-00040 0.10860184580087662 2812.58 3965.91 2900.30 3969.54 2894.23 4116.31 2806.51 4112.69
26071-500-M6-059-00040 0.07761357724666595 4112.03 3966.97 4195.87 3969.49 4191.51 4114.24 4107.67 4111.72
26071-500-M6-059-00040 0.07581891119480133 4186.24 2077.68 4279.28 2080.88 4274.36 2224.08 4181.32 2220.88
26071-500-M6-059-00040 0.052109554409980774 6841.43 2156.79 6950.55 2159.31 6947.05 2310.94 6837.94 2308.42
26071-203-M6-333-00010 0.1286361962556839 3717.59 5134.69 3811.10 5130.94 3812.96 5177.12 3719.45 5180.88
26071-203-M6-333-00010 0.06096049025654793 1560.06 4108.37 1639.05 4113.23 1631.13 4241.83 1552.14 4236.96
26071-203-M6-333-00010 0.058819159865379333 3683.49 4111.80 3767.17 4109.41 3770.80 4236.01 3687.12 4238.41
26071-203-M6-333-00010 0.05725365877151489 3412.84 5483.05 3496.09 5487.07 3490.54 5602.02 3407.29 5598.00
26071-203-M6-333-00010 0.05077362433075905 6447.30 1110.55 6621.08 1119.75 6613.66 1259.87 6439.88 1250.67
26071-550-M6-084-00248 0.07781325280666351 1969.48 5072.78 2059.71 5083.05 2049.10 5176.31 1958.87 5166.04
26071-550-M6-084-00248 0.07671622186899185 3723.34 2546.62 3809.91 2553.62 3798.77 2691.36 3712.21 2684.36
26071-203-M6-332-00008 0.0592692494392395 1860.28 4562.89 2006.88 4539.24 2031.86 4694.09 1885.26 4717.74
26071-200-M6-052-00080 0.09109532833099365 2634.81 5024.26 2693.65 5021.52 2697.70 5108.44 2638.87 5111.18
26071-200-M6-052-00080 0.08720465749502182 6063.99 5022.56 6126.16 5020.75 6128.69 5107.70 6066.52 5109.51
26071-200-M6-052-00080 0.059949953109025955 3105.41 2781.61 3251.78 2788.62 3244.69 2936.70 3098.32 2929.69
26071-200-M6-052-00080 0.05711695924401283 6530.37 2780.17 6680.81 2792.24 6668.95 2939.96 6518.51 2927.89
26071-200-M6-052-00080 0.0523328073322773 6438.08 2832.95 6521.52 2837.70 6514.19 2966.49 6430.75 2961.74
26071-203-M6-321-00604 0.08683723956346512 6807.27 952.95 6958.46 950.63 6960.83 1104.81 6809.64 1107.13
26071-300-M6-053-00309 0.12847624719142914 3907.98 3781.24 3979.48 3764.29 4004.42 3869.53 3932.92 3886.47
26071-300-M6-053-00309 0.10296715050935745 3613.45 3781.56 3681.97 3784.19 3678.34 3878.76 3609.82 3876.12
26071-300-M6-053-00309 0.09541057795286179 6286.17 1657.96 6352.02 1647.69 6368.31 1752.24 6302.46 1762.50
26071-300-M6-053-00309 0.08783461898565292 5533.73 3970.87 5621.36 3977.40 5611.45 4110.29 5523.82 4103.76
26071-300-M6-053-00309 0.08665355294942856 5639.47 2469.02 5710.04 2478.98 5698.68 2559.50 5628.10 2549.54
26071-300-M6-053-00309 0.08656308054924011 5506.24 4686.66 5610.30 4693.88 5598.70 4861.22 5494.63 4854.01
26071-300-M6-053-00309 0.07889062166213989 4320.31 2076.46 4408.66 2072.15 4413.01 2161.47 4324.67 2165.78
26071-300-M6-053-00309 0.07719899713993073 1254.14 5689.62 1344.62 5696.50 1340.95 5744.68 1250.47 5737.80
26071-300-M6-053-00309 0.073521189391613 1959.30 5692.87 2051.97 5692.33 2052.25 5740.26 1959.57 5740.79
26071-300-M6-053-00309 0.06511779129505157 5681.76 1656.48 5748.83 1660.34 5743.64 1750.50 5676.56 1746.63
26071-300-M6-053-00309 0.061679963022470474 2281.85 3969.18 2365.09 3968.13 2366.90 4111.30 2283.66 4112.35
26071-300-M6-053-00309 0.05707242339849472 2675.91 3568.60 2767.74 3565.23 2769.40 3610.57 2677.57 3613.93
26071-300-M6-053-00309 0.056981686502695084 5447.52 5783.16 5591.32 5728.17 5648.43 5877.54 5504.63 5932.52
26071-300-M6-053-00309 0.05570773035287857 5751.28 1474.63 5916.23 1482.11 5909.18 1637.55 5744.22 1630.06
26071-450-M6-082-00009 0.07411698997020721 3398.82 1195.45 3490.34 1195.17 3490.76 1334.15 3399.24 1334.43
26071-450-M6-082-00009 0.07394473999738693 3400.74 3619.64 3492.39 3619.29 3492.91 3753.33 3401.25 3753.68
26071-450-M6-082-00009 0.05327609181404114 4931.35 6165.59 5005.93 6164.80 5007.51 6314.08 4932.93 6314.87
26071-450-M6-082-00009 0.0524243526160717 3992.35 1668.04 4081.14 1667.50 4081.95 1802.75 3993.16 1803.28
26071-200-M6-052-00552 0.09230292588472366 5254.61 4301.08 5323.21 4308.40 5311.65 4416.77 5243.05 4409.45
26071-750-M6-085-00007 0.06757203489542007 6411.00 2550.63 6500.04 2548.68 6503.17 2692.00 6414.12 2693.94
26071-750-M6-085-00007 0.05951590836048126 5879.02 2076.29 5967.83 2076.90 5966.88 2214.53 5878.07 2213.92
26071-750-M6-085-00007 0.055336255580186844 6693.21 6178.57 6776.43 6171.22 6788.86 6311.96 6705.63 6319.30
26071-203-M6-337-00031 0.12873876094818115 4801.00 608.43 4889.69 605.27 4891.48 655.55 4802.79 658.71
26071-203-M6-337-00031 0.08605315536260605 4950.02 2211.18 5031.55 2225.15 5013.22 2332.14 4931.69 2318.17
26071-203-M6-337-00031 0.08391617238521576 4872.58 435.10 5034.56 438.68 5031.29 586.93 4869.30 583.35
26071-203-M6-337-00031 0.07341121882200241 3370.40 984.27 3524.41 967.17 3541.16 1118.07 3387.16 1135.16
26071-203-M6-337-00031 0.06686300784349442 4946.10 1113.11 5017.97 1117.11 5011.82 1227.59 4939.95 1223.59
26071-203-M6-337-00031 0.06625781208276749 3307.07 888.75 3354.04 890.73 3350.10 984.15 3303.13 982.17
26071-203-M6-337-00031 0.06539731472730637 4943.51 1831.44 5021.10 1836.45 5014.21 1943.06 4936.62 1938.05
26071-203-M6-337-00031 0.06512577831745148 4946.74 2612.10 5019.00 2616.75 5011.70 2730.17 4939.44 2725.52
26071-203-M6-337-00031 0.06399746239185333 3147.57 579.47 3240.05 580.87 3239.33 628.11 3146.86 626.72
26071-203-M6-337-00031 0.0559869259595871 4941.42 2967.49 5017.49 2967.34 5017.75 3099.34 4941.68 3099.49
26071-203-M6-337-00031 0.05403391644358635 3958.96 2251.62 4052.11 2251.81 4052.01 2299.37 3958.87 2299.18
26071-203-M6-337-00031 0.051836609840393066 4942.28 1467.83 5018.43 1468.37 5017.50 1599.43 4941.35 1598.90
26071-203-M6-332-00001 0.05836820229887962 2084.55 5638.22 2174.60 5645.45 2170.79 5692.83 2080.74 5685.60
26071-203-M6-332-00001 0.05405975505709648 4877.42 2448.62 5027.83 2454.31 5022.07 2606.51 4871.67 2600.82
26071-200-M6-052-00150 0.11311513185501099 1382.13 2393.59 1472.88 2404.59 1462.19 2492.76 1371.44 2481.75
26071-200-M6-052-00150 0.052064187824726105 7281.40 4554.77 7429.74 4549.23 7435.46 4702.17 7287.12 4707.71
26071-200-M6-052-00003 0.09492219239473343 5175.98 2494.56 5261.08 2496.28 5258.33 2632.23 5173.23 2630.51
26071-200-M6-052-00003 0.05047855153679848 1622.24 2389.12 1692.51 2391.89 1686.71 2538.89 1616.44 2536.12
26071-700-M6-054-00013 0.059665482491254807 5163.34 3413.97 5253.36 3439.43 5228.87 3526.04 5138.85 3500.59
26071-700-M6-054-00036 0.1453792303800583 4383.67 4493.67 4451.76 4490.37 4456.21 4582.20 4388.12 4585.50
26071-700-M6-054-00036 0.1430031955242157 4618.28 5260.19 4685.57 5255.96 4691.39 5348.76 4624.10 5352.98
26071-700-M6-054-00036 0.13618221879005432 4297.35 4908.04 4451.09 4926.12 4432.60 5083.29 4278.87 5065.21
26071-700-M6-054-00036 0.079782634973526 4130.85 2194.40 4214.43 2195.95 4211.89 2332.16 4128.31 2330.61
26071-700-M6-054-00036 0.06437785923480988 6866.31 5505.04 6951.16 5505.94 6950.20 5596.13 6865.35 5595.23
26071-700-M6-054-00036 0.05298527702689171 4212.94 2131.56 4343.95 2113.13 4369.31 2293.35 4238.30 2311.79
26071-700-M6-054-00036 0.05148972570896149 4359.97 1608.43 4446.61 1614.41 4437.90 1740.56 4351.26 1734.58
26071-600-M6-065-00231 0.07394864410161972 6682.79 1935.96 6768.81 1893.16 6825.47 2007.05 6739.44 2049.85
26071-600-M6-065-00231 0.05976540222764015 4360.46 1546.18 4445.98 1550.19 4439.64 1685.26 4354.12 1681.25
26071-600-M6-065-00231 0.0589216984808445 3298.68 1552.08 3384.20 1554.63 3380.21 1688.56 3294.69 1686.01
26071-600-M6-065-00231 0.055303581058979034 6702.58 1446.11 6812.53 1438.90 6822.87 1596.74 6712.92 1603.95
26071-600-M6-065-00231 0.05023253709077835 4176.43 1490.13 4336.78 1478.36 4347.81 1628.71 4187.46 1640.47
26071-500-M6-059-00071 0.0971156507730484 5516.97 3876.12 5604.34 3879.46 5599.73 3999.95 5512.36 3996.61
26071-500-M6-059-00071 0.08565724641084671 2931.77 2787.43 3018.71 2794.52 3007.83 2927.95 2920.89 2920.86
26071-500-M6-059-00071 0.08149921149015427 3462.32 3264.82 3544.87 3266.68 3541.89 3399.14 3459.34 3397.29
26071-500-M6-059-00071 0.07112593203783035 1481.59 5238.49 1655.38 5237.78 1655.63 5299.84 1481.84 5300.55
26071-203-M6-320-00008 0.06068270280957222 4889.33 3385.41 5028.87 3399.63 5013.66 3548.93 4874.12 3534.71
26071-500-M6-059-00116 0.07811622321605682 4351.38 3245.07 4399.33 3247.61 4394.47 3339.35 4346.52 3336.80
26071-203-M6-337-00007 0.08653033524751663 5228.98 5642.01 5305.32 5642.24 5304.79 5820.28 5228.44 5820.04
26071-203-M6-337-00007 0.0793619379401207 5233.33 2939.90 5309.53 2940.80 5307.43 3118.60 5231.23 3117.69
26071-203-M6-337-00007 0.07439738512039185 3234.28 5378.82 3310.72 5382.04 3304.69 5525.28 3228.25 5522.06
26071-203-M6-337-00007 0.07183922082185745 3235.36 2678.63 3311.73 2683.07 3303.41 2826.27 3227.05 2821.83
26071-203-M6-337-00007 0.07017919421195984 4329.24 4097.19 4410.67 4098.52 4408.74 4216.28 4327.31 4214.95
26071-203-M6-337-00007 0.053690481930971146 4330.59 1395.89 4407.90 1399.13 4403.04 1514.81 4325.74 1511.57
26071-200-M6-052-00090 0.12535877525806427 5214.39 4368.51 5289.90 4366.23 5292.70 4458.84 5217.18 4461.11
26071-200-M6-052-00090 0.12297963351011276 2210.54 4361.93 2278.40 4369.01 2268.78 4461.18 2200.93 4454.10
26071-200-M6-052-00090 0.11191617697477341 6156.98 4013.87 6244.04 4027.24 6231.01 4112.13 6143.95 4098.76
26071-200-M6-052-00090 0.10000991076231003 3145.53 4013.39 3235.51 4024.33 3224.96 4111.11 3134.98 4100.17
26071-200-M6-052-00090 0.08124580979347229 5429.65 2745.53 5515.02 2746.50 5513.45 2884.47 5428.08 2883.50
26071-200-M6-052-00090 0.07061576098203659 6084.65 5227.41 6173.11 5219.29 6186.03 5359.96 6097.57 5368.08
26071-200-M6-052-00090 0.06929107755422592 6911.94 3978.23 7062.95 3968.99 7071.85 4114.39 6920.83 4123.63
26071-200-M6-052-00090 0.06921770423650742 5768.28 2357.57 5919.57 2388.60 5891.15 2527.18 5739.86 2496.15
26071-200-M6-052-00090 0.06581763178110123 2661.66 2372.47 2749.47 2379.58 2736.76 2536.47 2648.95 2529.35
26071-200-M6-052-00090 0.058330945670604706 2412.03 2748.27 2493.14 2735.68 2516.31 2884.96 2435.20 2897.55
26071-200-M6-052-00090 0.05825716629624367 6173.52 5155.92 6323.47 5165.22 6314.33 5312.67 6164.38 5303.37
26071-200-M6-052-00090 0.05482211336493492 2758.42 2331.31 2907.86 2362.80 2879.33 2498.18 2729.89 2466.68
26071-200-M6-052-00090 0.05450662970542908 7059.01 4621.11 7106.80 4619.57 7109.86 4715.09 7062.07 4716.62
26071-200-M6-052-00090 0.05208450183272362 4604.10 4693.87 4682.94 4693.56 4683.48 4832.37 4604.64 4832.68
26071-203-M6-320-00061 0.08140859007835388 959.15 3630.19 1151.37 3707.87 1094.09 3849.61 901.88 3771.93
26071-600-M6-065-00037 0.07053080201148987 1890.69 4587.46 2013.76 4585.70 2015.47 4705.26 1892.41 4707.03
26071-600-M6-065-00037 0.06118612363934517 2492.08 2152.25 2638.18 2156.59 2633.67 2308.73 2487.57 2304.39
26071-600-M6-065-00037 0.060686636716127396 5205.43 4588.67 5317.63 4590.72 5315.52 4706.45 5203.32 4704.40
26071-600-M6-065-00037 0.059886008501052856 5683.98 3079.51 5763.90 3078.27 5765.73 3196.87 5685.82 3198.11
26071-300-M6-053-00010 0.08790036290884018 7049.12 3127.16 7132.90 3134.78 7124.81 3223.77 7041.03 3216.16
26071-300-M6-053-00010 0.08036148548126221 4052.48 3090.59 4137.37 3092.41 4134.44 3229.23 4049.55 3227.41
26071-300-M6-053-00010 0.06329063326120377 4559.53 2451.30 4709.67 2454.21 4706.74 2605.40 4556.61 2602.49
26071-300-M6-053-00010 0.05294864997267723 6279.56 2588.09 6347.86 2590.66 6344.12 2690.08 6275.83 2687.52
26071-300-M6-053-00010 0.05016833171248436 4919.12 4312.42 4999.67 4315.13 4996.96 4395.95 4916.41 4393.25
26071-203-M6-160-00291 0.08947256952524185 4270.93 3041.31 4423.14 3051.97 4412.62 3202.07 4260.41 3191.41
26071-203-M6-160-00291 0.05690425634384155 2546.73 5101.56 2618.38 5099.28 2626.00 5338.89 2554.35 5341.17
26071-203-M6-160-00291 0.05570743978023529 3346.35 4623.48 3483.67 4659.47 3445.78 4804.08 3308.45 4768.09
26071-203-M6-160-00291 0.05136178061366081 5040.52 5101.79 5111.79 5099.06 5120.99 5338.76 5049.72 5341.50
26071-600-M6-066-00002 0.9145005941390991 4217.54 3738.17 4293.09 3742.45 4287.65 3838.58 4212.10 3834.31
26071-600-M6-066-00002 0.8907502293586731 4213.86 2715.32 4287.09 2714.76 4287.81 2810.51 4214.58 2811.06
26071-600-M6-066-00002 0.053748033940792084 4287.58 2477.70 4434.43 2491.14 4420.60 2642.28 4273.75 2628.85
26071-300-M6-053-00008 0.06795252859592438 4862.29 665.34 5013.83 671.17 5008.09 820.45 4856.55 814.62
26071-203-M6-060-00001 0.07348265498876572 4346.39 1333.77 4393.07 1333.48 4393.66 1428.67 4346.97 1428.96
26071-200-M6-063-00010 0.0985536053776741 4907.18 1896.14 4999.48 1889.78 5005.59 1978.35 4913.29 1984.72
26071-200-M6-063-00010 0.06453283131122589 6048.24 1755.47 6201.89 1718.30 6235.22 1856.08 6081.57 1893.25
26071-203-M6-325-00013 0.07662079483270645 6042.38 2427.34 6257.99 2440.87 6247.51 2607.78 6031.91 2594.25
26071-203-M6-325-00013 0.0552946962416172 3421.60 4741.02 3510.70 4745.25 3502.84 4910.93 3413.74 4906.71
26071-300-M6-053-00012 0.10148429870605469 5502.69 1599.60 5597.83 1596.23 5601.06 1687.36 5505.92 1690.73
26071-300-M6-053-00012 0.06202499568462372 6083.20 1507.97 6228.26 1517.73 6218.56 1662.00 6073.49 1652.24
26071-300-M6-053-00012 0.05547057464718819 7119.80 1487.57 7199.53 1485.29 7203.60 1627.73 7123.87 1630.01
26071-300-M6-053-00012 0.05355421081185341 4630.93 3918.15 4678.38 3919.48 4675.80 4011.85 4628.34 4010.52
26071-300-M6-053-00012 0.05087006837129593 6112.59 1031.62 6188.97 1029.92 6192.07 1168.92 6115.69 1170.62
26071-675-M6-068-00034 0.10249558091163635 3429.56 1066.18 3516.40 1074.49 3503.12 1213.28 3416.27 1204.96
26071-675-M6-068-00034 0.07583820819854736 4786.16 4562.32 4876.27 4561.12 4876.91 4608.85 4786.80 4610.05
26071-675-M6-068-00034 0.06099935621023178 4782.52 3873.95 4872.06 3869.04 4874.67 3916.64 4785.13 3921.55
26071-675-M6-068-00034 0.05814174562692642 3454.87 1317.49 3502.71 1318.09 3501.58 1408.28 3453.75 1407.68
26071-450-M6-082-00031 0.15662021934986115 5372.70 4917.92 5506.89 4925.64 5502.41 5003.27 5368.23 4995.54
26071-450-M6-082-00031 0.0941784530878067 2913.64 4936.46 3047.98 4931.64 3050.75 5009.06 2916.42 5013.88
26071-450-M6-082-00031 0.06886596977710724 5237.05 2302.23 5323.89 2306.91 5316.33 2447.06 5229.49 2442.38
26071-450-M6-082-00031 0.06250394135713577 5025.48 6091.81 5109.76 6072.08 5132.94 6171.12 5048.66 6190.85
26071-450-M6-082-00031 0.0567176453769207 5410.95 3309.34 5458.04 3310.76 5455.23 3403.95 5408.14 3402.53
26071-450-M6-082-00031 0.052646201103925705 4283.00 1868.21 4432.30 1869.47 4431.01 2022.16 4281.71 2020.89
26071-450-M6-082-00031 0.05035655200481415 2990.95 1572.25 3137.34 1583.18 3126.15 1733.13 2979.76 1722.20
26071-200-M6-062-00276 0.06059718504548073 2142.34 1766.81 2233.74 1774.46 2226.02 1866.70 2134.62 1859.06
26071-500-M6-059-00011 0.08795920014381409 6783.61 2785.54 6870.35 2794.57 6856.46 2928.07 6769.72 2919.04
26071-500-M6-059-00011 0.07672455906867981 5185.89 1901.84 5271.23 1908.30 5261.42 2037.97 5176.08 2031.51
26071-500-M6-059-00011 0.07126518338918686 6255.71 2489.39 6340.96 2498.66 6326.32 2633.27 6241.06 2623.99
26071-500-M6-059-00011 0.06938694417476654 5721.87 2194.41 5805.43 2202.05 5793.35 2334.26 5709.78 2326.62
26071-500-M6-059-00011 0.06708107888698578 4656.40 1609.75 4744.55 1619.05 4732.09 1737.22 4643.93 1727.92
26071-500-M6-059-00011 0.05363469198346138 6064.17 2428.16 6214.96 2415.59 6228.54 2578.49 6077.75 2591.07
26071-500-M6-059-00011 0.05197172984480858 4477.08 1557.29 4632.07 1550.33 4638.52 1694.11 4483.53 1701.06
26071-600-M6-065-00021 0.11098871380090714 6438.00 4509.90 6589.78 4535.83 6563.19 4691.49 6411.41 4665.56
26071-600-M6-065-00021 0.05345001444220543 5197.09 3953.83 5344.56 3963.17 5335.13 4112.14 5187.66 4102.80
26071-500-M6-059-00013 0.2471795678138733 2780.03 2920.83 2949.19 2914.55 2952.04 2991.45 2782.88 2997.74
26071-500-M6-059-00013 0.12284567207098007 4686.76 4373.59 4758.62 4372.35 4761.54 4541.35 4689.68 4542.59
26071-500-M6-059-00013 0.10010918229818344 7402.28 1996.69 7471.28 2014.23 7451.41 2092.44 7382.41 2074.91
26071-500-M6-059-00013 0.0851377323269844 5164.51 5165.23 5318.42 5173.16 5310.69 5323.21 5156.79 5315.28
26071-500-M6-059-00044 0.11631027609109879 1271.92 3599.70 1367.08 3612.51 1355.00 3702.31 1259.83 3689.50
26071-500-M6-059-00044 0.09827517718076706 3589.34 4032.96 3675.97 4035.47 3672.15 4167.44 3585.52 4164.93
26071-500-M6-059-00044 0.09412426501512527 7170.05 4030.32 7255.54 4034.11 7249.57 4168.91 7164.08 4165.12
26071-500-M6-059-00044 0.08393019437789917 2052.13 4035.88 2138.47 4035.97 2138.33 4167.14 2051.99 4167.05
26071-500-M6-059-00044 0.08094443380832672 5522.96 1180.79 5617.30 1182.00 5615.30 1338.12 5520.96 1336.91
26071-500-M6-059-00044 0.07684958726167679 5634.80 4027.86 5721.35 4033.25 5712.91 4168.54 5626.36 4163.15
26071-500-M6-059-00044 0.07398690283298492 5466.07 3959.84 5617.49 3965.03 5612.35 4115.33 5460.93 4110.14
26071-500-M6-059-00044 0.0655219703912735 1887.94 3967.45 2036.46 3969.45 2034.46 4117.35 1885.94 4115.34
26071-500-M6-059-00044 0.0636407807469368 3426.05 3964.67 3575.04 3972.43 3567.36 4119.84 3418.38 4112.09
26071-500-M6-059-00044 0.06359997391700745 7004.95 3964.51 7153.82 3972.38 7146.04 4119.68 6997.17 4111.81
26071-500-M6-059-00044 0.05875641480088234 6437.75 656.69 6586.22 666.75 6576.19 814.79 6427.72 804.72
26071-500-M6-059-00044 0.05665162205696106 4647.24 1199.82 4722.74 1198.33 4725.35 1330.34 4649.86 1331.83
26071-500-M6-059-00044 0.05079455301165581 2797.78 1992.53 2894.83 1981.56 2904.11 2063.64 2807.06 2074.61
26071-200-M6-052-00093 0.07546617090702057 3348.05 3980.18 3503.10 3988.19 3495.31 4138.87 3340.26 4130.86
26071-200-M6-052-00093 0.05250032618641853 6987.87 3358.87 7135.51 3358.15 7136.26 3510.22 6988.61 3510.95
26071-200-M6-052-00002 0.06845018267631531 1639.23 886.81 1719.27 891.96 1710.03 1035.51 1630.00 1030.36
26071-200-M6-052-00002 0.059879060834646225 7304.01 3860.01 7385.40 3859.06 7386.97 3993.84 7305.58 3994.79
26071-750-M6-085-00012 0.05589999258518219 7163.52 4497.16 7314.24 4496.56 7314.85 4648.61 7164.13 4649.22
26071-200-M6-052-00544 0.06385413557291031 2789.82 2250.07 2872.51 2245.73 2876.24 2316.70 2793.55 2321.04
26071-600-M6-066-00003 0.08474891632795334 2336.07 5198.58 2381.80 5197.41 2384.17 5289.49 2338.45 5290.67
26071-600-M6-066-00003 0.0780247375369072 3615.62 5454.91 3706.98 5459.04 3704.86 5505.88 3613.50 5501.75
26071-600-M6-066-00003 0.06941693276166916 5473.97 1839.41 5622.88 1839.77 5622.51 1992.58 5473.61 1992.23
26071-750-M6-085-00309 0.07520594447851181 2965.05 3631.11 3139.39 3634.33 3135.99 3818.39 2961.65 3815.17
