26071-200-M6-052-00001 0.08404365926980972 5807.50 2501.53 5876.02 2506.70 5872.51 2553.19 5803.99 2548.02
26071-600-M6-066-00012 0.1504855453968048 5404.28 1809.99 5444.84 1783.01 5466.78 1816.00 5426.22 1842.98
26071-600-M6-066-00012 0.07673246413469315 4628.22 4632.67 4683.76 4625.47 4692.00 4689.03 4636.46 4696.23
26071-600-M6-066-00012 0.06570753455162048 5452.54 1785.51 5505.26 1795.99 5495.24 1846.40 5442.52 1835.92
26071-600-M6-066-00012 0.06322476267814636 6283.78 4501.73 6339.79 4518.79 6319.47 4585.49 6263.46 4568.43
26071-600-M6-066-00012 0.054884519428014755 6296.95 4784.45 6346.91 4798.26 6334.44 4843.38 6284.48 4829.57
26071-600-M6-066-00012 0.05257537588477135 3168.22 3463.43 3190.59 3454.77 3207.27 3497.85 3184.90 3506.51
26071-600-M6-066-00012 0.05193677172064781 4908.20 5560.82 4979.18 5556.80 4982.33 5612.52 4911.36 5616.54
26071-203-M6-325-00012 0.05688922107219696 3449.05 4351.03 3495.42 4353.74 3492.68 4400.43 3446.32 4397.72
26071-500-M6-059-00040 0.1769857257604599 2579.07 1437.90 2626.81 1441.96 2622.50 1492.67 2574.76 1488.61
26071-500-M6-059-00040 0.16009271144866943 1478.20 2501.56 1590.61 2504.19 1589.48 2552.29 1477.07 2549.66
26071-500-M6-059-00040 0.09698191285133362 1481.44 2381.65 1585.37 2386.11 1583.16 2437.49 1479.24 2433.04
26071-500-M6-059-00040 0.08043359965085983 5866.18 2859.37 5897.68 2854.58 5904.55 2899.74 5873.04 2904.53
26071-750-M6-085-00286 0.08119846880435944 6180.46 3391.12 6227.12 3399.74 6218.67 3445.42 6172.01 3436.79
26071-750-M6-085-00286 0.07528204470872879 5354.23 3391.41 5400.95 3400.44 5392.10 3446.24 5345.38 3437.22
26071-550-M6-084-00248 0.05149579420685768 6893.13 3680.99 6937.81 3688.03 6930.51 3734.39 6885.83 3727.35
26071-203-M6-332-00008 0.192283034324646 1817.07 3636.29 1869.74 3638.95 1864.87 3735.28 1812.20 3732.62
26071-203-M6-332-00008 0.17557565867900848 4222.64 3637.71 4274.26 3635.29 4278.68 3729.77 4227.06 3732.19
26071-203-M6-332-00008 0.17090117931365967 6654.07 3638.07 6705.60 3635.13 6711.03 3730.06 6659.50 3733.00
26071-203-M6-332-00008 0.10823006927967072 4952.16 3543.29 5002.30 3545.60 4997.64 3646.48 4947.50 3644.17
26071-203-M6-332-00008 0.09983759373426437 4361.40 3665.97 4405.11 3682.57 4388.47 3726.39 4344.75 3709.79
26071-203-M6-332-00008 0.0813637375831604 7368.91 3578.54 7410.91 3538.80 7478.95 3610.72 7436.96 3650.45
26071-203-M6-332-00008 0.06575704365968704 1956.75 3670.13 2003.29 3677.42 1995.86 3724.83 1949.32 3717.54
26071-203-M6-332-00008 0.06314335763454437 2563.23 3545.71 2611.63 3545.78 2611.49 3646.69 2563.09 3646.62
26071-200-M6-052-00080 0.1450168639421463 6061.86 5023.77 6130.32 5020.31 6134.80 5108.78 6066.33 5112.24
26071-200-M6-052-00080 0.0852154791355133 2632.84 5022.93 2701.70 5018.13 2708.03 5109.17 2639.18 5113.96
26071-200-M6-052-00080 0.05920089781284332 2510.57 6454.99 2557.17 6462.69 2549.49 6509.17 2502.89 6501.48
26071-300-M6-053-00309 0.06343737244606018 4491.83 2083.85 4537.62 2088.38 4532.46 2140.51 4486.67 2135.98
26071-300-M6-053-00309 0.05950913950800896 1961.96 2499.22 2008.16 2504.17 2003.05 2551.85 1956.85 2546.90
26071-750-M6-085-00007 0.07479448616504669 3280.83 3559.82 3324.23 3551.86 3332.82 3598.63 3289.42 3606.60
26071-203-M6-064-00271 0.07295994460582733 1347.75 4775.89 1416.08 4796.62 1387.89 4889.51 1319.56 4868.78
26071-203-M6-064-00271 0.06950516998767853 4043.92 5254.92 4094.00 5256.74 4092.29 5303.65 4042.21 5301.83
26071-203-M6-064-00271 0.06257374584674835 1765.50 2534.76 1814.37 2572.66 1775.65 2622.58 1726.78 2584.68
26071-203-M6-064-00271 0.05616138130426407 2172.82 5253.37 2220.22 5257.46 2216.15 5304.55 2168.76 5300.46
26071-203-M6-064-00271 0.05312970653176308 2503.75 5253.87 2550.60 5256.81 2547.65 5303.83 2500.80 5300.89
26071-203-M6-064-00271 0.05164554715156555 2670.55 5253.64 2716.24 5257.04 2712.73 5304.30 2667.04 5300.90
26071-203-M6-064-00271 0.05070139840245247 4205.06 5253.27 4251.60 5257.21 4247.62 5304.31 4201.07 5300.37
26071-203-M6-064-00271 0.050627294927835464 4393.52 5253.43 4441.64 5257.81 4437.35 5304.94 4389.23 5300.56
26071-203-M6-337-00031 0.05886493995785713 3524.78 1652.23 3554.41 1652.99 3553.22 1699.67 3523.59 1698.91
26071-203-M6-332-00001 0.08534391224384308 5499.69 2554.74 5598.30 2553.40 5598.96 2601.88 5500.35 2603.22
26071-203-M6-332-00001 0.06858190149068832 3815.44 2555.86 3914.79 2555.96 3914.74 2605.01 3815.39 2604.92
26071-203-M6-332-00001 0.06269616633653641 4658.51 2554.76 4762.49 2554.71 4762.51 2604.89 4658.54 2604.94
26071-200-M6-052-00150 0.09923707693815231 5516.03 5839.85 5577.78 5836.31 5585.81 5976.29 5524.06 5979.84
26071-200-M6-052-00150 0.08140750229358673 4220.41 5836.64 4282.90 5837.70 4280.55 5976.26 4218.06 5975.20
26071-200-M6-052-00003 0.0685456171631813 5250.34 2550.16 5294.23 2566.31 5277.10 2612.89 5233.20 2596.75
26071-200-M6-052-00003 0.05134841054677963 5859.79 2947.18 5905.37 2950.32 5902.14 2997.28 5856.56 2994.14
26071-700-M6-054-00013 0.0638432502746582 3764.68 4030.16 3809.52 4043.32 3796.11 4089.02 3751.27 4075.86
26071-700-M6-054-00013 0.055553801357746124 3762.79 5922.37 3808.19 5931.39 3798.74 5978.94 3753.35 5969.92
26071-700-M6-054-00013 0.05362764745950699 3760.36 3445.63 3805.93 3450.95 3800.65 3496.17 3755.08 3490.85
26071-700-M6-054-00013 0.0530104897916317 3762.54 2143.37 3808.14 2152.05 3799.13 2199.37 3753.53 2190.69
26071-700-M6-054-00013 0.05028779059648514 3759.25 5335.39 3806.07 5339.94 3801.32 5388.72 3754.51 5384.16
26071-700-M6-054-00013 0.05013374611735344 3759.32 1555.10 3806.21 1560.39 3800.90 1607.48 3754.00 1602.18
26071-700-M6-054-00036 0.1924917846918106 4743.95 1818.88 4797.74 1823.44 4792.99 1879.36 4739.20 1874.80
26071-203-M6-320-00044 0.11334995925426483 325.28 3993.25 364.92 4023.78 329.69 4069.53 290.05 4039.00
26071-203-M6-320-00044 0.06965765357017517 7943.82 4040.36 7993.27 4020.74 8011.40 4066.46 7961.96 4086.07
26071-600-M6-065-00231 0.05139332637190819 3460.83 3501.24 3505.55 3500.99 3505.72 3531.44 3461.00 3531.68
26071-500-M6-059-00071 0.09665195643901825 1628.14 3515.64 1679.73 3514.23 1680.64 3547.67 1629.06 3549.08
26071-500-M6-059-00071 0.08837012201547623 1634.23 2703.27 1683.77 2715.48 1673.62 2756.66 1624.08 2744.45
26071-500-M6-059-00071 0.08103981614112854 7286.67 3575.76 7363.06 3582.31 7357.74 3644.27 7281.35 3637.71
26071-500-M6-059-00071 0.07583007216453552 3462.23 3447.79 3505.05 3448.50 3504.27 3494.84 3461.45 3494.12
26071-500-M6-059-00071 0.05942163243889809 3986.40 2096.82 4084.14 2091.93 4086.30 2134.98 3988.55 2139.87
26071-203-M6-320-00008 0.05082935839891434 5084.71 4046.76 5130.02 4062.50 5114.60 4106.88 5069.29 4091.14
26071-500-M6-059-00116 0.06659480929374695 5705.36 5549.48 5751.35 5545.80 5759.51 5647.87 5713.51 5651.55
26071-500-M6-059-00116 0.06473875045776367 4348.08 3151.13 4395.96 3153.97 4393.19 3200.72 4345.31 3197.88
26071-500-M6-059-00116 0.051084425300359726 6228.68 5616.04 6274.60 5612.13 6283.08 5711.67 6237.16 5715.58
26071-550-M6-084-00026 0.08438780158758163 7333.79 3471.42 7439.07 3472.06 7438.75 3523.94 7333.47 3523.29
26071-550-M6-084-00026 0.08275908976793289 7334.60 3330.04 7455.97 3331.05 7455.56 3380.52 7334.19 3379.51
26071-203-M6-337-00007 0.0916125476360321 5268.12 5730.33 5302.25 5738.90 5293.76 5772.73 5259.63 5764.16
26071-203-M6-337-00007 0.08932742476463318 5266.11 3033.30 5301.51 3034.08 5300.72 3069.48 5265.32 3068.70
26071-203-M6-337-00007 0.05324636027216911 3237.59 2730.43 3272.43 2737.14 3265.62 2772.49 3230.78 2765.78
26071-203-M6-337-00007 0.05075652524828911 3237.38 5430.53 3272.42 5436.92 3265.96 5472.35 3230.92 5465.96
26071-200-M6-052-00090 0.13745594024658203 3159.92 4008.23 3233.17 4033.36 3205.80 4113.15 3132.54 4088.02
26071-200-M6-052-00090 0.10587277263402939 6155.86 4017.83 6221.30 4023.88 6213.69 4106.18 6148.25 4100.13
26071-200-M6-052-00090 0.06657683104276657 5216.72 4372.35 5283.92 4380.26 5274.08 4463.94 5206.88 4456.03
26071-200-M6-052-00090 0.054948024451732635 2198.44 4372.15 2267.08 4371.61 2267.77 4461.37 2199.14 4461.90
26071-200-M6-052-00090 0.05116841942071915 7061.29 4165.54 7108.53 4167.91 7106.29 4212.66 7059.05 4210.29
26071-600-M6-065-00037 0.053517065942287445 1822.95 3720.04 1856.81 3721.52 1852.95 3810.14 1819.09 3808.66
26071-600-M6-065-00037 0.0534624382853508 1820.92 4134.54 1853.59 4134.99 1852.30 4227.98 1819.63 4227.53
26071-300-M6-053-00010 0.08398186415433884 2689.80 4529.74 2725.13 4496.71 2747.81 4520.97 2712.48 4554.00
26071-300-M6-053-00010 0.08137731999158859 6354.81 2619.88 6422.73 2624.09 6419.82 2670.99 6351.91 2666.79
26071-300-M6-053-00010 0.07763449102640152 3208.15 4160.70 3248.14 4160.92 3247.77 4226.18 3207.79 4225.96
26071-300-M6-053-00010 0.06119542568922043 4919.12 4312.42 4999.67 4315.13 4996.96 4395.95 4916.41 4393.25
26071-300-M6-053-00010 0.058340735733509064 7058.60 3128.52 7130.19 3146.67 7109.54 3228.07 7037.95 3209.92
26071-300-M6-053-00010 0.05466139689087868 7066.85 1555.68 7111.77 1563.89 7103.40 1609.67 7058.48 1601.46
26071-203-M6-160-00291 0.07503936439752579 4641.41 5451.88 4695.57 5420.93 4728.30 5478.21 4674.13 5509.16
26071-203-M6-160-00291 0.05747944489121437 1632.89 3587.02 1678.27 3593.81 1671.37 3639.95 1625.98 3633.16
26071-203-M6-160-00291 0.05266258865594864 1869.99 3586.92 1915.33 3593.90 1908.28 3639.69 1862.94 3632.71
26071-600-M6-066-00002 0.11550344526767731 6006.27 1709.09 6045.04 1714.55 6037.18 1770.36 5998.40 1764.89
26071-600-M6-066-00002 0.07174474745988846 4299.80 2746.33 4342.63 2712.13 4371.24 2747.96 4328.41 2782.16
26071-600-M6-066-00002 0.06512117385864258 4297.16 3774.61 4340.68 3737.64 4372.01 3774.51 4328.48 3811.49
26071-300-M6-053-00008 0.06739979237318039 5869.42 3155.90 5900.37 3153.39 5904.10 3199.21 5873.15 3201.73
26071-300-M6-053-00008 0.058995891362428665 5176.97 3234.41 5235.21 3204.73 5259.67 3252.72 5201.42 3282.40
26071-300-M6-053-00008 0.05745503678917885 5854.50 3231.46 5903.18 3212.70 5921.87 3261.20 5873.19 3279.96
26071-300-M6-053-00008 0.05006416141986847 5871.42 2798.34 5902.64 2799.70 5900.66 2845.35 5869.44 2843.99
26071-203-M6-060-00001 0.056649304926395416 3615.24 1372.28 3706.50 1373.69 3706.00 1406.06 3614.74 1404.65
26071-200-M6-063-00010 0.060377705842256546 3165.45 4190.72 3211.50 4194.32 3207.80 4241.73 3161.74 4238.13
26071-200-M6-063-00010 0.05949392914772034 4491.93 5685.65 4537.79 5689.54 4533.39 5741.40 4487.53 5737.50
26071-203-M6-060-00006 0.13307905197143555 3222.50 3015.99 3290.59 3012.88 3294.74 3103.65 3226.65 3106.76
26071-675-M6-068-00041 0.06300340592861176 6367.95 4359.18 6414.73 4361.30 6412.59 4408.49 6365.80 4406.37
26071-675-M6-068-00041 0.06270258128643036 6037.56 4360.21 6084.98 4362.36 6082.84 4409.46 6035.42 4407.31
26071-300-M6-053-00012 0.05895569175481796 2696.40 1791.23 2743.35 1799.48 2735.14 1846.12 2688.20 1837.87
26071-450-M6-082-00221 0.09688018262386322 4043.49 4283.84 4082.08 4261.78 4102.56 4297.62 4063.98 4319.68
26071-675-M6-068-00034 0.06287993490695953 4398.22 1582.93 4473.73 1587.86 4468.23 1672.10 4392.72 1667.17
26071-675-M6-068-00034 0.05768824368715286 3355.39 5372.11 3415.82 5408.22 3365.76 5491.99 3305.33 5455.88
26071-450-M6-082-00031 0.06206345558166504 5036.82 6071.74 5120.30 6093.74 5099.21 6173.76 5015.73 6151.76
26071-200-M6-062-00276 0.058830130845308304 768.74 2857.76 815.20 2860.07 812.80 2908.31 766.34 2906.00
26071-200-M6-062-00276 0.056708719581365585 3163.49 4067.16 3208.16 4065.76 3209.11 4096.34 3164.45 4097.73
26071-500-M6-059-00011 0.05355636030435562 8089.49 1374.73 8127.41 1349.84 8153.81 1390.07 8115.89 1414.95
26071-500-M6-059-00013 0.1577451080083847 7397.59 2005.76 7467.67 2012.87 7458.59 2102.34 7388.52 2095.23
26071-500-M6-059-00044 0.070768803358078 1082.03 2108.51 1127.24 2131.10 1096.61 2192.42 1051.39 2169.83
26071-500-M6-059-00044 0.05357840657234192 3905.37 4609.83 3942.24 4637.36 3913.63 4675.69 3876.76 4648.16
26071-200-M6-052-00093 0.07702460885047913 6408.45 3574.96 6479.95 3584.24 6472.09 3644.81 6400.59 3635.53
26071-200-M6-052-00002 0.061613790690898895 6161.62 1912.50 6209.39 1911.45 6210.54 1963.84 6162.76 1964.89
26071-200-M6-052-00002 0.050508350133895874 3043.64 3308.14 3090.27 3303.26 3093.54 3334.52 3046.92 3339.40
26071-675-M6-068-10002 0.17122606933116913 2948.32 3751.83 3007.53 3766.20 2992.69 3827.38 2933.48 3813.01
26071-675-M6-068-10002 0.16916382312774658 2762.48 5369.03 2829.42 5353.01 2845.56 5420.39 2778.61 5436.42
26071-675-M6-068-10002 0.13144978880882263 4133.77 1996.60 4183.39 2038.44 4143.95 2085.20 4094.34 2043.36
26071-675-M6-068-10002 0.12277200073003769 7824.04 2137.14 7889.81 2152.18 7875.02 2216.81 7809.25 2201.76
26071-675-M6-068-10002 0.11572074890136719 3537.18 5382.68 3592.80 5338.62 3643.04 5402.03 3587.41 5446.09
26071-675-M6-068-10002 0.1147950142621994 2238.27 5357.82 2316.60 5369.49 2307.81 5428.44 2229.48 5416.76
26071-675-M6-068-10002 0.11177056282758713 2400.22 3757.07 2480.96 3754.15 2483.16 3814.94 2402.42 3817.86
26071-675-M6-068-10002 0.1020161509513855 3694.52 3757.81 3776.09 3745.17 3786.15 3810.12 3704.58 3822.76
26071-675-M6-068-10002 0.09028101712465286 2957.99 1483.21 3011.72 1486.77 3008.53 1534.78 2954.80 1531.22
26071-675-M6-068-10002 0.06470035016536713 4230.16 3760.73 4296.08 3753.37 4303.20 3817.19 4237.28 3824.55
26071-675-M6-068-10002 0.06306097656488419 4084.53 5362.08 4150.12 5363.39 4148.81 5429.24 4083.22 5427.94
26071-675-M6-068-10002 0.057302460074424744 6758.64 2160.45 6819.96 2132.83 6846.90 2192.65 6785.59 2220.27
26071-750-M6-085-00012 0.8735306859016418 6470.04 3306.44 6518.56 3304.68 6521.08 3374.15 6472.57 3375.92
26071-750-M6-085-00012 0.8681502938270569 4284.62 3305.20 4333.45 3305.35 4333.24 3373.19 4284.41 3373.04
26071-750-M6-085-00012 0.7382779121398926 1854.96 3684.85 1917.22 3685.12 1917.02 3730.73 1854.76 3730.46
26071-750-M6-085-00012 0.056799862533807755 2991.18 4424.20 3094.31 4417.52 3096.90 4457.42 2993.77 4464.09
26071-600-M6-066-00003 0.1262473315000534 7759.14 5263.61 7808.00 5223.75 7846.64 5271.13 7797.78 5310.98
26071-600-M6-066-00003 0.06476133316755295 3629.37 5402.88 3665.43 5409.59 3658.78 5445.29 3622.73 5438.58
26071-750-M6-085-00309 0.07821168750524521 4327.03 2274.24 4439.60 2274.13 4439.64 2322.67 4327.07 2322.78
