26071-200-M6-052-00001 0.056850068271160126 5677.32 1616.48 5742.51 1615.56 5743.78 1705.84 5678.60 1706.76
26071-200-M6-052-00001 0.056242141872644424 2447.10 3391.02 2973.49 3400.57 2970.19 3582.43 2443.80 3572.88
26071-200-M6-052-00001 0.05342819169163704 3889.90 3474.34 4016.42 3479.88 4014.78 3517.37 3888.26 3511.84
26071-500-M6-059-00017 0.09893995523452759 1773.24 4968.14 1893.59 4967.06 1893.88 4999.75 1773.53 5000.83
26071-500-M6-059-00017 0.060492999851703644 1773.13 5169.44 1888.73 5167.45 1889.30 5200.35 1773.70 5202.35
26071-500-M6-059-00017 0.056996896862983704 5783.93 4969.88 5906.98 4965.68 5908.09 4998.09 5785.04 5002.30
26071-500-M6-059-00017 0.05391858518123627 666.14 3193.23 820.26 3190.40 823.08 3343.88 668.96 3346.71
26071-600-M6-066-00012 0.06714770942926407 4629.46 4638.27 4695.73 4625.19 4711.14 4703.34 4644.87 4716.41
26071-600-M6-066-00012 0.051668379455804825 6271.82 4506.65 6331.11 4505.07 6333.17 4582.38 6273.88 4583.97
26071-200-M6-052-00539 0.05868639051914215 1958.33 4101.20 2007.20 4100.65 2009.08 4265.26 1960.20 4265.81
26071-500-M6-059-00248 0.13316696882247925 4088.33 4165.53 4154.98 4205.93 4120.87 4262.20 4054.22 4221.81
26071-500-M6-059-00248 0.07018208503723145 6615.96 6173.70 6731.07 6170.30 6732.07 6204.11 6616.96 6207.51
26071-500-M6-059-00248 0.06477288901805878 4763.00 4433.31 5262.05 4432.89 5262.23 4643.88 4763.17 4644.30
26071-500-M6-059-00248 0.05296991020441055 3880.03 4178.89 3954.19 4188.63 3947.69 4238.11 3873.53 4228.37
26071-500-M6-059-00040 0.9883415102958679 3019.07 2942.34 3126.15 2938.21 3129.24 3018.31 3022.16 3022.43
26071-500-M6-059-00040 0.9686214923858643 4196.70 5691.35 4296.72 5691.53 4296.57 5773.27 4196.56 5773.09
26071-500-M6-059-00040 0.08454491943120956 1345.13 2385.23 1442.81 2388.89 1441.16 2433.08 1343.48 2429.43
26071-500-M6-059-00040 0.07862206548452377 4250.90 2273.46 4368.50 2271.71 4368.99 2304.44 4251.39 2306.19
26071-500-M6-059-00040 0.061350658535957336 1478.47 2381.97 1599.62 2384.33 1598.65 2433.70 1477.51 2431.34
26071-500-M6-059-00040 0.06077783927321434 1628.06 2384.11 1722.49 2386.13 1721.49 2433.07 1627.06 2431.05
26071-203-M6-333-00010 0.05336834862828255 2378.72 2702.15 2437.55 2654.33 2508.46 2741.56 2449.63 2789.38
26071-750-M6-085-00286 0.05748327076435089 5372.57 2158.94 5487.61 2155.72 5488.50 2187.54 5373.46 2190.76
26071-750-M6-085-00286 0.05451712757349014 5372.67 2406.37 5488.88 2404.56 5489.37 2436.23 5373.17 2438.05
26071-550-M6-084-00248 0.105267234146595 4684.82 3958.46 5193.43 3963.22 5191.47 4172.91 4682.85 4168.15
26071-203-M6-332-00008 0.18463139235973358 3903.89 3637.15 3995.90 3683.67 3961.42 3751.86 3869.41 3705.33
26071-203-M6-332-00008 0.09633117914199829 6693.14 3655.36 6787.97 3666.49 6781.31 3723.27 6686.48 3712.15
26071-203-M6-332-00008 0.07622794806957245 4216.39 3645.41 4271.30 3627.43 4301.17 3718.67 4246.26 3736.65
26071-200-M6-052-00080 0.08181428909301758 3755.60 3717.70 3803.95 3717.01 3805.67 3837.87 3757.32 3838.56
26071-200-M6-052-00080 0.07769585400819778 3756.11 4099.04 3804.14 4098.34 3805.93 4221.04 3757.90 4221.74
26071-200-M6-052-00080 0.07496681809425354 6481.77 3884.59 7101.61 3886.34 7101.16 4046.04 6481.32 4044.29
26071-200-M6-052-00080 0.06863045692443848 3056.59 3884.24 3682.74 3888.38 3681.66 4051.64 3055.51 4047.50
26071-200-M6-052-00080 0.0565631166100502 2164.14 4170.08 2227.36 4171.73 2225.44 4245.50 2162.21 4243.85
26071-200-M6-052-00080 0.05374693125486374 7621.62 4856.20 7736.98 4860.11 7731.78 5013.48 7616.42 5009.57
26071-200-M6-052-00080 0.051921628415584564 5588.21 4168.19 5650.16 4171.47 5646.26 4245.36 5584.31 4242.09
26071-203-M6-321-00604 0.06302014738321304 4472.15 1120.39 4586.13 1118.22 4586.74 1150.28 4472.77 1152.45
26071-300-M6-053-00309 0.9894834160804749 6144.49 4751.79 6246.18 4748.92 6248.40 4827.79 6146.71 4830.66
26071-300-M6-053-00309 0.08110595494508743 5182.74 6143.02 5368.15 6181.68 5328.67 6371.03 5143.25 6332.36
26071-300-M6-053-00309 0.07944895327091217 4904.36 6141.55 5073.38 6187.82 5024.51 6366.34 4855.49 6320.07
26071-300-M6-053-00309 0.06147214025259018 5485.56 6145.29 5658.70 6177.80 5622.56 6370.24 5449.42 6337.73
26071-300-M6-053-00309 0.05214303359389305 5413.28 6112.27 5508.61 6107.88 5513.73 6218.94 5418.40 6223.33
26071-300-M6-053-00309 0.05008361116051674 5973.57 1655.09 6017.94 1641.25 6051.55 1749.02 6007.18 1762.86
26071-450-M6-082-00009 0.1251000612974167 2045.59 3673.10 2192.80 3692.51 2172.82 3844.00 2025.61 3824.59
26071-450-M6-082-00009 0.09042780846357346 1234.46 6096.70 1367.79 6109.57 1354.33 6249.07 1220.99 6236.20
26071-450-M6-082-00009 0.07859867066144943 5717.60 4888.21 5800.77 4880.94 5812.14 5011.00 5728.97 5018.27
26071-450-M6-082-00009 0.06910397112369537 2652.39 1888.10 2786.26 1875.08 2800.91 2025.61 2667.04 2038.64
26071-450-M6-082-00009 0.06843266636133194 1726.78 3254.10 1875.13 3271.09 1858.60 3415.46 1710.25 3398.48
26071-450-M6-082-00009 0.06789040565490723 4298.58 4675.32 4451.28 4685.39 4441.08 4840.06 4288.38 4829.99
26071-450-M6-082-00009 0.06663081049919128 2759.79 4771.43 2904.45 4774.07 2901.54 4933.25 2756.88 4930.60
26071-450-M6-082-00009 0.06404184550046921 3301.99 3891.61 3425.25 3892.21 3425.08 3925.94 3301.82 3925.34
26071-450-M6-082-00009 0.06172565370798111 4890.40 5750.51 5037.12 5759.00 5028.31 5911.22 4881.60 5902.73
26071-450-M6-082-00009 0.05896005406975746 5570.11 5004.42 5603.43 5004.84 5601.88 5128.46 5568.55 5128.04
26071-450-M6-082-00009 0.056989338248968124 1761.33 3923.04 1898.00 3929.95 1890.52 4077.72 1753.86 4070.81
26071-450-M6-082-00009 0.05689516291022301 6304.96 4455.55 6454.80 4474.68 6435.72 4624.15 6285.88 4605.02
26071-450-M6-082-00009 0.0559113547205925 6689.15 2387.94 6790.95 2385.97 6791.84 2432.13 6690.05 2434.10
26071-450-M6-082-00009 0.05243980139493942 5193.34 1617.37 5292.72 1577.27 5339.83 1694.01 5240.46 1734.11
26071-750-M6-085-00007 0.08924214541912079 6362.28 4162.04 6509.15 4168.00 6502.85 4323.46 6355.98 4317.51
26071-750-M6-085-00007 0.058405403047800064 4769.87 4755.68 4865.98 4769.72 4857.20 4829.75 4761.10 4815.71
26071-750-M6-085-00007 0.055687066167593 1175.06 2799.30 1225.12 2796.83 1229.75 2890.71 1179.68 2893.18
26071-203-M6-337-00031 0.07775998115539551 5350.15 663.58 5641.08 705.10 5623.53 828.06 5332.60 786.54
26071-203-M6-337-00031 0.06487055867910385 7101.49 3714.05 7134.12 3714.63 7131.99 3835.09 7099.36 3834.52
26071-203-M6-337-00031 0.06165334954857826 1675.75 5467.41 1711.59 5469.50 1704.56 5589.57 1668.73 5587.47
26071-203-M6-332-00001 0.14171187579631805 2095.18 3852.34 2173.35 3877.69 2145.27 3964.30 2067.10 3938.96
26071-203-M6-332-00001 0.059397950768470764 3871.09 1717.36 3987.04 1722.26 3985.68 1754.34 3869.74 1749.44
26071-203-M6-332-00001 0.0570082813501358 5971.15 1717.17 6086.58 1722.31 6085.15 1754.51 5969.71 1749.37
26071-203-M6-079-00001 0.15839602053165436 4617.09 3904.56 4721.66 3903.42 4722.33 3964.32 4617.76 3965.47
26071-203-M6-079-00001 0.06379573047161102 2985.65 2948.87 3060.46 2986.06 3035.53 3036.22 2960.71 2999.03
26071-200-M6-052-00150 0.16529163718223572 4503.62 3063.33 4593.16 3094.27 4572.37 3154.45 4482.83 3123.52
26071-200-M6-052-00150 0.12851281464099884 2481.42 3075.57 2602.20 3080.54 2599.88 3136.81 2479.10 3131.83
26071-200-M6-052-00150 0.11718152463436127 5514.53 5827.92 5572.23 5807.57 5608.16 5909.44 5550.47 5929.79
26071-200-M6-052-00150 0.0967218354344368 4861.52 5358.37 4997.08 5348.51 5007.56 5492.54 4872.00 5502.40
26071-200-M6-052-00150 0.08045703917741776 4214.48 5822.78 4272.70 5815.52 4285.85 5920.97 4227.63 5928.23
26071-200-M6-052-00150 0.07856543362140656 4652.42 6013.86 4680.24 5996.85 4716.34 6055.90 4688.53 6072.91
26071-200-M6-052-00150 0.07730839401483536 5032.66 3980.36 5185.49 3985.30 5180.55 4138.14 5027.72 4133.20
26071-200-M6-052-00150 0.062422193586826324 6467.09 5498.72 6515.29 5497.60 6517.50 5592.20 6469.29 5593.33
26071-200-M6-052-00150 0.055754516273736954 3519.00 2965.24 3722.59 2909.83 3791.81 3164.20 3588.22 3219.61
26071-200-M6-052-00150 0.05345160886645317 7323.60 4772.60 7355.24 4770.47 7363.32 4890.44 7331.67 4892.57
26071-200-M6-052-00150 0.05310977250337601 4500.74 1447.94 4642.61 1467.35 4623.50 1606.98 4481.63 1587.57
26071-200-M6-052-00003 0.41259753704071045 2786.73 4548.64 2907.90 4537.02 2915.90 4620.41 2794.73 4632.03
26071-200-M6-052-00003 0.10329459607601166 5074.34 2728.43 5192.37 2718.26 5195.20 2751.13 5077.18 2761.30
26071-200-M6-052-00003 0.08981220424175262 5131.60 5489.37 5273.79 5508.91 5254.94 5646.10 5112.75 5626.56
26071-200-M6-052-00003 0.06662363559007645 1568.11 2080.07 1720.03 2073.50 1726.72 2228.15 1574.80 2234.72
26071-200-M6-052-00003 0.05179399251937866 6253.72 4169.24 6385.87 4171.00 6383.82 4324.61 6251.68 4322.85
26071-700-M6-054-00013 0.09967628121376038 4069.91 1581.34 4103.09 1581.85 4101.20 1704.15 4068.02 1703.63
26071-700-M6-054-00013 0.09063970297574997 4068.54 2181.40 4101.35 2181.02 4102.63 2291.37 4069.83 2291.76
26071-700-M6-054-00013 0.07713746279478073 4071.52 4062.99 4104.38 4063.60 4102.06 4189.06 4069.19 4188.45
26071-700-M6-054-00013 0.0759810209274292 4070.20 5951.63 4103.00 5952.00 4101.64 6074.36 4068.84 6073.99
26071-700-M6-054-00013 0.07124225050210953 4071.88 5360.29 4105.04 5361.12 4101.90 5486.87 4068.74 5486.05
26071-700-M6-054-00013 0.05769222229719162 4068.79 3469.73 4102.53 3469.52 4103.35 3596.17 4069.61 3596.39
26071-700-M6-054-00036 0.1099274680018425 6466.23 2845.87 6522.98 2875.11 6500.23 2919.25 6443.49 2890.01
26071-700-M6-054-00036 0.08241698890924454 4365.60 5302.02 4398.56 5302.51 4396.74 5424.93 4363.78 5424.44
26071-700-M6-054-00036 0.073555588722229 4056.11 3480.39 4574.76 3515.63 4563.64 3679.28 4044.99 3644.03
26071-700-M6-054-00036 0.06153673678636551 6769.68 2877.47 6801.99 2876.52 6805.56 2998.15 6773.25 2999.09
26071-700-M6-054-00036 0.05705571174621582 6295.79 5791.78 6328.26 5787.88 6342.43 5906.04 6309.96 5909.93
26071-600-M6-065-00231 0.06937448680400848 7181.53 3218.57 7222.07 3215.15 7230.25 3312.16 7189.71 3315.58
26071-600-M6-065-00231 0.056319110095500946 6924.29 3305.64 7459.23 3310.42 7457.71 3480.34 6922.77 3475.56
26071-600-M6-065-00231 0.052085090428590775 6537.98 1469.09 6571.06 1469.58 6569.39 1583.61 6536.30 1583.12
26071-500-M6-059-00071 0.12225335836410522 3965.95 2073.70 4100.59 2077.00 4098.83 2148.82 3964.18 2145.52
26071-500-M6-059-00071 0.09614093601703644 1635.22 2539.14 1717.80 2562.20 1688.39 2667.51 1605.82 2644.45
26071-500-M6-059-00071 0.0640668049454689 5551.48 3882.66 5681.19 3910.93 5667.41 3974.17 5537.70 3945.90
26071-500-M6-059-00116 0.08764947950839996 5095.95 1338.49 5173.00 1336.58 5174.96 1415.72 5097.91 1417.63
26071-500-M6-059-00116 0.07506851106882095 3272.55 4926.37 3339.93 4920.41 3347.15 5001.96 3279.77 5007.92
26071-500-M6-059-00116 0.053973887115716934 4659.04 1773.64 4714.57 1782.98 4702.16 1856.75 4646.64 1847.42
26071-550-M6-084-00026 0.9883860349655151 1814.53 3415.21 1920.28 3412.71 1922.16 3491.96 1816.41 3494.46
26071-550-M6-084-00026 0.9816170930862427 4176.75 3414.97 4281.72 3410.99 4284.82 3492.62 4179.85 3496.60
26071-550-M6-084-00026 0.07989810407161713 7458.96 3471.14 7550.54 3467.30 7552.52 3514.55 7460.94 3518.39
26071-550-M6-084-00026 0.06314358115196228 2824.57 2853.89 2939.27 2852.32 2939.74 2886.48 2825.03 2888.05
26071-550-M6-084-00026 0.05098509043455124 7228.02 3459.98 7344.28 3463.99 7341.98 3530.86 7225.71 3526.85
26071-550-M6-084-00026 0.05022086948156357 4343.82 3427.70 4380.03 3421.77 4398.84 3536.66 4362.63 3542.59
26071-200-M6-052-00090 0.124243825674057 3427.78 1095.46 3529.59 1128.35 3510.37 1187.86 3408.56 1154.97
26071-200-M6-052-00090 0.10658193379640579 5494.71 3140.41 5618.23 3157.85 5613.51 3191.26 5490.00 3173.82
26071-200-M6-052-00090 0.10263634473085403 2730.04 3448.86 3286.66 3455.15 3284.33 3661.56 2727.71 3655.27
26071-200-M6-052-00090 0.09728320688009262 5370.95 4364.91 5496.78 4362.18 5497.49 4394.97 5371.66 4397.70
26071-200-M6-052-00090 0.09047327190637589 5751.13 3448.29 6313.10 3467.76 6306.13 3668.89 5744.16 3649.43
26071-200-M6-052-00090 0.08464186638593674 6141.92 4004.81 6207.37 4005.47 6206.15 4126.96 6140.69 4126.30
26071-200-M6-052-00090 0.08277792483568192 8123.53 3814.94 8183.80 3819.22 8177.54 3907.41 8117.27 3903.13
26071-200-M6-052-00090 0.07606004923582077 6405.91 5221.08 6464.89 5226.04 6456.00 5331.87 6397.01 5326.92
26071-200-M6-052-00090 0.07276066392660141 3850.27 6049.03 3949.79 6047.14 3950.90 6105.82 3851.39 6107.71
26071-200-M6-052-00090 0.06756415963172913 6406.60 5053.42 6523.31 5052.03 6524.15 5122.33 6407.44 5123.73
26071-200-M6-052-00090 0.06680319458246231 1069.77 1461.26 1104.65 1461.66 1103.19 1587.49 1068.32 1587.08
26071-200-M6-052-00090 0.06580006331205368 2485.54 3146.45 2598.18 3150.58 2596.92 3185.00 2484.28 3180.88
26071-200-M6-052-00090 0.06436959654092789 5370.37 3847.91 5490.56 3841.33 5492.34 3873.94 5372.16 3880.52
26071-200-M6-052-00090 0.0627436563372612 2357.59 4363.29 2480.68 4366.57 2479.76 4401.08 2356.67 4397.80
26071-200-M6-052-00090 0.06237932667136192 8124.28 3608.89 8185.74 3619.10 8170.25 3712.35 8108.79 3702.14
26071-200-M6-052-00090 0.06075918301939964 3126.00 4010.56 3216.29 4010.37 3216.54 4126.79 3126.25 4126.99
26071-200-M6-052-00090 0.060664813965559006 3570.10 1596.36 3642.82 1593.10 3648.87 1728.08 3576.14 1731.34
26071-200-M6-052-00090 0.05831782892346382 5490.22 2986.85 5611.03 2981.83 5612.39 3014.65 5491.58 3019.67
26071-200-M6-052-00090 0.057448141276836395 8086.58 3688.04 8158.88 3688.47 8158.03 3833.16 8085.73 3832.73
26071-200-M6-052-00090 0.05437454953789711 3185.16 6045.99 3287.26 6042.74 3289.30 6106.79 3187.20 6110.04
26071-200-M6-052-00090 0.05353311449289322 2978.02 6050.78 3082.20 6060.40 3077.45 6111.86 2973.27 6102.24
26071-200-M6-052-00090 0.05228468403220177 6043.19 3696.07 6075.72 3696.13 6075.51 3812.70 6042.99 3812.64
26071-200-M6-052-00090 0.05153888463973999 1496.32 5068.38 1530.85 5069.80 1526.07 5186.14 1491.55 5184.72
26071-200-M6-052-00090 0.050056133419275284 1732.49 5068.64 1767.17 5070.18 1761.97 5186.72 1727.30 5185.17
26071-600-M6-065-00037 0.10107637941837311 2007.78 773.39 2120.40 771.68 2120.91 805.08 2008.28 806.79
26071-600-M6-065-00037 0.09311468154191971 4541.55 6097.05 4681.83 6111.63 4667.82 6246.45 4527.53 6231.86
26071-600-M6-065-00037 0.07088234275579453 1057.12 2900.98 1090.78 2900.75 1091.65 3026.00 1057.99 3026.23
26071-600-M6-065-00037 0.05798853188753128 5902.25 2390.06 6023.68 2392.91 6022.88 2426.85 5901.45 2423.99
26071-300-M6-053-00010 0.12227726727724075 2039.15 4324.61 2641.00 4302.79 2648.90 4520.47 2047.05 4542.29
26071-300-M6-053-00010 0.0880717784166336 6763.01 1578.92 6795.46 1579.44 6793.48 1703.62 6761.02 1703.10
26071-300-M6-053-00010 0.07509216666221619 3951.56 3597.47 4071.21 3593.89 4072.21 3627.27 3952.56 3630.85
26071-300-M6-053-00010 0.06242654100060463 3283.29 3932.56 3327.63 3931.89 3329.06 4026.93 3284.72 4027.60
26071-300-M6-053-00010 0.05619468167424202 7062.50 3127.92 7123.61 3141.70 7103.50 3230.84 7042.39 3217.06
26071-300-M6-053-00010 0.056082069873809814 2685.19 4174.47 2732.93 4168.80 2746.82 4285.85 2699.08 4291.52
26071-203-M6-320-00042 0.07712708413600922 4240.14 2794.84 4369.12 2820.39 4341.85 2958.07 4212.88 2932.53
26071-203-M6-320-00042 0.056172098964452744 1823.28 3893.77 1946.60 3865.63 1962.21 3934.02 1838.89 3962.16
26071-203-M6-160-00291 0.13990068435668945 2896.69 3576.72 3684.04 3593.74 3678.51 3849.37 2891.16 3832.35
26071-203-M6-160-00291 0.11643842607736588 3034.86 2200.36 3312.54 2226.46 3302.14 2337.13 3024.46 2311.03
26071-203-M6-160-00291 0.057872507721185684 2762.48 6183.13 2908.32 6190.41 2900.49 6347.19 2754.66 6339.92
26071-203-M6-160-00291 0.053353212773799896 2258.36 2257.53 2318.00 2279.59 2301.75 2323.52 2242.11 2301.46
26071-600-M6-066-00002 0.07586847245693207 6768.96 2050.27 6801.51 2049.25 6805.34 2171.63 6772.78 2172.65
26071-300-M6-053-00008 0.051498979330062866 5182.95 3211.06 5246.01 3209.53 5247.35 3264.65 5184.28 3266.18
26071-200-M6-063-00010 0.2617496848106384 2551.19 3959.06 3074.11 3951.17 3077.12 4150.83 2554.21 4158.72
26071-200-M6-063-00010 0.08039218187332153 3160.21 3814.48 3207.69 3812.13 3213.49 3929.60 3166.01 3931.95
26071-203-M6-060-00006 0.0834803432226181 2164.97 5052.21 2314.90 5058.67 2308.68 5202.97 2158.75 5196.51
26071-203-M6-325-00013 0.10597231239080429 3401.93 3987.07 3533.29 3997.09 3522.85 4133.94 3391.49 4123.92
26071-203-M6-325-00013 0.06865281611680984 4656.14 5367.80 4688.43 5365.01 4698.81 5484.98 4666.52 5487.77
26071-203-M6-325-00013 0.061825335025787354 3592.76 4886.32 3625.18 4883.01 3637.72 5006.09 3605.30 5009.39
26071-203-M6-325-00013 0.06141463294625282 3293.16 4885.84 3325.62 4882.81 3337.01 5005.06 3304.55 5008.08
26071-300-M6-053-00012 0.09112227708101273 2810.99 1195.10 2966.77 1216.65 2945.58 1369.81 2789.80 1348.26
26071-300-M6-053-00012 0.08212064206600189 6108.04 648.39 6253.40 662.51 6237.93 821.70 6092.57 807.58
26071-300-M6-053-00012 0.07052461057901382 6013.95 5795.57 6085.64 5813.40 6058.02 5924.48 5986.32 5906.65
26071-300-M6-053-00012 0.057780034840106964 3676.46 6324.58 3819.49 6334.95 3807.96 6493.83 3664.93 6483.45
26071-450-M6-082-00221 0.07302511483430862 7541.25 986.94 7574.53 986.03 7577.80 1106.14 7544.52 1107.05
26071-675-M6-068-00034 0.9549843072891235 2552.72 5472.31 2632.43 5470.03 2635.45 5575.21 2555.73 5577.50
26071-675-M6-068-00034 0.9490814208984375 3331.98 5456.50 3412.26 5455.92 3412.98 5557.05 3332.71 5557.63
26071-675-M6-068-00034 0.09546012431383133 4016.20 1236.82 4134.59 1240.04 4133.70 1272.92 4015.30 1269.71
26071-675-M6-068-00034 0.08204106986522675 4016.84 936.10 4133.60 939.37 4132.67 972.70 4015.91 969.44
26071-675-M6-068-00034 0.08142083883285522 4772.45 5184.97 4911.65 5206.17 4889.06 5354.46 4749.86 5333.25
26071-675-M6-068-00034 0.06833832710981369 3356.82 5377.65 3416.07 5413.88 3369.02 5490.81 3309.78 5454.58
26071-675-M6-068-00034 0.061466921120882034 1347.25 6057.74 1431.05 6061.50 1428.87 6110.09 1345.07 6106.32
26071-675-M6-068-00034 0.05971070006489754 4400.81 1576.96 4477.90 1594.11 4460.95 1670.28 4383.86 1653.13
26071-450-M6-082-00031 0.11958543211221695 2913.64 4936.46 3047.98 4931.64 3050.75 5009.06 2916.42 5013.88
26071-450-M6-082-00031 0.10153527557849884 2124.73 2093.95 2245.42 2099.92 2243.81 2132.52 2123.11 2126.56
26071-450-M6-082-00031 0.09766567498445511 5374.79 4916.46 5511.88 4921.92 5508.74 5000.75 5371.65 4995.30
26071-450-M6-082-00031 0.0893164724111557 3050.06 3224.41 3594.52 3220.34 3596.09 3430.17 3051.63 3434.24
26071-450-M6-082-00031 0.07801021635532379 3769.84 2834.19 3802.12 2832.97 3806.49 2948.68 3774.21 2949.90
26071-200-M6-062-00276 0.156993567943573 2391.05 4595.28 2510.89 4594.66 2511.32 4677.57 2391.47 4678.19
26071-500-M6-059-00011 0.06650085002183914 2965.59 4569.47 3100.12 4577.94 3090.60 4728.91 2956.08 4720.44
26071-500-M6-059-00011 0.059225037693977356 5077.73 2393.82 5201.16 2385.76 5203.40 2420.05 5079.97 2428.11
26071-500-M6-059-00011 0.05437429994344711 5082.32 2184.52 5204.64 2171.73 5208.48 2208.45 5086.16 2221.24
26071-600-M6-065-00021 0.13137798011302948 2239.43 1462.56 2536.66 1493.88 2523.22 1621.44 2225.99 1590.13
26071-600-M6-065-00021 0.08172522485256195 5405.99 5566.18 5438.45 5542.96 5484.02 5606.67 5451.56 5629.88
26071-600-M6-065-00021 0.07779019325971603 5373.96 2916.74 5493.16 2918.40 5492.04 2999.45 5372.84 2997.80
26071-600-M6-065-00021 0.07201431691646576 3693.16 5561.35 3826.43 5562.90 3825.61 5633.82 3692.34 5632.27
26071-600-M6-065-00021 0.06330419331789017 5730.53 5417.46 5807.86 5455.76 5775.32 5521.45 5697.99 5483.15
26071-600-M6-065-00021 0.06183702498674393 7228.56 4785.33 7326.04 4780.76 7328.29 4828.71 7230.81 4833.27
26071-600-M6-065-00021 0.0523773655295372 2851.82 2896.75 2973.60 2914.31 2961.57 2997.80 2839.79 2980.24
26071-500-M6-059-00013 0.0784439966082573 2507.24 2867.00 2663.77 2881.97 2648.76 3038.83 2492.23 3023.85
26071-500-M6-059-00013 0.0764712244272232 3715.29 3732.05 3875.55 3753.94 3854.19 3910.37 3693.93 3888.48
26071-500-M6-059-00044 0.8043560981750488 6966.23 5630.59 7041.28 5643.71 7022.31 5752.20 6947.26 5739.07
26071-500-M6-059-00044 0.4794943630695343 4212.00 4968.70 4282.56 4976.66 4272.13 5069.16 4201.57 5061.20
26071-500-M6-059-00044 0.35477977991104126 2649.08 4975.97 2718.83 4971.96 2724.16 5064.59 2654.41 5068.60
26071-500-M6-059-00044 0.07723498344421387 1056.24 2136.72 1116.04 2131.15 1125.66 2234.57 1065.86 2240.13
26071-500-M6-059-00044 0.07286012917757034 4273.84 4912.78 4322.24 4902.79 4344.66 5011.31 4296.25 5021.31
26071-500-M6-059-00044 0.06624703109264374 6992.19 5624.52 7034.92 5594.97 7100.03 5689.12 7057.30 5718.67
26071-500-M6-059-00044 0.058015912771224976 2707.43 4915.25 2756.94 4905.64 2778.87 5018.52 2729.37 5028.14
26071-200-M6-052-00093 0.11510808765888214 6372.72 4492.50 6494.16 4492.16 6494.26 4525.44 6372.82 4525.78
26071-200-M6-052-00093 0.11079227924346924 5077.32 5260.99 5198.98 5264.25 5198.09 5297.56 5076.43 5294.30
26071-200-M6-052-00093 0.0679524764418602 5074.64 5456.69 5195.78 5445.67 5198.77 5478.58 5077.63 5489.59
26071-200-M6-052-00093 0.06466858088970184 5076.09 5741.49 5198.25 5728.65 5201.69 5761.41 5079.53 5774.25
26071-200-M6-052-00093 0.05530991405248642 6457.78 4192.26 6506.55 4185.69 6519.76 4283.70 6470.99 4290.27
26071-200-M6-052-00093 0.053871527314186096 3979.01 1490.85 4484.13 1479.96 4488.06 1662.25 3982.93 1673.13
26071-200-M6-052-00093 0.0501345656812191 3007.34 4772.24 3040.72 4772.91 3038.35 4890.81 3004.97 4890.14
26071-200-M6-052-00002 0.09360560029745102 4479.94 3046.51 4606.11 3038.66 4608.18 3071.94 4482.01 3079.79
26071-200-M6-052-00002 0.05889469012618065 6254.65 1305.80 6570.97 1287.36 6574.63 1350.24 6258.32 1368.68
26071-200-M6-052-00002 0.05040935054421425 5535.66 5678.46 5568.01 5679.16 5565.35 5801.26 5533.00 5800.56
26071-675-M6-068-10002 0.2474549263715744 3701.31 3751.12 3796.32 3743.65 3802.47 3821.97 3707.46 3829.44
26071-675-M6-068-10002 0.19830603897571564 2407.06 3754.41 2489.70 3755.34 2488.93 3823.81 2406.29 3822.89
26071-675-M6-068-10002 0.17308905720710754 3537.18 5382.68 3592.80 5338.62 3643.04 5402.03 3587.41 5446.09
26071-675-M6-068-10002 0.13980042934417725 2231.05 5376.28 2287.58 5343.03 2326.75 5409.63 2270.23 5442.88
26071-675-M6-068-10002 0.07685445249080658 5695.24 2029.83 5766.67 1998.76 5794.28 2062.22 5722.85 2093.29
26071-675-M6-068-10002 0.05473059415817261 4247.86 3731.28 4318.80 3776.24 4272.80 3848.84 4201.85 3803.88
26071-675-M6-068-10002 0.0537286140024662 7803.74 2151.26 7872.25 2133.52 7889.70 2200.91 7821.19 2218.65
26071-750-M6-085-00012 0.09855039417743683 7940.13 2377.79 8007.15 2382.06 8001.70 2467.57 7934.69 2463.30
26071-750-M6-085-00012 0.0834885910153389 6013.04 4274.61 6165.70 4283.98 6156.61 4432.08 6003.95 4422.71
26071-750-M6-085-00012 0.08106502890586853 3720.77 6020.95 3872.66 6045.60 3847.30 6201.93 3695.41 6177.28
26071-750-M6-085-00012 0.0681464895606041 4001.94 4570.72 4138.36 4571.76 4137.14 4731.66 4000.72 4730.62
26071-750-M6-085-00012 0.06085846945643425 5057.36 2917.87 5197.06 2918.34 5196.57 3061.50 5056.87 3061.03
26071-200-M6-052-00544 0.052544575184583664 4030.00 3966.62 4097.52 3970.56 4089.21 4113.17 4021.69 4109.23
26071-200-M6-052-00544 0.050590015947818756 2931.89 3947.15 3010.77 3913.26 3058.61 4024.60 2979.73 4058.50
26071-600-M6-066-00003 0.10533572733402252 7770.77 5237.97 7837.61 5239.41 7836.34 5297.95 7769.51 5296.51
