26071-200-M6-052-00001 0.06687361001968384 3512.71 4965.57 3544.76 4968.47 3541.33 5006.31 3509.28 5003.41
26071-200-M6-052-00001 0.060665491968393326 3779.79 5607.13 3798.67 5607.02 3798.84 5635.46 3779.96 5635.57
26071-500-M6-059-00017 0.12460831552743912 3776.41 3818.59 3804.45 3816.85 3806.89 3856.06 3778.85 3857.80
26071-600-M6-066-00012 0.11108336597681046 5569.93 4024.13 5584.16 4010.14 5607.99 4034.38 5593.77 4048.37
26071-600-M6-066-00012 0.06602739542722702 5443.83 1788.17 5488.71 1790.61 5487.04 1821.22 5442.16 1818.78
26071-600-M6-066-00012 0.05903646722435951 6730.16 3145.19 6768.19 3150.70 6761.63 3195.93 6723.60 3190.41
26071-600-M6-066-00012 0.05563563108444214 7373.19 1480.83 7397.24 1503.81 7379.49 1522.37 7355.45 1499.39
26071-500-M6-059-00248 0.0748937726020813 3776.01 3298.66 3806.90 3294.69 3812.19 3335.91 3781.30 3339.88
26071-700-M6-054-00246 0.07181192189455032 4698.64 2994.30 4744.09 2992.86 4745.05 3023.15 4699.60 3024.59
26071-700-M6-054-00246 0.06123640015721321 4537.48 2994.96 4582.47 2993.72 4583.29 3023.52 4538.30 3024.75
26071-700-M6-054-00246 0.05523133650422096 4295.34 3753.00 4326.75 3757.83 4319.92 3802.25 4288.51 3797.42
26071-700-M6-054-00246 0.05195825919508934 5326.05 2582.16 5357.06 2584.59 5355.39 2605.87 5324.38 2603.43
26071-500-M6-059-00040 0.17985869944095612 3635.67 2851.81 3667.35 2861.22 3659.72 2886.93 3628.04 2877.52
26071-500-M6-059-00040 0.09693049639463425 5871.10 3329.97 5901.53 3330.60 5900.63 3374.34 5870.20 3373.71
26071-500-M6-059-00040 0.07724330574274063 3776.78 2858.83 3807.66 2856.93 3810.45 2902.35 3779.57 2904.25
26071-500-M6-059-00040 0.061144717037677765 5870.48 2857.53 5900.64 2857.70 5900.38 2902.02 5870.22 2901.85
26071-203-M6-333-00010 0.053547635674476624 4569.83 4081.24 4605.82 4078.06 4608.05 4103.28 4572.06 4106.46
26071-750-M6-085-00286 0.05091750621795654 5340.89 3490.50 5385.61 3451.35 5410.05 3479.27 5365.33 3518.42
26071-550-M6-084-00248 0.117399662733078 6893.36 3683.92 6937.39 3690.78 6930.49 3735.02 6886.47 3728.15
26071-550-M6-084-00248 0.10287967324256897 2695.13 5099.19 2740.72 5106.95 2732.71 5154.07 2687.12 5146.31
26071-550-M6-084-00248 0.09285780042409897 3777.84 2824.55 3806.38 2823.95 3807.27 2865.80 3778.72 2866.40
26071-550-M6-084-00248 0.08300118893384933 2990.21 3066.56 3039.72 3075.86 3031.04 3122.03 2981.53 3112.73
26071-203-M6-332-00008 0.9666184782981873 7172.11 3706.42 7196.39 3724.38 7179.51 3747.18 7155.24 3729.22
26071-203-M6-332-00008 0.9664320349693298 4742.81 3706.02 4765.85 3725.39 4747.37 3747.37 4724.33 3728.00
26071-203-M6-332-00008 0.9664084315299988 2342.80 3706.02 2365.85 3725.38 2347.38 3747.37 2324.33 3728.01
26071-203-M6-332-00008 0.11030865460634232 7167.60 3687.41 7197.71 3685.00 7200.04 3714.15 7169.94 3716.56
26071-203-M6-332-00008 0.10185667127370834 4743.09 3677.67 4771.39 3687.55 4761.48 3715.94 4733.18 3706.06
26071-203-M6-332-00008 0.1018500030040741 2343.09 3677.68 2371.39 3687.55 2361.48 3715.94 2333.19 3706.07
26071-203-M6-332-00008 0.050526443868875504 7505.08 3476.21 7518.86 3476.18 7518.90 3494.22 7505.12 3494.26
26071-200-M6-052-00080 0.07408631592988968 2197.16 6487.66 2225.17 6485.76 2225.82 6495.47 2197.82 6497.37
26071-200-M6-052-00080 0.05155693739652634 6169.02 3221.47 6209.13 3223.57 6206.75 3269.03 6166.64 3266.93
26071-203-M6-321-00604 0.10203994065523148 7666.95 593.65 7690.48 610.86 7673.64 633.89 7650.11 616.69
26071-203-M6-321-00604 0.0743057057261467 4332.26 2272.56 4363.22 2288.90 4351.71 2310.70 4320.75 2294.36
26071-300-M6-053-00309 0.058033328503370285 1965.31 2501.25 2011.82 2507.77 2005.20 2555.04 1958.69 2548.52
26071-300-M6-053-00309 0.054070621728897095 6003.37 1377.03 6046.34 1378.82 6045.11 1408.49 6002.14 1406.71
26071-300-M6-053-00309 0.052766453474760056 1960.67 4510.27 2007.87 4510.97 2007.16 4558.73 1959.95 4558.03
26071-450-M6-082-00009 0.08220626413822174 2403.87 2581.07 2411.86 2578.10 2417.17 2592.42 2409.18 2595.39
26071-450-M6-082-00009 0.07823408395051956 3733.43 5396.14 3779.04 5394.22 3780.33 5424.98 3734.72 5426.90
26071-450-M6-082-00009 0.06776762008666992 3405.24 1374.78 3441.66 1375.60 3440.99 1405.51 3404.57 1404.69
26071-450-M6-082-00009 0.06049041822552681 5562.92 6200.92 5599.33 6203.41 5597.41 6231.59 5561.00 6229.11
26071-200-M6-052-00552 0.08176419138908386 4178.88 2460.44 4209.54 2469.07 4194.88 2521.13 4164.22 2512.50
26071-750-M6-085-00007 0.11064628511667252 2697.07 1497.28 2742.18 1506.89 2732.73 1551.29 2687.61 1541.68
26071-750-M6-085-00007 0.09024228900671005 6594.64 6277.65 6642.30 6287.40 6632.58 6334.90 6584.92 6325.15
26071-203-M6-064-00271 0.050355419516563416 5577.44 3761.00 5605.70 3760.92 5605.82 3801.63 5577.56 3801.71
26071-203-M6-337-00031 0.19008585810661316 6434.08 1353.04 6460.14 1337.51 6475.71 1363.63 6449.65 1379.16
26071-203-M6-337-00031 0.16260403394699097 2881.74 1926.55 2910.57 1933.45 2900.28 1976.46 2871.45 1969.56
26071-203-M6-337-00031 0.14421963691711426 2880.24 2319.03 2910.11 2324.14 2902.75 2367.13 2872.89 2362.03
26071-203-M6-337-00031 0.12737047672271729 4073.41 890.05 4101.45 905.12 4088.41 929.39 4060.37 914.33
26071-203-M6-337-00031 0.12672173976898193 4377.58 1501.45 4408.09 1502.25 4406.96 1545.23 4376.45 1544.43
26071-203-M6-337-00031 0.11113602668046951 3921.80 2584.34 3948.67 2569.26 3963.47 2595.62 3936.60 2610.70
26071-203-M6-337-00031 0.07167568802833557 6938.85 3779.72 6979.44 3778.53 6980.27 3806.95 6939.68 3808.14
26071-203-M6-337-00031 0.0627465769648552 4075.04 970.24 4109.41 972.32 4107.17 1009.40 4072.80 1007.33
26071-203-M6-337-00031 0.05841507017612457 2094.67 5875.97 2121.59 5869.51 2129.36 5901.84 2102.43 5908.30
26071-203-M6-337-00031 0.05233641713857651 1986.88 5738.50 2020.50 5737.96 2021.08 5773.99 1987.46 5774.53
26071-203-M6-337-00031 0.05207370966672897 3955.23 784.32 3995.16 781.34 3997.23 809.02 3957.30 812.01
26071-203-M6-337-00031 0.05064506083726883 6544.84 1347.44 6573.36 1335.33 6585.15 1363.11 6556.62 1375.21
26071-203-M6-337-00031 0.05012592300772667 6670.95 617.19 6706.21 618.99 6703.87 664.63 6668.61 662.83
26071-203-M6-332-00001 0.14985805749893188 5918.25 2552.34 6017.31 2553.91 6016.64 2596.43 5917.58 2594.86
26071-203-M6-332-00001 0.1433929055929184 3398.66 2554.99 3501.84 2552.63 3502.81 2595.12 3399.63 2597.47
26071-203-M6-332-00001 0.14018645882606506 5499.88 2554.40 5603.00 2552.84 5603.64 2595.59 5500.53 2597.14
26071-203-M6-332-00001 0.12597592175006866 3818.06 2554.47 3919.76 2551.39 3921.09 2595.33 3819.39 2598.42
26071-203-M6-332-00001 0.12490842491388321 5078.04 2551.57 5178.92 2550.75 5179.29 2596.65 5078.41 2597.46
26071-203-M6-332-00001 0.12405727803707123 4243.93 2557.07 4335.59 2557.88 4335.19 2603.32 4243.52 2602.51
26071-203-M6-332-00001 0.12095030397176743 2979.66 2551.09 3079.89 2551.68 3079.63 2596.87 2979.39 2596.29
26071-203-M6-332-00001 0.1179051324725151 4659.87 2550.36 4761.75 2550.28 4761.79 2597.65 4659.90 2597.72
26071-203-M6-332-00001 0.05513494834303856 3006.55 2694.41 3050.67 2695.81 3049.70 2726.48 3005.57 2725.09
26071-203-M6-332-00001 0.05428469181060791 5106.47 2694.32 5150.52 2695.79 5149.49 2726.76 5105.44 2725.29
26071-203-M6-332-00001 0.053834620863199234 2813.28 3664.53 2846.39 3664.09 2847.70 3763.40 2814.59 3763.83
26071-203-M6-332-00001 0.053353242576122284 2883.11 3343.84 2906.66 3349.45 2899.68 3378.76 2876.13 3373.16
26071-200-M6-052-00150 0.9721220135688782 5944.91 5979.25 5971.34 5993.07 5957.98 6018.61 5931.55 6004.78
26071-200-M6-052-00150 0.9719536304473877 4639.11 5981.99 4668.28 5986.15 4664.24 6014.53 4635.06 6010.37
26071-200-M6-052-00150 0.8395406603813171 3530.48 3033.34 3556.23 3014.17 3574.88 3039.23 3549.14 3058.40
26071-200-M6-052-00150 0.09343887120485306 2945.62 2627.36 2975.28 2626.37 2976.46 2661.60 2946.80 2662.59
26071-200-M6-052-00150 0.06925905495882034 3165.73 2679.80 3204.96 2678.19 3206.15 2707.27 3166.92 2708.88
26071-200-M6-052-00003 0.2126247137784958 5573.98 4516.43 5601.99 4512.32 5607.94 4552.97 5579.94 4557.07
26071-200-M6-052-00003 0.1879587173461914 5577.84 3963.27 5606.07 3958.86 5612.15 3997.80 5583.91 4002.21
26071-200-M6-052-00003 0.05789954215288162 3002.77 4542.30 3032.64 4542.16 3032.86 4586.29 3002.98 4586.44
26071-200-M6-052-00003 0.05371126905083656 3442.78 5094.66 3487.38 5097.50 3485.40 5128.56 3440.80 5125.72
26071-200-M6-052-00003 0.05232923477888107 3736.37 5094.34 3781.76 5096.97 3779.97 5127.91 3734.58 5125.28
26071-700-M6-054-00013 0.11306959390640259 3704.93 2102.94 3726.77 2084.40 3748.02 2109.43 3726.19 2127.97
26071-700-M6-054-00013 0.05239451304078102 5272.58 1493.51 5289.40 1481.29 5313.35 1514.26 5296.52 1526.48
26071-203-M6-321-00225 0.058340467512607574 4072.13 5399.80 4101.26 5395.35 4108.00 5439.43 4078.87 5443.88
26071-700-M6-054-00036 0.057987280189991 4676.03 1798.71 4706.61 1795.97 4710.30 1837.01 4679.72 1839.76
26071-700-M6-054-00036 0.05485828220844269 4041.40 2263.38 4084.13 2269.60 4077.63 2314.23 4034.90 2308.01
26071-700-M6-054-00036 0.05385646969079971 4700.51 2583.80 4746.12 2580.06 4747.85 2601.07 4702.24 2604.82
26071-700-M6-054-00036 0.0524478442966938 4699.91 1819.45 4744.53 1819.31 4744.63 1852.53 4700.02 1852.67
26071-203-M6-320-00044 0.06680245697498322 4652.42 4035.87 4697.57 4016.88 4715.96 4060.63 4670.81 4079.61
26071-203-M6-320-00044 0.059152472764253616 7950.08 4039.98 7998.00 4022.29 8013.96 4065.53 7966.04 4083.22
26071-600-M6-065-00231 0.30936679244041443 3176.15 3590.41 3212.94 3591.41 3212.09 3622.63 3175.30 3621.63
26071-500-M6-059-00071 0.11091449856758118 3399.84 3294.34 3434.04 3297.33 3431.45 3326.85 3397.25 3323.85
26071-500-M6-059-00071 0.05768873915076256 1630.24 5530.61 1676.54 5529.16 1677.62 5563.52 1631.32 5564.97
26071-500-M6-059-00071 0.0557393841445446 1627.95 2622.34 1672.90 2614.41 1678.43 2645.80 1633.49 2653.72
26071-500-M6-059-00071 0.05199256166815758 3900.19 2081.74 3926.28 2099.63 3911.37 2121.39 3885.27 2103.50
26071-203-M6-320-00008 0.37631821632385254 4839.63 4197.31 4869.74 4196.15 4870.80 4223.77 4840.69 4224.93
26071-203-M6-320-00008 0.12260228395462036 2397.19 4236.18 2426.58 4229.70 2435.17 4268.69 2405.77 4275.16
26071-203-M6-320-00008 0.06523183733224869 4880.19 4236.30 4907.52 4236.05 4907.86 4272.71 4880.53 4272.96
26071-203-M6-320-00008 0.05554790794849396 2579.28 4155.99 2612.83 4164.78 2602.04 4205.99 2568.48 4197.19
26071-203-M6-320-00008 0.05356279015541077 2501.75 4152.18 2521.23 4134.84 2542.27 4158.48 2522.80 4175.82
26071-203-M6-320-00008 0.05293099209666252 4986.23 4064.74 5019.41 4077.58 5006.25 4111.60 4973.07 4098.76
26071-203-M6-320-00008 0.05014871433377266 4795.20 4148.21 4810.97 4147.06 4813.80 4185.83 4798.03 4186.98
26071-203-M6-320-00008 0.050048913806676865 2415.17 4311.57 2442.74 4300.04 2455.35 4330.18 2427.78 4341.72
26071-500-M6-059-00116 0.1530030518770218 5921.76 5721.88 5959.08 5722.94 5958.02 5760.03 5920.70 5758.96
26071-500-M6-059-00116 0.06070093438029289 6822.90 5403.27 6868.34 5395.46 6874.24 5429.71 6828.80 5437.53
26071-500-M6-059-00116 0.05987599864602089 4828.44 4151.29 4855.12 4166.64 4835.38 4200.95 4808.71 4185.60
26071-550-M6-084-00026 0.09669838100671768 5771.13 1670.84 5802.94 1669.58 5804.28 1703.48 5772.48 1704.74
26071-550-M6-084-00026 0.0592358261346817 7299.44 3470.59 7323.11 3466.74 7330.43 3511.68 7306.76 3515.54
26071-550-M6-084-00026 0.05339248105883598 7204.88 5569.89 7238.05 5564.87 7244.38 5606.75 7211.21 5611.77
26071-203-M6-337-00007 0.06296990811824799 5193.91 5481.09 5227.83 5480.94 5228.29 5586.60 5194.37 5586.75
26071-203-M6-337-00007 0.055432211607694626 5198.62 2788.17 5230.98 2791.10 5222.07 2889.66 5189.70 2886.74
26071-200-M6-052-00090 0.12141900509595871 2400.64 3592.95 2429.39 3592.85 2429.54 3637.18 2400.79 3637.28
26071-200-M6-052-00090 0.09102451801300049 3441.04 6061.04 3461.02 6041.65 3487.32 6068.76 3467.34 6088.14
26071-200-M6-052-00090 0.08242124319076538 2399.27 3366.83 2427.83 3367.71 2426.47 3411.79 2397.91 3410.91
26071-200-M6-052-00090 0.0686434879899025 3163.24 3792.03 3193.53 3794.34 3190.37 3835.77 3160.08 3833.46
26071-203-M6-320-00061 0.14009346067905426 890.47 4058.79 920.00 4054.33 925.93 4093.54 896.40 4098.00
26071-600-M6-065-00037 0.13162952661514282 3329.74 5686.05 3359.30 5703.49 3345.29 5727.24 3315.73 5709.81
26071-600-M6-065-00037 0.07968836277723312 1818.38 3722.37 1852.10 3721.41 1854.77 3815.18 1821.06 3816.14
26071-600-M6-065-00037 0.060364678502082825 5127.09 3723.41 5159.59 3723.59 5159.09 3816.20 5126.59 3816.03
26071-600-M6-065-00037 0.05548279359936714 5993.79 2387.25 6026.42 2388.17 6025.22 2430.71 5992.59 2429.80
26071-600-M6-065-00037 0.05423479527235031 1819.88 4131.63 1853.21 4131.78 1852.80 4227.05 1819.47 4226.90
26071-300-M6-053-00010 0.06978634744882584 7065.37 1559.42 7110.17 1560.82 7108.72 1607.27 7063.92 1605.87
26071-300-M6-053-00010 0.05007113516330719 2167.45 4261.29 2267.32 4261.23 2267.34 4293.65 2167.47 4293.71
26071-203-M6-320-00042 0.07888802140951157 7194.16 4018.93 7224.78 4012.76 7229.66 4036.96 7199.04 4043.13
26071-203-M6-320-00042 0.06466677039861679 1948.12 3944.61 1975.17 3920.49 1993.36 3940.89 1966.31 3965.01
26071-203-M6-320-00042 0.0617535337805748 1788.85 3983.11 1812.36 3999.19 1801.86 4014.54 1778.35 3998.46
26071-203-M6-320-00042 0.05158403888344765 5594.65 3590.35 5631.76 3600.68 5624.51 3626.72 5587.40 3616.40
26071-203-M6-160-00291 0.36182165145874023 5682.86 1673.38 5712.92 1670.88 5715.06 1696.63 5685.00 1699.13
26071-203-M6-160-00291 0.08435384184122086 2923.68 3773.97 2954.72 3780.01 2944.69 3831.53 2913.65 3825.49
26071-203-M6-160-00291 0.08344288915395737 2932.95 3583.14 2982.13 3620.29 2960.86 3648.46 2911.68 3611.31
26071-203-M6-160-00291 0.07423654943704605 3005.96 2266.94 3037.08 2270.13 3032.61 2313.75 3001.49 2310.56
26071-203-M6-160-00291 0.06373550742864609 3341.65 2267.20 3371.11 2268.02 3369.84 2313.88 3340.39 2313.07
26071-203-M6-160-00291 0.06291607767343521 4419.34 3098.36 4449.38 3098.31 4449.44 3135.21 4419.41 3135.26
26071-203-M6-160-00291 0.06073524430394173 5197.37 5432.91 5231.15 5432.40 5231.95 5484.93 5198.16 5485.44
26071-203-M6-160-00291 0.06041206046938896 3471.50 5810.83 3514.53 5812.17 3513.18 5855.87 3470.14 5854.53
26071-203-M6-160-00291 0.057132307440042496 5587.02 1796.24 5632.17 1791.52 5635.15 1820.06 5590.00 1824.78
26071-203-M6-160-00291 0.05497756972908974 1522.37 3169.50 1553.91 3177.68 1546.96 3204.48 1515.42 3196.30
26071-203-M6-160-00291 0.05077508091926575 1676.38 3589.83 1708.27 3593.96 1702.32 3639.80 1670.43 3635.67
26071-600-M6-066-00002 0.06088566035032272 1809.92 3680.07 1950.08 3684.80 1948.59 3728.94 1808.43 3724.21
26071-600-M6-066-00002 0.05676599591970444 4700.90 3868.65 4733.82 3869.49 4732.66 3914.76 4699.75 3913.92
26071-600-M6-066-00002 0.0507444366812706 4744.66 3923.97 4771.56 3925.97 4768.42 3968.26 4741.52 3966.26
26071-300-M6-053-00008 0.12281778454780579 5870.06 3529.66 5901.18 3527.53 5904.17 3571.19 5873.05 3573.32
26071-300-M6-053-00008 0.11434438824653625 5717.14 3036.62 5736.53 3034.58 5740.37 3070.97 5720.98 3073.01
26071-300-M6-053-00008 0.11085129529237747 5870.24 3419.13 5900.82 3418.63 5901.54 3462.67 5870.96 3463.18
26071-300-M6-053-00008 0.08816065639257431 5872.22 3152.91 5902.72 3154.23 5900.83 3197.97 5870.32 3196.65
26071-300-M6-053-00008 0.080717071890831 7512.06 5913.95 7533.01 5895.46 7553.14 5918.28 7532.19 5936.76
26071-300-M6-053-00008 0.07234183698892593 5849.62 3727.49 5871.17 3728.66 5868.73 3773.43 5847.18 3772.26
26071-300-M6-053-00008 0.06992654502391815 5775.76 2416.79 5798.90 2416.17 5799.89 2452.61 5776.75 2453.23
26071-300-M6-053-00008 0.06810682266950607 5871.94 2797.79 5902.52 2799.13 5900.60 2843.09 5870.01 2841.75
26071-300-M6-053-00008 0.060111984610557556 5870.11 2445.33 5901.17 2445.20 5901.35 2488.80 5870.30 2488.93
26071-300-M6-053-00008 0.055213067680597305 5871.49 3803.19 5901.34 3803.88 5900.31 3847.93 5870.46 3847.24
26071-300-M6-053-00008 0.05098612606525421 5871.12 4510.98 5901.93 4512.23 5900.10 4557.26 5869.29 4556.01
26071-200-M6-063-00010 0.05702366307377815 3281.13 4036.80 3304.63 4046.99 3286.23 4089.43 3262.73 4079.23
26071-200-M6-063-00010 0.05086977407336235 3174.03 4219.33 3209.68 4222.72 3207.67 4243.92 3172.02 4240.54
26071-203-M6-060-00006 0.057597286999225616 2949.49 4196.85 2978.25 4197.89 2977.59 4216.29 2948.83 4215.25
26071-300-M6-053-00012 0.17465785145759583 3896.07 5730.48 3925.40 5729.47 3926.86 5772.41 3897.54 5773.41
26071-300-M6-053-00012 0.10115892440080643 2941.84 2879.91 2967.17 2864.48 2987.42 2897.72 2962.08 2913.15
26071-300-M6-053-00012 0.09756671637296677 5977.36 5798.89 6003.10 5777.01 6023.78 5801.35 5998.05 5823.23
26071-300-M6-053-00012 0.08973097801208496 4321.15 4680.53 4343.52 4679.02 4344.83 4698.44 4322.46 4699.94
26071-300-M6-053-00012 0.08699440211057663 4069.18 5821.30 4100.88 5819.59 4102.51 5849.89 4070.81 5851.60
26071-300-M6-053-00012 0.07483553141355515 4085.36 5798.53 4113.71 5778.33 4132.00 5804.01 4103.65 5824.21
26071-300-M6-053-00012 0.06252163648605347 4784.25 3474.53 4828.83 3473.91 4829.24 3503.61 4784.66 3504.23
26071-300-M6-053-00012 0.0549176000058651 5959.20 5822.32 5989.18 5824.12 5987.55 5851.39 5957.56 5849.60
26071-300-M6-053-00012 0.05302497744560242 5716.87 2247.85 5764.60 2254.21 5760.38 2285.91 5712.65 2279.55
26071-300-M6-053-00012 0.05057074874639511 4189.77 3802.20 4220.91 3802.74 4220.11 3848.65 4188.98 3848.11
26071-675-M6-068-00034 0.0975675955414772 3295.10 6349.82 3323.17 6340.95 3331.05 6365.89 3302.98 6374.76
26071-675-M6-068-00034 0.05172469839453697 3478.18 1238.44 3503.69 1236.05 3506.83 1269.60 3481.33 1271.99
26071-450-M6-082-00031 0.10199062526226044 5407.59 4216.96 5428.81 4199.06 5448.98 4222.98 5427.77 4240.87
26071-450-M6-082-00031 0.0995422750711441 3497.35 5028.96 3520.13 5029.73 3519.26 5055.39 3496.48 5054.61
26071-450-M6-082-00031 0.09723298996686935 5784.30 4993.44 5807.00 4990.66 5810.38 5018.25 5787.69 5021.03
26071-450-M6-082-00031 0.0844436064362526 3763.24 6485.50 3790.46 6483.05 3791.96 6499.65 3764.73 6502.11
26071-450-M6-082-00031 0.054322998970746994 3036.08 3410.76 3073.26 3440.97 3053.44 3465.37 3016.25 3435.15
26071-500-M6-059-00011 0.0621679350733757 8093.49 1378.23 8123.81 1351.42 8154.24 1385.83 8123.92 1412.64
26071-500-M6-059-00011 0.058442581444978714 4824.12 6182.61 4862.47 6182.51 4862.53 6204.31 4824.18 6204.42
26071-600-M6-065-00021 0.1413864642381668 5088.76 2866.61 5118.87 2865.79 5120.08 2910.27 5089.97 2911.09
26071-600-M6-065-00021 0.0991612896323204 6564.84 4688.22 6583.77 4671.71 6607.00 4698.34 6588.07 4714.85
26071-600-M6-065-00021 0.09408420324325562 3753.86 5652.35 3785.76 5633.73 3799.78 5657.77 3767.88 5676.38
26071-600-M6-065-00021 0.09202591329813004 2530.66 1516.82 2559.25 1505.27 2572.25 1537.42 2543.66 1548.98
26071-600-M6-065-00021 0.0901498794555664 5484.98 5646.96 5528.41 5632.87 5536.28 5657.11 5492.84 5671.20
26071-600-M6-065-00021 0.07327105849981308 5131.30 2577.37 5157.31 2565.04 5176.42 2605.37 5150.42 2617.69
26071-600-M6-065-00021 0.07159111648797989 5377.46 5491.12 5402.42 5513.49 5379.87 5538.65 5354.91 5516.29
26071-600-M6-065-00021 0.07092761993408203 7596.64 6477.67 7629.40 6469.89 7636.22 6498.64 7603.46 6506.42
26071-600-M6-065-00021 0.06683168560266495 7833.76 6475.66 7867.63 6473.17 7869.80 6502.86 7835.93 6505.35
26071-600-M6-065-00021 0.06181147322058678 3619.29 5514.93 3643.48 5491.41 3666.96 5515.56 3642.76 5539.08
26071-600-M6-065-00021 0.05686069279909134 5439.96 5556.52 5457.13 5573.52 5430.77 5600.14 5413.60 5583.14
26071-500-M6-059-00044 0.1502516120672226 2705.10 4969.78 2733.75 4982.27 2722.13 5008.92 2693.48 4996.44
26071-500-M6-059-00044 0.07294350117444992 4336.43 4906.30 4352.33 4898.88 4359.85 4914.99 4343.95 4922.41
26071-500-M6-059-00044 0.07285542786121368 4260.92 4969.86 4301.32 4987.62 4291.83 5009.20 4251.43 4991.44
26071-500-M6-059-00044 0.06914160400629044 7086.64 5575.20 7105.61 5570.01 7111.22 5590.52 7092.25 5595.70
26071-500-M6-059-00044 0.06365443021059036 1166.85 3567.09 1190.60 3562.65 1197.41 3599.01 1173.67 3603.46
26071-500-M6-059-00044 0.06309636682271957 1052.18 3628.64 1082.80 3631.43 1079.37 3669.03 1048.75 3666.24
26071-500-M6-059-00044 0.06297128647565842 4240.77 4979.01 4266.92 4996.05 4250.07 5021.92 4223.92 5004.88
26071-500-M6-059-00044 0.05995679646730423 2778.05 4905.41 2794.61 4898.40 2801.46 4914.59 2784.89 4921.59
26071-200-M6-052-00093 0.19878631830215454 6443.01 4182.22 6469.40 4206.88 6449.92 4227.73 6423.53 4203.07
26071-200-M6-052-00093 0.10808676481246948 6468.85 4200.02 6495.77 4189.99 6508.57 4224.36 6481.66 4234.38
26071-200-M6-052-00093 0.07333880662918091 4597.04 2388.59 4634.53 2408.92 4619.36 2436.89 4581.88 2416.56
26071-200-M6-052-00093 0.062219955027103424 3285.01 4381.11 3326.47 4377.92 3328.58 4405.32 3287.12 4408.51
26071-200-M6-052-00093 0.055018648505210876 5056.11 1673.71 5098.37 1672.51 5099.23 1702.74 5056.97 1703.95
26071-200-M6-052-00002 0.055033352226018906 1784.27 5564.90 1808.84 5543.31 1831.86 5569.51 1807.28 5591.10
26071-200-M6-052-00002 0.05321064963936806 4608.89 4029.71 4643.90 4030.66 4642.28 4090.55 4607.27 4089.60
26071-200-M6-052-00002 0.0525909960269928 3043.64 3308.14 3090.27 3303.26 3093.54 3334.52 3046.92 3339.40
26071-675-M6-068-10002 0.11404383182525635 4629.61 1995.65 4643.29 1991.82 4648.96 2012.09 4635.28 2015.92
26071-675-M6-068-10002 0.10384103655815125 2277.84 2792.49 2306.67 2792.24 2307.05 2835.67 2278.22 2835.92
26071-675-M6-068-10002 0.10324495285749435 2278.47 2944.44 2307.77 2944.75 2307.33 2985.79 2278.03 2985.48
26071-675-M6-068-10002 0.10030657052993774 2277.71 3243.00 2306.58 3242.31 2307.62 3285.71 2278.74 3286.40
26071-675-M6-068-10002 0.10014630854129791 2278.00 3092.38 2306.95 3092.26 2307.14 3135.83 2278.19 3135.95
26071-675-M6-068-10002 0.09623049944639206 3820.21 1997.26 3830.53 1993.21 3837.52 2011.00 3827.21 2015.06
26071-675-M6-068-10002 0.06946438550949097 1980.47 4325.01 2008.81 4325.97 2007.45 4365.96 1979.11 4365.00
26071-675-M6-068-10002 0.06814320385456085 7537.29 2128.15 7554.36 2141.32 7547.31 2150.46 7530.23 2137.30
26071-675-M6-068-10002 0.06798131763935089 5431.08 1995.79 5443.43 1991.17 5450.81 2010.89 5438.47 2015.51
26071-675-M6-068-10002 0.06678996980190277 7686.06 2131.44 7693.51 2130.30 7695.95 2146.33 7688.50 2147.46
26071-675-M6-068-10002 0.0631444901227951 6479.68 2133.60 6490.74 2125.59 6503.40 2143.06 6492.34 2151.07
26071-675-M6-068-10002 0.055542394518852234 3999.79 1927.89 4016.00 1926.33 4018.90 1956.38 4002.69 1957.94
26071-675-M6-068-10002 0.05320848897099495 4805.91 1927.02 4824.14 1925.77 4826.14 1954.94 4807.91 1956.19
26071-750-M6-085-00012 0.2537012994289398 7668.86 5176.26 7696.78 5163.93 7711.80 5197.96 7683.89 5210.29
26071-750-M6-085-00012 0.22632300853729248 5482.53 5174.99 5510.24 5164.39 5523.96 5200.24 5496.25 5210.85
26071-750-M6-085-00012 0.17011715471744537 7177.13 3809.67 7205.53 3809.52 7205.71 3841.54 7177.31 3841.70
26071-750-M6-085-00012 0.16463956236839294 7669.81 3846.42 7698.21 3835.22 7712.82 3872.25 7684.42 3883.45
26071-750-M6-085-00012 0.1471981555223465 4991.72 3810.18 5021.24 3809.63 5021.90 3844.63 4992.37 3845.18
26071-750-M6-085-00012 0.14538736641407013 3180.46 5174.69 3207.25 5162.93 3222.66 5198.02 3195.87 5209.78
26071-750-M6-085-00012 0.1267630010843277 2690.69 3691.78 2720.14 3696.13 2715.03 3730.68 2685.58 3726.33
26071-750-M6-085-00012 0.11147824674844742 2690.08 5200.97 2719.38 5197.53 2724.01 5236.94 2694.72 5240.38
26071-750-M6-085-00012 0.10302110761404037 2737.56 3767.66 2781.43 3767.05 2781.84 3797.32 2737.98 3797.92
26071-750-M6-085-00012 0.08290749043226242 7672.90 3783.11 7703.91 3780.04 7708.35 3824.87 7677.34 3827.94
26071-750-M6-085-00012 0.0815541222691536 2792.40 3771.86 2835.78 3769.27 2837.58 3799.39 2794.20 3801.98
26071-750-M6-085-00012 0.0805073007941246 7597.05 3884.54 7638.20 3884.63 7638.14 3916.42 7596.99 3916.33
26071-750-M6-085-00012 0.0636361762881279 5412.56 3884.53 5453.26 3884.97 5452.92 3916.51 5412.22 3916.07
26071-750-M6-085-00012 0.06317277252674103 2755.70 3620.20 2795.02 3618.87 2796.05 3649.11 2756.73 3650.45
26071-750-M6-085-00012 0.06248529627919197 2753.43 5093.41 2798.14 5093.70 2797.95 5124.04 2753.24 5123.76
26071-750-M6-085-00012 0.06150873005390167 3111.41 3766.63 3151.08 3768.66 3149.51 3799.46 3109.83 3797.44
26071-750-M6-085-00012 0.06038069725036621 7086.09 4341.42 7104.21 4341.18 7104.61 4371.92 7086.49 4372.16
26071-750-M6-085-00012 0.05910591036081314 7245.23 3738.63 7283.07 3739.21 7282.63 3768.08 7244.79 3767.50
26071-750-M6-085-00012 0.0570206493139267 5412.90 5096.93 5456.16 5096.84 5456.23 5127.72 5412.96 5127.81
26071-750-M6-085-00012 0.05009070038795471 882.36 3732.17 918.56 3717.15 927.75 3739.30 891.55 3754.31
26071-200-M6-062-00277 0.06286002695560455 4081.26 4678.97 4104.53 4681.56 4102.50 4699.76 4079.24 4697.18
26071-200-M6-062-00277 0.06129888445138931 3609.59 4678.78 3632.73 4681.96 3630.25 4700.07 3607.11 4696.90
26071-200-M6-062-00277 0.060516390949487686 6088.43 4677.62 6112.82 4683.59 6108.48 4701.32 6084.09 4695.35
26071-200-M6-062-00277 0.059069640934467316 4552.71 4678.83 4576.88 4683.94 4573.03 4702.15 4548.87 4697.05
26071-200-M6-062-00277 0.0589294470846653 5024.60 4679.15 5048.91 4683.52 5045.61 4701.86 5021.30 4697.49
26071-200-M6-062-00277 0.05808444321155548 5497.62 4679.23 5521.71 4683.30 5518.64 4701.48 5494.55 4697.42
26071-600-M6-065-00259 0.10453323274850845 7675.96 5518.53 7706.74 5518.12 7707.34 5562.59 7676.56 5563.00
26071-600-M6-065-00259 0.07494175434112549 7677.59 4431.75 7707.77 4432.48 7706.78 4473.36 7676.60 4472.63
26071-200-M6-052-00544 0.0663224458694458 4191.54 4691.16 4221.21 4691.53 4220.66 4735.29 4190.98 4734.91
26071-200-M6-052-00544 0.06207449361681938 4531.75 4124.22 4679.41 4122.39 4679.97 4167.70 4532.31 4169.53
26071-600-M6-066-00003 0.09136484563350677 2214.11 4785.26 2244.26 4787.74 2240.61 4832.14 2210.46 4829.66
26071-600-M6-066-00003 0.05809115245938301 3729.27 5387.31 3758.51 5405.90 3743.79 5429.07 3714.55 5410.48
26071-600-M6-066-00003 0.05766559764742851 4854.52 2577.57 4861.83 2577.70 4861.56 2593.70 4854.25 2593.58
26071-750-M6-085-00309 0.11753280460834503 3024.30 3594.25 3064.94 3591.98 3066.45 3619.03 3025.81 3621.30
26071-750-M6-085-00309 0.08835511654615402 3128.03 3696.82 3157.30 3691.03 3164.60 3727.99 3135.33 3733.77
