26071-200-M6-052-00001 0.14433051645755768 3886.42 3283.24 3967.67 3289.48 3959.58 3394.82 3878.33 3388.58
26071-200-M6-052-00001 0.1313113421201706 5807.87 2501.45 5881.24 2506.89 5877.71 2554.37 5804.34 2548.93
26071-200-M6-052-00001 0.07001718878746033 2259.40 5814.36 2323.06 5809.07 2330.47 5898.13 2266.81 5903.42
26071-500-M6-059-00017 0.1850433051586151 3884.83 4717.12 3953.10 4720.50 3948.70 4809.63 3880.43 4806.26
26071-500-M6-059-00017 0.06255961954593658 5882.98 4691.86 5962.20 4694.98 5957.17 4822.55 5877.95 4819.43
26071-500-M6-059-00017 0.05859655141830444 4043.97 3291.66 4112.61 3298.09 4104.03 3389.69 4035.39 3383.27
26071-500-M6-059-00017 0.05560929700732231 1869.06 4693.51 1946.00 4696.14 1941.74 4820.81 1864.81 4818.19
26071-500-M6-059-00017 0.051296476274728775 2034.06 3294.80 2103.43 3298.88 2098.10 3389.49 2028.73 3385.41
26071-600-M6-066-00012 0.19038650393486023 6262.69 4662.71 6330.99 4663.48 6329.96 4754.96 6261.66 4754.19
26071-600-M6-066-00012 0.16109983623027802 4632.11 4625.31 4689.98 4622.60 4693.52 4698.02 4635.65 4700.73
26071-600-M6-066-00012 0.0797794908285141 4905.96 5555.84 4986.29 5557.67 4984.95 5616.42 4904.62 5614.59
26071-600-M6-066-00012 0.07166141271591187 5874.84 4802.39 5961.70 4803.37 5960.39 4919.33 5873.53 4918.35
26071-600-M6-066-00012 0.06439818441867828 6272.47 4509.44 6330.85 4507.85 6332.72 4576.58 6274.34 4578.17
26071-600-M6-066-00012 0.062494002282619476 5421.30 5545.14 5483.07 5573.04 5462.19 5619.27 5400.42 5591.37
26071-600-M6-066-00012 0.05447087436914444 3242.90 1842.26 3330.13 1842.40 3329.89 1983.03 3242.66 1982.88
26071-600-M6-066-00012 0.051932770758867264 2297.56 1841.95 2384.97 1841.33 2385.97 1982.50 2298.55 1983.12
26071-200-M6-052-00539 0.05363534390926361 4815.76 4211.68 4902.57 4208.49 4907.56 4344.01 4820.74 4347.20
26071-500-M6-059-00248 0.10444123297929764 3729.78 3012.93 3818.49 3028.72 3794.10 3165.79 3705.39 3150.00
26071-500-M6-059-00248 0.08302528411149979 3060.75 3489.22 3138.86 3480.00 3152.89 3599.01 3074.78 3608.22
26071-700-M6-054-00246 0.11635328084230423 3970.29 1772.01 4041.14 1773.19 4039.48 1873.05 3968.63 1871.87
26071-500-M6-059-00040 0.13029789924621582 4185.98 2094.71 4264.04 2087.22 4275.74 2209.04 4197.69 2216.54
26071-500-M6-059-00040 0.07952874153852463 2826.13 3974.97 2900.80 3988.91 2876.98 4116.52 2802.30 4102.58
26071-500-M6-059-00040 0.06342050433158875 4119.54 3975.50 4199.28 3985.39 4183.44 4113.21 4103.69 4103.33
26071-500-M6-059-00040 0.0547916442155838 5622.54 3645.35 5713.99 3648.87 5712.21 3695.10 5620.76 3691.58
26071-203-M6-333-00010 0.10182888060808182 3717.59 5134.69 3811.10 5130.94 3812.96 5177.12 3719.45 5180.88
26071-203-M6-333-00010 0.08986987918615341 5590.75 4093.84 5662.12 4101.07 5651.09 4210.07 5579.71 4202.84
26071-203-M6-333-00010 0.07347441464662552 1563.86 4085.79 1638.77 4093.26 1627.94 4201.88 1553.03 4194.42
26071-203-M6-333-00010 0.07096540182828903 3415.31 5476.29 3492.95 5483.69 3483.36 5584.37 3405.72 5576.98
26071-203-M6-333-00010 0.07024252414703369 4717.02 3533.20 4793.43 3534.94 4790.93 3644.38 4714.52 3642.64
26071-203-M6-333-00010 0.06450675427913666 3692.65 4098.48 3768.83 4103.56 3761.49 4213.69 3685.30 4208.60
26071-203-M6-333-00010 0.054437682032585144 3658.25 4231.92 3752.97 4231.37 3753.25 4278.91 3658.52 4279.46
26071-550-M6-084-00248 0.07261993736028671 3723.34 2546.62 3809.91 2553.62 3798.77 2691.36 3712.21 2684.36
26071-550-M6-084-00248 0.05547180026769638 3059.41 3010.18 3143.00 3002.46 3154.64 3128.56 3071.05 3136.28
26071-200-M6-052-00080 0.7484561800956726 6062.72 5022.96 6129.47 5021.53 6131.39 5110.76 6064.63 5112.19
26071-200-M6-052-00080 0.7447295188903809 2633.69 5023.61 2702.47 5020.03 2707.06 5108.14 2638.29 5111.73
26071-200-M6-052-00080 0.08423298597335815 6439.05 2844.48 6519.93 2845.92 6517.79 2966.53 6436.91 2965.10
26071-200-M6-052-00080 0.05060192942619324 2669.00 5066.24 2725.58 5028.43 2811.24 5156.62 2754.66 5194.42
26071-300-M6-053-00309 0.519051730632782 5637.88 2467.10 5722.77 2504.50 5696.65 2563.78 5611.76 2526.38
26071-300-M6-053-00309 0.35569828748703003 3914.87 3779.37 3990.15 3767.69 4005.88 3869.11 3930.60 3880.78
26071-300-M6-053-00309 0.2600313723087311 3608.06 3785.15 3680.58 3779.00 3688.46 3871.87 3615.93 3878.02
26071-300-M6-053-00309 0.251193106174469 6290.02 1652.77 6356.65 1647.19 6365.48 1752.49 6298.85 1758.07
26071-300-M6-053-00309 0.18803010880947113 4323.71 2084.64 4417.31 2094.79 4410.54 2157.20 4316.94 2147.05
26071-300-M6-053-00309 0.18050995469093323 5681.76 1656.48 5748.83 1660.34 5743.64 1750.50 5676.56 1746.63
26071-300-M6-053-00309 0.07279132306575775 2287.87 3973.56 2365.26 3980.21 2353.96 4111.80 2276.57 4105.15
26071-300-M6-053-00309 0.0714268833398819 5533.73 3970.87 5621.36 3977.40 5611.45 4110.29 5523.82 4103.76
26071-300-M6-053-00309 0.05275719240307808 2458.26 1962.85 2542.65 1965.75 2538.00 2101.15 2453.61 2098.25
26071-450-M6-082-00009 0.09140785038471222 4928.40 6165.70 5004.50 6162.98 5009.56 6304.43 4933.46 6307.15
26071-450-M6-082-00009 0.05734056234359741 3400.09 1194.04 3486.89 1190.85 3492.00 1330.15 3405.20 1333.34
26071-450-M6-082-00009 0.05656372010707855 3399.41 3620.68 3486.00 3616.11 3493.17 3751.77 3406.57 3756.35
26071-450-M6-082-00009 0.053988389670848846 1062.04 2752.06 1137.02 2790.16 1105.97 2851.26 1030.99 2813.16
26071-750-M6-085-00007 0.05665907263755798 6411.00 2550.63 6500.04 2548.68 6503.17 2692.00 6414.12 2693.94
26071-750-M6-085-00007 0.05553898215293884 5880.55 2078.29 5966.53 2077.94 5967.09 2215.50 5881.12 2215.86
26071-203-M6-064-00271 0.15764760971069336 1348.64 4780.66 1419.31 4804.84 1391.27 4886.79 1320.60 4862.60
26071-203-M6-064-00271 0.07903307676315308 2028.14 2538.82 2088.78 2548.03 2079.13 2611.57 2018.49 2602.36
26071-203-M6-064-00271 0.07223626971244812 1765.50 2534.76 1814.37 2572.66 1775.65 2622.58 1726.78 2584.68
26071-200-M6-052-00003 0.10126745700836182 4555.42 4534.25 4651.34 4533.05 4651.94 4581.46 4556.03 4582.66
26071-200-M6-052-00003 0.08453546464443207 5854.70 2817.50 5941.18 2818.08 5940.30 2949.37 5853.82 2948.80
26071-200-M6-052-00003 0.06894458830356598 2562.78 4429.78 2593.71 4426.96 2602.61 4524.52 2571.68 4527.34
26071-200-M6-052-00003 0.060049984604120255 5175.63 2496.66 5258.78 2500.29 5252.78 2637.33 5169.64 2633.69
26071-200-M6-052-00003 0.052007582038640976 2562.63 3956.31 2594.07 3953.57 2602.80 4053.95 2571.36 4056.69
26071-700-M6-054-00036 0.6864217519760132 4619.57 5257.50 4691.52 5259.83 4688.51 5352.84 4616.55 5350.51
26071-700-M6-054-00036 0.6783945560455322 4380.92 4489.99 4455.32 4490.34 4454.88 4584.45 4380.48 4584.09
26071-700-M6-054-00036 0.06684339791536331 4141.23 2191.06 4225.12 2208.36 4199.88 2330.82 4115.98 2313.52
26071-600-M6-065-00231 0.07914432138204575 6682.79 1935.96 6768.81 1893.16 6825.47 2007.05 6739.44 2049.85
26071-600-M6-065-00231 0.07280540466308594 3436.47 5538.32 3527.52 5536.26 3528.58 5583.10 3437.52 5585.16
26071-600-M6-065-00231 0.053122855722904205 3295.55 1548.40 3380.40 1548.97 3379.48 1687.25 3294.63 1686.68
26071-600-M6-065-00231 0.05311030149459839 4361.50 1548.63 4448.96 1551.25 4444.83 1688.81 4357.38 1686.18
26071-500-M6-059-00071 0.1305028796195984 3468.49 3287.43 3542.96 3299.70 3526.65 3398.71 3452.18 3386.44
26071-500-M6-059-00071 0.12518824636936188 5524.46 3890.48 5596.70 3888.33 5599.81 3992.78 5527.56 3994.92
26071-500-M6-059-00071 0.06718888133764267 2931.31 2801.16 3013.66 2802.76 3011.23 2927.63 2928.88 2926.03
26071-500-M6-059-00071 0.05979308485984802 3972.06 2072.56 4099.84 2076.63 4097.49 2150.48 3969.71 2146.40
26071-203-M6-337-00007 0.15153299272060394 5111.95 5770.12 5161.76 5769.49 5162.94 5862.19 5113.12 5862.82
26071-203-M6-337-00007 0.11440552026033401 5110.01 3072.36 5159.71 3070.64 5162.90 3162.65 5113.20 3164.37
26071-200-M6-052-00090 0.8172452449798584 5213.39 4374.01 5281.88 4376.11 5279.21 4463.30 5210.73 4461.20
26071-200-M6-052-00090 0.8165989518165588 2198.64 4373.49 2268.33 4376.18 2264.90 4464.85 2195.21 4462.16
26071-200-M6-052-00090 0.05697714164853096 2261.55 4392.92 2414.58 4462.68 2390.13 4516.31 2237.10 4446.55
26071-600-M6-065-00037 0.16596604883670807 3494.03 4484.14 3544.20 4485.29 3542.01 4580.69 3491.84 4579.54
26071-600-M6-065-00037 0.16415955126285553 6799.41 4486.78 6848.65 4484.91 6852.24 4579.47 6803.00 4581.35
26071-600-M6-065-00037 0.15282641351222992 5690.84 3066.82 5766.86 3070.68 5760.66 3192.71 5684.65 3188.85
26071-600-M6-065-00037 0.06186378002166748 4354.96 6358.64 4411.94 6353.14 4421.24 6449.27 4364.26 6454.78
26071-300-M6-053-00010 0.08014050871133804 4919.12 4312.42 4999.67 4315.13 4996.96 4395.95 4916.41 4393.25
26071-300-M6-053-00010 0.05366803705692291 4053.32 3097.24 4137.97 3098.10 4136.59 3232.79 4051.94 3231.92
26071-300-M6-053-00010 0.05089496448636055 6354.81 2619.88 6422.73 2624.09 6419.82 2670.99 6351.91 2666.79
26071-203-M6-160-00291 0.1334616243839264 6389.02 2833.24 6438.46 2834.48 6436.06 2930.20 6386.63 2928.97
26071-203-M6-160-00291 0.1152077466249466 6388.44 3070.64 6437.28 3071.20 6436.21 3165.89 6387.37 3165.33
26071-203-M6-160-00291 0.06020409241318703 1477.63 3000.86 1560.36 3002.78 1557.12 3142.20 1474.39 3140.27
26071-600-M6-066-00002 0.3419092297554016 4200.75 2742.54 4270.65 2706.22 4310.84 2783.58 4240.95 2819.90
26071-600-M6-066-00002 0.296822726726532 4248.08 3722.49 4317.23 3784.22 4263.47 3844.46 4194.31 3782.74
26071-200-M6-063-00010 0.12806907296180725 4447.08 2365.45 4507.68 2368.72 4502.94 2456.63 4442.35 2453.37
26071-203-M6-060-00006 0.06761548668146133 3227.95 3010.40 3299.11 3018.68 3288.75 3107.75 3217.59 3099.47
26071-203-M6-325-00013 0.13840995728969574 3876.07 4799.02 3953.52 4792.40 3963.99 4914.88 3886.54 4921.50
26071-300-M6-053-00012 0.20201009511947632 4603.80 3377.09 4701.43 3375.10 4702.46 3425.36 4604.83 3427.36
26071-300-M6-053-00012 0.06112111359834671 7117.87 1494.37 7205.90 1487.83 7215.90 1622.38 7127.87 1628.92
26071-675-M6-068-00034 0.23787541687488556 3894.35 3359.52 3938.03 3350.35 3950.48 3409.67 3906.80 3418.84
26071-675-M6-068-00034 0.22665829956531525 3625.46 5187.00 3668.35 5179.36 3679.42 5241.51 3636.53 5249.15
26071-675-M6-068-00034 0.20556659996509552 3149.83 3349.72 3195.66 3348.95 3196.77 3415.42 3150.94 3416.18
26071-675-M6-068-00034 0.1507529765367508 2877.43 5185.84 2917.83 5180.32 2926.50 5243.74 2886.10 5249.26
26071-675-M6-068-00034 0.05988432094454765 2800.53 5195.60 2880.10 5186.59 2885.60 5235.14 2806.02 5244.15
26071-675-M6-068-00034 0.05799329653382301 3831.78 3362.93 3909.79 3362.09 3910.32 3411.15 3832.31 3412.00
26071-675-M6-068-00034 0.05173977091908455 3433.05 1065.15 3519.76 1074.60 3504.63 1213.41 3417.91 1203.96
26071-675-M6-068-00034 0.050827182829380035 3541.96 5199.52 3630.80 5188.61 3637.16 5240.44 3548.33 5251.35
26071-450-M6-082-00031 0.1179010421037674 5373.71 4912.13 5507.87 4925.59 5500.06 5003.42 5365.90 4989.96
26071-450-M6-082-00031 0.09571818262338638 5042.63 6074.57 5132.33 6093.80 5112.41 6186.77 5022.70 6167.54
26071-450-M6-082-00031 0.09277166426181793 2997.76 4927.17 3067.80 4934.70 3058.06 5025.35 2988.02 5017.82
26071-450-M6-082-00031 0.05846566706895828 5237.05 2302.23 5323.89 2306.91 5316.33 2447.06 5229.49 2442.38
26071-500-M6-059-00011 0.09201338142156601 4667.02 1618.89 4741.52 1632.52 4719.66 1752.01 4645.16 1738.38
26071-500-M6-059-00011 0.07980382442474365 5197.24 1910.39 5275.81 1923.10 5256.25 2043.92 5177.69 2031.21
26071-500-M6-059-00011 0.07470346987247467 3850.81 5395.32 3944.04 5398.86 3942.26 5445.75 3849.03 5442.21
26071-500-M6-059-00011 0.0731491819024086 6251.66 2504.02 6328.90 2508.39 6321.90 2631.97 6244.66 2627.59
26071-500-M6-059-00011 0.06259158998727798 5721.77 2206.87 5798.98 2212.51 5789.88 2337.01 5712.67 2331.36
26071-500-M6-059-00011 0.06213688850402832 6786.99 2795.31 6866.98 2803.31 6854.49 2928.29 6774.50 2920.30
26071-600-M6-065-00021 0.08494626730680466 5405.28 5574.87 5522.04 5555.77 5532.64 5620.52 5415.87 5639.62
26071-600-M6-065-00021 0.084383524954319 3680.98 5573.48 3802.75 5561.06 3810.04 5632.56 3688.27 5644.98
26071-600-M6-065-00021 0.051213428378105164 4676.51 1371.93 4760.90 1369.27 4765.14 1504.14 4680.75 1506.80
26071-500-M6-059-00013 0.7926661372184753 7396.17 2008.58 7467.05 2011.84 7463.02 2099.42 7392.14 2096.16
26071-500-M6-059-00013 0.05230654776096344 2929.67 3639.37 2999.73 3639.71 2999.30 3727.94 2929.24 3727.59
26071-500-M6-059-00044 0.3071172833442688 7184.03 4059.71 7259.84 4064.19 7253.15 4177.58 7177.34 4173.11
26071-500-M6-059-00044 0.12346002459526062 1275.50 3600.03 1362.00 3615.90 1347.07 3697.25 1260.57 3681.38
26071-500-M6-059-00044 0.07022762298583984 3589.34 4032.96 3675.97 4035.47 3672.15 4167.44 3585.52 4164.93
26071-500-M6-059-00044 0.06546468287706375 5172.57 3173.92 5266.22 3176.98 5264.67 3224.31 5171.02 3221.25
26071-500-M6-059-00044 0.06261997669935226 4647.24 1199.82 4722.74 1198.33 4725.35 1330.34 4649.86 1331.83
26071-500-M6-059-00044 0.06094241887331009 2042.06 4057.46 2114.70 4050.57 2125.55 4165.05 2052.91 4171.93
26071-500-M6-059-00044 0.05955881252884865 5622.34 4039.41 5708.38 4029.85 5723.31 4164.23 5637.27 4173.79
26071-500-M6-059-00044 0.05139081925153732 1062.48 2131.22 1121.25 2132.45 1119.21 2230.13 1060.43 2228.90
26071-200-M6-052-00093 0.06796617805957794 5045.96 1548.59 5135.24 1540.53 5146.92 1669.99 5057.65 1678.05
26071-200-M6-052-00093 0.06765946000814438 3242.70 4056.97 3329.94 4057.38 3329.30 4192.64 3242.06 4192.23
26071-200-M6-052-00093 0.06143563985824585 6485.73 4182.71 6544.82 4191.97 6530.77 4281.53 6471.68 4272.26
26071-200-M6-052-00093 0.056160423904657364 3242.05 1698.59 3331.51 1696.21 3335.07 1830.04 3245.62 1832.42
26071-200-M6-052-00002 0.07293590158224106 7304.36 3858.64 7387.61 3859.42 7386.39 3989.21 7303.15 3988.44
26071-200-M6-052-00002 0.05679415166378021 1644.18 881.38 1722.63 888.08 1710.14 1034.21 1631.69 1027.50
26071-200-M6-052-00002 0.05644663795828819 4469.44 2831.87 4551.87 2831.48 4552.51 2967.55 4470.09 2967.94
26071-675-M6-068-10002 0.08511915057897568 3712.33 3744.13 3800.32 3744.14 3800.31 3824.75 3712.32 3824.74
26071-675-M6-068-10002 0.07789789885282516 2957.41 1484.73 3016.13 1492.30 3010.21 1538.23 2951.49 1530.66
26071-675-M6-068-10002 0.07578146457672119 2208.04 5369.61 2292.03 5332.14 2327.13 5410.83 2243.14 5448.29
26071-675-M6-068-10002 0.052959512919187546 3553.89 5351.39 3633.86 5362.51 3624.55 5429.48 3544.58 5418.37
26071-675-M6-068-10002 0.05289850011467934 7822.67 2125.34 7897.38 2165.96 7864.03 2227.28 7789.32 2186.66
26071-675-M6-068-10002 0.05122506245970726 2408.86 3753.46 2492.37 3752.26 2493.27 3814.41 2409.75 3815.61
26071-750-M6-085-00012 0.06811986118555069 7939.34 2410.11 8010.25 2410.88 8009.15 2511.36 7938.24 2510.58
26071-750-M6-085-00309 0.08391474187374115 3018.86 3343.20 3104.63 3344.56 3102.60 3472.77 3016.82 3471.41
