26071-200-M6-052-00001 0.9979117512702942 1513.89 5975.25 1561.60 5977.11 1558.02 6068.89 1510.30 6067.02
26071-200-M6-052-00001 0.9955835938453674 1773.44 1088.79 1867.69 1084.12 1870.05 1131.69 1775.80 1136.36
26071-200-M6-052-00001 0.12664344906806946 6289.95 2155.32 6383.47 2145.35 6388.55 2192.98 6295.02 2202.94
26071-200-M6-052-00001 0.11764819175004959 7736.50 1547.37 8278.41 1558.93 8277.09 1620.80 7735.18 1609.24
26071-200-M6-052-00001 0.11149145662784576 6532.54 2147.30 6627.60 2151.76 6625.42 2198.31 6530.35 2193.86
26071-200-M6-052-00001 0.10865623503923416 7717.46 6273.43 8268.08 6275.46 8267.85 6339.23 7717.22 6337.20
26071-200-M6-052-00001 0.10535898059606552 6770.17 2148.40 6863.59 2151.83 6861.89 2198.16 6768.46 2194.73
26071-200-M6-052-00001 0.09981964528560638 7744.91 1317.77 8282.21 1313.08 8282.76 1376.96 7745.47 1381.66
26071-200-M6-052-00001 0.07321897894144058 2574.38 6125.48 2621.87 6125.89 2621.09 6216.84 2573.60 6216.43
26071-200-M6-052-00001 0.06530004739761353 241.29 717.72 794.31 732.05 792.71 793.79 239.69 779.47
26071-200-M6-052-00001 0.06362359970808029 6768.60 1913.34 6862.34 1914.16 6861.92 1961.28 6768.19 1960.46
26071-200-M6-052-00001 0.06303746998310089 6103.99 1915.61 6196.75 1912.39 6198.41 1960.22 6105.65 1963.44
26071-200-M6-052-00001 0.06191875413060188 2490.53 6101.43 2621.47 6101.73 2621.40 6133.77 2490.46 6133.47
26071-200-M6-052-00001 0.058487895876169205 231.15 6272.71 784.67 6280.65 783.81 6340.55 230.29 6332.61
26071-200-M6-052-00001 0.05420469120144844 7724.73 2966.67 8249.28 2961.43 8249.92 3025.44 7725.37 3030.68
26071-500-M6-059-00017 0.9976897239685059 7172.60 4429.31 7264.96 4428.71 7265.27 4476.16 7172.91 4476.76
26071-500-M6-059-00017 0.9959413409233093 6851.85 4276.08 6944.19 4273.60 6945.46 4321.13 6853.13 4323.61
26071-500-M6-059-00017 0.17568081617355347 7172.50 4274.50 7265.35 4276.45 7264.36 4323.75 7171.51 4321.80
26071-500-M6-059-00017 0.17152830958366394 5054.60 4803.16 5102.02 4803.44 5101.46 4897.92 5054.04 4897.64
26071-500-M6-059-00017 0.16634643077850342 6673.06 4274.69 6766.92 4274.32 6767.11 4321.79 6673.24 4322.16
26071-500-M6-059-00017 0.15687783062458038 4321.32 3144.10 4414.79 3138.91 4417.41 3186.15 4323.95 3191.34
26071-500-M6-059-00017 0.15109948813915253 7067.15 4805.30 7111.85 4806.76 7108.62 4905.72 7063.92 4904.26
26071-500-M6-059-00017 0.11088155955076218 3046.29 4804.06 3093.77 4803.71 3094.48 4898.63 3047.00 4898.98
26071-500-M6-059-00017 0.10763341188430786 4321.22 5398.73 4414.20 5395.26 4415.95 5442.23 4322.97 5445.70
26071-500-M6-059-00017 0.09891293942928314 6167.39 1630.47 6259.40 1626.43 6261.52 1674.63 6169.51 1678.68
26071-500-M6-059-00017 0.09222583472728729 4913.02 6119.20 5006.82 6115.77 5008.55 6162.94 4914.75 6166.37
26071-500-M6-059-00017 0.08812443166971207 7606.33 1260.00 8147.77 1272.39 8146.35 1334.52 7604.91 1322.13
26071-500-M6-059-00017 0.08740941435098648 7606.02 644.53 8143.67 621.42 8146.29 682.34 7608.64 705.45
26071-500-M6-059-00017 0.08551942557096481 5783.93 4969.88 5906.98 4965.68 5908.09 4998.09 5785.04 5002.30
26071-500-M6-059-00017 0.08502968400716782 3900.93 1058.27 3994.44 1064.25 3991.37 1112.24 3897.86 1106.26
26071-500-M6-059-00017 0.07573995739221573 6205.09 3140.71 6298.85 3143.31 6297.59 3189.01 6203.83 3186.42
26071-500-M6-059-00017 0.07286602258682251 4160.22 1628.25 4254.93 1629.10 4254.50 1676.80 4159.80 1675.96
26071-500-M6-059-00017 0.06922861188650131 5857.80 848.85 5952.25 850.78 5951.27 898.46 5856.83 896.53
26071-500-M6-059-00017 0.06749161332845688 2966.45 4888.25 3096.63 4889.89 3096.23 4921.95 2966.05 4920.32
26071-500-M6-059-00017 0.06665775924921036 357.97 842.87 895.42 840.98 895.64 901.55 358.19 903.44
26071-500-M6-059-00017 0.0654996708035469 347.88 1264.85 899.40 1267.40 899.12 1329.63 347.60 1327.08
26071-500-M6-059-00017 0.0654960349202156 3637.95 5679.12 3685.63 5679.40 3685.08 5772.01 3637.40 5771.73
26071-500-M6-059-00017 0.0648404061794281 7009.82 4297.53 7042.96 4297.42 7043.34 4412.62 7010.20 4412.73
26071-500-M6-059-00017 0.06400652974843979 7603.14 6343.39 8144.42 6347.96 8143.91 6408.15 7602.63 6403.58
26071-500-M6-059-00017 0.06358569115400314 4271.27 2813.04 4365.10 2807.71 4367.75 2854.40 4273.92 2859.73
26071-500-M6-059-00017 0.06232399865984917 5712.05 872.64 5745.07 873.42 5742.30 990.59 5709.29 989.81
26071-500-M6-059-00017 0.06196115165948868 6045.80 1960.70 6092.19 1960.25 6093.06 2051.75 6046.67 2052.19
26071-500-M6-059-00017 0.05873781815171242 5645.72 5678.27 5693.10 5678.64 5692.38 5771.74 5645.00 5771.37
26071-500-M6-059-00017 0.05754660442471504 3764.28 1084.95 3796.65 1085.67 3793.97 1206.29 3761.60 1205.57
26071-500-M6-059-00017 0.0573280043900013 5647.40 5882.98 5691.17 5884.46 5688.15 5973.93 5644.38 5972.45
26071-500-M6-059-00017 0.05715927109122276 1488.42 5883.09 1580.76 5881.25 1581.68 5927.71 1489.34 5929.55
26071-500-M6-059-00017 0.056665051728487015 6212.04 2388.58 6308.40 2382.69 6311.17 2427.89 6214.81 2433.78
26071-500-M6-059-00017 0.05492285639047623 7605.37 6113.46 8151.79 6109.59 8152.23 6171.88 7605.81 6175.76
26071-500-M6-059-00017 0.05328134819865227 3750.71 1952.97 3798.90 1949.94 3805.45 2054.08 3757.26 2057.11
26071-500-M6-059-00017 0.053275514394044876 1630.44 5978.47 1678.15 5979.73 1675.78 6069.44 1628.07 6068.18
26071-500-M6-059-00017 0.05222606286406517 6209.85 4749.72 6304.41 4745.17 6306.65 4791.64 6212.09 4796.19
26071-600-M6-066-00012 0.9982007741928101 5173.78 5705.53 5220.44 5707.83 5215.84 5801.01 5169.18 5798.71
26071-600-M6-066-00012 0.996896505355835 6273.15 2030.33 6365.66 2031.10 6365.26 2078.71 6272.75 2077.94
26071-600-M6-066-00012 0.9925645589828491 1608.71 3448.09 1701.59 3448.25 1701.51 3495.14 1608.63 3494.99
26071-600-M6-066-00012 0.1628114879131317 5815.73 3918.09 5907.74 3924.17 5904.62 3971.30 5812.61 3965.22
26071-600-M6-066-00012 0.1360919028520584 5977.08 3924.10 6067.39 3919.15 6070.01 3967.09 5979.70 3972.04
26071-600-M6-066-00012 0.09121974557638168 331.80 4860.34 885.69 4855.97 886.19 4919.13 332.30 4923.50
26071-600-M6-066-00012 0.08924210071563721 5174.84 5810.48 5220.82 5811.34 5219.05 5906.02 5173.07 5905.17
26071-600-M6-066-00012 0.08178548514842987 5090.19 5790.61 5219.69 5787.16 5220.57 5820.14 5091.07 5823.59
26071-600-M6-066-00012 0.0791742280125618 1517.05 3448.99 1609.67 3447.47 1610.44 3494.46 1517.82 3495.97
26071-600-M6-066-00012 0.07663697004318237 7181.33 1901.02 7224.55 1898.93 7229.36 1998.51 7186.14 2000.60
26071-600-M6-066-00012 0.07323064655065536 352.43 5210.69 900.31 5208.76 900.53 5271.99 352.65 5273.92
26071-600-M6-066-00012 0.06942471116781235 7180.57 1788.02 7221.89 1784.71 7229.52 1879.90 7188.21 1883.22
26071-600-M6-066-00012 0.06627052277326584 352.16 4151.25 895.96 4150.12 896.08 4210.92 352.29 4212.04
26071-600-M6-066-00012 0.06235700845718384 352.50 1080.43 900.49 1077.34 900.84 1139.86 352.85 1142.95
26071-600-M6-066-00012 0.050279151648283005 356.62 1434.10 902.81 1432.83 902.96 1494.91 356.76 1496.19
26071-200-M6-052-00539 0.13670377433300018 7720.87 2733.22 8256.73 2728.51 8257.28 2790.89 7721.42 2795.59
26071-200-M6-052-00539 0.11450949311256409 4461.50 1853.13 4508.30 1849.67 4514.99 1940.07 4468.19 1943.53
26071-200-M6-052-00539 0.09838471561670303 7728.44 6279.68 8266.54 6267.44 8267.99 6331.03 7729.88 6343.27
26071-200-M6-052-00539 0.08551771193742752 5208.97 4982.56 5303.70 4984.81 5302.58 5032.06 5207.85 5029.81
26071-200-M6-052-00539 0.0781441256403923 3978.05 1443.53 4071.66 1438.29 4074.31 1485.70 3980.70 1490.94
26071-200-M6-052-00539 0.07622647285461426 2919.91 1439.00 3011.38 1442.26 3009.73 1488.70 2918.26 1485.44
26071-200-M6-052-00539 0.07253780961036682 2480.59 1638.47 2601.63 1638.96 2601.49 1672.03 2480.46 1671.55
26071-200-M6-052-00539 0.07023188471794128 4818.08 4581.62 4864.29 4581.66 4864.21 4673.28 4818.00 4673.24
26071-200-M6-052-00539 0.06772446632385254 3544.07 1634.44 3662.26 1635.76 3661.89 1669.33 3543.70 1668.02
26071-200-M6-052-00539 0.0673610046505928 1877.99 4383.08 1971.33 4379.22 1973.28 4426.26 1879.94 4430.13
26071-200-M6-052-00539 0.06508293747901917 5052.95 5435.02 5098.61 5434.03 5100.63 5527.40 5054.97 5528.39
26071-200-M6-052-00539 0.06088220328092575 2068.05 3111.62 2115.23 3113.64 2111.26 3206.16 2064.08 3204.14
26071-200-M6-052-00539 0.06015754118561745 4229.03 5880.50 4275.90 5881.94 4273.03 5975.57 4226.15 5974.13
26071-200-M6-052-00539 0.05871482193470001 4560.71 5811.17 4650.98 5811.08 4651.03 5859.96 4560.76 5860.05
26071-200-M6-052-00539 0.052603982388973236 3637.30 1750.91 3684.30 1750.77 3684.58 1842.84 3637.58 1842.98
26071-500-M6-059-00248 0.19823744893074036 2833.46 6046.68 2925.99 6044.29 2927.21 6091.34 2834.68 6093.74
26071-500-M6-059-00248 0.14213448762893677 3425.43 3093.90 3519.49 3096.91 3517.98 3144.27 3423.91 3141.27
26071-500-M6-059-00248 0.10705825686454773 2575.11 3763.68 2622.15 3764.46 2620.57 3860.00 2573.53 3859.22
26071-500-M6-059-00248 0.08573955297470093 3752.66 3381.36 3801.33 3378.94 3805.66 3466.35 3757.00 3468.76
26071-500-M6-059-00248 0.0767793357372284 2833.18 6283.65 2926.18 6282.67 2926.68 6329.58 2833.68 6330.56
26071-500-M6-059-00248 0.07593908160924911 346.91 1546.11 895.15 1552.97 894.37 1614.69 346.14 1607.83
26071-500-M6-059-00248 0.05873784422874451 2714.52 4059.70 2815.32 4066.76 2812.03 4113.73 2711.24 4106.68
26071-203-M6-325-00012 0.9968075752258301 1738.64 1472.71 1831.18 1470.49 1832.32 1517.96 1739.78 1520.17
26071-203-M6-325-00012 0.9966360330581665 1918.58 3721.59 2010.54 3722.91 2009.86 3770.21 1917.90 3768.89
26071-203-M6-325-00012 0.9966301321983337 1799.58 5730.26 1890.68 5732.00 1889.77 5779.65 1798.67 5777.91
26071-203-M6-325-00012 0.9962520003318787 1798.53 5042.01 1891.20 5041.53 1891.44 5088.48 1798.77 5088.96
26071-203-M6-325-00012 0.9961345195770264 1798.69 3030.94 1890.88 3031.67 1890.51 3078.71 1798.31 3077.98
26071-203-M6-325-00012 0.9960182309150696 1798.90 4351.72 1891.20 4352.66 1890.72 4399.57 1798.42 4398.63
26071-203-M6-325-00012 0.9959349632263184 1799.00 2402.07 1891.29 2402.29 1891.18 2449.21 1798.89 2448.99
26071-203-M6-325-00012 0.131049245595932 1505.83 4346.54 1599.03 4356.36 1594.06 4403.49 1500.87 4393.67
26071-203-M6-325-00012 0.1006990596652031 1504.80 1474.66 1598.37 1469.91 1600.77 1517.38 1507.21 1522.13
26071-203-M6-325-00012 0.09538453072309494 1503.85 2406.62 1595.19 2397.26 1599.99 2444.07 1508.65 2453.43
26071-203-M6-325-00012 0.09387333691120148 5163.40 259.11 5222.03 259.85 5214.96 818.56 5156.33 817.82
26071-203-M6-325-00012 0.09267234802246094 1626.26 3720.19 1721.32 3727.70 1717.65 3774.17 1622.59 3766.66
26071-203-M6-325-00012 0.08526257425546646 1506.05 3032.94 1597.44 3031.91 1597.97 3079.13 1506.58 3080.16
26071-203-M6-325-00012 0.05816127359867096 1506.12 3721.91 1598.48 3722.20 1598.34 3769.40 1505.97 3769.11
26071-203-M6-325-00012 0.057542573660612106 1689.55 5064.66 1720.73 5063.37 1725.82 5186.50 1694.64 5187.79
26071-203-M6-325-00012 0.05732867494225502 8019.18 5067.16 8049.71 5064.50 8060.12 5183.76 8029.59 5186.43
26071-700-M6-054-00246 0.12613792717456818 2990.02 2006.74 3036.01 2008.33 3032.85 2099.72 2986.87 2098.14
26071-500-M6-059-00040 0.9966108202934265 7088.37 2266.70 7180.01 2267.84 7179.42 2315.15 7087.78 2314.01
26071-500-M6-059-00040 0.15755340456962585 2788.05 2941.32 2880.05 2939.72 2880.88 2987.15 2788.88 2988.75
26071-500-M6-059-00040 0.15639884769916534 1625.74 2506.74 1722.33 2500.65 1725.26 2547.06 1628.67 2553.15
26071-500-M6-059-00040 0.12194845825433731 5575.16 1678.05 5667.72 1676.13 5668.70 1723.45 5576.14 1725.36
26071-500-M6-059-00040 0.10833680629730225 1346.24 2504.62 1441.44 2502.19 1442.63 2548.72 1347.42 2551.15
26071-500-M6-059-00040 0.0954957827925682 4323.58 2858.27 4417.02 2855.72 4418.31 2902.92 4324.87 2905.47
26071-500-M6-059-00040 0.09534213691949844 7298.27 2270.57 7390.79 2262.91 7394.70 2310.00 7302.17 2317.67
26071-500-M6-059-00040 0.09508470445871353 6262.59 2262.22 6353.75 2270.93 6349.29 2317.66 6258.13 2308.95
26071-500-M6-059-00040 0.08925991505384445 1624.03 2386.40 1721.80 2379.92 1724.93 2427.15 1627.17 2433.64
26071-500-M6-059-00040 0.08542884886264801 1607.39 1793.62 1699.57 1794.58 1699.07 1842.58 1606.89 1841.62
26071-500-M6-059-00040 0.08133094012737274 341.23 3332.95 889.66 3313.20 891.87 3374.49 343.44 3394.23
26071-500-M6-059-00040 0.07350322604179382 5033.91 2856.94 5125.96 2859.90 5124.45 2906.81 5032.40 2903.85
26071-500-M6-059-00040 0.07077609747648239 6095.96 2857.06 6188.45 2860.06 6186.90 2907.71 6094.42 2904.71
26071-500-M6-059-00040 0.05601103603839874 1345.13 2385.23 1442.81 2388.89 1441.16 2433.08 1343.48 2429.43
26071-500-M6-059-00040 0.05563274025917053 3579.19 2816.70 3604.71 2794.65 3670.80 2871.13 3645.28 2893.18
26071-750-M6-085-00286 0.9972858428955078 5348.74 2482.55 5395.83 2481.15 5398.57 2573.50 5351.48 2574.90
26071-750-M6-085-00286 0.9962917566299438 6177.65 2481.69 6224.76 2481.79 6224.56 2574.14 6177.46 2574.04
26071-750-M6-085-00286 0.14077094197273254 4300.83 2798.32 4451.54 2813.40 4436.60 2962.78 4285.89 2947.71
26071-750-M6-085-00286 0.07900093495845795 351.68 1316.64 897.20 1310.65 897.88 1373.14 352.36 1379.13
26071-550-M6-084-00248 0.10842455178499222 2788.08 5360.11 2882.19 5361.80 2881.33 5409.45 2787.23 5407.76
26071-550-M6-084-00248 0.08823017030954361 3754.34 2905.79 3802.09 2904.17 3805.17 2994.86 3757.42 2996.48
26071-550-M6-084-00248 0.0666913166642189 1782.42 2269.47 1875.35 2265.43 1877.41 2312.77 1784.48 2316.81
26071-550-M6-084-00248 0.059642743319272995 2575.19 3291.65 2622.45 3292.32 2621.10 3387.66 2573.84 3386.99
26071-550-M6-084-00248 0.05387941002845764 2504.54 5101.06 2597.69 5104.42 2595.98 5151.79 2502.83 5148.44
26071-550-M6-084-00248 0.05171965807676315 3421.57 2622.45 3515.55 2618.95 3517.33 2666.71 3423.35 2670.21
26071-550-M6-084-00248 0.050786059349775314 2722.25 3597.27 2807.96 3591.05 2811.30 3636.96 2725.58 3643.19
26071-203-M6-332-00008 0.9914745092391968 2886.08 3574.52 2979.74 3574.30 2979.85 3620.96 2886.20 3621.19
26071-203-M6-332-00008 0.9910814762115479 7753.76 3573.50 7849.53 3575.93 7848.34 3622.59 7752.58 3620.16
26071-203-M6-332-00008 0.9859106540679932 5271.90 3574.18 5364.79 3574.41 5364.67 3621.03 5271.78 3620.80
26071-203-M6-332-00008 0.08144989609718323 273.96 2341.58 813.31 2325.00 815.33 2390.65 275.98 2407.23
26071-203-M6-332-00008 0.08038975298404694 1877.54 4938.59 2029.76 4951.01 2017.15 5105.49 1864.93 5093.07
26071-203-M6-332-00008 0.07729911804199219 4320.50 4932.16 4466.30 4957.71 4440.04 5107.60 4294.23 5082.06
26071-203-M6-332-00008 0.0764767974615097 1955.68 3671.24 2003.82 3676.21 1998.92 3723.60 1950.79 3718.62
26071-203-M6-332-00008 0.07190895080566406 6751.45 4930.36 6897.60 4959.51 6867.85 5108.67 6721.70 5079.51
26071-203-M6-332-00008 0.07000415027141571 273.39 1198.65 809.33 1186.50 810.82 1251.99 274.88 1264.13
26071-203-M6-332-00008 0.0642336830496788 4612.51 6222.47 4766.62 6247.72 4742.38 6395.64 4588.27 6370.39
26071-203-M6-332-00008 0.053930021822452545 270.73 1648.18 817.46 1638.22 818.57 1698.90 271.83 1708.85
26071-200-M6-052-00080 0.9981814622879028 6752.83 1704.48 6800.45 1701.58 6806.06 1793.54 6758.44 1796.44
26071-200-M6-052-00080 0.9980106949806213 2953.20 4205.87 3000.72 4206.86 2998.79 4298.95 2951.27 4297.95
26071-200-M6-052-00080 0.9976080656051636 6378.49 4206.82 6425.58 4207.73 6423.80 4300.11 6376.71 4299.20
26071-200-M6-052-00080 0.9971470236778259 3330.40 1702.38 3377.76 1702.67 3377.20 1794.88 3329.84 1794.59
26071-200-M6-052-00080 0.29203712940216064 2552.04 6459.76 2648.29 6457.70 2649.30 6504.87 2553.05 6506.93
26071-200-M6-052-00080 0.2718905806541443 7180.86 5856.08 7226.45 5853.93 7231.05 5951.39 7185.47 5953.54
26071-200-M6-052-00080 0.1837620586156845 7180.31 5392.19 7226.54 5390.11 7230.98 5488.66 7184.75 5490.75
26071-200-M6-052-00080 0.17699001729488373 7183.38 3249.48 7229.57 3249.09 7230.37 3343.94 7184.18 3344.33
26071-200-M6-052-00080 0.1730787605047226 7181.91 5620.09 7228.12 5617.96 7232.83 5720.32 7186.63 5722.45
26071-200-M6-052-00080 0.152641162276268 2503.49 3227.04 2596.54 3222.54 2598.81 3269.50 2505.76 3274.00
26071-200-M6-052-00080 0.14445100724697113 5929.58 3224.77 6022.89 3224.52 6023.02 3271.07 5929.71 3271.33
26071-200-M6-052-00080 0.13292750716209412 3281.42 4119.53 3325.35 4118.19 3328.71 4227.72 3284.79 4229.07
26071-200-M6-052-00080 0.12743251025676727 7716.23 1315.66 8268.71 1307.31 8269.71 1374.09 7717.24 1382.44
26071-200-M6-052-00080 0.12387902289628983 2766.54 2892.19 2859.88 2894.83 2858.56 2941.63 2765.22 2938.99
26071-200-M6-052-00080 0.11014334857463837 2285.77 6461.02 2380.44 6459.95 2380.98 6507.49 2286.31 6508.56
26071-200-M6-052-00080 0.09562964737415314 3752.42 5859.59 3799.77 5856.35 3805.93 5946.30 3758.59 5949.55
26071-200-M6-052-00080 0.09472332149744034 7723.90 5966.01 8255.79 5963.62 8256.08 6026.87 7724.19 6029.26
26071-200-M6-052-00080 0.09454018622636795 2775.46 6460.05 2870.56 6459.66 2870.75 6506.83 2775.66 6507.22
26071-200-M6-052-00080 0.09306811541318893 6492.55 3247.94 6616.57 3238.26 6619.16 3271.45 6495.14 3281.13
26071-200-M6-052-00080 0.08998914808034897 5219.23 5222.42 5313.36 5219.47 5314.84 5266.62 5220.71 5269.58
26071-200-M6-052-00080 0.08961296081542969 6188.25 2894.13 6281.65 2893.11 6282.16 2939.86 6188.76 2940.88
26071-200-M6-052-00080 0.08694464713335037 2810.06 4321.15 2857.34 4320.13 2859.35 4413.16 2812.07 4414.18
26071-200-M6-052-00080 0.08579099923372269 5220.82 5458.51 5313.39 5453.47 5315.98 5501.08 5223.41 5506.12
26071-200-M6-052-00080 0.08438866585493088 6235.61 4320.34 6282.83 4320.40 6282.71 4414.35 6235.49 4414.29
26071-200-M6-052-00080 0.0827474445104599 6756.23 1547.81 6804.15 1548.74 6802.40 1639.27 6754.47 1638.34
26071-200-M6-052-00080 0.08154918253421783 246.18 6451.34 797.65 6456.06 797.12 6517.96 245.65 6513.24
26071-200-M6-052-00080 0.07681182026863098 7721.02 1077.20 8265.18 1079.52 8264.91 1141.56 7720.76 1139.24
26071-200-M6-052-00080 0.07655663043260574 6480.98 3302.08 6519.29 3304.60 6511.64 3420.74 6473.33 3418.21
26071-200-M6-052-00080 0.07543762028217316 2810.55 3607.70 2856.15 3605.83 2859.78 3694.72 2814.19 3696.59
26071-200-M6-052-00080 0.07479774206876755 3047.22 3318.21 3094.51 3318.85 3093.22 3415.42 3045.93 3414.78
26071-200-M6-052-00080 0.07012401521205902 3752.19 3245.38 3801.03 3243.70 3804.37 3340.71 3755.52 3342.39
26071-200-M6-052-00080 0.0699508786201477 3068.77 3246.53 3191.28 3239.91 3193.05 3272.81 3070.55 3279.43
26071-200-M6-052-00080 0.06657633185386658 3753.59 5398.53 3801.75 5398.50 3801.81 5494.50 3753.64 5494.53
26071-200-M6-052-00080 0.0663411095738411 7727.55 6454.95 8269.99 6454.71 8270.02 6516.45 7727.57 6516.69
26071-200-M6-052-00080 0.06414691358804703 7004.67 2684.33 7052.67 2685.98 7049.50 2777.63 7001.51 2775.97
26071-200-M6-052-00080 0.05538981035351753 2512.75 6451.79 2558.27 6461.52 2548.16 6508.79 2502.64 6499.06
26071-200-M6-052-00080 0.05347912013530731 2812.18 3449.35 2858.53 3450.04 2857.15 3542.83 2810.80 3542.14
26071-200-M6-052-00080 0.05279809981584549 248.70 1315.21 792.40 1313.61 792.58 1375.56 248.89 1377.16
26071-200-M6-052-00080 0.05187683925032616 5690.59 5220.60 5788.36 5222.62 5787.41 5268.40 5689.65 5266.38
26071-200-M6-052-00080 0.05100005492568016 6707.83 4320.79 6755.55 4320.71 6755.71 4413.72 6707.98 4413.80
26071-200-M6-052-00080 0.05029993876814842 6753.82 1401.24 6802.20 1400.02 6804.53 1492.76 6756.15 1493.98
26071-203-M6-321-00604 0.9949561953544617 7174.80 834.31 7222.55 834.83 7221.55 927.09 7173.79 926.57
26071-203-M6-321-00604 0.08068528026342392 4649.90 1239.45 4698.39 1236.78 4703.62 1331.64 4655.13 1334.31
26071-203-M6-321-00604 0.07502968609333038 4443.50 1238.26 4490.62 1237.11 4492.89 1329.81 4445.77 1330.96
26071-203-M6-321-00604 0.07485397160053253 7361.71 684.67 7393.99 684.16 7395.88 804.18 7363.61 804.69
26071-203-M6-321-00604 0.06918004900217056 299.47 1621.22 838.19 1607.29 839.78 1668.89 301.07 1682.82
26071-203-M6-321-00604 0.06565430760383606 7670.22 2851.03 8199.25 2836.61 8200.88 2896.69 7671.86 2911.12
26071-203-M6-321-00604 0.06393637508153915 7643.21 3327.05 8187.26 3320.37 8188.02 3382.24 7643.97 3388.93
26071-203-M6-321-00604 0.055173441767692566 7647.80 3569.88 8197.45 3557.49 8198.91 3622.13 7649.25 3634.52
26071-300-M6-053-00309 0.9979280233383179 5390.21 3447.46 5479.09 3449.48 5477.99 3497.54 5389.11 3495.52
26071-300-M6-053-00309 0.9964571595191956 5054.20 4313.12 5101.25 4312.71 5102.05 4404.64 5055.00 4405.05
26071-300-M6-053-00309 0.2223806381225586 5787.87 4038.46 5879.00 4039.62 5878.41 4086.40 5787.28 4085.24
26071-300-M6-053-00309 0.19800956547260284 873.39 4435.64 922.79 4421.71 949.46 4516.29 900.06 4530.22
26071-300-M6-053-00309 0.13326206803321838 5740.63 3447.03 5833.85 3449.45 5832.63 3496.32 5739.41 3493.90
26071-300-M6-053-00309 0.12859170138835907 2675.91 3568.60 2767.74 3565.23 2769.40 3610.57 2677.57 3613.93
26071-300-M6-053-00309 0.10158272832632065 6449.79 4745.49 6541.46 4748.52 6539.91 4795.26 6448.25 4792.24
26071-300-M6-053-00309 0.08896628767251968 4018.01 5080.81 4066.56 5083.37 4061.73 5175.06 4013.18 5172.51
26071-300-M6-053-00309 0.08381353318691254 338.61 4511.64 890.81 4499.45 892.16 4560.44 339.96 4572.63
26071-300-M6-053-00309 0.0774335265159607 1866.43 5078.17 1913.78 5079.88 1910.44 5172.26 1863.10 5170.55
26071-300-M6-053-00309 0.07499466836452484 4618.84 2093.47 4711.45 2088.33 4714.04 2134.97 4621.43 2140.10
26071-300-M6-053-00309 0.07078470289707184 5447.52 5783.16 5591.32 5728.17 5648.43 5877.54 5504.63 5932.52
26071-300-M6-053-00309 0.07002563029527664 1958.63 5694.23 2054.02 5692.50 2054.83 5737.55 1959.44 5739.28
26071-300-M6-053-00309 0.06799069046974182 4017.27 3305.06 4064.62 3307.17 4060.44 3400.75 4013.08 3398.63
26071-300-M6-053-00309 0.058920759707689285 2281.40 4249.83 2327.97 4251.39 2324.86 4344.31 2278.29 4342.75
26071-300-M6-053-00309 0.0584801584482193 3483.87 5082.72 3532.76 5083.52 3531.30 5172.81 3482.41 5172.02
26071-300-M6-053-00309 0.0581720769405365 6008.47 4774.29 6041.25 4775.37 6037.44 4891.53 6004.67 4890.46
26071-300-M6-053-00309 0.05763291195034981 3489.51 3308.21 3537.61 3312.02 3530.38 3403.32 3482.28 3399.51
26071-300-M6-053-00309 0.055427711457014084 5626.11 2737.02 5718.34 2745.18 5714.21 2791.84 5621.98 2783.68
26071-300-M6-053-00309 0.05474751442670822 4016.90 5432.42 4064.06 5433.28 4062.37 5526.21 4015.22 5525.35
26071-300-M6-053-00309 0.05461171641945839 7599.62 2741.70 8146.56 2751.76 8145.48 2810.33 7598.54 2800.26
26071-300-M6-053-00309 0.05396507680416107 4767.75 1606.94 4816.08 1589.23 4849.30 1679.89 4800.97 1697.60
26071-300-M6-053-00309 0.051581792533397675 7605.41 1669.39 8145.84 1671.21 8145.63 1733.48 7605.20 1731.66
26071-300-M6-053-00309 0.0511576384305954 6097.67 2738.12 6188.97 2741.96 6186.97 2789.57 6095.66 2785.73
26071-300-M6-053-00309 0.05021730065345764 873.67 5617.62 925.50 5604.70 949.79 5702.21 897.97 5715.12
26071-450-M6-082-00009 0.9982056617736816 6861.62 2385.06 6954.80 2386.08 6954.28 2433.58 6861.10 2432.56
26071-450-M6-082-00009 0.9964649677276611 6768.32 1794.39 6862.36 1795.72 6861.69 1843.24 6767.64 1841.90
26071-450-M6-082-00009 0.18806158006191254 6693.82 2383.85 6787.60 2384.49 6787.28 2431.65 6693.51 2431.01
26071-450-M6-082-00009 0.13566690683364868 4914.04 6520.23 5006.88 6519.10 5007.45 6566.26 4914.61 6567.39
26071-450-M6-082-00009 0.13176655769348145 3661.99 2113.48 3754.12 2115.22 3753.22 2163.00 3661.08 2161.26
26071-450-M6-082-00009 0.13085785508155823 4544.77 1758.06 4592.33 1757.53 4593.37 1850.68 4545.82 1851.21
26071-450-M6-082-00009 0.1137835830450058 7603.48 6273.02 8145.14 6276.41 8144.74 6340.17 7603.08 6336.79
26071-450-M6-082-00009 0.11267777532339096 3685.29 1263.13 3778.72 1262.44 3779.07 1310.10 3685.64 1310.79
26071-450-M6-082-00009 0.10128907114267349 4277.15 1734.36 4372.78 1738.88 4370.57 1785.55 4274.95 1781.03
26071-450-M6-082-00009 0.10003658384084702 3685.70 3684.32 3777.31 3683.89 3777.53 3731.49 3685.92 3731.91
26071-450-M6-082-00009 0.09802357107400894 4324.30 2229.03 4418.26 2236.52 4414.56 2283.05 4320.59 2275.57
26071-450-M6-082-00009 0.0924503281712532 6416.32 2600.06 6462.84 2604.25 6454.41 2697.83 6407.88 2693.64
26071-450-M6-082-00009 0.09149786084890366 3531.04 5375.65 3623.26 5372.10 3625.06 5418.74 3532.84 5422.29
26071-450-M6-082-00009 0.08518413454294205 2077.55 5282.85 2169.29 5277.07 2172.29 5324.57 2080.55 5330.35
26071-450-M6-082-00009 0.06646908074617386 350.14 4208.54 902.53 4212.81 902.05 4275.14 349.66 4270.88
26071-450-M6-082-00009 0.058615509420633316 2307.88 4215.59 2397.23 4217.45 2396.25 4264.58 2306.90 4262.72
26071-450-M6-082-00009 0.05843731388449669 3685.27 4219.33 3775.88 4212.25 3779.58 4259.69 3688.97 4266.77
26071-450-M6-082-00009 0.057009074836969376 3732.43 4404.92 3779.71 4405.33 3778.90 4499.12 3731.61 4498.70
26071-450-M6-082-00009 0.05551200732588768 4464.37 1841.90 4595.01 1841.13 4595.20 1873.33 4464.56 1874.11
26071-450-M6-082-00009 0.055016033351421356 4630.13 6284.57 4720.14 6280.09 4722.50 6327.53 4632.50 6332.01
26071-450-M6-082-00009 0.054428569972515106 7610.64 5304.99 8146.96 5288.53 8148.81 5348.81 7612.49 5365.27
26071-450-M6-082-00009 0.050108011811971664 3531.43 5102.07 3625.69 5103.53 3624.96 5150.75 3530.70 5149.28
26071-750-M6-085-00007 0.09913785755634308 2537.34 2515.57 2584.38 2515.05 2585.45 2609.91 2538.40 2610.44
26071-750-M6-085-00007 0.09391531348228455 4133.53 2514.76 4180.75 2515.67 4178.93 2609.84 4131.71 2608.94
26071-750-M6-085-00007 0.08215250074863434 7003.31 2406.24 7050.83 2407.02 7049.30 2500.61 7001.78 2499.83
26071-750-M6-085-00007 0.0795963853597641 7180.10 6285.04 7271.82 6281.59 7273.59 6328.87 7181.87 6332.31
26071-750-M6-085-00007 0.07623147964477539 355.02 1492.18 899.06 1492.57 899.01 1553.13 354.98 1552.74
26071-750-M6-085-00007 0.0742717981338501 7602.50 1323.65 8154.76 1306.19 8156.72 1368.16 7604.46 1385.62
26071-750-M6-085-00007 0.07237596809864044 6687.49 6520.50 6774.83 6520.03 6775.07 6566.04 6687.74 6566.52
26071-750-M6-085-00007 0.07060116529464722 6164.76 2149.02 6258.32 2148.71 6258.48 2197.15 6164.92 2197.46
26071-750-M6-085-00007 0.06595931202173233 7588.34 6285.50 8128.59 6268.08 8130.58 6329.76 7590.33 6347.18
26071-750-M6-085-00007 0.05917469784617424 2539.24 2799.79 2588.18 2801.64 2584.70 2893.84 2535.76 2891.99
26071-750-M6-085-00007 0.057867180556058884 3283.29 1500.32 3377.05 1500.34 3377.05 1546.99 3283.29 1546.98
26071-750-M6-085-00007 0.05758725851774216 1174.99 2794.84 1223.41 2792.17 1228.45 2883.53 1180.03 2886.20
26071-750-M6-085-00007 0.055803317576646805 6412.18 3119.29 6459.34 3118.92 6460.05 3209.28 6412.89 3209.65
26071-750-M6-085-00007 0.051383379846811295 5293.37 5804.69 5340.19 5806.62 5336.19 5903.50 5289.37 5901.57
26071-750-M6-085-00007 0.05113500356674194 4132.57 2797.95 4180.01 2796.89 4182.10 2890.04 4134.66 2891.10
26071-203-M6-064-00271 0.9977632761001587 7879.16 2502.86 7970.96 2504.36 7970.18 2551.99 7878.38 2550.49
26071-203-M6-064-00271 0.9969209432601929 7879.56 4745.48 7972.13 4747.42 7971.15 4794.73 7878.57 4792.80
26071-203-M6-337-00031 0.9982209801673889 4317.84 608.51 4413.59 612.21 4411.77 659.28 4316.02 655.57
26071-203-M6-337-00031 0.15270012617111206 7150.51 5975.83 7196.70 5977.64 7193.08 6069.58 7146.90 6067.76
26071-203-M6-337-00031 0.14521215856075287 3959.94 2255.93 4052.95 2252.13 4054.87 2299.21 3961.87 2303.01
26071-203-M6-337-00031 0.13859203457832336 7178.89 5249.42 7268.42 5260.08 7262.91 5306.40 7173.38 5295.74
26071-203-M6-337-00031 0.12602993845939636 7711.49 6332.78 8237.15 6313.44 8239.42 6375.32 7713.77 6394.67
26071-203-M6-337-00031 0.09714734554290771 1346.82 5672.30 1438.73 5671.78 1439.00 5718.86 1347.08 5719.38
26071-203-M6-337-00031 0.09416346251964569 7712.16 5236.17 8266.93 5249.28 8265.37 5315.40 7710.60 5302.29
26071-203-M6-337-00031 0.09132867306470871 1346.60 5433.41 1440.06 5431.64 1440.95 5478.57 1347.49 5480.34
26071-203-M6-337-00031 0.07628558576107025 274.24 5440.27 822.16 5410.36 825.61 5473.50 277.69 5503.41
26071-203-M6-337-00031 0.07589104026556015 1349.16 2941.68 1439.43 2941.42 1439.57 2988.68 1349.30 2988.95
26071-203-M6-337-00031 0.07415847480297089 7179.32 534.19 7268.08 554.20 7257.93 599.21 7169.17 579.20
26071-203-M6-337-00031 0.0736980065703392 275.25 922.45 818.13 910.51 819.46 971.17 276.59 983.12
26071-203-M6-337-00031 0.07097920030355453 7209.74 3420.87 7302.30 3425.61 7299.85 3473.46 7207.29 3468.72
26071-203-M6-337-00031 0.07027371972799301 1991.10 2598.22 2085.84 2597.59 2086.16 2644.21 1991.41 2644.84
26071-203-M6-337-00031 0.06371371448040009 270.08 5220.50 818.63 5206.26 820.31 5270.87 271.75 5285.10
26071-203-M6-337-00031 0.0622582882642746 271.22 4320.25 818.89 4306.25 820.55 4371.06 272.88 4385.05
26071-203-M6-337-00031 0.060940153896808624 7732.84 3686.97 8281.98 3682.73 8282.46 3744.44 7733.31 3748.67
26071-203-M6-337-00031 0.05787757411599159 1339.13 5224.57 1433.94 5221.98 1435.08 5263.73 1340.27 5266.32
26071-203-M6-337-00031 0.05752458795905113 1338.17 3875.63 1431.82 3871.46 1433.71 3913.69 1340.06 3917.87
26071-203-M6-337-00031 0.05580863729119301 281.93 4769.21 828.30 4754.86 829.94 4817.21 283.57 4831.56
26071-203-M6-337-00031 0.05493456870317459 268.69 658.19 815.11 659.27 814.98 722.55 268.56 721.46
26071-203-M6-337-00031 0.054793912917375565 280.68 3867.07 830.43 3857.91 831.46 3919.60 281.70 3928.76
26071-203-M6-337-00031 0.054646383970975876 7205.35 3692.01 7298.10 3692.08 7298.07 3738.90 7205.32 3738.83
26071-203-M6-337-00031 0.054617173969745636 1339.22 4324.62 1432.85 4321.70 1434.19 4364.58 1340.56 4367.51
26071-203-M6-337-00031 0.054376620799303055 7670.24 533.23 8223.13 535.56 8222.88 597.08 7669.98 594.74
26071-203-M6-337-00031 0.0530412532389164 297.87 2586.78 840.84 2589.38 840.55 2650.77 297.58 2648.16
26071-203-M6-337-00031 0.05295853316783905 7735.26 3410.40 8284.17 3418.61 8283.23 3481.04 7734.33 3472.83
26071-203-M6-337-00031 0.052531130611896515 1340.63 4774.54 1432.81 4770.61 1434.65 4813.87 1342.47 4817.79
26071-203-M6-332-00001 0.44807887077331543 2078.94 5646.78 2174.23 5638.40 2178.17 5683.16 2082.88 5691.54
26071-203-M6-332-00001 0.1441890299320221 262.63 3654.23 807.18 3646.67 808.05 3709.52 263.50 3717.08
26071-203-M6-332-00001 0.11022281646728516 7727.76 5808.76 8257.47 5815.90 8256.60 5880.68 7726.88 5873.54
26071-203-M6-332-00001 0.1071365550160408 7710.56 6041.22 8254.83 6061.33 8252.43 6126.21 7708.16 6106.10
26071-203-M6-332-00001 0.1063142791390419 2188.79 3061.32 2280.11 3063.79 2278.83 3111.25 2187.51 3108.78
26071-203-M6-332-00001 0.10390019416809082 7702.49 6304.84 8243.85 6282.91 8246.35 6344.60 7704.99 6366.53
26071-203-M6-332-00001 0.10149817168712616 274.00 5641.06 815.53 5626.37 817.32 5692.41 275.79 5707.10
26071-203-M6-332-00001 0.08811255544424057 2732.83 4024.22 2825.44 4018.39 2828.39 4065.32 2735.78 4071.14
26071-203-M6-332-00001 0.0809730738401413 2187.91 3305.08 2279.61 3300.64 2281.90 3348.05 2190.21 3352.49
26071-203-M6-332-00001 0.07804270088672638 7703.01 5341.63 8244.12 5328.13 8245.69 5390.71 7704.57 5404.21
26071-203-M6-332-00001 0.0773545503616333 7709.08 4839.24 8249.73 4866.30 8246.48 4931.31 7705.83 4904.24
26071-203-M6-332-00001 0.07503529638051987 7698.58 5578.21 8242.34 5568.94 8243.41 5631.79 7699.65 5641.06
26071-203-M6-332-00001 0.06466034054756165 7701.43 5102.20 8245.36 5089.55 8246.82 5152.06 7702.88 5164.70
26071-203-M6-332-00001 0.06107635796070099 2188.16 2820.82 2282.03 2823.80 2280.54 2870.63 2186.68 2867.66
26071-203-M6-332-00001 0.06090927869081497 266.93 2579.37 818.57 2565.04 820.29 2631.03 268.64 2645.36
26071-203-M6-332-00001 0.058987732976675034 1933.81 5666.96 1965.82 5667.85 1962.44 5788.49 1930.44 5787.59
26071-203-M6-332-00001 0.05547523871064186 2369.71 5645.83 2453.24 5645.61 2453.35 5689.45 2369.82 5689.67
26071-203-M6-332-00001 0.05528571829199791 286.45 2817.16 828.65 2818.45 828.51 2879.88 286.31 2878.60
26071-203-M6-332-00001 0.05072425678372383 2087.51 5939.25 2176.26 5941.77 2174.91 5989.53 2086.16 5987.01
26071-203-M6-079-00001 0.999238133430481 2675.68 4191.95 2723.43 4188.95 2729.11 4279.33 2681.35 4282.33
26071-203-M6-079-00001 0.9989827275276184 2664.53 5255.71 2712.07 5252.15 2718.84 5342.76 2671.31 5346.32
26071-203-M6-079-00001 0.9983918070793152 2936.80 6188.16 2984.06 6184.50 2991.05 6274.89 2943.79 6278.55
26071-203-M6-079-00001 0.9982141256332397 2936.44 1356.61 2983.74 1353.33 2990.01 1443.78 2942.72 1447.06
26071-203-M6-079-00001 0.9980218410491943 2788.46 3920.67 2879.63 3921.51 2879.20 3968.32 2788.03 3967.48
26071-203-M6-079-00001 0.9977121353149414 2605.16 2303.82 2652.80 2299.56 2660.93 2390.47 2613.29 2394.74
26071-203-M6-079-00001 0.9975878000259399 2789.66 4982.26 2880.86 4985.88 2879.00 5032.69 2787.80 5029.07
26071-203-M6-079-00001 0.9975523352622986 2953.24 2973.87 3045.32 2976.57 3043.92 3024.15 2951.84 3021.44
26071-203-M6-079-00001 0.9973266124725342 2788.24 5928.32 2879.92 5929.17 2879.48 5976.48 2787.80 5975.63
26071-203-M6-079-00001 0.9970327615737915 2751.61 1087.38 2845.11 1085.09 2846.28 1132.91 2752.78 1135.20
26071-203-M6-079-00001 0.9968372583389282 2954.24 3920.58 3045.70 3922.63 3044.63 3970.35 2953.17 3968.30
26071-203-M6-079-00001 0.9967376589775085 2752.40 2031.05 2845.26 2031.55 2845.01 2078.79 2752.14 2078.29
26071-203-M6-079-00001 0.9963276982307434 2809.34 2740.12 2857.07 2739.20 2858.86 2832.48 2811.13 2833.40
26071-203-M6-079-00001 0.9952096343040466 2953.58 4983.51 3045.64 4984.66 3045.05 5031.49 2953.00 5030.34
26071-203-M6-079-00001 0.1870955526828766 2853.35 6161.00 2984.51 6162.42 2984.15 6195.28 2853.00 6193.86
26071-203-M6-079-00001 0.168084979057312 2855.57 1328.72 2984.62 1331.69 2983.84 1365.49 2854.79 1362.51
26071-203-M6-079-00001 0.16762079298496246 2527.77 2274.99 2656.73 2281.73 2654.99 2315.19 2526.02 2308.45
26071-203-M6-079-00001 0.12314329296350479 2583.23 5233.00 2710.92 5228.18 2712.15 5260.92 2584.46 5265.73
26071-203-M6-079-00001 0.09085013717412949 2937.30 6279.10 2984.95 6275.27 2992.31 6366.72 2944.66 6370.55
26071-203-M6-079-00001 0.08317596465349197 2666.70 5345.02 2714.20 5343.24 2717.68 5435.91 2670.18 5437.70
26071-203-M6-079-00001 0.08174773305654526 2570.43 3867.46 2601.93 3868.17 2599.46 3977.68 2567.96 3976.97
26071-203-M6-079-00001 0.07932678610086441 2937.28 1447.98 2984.08 1444.18 2991.56 1536.16 2944.76 1539.96
26071-203-M6-079-00001 0.0743560642004013 2608.15 2391.25 2654.90 2389.53 2658.25 2480.49 2611.49 2482.21
26071-203-M6-079-00001 0.06915494054555893 2677.63 4280.10 2725.56 4277.81 2730.05 4371.64 2682.12 4373.93
26071-203-M6-079-00001 0.059595201164484024 3377.08 5268.15 3424.17 5267.25 3425.92 5359.23 3378.83 5360.13
26071-203-M6-079-00001 0.05660390853881836 3393.16 5171.26 3514.28 5166.71 3515.52 5199.77 3394.40 5204.33
26071-203-M6-079-00001 0.054496556520462036 7599.25 3923.13 8147.74 3906.06 8149.63 3966.73 7601.13 3983.79
26071-203-M6-079-00001 0.0513659343123436 2596.26 4168.88 2725.20 4164.35 2726.36 4197.19 2597.41 4201.72
26071-200-M6-052-00150 0.9963705539703369 6154.56 5839.94 6247.30 5837.91 6248.34 5885.44 6155.60 5887.47
26071-200-M6-052-00150 0.996056079864502 4856.21 5838.99 4948.12 5839.50 4947.86 5886.84 4855.95 5886.33
26071-200-M6-052-00150 0.6828022003173828 2490.72 3090.07 2584.50 3084.36 2587.53 3134.14 2493.76 3139.85
26071-200-M6-052-00150 0.6385281085968018 4484.79 3087.24 4581.75 3081.07 4584.88 3130.31 4487.92 3136.47
26071-200-M6-052-00150 0.14832693338394165 5752.86 5871.77 5923.69 5862.72 5934.60 6068.70 5763.77 6077.75
26071-200-M6-052-00150 0.12711328268051147 1606.35 1320.38 1700.17 1323.14 1698.74 1371.67 1604.93 1368.91
26071-200-M6-052-00150 0.09642422944307327 1372.10 1321.11 1464.36 1324.09 1462.83 1371.39 1370.56 1368.40
26071-200-M6-052-00150 0.09085361659526825 6468.12 5497.17 6517.17 5496.52 6518.47 5594.76 6469.42 5595.41
26071-200-M6-052-00150 0.08455510437488556 4466.48 5853.20 4650.83 5859.49 4643.51 6074.00 4459.16 6067.71
26071-200-M6-052-00150 0.057800885289907455 1487.99 1560.77 1580.97 1558.15 1582.29 1605.23 1489.32 1607.84
26071-200-M6-052-00150 0.052076175808906555 5514.53 5827.92 5572.23 5807.57 5608.16 5909.44 5550.47 5929.79
26071-200-M6-052-00003 0.9974537491798401 2563.51 4865.95 2655.43 4866.01 2655.39 4913.42 2563.48 4913.36
26071-200-M6-052-00003 0.997010350227356 3688.69 3448.42 3780.91 3446.45 3781.92 3493.70 3689.69 3495.66
26071-200-M6-052-00003 0.9963460564613342 3047.17 1370.39 3094.75 1371.15 3093.31 1461.98 3045.73 1461.23
26071-200-M6-052-00003 0.99228435754776 4681.70 2101.69 4773.69 2102.20 4773.42 2149.45 4681.44 2148.94
26071-200-M6-052-00003 0.12570524215698242 7720.44 5918.38 8255.88 5921.99 8255.46 5984.32 7720.02 5980.71
26071-200-M6-052-00003 0.10345205664634705 6095.93 2102.67 6186.42 2100.82 6187.38 2148.03 6096.89 2149.88
26071-200-M6-052-00003 0.1024697870016098 5857.06 3113.97 5905.11 3112.79 5907.50 3210.42 5859.45 3211.60
26071-200-M6-052-00003 0.10105869919061661 2902.99 4541.56 2996.66 4540.87 2997.00 4587.99 2903.33 4588.67
26071-200-M6-052-00003 0.09045415371656418 5171.24 2800.02 5218.73 2799.08 5220.55 2890.73 5173.05 2891.68
26071-200-M6-052-00003 0.08294662088155746 6095.66 2882.37 6188.52 2880.12 6189.67 2927.47 6096.81 2929.72
26071-200-M6-052-00003 0.07910823076963425 5407.60 2565.35 5500.76 2560.21 5503.32 2606.71 5410.17 2611.85
26071-200-M6-052-00003 0.06934744119644165 6144.43 3331.38 6234.88 3328.90 6236.18 3376.44 6145.73 3378.93
26071-200-M6-052-00003 0.06309375911951065 243.04 2491.43 779.31 2501.07 778.20 2562.66 241.93 2553.01
26071-200-M6-052-00003 0.05502763018012047 5857.18 1536.20 5949.86 1536.15 5949.89 1583.12 5857.21 1583.17
26071-200-M6-052-00003 0.0525529570877552 6334.63 2101.10 6427.01 2103.94 6425.54 2151.58 6333.17 2148.74
26071-700-M6-054-00013 0.09728917479515076 340.83 1554.62 887.97 1548.28 888.69 1610.62 341.56 1616.96
26071-700-M6-054-00013 0.09036552906036377 3943.17 3451.55 4034.72 3445.03 4038.05 3491.77 3946.50 3498.30
26071-700-M6-054-00013 0.08490833640098572 3330.82 3449.45 3422.46 3446.79 3423.83 3493.79 3332.18 3496.45
26071-700-M6-054-00013 0.06813526153564453 4069.91 1581.34 4103.09 1581.85 4101.20 1704.15 4068.02 1703.63
26071-700-M6-054-00013 0.06279700249433517 352.95 5326.64 894.43 5334.10 893.59 5395.29 352.11 5387.83
26071-700-M6-054-00013 0.0626426413655281 354.26 3433.61 894.76 3446.09 893.34 3507.74 352.84 3495.26
26071-700-M6-054-00013 0.059793438762426376 3617.88 3445.02 3706.96 3449.82 3704.39 3497.54 3615.30 3492.73
26071-700-M6-054-00013 0.05781085789203644 3331.35 5929.46 3423.34 5929.04 3423.55 5975.94 3331.56 5976.36
26071-700-M6-054-00013 0.05395267903804779 3331.41 2149.77 3422.85 2148.98 3423.25 2195.87 3331.81 2196.66
26071-700-M6-054-00013 0.05343214422464371 3943.24 1560.38 4036.14 1556.72 4037.97 1603.13 3945.07 1606.79
26071-203-M6-321-00225 0.12545931339263916 7678.53 4583.75 8218.88 4584.34 8218.81 4646.19 7678.46 4645.60
26071-203-M6-321-00225 0.08756151795387268 7674.85 4013.43 8218.68 4009.71 8219.11 4071.59 7675.28 4075.30
26071-203-M6-321-00225 0.07277873903512955 7672.21 5300.70 8222.99 5304.62 8222.53 5369.24 7671.75 5365.32
26071-203-M6-321-00225 0.06631658226251602 7677.94 3782.83 8209.03 3763.39 8211.35 3826.68 7680.26 3846.12
26071-203-M6-321-00225 0.05847049877047539 7675.28 3541.92 8219.40 3528.68 8220.91 3590.88 7676.80 3604.12
26071-203-M6-321-00225 0.05806563049554825 7672.84 5071.11 8220.14 5056.63 8221.78 5118.63 7674.49 5133.12
26071-700-M6-054-00036 0.9973117113113403 3555.30 4037.75 3648.61 4041.41 3646.78 4088.03 3553.47 4084.37
26071-700-M6-054-00036 0.9966224431991577 6449.82 2857.36 6544.64 2858.82 6543.90 2906.53 6449.09 2905.07
26071-700-M6-054-00036 0.9965242743492126 4048.30 3780.51 4095.67 3778.83 4098.97 3872.02 4051.60 3873.70
26071-700-M6-054-00036 0.09572239220142365 5822.60 5528.62 5915.18 5525.07 5916.98 5571.99 5824.40 5575.54
26071-700-M6-054-00036 0.06437277793884277 7596.09 6393.36 8149.87 6390.94 8150.14 6453.75 7596.36 6456.18
26071-600-M6-065-00231 0.9956940412521362 5884.96 1558.46 5977.35 1557.66 5977.76 1605.35 5885.37 1606.15
26071-600-M6-065-00231 0.24472302198410034 6464.21 3212.80 6508.18 3215.10 6503.61 3302.37 6459.65 3300.07
26071-600-M6-065-00231 0.2230263501405716 6466.29 3494.76 6513.09 3499.21 6504.63 3588.21 6457.83 3583.76
26071-600-M6-065-00231 0.17433078587055206 7180.96 3216.61 7226.60 3216.65 7226.51 3304.85 7180.87 3304.80
26071-600-M6-065-00231 0.08494778722524643 3037.35 5302.97 3129.98 5304.59 3129.16 5351.63 3036.53 5350.01
26071-600-M6-065-00231 0.05911341682076454 3172.79 3480.65 3221.51 3480.04 3222.67 3573.17 3173.95 3573.78
26071-600-M6-065-00231 0.05881413444876671 3296.15 1961.52 3342.71 1962.62 3340.53 2054.69 3293.97 2053.59
26071-600-M6-065-00231 0.05355018749833107 4353.41 1954.76 4401.09 1951.97 4407.05 2053.92 4359.37 2056.71
26071-500-M6-059-00071 0.22441275417804718 6569.43 3559.88 6662.79 3567.27 6659.05 3614.53 6565.69 3607.15
26071-500-M6-059-00071 0.126621812582016 3212.64 2858.20 3306.21 2858.52 3306.05 2905.98 3212.47 2905.66
26071-500-M6-059-00071 0.11914946138858795 3744.85 3328.69 3837.43 3332.34 3835.55 3380.10 3742.97 3376.46
26071-500-M6-059-00071 0.10426300019025803 3463.60 3605.85 3506.11 3607.29 3502.39 3717.62 3459.87 3716.19
26071-500-M6-059-00071 0.0941414162516594 3955.24 3352.08 4002.81 3351.83 4003.30 3445.52 3955.73 3445.77
26071-500-M6-059-00071 0.08355993777513504 7610.55 3557.85 8135.46 3559.41 8135.27 3624.17 7610.36 3622.61
26071-500-M6-059-00071 0.07728572189807892 5677.62 2151.53 5765.65 2149.02 5767.01 2196.72 5678.98 2199.23
26071-500-M6-059-00071 0.07389990985393524 7603.02 2964.73 8154.20 2973.42 8153.22 3035.89 7602.03 3027.20
26071-500-M6-059-00071 0.07333941012620926 6283.34 3568.90 6377.67 3566.95 6378.61 3612.95 6284.29 3614.90
26071-500-M6-059-00071 0.07296726107597351 7590.41 3962.86 8125.46 3943.10 8127.88 4008.54 7592.83 4028.30
26071-500-M6-059-00071 0.06653138995170593 7602.47 2160.59 8156.24 2129.80 8159.57 2189.75 7605.81 2220.54
26071-500-M6-059-00071 0.06412044912576675 7613.64 4867.88 8155.45 4850.15 8157.40 4909.67 7615.59 4927.40
26071-500-M6-059-00071 0.06263276189565659 5813.70 2736.92 5906.70 2744.44 5902.88 2791.69 5809.88 2784.17
26071-500-M6-059-00071 0.05923446640372276 5429.42 2150.74 5523.74 2147.47 5525.40 2195.29 5431.08 2198.57
26071-500-M6-059-00071 0.05451589822769165 7593.12 4511.81 8139.39 4495.85 8141.18 4557.07 7594.91 4573.03
26071-203-M6-320-00008 0.9973723888397217 3028.83 4140.94 3121.20 4141.37 3120.98 4188.80 3028.61 4188.37
26071-203-M6-320-00008 0.9966402053833008 5426.80 4053.23 5519.03 4050.65 5520.36 4098.30 5428.13 4100.88
26071-203-M6-320-00008 0.20599709451198578 3415.92 5253.09 3509.11 5250.82 3510.25 5297.83 3417.06 5300.10
26071-203-M6-320-00008 0.1121603399515152 4586.85 1442.40 4679.37 1439.05 4681.09 1486.46 4588.57 1489.81
26071-203-M6-320-00008 0.11134912073612213 1500.86 4230.16 1593.96 4235.00 1591.51 4282.04 1498.42 4277.19
26071-203-M6-320-00008 0.10885009914636612 5786.14 5162.55 5877.87 5161.03 5878.65 5208.19 5786.92 5209.71
26071-203-M6-320-00008 0.10315276682376862 5872.39 5092.42 5904.55 5092.85 5902.96 5212.64 5870.80 5212.21
26071-203-M6-320-00008 0.09718600660562515 6881.54 2436.62 6973.12 2427.33 6977.94 2474.92 6886.37 2484.21
26071-203-M6-320-00008 0.0923629105091095 5848.91 4053.32 5940.35 4049.83 5942.16 4097.30 5850.72 4100.79
26071-203-M6-320-00008 0.0874449834227562 3431.99 4141.63 3524.31 4141.98 3524.13 4189.38 3431.81 4189.04
26071-203-M6-320-00008 0.053338970988988876 2269.99 4253.03 2314.20 4235.32 2332.19 4280.22 2287.98 4297.93
26071-500-M6-059-00116 0.18342722952365875 3286.91 4912.28 3331.02 4914.20 3327.05 5005.44 3282.94 5003.52
26071-500-M6-059-00116 0.15240491926670074 5114.54 1323.13 5187.15 1336.73 5171.55 1420.01 5098.94 1406.40
26071-500-M6-059-00116 0.09024344384670258 349.41 6041.54 895.54 6038.01 895.95 6100.52 349.82 6104.05
26071-500-M6-059-00116 0.08511161059141159 348.37 5565.61 900.32 5568.79 899.95 5631.44 348.00 5628.26
26071-500-M6-059-00116 0.08419773727655411 349.95 4149.75 900.35 4149.82 900.34 4211.43 349.94 4211.36
26071-500-M6-059-00116 0.07499109208583832 7600.77 4143.67 8147.09 4154.84 8145.83 4216.61 7599.51 4205.44
26071-500-M6-059-00116 0.07071686536073685 3286.19 4603.93 3330.82 4604.13 3330.41 4694.88 3285.77 4694.67
26071-500-M6-059-00116 0.06742667406797409 7599.24 3257.41 8145.57 3268.63 8144.31 3329.90 7597.99 3318.68
26071-500-M6-059-00116 0.06726010143756866 359.07 1084.64 913.99 1080.41 914.45 1140.65 359.53 1144.89
26071-550-M6-084-00026 0.996560275554657 2977.60 3329.68 3072.43 3330.34 3072.09 3378.38 2977.26 3377.71
26071-550-M6-084-00026 0.996543824672699 5327.91 3330.40 5420.36 3330.85 5420.12 3378.55 5327.68 3378.10
26071-550-M6-084-00026 0.1325680911540985 3882.49 3415.53 3971.26 3410.99 3973.72 3459.05 3884.94 3463.58
26071-550-M6-084-00026 0.07841568440198898 5764.65 1774.15 5811.75 1775.24 5809.64 1865.96 5762.55 1864.86
26071-550-M6-084-00026 0.0745624229311943 7455.28 3473.17 7548.97 3466.70 7552.15 3512.83 7458.46 3519.30
26071-550-M6-084-00026 0.06915272772312164 7452.67 3332.39 7546.24 3329.05 7547.91 3375.73 7454.33 3379.07
26071-550-M6-084-00026 0.0678284764289856 1523.01 3412.34 1613.60 3412.05 1613.76 3460.82 1523.17 3461.11
26071-550-M6-084-00026 0.06216247379779816 355.68 1431.11 900.27 1436.93 899.60 1499.34 355.01 1493.52
26071-550-M6-084-00026 0.05367520824074745 5881.01 4618.89 5928.51 4619.43 5927.46 4712.35 5879.95 4711.81
26071-203-M6-337-00007 0.1790829598903656 5215.90 2838.17 5308.79 2834.06 5310.90 2881.79 5218.01 2885.90
26071-203-M6-337-00007 0.14607521891593933 5219.68 5533.78 5310.79 5538.96 5308.11 5586.13 5217.00 5580.95
26071-203-M6-337-00007 0.08367164433002472 7616.64 2827.32 8163.02 2833.54 8162.32 2894.50 7615.95 2888.28
26071-203-M6-337-00007 0.06047727167606354 3381.00 3090.64 3473.89 3094.72 3471.85 3141.32 3378.96 3137.25
26071-203-M6-337-00007 0.055667731910943985 7610.06 3083.78 8159.89 3087.87 8159.43 3149.70 7609.60 3145.61
26071-200-M6-052-00090 0.997848629951477 2597.37 3793.27 2645.49 3792.23 2647.46 3883.21 2599.33 3884.25
26071-200-M6-052-00090 0.9972980618476868 1264.78 1440.26 1356.08 1441.39 1355.50 1488.31 1264.20 1487.18
26071-200-M6-052-00090 0.9969534873962402 1914.51 1204.39 2006.39 1204.28 2006.45 1251.75 1914.56 1251.86
26071-200-M6-052-00090 0.996853768825531 6094.77 1264.03 6187.78 1263.80 6187.90 1310.77 6094.89 1311.00
26071-200-M6-052-00090 0.9967842102050781 5609.64 3793.87 5656.94 3793.44 5657.78 3885.91 5610.47 3886.33
26071-200-M6-052-00090 0.9954333901405334 6709.19 1866.98 6756.34 1867.82 6754.71 1959.70 6707.56 1958.86
26071-200-M6-052-00090 0.7628686428070068 3423.83 6046.78 3520.07 6039.91 3523.44 6087.09 3427.19 6093.96
26071-200-M6-052-00090 0.2325805127620697 6404.64 5231.55 6454.49 5222.87 6469.36 5308.33 6419.51 5317.01
26071-200-M6-052-00090 0.1528511792421341 3162.84 2105.10 3206.93 2103.96 3209.72 2211.50 3165.64 2212.64
26071-200-M6-052-00090 0.1332053393125534 2361.18 2459.38 2455.36 2456.48 2456.84 2504.56 2362.66 2507.46
26071-200-M6-052-00090 0.11430111527442932 7723.40 1260.69 8263.75 1253.91 8264.51 1314.63 7724.17 1321.41
26071-200-M6-052-00090 0.1097504049539566 5466.50 3723.13 5513.69 3721.33 5517.20 3813.38 5470.01 3815.18
26071-200-M6-052-00090 0.1070219948887825 2105.90 2804.43 2199.48 2816.58 2193.46 2862.99 2099.87 2850.84
26071-200-M6-052-00090 0.10505795478820801 3157.35 4151.37 3200.68 4146.08 3214.94 4262.81 3171.61 4268.10
26071-200-M6-052-00090 0.10184810310602188 7719.85 955.09 8270.42 964.64 8269.33 1027.12 7718.77 1017.57
26071-200-M6-052-00090 0.09945923835039139 5160.13 2810.64 5253.85 2809.34 5254.50 2856.39 5160.78 2857.69
26071-200-M6-052-00090 0.09865592420101166 1918.36 1347.36 2009.44 1347.26 2009.49 1394.25 1918.41 1394.35
26071-200-M6-052-00090 0.09850803762674332 6241.53 2215.99 6288.97 2220.14 6280.53 2316.70 6233.08 2312.55
26071-200-M6-052-00090 0.0970710813999176 1510.45 1200.99 1605.49 1208.18 1601.92 1255.38 1506.88 1248.20
26071-200-M6-052-00090 0.08962584286928177 3167.35 3861.94 3207.14 3862.12 3206.61 3980.78 3166.82 3980.61
26071-200-M6-052-00090 0.08847304433584213 3401.64 1242.48 3450.54 1242.34 3450.81 1335.27 3401.91 1335.41
26071-200-M6-052-00090 0.0842553898692131 3159.31 2482.06 3204.81 2478.52 3214.62 2604.65 3169.11 2608.19
26071-200-M6-052-00090 0.08357231318950653 5408.42 2480.87 5501.21 2480.00 5501.65 2526.86 5408.86 2527.73
26071-200-M6-052-00090 0.0801580473780632 2455.17 3722.76 2502.14 3721.60 2504.46 3815.97 2457.49 3817.12
26071-200-M6-052-00090 0.07463622093200684 3163.13 2300.92 3210.23 2300.66 3210.80 2401.20 3163.70 2401.47
26071-200-M6-052-00090 0.0716598704457283 5494.71 3140.41 5618.23 3157.85 5613.51 3191.26 5490.00 3173.82
26071-200-M6-052-00090 0.07058924436569214 237.60 5445.77 777.52 5455.28 776.47 5515.40 236.54 5505.88
26071-200-M6-052-00090 0.06913860887289047 244.70 955.60 786.18 967.24 784.84 1029.33 243.36 1017.70
26071-200-M6-052-00090 0.06386793404817581 6706.38 1733.02 6834.37 1732.71 6834.45 1764.88 6706.45 1765.19
26071-200-M6-052-00090 0.06333940476179123 8131.51 3815.14 8178.93 3820.51 8169.10 3907.36 8121.68 3901.99
26071-200-M6-052-00090 0.061285197734832764 2809.26 3724.24 2856.38 3723.10 2858.55 3813.38 2811.44 3814.51
26071-200-M6-052-00090 0.05769273638725281 3655.30 6050.61 3751.01 6040.85 3755.83 6088.10 3660.12 6097.85
26071-200-M6-052-00090 0.057570211589336395 5821.20 3723.65 5868.33 3723.00 5869.58 3813.28 5822.45 3813.94
26071-200-M6-052-00090 0.0570223294198513 3851.46 6053.18 3948.46 6048.79 3950.43 6092.25 3853.43 6096.64
26071-200-M6-052-00090 0.05588177964091301 2809.49 4182.97 2860.05 4183.57 2858.94 4277.60 2808.37 4277.01
26071-200-M6-052-00090 0.052903901785612106 6141.92 4004.81 6207.37 4005.47 6206.15 4126.96 6140.69 4126.30
26071-200-M6-052-00090 0.05187830328941345 5489.64 2989.32 5611.71 2980.59 5614.04 3013.23 5491.98 3021.97
26071-200-M6-052-00090 0.05160363391041756 4168.79 4809.96 4260.20 4802.96 4263.65 4848.02 4172.24 4855.02
26071-200-M6-052-00090 0.05108014494180679 6480.56 4946.99 6529.08 4983.59 6501.69 5019.91 6453.16 4983.31
26071-200-M6-052-00090 0.050789400935173035 4831.37 4803.96 4925.75 4808.54 4923.46 4855.79 4829.08 4851.21
26071-200-M6-052-00090 0.05060158669948578 3126.00 4010.56 3216.29 4010.37 3216.54 4126.79 3126.25 4126.99
26071-203-M6-320-00061 0.9981845021247864 1469.39 3722.41 1561.89 3722.20 1561.99 3769.43 1469.49 3769.63
26071-203-M6-320-00061 0.9966943264007568 1469.19 4052.32 1561.10 4052.28 1561.12 4099.34 1469.21 4099.39
26071-203-M6-320-00061 0.06893476098775864 1679.71 4049.27 1770.86 4053.92 1768.47 4100.80 1677.32 4096.14
26071-203-M6-320-00061 0.05186612904071808 569.71 3721.28 660.06 3723.97 658.64 3771.65 568.29 3768.96
26071-600-M6-065-00037 0.9982775449752808 1983.08 615.58 2030.32 614.92 2031.61 707.11 1984.37 707.78
26071-600-M6-065-00037 0.9982255101203918 6874.65 4805.75 6967.89 4806.54 6967.49 4854.21 6874.24 4853.42
26071-600-M6-065-00037 0.9979045391082764 1536.82 755.56 1629.57 755.46 1629.62 802.54 1536.87 802.65
26071-600-M6-065-00037 0.9978596568107605 2162.09 1551.13 2209.72 1552.17 2207.71 1644.11 2160.08 1643.07
26071-600-M6-065-00037 0.9975360631942749 5114.47 2680.53 5207.06 2680.96 5206.84 2728.09 5114.25 2727.67
26071-600-M6-065-00037 0.9974715709686279 3461.70 4806.40 3553.51 4806.65 3553.38 4853.96 3461.57 4853.71
26071-600-M6-065-00037 0.9974362254142761 7415.07 4678.96 7462.36 4677.52 7465.19 4770.03 7417.89 4771.47
26071-600-M6-065-00037 0.9968026876449585 3508.52 5751.04 3601.19 5750.15 3601.65 5797.65 3508.97 5798.54
26071-600-M6-065-00037 0.9960709810256958 4109.85 5930.72 4157.17 5930.79 4157.05 6022.92 4109.72 6022.86
26071-600-M6-065-00037 0.9959270358085632 1781.03 2999.78 1872.16 2999.24 1872.45 3047.23 1781.32 3047.77
26071-600-M6-065-00037 0.995159924030304 6807.23 2680.07 6899.02 2679.77 6899.17 2727.32 6807.38 2727.62
26071-600-M6-065-00037 0.09172177314758301 347.01 5744.22 890.45 5742.79 890.62 5805.36 347.17 5806.79
26071-600-M6-065-00037 0.08939643949270248 3585.27 4513.54 3678.70 4507.87 3681.63 4556.09 3588.20 4561.76
26071-600-M6-065-00037 0.066573366522789 7191.28 4807.00 7284.37 4805.28 7285.24 4852.31 7192.15 4854.03
26071-600-M6-065-00037 0.06565366685390472 7600.07 5753.96 8136.95 5737.44 8138.83 5798.48 7601.95 5814.99
26071-600-M6-065-00037 0.05891844257712364 6732.71 4807.49 6823.53 4805.12 6824.78 4852.67 6733.95 4855.05
26071-600-M6-065-00037 0.05694655701518059 1750.92 4572.72 1842.28 4567.51 1844.99 4615.11 1753.63 4620.33
26071-300-M6-053-00010 0.1305503100156784 3277.68 3931.62 3325.22 3925.78 3336.06 4014.01 3288.52 4019.85
26071-300-M6-053-00010 0.09883534163236618 6711.04 2737.70 6803.54 2742.09 6801.31 2789.05 6708.82 2784.67
26071-300-M6-053-00010 0.08881864696741104 4322.70 6048.97 4414.78 6046.44 4416.08 6093.65 4324.00 6096.18
26071-300-M6-053-00010 0.07833981513977051 361.65 6036.14 905.84 6050.23 904.23 6112.47 360.04 6098.38
26071-300-M6-053-00010 0.07444757223129272 339.78 2612.98 896.10 2615.87 895.78 2676.94 339.46 2674.04
26071-300-M6-053-00010 0.06676988303661346 6920.61 1796.13 7014.46 1793.63 7015.75 1841.89 6921.90 1844.39
26071-300-M6-053-00010 0.05873813480138779 7205.91 1795.50 7298.90 1794.08 7299.63 1841.56 7206.63 1842.98
26071-300-M6-053-00010 0.05673527345061302 6710.39 2620.07 6803.28 2621.88 6802.36 2669.16 6709.47 2667.36
26071-300-M6-053-00010 0.053667448461055756 2393.92 4819.74 2441.25 4817.65 2445.35 4910.58 2398.03 4912.66
26071-300-M6-053-00010 0.05287415534257889 6763.01 1578.92 6795.46 1579.44 6793.48 1703.62 6761.02 1703.10
26071-300-M6-053-00010 0.05072757601737976 7206.16 1557.49 7298.50 1559.49 7297.48 1606.95 7205.13 1604.96
26071-203-M6-320-00042 0.9980429410934448 5525.02 3144.43 5572.75 3144.22 5573.15 3236.40 5525.43 3236.61
26071-203-M6-320-00042 0.09925007820129395 5816.71 2103.75 5909.45 2100.63 5911.03 2147.80 5818.29 2150.92
26071-203-M6-320-00042 0.05030752718448639 6156.07 1971.52 6203.35 1971.40 6203.58 2065.82 6156.31 2065.94
26071-200-M6-052-00540 0.12203652411699295 7724.53 3326.54 8266.46 3314.96 8267.76 3375.83 7725.83 3387.41
26071-200-M6-052-00540 0.11236164718866348 4179.78 4608.91 4225.96 4606.28 4231.18 4698.19 4185.00 4700.82
26071-200-M6-052-00540 0.07897245138883591 5560.33 1891.42 5608.49 1890.41 5610.42 1982.80 5562.26 1983.80
26071-200-M6-052-00540 0.0762634128332138 6459.74 4610.77 6506.08 4610.38 6506.83 4699.19 6460.49 4699.58
26071-200-M6-052-00540 0.07389139384031296 3574.29 1895.17 3622.07 1889.19 3632.93 1975.94 3585.15 1981.92
26071-200-M6-052-00540 0.07260777056217194 885.90 4608.17 932.40 4608.37 932.00 4697.67 885.51 4697.47
26071-200-M6-052-00540 0.07005268335342407 5261.26 1890.84 5309.83 1887.23 5317.06 1984.50 5268.49 1988.11
26071-200-M6-052-00540 0.06968090683221817 1357.01 1892.50 1404.89 1892.72 1404.48 1982.77 1356.60 1982.55
26071-200-M6-052-00540 0.06712926179170609 4362.16 4612.85 4410.41 4607.41 4421.57 4706.39 4373.32 4711.83
26071-200-M6-052-00540 0.061149515211582184 6753.16 4606.69 6801.92 4605.67 6803.81 4696.44 6755.04 4697.45
26071-200-M6-052-00540 0.060655198991298676 3886.82 4608.09 3933.71 4609.07 3931.84 4698.31 3884.96 4697.33
26071-200-M6-052-00540 0.05669552460312843 2988.31 1888.30 3034.88 1889.34 3032.88 1979.55 2986.30 1978.52
26071-200-M6-052-00540 0.05207984894514084 7704.42 3679.74 8229.52 3679.03 8229.60 3744.02 7704.51 3744.73
26071-203-M6-160-00291 0.9979532957077026 2246.78 2268.73 2340.14 2266.04 2341.50 2313.68 2248.15 2316.36
26071-203-M6-160-00291 0.9973140358924866 2571.33 2117.32 2618.57 2114.76 2623.57 2207.14 2576.33 2209.69
26071-203-M6-160-00291 0.9970587491989136 3591.19 4947.03 3638.49 4947.53 3637.53 5039.46 3590.22 5038.96
26071-203-M6-160-00291 0.996822714805603 6084.90 4993.52 6132.26 4996.10 6127.22 5088.64 6079.86 5086.07
26071-203-M6-160-00291 0.9954788684844971 2691.28 2114.71 2738.39 2114.61 2738.59 2207.03 2691.48 2207.13
26071-203-M6-160-00291 0.15246669948101044 2879.63 2270.19 2974.63 2263.81 2977.75 2310.30 2882.76 2316.68
26071-203-M6-160-00291 0.13558724522590637 3590.10 4537.01 3637.52 4537.27 3637.01 4628.41 3589.59 4628.14
26071-203-M6-160-00291 0.12338893860578537 2087.87 4538.59 2134.24 4536.02 2139.19 4625.21 2092.82 4627.78
26071-203-M6-160-00291 0.11724524199962616 1774.49 2449.07 1863.32 2443.57 1866.31 2491.88 1777.49 2497.39
26071-203-M6-160-00291 0.08352582156658173 1769.79 1676.51 1863.46 1676.48 1863.48 1724.14 1769.80 1724.17
26071-203-M6-160-00291 0.07733918726444244 1317.31 3654.06 1362.34 3649.19 1373.60 3753.19 1328.57 3758.07
26071-203-M6-160-00291 0.0744185596704483 6270.28 6062.28 6399.24 6056.88 6400.60 6089.34 6271.64 6094.74
26071-203-M6-160-00291 0.07406555116176605 6982.27 2858.28 7075.86 2859.21 7075.40 2906.05 6981.81 2905.13
26071-203-M6-160-00291 0.06619331985712051 3416.52 2265.23 3508.83 2270.56 3506.07 2318.31 3413.76 2312.98
26071-203-M6-160-00291 0.06615592539310455 6470.67 3217.27 6564.54 3208.99 6568.70 3256.18 6474.83 3264.46
26071-203-M6-160-00291 0.06552506238222122 6353.72 5976.74 6400.66 5977.97 6398.25 6070.23 6351.30 6069.00
26071-203-M6-160-00291 0.06518068164587021 1491.88 2259.07 1581.79 2273.19 1574.45 2319.88 1484.55 2305.77
26071-203-M6-160-00291 0.06435168534517288 1776.90 2253.95 1870.07 2274.25 1860.48 2318.28 1767.31 2297.98
26071-203-M6-160-00291 0.0642879456281662 3861.48 5977.73 3908.63 5978.59 3906.95 6070.71 3859.80 6069.85
26071-203-M6-160-00291 0.06310627609491348 3138.21 1971.65 3232.98 1967.81 3234.85 2013.89 3140.08 2017.74
26071-203-M6-160-00291 0.0601438470184803 2053.81 2268.01 2145.45 2265.40 2146.79 2312.49 2055.16 2315.10
26071-203-M6-160-00291 0.05974151939153671 6769.51 2924.41 6817.17 2925.66 6814.57 3025.20 6766.91 3023.95
26071-203-M6-160-00291 0.05209428817033768 1773.78 1497.40 1866.46 1501.40 1864.38 1549.60 1771.70 1545.59
26071-203-M6-160-00291 0.051001496613025665 7599.37 1023.18 8153.92 1018.08 8154.48 1078.74 7599.93 1083.84
26071-600-M6-066-00002 0.9958130717277527 6861.23 2032.80 6952.24 2029.65 6953.87 2076.89 6862.87 2080.04
26071-600-M6-066-00002 0.17976686358451843 7035.20 2026.21 7124.90 2044.15 7115.65 2090.40 7025.95 2072.45
26071-600-M6-066-00002 0.06563358008861542 7589.80 4868.23 8126.66 4851.48 8128.60 4913.50 7591.73 4930.26
26071-600-M6-066-00002 0.05133793503046036 7600.57 3917.30 8147.39 3908.07 8148.41 3968.31 7601.59 3977.54
26071-300-M6-053-00008 0.9978140592575073 5149.34 6519.99 5240.85 6518.70 5241.52 6565.91 5150.01 6567.21
26071-300-M6-053-00008 0.9973675608634949 6390.37 5810.52 6483.36 5809.88 6483.69 5856.74 6390.70 5857.38
26071-300-M6-053-00008 0.996501088142395 2691.63 1525.00 2739.04 1524.77 2739.49 1616.94 2692.07 1617.17
26071-300-M6-053-00008 0.11235491186380386 6572.44 5814.04 6666.57 5811.54 6667.81 5858.38 6573.68 5860.88
26071-300-M6-053-00008 0.09408940374851227 5262.70 721.43 5296.09 722.04 5293.93 838.78 5260.54 838.16
26071-300-M6-053-00008 0.0929989293217659 2692.75 1265.71 2740.68 1266.18 2739.81 1355.96 2691.88 1355.49
26071-300-M6-053-00008 0.08761570602655411 349.72 4976.64 896.10 4978.31 895.91 5040.06 349.53 5038.38
26071-300-M6-053-00008 0.0847894623875618 5525.72 989.94 5573.07 988.91 5575.11 1082.06 5527.75 1083.09
26071-300-M6-053-00008 0.07829996198415756 351.81 727.38 900.75 717.07 901.90 778.35 352.96 788.66
26071-300-M6-053-00008 0.07713144272565842 5509.69 2735.42 5561.71 2722.90 5583.81 2814.71 5531.79 2827.24
26071-300-M6-053-00008 0.06979641318321228 2367.35 1053.20 2458.99 1050.01 2460.62 1096.82 2368.98 1100.00
26071-300-M6-053-00008 0.06817847490310669 2262.48 1049.54 2354.50 1051.29 2353.59 1099.13 2261.57 1097.37
26071-300-M6-053-00008 0.0663832500576973 6152.68 5813.53 6244.12 5809.07 6246.38 5855.58 6154.95 5860.03
26071-300-M6-053-00008 0.06561281532049179 350.09 2256.49 896.12 2264.31 895.22 2326.93 349.19 2319.11
26071-300-M6-053-00008 0.060767173767089844 5266.80 1639.31 5360.24 1642.88 5358.48 1689.06 5265.03 1685.49
26071-300-M6-053-00008 0.057826027274131775 5386.80 6521.60 5477.55 6517.91 5479.47 6565.10 5388.72 6568.79
26071-300-M6-053-00008 0.0525052584707737 5338.61 813.53 5431.99 816.81 5430.35 863.38 5336.97 860.10
26071-300-M6-053-00008 0.05130854621529579 2099.76 5367.79 2148.02 5365.97 2151.49 5458.25 2103.24 5460.06
26071-203-M6-060-00001 0.9979548454284668 1769.12 5995.42 1816.21 5993.84 1819.26 6085.15 1772.17 6086.72
26071-203-M6-060-00001 0.9979016780853271 2145.32 3882.91 2192.45 3879.02 2200.07 3971.29 2152.95 3975.18
26071-203-M6-060-00001 0.9976123571395874 1925.32 2503.53 2017.87 2502.21 2018.54 2549.65 1925.99 2550.97
26071-203-M6-060-00001 0.9970059990882874 1879.37 5573.56 1970.63 5574.69 1970.05 5621.56 1878.78 5620.43
26071-203-M6-060-00001 0.9969817996025085 1890.39 4628.86 1982.32 4628.40 1982.56 4676.10 1890.63 4676.56
26071-203-M6-060-00001 0.996297299861908 1925.37 3447.45 2017.01 3449.33 2016.05 3496.35 1924.40 3494.46
26071-203-M6-060-00001 0.9962253570556641 1984.01 1439.72 2075.74 1440.60 2075.28 1487.96 1983.56 1487.08
26071-203-M6-060-00001 0.9958361387252808 2137.05 1183.19 2184.51 1183.34 2184.23 1275.62 2136.77 1275.48
26071-203-M6-060-00001 0.38598933815956116 2072.25 3857.33 2194.67 3858.22 2194.43 3891.65 2072.01 3890.76
26071-203-M6-060-00001 0.18604181706905365 1686.76 5972.82 1817.21 5974.02 1816.91 6006.62 1686.46 6005.42
26071-203-M6-060-00001 0.0850653350353241 1770.09 6087.24 1817.47 6085.32 1821.21 6178.00 1773.83 6179.92
26071-203-M6-060-00001 0.07784303277730942 1621.20 3450.14 1714.77 3447.50 1716.09 3494.42 1622.53 3497.06
26071-203-M6-060-00001 0.07207456976175308 2145.98 3973.40 2193.26 3969.95 2199.90 4060.86 2152.61 4064.31
26071-203-M6-060-00001 0.07096925377845764 1620.82 2505.83 1716.05 2503.16 1717.37 2550.08 1622.14 2552.76
26071-203-M6-060-00001 0.06344415992498398 7596.79 2490.98 8139.30 2498.38 8138.45 2561.10 7595.94 2553.71
26071-203-M6-060-00001 0.05622217804193497 7609.14 4623.07 8148.60 4620.83 8148.85 4681.83 7609.39 4684.07
26071-200-M6-063-00010 0.9973350167274475 6567.65 1912.54 6660.42 1913.48 6659.94 1960.45 6567.17 1959.50
26071-200-M6-063-00010 0.07882874459028244 6878.10 1912.70 6970.29 1915.15 6969.03 1962.56 6876.83 1960.11
26071-200-M6-063-00010 0.0642232894897461 356.10 3555.88 895.63 3558.83 895.29 3622.11 355.75 3619.16
26071-203-M6-060-00006 0.9939099550247192 1910.08 1913.15 2002.95 1913.66 2002.70 1960.68 1909.82 1960.17
26071-203-M6-060-00006 0.05458832532167435 1817.93 1914.82 1909.01 1912.34 1910.29 1959.27 1819.21 1961.75
26071-203-M6-060-00006 0.05020556226372719 7606.15 6033.16 8146.46 6042.74 8145.33 6106.05 7605.02 6096.47
26071-203-M6-325-00013 0.9972996115684509 5606.73 1892.44 5699.49 1888.41 5701.57 1936.17 5608.81 1940.20
26071-203-M6-325-00013 0.9971731901168823 5606.87 2492.46 5699.74 2488.25 5701.91 2536.01 5609.04 2540.23
26071-203-M6-325-00013 0.09392951428890228 6717.35 1894.89 6809.93 1891.09 6811.86 1938.16 6719.28 1941.96
26071-203-M6-325-00013 0.07724136859178543 4660.58 5368.57 4692.89 5367.45 4697.07 5488.42 4664.77 5489.54
26071-203-M6-325-00013 0.0732182189822197 4676.46 4953.79 4768.21 4951.11 4769.60 4998.50 4677.85 5001.18
26071-300-M6-053-00012 0.9975534081459045 3520.36 5411.18 3567.37 5412.02 3565.72 5504.44 3518.70 5503.60
26071-300-M6-053-00012 0.9975367784500122 5411.35 5410.52 5458.49 5412.10 5455.39 5504.37 5408.26 5502.79
26071-300-M6-053-00012 0.9965556859970093 4308.58 4354.27 4356.13 4353.22 4358.14 4444.60 4310.59 4445.65
26071-300-M6-053-00012 0.9957939386367798 4932.03 4484.59 4979.38 4480.86 4986.72 4574.04 4939.37 4577.77
26071-300-M6-053-00012 0.9954385161399841 2658.46 2563.33 2749.89 2561.32 2750.94 2608.90 2659.51 2610.92
26071-300-M6-053-00012 0.2731178104877472 4625.63 3918.92 4673.22 3917.54 4675.90 4009.54 4628.31 4010.92
26071-300-M6-053-00012 0.17307040095329285 6885.07 2811.02 6931.81 2810.30 6933.23 2902.92 6886.49 2903.64
26071-300-M6-053-00012 0.1105782687664032 4344.73 2732.11 4391.62 2730.01 4395.76 2822.05 4348.87 2824.16
26071-300-M6-053-00012 0.09926018118858337 6329.48 1028.39 6377.27 1027.45 6379.05 1118.22 6331.27 1119.16
26071-300-M6-053-00012 0.09746469557285309 3934.38 5661.15 4125.07 5672.49 4111.60 5898.94 3920.91 5887.60
26071-300-M6-053-00012 0.08848610520362854 354.34 4623.82 900.18 4616.46 901.01 4678.28 355.18 4685.64
26071-300-M6-053-00012 0.08642492443323135 7239.54 2364.16 7287.49 2364.71 7286.46 2455.77 7238.51 2455.23
26071-300-M6-053-00012 0.07836450636386871 1475.62 5105.99 1567.04 5099.40 1570.47 5147.14 1479.06 5153.72
26071-300-M6-053-00012 0.0762488842010498 3524.69 5192.97 3570.75 5198.12 3560.19 5292.64 3514.13 5287.49
26071-300-M6-053-00012 0.0755532756447792 6423.58 1561.32 6516.23 1556.26 6518.79 1603.13 6426.14 1608.19
26071-300-M6-053-00012 0.07307027280330658 4309.76 4437.88 4355.54 4435.81 4360.11 4536.44 4314.33 4538.51
26071-300-M6-053-00012 0.0706557184457779 4940.80 4572.02 4986.86 4574.12 4982.56 4668.30 4936.50 4666.19
26071-300-M6-053-00012 0.07000579684972763 6423.78 1148.68 6515.71 1143.14 6518.55 1190.34 6426.63 1195.88
26071-300-M6-053-00012 0.07000117003917694 2136.39 2563.86 2229.96 2560.79 2231.49 2607.63 2137.93 2610.69
26071-300-M6-053-00012 0.06792468577623367 349.36 5097.08 897.65 5092.00 898.23 5154.61 349.94 5159.69
26071-300-M6-053-00012 0.06558344513177872 4427.21 5822.83 4474.67 5822.44 4475.45 5915.09 4427.99 5915.49
26071-300-M6-053-00012 0.06314892321825027 6305.40 5823.35 6353.03 5823.48 6352.79 5917.10 6305.15 5916.98
26071-300-M6-053-00012 0.05915939435362816 6104.25 1322.25 6198.81 1324.31 6197.79 1370.85 6103.24 1368.80
26071-300-M6-053-00012 0.05633152648806572 6110.49 1006.47 6193.79 999.67 6204.64 1132.68 6121.35 1139.48
26071-300-M6-053-00012 0.05348728224635124 7443.65 908.54 7536.57 909.40 7536.13 956.38 7443.21 955.52
26071-300-M6-053-00012 0.052529457956552505 4750.40 4274.03 4845.58 4275.83 4844.71 4322.15 4749.52 4320.35
26071-300-M6-053-00012 0.051859743893146515 2881.95 2565.61 2976.28 2560.92 2978.65 2608.59 2884.32 2613.29
26071-300-M6-053-00012 0.05164581164717674 5789.17 1558.89 5880.12 1557.99 5880.59 1605.84 5789.64 1606.74
26071-675-M6-068-00034 0.9981662631034851 2144.66 6391.56 2236.83 6391.54 2236.84 6438.66 2144.67 6438.68
26071-675-M6-068-00034 0.9972921013832092 5099.28 2221.60 5191.23 2222.62 5190.70 2270.17 5098.74 2269.14
26071-675-M6-068-00034 0.9972845315933228 1349.52 6061.42 1443.16 6062.18 1442.76 6110.26 1349.13 6109.50
26071-675-M6-068-00034 0.9952282905578613 1677.46 1743.89 1769.88 1740.61 1771.56 1787.94 1679.14 1791.22
26071-675-M6-068-00034 0.14476947486400604 1612.18 5972.08 1644.46 5970.43 1651.82 6114.56 1619.54 6116.20
26071-675-M6-068-00034 0.1372911036014557 2489.55 2851.37 2582.23 2850.97 2582.43 2898.62 2489.76 2899.02
26071-675-M6-068-00034 0.1232871264219284 3085.87 5972.56 3183.89 5969.71 3185.23 6015.94 3087.21 6018.78
26071-675-M6-068-00034 0.11783966422080994 2854.78 2979.74 2901.95 2979.94 2901.54 3073.18 2854.37 3072.97
26071-675-M6-068-00034 0.11515104025602341 1864.67 1746.13 1955.73 1739.07 1959.38 1786.18 1868.32 1793.24
26071-675-M6-068-00034 0.11068683117628098 6375.70 1819.05 6526.06 1826.82 6518.12 1980.40 6367.76 1972.63
26071-675-M6-068-00034 0.10944307595491409 3238.33 2855.60 3328.97 2848.23 3332.78 2895.12 3242.14 2902.49
26071-675-M6-068-00034 0.10473237931728363 5226.16 1922.71 5273.63 1923.29 5272.53 2013.34 5225.05 2012.76
26071-675-M6-068-00034 0.09539208561182022 7679.91 2213.09 8229.68 2213.19 8229.67 2277.49 7679.90 2277.38
26071-675-M6-068-00034 0.07490707188844681 7676.15 1528.77 8220.57 1518.65 8221.76 1582.98 7677.34 1593.10
26071-675-M6-068-00034 0.07227034866809845 7672.00 1195.01 8219.39 1192.84 8219.66 1259.39 7672.27 1261.56
26071-675-M6-068-00034 0.07184240967035294 1535.62 6061.30 1626.00 6061.38 1625.96 6108.41 1535.58 6108.33
26071-675-M6-068-00034 0.06958755105733871 3604.26 2980.48 3651.72 2979.89 3652.87 3072.01 3605.41 3072.60
26071-675-M6-068-00034 0.06902643293142319 7672.21 3444.69 8219.45 3443.18 8219.62 3506.92 7672.38 3508.43
26071-675-M6-068-00034 0.06798320263624191 2158.92 1741.26 2253.84 1744.51 2252.23 1791.31 2157.31 1788.05
26071-675-M6-068-00034 0.06651511788368225 7674.35 1830.83 8219.19 1815.52 8220.99 1879.58 7676.15 1894.89
26071-675-M6-068-00034 0.06560865044593811 2855.22 2723.54 2903.25 2723.80 2902.75 2814.70 2854.72 2814.44
26071-675-M6-068-00034 0.06425885856151581 3486.64 6114.87 3534.18 6116.24 3531.57 6206.51 3484.04 6205.14
26071-675-M6-068-00034 0.05982773005962372 3335.17 6198.52 3382.71 6197.95 3383.80 6289.76 3336.27 6290.33
26071-675-M6-068-00034 0.05941973254084587 322.42 6057.36 861.06 6050.97 861.79 6112.64 323.15 6119.03
26071-675-M6-068-00034 0.05694086104631424 318.38 6383.33 860.54 6381.93 860.71 6447.35 318.55 6448.75
26071-675-M6-068-00034 0.05538347363471985 2337.45 5972.36 2430.62 5972.36 2430.62 6019.47 2337.45 6019.47
26071-675-M6-068-00034 0.05272446200251579 3389.66 2851.14 3480.60 2850.27 3481.06 2898.57 3390.13 2899.44
26071-675-M6-068-00034 0.05228178948163986 6388.29 2222.03 6480.22 2222.40 6480.03 2270.29 6388.10 2269.92
26071-675-M6-068-00034 0.05118175223469734 2464.63 2772.05 2496.71 2771.19 2500.08 2896.07 2468.00 2896.94
26071-675-M6-068-00034 0.0506901741027832 2639.17 2852.77 2732.52 2850.52 2733.68 2898.54 2640.33 2900.80
26071-450-M6-082-00031 0.9981613755226135 3023.00 5527.72 3070.76 5528.02 3070.16 5620.87 3022.41 5620.56
26071-450-M6-082-00031 0.9977821707725525 5704.70 3980.76 5798.10 3979.95 5798.50 4027.20 5705.11 4028.00
26071-450-M6-082-00031 0.9976935982704163 4098.41 5409.93 4192.10 5408.75 4192.70 5456.10 4099.01 5457.28
26071-450-M6-082-00031 0.9967541098594666 5478.52 4606.96 5525.65 4605.82 5527.92 4699.39 5480.79 4700.54
26071-450-M6-082-00031 0.996038556098938 2620.52 5930.47 2712.73 5927.76 2714.13 5975.31 2621.91 5978.02
26071-450-M6-082-00031 0.9958557486534119 2621.07 6341.31 2713.65 6343.17 2712.71 6389.99 2620.13 6388.13
26071-450-M6-082-00031 0.1250285804271698 3257.19 4924.37 3304.94 4922.65 3308.28 5015.39 3260.53 5017.11
26071-450-M6-082-00031 0.08882703632116318 7604.56 957.06 8146.47 961.83 8145.92 1024.63 7604.00 1019.87
26071-450-M6-082-00031 0.08637650310993195 2219.65 1916.56 2268.04 1917.07 2267.08 2008.65 2218.69 2008.14
26071-450-M6-082-00031 0.07640886306762695 2527.99 1723.93 2620.28 1722.76 2620.88 1770.54 2528.60 1771.71
26071-450-M6-082-00031 0.0733356922864914 4484.14 2101.33 4579.79 2102.60 4579.18 2148.67 4483.53 2147.40
26071-450-M6-082-00031 0.07332638651132584 7592.57 2092.41 8146.41 2094.99 8146.12 2155.55 7592.28 2152.97
26071-450-M6-082-00031 0.070470429956913 357.47 961.94 895.55 957.12 896.10 1018.49 358.02 1023.31
26071-450-M6-082-00031 0.0650632232427597 7605.17 3955.57 8129.78 3944.92 8130.94 4001.88 7606.32 4012.52
26071-450-M6-082-00031 0.059632230550050735 7607.41 1630.95 8147.27 1613.13 8149.32 1675.07 7609.46 1692.89
26071-450-M6-082-00031 0.05894479155540466 7597.99 6096.95 8139.37 6099.32 8139.10 6161.93 7597.72 6159.56
26071-450-M6-082-00031 0.05860403552651405 5880.98 3982.70 5973.32 3978.68 5975.34 4025.20 5883.00 4029.22
26071-450-M6-082-00031 0.05825280398130417 3920.51 2101.35 4012.74 2101.93 4012.44 2149.11 3920.21 2148.53
26071-450-M6-082-00031 0.05577091500163078 5477.46 5220.82 5525.03 5219.43 5527.77 5313.23 5480.21 5314.62
26071-450-M6-082-00031 0.055671993643045425 4828.27 3704.91 4860.84 3706.03 4856.67 3827.26 4824.10 3826.14
26071-450-M6-082-00031 0.053431347012519836 352.44 6340.61 919.58 6320.09 921.92 6384.77 354.78 6405.29
26071-450-M6-082-00031 0.05011666193604469 352.96 1312.56 895.84 1313.98 895.67 1377.48 352.79 1376.06
26071-200-M6-062-00276 0.9977318644523621 2374.50 2149.52 2467.74 2149.06 2467.97 2196.73 2374.73 2197.19
26071-200-M6-062-00276 0.9974258542060852 1724.34 2504.03 1818.10 2501.95 1819.17 2550.07 1725.41 2552.15
26071-200-M6-062-00276 0.997037410736084 779.63 3566.65 872.36 3565.94 872.72 3613.38 779.99 3614.10
26071-200-M6-062-00276 0.996934175491333 1725.89 2857.41 1821.22 2858.76 1820.54 2906.72 1725.21 2905.37
26071-200-M6-062-00276 0.9968855977058411 1712.29 3212.25 1804.65 3212.26 1804.64 3259.26 1712.28 3259.24
26071-200-M6-062-00276 0.996834933757782 3637.80 2233.36 3685.24 2234.19 3683.63 2326.11 3636.19 2325.27
26071-200-M6-062-00276 0.9965096116065979 6036.19 2975.29 6128.50 2976.01 6128.13 3023.62 6035.82 3022.90
26071-200-M6-062-00276 0.1484064757823944 4775.42 3031.56 4927.96 3053.99 4906.15 3202.31 4753.61 3179.88
26071-200-M6-062-00276 0.13723206520080566 1690.64 3128.61 1723.19 3128.78 1722.50 3260.11 1689.95 3259.94
26071-200-M6-062-00276 0.08842597156763077 1015.84 3567.29 1109.98 3566.36 1110.44 3613.20 1016.30 3614.13
26071-200-M6-062-00276 0.08321139216423035 1984.73 2856.49 2078.19 2855.85 2078.51 2902.73 1985.05 2903.37
26071-200-M6-062-00276 0.07795427739620209 2514.79 4634.39 2607.15 4629.85 2609.45 4676.81 2517.09 4681.35
26071-200-M6-062-00276 0.0777425616979599 1601.50 3219.33 1696.32 3207.60 1701.99 3253.38 1607.16 3265.11
26071-200-M6-062-00276 0.07391691952943802 352.68 1787.23 897.76 1786.76 897.81 1848.96 352.73 1849.44
26071-200-M6-062-00276 0.06990911811590195 1546.32 2859.82 1640.15 2855.16 1642.55 2903.46 1548.72 2908.12
26071-200-M6-062-00276 0.0634225457906723 1964.62 2773.45 1996.45 2774.17 1993.47 2906.42 1961.64 2905.70
26071-200-M6-062-00276 0.06000359356403351 1547.06 2386.74 1637.68 2386.33 1637.88 2431.65 1547.27 2432.05
26071-200-M6-062-00276 0.05220124498009682 5447.23 3968.19 5493.88 3969.55 5491.16 4063.13 5444.51 4061.77
26071-500-M6-059-00011 0.9981253743171692 4816.38 6056.10 4863.26 6054.05 4867.20 6144.46 4820.32 6146.50
26071-500-M6-059-00011 0.18186305463314056 5469.14 1974.32 5561.91 1969.45 5564.39 2016.88 5471.63 2021.74
26071-500-M6-059-00011 0.1676117330789566 7062.07 2859.32 7155.67 2858.79 7155.94 2906.01 7062.33 2906.54
26071-500-M6-059-00011 0.1465529203414917 6532.60 2562.06 6624.99 2562.06 6624.99 2609.79 6532.60 2609.79
26071-500-M6-059-00011 0.10963917523622513 7308.21 3128.70 7356.40 3127.49 7358.69 3218.97 7310.49 3220.17
26071-500-M6-059-00011 0.09676362574100494 4936.48 1676.44 5032.06 1678.42 5031.09 1725.58 4935.50 1723.60
26071-500-M6-059-00011 0.08643913269042969 4818.39 6142.54 4865.71 6142.67 4865.45 6236.45 4818.13 6236.31
26071-500-M6-059-00011 0.08051278442144394 4650.67 1959.10 4695.66 1957.57 4699.15 2060.01 4654.16 2061.54
26071-500-M6-059-00011 0.06465429812669754 6004.45 2260.20 6098.70 2277.31 6090.25 2323.83 5996.01 2306.72
26071-500-M6-059-00011 0.06290837377309799 7182.32 3497.18 7272.82 3494.02 7274.48 3541.54 7183.98 3544.69
26071-500-M6-059-00011 0.0577874593436718 7025.90 3498.40 7118.23 3493.49 7120.70 3539.95 7028.37 3544.86
26071-500-M6-059-00011 0.057198651134967804 7604.63 5685.52 8143.72 5683.93 8143.91 5746.32 7604.82 5747.90
26071-500-M6-059-00011 0.05698326602578163 7603.98 1359.92 8143.68 1362.02 8143.44 1424.61 7603.74 1422.51
26071-500-M6-059-00011 0.05561310052871704 6457.69 2464.11 6490.10 2465.45 6484.96 2589.15 6452.55 2587.80
26071-500-M6-059-00011 0.05542660877108574 4650.00 2175.83 4698.38 2173.68 4702.50 2266.56 4654.12 2268.71
26071-500-M6-059-00011 0.052044812589883804 7611.47 4637.26 8157.61 4604.48 8161.27 4665.45 7615.13 4698.23
26071-600-M6-065-00021 0.9984017014503479 1571.55 1881.60 1619.19 1882.98 1616.54 1974.74 1568.90 1973.37
26071-600-M6-065-00021 0.9983459711074829 4106.73 5960.87 4154.11 5958.45 4158.75 6049.04 4111.37 6051.46
26071-600-M6-065-00021 0.9979840517044067 7122.27 4240.85 7169.56 4241.55 7168.19 4333.64 7120.90 4332.93
26071-600-M6-065-00021 0.9979161620140076 5879.47 5960.33 5927.03 5959.67 5928.29 6050.66 5880.72 6051.31
26071-600-M6-065-00021 0.9978184700012207 7088.23 5456.11 7181.57 5455.37 7181.95 5502.88 7088.61 5503.62
26071-600-M6-065-00021 0.9977647066116333 3677.70 3331.30 3770.99 3330.78 3771.24 3376.88 3677.96 3377.40
26071-600-M6-065-00021 0.9972295165061951 6933.19 4783.86 7025.90 4783.74 7025.96 4831.28 6933.25 4831.40
26071-600-M6-065-00021 0.9969984292984009 1713.82 5337.40 1805.30 5337.87 1805.05 5385.46 1713.57 5384.98
26071-600-M6-065-00021 0.9965214729309082 2099.20 2122.85 2146.93 2120.90 2150.61 2211.20 2102.88 2213.15
26071-600-M6-065-00021 0.9963914752006531 1308.53 1500.30 1399.43 1497.90 1400.68 1545.32 1309.79 1547.73
26071-600-M6-065-00021 0.9962347149848938 4901.52 5067.74 4948.14 5067.29 4949.05 5160.29 4902.42 5160.75
26071-600-M6-065-00021 0.9961899518966675 1652.56 1344.93 1699.77 1344.36 1700.88 1437.13 1653.68 1437.69
26071-600-M6-065-00021 0.9959312081336975 6992.23 4156.54 7083.80 4157.91 7083.10 4204.98 6991.53 4203.62
26071-600-M6-065-00021 0.994952917098999 3164.25 5066.82 3211.58 5067.11 3211.02 5159.29 3163.69 5159.00
26071-600-M6-065-00021 0.32928240299224854 1385.32 1504.62 1477.89 1494.58 1483.17 1543.23 1390.59 1553.27
26071-600-M6-065-00021 0.14288373291492462 6993.64 5369.96 7026.05 5368.16 7033.82 5508.05 7001.41 5509.85
26071-600-M6-065-00021 0.11963364481925964 4111.23 6042.04 4153.83 6042.93 4151.67 6146.49 4109.07 6145.60
26071-600-M6-065-00021 0.11667705327272415 3163.30 4616.43 3210.56 4616.68 3210.07 4709.56 3162.81 4709.31
26071-600-M6-065-00021 0.10044651478528976 5879.41 6051.09 5926.04 6049.56 5929.12 6143.89 5882.50 6145.41
26071-600-M6-065-00021 0.09945526719093323 3887.55 5510.60 3933.11 5512.42 3929.23 5609.67 3883.66 5607.85
26071-600-M6-065-00021 0.08526880294084549 2102.60 2210.40 2150.27 2211.78 2147.59 2304.62 2099.92 2303.24
26071-600-M6-065-00021 0.08048667013645172 6283.86 4252.30 6328.44 4251.94 6329.17 4342.41 6284.59 4342.77
26071-600-M6-065-00021 0.07769318670034409 5509.68 2088.28 5599.41 2092.66 5597.11 2139.83 5507.38 2135.45
26071-600-M6-065-00021 0.07708946615457535 3767.63 3289.48 3798.58 3290.17 3796.65 3377.03 3765.70 3376.34
26071-600-M6-065-00021 0.07479539513587952 3588.10 3330.28 3679.59 3327.26 3681.16 3374.69 3589.67 3377.71
26071-600-M6-065-00021 0.06902305036783218 2352.65 1757.15 2445.31 1759.66 2444.03 1807.19 2351.36 1804.69
26071-600-M6-065-00021 0.06690279394388199 5171.12 1650.63 5218.64 1650.58 5218.74 1744.38 5171.21 1744.43
26071-600-M6-065-00021 0.066140316426754 344.98 5332.74 893.06 5328.79 893.50 5389.66 345.42 5393.62
26071-600-M6-065-00021 0.06390838325023651 7606.25 5810.11 8152.11 5803.35 8152.87 5864.88 7607.02 5871.64
26071-600-M6-065-00021 0.06371095776557922 3282.78 5064.66 3327.41 5064.09 3328.59 5156.22 3283.95 5156.79
26071-600-M6-065-00021 0.0636463314294815 7613.96 5448.57 8150.54 5452.77 8150.06 5513.69 7613.49 5509.49
26071-600-M6-065-00021 0.06334146857261658 5083.02 4937.25 5172.98 4934.59 5174.40 4982.27 5084.44 4984.94
26071-600-M6-065-00021 0.06092730537056923 5995.33 5248.66 6043.31 5246.03 6048.30 5337.26 6000.31 5339.88
26071-600-M6-065-00021 0.060293640941381454 6895.17 4244.59 6942.30 4242.74 6945.90 4334.38 6898.77 4336.23
26071-600-M6-065-00021 0.05974512919783592 6666.41 4180.69 6699.25 4179.92 6702.04 4298.85 6669.20 4299.62
26071-600-M6-065-00021 0.059041593223810196 4901.16 4616.05 4948.63 4616.43 4947.88 4708.96 4900.41 4708.57
26071-600-M6-065-00021 0.05518635734915733 7605.39 1036.57 8142.28 1001.74 8146.23 1062.62 7609.34 1097.46
26071-600-M6-065-00021 0.05179160088300705 2980.11 2904.12 3070.13 2906.37 3068.94 2953.78 2978.92 2951.52
26071-500-M6-059-00013 0.9983730316162109 4135.17 4510.58 4227.96 4511.44 4227.52 4559.03 4134.73 4558.17
26071-500-M6-059-00013 0.997056245803833 5409.16 2173.68 5456.74 2174.03 5456.05 2267.05 5408.46 2266.69
26071-500-M6-059-00013 0.9966475367546082 6330.51 2976.93 6421.81 2975.94 6422.33 3023.50 6331.03 3024.50
26071-500-M6-059-00013 0.9961833357810974 6329.46 3331.24 6421.52 3329.28 6422.54 3376.91 6330.48 3378.87
26071-500-M6-059-00013 0.9940474033355713 5551.22 2030.13 5642.76 2029.34 5643.18 2078.14 5551.63 2078.92
26071-500-M6-059-00013 0.11454178392887115 5558.11 2979.53 5658.15 2973.25 5661.11 3020.31 5561.07 3026.59
26071-500-M6-059-00013 0.09408170729875565 5560.81 3331.67 5654.46 3327.71 5656.46 3375.06 5562.81 3379.02
26071-500-M6-059-00013 0.08394774794578552 337.97 5456.66 885.07 5447.88 886.05 5509.14 338.95 5517.92
26071-500-M6-059-00013 0.07211561501026154 342.84 5920.76 894.02 5919.94 894.12 5981.82 342.94 5982.64
26071-500-M6-059-00013 0.06878991425037384 344.74 6393.72 899.82 6394.21 899.77 6454.52 344.68 6454.03
26071-500-M6-059-00013 0.05299760028719902 6124.24 3604.97 6172.30 3612.99 6157.62 3700.92 6109.56 3692.90
26071-500-M6-059-00044 0.9973642230033875 5705.33 1298.86 5797.86 1298.98 5797.80 1346.07 5705.27 1345.95
26071-500-M6-059-00044 0.9967592358589172 4972.30 1299.24 5064.40 1298.90 5064.58 1346.60 4972.47 1346.94
26071-500-M6-059-00044 0.9965319633483887 3874.41 2006.64 3966.94 2007.26 3966.62 2054.86 3874.09 2054.24
26071-500-M6-059-00044 0.14095939695835114 4785.76 2246.96 4875.19 2243.95 4876.79 2291.38 4787.36 2294.39
26071-500-M6-059-00044 0.13040630519390106 6873.35 793.14 6966.91 790.80 6968.08 837.78 6874.53 840.12
26071-500-M6-059-00044 0.10635411739349365 7015.90 5622.46 7099.28 5573.91 7123.39 5615.32 7040.00 5663.87
26071-500-M6-059-00044 0.08227520436048508 1923.60 2007.77 2016.89 2006.22 2017.68 2053.58 1924.39 2055.13
26071-500-M6-059-00044 0.07608507573604584 6769.00 3625.28 6862.10 3623.81 6862.84 3670.70 6769.75 3672.18
26071-500-M6-059-00044 0.0740320235490799 6335.96 5514.76 6427.51 5515.88 6426.93 5563.93 6335.37 5562.81
26071-500-M6-059-00044 0.07196953892707825 5030.32 1769.99 5077.17 1769.70 5077.75 1863.87 5030.91 1864.16
26071-500-M6-059-00044 0.07061708718538284 343.71 3618.62 896.20 3618.27 896.24 3679.94 343.75 3680.29
26071-500-M6-059-00044 0.07043611258268356 7039.70 953.31 7086.56 954.44 7084.30 1047.81 7037.44 1046.68
26071-500-M6-059-00044 0.06883134692907333 4783.09 2719.06 4873.57 2715.53 4875.42 2762.89 4784.94 2766.42
26071-500-M6-059-00044 0.0620105154812336 7308.57 5516.56 7405.01 5513.95 7406.30 5561.35 7309.85 5563.96
26071-500-M6-059-00044 0.05813414230942726 4856.42 3010.86 4948.54 3011.21 4948.36 3058.61 4856.24 3058.26
26071-500-M6-059-00044 0.057702891528606415 2750.93 5518.33 2843.07 5512.33 2846.18 5559.99 2754.03 5565.99
26071-500-M6-059-00044 0.057667121291160583 3530.06 5517.87 3621.00 5511.75 3624.19 5559.17 3533.25 5565.28
26071-500-M6-059-00044 0.05377217382192612 2867.55 5410.51 2915.52 5409.29 2917.96 5504.85 2869.99 5506.07
26071-500-M6-059-00044 0.05289850011467934 6768.42 5809.83 6862.10 5810.90 6861.56 5858.30 6767.88 5857.22
26071-200-M6-052-00093 0.21179121732711792 3280.29 4382.01 3327.08 4377.87 3335.05 4467.81 3288.26 4471.95
26071-200-M6-052-00093 0.15611302852630615 3284.73 4623.33 3328.98 4624.41 3326.70 4717.89 3282.45 4716.81
26071-200-M6-052-00093 0.13601484894752502 3281.58 2020.45 3328.41 2018.49 3332.18 2108.45 3285.35 2110.42
26071-200-M6-052-00093 0.1279405802488327 3281.78 2257.85 3328.65 2256.13 3331.82 2342.42 3284.95 2344.14
26071-200-M6-052-00093 0.10490032285451889 2870.58 2387.44 2964.18 2383.58 2966.09 2429.96 2872.50 2433.82
26071-200-M6-052-00093 0.08895277976989746 7724.08 3562.76 8261.04 3556.94 8261.71 3618.53 7724.74 3624.35
26071-200-M6-052-00093 0.0842566192150116 2662.73 2387.80 2757.34 2384.09 2759.20 2431.33 2664.58 2435.04
26071-200-M6-052-00093 0.06646433472633362 2658.28 4747.46 2752.98 4748.39 2752.52 4794.88 2657.82 4793.94
26071-200-M6-052-00093 0.05637577548623085 3079.59 2384.00 3175.62 2383.95 3175.65 2431.20 3079.62 2431.26
26071-200-M6-052-00093 0.052837565541267395 4961.95 2856.85 5054.41 2860.34 5052.63 2907.36 4960.17 2903.87
26071-200-M6-052-00002 0.9976373910903931 7062.94 6331.34 7110.72 6332.33 7108.81 6424.50 7061.03 6423.51
26071-200-M6-052-00002 0.13455650210380554 3162.13 5784.45 3208.90 5783.51 3210.98 5886.54 3164.21 5887.48
26071-200-M6-052-00002 0.12338627129793167 6423.10 1370.94 6514.64 1368.72 6515.80 1416.67 6424.26 1418.88
26071-200-M6-052-00002 0.11176113039255142 6850.10 1362.90 6945.72 1367.07 6943.72 1412.82 6848.10 1408.65
26071-200-M6-052-00002 0.11125078052282333 7061.38 6143.70 7108.92 6143.67 7108.97 6236.58 7061.43 6236.61
26071-200-M6-052-00002 0.09540679305791855 6617.73 1370.77 6705.73 1365.85 6708.35 1412.75 6620.35 1417.67
26071-200-M6-052-00002 0.07865384966135025 4464.42 3121.10 4509.94 3121.01 4510.13 3212.86 4464.61 3212.95
26071-200-M6-052-00002 0.07834582030773163 1962.92 968.47 2055.56 967.43 2056.10 1015.08 1963.45 1016.13
26071-200-M6-052-00002 0.07434850186109543 2929.82 6046.10 3021.83 6046.44 3021.66 6094.22 2929.65 6093.88
26071-200-M6-052-00002 0.0713806301355362 238.21 1897.99 780.64 1914.28 778.74 1977.31 236.32 1961.02
26071-200-M6-052-00002 0.07095009833574295 5726.61 5657.73 5819.42 5656.30 5820.14 5703.28 5727.33 5704.71
26071-200-M6-052-00002 0.06901733577251434 6611.05 1609.27 6706.34 1604.49 6708.70 1651.52 6613.41 1656.30
26071-200-M6-052-00002 0.06901437044143677 7288.14 1372.01 7378.91 1366.97 7381.52 1414.00 7290.75 1419.04
26071-200-M6-052-00002 0.06825771927833557 7718.00 6031.24 8265.12 6045.02 8263.53 6108.14 7716.41 6094.36
26071-200-M6-052-00002 0.06564567238092422 6849.92 1606.08 6944.01 1605.90 6944.10 1653.73 6850.01 1653.91
26071-200-M6-052-00002 0.060441985726356506 5502.84 5456.17 5593.72 5456.69 5593.45 5504.16 5502.57 5503.64
26071-200-M6-052-00002 0.059510327875614166 1177.56 6047.90 1270.36 6047.87 1270.37 6094.49 1177.58 6094.52
26071-200-M6-052-00002 0.05813344568014145 7091.20 1368.45 7177.82 1370.80 7176.55 1417.44 7089.93 1415.08
26071-200-M6-052-00002 0.05796730890870094 7288.84 1913.72 7380.89 1912.36 7381.59 1959.97 7289.54 1961.33
26071-200-M6-052-00002 0.055384304374456406 7675.78 3920.35 7768.48 3921.46 7767.91 3969.13 7675.21 3968.01
26071-200-M6-052-00002 0.05177495628595352 5268.75 5454.04 5362.70 5459.71 5359.84 5507.06 5265.89 5501.39
26071-200-M6-052-00002 0.05172772333025932 240.16 6028.71 784.48 6046.06 782.53 6107.29 238.21 6089.95
26071-200-M6-052-00002 0.05101589858531952 7087.93 1607.19 7180.23 1605.90 7180.90 1653.57 7088.60 1654.85
26071-200-M6-052-00002 0.05028719827532768 6829.20 5779.59 6877.74 5782.93 6871.64 5871.57 6823.10 5868.23
26071-675-M6-068-10002 0.20977041125297546 695.30 5670.62 787.80 5672.65 786.76 5720.21 694.26 5718.19
26071-675-M6-068-10002 0.13680027425289154 694.72 4023.48 786.98 4021.63 787.91 4068.14 695.66 4069.99
26071-675-M6-068-10002 0.10969936847686768 693.40 2372.60 785.87 2372.92 785.70 2420.29 693.23 2419.97
26071-675-M6-068-10002 0.09871435165405273 1159.82 4023.39 1254.57 4021.95 1255.27 4068.31 1160.52 4069.74
26071-675-M6-068-10002 0.06498903781175613 1158.87 2371.47 1252.61 2371.59 1252.55 2418.90 1158.81 2418.78
26071-675-M6-068-10002 0.05967206507921219 1159.08 5671.27 1252.97 5671.85 1252.68 5719.12 1158.79 5718.54
26071-750-M6-085-00012 0.9976346492767334 920.87 4299.87 968.31 4299.90 968.25 4392.01 920.81 4391.98
26071-750-M6-085-00012 0.9973264932632446 7238.77 2456.34 7286.12 2456.05 7286.69 2548.29 7239.33 2548.58
26071-750-M6-085-00012 0.9970992803573608 1569.04 4300.50 1616.39 4299.99 1617.38 4391.29 1570.03 4391.81
26071-750-M6-085-00012 0.9970564842224121 6343.08 6636.78 6435.20 6637.08 6435.04 6684.39 6342.92 6684.09
26071-750-M6-085-00012 0.9969484210014343 5053.85 2457.64 5101.12 2456.46 5103.42 2548.51 5056.15 2549.69
26071-750-M6-085-00012 0.9967926144599915 6059.06 2056.58 6106.19 2056.90 6105.57 2148.97 6058.44 2148.65
26071-750-M6-085-00012 0.9961068034172058 2919.03 6401.95 3010.70 6401.49 3010.93 6448.47 2919.27 6448.94
26071-750-M6-085-00012 0.9960363507270813 7948.63 2540.44 7995.87 2540.54 7995.67 2632.65 7948.43 2632.54
26071-750-M6-085-00012 0.9960240125656128 3871.93 2056.33 3919.21 2054.57 3922.67 2147.74 3875.39 2149.50
26071-750-M6-085-00012 0.994314968585968 3163.46 2635.89 3210.82 2635.09 3212.38 2727.62 3165.02 2728.41
26071-750-M6-085-00012 0.16707585752010345 6060.27 2215.40 6107.75 2217.31 6104.01 2309.97 6056.53 2308.05
26071-750-M6-085-00012 0.15349484980106354 3161.80 2363.90 3209.37 2363.20 3210.75 2457.81 3163.18 2458.50
26071-750-M6-085-00012 0.14104707539081573 7947.18 2378.85 7997.30 2381.09 7993.40 2468.30 7943.27 2466.05
26071-750-M6-085-00012 0.12639792263507843 3874.80 2215.84 3921.97 2215.94 3921.78 2309.10 3874.61 2309.00
26071-750-M6-085-00012 0.11939281225204468 7120.77 1344.14 7167.77 1343.59 7168.87 1437.80 7121.88 1438.35
26071-750-M6-085-00012 0.10527312010526657 3162.09 2843.42 3209.31 2842.08 3212.37 2950.36 3165.15 2951.69
26071-750-M6-085-00012 0.09936457127332687 1310.71 3687.61 1404.09 3681.82 1407.01 3728.89 1313.63 3734.68
26071-750-M6-085-00012 0.0834118202328682 345.62 6395.69 897.64 6393.31 897.91 6454.22 345.89 6456.60
26071-750-M6-085-00012 0.08032669126987457 5410.82 3916.00 5457.55 3916.84 5455.88 4009.97 5409.15 4009.13
26071-750-M6-085-00012 0.07805035263299942 3163.54 2210.90 3211.11 2210.34 3212.20 2301.89 3164.63 2302.46
26071-750-M6-085-00012 0.07727403938770294 7170.67 2349.08 7289.69 2344.69 7290.88 2376.80 7171.85 2381.19
26071-750-M6-085-00012 0.07146936655044556 6698.35 2858.94 6792.17 2854.42 6794.45 2901.90 6700.63 2906.41
26071-750-M6-085-00012 0.07058879733085632 355.95 1494.28 899.78 1492.06 900.02 1551.78 356.20 1554.00
26071-750-M6-085-00012 0.0682552307844162 7595.15 3916.08 7642.01 3916.50 7641.19 4009.68 7594.33 4009.26
26071-750-M6-085-00012 0.06341960281133652 922.42 4459.56 968.54 4460.97 965.68 4554.35 919.56 4552.93
26071-750-M6-085-00012 0.05958573892712593 7949.85 2114.70 7997.26 2116.51 7993.73 2208.94 7946.31 2207.13
26071-750-M6-085-00012 0.05847145617008209 4524.56 2859.41 4617.23 2854.04 4619.99 2901.56 4527.32 2906.94
26071-750-M6-085-00012 0.05621584877371788 7381.98 1086.60 7475.77 1086.64 7475.75 1134.27 7381.96 1134.22
26071-750-M6-085-00012 0.055618561804294586 338.61 959.04 890.05 959.66 889.98 1021.67 338.54 1021.05
26071-750-M6-085-00012 0.05523235723376274 7712.01 1618.21 7759.47 1617.88 7760.13 1711.51 7712.67 1711.85
26071-750-M6-085-00012 0.0516357384622097 357.63 783.93 901.95 780.86 902.30 842.67 357.98 845.74
26071-750-M6-085-00012 0.0510186105966568 1312.15 3341.90 1405.04 3344.68 1403.63 3391.84 1310.74 3389.06
26071-200-M6-062-00277 0.07647914439439774 352.15 1313.17 898.60 1312.36 898.70 1374.97 352.25 1375.78
26071-600-M6-065-00259 0.9980452060699463 7653.19 4527.77 7700.56 4527.33 7701.41 4619.47 7654.04 4619.90
26071-600-M6-065-00259 0.9965065121650696 8007.35 4526.66 8054.66 4526.54 8054.89 4618.62 8007.58 4618.74
26071-600-M6-065-00259 0.9964367151260376 683.06 2796.51 730.47 2796.40 730.69 2889.59 683.28 2889.70
26071-600-M6-065-00259 0.995002806186676 1037.31 2797.26 1085.16 2796.75 1086.13 2888.56 1038.28 2889.07
26071-200-M6-052-00544 0.9975593090057373 1713.18 3566.77 1805.15 3566.08 1805.51 3613.46 1713.53 3614.14
26071-200-M6-052-00544 0.9968302845954895 1843.94 3331.36 1937.06 3329.92 1937.80 3377.35 1844.67 3378.80
26071-200-M6-052-00544 0.9965479969978333 1713.84 2740.90 1805.70 2740.01 1806.16 2787.23 1714.30 2788.12
26071-200-M6-052-00544 0.99647456407547 1844.30 2975.12 1936.02 2975.87 1935.63 3023.17 1843.91 3022.42
26071-200-M6-052-00544 0.9963458180427551 779.34 4039.44 872.29 4037.58 873.23 4084.72 780.28 4086.57
26071-200-M6-052-00544 0.9957593083381653 3673.62 2266.56 3765.50 2266.04 3765.77 2314.38 3673.89 2314.90
26071-200-M6-052-00544 0.9946111440658569 6304.85 4476.23 6396.16 4477.80 6395.35 4524.88 6304.04 4523.31
26071-200-M6-052-00544 0.15099193155765533 1693.55 2657.70 1726.11 2658.24 1723.97 2787.74 1691.41 2787.20
26071-200-M6-052-00544 0.14031855762004852 2986.99 4051.30 3032.58 4049.95 3035.38 4144.36 2989.78 4145.71
26071-200-M6-052-00544 0.11275537312030792 4248.54 3272.62 4396.76 3298.57 4370.09 3450.89 4221.88 3424.94
26071-200-M6-052-00544 0.10002090036869049 1690.97 3483.73 1724.21 3484.50 1721.24 3613.48 1688.00 3612.71
26071-200-M6-052-00544 0.09477134048938751 1017.35 4040.62 1110.29 4038.61 1111.31 4085.70 1018.37 4087.71
26071-200-M6-052-00544 0.08804318308830261 6625.46 2858.76 6719.79 2857.60 6720.38 2905.05 6626.05 2906.21
26071-200-M6-052-00544 0.07795564830303192 1609.74 2741.57 1702.27 2737.82 1704.21 2785.61 1611.67 2789.35
26071-200-M6-052-00544 0.07021759450435638 1608.07 3564.91 1700.46 3568.70 1698.55 3615.35 1606.16 3611.56
26071-200-M6-052-00544 0.06925500929355621 3852.96 2267.07 3944.06 2266.73 3944.24 2313.62 3853.14 2313.96
26071-200-M6-052-00544 0.06619860976934433 1609.11 3330.18 1701.42 3334.15 1699.40 3380.85 1607.10 3376.88
26071-200-M6-052-00544 0.06390300393104553 1610.52 4211.49 1700.97 4220.58 1696.21 4267.94 1605.76 4258.85
26071-200-M6-052-00544 0.058541059494018555 2080.94 3328.39 2171.17 3331.86 2169.37 3378.78 2079.14 3375.32
26071-200-M6-052-00544 0.05697102099657059 3267.54 2267.91 3357.67 2262.06 3360.69 2308.55 3270.56 2314.39
26071-600-M6-066-00003 0.2257678359746933 3615.58 5454.85 3708.35 5456.81 3707.35 5504.07 3614.58 5502.12
26071-600-M6-066-00003 0.08194714039564133 343.89 3921.76 894.84 3906.58 896.49 3966.54 345.54 3981.73
26071-600-M6-066-00003 0.0556986965239048 356.17 5639.85 903.39 5635.86 903.84 5697.51 356.62 5701.49
26071-600-M6-066-00003 0.05502298101782799 334.23 4857.74 888.70 4859.25 888.53 4921.16 334.06 4919.65
26071-750-M6-085-00309 0.06834911555051804 353.65 3679.79 896.98 3674.34 897.58 3734.82 354.26 3740.27
26071-750-M6-085-00309 0.057651590555906296 345.37 4389.23 895.56 4384.82 896.05 4446.51 345.86 4450.91
