26071-200-M6-052-00001 0.9905385971069336 2268.47 5790.93 2388.81 5792.83 2386.25 5955.15 2265.91 5953.25
26071-200-M6-052-00001 0.08304692804813385 3755.83 4033.45 3800.86 4032.44 3801.52 4062.13 3756.50 4063.14
26071-200-M6-052-00001 0.06873034685850143 3755.70 5421.74 3800.53 5420.76 3801.18 5450.19 3756.34 5451.17
26071-200-M6-052-00001 0.0671376958489418 3165.40 3568.37 3209.85 3568.27 3209.92 3598.24 3165.47 3598.34
26071-200-M6-052-00001 0.05978390574455261 3163.81 3346.79 3209.02 3345.13 3210.22 3378.02 3165.01 3379.67
26071-500-M6-059-00017 0.13689787685871124 660.14 3485.28 823.29 3464.53 842.22 3613.38 679.07 3634.13
26071-500-M6-059-00017 0.0669821947813034 682.08 3042.12 833.78 3060.80 815.02 3213.12 663.33 3194.44
26071-500-M6-059-00017 0.06039988249540329 6153.91 3714.49 6199.78 3714.62 6199.70 3743.63 6153.82 3743.50
26071-600-M6-066-00012 0.9939820170402527 7381.61 1772.37 7500.51 1772.17 7500.79 1937.89 7381.89 1938.09
26071-600-M6-066-00012 0.9938808679580688 5611.58 2125.58 5732.06 2128.59 5727.92 2294.51 5607.44 2291.50
26071-600-M6-066-00012 0.9931448698043823 5845.86 4253.60 5968.17 4253.56 5968.23 4417.20 5845.92 4417.24
26071-600-M6-066-00012 0.9909499287605286 1947.22 2327.24 2065.21 2326.06 2066.87 2492.68 1948.88 2493.86
26071-600-M6-066-00012 0.06448020040988922 3330.98 1793.19 3472.67 1753.34 3518.44 1916.10 3376.75 1955.95
26071-600-M6-066-00012 0.06143799424171448 3165.14 3708.42 3209.11 3708.17 3209.28 3738.48 3165.31 3738.72
26071-600-M6-066-00012 0.059055645018815994 4228.71 3707.89 4273.24 3708.72 4272.68 3738.84 4228.14 3738.00
26071-600-M6-066-00012 0.05608880892395973 2401.90 1780.94 2541.51 1767.92 2555.12 1913.91 2415.51 1926.93
26071-200-M6-052-00539 0.139562726020813 3212.13 5374.48 3390.39 5380.10 3384.24 5575.52 3205.97 5569.90
26071-200-M6-052-00539 0.09585624933242798 2221.65 4570.49 2266.19 4571.48 2265.52 4601.43 2220.99 4600.45
26071-200-M6-052-00539 0.07048020511865616 3851.74 5574.46 3896.39 5575.81 3895.47 5605.88 3850.83 5604.52
26071-200-M6-052-00539 0.06490501016378403 2221.02 3178.95 2267.31 3179.93 2266.73 3207.38 2220.44 3206.40
26071-200-M6-052-00539 0.059998057782649994 5914.40 5767.38 6032.42 5788.16 6011.34 5907.92 5893.32 5887.15
26071-200-M6-052-00539 0.050729021430015564 1975.45 4380.82 2005.54 4380.74 2005.66 4426.76 1975.58 4426.84
26071-500-M6-059-00248 0.06229207664728165 4654.09 4412.26 4699.97 4411.71 4700.31 4440.74 4654.44 4441.29
26071-203-M6-325-00012 0.9934913516044617 1617.74 1807.09 1738.36 1805.17 1741.03 1973.34 1620.41 1975.25
26071-203-M6-325-00012 0.9934224486351013 1617.65 2708.35 1737.83 2706.20 1740.82 2874.11 1620.64 2876.25
26071-203-M6-325-00012 0.0673622190952301 5779.54 663.64 5878.90 737.67 5809.26 831.14 5709.90 757.10
26071-203-M6-325-00012 0.05735189840197563 6013.48 733.86 6094.83 662.11 6179.15 757.70 6097.80 829.46
26071-700-M6-054-00246 0.9944953322410583 4130.04 5473.25 4250.82 5468.24 4257.66 5633.57 4136.88 5638.57
26071-500-M6-059-00040 0.08930552750825882 6788.11 6396.00 6910.31 6394.95 6912.14 6607.83 6789.94 6608.88
26071-500-M6-059-00040 0.06507613509893417 5438.83 2859.50 5468.07 2859.79 5467.63 2904.52 5438.39 2904.23
26071-500-M6-059-00040 0.052982620894908905 3778.57 2858.23 3808.27 2857.84 3808.85 2902.18 3779.16 2902.57
26071-203-M6-333-00010 0.17531585693359375 6462.20 1110.58 6635.52 1131.46 6619.34 1265.79 6446.02 1244.91
26071-203-M6-333-00010 0.16764956712722778 312.73 4217.31 849.53 4215.20 849.77 4277.25 312.97 4279.36
26071-203-M6-333-00010 0.11087002605199814 360.28 5589.26 901.29 5604.73 899.48 5668.05 358.47 5652.58
26071-203-M6-333-00010 0.0632481500506401 6638.90 297.16 6705.20 294.34 6727.21 812.21 6660.91 815.03
26071-203-M6-333-00010 0.05713121220469475 2330.51 328.65 2392.04 326.86 2407.64 864.71 2346.11 866.49
26071-203-M6-333-00010 0.056542448699474335 2569.61 3997.74 2660.65 3996.83 2661.56 4087.85 2570.52 4088.76
26071-203-M6-333-00010 0.05535130575299263 4552.68 286.12 4614.08 284.68 4626.76 825.07 4565.37 826.51
26071-203-M6-333-00010 0.051262326538562775 302.40 4277.81 838.95 4287.34 838.10 4335.05 301.55 4325.52
26071-550-M6-084-00248 0.10267587006092072 1965.61 5074.93 2055.11 5084.50 2045.01 5178.90 1955.51 5169.32
26071-550-M6-084-00248 0.07707703113555908 4665.11 4157.22 4709.66 4157.24 4709.64 4187.21 4665.09 4187.18
26071-550-M6-084-00248 0.06844859570264816 4490.36 3939.56 4535.79 3937.76 4537.01 3968.62 4491.58 3970.42
26071-550-M6-084-00248 0.06374131143093109 4490.08 4157.83 4534.63 4156.53 4535.53 4187.58 4490.98 4188.88
26071-550-M6-084-00248 0.05828440561890602 2774.92 4250.09 2925.80 4288.13 2889.42 4432.43 2738.54 4394.39
26071-203-M6-332-00008 0.9934861063957214 3181.52 5081.66 3301.85 5083.04 3299.93 5250.49 3179.61 5249.12
26071-203-M6-332-00008 0.9928810596466064 8010.32 5078.98 8130.06 5078.28 8131.04 5246.02 8011.29 5246.71
26071-203-M6-332-00008 0.9925122261047363 5579.61 5079.59 5700.31 5078.38 5701.98 5245.07 5581.28 5246.28
26071-203-M6-332-00008 0.07448973506689072 5528.30 5249.25 5748.45 5252.35 5747.77 5300.34 5527.63 5297.23
26071-203-M6-332-00008 0.07183652371168137 7958.45 5249.94 8178.10 5252.07 8177.64 5299.47 7957.99 5297.34
26071-203-M6-332-00008 0.06420771032571793 3132.43 5244.93 3343.86 5264.74 3339.44 5311.94 3128.01 5292.13
26071-203-M6-332-00008 0.05865326151251793 1860.28 4562.89 2006.88 4539.24 2031.86 4694.09 1885.26 4717.74
26071-200-M6-052-00080 0.9926869869232178 4192.89 4842.51 4312.16 4843.49 4310.81 5009.02 4191.54 5008.05
26071-200-M6-052-00080 0.9888757467269897 7620.59 4845.47 7739.10 4845.73 7738.74 5011.28 7620.22 5011.01
26071-200-M6-052-00080 0.07883291691541672 3755.04 3845.26 3800.49 3843.37 3801.73 3873.27 3756.28 3875.16
26071-200-M6-052-00080 0.07788721472024918 669.98 5178.61 788.99 5190.59 776.76 5312.05 657.75 5300.07
26071-200-M6-052-00080 0.0694788247346878 3755.78 4064.56 3800.07 4062.81 3801.23 4092.13 3756.94 4093.88
26071-200-M6-052-00080 0.06654001027345657 2952.83 4062.81 2997.43 4063.28 2997.10 4093.60 2952.51 4093.13
26071-200-M6-052-00080 0.0644090324640274 6707.81 4062.80 6752.97 4062.29 6753.31 4092.91 6708.16 4093.42
26071-200-M6-052-00080 0.06380920112133026 6379.27 4062.56 6424.18 4063.66 6423.44 4093.92 6378.53 4092.82
26071-200-M6-052-00080 0.05448945611715317 3757.84 4193.31 3806.25 4193.87 3805.98 4218.10 3757.56 4217.55
26071-200-M6-052-00080 0.05138171836733818 3283.62 4062.39 3328.36 4063.12 3327.87 4093.22 3283.13 4092.49
26071-203-M6-321-00604 0.09999389946460724 7641.32 496.32 7816.06 497.26 7815.35 629.95 7640.61 629.02
26071-300-M6-053-00309 0.18312305212020874 5477.69 5751.56 5629.61 5757.81 5623.42 5908.34 5471.50 5902.09
26071-300-M6-053-00309 0.09455368667840958 5015.05 864.38 5161.69 884.48 5140.83 1036.72 4994.18 1016.62
26071-300-M6-053-00309 0.0815049335360527 4893.82 6124.27 5079.11 6175.29 5025.66 6369.42 4840.37 6318.40
26071-300-M6-053-00309 0.07406306266784668 5460.89 6129.20 5658.04 6160.69 5626.26 6359.63 5429.11 6328.13
26071-300-M6-053-00309 0.06384754925966263 7471.22 5984.88 7635.98 5991.80 7628.96 6158.85 7464.20 6151.93
26071-300-M6-053-00309 0.06018136441707611 5755.94 1479.42 5916.33 1478.96 5916.74 1625.89 5756.36 1626.34
26071-300-M6-053-00309 0.05414974316954613 5530.83 3963.69 5612.62 3967.57 5605.83 4110.59 5524.05 4106.71
26071-450-M6-082-00009 0.9952144622802734 6082.11 5733.04 6203.84 5734.91 6201.29 5900.07 6079.57 5898.19
26071-450-M6-082-00009 0.11712826043367386 4890.40 5750.51 5037.12 5759.00 5028.31 5911.22 4881.60 5902.73
26071-450-M6-082-00009 0.07987167686223984 2758.70 4776.06 2911.97 4772.57 2915.43 4924.45 2762.16 4927.94
26071-450-M6-082-00009 0.06975618004798889 2575.49 2739.56 2620.08 2739.64 2620.02 2770.29 2575.43 2770.20
26071-450-M6-082-00009 0.051960818469524384 3631.20 5103.02 3661.29 5103.51 3660.57 5147.63 3630.48 5147.14
26071-200-M6-052-00552 0.9926079511642456 4902.46 3164.49 5021.71 3164.89 5021.15 3332.81 4901.90 3332.41
26071-200-M6-052-00552 0.9921292066574097 5610.02 5006.47 5732.07 5010.43 5726.66 5176.80 5604.62 5172.84
26071-200-M6-052-00552 0.05100015923380852 5669.56 3997.17 5796.03 4008.12 5785.82 4126.09 5659.35 4115.14
26071-750-M6-085-00007 0.9950889945030212 5724.44 5554.72 5845.22 5553.12 5847.40 5718.47 5726.63 5720.07
26071-750-M6-085-00007 0.07349799573421478 4051.98 2763.37 4096.28 2762.91 4096.59 2793.49 4052.29 2793.95
26071-750-M6-085-00007 0.06936899572610855 4051.94 2614.96 4097.63 2616.54 4096.60 2646.19 4050.92 2644.61
26071-750-M6-085-00007 0.06868074834346771 6362.28 4162.04 6509.15 4168.00 6502.85 4323.46 6355.98 4317.51
26071-750-M6-085-00007 0.053454551845788956 4965.79 4749.11 4996.37 4749.76 4995.42 4794.55 4964.84 4793.90
26071-750-M6-085-00007 0.050317391753196716 6665.73 5753.42 6809.72 5760.08 6802.62 5913.54 6658.63 5906.88
26071-203-M6-064-00271 0.3903946280479431 2137.48 6191.49 2254.82 6191.36 2255.02 6364.58 2137.68 6364.72
26071-203-M6-064-00271 0.3426341116428375 2463.41 6181.84 2590.27 6180.20 2592.72 6370.39 2465.87 6372.03
26071-203-M6-064-00271 0.33533549308776855 3499.76 6184.56 3626.24 6180.44 3632.36 6368.13 3505.88 6372.25
26071-203-M6-064-00271 0.32876551151275635 4161.29 6183.09 4288.11 6180.31 4292.15 6364.25 4165.33 6367.04
26071-203-M6-064-00271 0.30689430236816406 3830.98 6187.66 3957.57 6183.11 3964.28 6369.93 3837.69 6374.48
26071-203-M6-064-00271 0.0929826945066452 4582.67 3729.77 4707.79 3728.34 4710.13 3934.04 4585.00 3935.46
26071-203-M6-064-00271 0.07416897267103195 5047.59 1468.42 5160.97 1442.32 5212.19 1664.91 5098.81 1691.00
26071-203-M6-064-00271 0.07314341515302658 1888.09 3418.58 2011.83 3415.18 2017.64 3626.60 1893.90 3630.00
26071-203-M6-064-00271 0.06216255575418472 6404.33 3427.18 6520.83 3427.38 6520.49 3628.52 6403.99 3628.33
26071-203-M6-337-00031 0.9907434582710266 2454.15 2708.40 2574.31 2701.63 2583.80 2870.17 2463.64 2876.94
26071-203-M6-337-00031 0.9891273379325867 2644.07 2704.05 2763.65 2708.55 2757.29 2877.55 2637.71 2873.05
26071-203-M6-337-00031 0.9865061640739441 2056.13 6488.02 2175.17 6487.30 2176.20 6655.48 2057.15 6656.21
26071-203-M6-337-00031 0.4051928222179413 5346.50 678.97 5643.25 677.47 5643.87 799.91 5347.12 801.41
26071-203-M6-337-00031 0.08315632492303848 5605.59 2089.21 5798.61 2098.90 5789.57 2279.28 5596.54 2269.59
26071-203-M6-337-00031 0.055288009345531464 5617.24 1401.69 5805.52 1413.18 5793.66 1607.42 5605.39 1595.93
26071-203-M6-337-00031 0.0546967051923275 5604.77 2503.95 5797.72 2516.49 5785.29 2707.71 5592.34 2695.17
26071-203-M6-337-00031 0.05290605500340462 5606.91 2856.02 5805.94 2883.15 5781.43 3062.92 5582.40 3035.78
26071-203-M6-332-00001 0.9944732785224915 7293.33 4237.89 7412.66 4241.43 7407.56 4413.50 7288.23 4409.96
26071-203-M6-332-00001 0.9915649890899658 2700.38 2152.72 2821.38 2152.59 2821.55 2318.93 2700.55 2319.06
26071-203-M6-332-00001 0.10249009728431702 5461.97 3025.81 5618.84 3021.21 5624.67 3219.98 5467.79 3224.58
26071-203-M6-332-00001 0.09989538043737411 3363.90 3025.15 3520.93 3022.63 3524.12 3221.62 3367.09 3224.13
26071-203-M6-332-00001 0.09871192276477814 6015.89 3021.81 6161.36 2972.96 6243.05 3216.22 6097.57 3265.07
26071-203-M6-332-00001 0.09214518219232559 3914.95 3022.04 4060.47 2971.91 4144.74 3216.50 3999.22 3266.63
26071-203-M6-332-00001 0.07652511447668076 4765.22 3011.74 4889.95 2991.68 4922.38 3193.36 4797.65 3213.41
26071-203-M6-332-00001 0.07351148873567581 4250.15 3078.53 4373.46 3036.61 4429.70 3202.06 4306.39 3243.97
26071-203-M6-332-00001 0.06437572091817856 5933.54 3131.29 6022.09 3064.74 6178.20 3272.45 6089.65 3339.00
26071-203-M6-079-00001 0.35381370782852173 2644.09 4477.36 2764.88 4476.31 2766.45 4656.06 2645.65 4657.11
26071-200-M6-052-00150 0.10673986375331879 3978.41 1448.21 4131.86 1456.10 4124.01 1608.61 3970.56 1600.72
26071-200-M6-052-00150 0.061084575951099396 2151.90 1477.43 2298.74 1451.11 2329.58 1623.13 2182.74 1649.45
26071-200-M6-052-00150 0.060086045414209366 8094.73 4709.36 8210.10 4715.39 8203.64 4839.07 8088.26 4833.04
26071-200-M6-052-00003 0.9919397234916687 3485.48 1887.88 3603.97 1888.86 3602.58 2056.57 3484.09 2055.59
26071-200-M6-052-00003 0.9910526871681213 4241.04 5551.98 4362.10 5552.46 4361.44 5718.69 4240.38 5718.21
26071-200-M6-052-00003 0.07772165536880493 7566.73 1278.69 7687.39 1291.39 7674.51 1413.73 7553.86 1401.03
26071-200-M6-052-00003 0.0727023184299469 1568.11 2080.07 1720.03 2073.50 1726.72 2228.15 1574.80 2234.72
26071-200-M6-052-00003 0.06336112320423126 4276.65 5070.20 4321.42 5071.61 4320.45 5102.10 4275.69 5100.69
26071-700-M6-054-00036 0.992420494556427 4912.67 2054.41 5031.48 2053.60 5032.62 2220.75 4913.81 2221.56
26071-700-M6-054-00036 0.19552847743034363 4306.53 5161.10 4424.00 5164.42 4420.48 5288.62 4303.01 5285.29
26071-700-M6-054-00036 0.10304509848356247 4458.69 1552.70 4622.15 1534.62 4639.39 1690.47 4475.93 1708.55
26071-700-M6-054-00036 0.08547723293304443 4528.67 5027.57 4648.22 5038.91 4636.34 5164.11 4516.80 5152.77
26071-700-M6-054-00036 0.06884659826755524 4051.94 3685.55 4097.37 3684.63 4097.95 3713.51 4052.52 3714.42
26071-700-M6-054-00036 0.057219959795475006 3852.20 3465.17 3896.73 3465.18 3896.72 3495.25 3852.19 3495.23
26071-700-M6-054-00036 0.05213671922683716 4232.89 2131.83 4386.83 2120.13 4398.87 2278.48 4244.93 2290.18
26071-203-M6-320-00044 0.07036705315113068 2499.82 2901.38 2617.47 2915.67 2603.36 3031.82 2485.71 3017.52
26071-203-M6-320-00044 0.060907572507858276 3697.36 3153.86 3817.39 3171.21 3800.68 3286.83 3680.65 3269.48
26071-203-M6-320-00044 0.05611317232251167 1300.65 3151.45 1418.95 3173.91 1396.74 3290.93 1278.43 3268.47
26071-600-M6-065-00231 0.20992974936962128 1830.29 4998.89 1944.43 4992.57 1951.32 5117.06 1837.17 5123.38
26071-600-M6-065-00231 0.10192517936229706 6461.06 3459.58 6505.44 3459.39 6505.57 3490.14 6461.19 3490.33
26071-600-M6-065-00231 0.0665149837732315 7418.94 3459.77 7464.00 3460.31 7463.64 3490.62 7418.58 3490.08
26071-600-M6-065-00231 0.06502220779657364 3461.50 3501.55 3505.48 3501.03 3505.84 3531.51 3461.86 3532.03
26071-600-M6-065-00231 0.06330469995737076 3136.72 5302.94 3166.73 5304.69 3164.13 5349.12 3134.12 5347.37
26071-600-M6-065-00231 0.0610077902674675 3294.72 3521.39 3340.30 3523.80 3338.66 3554.97 3293.07 3552.56
26071-600-M6-065-00231 0.05687310919165611 6060.25 3460.59 6104.55 3461.20 6104.16 3490.30 6059.85 3489.69
26071-600-M6-065-00231 0.05401189252734184 6461.36 3311.70 6505.80 3311.91 6505.66 3342.90 6461.21 3342.69
26071-500-M6-059-00071 0.13551661372184753 1227.43 5173.86 1375.25 5197.30 1351.38 5347.85 1203.56 5324.41
26071-500-M6-059-00071 0.10936379432678223 5477.94 3441.13 5630.40 3451.47 5619.97 3605.28 5467.51 3594.95
26071-500-M6-059-00071 0.0742296427488327 6550.88 2468.44 6702.06 2480.55 6689.65 2635.34 6538.48 2623.23
26071-500-M6-059-00071 0.06520161777734756 879.80 4510.38 1030.92 4526.45 1014.08 4684.81 862.96 4668.74
26071-203-M6-320-00008 0.9946703314781189 3631.78 6010.62 3752.67 6013.09 3749.23 6180.99 3628.34 6178.51
26071-203-M6-320-00008 0.9929418563842773 4859.38 1989.58 4979.30 1988.15 4981.28 2153.52 4861.36 2154.95
26071-203-M6-320-00008 0.9898386001586914 6000.45 5938.15 6122.59 5942.83 6116.19 6109.67 5994.06 6104.99
26071-203-M6-320-00008 0.06029292568564415 2369.88 4230.74 2522.92 4234.69 2521.73 4280.77 2368.69 4276.83
26071-203-M6-320-00008 0.05063202604651451 4950.30 4059.17 5039.27 4056.98 5040.35 4100.75 4951.38 4102.94
26071-203-M6-337-00007 0.9910849928855896 2790.91 6456.12 2910.53 6457.35 2908.79 6627.06 2789.16 6625.83
26071-203-M6-337-00007 0.9883869290351868 2791.91 3695.72 2911.66 3699.90 2905.66 3871.60 2785.92 3867.42
26071-200-M6-052-00090 0.9897880554199219 3603.15 3423.89 3722.34 3426.88 3718.16 3593.57 3598.97 3590.58
26071-200-M6-052-00090 0.9894644021987915 6556.31 3310.43 6676.39 3312.90 6673.01 3476.91 6552.93 3474.44
26071-200-M6-052-00090 0.9884019494056702 6789.70 4096.21 6910.31 4095.38 6911.46 4263.93 6790.85 4264.75
26071-200-M6-052-00090 0.9882643222808838 3544.13 1581.65 3664.60 1584.19 3661.10 1750.24 3540.64 1747.71
26071-200-M6-052-00090 0.07422418892383575 5752.14 2376.52 5888.81 2368.92 5897.03 2516.78 5760.36 2524.37
26071-200-M6-052-00090 0.06971456855535507 5992.46 3323.92 6035.93 3324.21 6035.73 3355.65 5992.25 3355.37
26071-200-M6-052-00090 0.06836352497339249 6156.98 4013.87 6244.04 4027.24 6231.01 4112.13 6143.95 4098.76
26071-200-M6-052-00090 0.06764253228902817 3144.66 4008.12 3235.44 4018.68 3223.63 4120.18 3132.85 4109.62
26071-200-M6-052-00090 0.0650961622595787 7314.81 2168.84 7431.93 2177.46 7423.28 2294.98 7306.17 2286.36
26071-200-M6-052-00090 0.061231888830661774 2696.58 3323.81 2740.79 3324.46 2740.34 3355.67 2696.12 3355.03
26071-200-M6-052-00090 0.059814270585775375 3010.61 1571.99 3168.49 1580.78 3160.11 1731.29 3002.23 1722.50
26071-200-M6-052-00090 0.05957077443599701 6903.49 3977.65 7048.94 3953.10 7074.56 4104.92 6929.11 4129.47
26071-200-M6-052-00090 0.05673498660326004 5610.73 3649.67 5655.54 3650.02 5655.31 3679.32 5610.51 3678.97
26071-200-M6-052-00090 0.055693864822387695 3164.94 3650.63 3209.30 3649.30 3210.21 3679.63 3165.85 3680.96
26071-200-M6-052-00090 0.052810657769441605 5822.72 3648.91 5867.76 3649.53 5867.35 3679.26 5822.31 3678.64
26071-200-M6-052-00090 0.05194859206676483 2598.59 3649.83 2643.40 3650.22 2643.14 3679.38 2598.34 3679.00
26071-200-M6-052-00090 0.05167015641927719 6178.22 3648.17 6222.77 3649.89 6221.61 3680.09 6177.06 3678.37
26071-203-M6-320-00061 0.050284236669540405 4598.69 4792.03 4710.44 4777.09 4727.69 4906.12 4615.94 4921.05
26071-600-M6-065-00037 0.0770832970738411 2173.69 3391.56 2218.93 3391.43 2219.02 3421.36 2173.78 3421.50
26071-600-M6-065-00037 0.06673160940408707 5315.91 3450.54 5361.36 3450.01 5361.72 3480.82 5316.28 3481.36
26071-600-M6-065-00037 0.06432131677865982 7489.05 5070.01 7645.99 5061.63 7654.16 5214.74 7497.23 5223.12
26071-600-M6-065-00037 0.06282415241003036 5999.46 3206.21 6044.55 3205.00 6045.34 3234.66 6000.26 3235.88
26071-600-M6-065-00037 0.06185686215758324 2693.33 3205.50 2739.12 3206.23 2738.64 3236.38 2692.85 3235.65
26071-600-M6-065-00037 0.06161421537399292 3343.24 3437.30 3388.13 3437.64 3387.90 3468.21 3343.01 3467.86
26071-600-M6-065-00037 0.058902740478515625 1947.61 3469.74 1993.80 3469.42 1994.02 3499.66 1947.83 3499.98
26071-300-M6-053-00010 0.9938517808914185 2004.03 5138.27 2124.21 5133.27 2131.19 5300.89 2011.02 5305.90
26071-300-M6-053-00010 0.0780215859413147 6295.96 2577.49 6341.58 2582.99 6337.90 2613.53 6292.28 2608.03
26071-300-M6-053-00010 0.0738309696316719 2695.05 4291.46 2740.71 4293.22 2739.54 4323.68 2693.88 4321.93
26071-300-M6-053-00010 0.06707262247800827 7042.63 3129.83 7134.63 3134.46 7129.93 3227.84 7037.93 3223.21
26071-300-M6-053-00010 0.06373920291662216 5192.04 1787.74 5341.14 1808.20 5319.61 1965.09 5170.51 1944.63
26071-300-M6-053-00010 0.060556668788194656 5191.50 2081.40 5339.89 2103.08 5317.05 2259.48 5168.65 2237.80
26071-300-M6-053-00010 0.059071216732263565 6245.34 2605.63 6407.83 2572.08 6430.55 2682.11 6268.06 2715.66
26071-300-M6-053-00010 0.05461113154888153 3876.10 3023.42 4017.28 3019.92 4021.15 3176.15 3879.97 3179.65
26071-300-M6-053-00010 0.05385156348347664 2693.66 4512.23 2738.08 4512.61 2737.82 4542.83 2693.40 4542.45
26071-200-M6-052-00540 0.10669272392988205 4037.91 4848.01 4100.79 4861.14 4012.20 5285.48 3949.32 5272.36
26071-200-M6-052-00540 0.0998125746846199 1644.97 4852.27 1708.50 4855.51 1687.39 5268.98 1623.85 5265.73
26071-200-M6-052-00540 0.09812573343515396 5822.89 4850.57 5883.72 4855.86 5848.93 5255.69 5788.10 5250.39
26071-200-M6-052-00540 0.09773990511894226 3145.39 4845.80 3208.88 4853.10 3160.37 5274.97 3096.88 5267.67
26071-200-M6-052-00540 0.09268151968717575 6115.69 5307.76 6179.09 5318.78 6107.96 5727.93 6044.57 5716.91
26071-200-M6-052-00540 0.08987423777580261 4937.89 4853.37 5000.90 4856.39 4980.68 5278.34 4917.67 5275.32
26071-200-M6-052-00540 0.08894874155521393 4642.16 5311.40 4708.06 5315.30 4684.88 5706.61 4618.99 5702.70
26071-200-M6-052-00540 0.08525680750608444 5243.42 5326.34 5305.68 5332.22 5270.35 5706.22 5208.08 5700.33
26071-200-M6-052-00540 0.08496915549039841 1340.61 5312.83 1402.06 5314.54 1390.78 5718.71 1329.33 5717.00
26071-200-M6-052-00540 0.0825665146112442 7027.01 5308.27 7084.80 5309.17 7078.75 5699.02 7020.96 5698.13
26071-200-M6-052-00540 0.08118758350610733 731.79 4851.91 793.70 4862.54 719.93 5292.17 658.03 5281.54
26071-200-M6-052-00540 0.08040974289178848 6408.59 4838.94 6470.86 4845.90 6419.26 5307.70 6356.99 5300.74
26071-200-M6-052-00540 0.07849711179733276 1909.29 5317.64 1968.32 5317.70 1967.92 5720.50 1908.90 5720.44
26071-200-M6-052-00540 0.07846995443105698 7335.57 4852.24 7395.79 4859.05 7353.82 5230.21 7293.60 5223.40
26071-200-M6-052-00540 0.07833805680274963 6756.58 4819.96 6810.38 4822.59 6789.14 5256.84 6735.34 5254.21
26071-200-M6-052-00540 0.07795603573322296 2556.46 5300.89 2616.53 5304.35 2593.19 5709.68 2533.12 5706.22
26071-200-M6-052-00540 0.07776498794555664 6722.43 1224.78 6781.22 1231.03 6738.81 1629.99 6680.02 1623.74
26071-200-M6-052-00540 0.06655298173427582 7732.88 4848.56 7793.39 4847.21 7802.25 5243.90 7741.74 5245.25
26071-200-M6-052-00540 0.0660289004445076 3409.25 5303.60 3468.89 5305.89 3452.11 5744.38 3392.47 5742.09
26071-200-M6-052-00540 0.0647592544555664 3779.41 4812.22 3848.71 4812.26 3848.40 5302.24 3779.10 5302.20
26071-200-M6-052-00540 0.06325607001781464 7852.08 5326.98 7918.56 5329.38 7904.63 5715.71 7838.15 5713.31
26071-200-M6-052-00540 0.06305219978094101 1070.46 4840.47 1138.89 4842.22 1127.29 5295.72 1058.86 5293.97
26071-200-M6-052-00540 0.062362659722566605 6149.33 1195.65 6202.65 1201.53 6157.59 1610.74 6104.27 1604.86
26071-200-M6-052-00540 0.061406172811985016 986.21 5303.53 1051.22 5311.00 1003.24 5728.92 938.23 5721.46
26071-200-M6-052-00540 0.06050248071551323 7970.81 4837.99 8037.41 4836.24 8049.35 5289.51 7982.74 5291.27
26071-200-M6-052-00540 0.060283929109573364 814.30 5299.82 877.09 5304.40 843.32 5767.64 780.53 5763.06
26071-200-M6-052-00540 0.05973832681775093 4367.34 4835.27 4439.15 4837.00 4427.91 5303.93 4356.10 5302.20
26071-200-M6-052-00540 0.05856465548276901 6942.47 4846.17 7003.03 4845.87 7005.09 5259.81 6944.53 5260.11
26071-200-M6-052-00540 0.05783858895301819 4283.05 5304.23 4347.62 5311.33 4301.52 5730.71 4236.95 5723.61
26071-200-M6-052-00540 0.05746642127633095 1958.93 1216.55 2016.45 1219.96 1992.11 1629.95 1934.59 1626.54
26071-200-M6-052-00540 0.05638072267174721 5993.55 4845.86 6065.65 4846.49 6061.60 5307.20 5989.50 5306.56
26071-200-M6-052-00540 0.05605790391564369 7503.70 4831.90 7569.53 4834.55 7550.80 5299.29 7484.97 5296.64
26071-200-M6-052-00540 0.0558113157749176 8093.30 5319.11 8159.94 5322.27 8141.41 5712.83 8074.77 5709.67
26071-200-M6-052-00540 0.054636649787425995 1257.48 4845.62 1329.37 4846.10 1326.26 5307.86 1254.38 5307.38
26071-200-M6-052-00540 0.05386124551296234 7130.17 4836.11 7203.71 4837.48 7194.81 5314.55 7121.28 5313.18
26071-200-M6-052-00540 0.05342070013284683 4840.52 5304.96 4902.89 5304.57 4905.41 5711.71 4843.04 5712.10
26071-200-M6-052-00540 0.05250224471092224 1826.55 4844.11 1892.68 4847.17 1871.73 5299.68 1805.59 5296.62
26071-200-M6-052-00540 0.05112442746758461 4554.69 4834.97 4628.15 4836.44 4618.75 5306.58 4545.28 5305.12
26071-200-M6-052-00540 0.05060797557234764 6636.23 5300.61 6695.95 5295.06 6734.45 5708.78 6674.73 5714.34
26071-200-M6-052-00540 0.050294179469347 3313.67 4850.49 3384.95 4851.48 3378.65 5307.13 3307.37 5306.15
26071-200-M6-052-00540 0.050149284303188324 1449.25 4843.57 1522.90 4844.90 1514.50 5309.98 1440.85 5308.65
26071-203-M6-160-00291 0.9957440495491028 7825.51 3878.84 7949.54 3875.98 7953.36 4041.58 7829.34 4044.45
26071-203-M6-160-00291 0.11169943958520889 3033.17 2240.10 3338.14 2231.14 3341.92 2359.76 3036.95 2368.72
26071-203-M6-160-00291 0.09218806028366089 2762.48 6183.13 2908.32 6190.41 2900.49 6347.19 2754.66 6339.92
26071-203-M6-160-00291 0.06476101279258728 1281.64 639.44 1431.75 654.49 1416.40 807.56 1266.29 792.51
26071-203-M6-160-00291 0.061075177043676376 3047.61 3839.12 3092.32 3838.61 3092.65 3868.30 3047.95 3868.81
26071-203-M6-160-00291 0.05467446520924568 6437.56 3092.18 6466.65 3094.52 6463.12 3138.45 6434.03 3136.11
26071-203-M6-160-00291 0.05413564667105675 1329.53 1496.24 1361.39 1496.40 1361.16 1542.19 1329.30 1542.03
26071-203-M6-160-00291 0.05367748811841011 2922.11 3591.92 2953.00 3592.78 2951.76 3636.97 2920.88 3636.11
26071-600-M6-066-00002 0.0887501910328865 4051.40 4512.61 4096.49 4511.89 4096.97 4542.00 4051.89 4542.73
26071-600-M6-066-00002 0.05679430440068245 4050.93 2378.94 4094.93 2377.43 4095.99 2408.66 4052.00 2410.16
26071-600-M6-066-00002 0.05308326333761215 3773.69 2858.04 3804.44 2859.90 3801.71 2905.10 3770.96 2903.25
26071-600-M6-066-00002 0.051015473902225494 4652.73 2380.16 4698.22 2380.33 4698.10 2409.88 4652.62 2409.71
26071-300-M6-053-00008 0.9947906732559204 2063.36 6300.30 2184.17 6295.84 2190.24 6460.29 2069.44 6464.75
26071-203-M6-060-00001 0.27953314781188965 2110.37 4172.89 2226.87 4172.93 2226.79 4367.79 2110.29 4367.74
26071-200-M6-063-00010 0.07489322870969772 3163.76 3936.64 3209.25 3936.63 3209.26 3967.64 3163.77 3967.65
26071-200-M6-063-00010 0.05726619064807892 3164.79 4156.12 3208.65 4156.39 3208.45 4187.36 3164.60 4187.08
26071-200-M6-063-00010 0.05234886333346367 4227.84 4712.10 4273.18 4712.14 4273.14 4742.86 4227.81 4742.81
26071-203-M6-060-00006 0.12822912633419037 2176.18 4226.86 2324.48 4240.69 2309.98 4396.22 2161.68 4382.40
26071-203-M6-325-00013 0.9914323091506958 5041.07 6306.64 5162.47 6309.97 5157.86 6477.99 5036.47 6474.66
26071-203-M6-325-00013 0.9907535314559937 1562.85 3981.57 1682.78 3984.60 1678.54 4152.82 1558.61 4149.80
26071-203-M6-325-00013 0.07705993950366974 6568.66 2394.39 6601.92 2397.07 6592.33 2515.90 6559.08 2513.22
26071-203-M6-325-00013 0.06166788935661316 3396.01 3986.69 3548.51 4000.49 3534.39 4156.57 3381.89 4142.78
26071-675-M6-068-00041 0.06939460337162018 7001.70 4163.37 7118.90 4180.52 7102.21 4294.52 6985.02 4277.37
26071-675-M6-068-00041 0.06413794308900833 4001.66 4159.68 4119.03 4179.19 4099.73 4295.29 3982.36 4275.77
26071-675-M6-068-00041 0.05668384209275246 3342.04 4157.99 3460.47 4179.43 3439.50 4295.24 3321.08 4273.80
26071-675-M6-068-00041 0.05384511500597 6668.78 4161.96 6789.29 4171.06 6780.04 4293.69 6659.52 4284.59
26071-675-M6-068-00041 0.05292825400829315 3997.57 2625.83 4115.80 2643.42 4098.16 2762.05 3979.92 2744.46
26071-675-M6-068-00041 0.0514630563557148 6342.90 4159.10 6461.99 4182.34 6439.48 4297.71 6320.39 4274.47
26071-675-M6-068-00041 0.05048615485429764 4332.90 4157.18 4451.08 4179.44 4429.78 4292.54 4311.60 4270.28
26071-300-M6-053-00012 0.9958678483963013 6564.50 6463.17 6686.16 6460.98 6689.14 6626.04 6567.47 6628.23
26071-300-M6-053-00012 0.9958279728889465 4686.85 6463.28 4808.04 6461.31 4810.72 6626.15 4689.53 6628.11
26071-300-M6-053-00012 0.9954034090042114 5492.28 4844.02 5613.01 4845.05 5611.62 5009.98 5490.88 5008.96
26071-300-M6-053-00012 0.9939008951187134 3921.17 4723.62 4040.57 4724.73 4039.02 4891.48 3919.63 4890.37
26071-300-M6-053-00012 0.06778335571289062 4902.34 4803.30 5023.44 4803.72 5022.76 5000.81 4901.66 5000.39
26071-300-M6-053-00012 0.06694468855857849 4311.21 3944.25 4355.96 3944.64 4355.69 3974.76 4310.94 3974.36
26071-300-M6-053-00012 0.062378525733947754 3676.46 6324.58 3819.49 6334.95 3807.96 6493.83 3664.93 6483.45
26071-300-M6-053-00012 0.05461334437131882 3130.82 2827.95 3177.11 2828.90 3176.49 2858.90 3130.20 2857.95
26071-300-M6-053-00012 0.050194136798381805 4631.44 3494.32 4676.45 3494.81 4676.12 3525.23 4631.11 3524.74
26071-450-M6-082-00221 0.09466621279716492 359.34 4978.34 902.15 4977.43 902.25 5036.82 359.44 5037.73
26071-675-M6-068-00034 0.08087187260389328 3049.36 4880.59 3158.40 4881.42 3157.27 5029.88 3048.23 5029.05
26071-675-M6-068-00034 0.07435247302055359 2855.94 4825.72 2900.95 4826.03 2900.75 4855.94 2855.74 4855.64
26071-675-M6-068-00034 0.07332241535186768 3804.68 4877.61 3905.41 4879.29 3902.97 5025.53 3802.24 5023.85
26071-675-M6-068-00034 0.06859362870454788 3456.70 4823.32 3501.73 4823.52 3501.60 4853.15 3456.57 4852.96
26071-450-M6-082-00031 0.9953416585922241 3673.21 5175.53 3793.03 5175.38 3793.24 5340.64 3673.42 5340.79
26071-450-M6-082-00031 0.9952965378761292 5962.99 5141.13 6082.99 5139.55 6085.16 5304.03 5965.16 5305.62
26071-450-M6-082-00031 0.9942644238471985 4607.04 2646.04 4725.80 2646.87 4724.65 2811.74 4605.88 2810.91
26071-450-M6-082-00031 0.052352484315633774 4271.10 1875.86 4430.49 1872.61 4433.45 2018.16 4274.06 2021.41
26071-450-M6-082-00031 0.05055856704711914 3023.34 3424.13 3068.12 3424.22 3068.07 3454.16 3023.28 3454.08
26071-200-M6-062-00276 0.9955216646194458 1241.41 4722.95 1361.78 4726.31 1357.13 4892.69 1236.77 4889.33
26071-200-M6-062-00276 0.07084852457046509 2990.66 4067.91 3035.45 4068.40 3035.12 4098.92 2990.33 4098.43
26071-200-M6-062-00276 0.06765926629304886 5055.36 4068.32 5099.69 4066.38 5101.00 4096.47 5056.67 4098.40
26071-200-M6-062-00276 0.06667250394821167 5350.17 4069.13 5396.11 4068.28 5396.65 4097.54 5350.70 4098.39
26071-200-M6-062-00276 0.06589587032794952 5172.03 4069.29 5217.50 4067.72 5218.53 4097.58 5173.06 4099.15
26071-200-M6-062-00276 0.06081569939851761 5443.19 4068.82 5488.65 4067.49 5489.51 4097.26 5444.05 4098.59
26071-200-M6-062-00276 0.06046773120760918 3165.36 4068.46 3210.09 4066.85 3211.18 4097.01 3166.45 4098.63
26071-500-M6-059-00011 0.9931634664535522 5163.09 6472.95 5281.50 6474.30 5279.60 6641.41 5161.19 6640.06
26071-500-M6-059-00011 0.09743484109640121 6075.67 2429.97 6229.93 2431.67 6228.32 2577.73 6074.06 2576.03
26071-500-M6-059-00011 0.05610806494951248 4477.08 1557.29 4632.07 1550.33 4638.52 1694.11 4483.53 1701.06
26071-600-M6-065-00021 0.9955769777297974 3773.86 6202.58 3893.71 6198.54 3899.19 6361.40 3779.35 6365.44
26071-600-M6-065-00021 0.993586003780365 5547.08 6296.51 5667.46 6293.29 5671.91 6459.72 5551.54 6462.95
26071-600-M6-065-00021 0.2218092679977417 2221.76 1469.72 2519.75 1447.59 2528.91 1570.99 2230.93 1593.12
26071-600-M6-065-00021 0.09475992619991302 4264.10 2963.93 4308.85 2965.20 4307.99 2995.37 4263.24 2994.10
26071-600-M6-065-00021 0.0639563798904419 5503.96 6466.92 5711.44 6462.54 5712.47 6511.27 5504.99 6515.65
26071-600-M6-065-00021 0.061365608125925064 5671.21 3982.57 5819.58 3952.70 5854.09 4124.15 5705.72 4154.01
26071-600-M6-065-00021 0.059110257774591446 3567.43 5432.83 3712.71 5434.86 3712.05 5481.91 3566.77 5479.88
26071-500-M6-059-00013 0.07202702760696411 2329.97 4978.04 2481.32 4906.52 2548.95 5049.66 2397.60 5121.18
26071-500-M6-059-00044 0.1057637631893158 1878.83 3965.79 2031.90 3964.42 2033.16 4105.60 1880.10 4106.97
26071-500-M6-059-00044 0.06989624351263046 4955.73 3011.78 4985.31 3013.59 4982.54 3058.88 4952.95 3057.06
26071-500-M6-059-00044 0.06591644883155823 5449.16 3965.88 5607.26 3948.16 5624.91 4105.58 5466.80 4123.31
26071-200-M6-052-00093 0.995271623134613 1833.36 2124.77 1952.23 2127.74 1948.06 2294.88 1829.19 2291.91
26071-200-M6-052-00093 0.9938993453979492 1832.20 3421.87 1951.52 3424.26 1948.15 3592.91 1828.83 3590.52
26071-200-M6-052-00093 0.9935303330421448 5787.26 3836.05 5906.48 3836.89 5905.28 4006.87 5786.06 4006.02
26071-200-M6-052-00093 0.05598744750022888 7059.01 3595.28 7091.93 3595.98 7089.47 3711.39 7056.55 3710.69
26071-200-M6-052-00093 0.052466485649347305 4860.07 1485.70 5004.35 1449.95 5044.78 1613.16 4900.50 1648.90
26071-200-M6-052-00002 0.9894092082977295 647.81 5314.91 768.58 5313.75 770.19 5481.01 649.42 5482.18
26071-200-M6-052-00002 0.9888829588890076 1712.26 5554.16 1831.56 5553.80 1832.05 5720.11 1712.75 5720.47
26071-200-M6-052-00002 0.07213948667049408 6450.54 1914.14 6479.03 1913.26 6480.42 1958.54 6451.93 1959.42
26071-200-M6-052-00002 0.05756331607699394 3638.22 3307.37 3682.78 3307.61 3682.62 3337.39 3638.05 3337.15
26071-200-M6-052-00002 0.054877471178770065 5493.72 4256.59 5643.31 4294.77 5603.95 4448.99 5454.36 4410.81
26071-200-M6-052-00002 0.054535020142793655 7256.07 6191.13 7399.30 6151.78 7447.05 6325.60 7303.82 6364.94
26071-750-M6-085-00012 0.19839505851268768 1655.89 2422.89 1774.25 2428.69 1768.26 2550.95 1649.90 2545.14
26071-750-M6-085-00012 0.06366148591041565 4835.30 3566.95 4983.17 3554.91 4995.89 3711.04 4848.02 3723.08
26071-750-M6-085-00012 0.05670894682407379 3496.03 4300.09 3612.05 4299.26 3612.99 4430.68 3496.97 4431.52
26071-750-M6-085-00012 0.053918901830911636 2831.26 4467.51 2985.19 4473.68 2979.14 4624.55 2825.21 4618.37
26071-750-M6-085-00012 0.051190197467803955 4198.67 6217.32 4352.59 6207.31 4362.30 6356.48 4208.38 6366.50
26071-200-M6-062-00277 0.10449177771806717 4791.02 1870.26 4910.17 1882.51 4897.67 2004.29 4778.51 1992.05
26071-200-M6-062-00277 0.0825972706079483 6324.16 1873.83 6442.21 1886.14 6429.70 2006.21 6311.65 1993.90
26071-200-M6-062-00277 0.0513128824532032 6326.48 2464.40 6445.62 2482.02 6428.10 2600.52 6308.96 2582.91
26071-200-M6-062-00277 0.05068104341626167 4773.22 3285.11 4880.61 3264.45 4905.87 3395.75 4798.49 3416.41
26071-600-M6-065-00259 0.0646313726902008 6621.72 3695.61 6741.96 3714.86 6722.93 3833.81 6602.69 3814.57
26071-200-M6-052-00544 0.9937871694564819 1298.48 4956.57 1418.30 4958.87 1415.06 5127.32 1295.24 5125.01
26071-200-M6-052-00544 0.06332014501094818 698.90 3292.45 811.99 3278.99 827.14 3406.27 714.05 3419.74
26071-750-M6-085-00309 0.13038021326065063 6366.47 3875.19 6518.71 3869.76 6524.23 4024.49 6371.98 4029.92
