26071-500-M6-059-00017 0.05500516667962074 1866.50 3930.73 1915.94 3944.91 1908.00 3972.59 1858.56 3958.40
26071-500-M6-059-00017 0.05395713075995445 1946.06 3922.25 1988.88 3946.58 1973.05 3974.44 1930.23 3950.11
26071-600-M6-066-00012 0.06169479712843895 4165.50 3739.70 4277.13 3737.99 4277.64 3771.23 4166.01 3772.94
26071-500-M6-059-00248 0.07880045473575592 5095.78 4655.08 5197.40 4660.11 5195.73 4693.84 5094.11 4688.81
26071-203-M6-325-00012 0.07129794359207153 1588.29 2975.06 1620.66 2974.40 1622.71 3076.28 1590.34 3076.93
26071-203-M6-325-00012 0.053987450897693634 1585.55 5673.89 1618.48 5671.76 1625.15 5774.41 1592.22 5776.55
26071-700-M6-054-00246 0.09258832782506943 4487.87 4336.40 4583.47 4337.36 4583.14 4370.39 4487.54 4369.44
26071-500-M6-059-00040 0.08251611888408661 2531.95 1322.77 2593.56 1316.04 2607.58 1444.42 2545.97 1451.15
26071-500-M6-059-00040 0.05030226707458496 5866.18 2859.37 5897.68 2854.58 5904.55 2899.74 5873.04 2904.53
26071-550-M6-084-00248 0.06893853098154068 4487.96 3936.48 4514.81 3924.48 4532.34 3963.71 4505.50 3975.70
26071-550-M6-084-00248 0.06172440946102142 5071.59 3904.28 5202.42 3911.76 5200.64 3942.93 5069.81 3935.45
26071-203-M6-332-00008 0.1142897754907608 2560.36 3547.97 2610.68 3546.44 2613.71 3645.64 2563.39 3647.18
26071-203-M6-332-00008 0.09772265702486038 4934.53 3544.71 4993.42 3534.61 5010.45 3633.97 4951.56 3644.07
26071-203-M6-332-00008 0.09268493205308914 6654.09 3634.07 6706.17 3633.00 6708.25 3734.35 6656.17 3735.42
26071-203-M6-332-00008 0.08621041476726532 4223.14 3631.74 4273.59 3631.90 4273.27 3730.47 4222.82 3730.31
26071-203-M6-332-00008 0.08615104854106903 7397.77 3544.85 7446.78 3544.37 7447.79 3647.79 7398.78 3648.26
26071-203-M6-332-00008 0.0645652785897255 2248.31 3572.24 2338.07 3571.97 2338.21 3618.07 2248.45 3618.34
26071-203-M6-332-00008 0.06338829547166824 7077.91 3571.52 7166.54 3573.32 7165.63 3618.40 7077.00 3616.60
26071-203-M6-332-00008 0.061936043202877045 4648.40 3573.43 4737.90 3571.31 4738.98 3617.22 4649.48 3619.34
26071-200-M6-052-00080 0.11480731517076492 2797.42 3884.56 2835.30 3872.52 2863.59 3961.52 2825.71 3973.56
26071-200-M6-052-00080 0.09214874356985092 6219.42 3883.33 6260.12 3869.44 6287.63 3950.04 6246.93 3963.94
26071-200-M6-052-00080 0.0895618200302124 3398.58 3705.10 3519.86 3708.81 3518.91 3739.96 3397.63 3736.25
26071-200-M6-052-00080 0.05368434265255928 6776.85 2062.01 6832.62 2117.71 6792.76 2157.63 6736.99 2101.93
26071-200-M6-052-00080 0.05091118440032005 2199.21 6486.21 2219.61 6485.45 2219.95 6494.51 2199.55 6495.26
26071-203-M6-321-00604 0.07309386134147644 7169.46 1011.35 7227.35 1013.74 7225.82 1050.94 7167.92 1048.56
26071-203-M6-321-00604 0.0538443848490715 4658.94 1198.48 4707.87 1201.97 4706.62 1219.43 4657.69 1215.94
26071-300-M6-053-00309 0.056012943387031555 5987.71 1658.18 6038.12 1656.12 6042.32 1758.79 5991.91 1760.86
26071-300-M6-053-00309 0.05560503900051117 3387.21 3062.82 3426.21 3041.84 3439.97 3067.41 3400.97 3088.40
26071-300-M6-053-00309 0.05520142242312431 5994.72 1577.79 6029.49 1574.98 6035.26 1646.45 6000.49 1649.26
26071-300-M6-053-00309 0.05140899121761322 3389.14 5180.86 3433.35 5175.35 3437.10 5205.51 3392.90 5211.01
26071-750-M6-085-00007 0.19597870111465454 4737.52 4750.77 4851.61 4741.30 4857.88 4816.89 4743.80 4826.36
26071-750-M6-085-00007 0.05621735379099846 1178.57 2620.69 1221.87 2612.85 1227.26 2642.61 1183.96 2650.45
26071-750-M6-085-00007 0.05392734333872795 2772.39 2621.21 2815.90 2612.88 2821.60 2642.64 2778.08 2650.98
26071-750-M6-085-00007 0.05246001482009888 2453.44 2621.26 2496.85 2611.21 2503.68 2640.72 2460.28 2650.77
26071-750-M6-085-00007 0.05125514045357704 2540.92 2613.75 2587.27 2619.16 2583.88 2648.19 2537.53 2642.78
26071-203-M6-064-00271 0.057053860276937485 5114.42 4573.81 5168.89 4577.51 5166.14 4617.99 5111.67 4614.29
26071-203-M6-064-00271 0.05481179803609848 4273.48 4569.18 4337.09 4571.59 4335.39 4616.65 4271.77 4614.24
26071-203-M6-337-00031 0.17144718766212463 3544.96 1316.98 3602.88 1315.70 3605.18 1420.21 3547.26 1421.49
26071-203-M6-337-00031 0.11090510338544846 2087.12 5746.98 2199.83 5748.54 2199.38 5781.05 2086.68 5779.50
26071-203-M6-337-00031 0.0898541733622551 2733.96 1853.32 2936.97 1875.33 2907.54 2146.75 2704.53 2124.74
26071-203-M6-337-00031 0.08838511258363724 3532.49 1293.10 3569.83 1295.91 3566.16 1344.65 3528.83 1341.84
26071-203-M6-337-00031 0.08655409514904022 2732.07 2229.48 2934.58 2248.73 2908.03 2528.04 2705.52 2508.80
26071-203-M6-337-00031 0.08374650776386261 3536.38 1653.41 3577.53 1654.32 3576.36 1707.17 3535.20 1706.25
26071-203-M6-337-00031 0.06319595873355865 1662.56 2545.36 1694.88 2543.92 1699.22 2641.65 1666.90 2643.09
26071-203-M6-337-00031 0.05897260084748268 1670.63 2878.98 1702.88 2881.96 1692.95 2989.33 1660.70 2986.35
26071-203-M6-337-00031 0.05707714706659317 1664.06 5615.80 1696.26 5614.54 1700.24 5716.85 1668.04 5718.10
26071-203-M6-337-00031 0.05312931165099144 6950.99 5196.33 6983.08 5197.06 6980.80 5297.32 6948.71 5296.59
26071-203-M6-337-00031 0.05180682614445686 1669.00 5162.27 1700.81 5164.00 1695.00 5270.70 1663.19 5268.97
26071-203-M6-337-00031 0.05097237601876259 1661.34 5375.83 1694.81 5373.34 1702.82 5480.75 1669.35 5483.25
26071-203-M6-337-00031 0.050459105521440506 1668.19 4262.42 1700.46 4264.00 1695.17 4372.31 1662.90 4370.73
26071-203-M6-332-00001 0.11143308877944946 2989.13 2563.85 3082.59 2551.29 3088.96 2598.69 2995.50 2611.25
26071-203-M6-332-00001 0.11076632887125015 4244.95 2555.05 4337.87 2552.85 4339.01 2600.93 4246.09 2603.13
26071-203-M6-332-00001 0.10482043027877808 5090.94 2564.15 5181.85 2551.88 5188.18 2598.79 5097.28 2611.06
26071-203-M6-332-00001 0.09231467545032501 5498.09 2557.51 5593.73 2549.24 5598.14 2600.25 5502.50 2608.52
26071-203-M6-332-00001 0.0900513306260109 5920.34 2554.54 6014.83 2555.55 6014.33 2602.46 5919.84 2601.45
26071-203-M6-332-00001 0.08694276958703995 3817.40 2553.78 3920.83 2550.93 3922.23 2601.51 3818.80 2604.37
26071-203-M6-332-00001 0.08685076236724854 4656.54 2561.27 4756.49 2555.51 4759.10 2600.77 4659.15 2606.53
26071-203-M6-332-00001 0.07738387584686279 3402.63 2556.46 3498.23 2555.72 3498.59 2601.83 3402.98 2602.57
26071-203-M6-079-00001 0.07113111764192581 2478.06 1032.37 2510.63 1032.40 2510.57 1131.61 2478.00 1131.59
26071-200-M6-052-00150 0.08067359030246735 3012.19 2627.51 3173.23 2613.69 3177.43 2662.57 3016.38 2676.39
26071-200-M6-052-00150 0.0805705338716507 3651.28 3222.08 3688.53 3252.89 3667.78 3277.98 3630.53 3247.16
26071-200-M6-052-00150 0.07358672469854355 4557.57 5841.50 4651.35 5841.77 4651.22 5886.52 4557.44 5886.25
26071-200-M6-052-00150 0.06911759078502655 5855.83 5842.44 5948.25 5842.01 5948.46 5886.57 5856.04 5887.00
26071-200-M6-052-00150 0.052238255739212036 3636.34 2108.92 3663.55 2092.61 3687.26 2132.14 3660.05 2148.45
26071-200-M6-052-00150 0.05124266445636749 3643.52 2959.75 3689.16 2975.78 3678.68 3005.65 3633.03 2989.62
26071-200-M6-052-00150 0.050870105624198914 4376.16 3094.03 4393.29 3093.77 4394.02 3141.17 4376.88 3141.44
26071-200-M6-052-00003 0.10185566544532776 2783.15 4555.01 2901.55 4531.30 2918.21 4614.49 2799.81 4638.20
26071-200-M6-052-00003 0.06472165137529373 3463.62 3854.30 3506.97 3857.75 3504.71 3886.06 3461.37 3882.61
26071-700-M6-054-00036 0.07563444972038269 4642.85 3491.36 4675.81 3484.60 4693.82 3572.35 4660.86 3579.11
26071-203-M6-320-00044 0.08778154104948044 5218.31 3275.50 5309.71 3286.97 5294.28 3409.98 5202.88 3398.51
26071-600-M6-065-00231 0.06982322782278061 7415.85 3315.48 7459.93 3309.81 7464.02 3341.69 7419.95 3347.35
26071-600-M6-065-00231 0.0662638396024704 6055.86 3315.32 6099.95 3309.67 6103.86 3340.26 6059.78 3345.91
26071-600-M6-065-00231 0.05913594737648964 6390.83 3309.03 6436.63 3315.30 6432.50 3345.45 6386.70 3339.18
26071-600-M6-065-00231 0.0511544868350029 6682.79 1935.96 6768.81 1893.16 6825.47 2007.05 6739.44 2049.85
26071-500-M6-059-00071 0.06123247370123863 3989.81 2085.59 4081.24 2084.27 4081.99 2136.38 3990.56 2137.70
26071-500-M6-059-00071 0.05969930440187454 1607.06 2580.16 1654.40 2556.42 1692.78 2632.97 1645.44 2656.70
26071-500-M6-059-00071 0.05453760549426079 5567.50 3908.33 5663.58 3899.96 5668.22 3953.26 5572.14 3961.63
26071-500-M6-059-00071 0.05292971059679985 1632.38 3511.05 1677.82 3517.47 1673.45 3548.37 1628.01 3541.95
26071-203-M6-320-00008 0.05747799947857857 4941.19 4062.74 5035.29 4053.37 5039.68 4097.50 4945.58 4106.87
26071-203-M6-320-00008 0.05661910027265549 4902.89 4061.54 5056.26 4090.69 5015.97 4302.62 4862.61 4273.46
26071-203-M6-320-00008 0.05379427596926689 2579.50 4175.46 2631.97 4172.72 2636.74 4264.00 2584.27 4266.74
26071-203-M6-320-00008 0.050115715712308884 1580.62 4177.54 1613.57 4177.51 1613.66 4276.62 1580.70 4276.65
26071-500-M6-059-00116 0.1394398808479309 5702.63 5550.72 5749.62 5544.88 5761.96 5644.35 5714.98 5650.19
26071-500-M6-059-00116 0.09667310118675232 4366.81 3265.85 4410.26 3287.93 4376.83 3353.71 4333.38 3331.63
26071-500-M6-059-00116 0.09448623657226562 6232.41 5612.46 6279.53 5613.99 6276.04 5721.26 6228.92 5719.73
26071-500-M6-059-00116 0.06837230175733566 5900.12 5575.34 5937.36 5578.93 5932.72 5627.13 5895.48 5623.54
26071-500-M6-059-00116 0.06001367047429085 6816.46 5411.62 6865.73 5396.89 6877.42 5435.96 6828.15 5450.70
26071-500-M6-059-00116 0.058712854981422424 4340.74 4419.62 4370.69 4397.40 4400.32 4437.34 4370.37 4459.56
26071-550-M6-084-00026 0.8819281458854675 7231.58 3323.88 7322.71 3329.62 7319.61 3378.75 7228.49 3373.01
26071-550-M6-084-00026 0.6496024131774902 7229.71 3464.98 7326.17 3470.69 7323.26 3519.92 7226.80 3514.22
26071-550-M6-084-00026 0.06722069531679153 5553.15 3274.18 5586.44 3271.48 5595.28 3380.39 5561.99 3383.10
26071-550-M6-084-00026 0.05811493843793869 4882.73 2840.30 4944.40 2839.82 4945.16 2936.98 4883.49 2937.46
26071-550-M6-084-00026 0.057015929371118546 2512.57 2836.79 2576.73 2845.27 2564.07 2941.06 2499.91 2932.59
26071-550-M6-084-00026 0.052466392517089844 2485.31 2953.71 2588.39 2941.42 2604.62 3077.49 2501.54 3089.78
26071-550-M6-084-00026 0.052047256380319595 4906.73 2955.04 4965.20 2998.37 4915.19 3065.85 4856.72 3022.52
26071-203-M6-337-00007 0.0664847195148468 4346.33 4098.57 4408.86 4098.14 4409.64 4210.27 4347.11 4210.71
26071-203-M6-337-00007 0.05657052621245384 4335.95 1393.14 4410.78 1399.31 4400.63 1522.33 4325.81 1516.16
26071-200-M6-052-00090 0.26455026865005493 6400.85 5076.82 6442.31 5063.69 6468.90 5147.66 6427.44 5160.79
26071-200-M6-052-00090 0.1224185973405838 3001.82 6050.22 3082.05 6045.99 3084.62 6094.74 3004.40 6098.97
26071-200-M6-052-00090 0.10696371644735336 6408.52 2909.77 6456.30 2904.38 6466.85 2997.93 6419.08 3003.32
26071-200-M6-052-00090 0.09332476556301117 6414.95 5028.12 6516.89 5028.27 6516.85 5061.85 6414.91 5061.70
26071-200-M6-052-00090 0.08781100809574127 3660.59 6047.67 3754.13 6043.63 3756.23 6092.12 3662.69 6096.17
26071-200-M6-052-00090 0.0818142294883728 3188.18 6046.78 3281.86 6043.51 3283.56 6092.08 3189.87 6095.35
26071-200-M6-052-00090 0.08141736686229706 3885.14 6042.52 3952.68 6055.22 3943.97 6101.54 3876.43 6088.85
26071-200-M6-052-00090 0.07872387021780014 6413.26 2728.01 6460.22 2727.90 6460.44 2818.08 6413.48 2818.19
26071-200-M6-052-00090 0.07629859447479248 8127.23 3614.92 8176.73 3617.02 8172.93 3706.72 8123.43 3704.62
26071-200-M6-052-00090 0.07208038866519928 2944.33 1650.55 2974.23 1671.96 2942.13 1716.79 2912.23 1695.38
26071-200-M6-052-00090 0.06373640149831772 2461.67 3472.29 2498.38 3469.10 2507.95 3579.14 2471.24 3582.33
26071-200-M6-052-00090 0.06354177743196487 3399.81 1238.67 3447.77 1236.70 3451.61 1329.68 3403.64 1331.66
26071-200-M6-052-00090 0.05432046204805374 6358.32 2987.99 6461.71 2994.21 6459.73 3027.06 6356.34 3020.84
26071-200-M6-052-00090 0.05263427272439003 2576.18 6519.62 2623.91 6520.86 2621.53 6612.84 2573.80 6611.61
26071-600-M6-065-00037 0.07891233265399933 1821.85 3719.83 1853.24 3720.36 1851.65 3813.82 1820.25 3813.28
26071-600-M6-065-00037 0.0689358338713646 1943.29 4591.44 2003.29 4588.25 2008.29 4682.10 1948.29 4685.29
26071-600-M6-065-00037 0.05375562980771065 5127.73 3723.06 5159.79 3723.35 5158.96 3815.81 5126.90 3815.52
26071-600-M6-065-00037 0.05371150001883507 5244.36 4594.08 5303.21 4587.61 5313.65 4682.61 5254.80 4689.08
26071-600-M6-065-00037 0.05017443373799324 6010.69 3197.22 6050.51 3223.82 6033.73 3248.95 5993.90 3222.35
26071-300-M6-053-00010 0.05864296481013298 6289.60 2585.00 6355.15 2599.97 6333.63 2694.21 6268.08 2679.25
26071-300-M6-053-00010 0.05363092198967934 2402.41 4541.60 2503.03 4542.46 2502.76 4574.16 2402.14 4573.30
26071-203-M6-160-00291 0.21011213958263397 5623.92 1642.62 5679.47 1646.84 5672.15 1743.20 5616.59 1738.98
26071-203-M6-160-00291 0.0729857012629509 2555.04 5204.95 2625.86 5204.52 2626.69 5341.72 2555.87 5342.16
26071-203-M6-160-00291 0.055366162210702896 5823.15 2976.58 5898.77 2988.02 5892.92 3026.68 5817.30 3015.24
26071-203-M6-160-00291 0.05077506974339485 6479.48 2124.87 6496.55 2124.28 6498.21 2172.20 6481.14 2172.79
26071-203-M6-160-00291 0.05057964473962784 2973.36 3870.23 3097.73 3866.10 3098.80 3898.40 2974.43 3902.53
26071-600-M6-066-00002 0.063547283411026 3771.37 2857.64 3797.57 2856.82 3799.03 2903.58 3772.83 2904.40
26071-600-M6-066-00002 0.052334014326334 4299.02 2730.90 4357.87 2727.43 4360.61 2773.88 4301.76 2777.35
26071-300-M6-053-00008 0.050889816135168076 5184.80 3202.72 5251.26 3213.64 5241.67 3272.04 5175.21 3261.12
26071-200-M6-063-00010 0.05206332728266716 4178.82 3364.50 4274.17 3365.26 4273.91 3398.19 4178.56 3397.43
26071-203-M6-060-00006 0.05915003642439842 5961.20 4102.21 5998.52 4078.87 6014.18 4103.92 5976.86 4127.26
26071-203-M6-060-00006 0.05125195160508156 6274.21 4089.01 6316.90 4091.12 6315.43 4120.90 6272.74 4118.79
26071-203-M6-060-00006 0.05124477297067642 7261.76 4092.20 7304.35 4088.00 7307.25 4117.39 7264.67 4121.60
26071-300-M6-053-00012 0.12981387972831726 5035.84 3405.09 5150.22 3394.19 5157.32 3468.70 5042.94 3479.60
26071-300-M6-053-00012 0.05156717821955681 5813.97 5640.97 5903.86 5634.61 5907.01 5679.14 5817.12 5685.49
26071-300-M6-053-00012 0.050979577004909515 5906.59 5728.38 6055.54 5727.99 6055.66 5772.92 5906.71 5773.32
26071-300-M6-053-00012 0.05016126483678818 4018.64 5726.09 4165.71 5728.22 4165.05 5773.38 4017.98 5771.25
26071-450-M6-082-00221 0.07720819115638733 4043.15 4278.65 4083.06 4260.64 4100.56 4299.40 4060.65 4317.42
26071-675-M6-068-00034 0.058970917016267776 1978.01 1742.76 1995.21 1742.37 1996.27 1789.42 1979.06 1789.81
26071-450-M6-082-00031 0.07366936653852463 2981.66 3446.42 3073.92 3457.51 3069.92 3490.80 2977.65 3479.71
26071-200-M6-062-00276 0.18727709352970123 2390.24 4601.61 2503.97 4594.08 2509.31 4674.70 2395.58 4682.23
26071-200-M6-062-00276 0.055840183049440384 1377.85 3920.50 1395.00 3919.92 1396.62 3967.36 1379.47 3967.95
26071-200-M6-062-00276 0.0521056167781353 4843.21 4055.09 4873.07 4078.48 4837.25 4124.20 4807.39 4100.82
26071-200-M6-062-00276 0.05048562213778496 3162.73 4037.22 3210.54 4036.45 3210.82 4053.42 3163.01 4054.19
26071-500-M6-059-00011 0.09974557906389236 3896.40 5075.90 3939.14 5080.60 3930.55 5158.71 3887.81 5154.01
26071-600-M6-065-00021 0.20506934821605682 5372.87 2923.63 5486.13 2911.19 5494.44 2986.78 5381.17 2999.22
26071-600-M6-065-00021 0.14217780530452728 2851.69 2898.55 2972.69 2918.06 2959.95 2997.10 2838.94 2977.59
26071-600-M6-065-00021 0.10540933161973953 5205.07 5342.69 5295.20 5345.42 5293.82 5390.88 5203.70 5388.15
26071-600-M6-065-00021 0.07289951294660568 3463.99 5342.79 3554.12 5344.45 3553.29 5389.65 3463.16 5388.00
26071-600-M6-065-00021 0.054411306977272034 3759.64 3273.10 3793.22 3271.40 3798.21 3369.84 3764.63 3371.55
26071-600-M6-065-00021 0.05145295336842537 4773.07 2262.76 4905.10 2265.47 4904.44 2297.46 4772.41 2294.74
26071-500-M6-059-00013 0.08912336826324463 2870.10 2995.00 2973.40 2987.44 2975.95 3022.34 2872.66 3029.90
26071-500-M6-059-00013 0.05636531487107277 4656.49 4450.06 4689.94 4449.93 4690.34 4554.61 4656.89 4554.74
26071-500-M6-059-00044 0.8668135404586792 2516.09 2003.74 2610.42 2005.27 2609.64 2053.72 2515.30 2052.18
26071-500-M6-059-00044 0.8477395176887512 3106.42 2004.54 3201.72 1999.96 3204.23 2052.16 3108.93 2056.75
26071-500-M6-059-00044 0.8005195260047913 1464.84 2006.92 1559.27 2007.30 1559.08 2054.59 1464.65 2054.21
26071-500-M6-059-00044 0.10159562528133392 1789.31 4454.19 1859.24 4457.96 1852.28 4587.18 1782.35 4583.42
26071-500-M6-059-00044 0.09823080897331238 6439.01 5116.72 6484.88 5087.71 6507.37 5123.29 6461.50 5152.29
26071-500-M6-059-00044 0.09463829547166824 1283.66 3596.57 1369.40 3628.23 1338.76 3711.22 1253.02 3679.55
26071-500-M6-059-00044 0.07450898736715317 3340.78 4459.19 3413.38 4492.58 3365.95 4595.72 3293.35 4562.33
26071-500-M6-059-00044 0.06534654647111893 5370.61 4345.14 5438.45 4337.86 5452.47 4468.58 5384.63 4475.85
26071-500-M6-059-00044 0.05768275260925293 5403.95 4458.95 5465.29 4511.38 5389.86 4599.63 5328.52 4547.20
26071-500-M6-059-00044 0.053742822259664536 6940.19 4459.41 6999.40 4509.07 6926.26 4596.28 6867.05 4546.62
26071-500-M6-059-00044 0.05214191600680351 3899.20 4321.83 3968.09 4346.84 3935.81 4435.75 3866.92 4410.74
26071-500-M6-059-00044 0.051961783319711685 2866.08 5117.75 2911.47 5097.71 2924.45 5127.11 2879.06 5147.15
26071-200-M6-052-00093 0.07922405749559402 4477.61 1419.58 4584.52 1412.94 4586.54 1445.50 4479.63 1452.14
26071-200-M6-052-00093 0.05339903011918068 4089.47 1660.68 4133.26 1666.68 4128.88 1698.64 4085.09 1692.64
26071-200-M6-052-00093 0.0524599552154541 4096.11 4018.84 4135.84 4040.52 4120.06 4069.45 4080.32 4047.78
26071-200-M6-052-00002 0.09870819002389908 3578.64 3333.26 3687.19 3335.21 3686.62 3366.91 3578.07 3364.96
26071-200-M6-052-00002 0.054229337722063065 4363.80 4995.70 4406.08 5030.62 4382.98 5058.58 4340.71 5023.67
26071-675-M6-068-10002 0.28019335865974426 1725.95 1451.69 1824.97 1451.40 1825.07 1484.01 1726.05 1484.31
26071-750-M6-085-00012 0.053745076060295105 3464.76 5141.73 3504.52 5138.79 3509.99 5212.76 3470.23 5215.70
26071-750-M6-085-00012 0.05112885311245918 7221.37 5090.78 7401.34 5166.01 7353.91 5279.47 7173.95 5204.25
26071-750-M6-085-00012 0.05084613338112831 2741.47 5086.03 2933.77 5165.42 2889.22 5273.35 2696.92 5193.95
26071-600-M6-065-00259 0.05950380116701126 7650.79 5346.37 7706.81 5345.32 7707.53 5383.68 7651.50 5384.73
26071-200-M6-052-00544 0.06654944270849228 2930.05 3964.70 2993.51 3916.58 3064.81 4010.62 3001.35 4058.74
26071-200-M6-052-00544 0.050734639167785645 831.03 3564.41 871.04 3565.02 870.31 3613.14 830.30 3612.53
