26071-200-M6-052-00001 0.11218320578336716 7716.55 1309.93 8277.14 1313.16 8276.79 1374.34 7716.20 1371.10
26071-200-M6-052-00001 0.09226620942354202 243.07 700.70 801.67 782.03 793.36 839.09 234.76 757.76
26071-200-M6-052-00001 0.09220603853464127 7730.42 1555.46 8278.65 1545.15 8279.80 1606.23 7731.57 1616.54
26071-200-M6-052-00001 0.0757921040058136 5881.12 2396.96 5927.75 2398.54 5927.16 2416.11 5880.52 2414.53
26071-200-M6-052-00001 0.06720837205648422 5543.16 325.37 6137.80 376.07 6132.13 442.57 5537.49 391.87
26071-200-M6-052-00001 0.06600748002529144 3164.61 3301.29 3211.81 3297.50 3213.22 3315.04 3166.02 3318.83
26071-200-M6-052-00001 0.062221892178058624 7731.29 6263.52 8279.38 6344.88 8271.56 6397.55 7723.48 6316.18
26071-200-M6-052-00001 0.060278840363025665 2573.83 305.65 3024.45 381.30 3012.84 450.45 2562.22 374.80
26071-200-M6-052-00001 0.06000441685318947 5206.15 5846.89 5618.19 5839.75 5619.07 5890.70 5207.03 5897.84
26071-200-M6-052-00001 0.05887198448181152 248.98 6254.91 791.40 6381.74 779.20 6433.90 236.78 6307.06
26071-500-M6-059-00017 0.1320759803056717 343.61 6585.60 898.50 6580.31 899.07 6640.54 344.18 6645.83
26071-500-M6-059-00017 0.11049681901931763 7594.78 1059.84 8153.35 1054.21 8153.98 1116.31 7595.40 1121.94
26071-500-M6-059-00017 0.1005849614739418 346.55 1280.72 907.49 1263.77 909.38 1326.20 348.44 1343.16
26071-500-M6-059-00017 0.09668751806020737 7609.06 618.15 8119.77 617.33 8119.88 687.39 7609.17 688.21
26071-500-M6-059-00017 0.09586581587791443 7614.50 6106.31 8138.75 6114.84 8137.81 6172.49 7613.56 6163.96
26071-500-M6-059-00017 0.09064417332410812 7598.26 850.88 8121.65 826.77 8124.65 891.95 7601.27 916.05
26071-500-M6-059-00017 0.09013976156711578 7675.84 1280.75 8149.86 1261.02 8152.15 1316.26 7678.14 1335.99
26071-500-M6-059-00017 0.08448866009712219 6378.93 3063.07 6507.43 3098.88 6465.90 3247.90 6337.40 3212.09
26071-500-M6-059-00017 0.08349638432264328 7620.67 4260.39 8154.66 4271.85 8153.34 4333.46 7619.34 4321.99
26071-500-M6-059-00017 0.08062244951725006 7589.43 6588.70 8144.70 6580.46 8145.60 6641.15 7590.34 6649.40
26071-500-M6-059-00017 0.07949547469615936 7646.92 1470.83 8153.14 1485.28 8151.32 1549.18 7645.10 1534.73
26071-500-M6-059-00017 0.07904406636953354 7598.31 6351.59 8142.79 6344.83 8143.56 6406.69 7599.08 6413.44
26071-500-M6-059-00017 0.07368611544370651 349.36 843.58 890.10 835.41 891.04 897.35 350.30 905.52
26071-500-M6-059-00017 0.06936798989772797 3910.71 3737.02 3926.36 3737.02 3926.36 3744.83 3910.70 3744.83
26071-500-M6-059-00017 0.0681242123246193 6378.52 1559.77 6507.40 1595.42 6469.29 1733.19 6340.41 1697.53
26071-500-M6-059-00017 0.06663778424263 7649.68 1778.52 8138.80 1805.56 8135.65 1862.50 7646.53 1835.46
26071-500-M6-059-00017 0.06380587816238403 4182.49 3718.24 4258.27 3722.56 4246.18 3934.41 4170.40 3930.09
26071-500-M6-059-00017 0.05679841712117195 820.22 337.09 1477.42 325.49 1478.69 397.41 821.49 409.02
26071-500-M6-059-00017 0.05153683200478554 4531.79 3069.40 4666.58 3102.34 4630.49 3250.05 4495.70 3217.12
26071-600-M6-066-00012 0.2492956519126892 353.14 3430.24 893.02 3450.02 890.73 3512.29 350.86 3492.50
26071-600-M6-066-00012 0.1295844167470932 7604.18 3203.84 8150.88 3203.56 8150.91 3265.69 7604.21 3265.97
26071-600-M6-066-00012 0.1038079485297203 346.26 1077.74 897.38 1076.19 897.56 1141.25 346.44 1142.80
26071-600-M6-066-00012 0.0947922021150589 7649.97 5212.91 8126.65 5213.10 8126.63 5270.36 7649.94 5270.17
26071-600-M6-066-00012 0.09266979247331619 7587.50 5566.94 8152.21 5556.32 8153.40 5619.27 7588.69 5629.89
26071-600-M6-066-00012 0.09090985357761383 5416.50 1292.42 5491.65 1296.33 5470.60 1701.16 5395.45 1697.26
26071-600-M6-066-00012 0.089810311794281 7646.83 2374.92 8150.05 2379.83 8149.42 2444.38 7646.20 2439.47
26071-600-M6-066-00012 0.0886782705783844 341.44 4387.53 899.36 4388.28 899.28 4449.59 341.36 4448.85
26071-600-M6-066-00012 0.08553753048181534 350.61 4621.77 896.98 4622.54 896.89 4684.36 350.53 4683.59
26071-600-M6-066-00012 0.0779683068394661 361.15 3911.31 898.73 3917.85 897.98 3979.32 360.40 3972.78
26071-600-M6-066-00012 0.07527037709951401 357.71 5565.00 896.19 5569.12 895.72 5630.56 357.24 5626.44
26071-600-M6-066-00012 0.06132875382900238 7669.88 2975.34 8128.69 3057.41 8118.65 3113.50 7659.85 3031.44
26071-600-M6-066-00012 0.05987841635942459 3660.54 2127.42 3814.59 2158.54 3784.55 2307.28 3630.50 2276.16
26071-600-M6-066-00012 0.05827571824193001 5079.39 346.55 5718.71 382.21 5715.22 444.62 5075.90 408.97
26071-600-M6-066-00012 0.05177324637770653 4630.44 2976.57 4751.87 2985.85 4748.00 3036.53 4626.57 3027.25
26071-600-M6-066-00012 0.05129851773381233 347.88 5213.12 897.87 5216.85 897.42 5282.74 347.43 5279.01
26071-200-M6-052-00539 0.09146060049533844 226.28 3917.75 784.84 3911.70 785.50 3972.79 226.94 3978.83
26071-200-M6-052-00539 0.09089439362287521 7729.60 2739.39 8271.96 2725.78 8273.55 2788.87 7731.18 2802.48
26071-200-M6-052-00539 0.08325903117656708 7764.89 6228.77 8294.01 6347.73 8281.10 6405.14 7751.98 6286.18
26071-200-M6-052-00539 0.07378482818603516 227.30 851.11 781.59 835.38 783.27 894.41 228.98 910.14
26071-200-M6-052-00539 0.06627607345581055 3225.57 272.96 3597.19 398.18 3569.04 481.71 3197.42 356.49
26071-200-M6-052-00539 0.06542882323265076 2067.09 277.59 2461.03 416.11 2435.52 488.66 2041.58 350.14
26071-200-M6-052-00539 0.05583732947707176 5195.73 6025.29 5339.94 6057.76 5305.49 6210.73 5161.28 6178.25
26071-200-M6-052-00539 0.05491360276937485 6104.76 4202.46 6176.39 4195.88 6203.61 4492.35 6131.97 4498.93
26071-500-M6-059-00248 0.12371625006198883 344.73 1561.00 891.75 1537.80 894.33 1598.75 347.32 1621.94
26071-500-M6-059-00248 0.06067381426692009 4654.36 317.28 5074.79 375.87 5064.69 448.37 4644.25 389.78
26071-500-M6-059-00248 0.058245111256837845 4486.92 4794.43 4534.89 4797.38 4533.81 4814.98 4485.84 4812.04
26071-500-M6-059-00248 0.05053193122148514 6059.28 4454.36 6213.16 4443.19 6226.29 4624.17 6072.41 4635.33
26071-203-M6-325-00012 0.9859678149223328 263.81 2392.98 812.62 2397.26 812.14 2459.21 263.32 2454.94
26071-203-M6-325-00012 0.9849867224693298 272.74 5726.72 809.55 5719.64 810.37 5781.80 273.56 5788.88
26071-203-M6-325-00012 0.9833832383155823 268.94 4345.71 821.19 4347.60 820.97 4410.23 268.73 4408.35
26071-203-M6-325-00012 0.9801645278930664 267.30 3028.97 818.48 3021.63 819.30 3083.42 268.13 3090.76
26071-203-M6-325-00012 0.9776394367218018 264.91 3715.44 813.91 3715.41 813.91 3776.87 264.91 3776.90
26071-203-M6-325-00012 0.9752853512763977 268.25 1463.31 813.74 1465.07 813.54 1527.16 268.05 1525.40
26071-203-M6-325-00012 0.9723108410835266 269.73 5031.19 818.75 5039.97 817.78 5100.88 268.75 5092.11
26071-203-M6-325-00012 0.6329486966133118 5454.24 271.56 5517.19 270.23 5528.61 813.40 5465.66 814.73
26071-203-M6-325-00012 0.5088249444961548 5175.72 249.45 5237.73 252.35 5211.50 813.86 5149.49 810.96
26071-203-M6-325-00012 0.18830405175685883 261.23 5770.55 798.49 5782.42 797.46 5828.91 260.20 5817.03
26071-203-M6-325-00012 0.15400761365890503 7706.61 1467.10 8258.06 1459.77 8258.87 1521.00 7707.42 1528.33
26071-203-M6-325-00012 0.13155505061149597 277.00 5682.59 817.71 5673.26 818.54 5721.45 277.83 5730.77
26071-203-M6-325-00012 0.1270584762096405 236.39 3666.43 811.41 3639.99 813.99 3696.26 238.98 3722.70
26071-203-M6-325-00012 0.11630438268184662 259.16 2455.95 811.09 2451.54 811.47 2499.56 259.54 2503.97
26071-203-M6-325-00012 0.11413637548685074 5228.74 222.11 5279.66 223.07 5268.89 795.02 5217.97 794.06
26071-203-M6-325-00012 0.1131492480635643 254.51 3783.61 809.83 3770.12 811.03 3819.77 255.71 3833.26
26071-203-M6-325-00012 0.11132071167230606 254.99 3099.13 799.94 3059.52 803.54 3109.06 258.59 3148.67
26071-203-M6-325-00012 0.10802396386861801 3091.18 1223.88 3245.10 1244.25 3225.50 1392.34 3071.59 1371.97
26071-203-M6-325-00012 0.10360214114189148 262.57 2976.10 783.18 2978.15 782.98 3028.31 262.37 3026.26
26071-203-M6-325-00012 0.10178567469120026 255.58 1421.53 810.79 1422.23 810.73 1471.38 255.52 1470.67
26071-203-M6-325-00012 0.10114263743162155 262.25 1519.70 818.10 1522.76 817.83 1570.05 261.99 1566.99
26071-203-M6-325-00012 0.09047462046146393 258.41 4413.23 808.57 4400.71 809.71 4450.65 259.55 4463.17
26071-203-M6-325-00012 0.08856311440467834 3105.57 2105.56 3249.93 2137.24 3217.81 2283.65 3073.44 2251.98
26071-203-M6-325-00012 0.08189474046230316 261.36 5110.50 814.32 5081.31 816.96 5131.29 264.00 5160.49
26071-203-M6-325-00012 0.07955671101808548 5478.07 200.29 5528.94 194.36 5597.56 782.53 5546.69 788.46
26071-203-M6-325-00012 0.07496071606874466 3092.50 5439.64 3243.34 5457.13 3226.71 5600.58 3075.87 5583.09
26071-203-M6-325-00012 0.07174687832593918 261.25 2350.43 810.78 2348.55 810.94 2394.59 261.41 2396.47
26071-203-M6-325-00012 0.06534134596586227 272.53 4305.19 812.18 4289.84 813.54 4337.80 273.90 4353.15
26071-203-M6-325-00012 0.06271040439605713 3085.74 4747.35 3224.79 4739.51 3235.18 4923.88 3096.13 4931.72
26071-203-M6-325-00012 0.06226328760385513 7712.56 1530.58 8269.29 1523.46 8270.17 1592.28 7713.44 1599.40
26071-203-M6-325-00012 0.0600338950753212 3098.60 3422.79 3246.93 3453.23 3217.19 3598.17 3068.86 3567.73
26071-203-M6-325-00012 0.05812893435359001 5117.20 257.67 5164.23 258.83 5150.61 811.25 5103.58 810.09
26071-203-M6-325-00012 0.052772726863622665 2261.97 2775.48 2417.06 2785.39 2407.67 2932.25 2252.59 2922.34
26071-700-M6-054-00246 0.17480984330177307 356.62 3562.65 898.44 3554.80 899.34 3617.14 357.52 3624.98
26071-700-M6-054-00246 0.06468158215284348 370.56 3617.52 892.66 3611.46 893.26 3663.31 371.16 3669.36
26071-700-M6-054-00246 0.055387552827596664 4011.76 312.96 4470.53 391.17 4459.11 458.20 4000.33 379.99
26071-500-M6-059-00040 0.06521561741828918 344.52 3323.38 888.75 3313.31 889.94 3377.65 345.71 3387.72
26071-500-M6-059-00040 0.06239867955446243 2473.62 4451.40 2625.94 4443.26 2635.52 4622.59 2483.20 4630.73
26071-500-M6-059-00040 0.05310907959938049 1601.73 2389.53 1617.63 2389.36 1618.08 2431.11 1602.18 2431.29
26071-500-M6-059-00040 0.0528319887816906 2801.70 317.34 3290.31 381.00 3280.84 453.70 2792.22 390.04
26071-203-M6-333-00010 0.9789425730705261 5482.51 3651.79 6026.59 3652.82 6026.47 3716.06 5482.40 3715.03
26071-203-M6-333-00010 0.3371679484844208 4549.04 300.13 4613.10 297.36 4636.47 837.47 4572.41 840.24
26071-203-M6-333-00010 0.19975560903549194 2336.62 348.10 2404.71 348.33 2403.00 858.84 2334.92 858.61
26071-203-M6-333-00010 0.1698964536190033 5487.29 3609.57 6012.84 3601.81 6013.54 3649.22 5487.99 3656.98
26071-203-M6-333-00010 0.15064552426338196 306.04 4219.72 837.95 4223.37 837.50 4289.98 305.58 4286.33
26071-203-M6-333-00010 0.11156903207302094 6670.27 292.34 6744.91 297.92 6711.36 746.70 6636.72 741.12
26071-203-M6-333-00010 0.0838540568947792 5484.39 3726.51 6021.72 3707.02 6023.48 3755.53 5486.15 3775.02
26071-203-M6-333-00010 0.08333831280469894 4508.43 291.35 4559.62 291.18 4561.37 830.89 4510.18 831.06
26071-203-M6-333-00010 0.0813920646905899 4596.50 306.00 4645.29 301.80 4692.60 851.10 4643.81 855.30
26071-203-M6-333-00010 0.070731520652771 403.73 5644.30 897.75 5635.81 898.68 5689.61 404.66 5698.10
26071-203-M6-333-00010 0.057431552559137344 3927.91 1906.15 4148.20 1973.27 4133.63 2021.10 3913.34 1953.98
26071-203-M6-333-00010 0.05720725283026695 321.63 4293.66 846.38 4280.87 847.57 4329.37 322.82 4342.16
26071-750-M6-085-00286 0.3313816785812378 7594.80 5681.57 8143.54 5687.43 8142.87 5750.20 7594.13 5744.33
26071-750-M6-085-00286 0.13433408737182617 334.21 4027.04 879.42 4025.47 879.61 4091.42 334.40 4092.99
26071-750-M6-085-00286 0.1312602460384369 339.79 1313.71 893.61 1313.18 893.67 1378.93 339.85 1379.46
26071-750-M6-085-00286 0.07186178863048553 7611.49 5653.08 8147.62 5639.99 8148.76 5687.02 7612.64 5700.11
26071-750-M6-085-00286 0.06931883096694946 3048.74 300.46 3527.32 373.92 3516.40 445.07 3037.82 371.61
26071-750-M6-085-00286 0.06894397735595703 5115.73 2961.01 5265.50 2980.62 5245.88 3130.53 5096.10 3110.93
26071-750-M6-085-00286 0.06859343498945236 5054.98 3277.83 5188.92 3264.94 5210.49 3489.20 5076.56 3502.08
26071-750-M6-085-00286 0.05518756061792374 5048.63 4960.72 5227.69 5055.80 5187.56 5131.37 5008.51 5036.29
26071-750-M6-085-00286 0.050076309591531754 5945.71 2960.07 6094.95 2985.38 6070.06 3132.18 5920.81 3106.87
26071-550-M6-084-00248 0.19256235659122467 367.74 6149.56 904.88 6149.17 904.93 6214.76 367.79 6215.15
26071-550-M6-084-00248 0.08763870596885681 3665.60 4259.36 3804.65 4286.50 3775.77 4434.47 3636.72 4407.33
26071-550-M6-084-00248 0.054765112698078156 4669.82 314.01 5078.57 390.59 5065.64 459.60 4656.89 383.03
26071-550-M6-084-00248 0.05152394622564316 4495.74 3776.33 4540.24 3794.28 4534.40 3808.74 4489.91 3790.80
26071-203-M6-332-00008 0.2832818925380707 291.58 6120.59 831.53 6113.52 832.37 6177.81 292.42 6184.88
26071-203-M6-332-00008 0.20227308571338654 260.71 2004.51 812.00 2003.17 812.16 2066.18 260.86 2067.52
26071-203-M6-332-00008 0.17614611983299255 267.97 1189.55 818.66 1189.22 818.70 1251.94 268.01 1252.27
26071-203-M6-332-00008 0.1468229740858078 271.81 1647.90 825.55 1632.32 827.37 1696.86 273.63 1712.44
26071-203-M6-332-00008 0.08470983058214188 7564.00 3287.99 7713.61 3298.77 7702.48 3453.18 7552.88 3442.40
26071-203-M6-332-00008 0.06891222298145294 4586.26 3845.47 4710.78 3834.27 4733.13 4082.92 4608.61 4094.11
26071-203-M6-332-00008 0.0662178173661232 2180.99 3842.77 2291.06 3832.67 2311.70 4057.54 2201.63 4067.64
26071-203-M6-332-00008 0.05982653796672821 3845.93 247.64 4400.40 411.05 4378.73 484.58 3824.26 321.17
26071-203-M6-332-00008 0.05769827216863632 1576.74 4544.91 1729.25 4567.16 1707.35 4717.29 1554.84 4695.04
26071-200-M6-052-00080 0.37301090359687805 242.02 6457.18 786.86 6445.73 788.16 6507.61 243.32 6519.06
26071-200-M6-052-00080 0.13483448326587677 7720.58 6450.02 8265.31 6452.64 8265.00 6515.63 7720.27 6513.02
26071-200-M6-052-00080 0.1285722851753235 283.52 1322.04 657.25 1316.82 657.99 1369.90 284.26 1375.12
26071-200-M6-052-00080 0.11975103616714478 5125.19 2526.33 5228.03 2484.94 5283.27 2622.19 5180.43 2663.58
26071-200-M6-052-00080 0.10479497164487839 254.64 5942.69 728.46 6050.22 715.68 6106.55 241.85 5999.02
26071-200-M6-052-00080 0.09142463654279709 5503.69 2500.26 5601.80 2491.55 5614.59 2635.77 5516.49 2644.47
26071-200-M6-052-00080 0.08517149090766907 251.12 1080.11 793.14 1078.03 793.38 1138.17 251.36 1140.25
26071-200-M6-052-00080 0.08288649469614029 2052.24 2529.84 2149.31 2483.98 2211.59 2615.80 2114.52 2661.66
26071-200-M6-052-00080 0.06645356118679047 7720.03 1323.24 8276.29 1305.65 8278.26 1367.86 7722.00 1385.44
26071-200-M6-052-00080 0.06021992862224579 7229.73 3807.95 7298.01 3825.92 7225.33 4102.02 7157.06 4084.05
26071-200-M6-052-00080 0.057499583810567856 7712.24 1084.13 8274.35 1069.92 8275.94 1132.79 7713.83 1147.00
26071-200-M6-052-00080 0.05534598231315613 1697.22 2533.20 1789.44 2481.74 1862.97 2613.48 1770.75 2664.95
26071-200-M6-052-00080 0.0552796944975853 7718.40 5985.76 8274.37 5996.15 8273.40 6048.10 7717.43 6037.71
26071-203-M6-321-00604 0.9588338136672974 2246.35 5400.64 2308.78 5400.49 2310.12 5949.58 2247.69 5949.73
26071-203-M6-321-00604 0.9527173042297363 3898.35 5398.99 3961.30 5398.97 3961.46 5931.68 3898.52 5931.69
26071-203-M6-321-00604 0.944377601146698 4351.53 5394.33 4412.61 5395.01 4406.52 5945.19 4345.44 5944.52
26071-203-M6-321-00604 0.9420633912086487 2499.84 5395.67 2562.44 5397.94 2542.53 5946.88 2479.93 5944.61
26071-203-M6-321-00604 0.9404010772705078 2006.42 5393.17 2067.75 5392.61 2072.75 5935.97 2011.42 5936.53
26071-203-M6-321-00604 0.9349217414855957 3267.20 5394.13 3327.76 5394.21 3327.07 5943.99 3266.51 5943.91
26071-203-M6-321-00604 0.8936890959739685 4104.16 5400.46 4170.25 5398.92 4182.64 5931.16 4116.55 5932.70
26071-203-M6-321-00604 0.8463455438613892 3586.16 5384.62 3650.72 5382.43 3669.26 5929.96 3604.70 5932.15
26071-203-M6-321-00604 0.5850095152854919 4643.01 394.91 4702.25 392.56 4723.87 938.51 4664.63 940.86
26071-203-M6-321-00604 0.45609113574028015 7654.55 3081.20 8193.10 3083.08 8192.88 3146.13 7654.33 3144.25
26071-203-M6-321-00604 0.32144641876220703 7648.19 3331.26 8197.69 3316.08 8199.45 3379.89 7649.95 3395.07
26071-203-M6-321-00604 0.2830439805984497 7665.46 2602.27 8198.16 2602.13 8198.18 2664.85 7665.48 2664.99
26071-203-M6-321-00604 0.2621450424194336 7658.75 3570.21 8196.90 3556.84 8198.44 3618.92 7660.30 3632.30
26071-203-M6-321-00604 0.1501695066690445 7737.57 2849.87 8177.31 2848.15 8177.52 2904.13 7737.79 2905.85
26071-203-M6-321-00604 0.1473560482263565 2202.12 5361.09 2255.45 5360.72 2259.36 5931.52 2206.03 5931.89
26071-203-M6-321-00604 0.13109233975410461 289.60 1619.84 841.14 1616.11 841.55 1677.03 290.01 1680.76
26071-203-M6-321-00604 0.1253983974456787 3330.65 5385.67 3380.33 5387.00 3365.60 5939.82 3315.92 5938.49
26071-203-M6-321-00604 0.11771317571401596 3656.49 5366.53 3708.19 5365.97 3714.59 5961.06 3662.88 5961.61
26071-203-M6-321-00604 0.10383132100105286 3966.79 5364.55 4031.08 5366.96 4010.51 5916.73 3946.22 5914.33
26071-203-M6-321-00604 0.09568443149328232 4181.93 5369.70 4248.88 5373.60 4217.11 5919.30 4150.15 5915.40
26071-203-M6-321-00604 0.09321660548448563 3833.64 5401.33 3885.60 5397.45 3925.10 5926.61 3873.14 5930.48
26071-203-M6-321-00604 0.0907030776143074 4073.71 5399.23 4125.01 5401.99 4096.35 5934.83 4045.05 5932.07
26071-203-M6-321-00604 0.09060032665729523 2301.32 5388.28 2348.26 5386.65 2367.72 5947.00 2320.78 5948.63
26071-203-M6-321-00604 0.08802875131368637 4282.20 5391.28 4332.74 5387.19 4371.50 5866.42 4320.97 5870.51
26071-203-M6-321-00604 0.08600148558616638 4405.92 5360.98 4474.36 5362.23 4464.21 5918.36 4395.77 5917.11
26071-203-M6-321-00604 0.08352545648813248 2546.32 5391.66 2596.26 5392.36 2588.67 5932.20 2538.73 5931.50
26071-203-M6-321-00604 0.07251808047294617 285.19 1396.57 836.10 1394.28 836.36 1455.80 285.44 1458.08
26071-203-M6-321-00604 0.07210995256900787 2067.11 5385.25 2114.02 5384.42 2124.08 5953.04 2077.17 5953.87
26071-203-M6-321-00604 0.06513199955224991 4616.33 400.32 4665.84 402.21 4644.88 950.65 4595.37 948.76
26071-203-M6-321-00604 0.06220957636833191 7721.73 1683.78 8078.21 1683.51 8078.26 1742.09 7721.78 1742.37
26071-203-M6-321-00604 0.061506327241659164 3535.05 5366.45 3584.88 5363.47 3618.90 5933.24 3569.06 5936.21
26071-203-M6-321-00604 0.05930634215474129 1956.01 5388.39 2001.56 5387.27 2015.17 5938.72 1969.63 5939.84
26071-203-M6-321-00604 0.05850483104586601 2165.17 5407.98 2218.53 5408.96 2208.59 5950.61 2155.23 5949.63
26071-203-M6-321-00604 0.057922590523958206 7674.29 2552.79 8194.01 2568.26 8192.48 2619.60 7672.76 2604.12
26071-203-M6-321-00604 0.05673060938715935 2390.10 5424.97 2443.73 5426.16 2432.67 5926.63 2379.04 5925.45
26071-203-M6-321-00604 0.05259966477751732 7663.69 3032.13 8193.26 3031.48 8193.32 3083.23 7663.75 3083.88
26071-203-M6-321-00604 0.05256073176860809 7697.37 3353.93 8149.46 3453.41 8134.74 3520.32 7682.65 3420.84
26071-203-M6-321-00604 0.051051679998636246 2449.37 2485.65 2516.24 2486.05 2512.96 3036.06 2446.09 3035.66
26071-203-M6-321-00604 0.051014114171266556 7663.57 3614.48 8182.26 3633.55 8179.87 3698.46 7661.19 3679.38
26071-300-M6-053-00309 0.15275464951992035 351.37 5687.17 896.75 5691.97 896.22 5752.09 350.84 5747.29
26071-300-M6-053-00309 0.15022635459899902 355.50 4500.82 892.91 4508.61 892.04 4568.54 354.63 4560.74
26071-300-M6-053-00309 0.14985375106334686 7589.93 3438.66 8149.68 3444.97 8148.97 3508.42 7589.22 3502.11
26071-300-M6-053-00309 0.1288589984178543 5490.42 4904.46 5625.49 4906.56 5622.33 5108.86 5487.26 5106.75
26071-300-M6-053-00309 0.12114565819501877 7610.40 2730.99 8153.99 2739.14 8153.08 2800.07 7609.49 2791.91
26071-300-M6-053-00309 0.11158569157123566 2479.51 4440.07 2622.95 4466.42 2593.10 4628.92 2449.65 4602.57
26071-300-M6-053-00309 0.09916038066148758 2702.50 2444.92 2857.82 2462.98 2839.78 2618.19 2684.46 2600.14
26071-300-M6-053-00309 0.0919795036315918 7671.72 1673.02 8155.37 1664.45 8156.47 1726.48 7672.82 1735.04
26071-300-M6-053-00309 0.06875911355018616 7591.83 4763.91 8164.17 4728.51 8168.25 4794.54 7595.91 4829.94
26071-300-M6-053-00309 0.06351054459810257 4584.45 3552.86 4727.50 3547.68 4734.11 3730.27 4591.06 3735.45
26071-300-M6-053-00309 0.05906210094690323 4756.49 4564.86 4908.07 4586.16 4886.47 4739.84 4734.89 4718.53
26071-300-M6-053-00309 0.054672721773386 3121.33 3253.39 3271.43 3278.69 3246.42 3427.10 3096.32 3401.80
26071-450-M6-082-00009 0.42501333355903625 357.51 4208.11 903.74 4206.04 903.98 4268.25 357.75 4270.32
26071-450-M6-082-00009 0.12837985157966614 7655.44 2371.25 8154.37 2383.62 8152.80 2447.02 7653.87 2434.64
26071-450-M6-082-00009 0.11611008644104004 7663.50 2962.73 8155.32 2979.88 8153.24 3039.63 7661.42 3022.48
26071-450-M6-082-00009 0.10834745317697525 2401.14 2704.00 2417.54 2703.32 2417.88 2711.55 2401.48 2712.23
26071-450-M6-082-00009 0.09970003366470337 7610.33 5299.38 8143.73 5292.62 8144.50 5353.27 7611.10 5360.03
26071-450-M6-082-00009 0.09531162679195404 7602.61 6296.29 8157.92 6252.44 8162.96 6316.16 7607.64 6360.02
26071-450-M6-082-00009 0.08299615234136581 7597.14 4980.43 8146.00 4970.74 8147.09 5032.07 7598.22 5041.77
26071-450-M6-082-00009 0.07145405560731888 3346.36 4761.32 3501.44 4757.51 3505.83 4936.57 3350.76 4940.38
26071-450-M6-082-00009 0.06488566100597382 6654.91 2387.78 6672.14 2386.13 6676.70 2433.66 6659.47 2435.31
26071-450-M6-082-00009 0.054281577467918396 3273.68 1037.73 3618.32 1037.95 3618.29 1087.00 3273.65 1086.78
26071-450-M6-082-00009 0.05370486527681351 4893.89 4731.14 5042.11 4752.74 5020.61 4900.23 4872.39 4878.62
26071-450-M6-082-00009 0.053487446159124374 5176.93 6057.90 5327.43 6061.56 5323.74 6213.42 5173.24 6209.76
26071-450-M6-082-00009 0.05230595916509628 3520.95 350.23 4039.21 383.71 4034.86 451.14 3516.59 417.67
26071-750-M6-085-00007 0.3058292269706726 348.87 1070.10 897.53 1093.32 895.03 1152.43 346.36 1129.22
26071-750-M6-085-00007 0.24287676811218262 352.23 2018.31 913.80 2028.33 912.64 2093.21 351.07 2083.19
26071-750-M6-085-00007 0.10892384499311447 7646.46 1318.29 8135.69 1314.00 8136.19 1370.56 7646.96 1374.86
26071-750-M6-085-00007 0.08001075685024261 7597.24 5323.39 8145.19 5330.66 8144.36 5393.27 7596.41 5386.00
26071-750-M6-085-00007 0.07305233925580978 7601.71 5803.51 8145.96 5791.74 8147.28 5852.88 7603.03 5864.65
26071-750-M6-085-00007 0.05793694034218788 5291.38 5697.17 5338.77 5697.17 5338.77 5714.74 5291.38 5714.74
26071-750-M6-085-00007 0.055192869156599045 7588.34 6285.50 8128.59 6268.08 8130.58 6329.76 7590.33 6347.18
26071-750-M6-085-00007 0.052591290324926376 1595.31 3386.73 1736.48 3399.07 1723.66 3545.75 1582.49 3533.41
26071-750-M6-085-00007 0.052569903433322906 344.50 1486.30 897.10 1494.12 896.20 1558.24 343.59 1550.43
26071-750-M6-085-00007 0.05184242129325867 2206.20 301.87 2963.63 390.12 2954.35 469.75 2196.92 381.50
26071-750-M6-085-00007 0.05092442035675049 367.47 1028.97 905.82 1036.94 905.10 1085.28 366.75 1077.30
26071-750-M6-085-00007 0.050918590277433395 5389.05 5490.57 5493.43 5536.29 5474.56 5579.37 5370.18 5533.65
26071-203-M6-064-00271 0.9887019395828247 350.71 4866.68 902.54 4853.37 903.99 4913.47 352.16 4926.78
26071-203-M6-064-00271 0.9740609526634216 349.00 2619.77 895.84 2611.11 896.81 2672.50 349.97 2681.15
26071-203-M6-064-00271 0.07888062298297882 339.26 4920.97 890.14 4915.29 890.63 4963.24 339.75 4968.92
26071-203-M6-064-00271 0.06812725216150284 346.20 4815.00 886.59 4808.59 887.16 4856.13 346.76 4862.54
26071-203-M6-064-00271 0.06765706837177277 4917.33 3712.40 5028.91 3715.36 5022.99 3938.22 4911.41 3935.26
26071-203-M6-064-00271 0.064376600086689 3579.12 3712.69 3678.02 3692.67 3706.30 3832.41 3607.39 3852.42
26071-203-M6-064-00271 0.06431574374437332 5956.71 1472.98 6065.00 1455.69 6096.59 1653.57 5988.30 1670.86
26071-203-M6-064-00271 0.06361714005470276 6260.17 1469.40 6352.86 1456.78 6378.57 1645.56 6285.88 1658.19
26071-203-M6-064-00271 0.06340380012989044 4165.27 6159.34 4280.40 6151.87 4294.41 6367.75 4179.28 6375.22
26071-203-M6-064-00271 0.06293929368257523 352.50 2674.99 908.19 2679.15 907.83 2726.40 352.14 2722.24
26071-203-M6-064-00271 0.0625649243593216 1053.91 5084.80 1063.62 5083.55 1069.21 5127.00 1059.50 5128.25
26071-203-M6-064-00271 0.06186772510409355 2481.26 6165.16 2586.11 6166.19 2583.77 6403.24 2478.92 6402.21
26071-203-M6-064-00271 0.06017263978719711 6408.09 3397.39 6524.63 3408.37 6513.58 3525.71 6397.04 3514.73
26071-203-M6-064-00271 0.05789638310670853 5656.71 1473.08 5771.52 1455.16 5803.11 1657.54 5688.30 1675.45
26071-203-M6-337-00031 0.5049707889556885 7734.42 3410.01 8280.74 3419.86 8279.60 3483.05 7733.28 3473.20
26071-203-M6-337-00031 0.4051663875579834 276.84 921.04 820.76 912.45 821.72 973.58 277.80 982.16
26071-203-M6-337-00031 0.3356398046016693 269.71 5437.69 802.63 5413.16 805.49 5475.22 272.57 5499.75
26071-203-M6-337-00031 0.3040890693664551 304.96 2938.00 861.37 2929.30 862.39 2994.57 305.98 3003.28
26071-203-M6-337-00031 0.2980760335922241 7672.31 545.45 8214.48 518.58 8217.55 580.50 7675.38 607.37
26071-203-M6-337-00031 0.2968153953552246 7727.56 3684.58 8290.95 3689.00 8290.45 3752.97 7727.06 3748.55
26071-203-M6-337-00031 0.2809411585330963 295.16 2596.80 852.12 2575.88 854.52 2639.60 297.55 2660.52
26071-203-M6-337-00031 0.21145494282245636 272.75 643.14 819.78 676.84 815.75 742.30 268.72 708.60
26071-203-M6-337-00031 0.1691402941942215 7698.68 5227.87 8271.03 5229.34 8270.86 5294.19 7698.52 5292.72
26071-203-M6-337-00031 0.10952713340520859 4705.32 2085.23 5022.05 2088.24 5021.52 2143.93 4704.79 2140.92
26071-203-M6-337-00031 0.0952722504734993 273.85 5205.21 827.73 5228.05 825.35 5285.77 271.47 5262.93
26071-203-M6-337-00031 0.0849890485405922 7722.01 6322.02 8244.69 6323.85 8244.46 6388.64 7721.78 6386.81
26071-203-M6-337-00031 0.08093520253896713 5608.03 1487.44 5711.71 1416.21 5855.35 1625.29 5751.66 1696.52
26071-203-M6-337-00031 0.079278863966465 271.32 4304.52 824.60 4328.61 822.06 4387.01 268.78 4362.91
26071-203-M6-337-00031 0.07473811507225037 2697.18 2395.44 2714.37 2393.97 2718.45 2441.63 2701.26 2443.10
26071-203-M6-337-00031 0.06915117800235748 246.01 5656.26 828.58 5701.27 823.69 5764.57 241.12 5719.56
26071-203-M6-337-00031 0.06850602477788925 4971.34 2400.61 5433.45 2416.18 5430.61 2500.36 4968.51 2484.80
26071-203-M6-337-00031 0.06555650383234024 7718.94 3752.82 8315.43 3742.30 8316.60 3808.49 7720.11 3819.00
26071-203-M6-337-00031 0.06512529402971268 2714.69 1926.80 2893.03 1922.74 2894.62 1992.72 2716.28 1996.79
26071-203-M6-337-00031 0.06122611090540886 5589.95 1196.97 5702.05 1117.75 5824.47 1290.98 5712.37 1370.20
26071-203-M6-337-00031 0.05999553203582764 5608.24 2972.53 5793.72 2983.83 5788.88 3063.30 5603.40 3052.01
26071-203-M6-337-00031 0.058574192225933075 227.92 5475.14 801.89 5491.52 799.78 5565.29 225.81 5548.90
26071-203-M6-337-00031 0.054523568600416183 7725.52 3476.66 8310.36 3470.37 8311.05 3534.58 7726.21 3540.87
26071-203-M6-337-00031 0.05406396463513374 316.87 3002.68 863.16 2996.22 863.99 3066.46 317.70 3072.92
26071-203-M6-337-00031 0.05300883948802948 299.44 3862.75 758.92 3915.05 753.07 3966.47 293.59 3914.17
26071-203-M6-337-00031 0.052445556968450546 2053.00 1204.10 2522.26 1263.84 2512.55 1340.13 2043.29 1280.38
26071-203-M6-337-00031 0.051737576723098755 299.42 4762.85 757.25 4814.13 751.53 4865.21 293.70 4813.93
26071-203-M6-332-00001 0.39353814721107483 271.65 2814.97 795.16 2808.70 795.90 2870.53 272.39 2876.79
26071-203-M6-332-00001 0.3419072926044464 268.86 3282.40 806.06 3304.14 803.58 3365.31 266.38 3343.57
26071-203-M6-332-00001 0.336759090423584 7714.99 4860.52 8237.63 4846.45 8239.41 4912.60 7716.77 4926.67
26071-203-M6-332-00001 0.3142523169517517 7708.94 5096.64 8232.82 5085.95 8234.16 5151.51 7710.28 5162.20
26071-203-M6-332-00001 0.29577508568763733 276.64 3054.68 798.56 3054.50 798.58 3117.62 276.66 3117.80
26071-203-M6-332-00001 0.25016483664512634 268.22 2570.53 810.71 2578.58 809.82 2638.13 267.34 2630.08
26071-203-M6-332-00001 0.1825583428144455 253.27 6096.17 812.46 6078.02 814.35 6136.31 255.16 6154.46
26071-203-M6-332-00001 0.15683096647262573 7703.77 5818.24 8241.16 5807.91 8242.42 5873.40 7705.03 5883.74
26071-203-M6-332-00001 0.15162909030914307 7708.11 6292.68 8246.35 6297.67 8245.80 6357.16 7707.56 6352.16
26071-203-M6-332-00001 0.14353668689727783 7711.72 6059.70 8238.80 6048.43 8240.23 6115.06 7713.14 6126.33
26071-203-M6-332-00001 0.14156576991081238 270.41 588.50 813.43 594.80 812.71 657.25 269.69 650.95
26071-203-M6-332-00001 0.11168403923511505 7698.08 5571.06 8262.33 5586.57 8260.63 5648.39 7696.38 5632.89
26071-203-M6-332-00001 0.1011703759431839 7712.76 5327.82 8231.96 5313.73 8233.72 5378.55 7714.52 5392.64
26071-203-M6-332-00001 0.09910666197538376 4893.76 1536.21 5043.46 1555.09 5024.90 1702.33 4875.20 1683.46
26071-203-M6-332-00001 0.09213820844888687 269.26 3662.49 799.32 3647.16 801.24 3713.74 271.18 3729.07
26071-203-M6-332-00001 0.05676968768239021 3852.84 2727.22 3976.02 2707.57 4016.56 2961.62 3893.39 2981.27
26071-203-M6-332-00001 0.055816296488046646 5953.65 2726.09 6079.79 2708.18 6114.92 2955.69 5988.78 2973.59
26071-203-M6-332-00001 0.053411275148391724 6513.16 300.43 7129.58 393.99 7118.48 467.09 6502.07 373.53
26071-203-M6-079-00001 0.9901319742202759 350.02 3912.77 904.11 3912.93 904.09 3975.72 350.00 3975.56
26071-203-M6-079-00001 0.98691725730896 352.69 4975.57 892.92 4977.61 892.68 5040.38 352.45 5038.33
26071-203-M6-079-00001 0.9844428896903992 353.51 2022.64 895.56 2025.52 895.23 2088.36 353.18 2085.49
26071-203-M6-079-00001 0.9823870658874512 357.32 2968.94 897.58 2969.15 897.56 3032.23 357.30 3032.02
26071-203-M6-079-00001 0.9816915392875671 350.78 1075.41 895.43 1080.73 894.83 1142.55 350.18 1137.23
26071-203-M6-079-00001 0.9781365990638733 355.61 5917.33 896.45 5924.54 895.62 5986.71 354.79 5979.50
26071-203-M6-079-00001 0.117483951151371 365.98 2925.18 888.88 2930.42 888.37 2980.78 365.48 2975.55
26071-203-M6-079-00001 0.11370152235031128 356.58 1035.83 896.22 1021.89 897.44 1069.01 357.80 1082.96
26071-203-M6-079-00001 0.11354056745767593 7613.97 3911.35 8148.83 3903.48 8149.72 3963.96 7614.86 3971.84
26071-203-M6-079-00001 0.1058751791715622 366.78 3967.67 896.43 3987.29 894.56 4037.61 364.91 4018.00
26071-203-M6-079-00001 0.09826324880123138 7633.78 1087.80 8153.16 1081.21 8153.96 1144.42 7634.58 1151.02
26071-203-M6-079-00001 0.09186946600675583 7641.83 5908.10 8148.13 5931.43 8145.30 5992.90 7639.00 5969.57
26071-203-M6-079-00001 0.08968035876750946 345.91 3875.41 885.68 3857.00 887.31 3904.78 347.54 3923.19
26071-203-M6-079-00001 0.0896206870675087 7600.58 2030.28 8146.77 2013.26 8148.74 2076.52 7602.55 2093.53
26071-203-M6-079-00001 0.08820123970508575 387.21 4846.71 882.84 4908.48 873.06 4986.96 377.43 4925.18
26071-203-M6-079-00001 0.08580753207206726 362.23 3034.95 897.88 3015.27 899.66 3063.62 364.01 3083.30
26071-203-M6-079-00001 0.07393359392881393 7584.39 4984.63 8147.49 4973.18 8148.80 5037.48 7585.70 5048.93
26071-203-M6-079-00001 0.07242996245622635 359.90 1985.50 894.50 1985.26 894.52 2032.50 359.92 2032.74
26071-203-M6-079-00001 0.07104789465665817 353.15 5878.04 884.84 5880.06 884.65 5929.34 352.96 5927.32
26071-203-M6-079-00001 0.06932290643453598 307.10 3095.98 862.09 3107.89 860.63 3176.13 305.63 3164.21
26071-203-M6-079-00001 0.06551028043031693 354.87 2089.71 890.60 2079.45 891.54 2128.29 355.80 2138.55
26071-203-M6-079-00001 0.06521913409233093 353.43 5041.99 894.23 5034.57 894.90 5083.18 354.10 5090.60
26071-203-M6-079-00001 0.058941036462783813 7659.06 2976.79 8160.67 3015.98 8156.62 3067.80 7655.01 3028.61
26071-203-M6-079-00001 0.0527944453060627 368.28 1140.97 899.37 1133.10 900.10 1182.25 369.01 1190.12
26071-203-M6-079-00001 0.05027429014444351 2720.98 2234.74 2984.45 2238.63 2983.69 2290.00 2720.22 2286.11
26071-200-M6-052-00003 0.21191765367984772 248.69 4229.77 752.68 4217.58 754.08 4275.24 250.09 4287.43
26071-200-M6-052-00003 0.1451835185289383 7705.20 3444.29 8253.80 3437.64 8254.59 3502.62 7705.99 3509.27
26071-200-M6-052-00003 0.13997262716293335 248.97 2470.79 800.33 2536.23 793.78 2591.43 242.41 2526.00
26071-200-M6-052-00003 0.08681350201368332 7714.17 844.38 8261.04 836.55 8261.96 900.48 7715.09 908.31
26071-200-M6-052-00003 0.06751748919487 2178.55 286.67 2646.16 400.21 2628.60 472.54 2160.98 359.00
26071-200-M6-052-00003 0.06440421938896179 7742.38 5898.83 8277.93 5986.29 8269.14 6040.13 7733.58 5952.67
26071-700-M6-054-00013 0.29051369428634644 345.31 835.91 896.81 856.40 894.62 915.46 343.12 894.97
26071-700-M6-054-00013 0.2604573369026184 350.47 2720.93 901.83 2748.56 898.90 2807.16 347.53 2779.53
26071-700-M6-054-00013 0.21680808067321777 359.00 4620.50 896.86 4624.63 896.39 4686.44 358.52 4682.31
26071-700-M6-054-00013 0.1758064180612564 330.85 3447.64 895.70 3435.34 897.14 3501.38 332.29 3513.68
26071-700-M6-054-00013 0.10863792896270752 335.21 1552.31 898.23 1545.99 898.97 1611.90 335.95 1618.22
26071-700-M6-054-00013 0.0710567831993103 411.19 2677.93 896.77 2700.66 894.29 2753.57 408.71 2730.84
26071-203-M6-320-00060 0.9805029630661011 270.16 4106.16 808.80 4100.66 809.44 4163.53 270.81 4169.03
26071-203-M6-320-00060 0.1385534554719925 284.01 4159.10 828.72 4155.47 829.04 4204.18 284.33 4207.81
26071-203-M6-320-00060 0.07625938206911087 256.26 4077.29 810.41 4042.55 813.53 4092.32 259.38 4127.06
26071-203-M6-321-00225 0.9754801988601685 295.85 1792.24 846.70 1794.78 846.40 1859.42 295.55 1856.89
26071-203-M6-321-00225 0.9619231820106506 297.91 5686.91 839.89 5699.72 838.44 5761.22 296.46 5748.41
26071-203-M6-321-00225 0.9275418519973755 300.28 5453.83 842.52 5455.50 842.34 5515.95 300.10 5514.28
26071-203-M6-321-00225 0.4426890015602112 5009.06 327.02 5067.47 327.12 5066.49 869.24 5008.08 869.14
26071-203-M6-321-00225 0.29916083812713623 5271.59 311.82 5335.23 310.13 5350.39 881.20 5286.75 882.89
26071-203-M6-321-00225 0.25507664680480957 7669.85 4824.13 8218.16 4820.56 8218.57 4883.15 7670.25 4886.72
26071-203-M6-321-00225 0.22434572875499725 4282.17 308.63 4347.93 307.76 4355.59 884.11 4289.83 884.99
26071-203-M6-321-00225 0.164567768573761 7680.48 4012.49 8218.30 4013.21 8218.22 4076.82 7680.40 4076.11
26071-203-M6-321-00225 0.16438041627407074 7673.40 4587.40 8220.87 4582.61 8221.44 4647.60 7673.97 4652.39
26071-203-M6-321-00225 0.15641087293624878 4772.27 331.11 4837.51 331.93 4830.52 893.94 4765.27 893.13
26071-203-M6-321-00225 0.143683522939682 292.90 1856.50 829.44 1857.30 829.36 1915.81 292.81 1915.01
26071-203-M6-321-00225 0.07578326761722565 331.78 5511.75 836.01 5502.56 836.90 5551.60 332.67 5560.79
26071-203-M6-321-00225 0.07423251867294312 7685.57 5249.79 8238.39 5322.31 8230.63 5381.48 7677.81 5308.96
26071-203-M6-321-00225 0.0719960406422615 7687.89 5110.21 8209.46 5107.96 8209.69 5162.63 7688.13 5164.88
26071-203-M6-321-00225 0.06724655628204346 297.05 5762.99 824.15 5781.01 822.31 5834.79 295.21 5816.77
26071-203-M6-321-00225 0.06279078125953674 5061.72 348.97 5148.68 346.52 5163.80 883.54 5076.85 885.99
26071-203-M6-321-00225 0.05460536479949951 7687.96 3470.29 8241.58 3542.99 8234.08 3600.16 7680.46 3527.46
26071-203-M6-321-00225 0.05458901450037956 271.11 1758.68 311.81 1726.27 497.32 1959.26 456.62 1991.66
26071-700-M6-054-00036 0.2126769870519638 327.59 4022.17 911.14 4041.91 909.03 4104.23 325.48 4084.50
26071-700-M6-054-00036 0.20052988827228546 356.28 3091.34 901.89 3082.37 902.93 3145.23 357.31 3154.20
26071-700-M6-054-00036 0.12672312557697296 7656.17 6401.91 8170.54 6388.98 8172.00 6446.84 7657.62 6459.77
26071-700-M6-054-00036 0.12150892615318298 7680.05 2841.82 8103.89 2846.18 8103.29 2904.91 7679.45 2900.55
26071-700-M6-054-00036 0.07185115665197372 4221.45 349.16 4747.24 388.03 4742.54 451.68 4216.75 412.81
26071-700-M6-054-00036 0.05709989741444588 4701.60 1354.86 4769.49 1354.06 4773.69 1710.49 4705.80 1711.29
26071-203-M6-320-00044 0.846359372138977 3230.80 2738.16 3294.53 2736.98 3304.61 3281.68 3240.89 3282.86
26071-203-M6-320-00044 0.05266440659761429 4347.12 299.73 4763.46 360.53 4750.70 447.92 4334.36 387.12
26071-600-M6-065-00231 0.16388292610645294 7608.12 4539.93 8144.31 4538.42 8144.48 4600.45 7608.29 4601.96
26071-600-M6-065-00231 0.13353992998600006 7594.49 5287.48 8153.16 5300.38 8151.63 5366.55 7592.97 5353.66
26071-600-M6-065-00231 0.1295837163925171 358.31 4147.98 903.92 4144.19 904.35 4206.49 358.74 4210.27
26071-600-M6-065-00231 0.09705240279436111 351.54 3867.09 888.37 3863.69 888.76 3926.34 351.94 3929.75
26071-600-M6-065-00231 0.07517487555742264 7589.28 6157.17 8133.86 6142.88 8135.45 6203.42 7590.87 6217.71
26071-600-M6-065-00231 0.06112562492489815 6742.08 327.39 7180.43 363.95 7174.30 437.40 6735.95 400.84
26071-600-M6-065-00231 0.05824461206793785 3166.68 372.19 3847.17 362.11 3848.14 427.73 3167.66 437.81
26071-600-M6-065-00231 0.05377879738807678 6657.88 3544.70 6773.95 3528.82 6809.79 3790.89 6693.72 3806.77
26071-500-M6-059-00071 0.1651080995798111 7602.30 4864.63 8141.50 4851.23 8143.04 4913.03 7603.83 4926.44
26071-500-M6-059-00071 0.15384890139102936 7606.17 4502.36 8133.66 4500.07 8133.93 4561.63 7606.43 4563.91
26071-500-M6-059-00071 0.10087548941373825 7604.74 2964.17 8127.93 2938.83 8131.18 3005.98 7608.00 3031.33
26071-500-M6-059-00071 0.08309090882539749 7603.25 3949.06 8123.51 3963.48 8121.59 4032.64 7601.34 4018.22
26071-500-M6-059-00071 0.07739944010972977 7600.81 2146.68 8140.38 2139.22 8141.24 2201.84 7601.67 2209.30
26071-500-M6-059-00071 0.07124384492635727 7665.63 1193.74 8149.38 1196.46 8149.02 1260.58 7665.27 1257.86
26071-500-M6-059-00071 0.059482887387275696 7596.37 3552.99 8100.32 3566.90 8098.66 3627.06 7594.71 3613.15
26071-203-M6-320-00008 0.9733471274375916 236.11 1166.68 784.17 1161.61 784.72 1221.51 236.66 1226.57
26071-203-M6-320-00008 0.9654534459114075 272.02 2755.35 813.98 2747.07 814.95 2810.47 272.98 2818.75
26071-203-M6-320-00008 0.9282570481300354 7718.38 2426.23 8262.76 2424.24 8262.99 2487.89 7718.61 2489.88
26071-203-M6-320-00008 0.12221034616231918 265.90 2809.15 828.07 2808.50 828.17 2894.64 265.99 2895.28
26071-203-M6-320-00008 0.10376524925231934 7709.48 2473.35 8257.53 2511.27 8253.43 2570.64 7705.38 2532.71
26071-203-M6-320-00008 0.09616656601428986 7714.02 2373.64 8235.81 2379.75 8235.21 2431.03 7713.42 2424.92
26071-203-M6-320-00008 0.07529845088720322 229.32 1224.22 795.99 1236.89 794.66 1296.22 227.99 1283.55
26071-203-M6-320-00008 0.07513109594583511 276.59 2716.37 819.89 2705.83 820.81 2753.13 277.50 2763.67
26071-203-M6-320-00008 0.06631536781787872 4886.25 3852.04 5001.60 3849.31 5007.04 4078.81 4891.70 4081.55
26071-203-M6-320-00008 0.06473193317651749 3673.39 325.29 4167.49 332.54 4166.42 405.48 3672.32 398.23
26071-203-M6-320-00008 0.05810907110571861 241.45 1129.42 785.72 1110.68 787.49 1161.94 243.22 1180.69
26071-203-M6-320-00008 0.0500243678689003 4557.08 3376.72 4705.23 3377.71 4704.10 3548.17 4555.95 3547.19
26071-500-M6-059-00116 0.1405356377363205 7606.03 1202.43 8152.74 1190.10 8154.16 1253.29 7607.46 1265.62
26071-500-M6-059-00116 0.12419174611568451 343.72 6037.36 893.70 6034.72 894.01 6099.78 344.03 6102.42
26071-500-M6-059-00116 0.11589967459440231 7590.86 3264.62 8154.47 3241.11 8157.18 3306.18 7593.57 3329.69
26071-500-M6-059-00116 0.08184219896793365 355.96 4163.09 905.37 4151.00 906.85 4218.28 357.44 4230.36
26071-500-M6-059-00116 0.08061666786670685 7601.49 4157.55 8145.77 4143.56 8147.38 4206.03 7603.10 4220.02
26071-500-M6-059-00116 0.07844985276460648 360.60 1078.55 913.65 1074.81 914.09 1140.11 361.04 1143.86
26071-500-M6-059-00116 0.06061745434999466 7598.42 4214.16 8166.67 4208.94 8167.29 4276.07 7599.04 4281.29
26071-500-M6-059-00116 0.059125401079654694 374.99 5535.75 915.39 5541.82 914.81 5592.95 374.42 5586.88
26071-500-M6-059-00116 0.05784252658486366 7627.72 3310.73 8133.99 3325.53 8131.73 3402.70 7625.47 3387.89
26071-550-M6-084-00026 0.07853935658931732 6287.00 2765.61 6530.33 2887.36 6499.70 2948.57 6256.38 2826.82
26071-550-M6-084-00026 0.0681929737329483 4760.04 308.47 5347.81 386.67 5338.52 456.51 4750.75 378.32
26071-550-M6-084-00026 0.05338764190673828 6068.54 3559.56 6223.75 3583.11 6200.62 3735.50 6045.41 3711.95
26071-203-M6-337-00007 0.7734764814376831 308.62 2776.87 837.87 2781.71 837.27 2848.13 308.01 2843.29
26071-203-M6-337-00007 0.32181018590927124 7598.71 3092.08 8137.52 3071.85 8139.93 3136.19 7601.13 3156.41
26071-203-M6-337-00007 0.24673961102962494 288.08 1198.39 836.72 1188.93 837.78 1250.39 289.14 1259.85
26071-203-M6-337-00007 0.13272728025913239 7611.82 2830.48 8134.20 2826.27 8134.70 2888.68 7612.33 2892.88
26071-203-M6-337-00007 0.07415895164012909 7602.85 3118.80 8161.22 3158.94 8155.14 3243.59 7596.76 3203.45
26071-203-M6-337-00007 0.0674191266298294 7606.91 3026.51 8175.66 3050.05 8173.46 3103.22 7604.71 3079.68
26071-203-M6-337-00007 0.061300694942474365 4043.56 295.45 4472.55 370.73 4460.80 437.72 4031.81 362.43
26071-203-M6-337-00007 0.059478797018527985 300.40 2842.32 862.50 2846.72 862.11 2896.30 300.01 2891.90
26071-203-M6-337-00007 0.05555040016770363 938.79 1193.35 1332.12 1206.14 1330.21 1264.80 936.88 1252.00
26071-200-M6-052-00090 0.21090474724769592 246.88 6651.78 753.13 6617.06 756.89 6671.86 250.64 6706.59
26071-200-M6-052-00090 0.20050077140331268 241.64 1201.15 725.35 1202.03 725.25 1256.36 241.54 1255.48
26071-200-M6-052-00090 0.18736784160137177 227.14 5698.83 765.39 5662.36 769.18 5718.36 230.93 5754.82
26071-200-M6-052-00090 0.11188049614429474 236.79 5426.75 786.04 5488.80 779.68 5545.13 230.42 5483.07
26071-200-M6-052-00090 0.10495475679636002 246.07 941.69 793.78 1010.03 786.99 1064.52 239.27 996.19
26071-200-M6-052-00090 0.09930093586444855 2770.62 6197.07 2824.06 6160.01 2919.59 6297.76 2866.16 6334.82
26071-200-M6-052-00090 0.08210848271846771 7708.91 6636.28 8258.92 6621.90 8260.58 6685.41 7710.58 6699.79
26071-200-M6-052-00090 0.06665697693824768 5474.64 4544.54 5616.58 4577.52 5582.52 4724.12 5440.58 4691.14
26071-200-M6-052-00090 0.06621775776147842 237.53 1152.72 788.20 1154.88 788.00 1203.79 237.34 1201.63
26071-200-M6-052-00090 0.06012711673974991 2472.07 4544.79 2606.57 4580.09 2569.18 4722.50 2434.69 4687.19
26071-200-M6-052-00090 0.059896428138017654 7732.58 1256.79 8263.80 1253.49 8264.19 1316.14 7732.97 1319.45
26071-200-M6-052-00090 0.056000661104917526 2857.39 360.43 3687.47 373.03 3686.70 423.88 2856.61 411.28
26071-200-M6-052-00090 0.054130759090185165 4392.77 360.03 5226.98 372.33 5226.23 423.67 4392.01 411.37
26071-200-M6-052-00090 0.05135771259665489 7713.98 974.14 8269.74 949.08 8272.55 1011.51 7716.79 1036.57
26071-203-M6-320-00061 0.9455187320709229 7738.33 3169.50 8279.20 3176.44 8278.38 3239.80 7737.52 3232.86
26071-203-M6-320-00061 0.07989810407161713 7718.37 3243.26 8287.32 3229.41 8288.80 3290.35 7719.85 3304.21
26071-203-M6-320-00061 0.07962550967931747 7735.39 3124.57 8269.94 3129.58 8269.50 3176.44 7734.95 3171.43
26071-600-M6-065-00037 0.25121164321899414 7588.43 6631.25 8122.36 6631.39 8122.35 6694.40 7588.41 6694.26
26071-600-M6-065-00037 0.2326357215642929 349.36 749.84 898.40 743.45 899.11 803.99 350.06 810.39
26071-600-M6-065-00037 0.16896356642246246 359.50 1022.93 903.13 1015.23 904.02 1078.28 360.39 1085.98
26071-600-M6-065-00037 0.14299163222312927 351.14 2441.26 895.57 2442.84 895.39 2504.08 350.96 2502.50
26071-600-M6-065-00037 0.12570753693580627 355.62 2673.71 916.15 2683.88 915.03 2745.41 354.50 2735.24
26071-600-M6-065-00037 0.11215414851903915 371.38 449.75 902.63 542.75 891.27 607.59 360.03 514.59
26071-600-M6-065-00037 0.09479314833879471 361.39 1356.04 899.41 1417.66 892.11 1481.41 354.08 1419.79
26071-600-M6-065-00037 0.09412877261638641 7597.07 5740.09 8141.47 5744.70 8140.93 5809.08 7596.52 5804.47
26071-600-M6-065-00037 0.09359124302864075 382.33 1662.44 901.12 1651.07 902.34 1706.59 383.54 1717.97
26071-600-M6-065-00037 0.07130654156208038 7609.71 1363.25 8156.74 1379.76 8154.88 1441.51 7607.85 1425.00
26071-600-M6-065-00037 0.060597795993089676 2315.17 3295.16 2363.18 3294.64 2363.38 3312.25 2315.36 3312.77
26071-600-M6-065-00037 0.060349851846694946 5700.53 2821.91 5977.96 2825.18 5977.43 2870.52 5700.00 2867.25
26071-600-M6-065-00037 0.059334445744752884 1002.65 3871.90 1152.51 3900.71 1122.22 4058.33 972.35 4029.53
26071-600-M6-065-00037 0.05633503943681717 5762.22 341.29 6296.64 385.84 6291.26 450.27 5756.85 405.71
26071-600-M6-065-00037 0.055634357035160065 387.79 2382.45 896.91 2403.95 894.78 2454.49 385.66 2432.98
26071-600-M6-065-00037 0.055109839886426926 346.11 5740.14 896.74 5742.90 896.43 5804.32 345.80 5801.56
26071-300-M6-053-00010 0.21601973474025726 351.71 6042.91 894.91 6036.77 895.62 6099.64 352.42 6105.77
26071-300-M6-053-00010 0.08752018213272095 346.54 2611.08 901.04 2615.73 900.49 2681.18 345.99 2676.52
26071-300-M6-053-00010 0.07258199155330658 7603.05 1078.87 8159.38 1075.57 8159.75 1138.02 7603.42 1141.31
26071-300-M6-053-00010 0.07093247771263123 1580.93 3628.77 1737.08 3640.13 1725.96 3792.88 1569.82 3781.51
26071-300-M6-053-00010 0.06671864539384842 1858.50 3371.55 2005.66 3382.68 1993.22 3547.28 1846.05 3536.15
26071-300-M6-053-00010 0.057334963232278824 381.72 5989.66 897.17 5999.31 896.25 6048.71 380.80 6039.05
26071-203-M6-320-00042 0.9828396439552307 7706.63 2095.15 8246.71 2092.90 8246.97 2155.49 7706.89 2157.73
26071-203-M6-320-00042 0.09283864498138428 7692.57 2154.96 8246.40 2157.34 8246.19 2204.53 7692.37 2202.15
26071-203-M6-320-00042 0.09125560522079468 7650.98 2191.51 8159.91 2212.38 8156.74 2289.70 7647.81 2268.83
26071-203-M6-320-00042 0.08027321100234985 7696.27 2046.51 8254.04 2047.38 8253.96 2094.62 7696.19 2093.75
26071-203-M6-320-00042 0.050969015806913376 6381.31 2026.44 6532.13 2079.07 6474.52 2244.14 6323.71 2191.51
26071-200-M6-052-00540 0.335330069065094 7888.50 1217.40 7950.21 1215.54 7962.40 1620.52 7900.68 1622.38
26071-200-M6-052-00540 0.32036343216896057 2788.49 1207.90 2847.07 1206.18 2859.12 1614.90 2800.54 1616.63
26071-200-M6-052-00540 0.27481383085250854 3172.39 1217.32 3233.94 1218.51 3225.92 1631.96 3164.36 1630.77
26071-200-M6-052-00540 0.2504037022590637 7788.30 742.97 7850.20 740.67 7865.67 1155.23 7803.77 1157.54
26071-200-M6-052-00540 0.24722135066986084 6737.22 4844.10 6797.46 4839.71 6829.12 5273.48 6768.88 5277.88
26071-200-M6-052-00540 0.23243211209774017 2377.70 731.80 2455.92 726.84 2484.43 1176.20 2406.21 1181.16
26071-200-M6-052-00540 0.22786957025527954 595.47 738.63 654.29 737.85 659.84 1153.09 601.02 1153.87
26071-200-M6-052-00540 0.22751420736312866 710.46 1214.12 770.24 1215.72 759.09 1631.39 699.31 1629.78
26071-200-M6-052-00540 0.22437016665935516 965.35 745.40 1025.59 743.14 1040.86 1148.83 980.62 1151.09
26071-200-M6-052-00540 0.22380192577838898 2992.78 1205.23 3051.66 1209.41 3021.76 1630.11 2962.88 1625.92
26071-200-M6-052-00540 0.21850593388080597 248.73 6403.31 719.01 6394.38 720.05 6448.91 249.77 6457.83
26071-200-M6-052-00540 0.21690073609352112 7215.26 5290.03 7271.94 5291.41 7260.68 5753.42 7204.00 5752.04
26071-200-M6-052-00540 0.21595126390457153 4536.09 1221.32 4597.60 1223.35 4584.16 1630.56 4522.64 1628.53
26071-200-M6-052-00540 0.21292553842067719 2132.30 1219.45 2193.69 1219.19 2195.46 1629.75 2134.06 1630.02
26071-200-M6-052-00540 0.21073755621910095 1537.80 738.73 1598.38 737.80 1604.72 1148.66 1544.15 1149.60
26071-200-M6-052-00540 0.2081262618303299 3052.01 743.62 3113.56 740.82 3132.07 1148.55 3070.51 1151.34
26071-200-M6-052-00540 0.20486602187156677 4626.76 654.43 4686.75 656.03 4672.87 1178.35 4612.88 1176.75
26071-200-M6-052-00540 0.20397137105464935 6643.23 5266.17 6703.54 5269.24 6676.60 5799.22 6616.29 5796.15
26071-200-M6-052-00540 0.20181560516357422 3370.49 737.42 3430.82 736.67 3435.90 1145.02 3375.56 1145.77
26071-200-M6-052-00540 0.20163695514202118 7597.32 704.92 7659.66 704.31 7663.94 1140.29 7601.60 1140.90
26071-200-M6-052-00540 0.19907020032405853 3323.63 4823.54 3379.83 4826.84 3352.21 5297.13 3296.01 5293.82
26071-200-M6-052-00540 0.19875580072402954 3596.04 5377.68 3649.56 5380.64 3628.55 5760.53 3575.03 5757.57
26071-200-M6-052-00540 0.19770801067352295 7013.47 5291.35 7075.91 5288.75 7093.77 5718.36 7031.33 5720.95
26071-200-M6-052-00540 0.19763600826263428 7414.07 732.68 7472.65 732.59 7473.31 1148.87 7414.73 1148.96
26071-200-M6-052-00540 0.1958363950252533 3484.00 1202.71 3545.27 1204.02 3536.24 1627.07 3474.97 1625.76
26071-200-M6-052-00540 0.1955004781484604 4627.04 5338.23 4686.50 5335.55 4704.44 5733.72 4644.98 5736.40
26071-200-M6-052-00540 0.1940520703792572 4318.64 1248.48 4383.33 1241.45 4422.71 1603.67 4358.03 1610.70
26071-200-M6-052-00540 0.19201815128326416 7749.33 4861.59 7812.72 4864.67 7794.62 5237.80 7731.23 5234.73
26071-200-M6-052-00540 0.19197481870651245 699.72 4855.47 762.80 4859.05 741.26 5238.71 678.18 5235.13
26071-200-M6-052-00540 0.1906091719865799 1338.52 5381.01 1399.72 5383.10 1386.27 5776.60 1325.07 5774.51
26071-200-M6-052-00540 0.18977366387844086 785.58 727.99 847.50 727.75 849.17 1161.35 787.25 1161.59
26071-200-M6-052-00540 0.18740405142307281 1168.63 732.46 1227.56 733.05 1223.39 1148.77 1164.45 1148.18
26071-200-M6-052-00540 0.18645374476909637 2712.61 702.81 2764.29 708.13 2720.66 1131.97 2668.99 1126.66
26071-200-M6-052-00540 0.18410320580005646 1345.15 748.71 1406.45 747.45 1414.76 1152.83 1353.46 1154.09
26071-200-M6-052-00540 0.18379752337932587 3984.28 4883.09 4046.90 4882.44 4050.57 5233.56 3987.95 5234.22
26071-200-M6-052-00540 0.18261541426181793 594.20 5384.89 647.84 5387.20 631.33 5770.03 577.69 5767.71
26071-200-M6-052-00540 0.1825932115316391 4267.02 5360.74 4328.80 5363.83 4311.63 5706.63 4249.86 5703.54
26071-200-M6-052-00540 0.18127882480621338 6123.89 1211.36 6176.45 1210.80 6180.04 1553.05 6127.48 1553.61
26071-200-M6-052-00540 0.18053928017616272 6597.58 733.59 6657.77 733.56 6658.00 1154.18 6597.81 1154.22
26071-200-M6-052-00540 0.17922872304916382 391.50 5332.34 453.12 5335.31 434.48 5722.12 372.87 5719.15
26071-200-M6-052-00540 0.17921988666057587 7316.82 4812.23 7377.19 4813.84 7363.77 5317.33 7303.40 5315.72
26071-200-M6-052-00540 0.17920903861522675 3111.32 4822.80 3173.95 4819.47 3196.69 5246.94 3134.06 5250.27
26071-200-M6-052-00540 0.17903561890125275 6400.63 717.37 6462.60 715.86 6473.24 1149.90 6411.27 1151.42
26071-200-M6-052-00540 0.17857374250888824 3963.29 1225.56 4026.06 1226.65 4018.94 1635.19 3956.17 1634.09
26071-200-M6-052-00540 0.1771232932806015 6212.04 731.89 6276.11 731.35 6279.60 1147.33 6215.53 1147.87
26071-200-M6-052-00540 0.17668937146663666 7511.66 1214.90 7572.66 1216.28 7563.19 1634.85 7502.19 1633.47
26071-200-M6-052-00540 0.17628660798072815 6926.84 4848.74 6983.11 4845.64 7009.50 5325.20 6953.24 5328.30
26071-200-M6-052-00540 0.1761365830898285 7488.08 4863.05 7556.59 4859.91 7575.92 5281.70 7507.40 5284.84
26071-200-M6-052-00540 0.17489933967590332 6358.90 4854.80 6415.99 4851.88 6439.77 5317.08 6382.68 5320.00
26071-200-M6-052-00540 0.17433446645736694 4425.16 729.77 4485.73 731.56 4473.20 1154.80 4412.63 1153.01
26071-200-M6-052-00540 0.17310422658920288 4361.93 4874.40 4424.30 4874.63 4422.98 5238.81 4360.61 5238.58
26071-200-M6-052-00540 0.17308489978313446 6968.38 729.63 7030.12 729.05 7034.06 1151.83 6972.32 1152.40
26071-200-M6-052-00540 0.1712324619293213 1620.25 1216.88 1678.95 1210.61 1722.71 1619.88 1664.01 1626.15
26071-200-M6-052-00540 0.17026901245117188 3577.38 728.96 3639.14 731.08 3624.63 1154.20 3562.87 1152.08
26071-200-M6-052-00540 0.1699877381324768 4870.79 733.25 4930.77 732.82 4933.79 1153.21 4873.81 1153.64
26071-200-M6-052-00540 0.16894082725048065 2908.32 5353.33 2969.98 5356.15 2953.87 5708.61 2892.21 5705.79
26071-200-M6-052-00540 0.16857275366783142 5212.59 5306.80 5275.31 5303.07 5300.04 5718.94 5237.32 5722.67
26071-200-M6-052-00540 0.16833379864692688 4220.83 734.35 4282.23 731.43 4302.55 1158.95 4241.14 1161.87
26071-200-M6-052-00540 0.1682208776473999 4929.14 4879.69 4991.32 4879.17 4994.23 5230.39 4932.06 5230.91
26071-200-M6-052-00540 0.1674688160419464 7984.42 4875.17 8046.22 4877.51 8032.72 5234.50 7970.91 5232.16
26071-200-M6-052-00540 0.166838139295578 6014.09 736.57 6078.30 737.04 6075.34 1150.07 6011.12 1149.61
26071-200-M6-052-00540 0.1662997454404831 4551.77 4900.56 4613.24 4899.56 4618.59 5227.02 4557.12 5228.03
26071-200-M6-052-00540 0.16605260968208313 3482.58 4854.21 3540.75 4851.51 3563.96 5350.60 3505.79 5353.31
26071-200-M6-052-00540 0.16542452573776245 7857.75 5366.07 7919.85 5369.10 7903.29 5709.69 7841.18 5706.67
26071-200-M6-052-00540 0.16447021067142487 1836.11 723.35 1899.01 724.10 1893.84 1158.00 1830.94 1157.25
26071-200-M6-052-00540 0.16398881375789642 6775.58 734.68 6839.41 732.77 6851.87 1150.08 6788.04 1151.99
26071-200-M6-052-00540 0.1635231226682663 4736.82 4862.19 4798.19 4862.82 4794.09 5260.61 4732.73 5259.98
26071-200-M6-052-00540 0.16343335807323456 2218.36 728.79 2277.31 728.70 2278.01 1150.83 2219.06 1150.92
26071-200-M6-052-00540 0.1629565954208374 3680.70 1135.91 3738.15 1136.22 3735.45 1636.96 3677.99 1636.65
26071-200-M6-052-00540 0.16133908927440643 8093.20 5380.90 8147.26 5383.33 8130.94 5745.58 8076.88 5743.14
26071-200-M6-052-00540 0.16094087064266205 4046.72 730.94 4108.40 732.49 4097.91 1150.32 4036.22 1148.77
26071-200-M6-052-00540 0.1608765572309494 2874.75 728.76 2937.64 729.46 2932.88 1156.45 2869.99 1155.75
26071-200-M6-052-00540 0.16062037646770477 6557.88 4863.41 6619.73 4863.83 6617.13 5249.50 6555.28 5249.08
26071-200-M6-052-00540 0.1605331301689148 6175.12 4811.63 6232.98 4809.13 6254.77 5312.44 6196.90 5314.94
26071-200-M6-052-00540 0.1604154258966446 7126.49 4876.97 7188.79 4877.01 7188.56 5239.20 7126.27 5239.17
26071-200-M6-052-00540 0.15968050062656403 866.36 4828.95 925.20 4825.50 954.04 5316.89 895.21 5320.35
26071-200-M6-052-00540 0.15932874381542206 3855.33 733.36 3918.72 734.84 3908.90 1155.94 3845.51 1154.46
26071-200-M6-052-00540 0.1592985838651657 483.05 4846.52 540.04 4843.44 566.75 5337.29 509.75 5340.38
26071-200-M6-052-00540 0.15813970565795898 4832.81 5371.20 4893.83 5373.87 4879.33 5705.69 4818.30 5703.02
26071-200-M6-052-00540 0.15704308450222015 5636.64 734.29 5700.25 735.01 5695.58 1150.97 5631.97 1150.26
26071-200-M6-052-00540 0.156119704246521 5819.36 753.16 5880.13 749.99 5900.98 1149.44 5840.22 1152.61
26071-200-M6-052-00540 0.15509195625782013 2552.32 5368.99 2612.34 5371.00 2601.23 5703.70 2541.21 5701.69
26071-200-M6-052-00540 0.15501771867275238 6078.27 5378.90 6138.18 5378.42 6140.74 5698.72 6080.84 5699.20
26071-200-M6-052-00540 0.1547812521457672 3768.09 4839.35 3825.97 4835.24 3860.12 5316.47 3802.24 5320.58
26071-200-M6-052-00540 0.15321765840053558 7717.47 3680.57 8253.70 3677.52 8254.06 3741.49 7717.83 3744.55
26071-200-M6-052-00540 0.15222980082035065 5450.22 733.98 5513.54 734.91 5507.62 1139.18 5444.29 1138.25
26071-200-M6-052-00540 0.1513907015323639 5791.19 4848.18 5848.16 4845.03 5874.15 5315.10 5817.17 5318.25
26071-200-M6-052-00540 0.15129007399082184 5021.78 5327.78 5085.07 5330.52 5068.24 5718.70 5004.95 5715.96
26071-200-M6-052-00540 0.15082062780857086 5977.11 4853.53 6035.45 4849.27 6069.94 5321.92 6011.60 5326.18
26071-200-M6-052-00540 0.15009072422981262 1241.27 4851.33 1299.61 4847.12 1333.79 5320.85 1275.45 5325.06
26071-200-M6-052-00540 0.14832912385463715 4075.47 5341.56 4136.98 5343.91 4122.83 5714.94 4061.31 5712.60
26071-200-M6-052-00540 0.14761431515216827 5067.02 724.37 5125.63 726.37 5111.19 1151.37 5052.58 1149.38
26071-200-M6-052-00540 0.14724670350551605 7409.09 5321.66 7471.46 5323.84 7457.66 5719.30 7395.29 5717.12
26071-200-M6-052-00540 0.14709554612636566 3885.66 5322.10 3947.53 5324.16 3934.24 5723.99 3872.36 5721.94
26071-200-M6-052-00540 0.14687275886535645 1828.76 4876.36 1891.50 4878.38 1880.15 5231.26 1817.41 5229.24
26071-200-M6-052-00540 0.14663279056549072 1621.19 4856.53 1677.77 4852.94 1707.48 5321.44 1650.90 5325.03
26071-200-M6-052-00540 0.14659635722637177 4177.71 4881.42 4237.92 4882.44 4231.99 5231.56 4171.78 5230.54
26071-200-M6-052-00540 0.14616285264492035 1079.86 1219.99 1140.71 1219.47 1144.10 1620.92 1083.25 1621.44
26071-200-M6-052-00540 0.14600065350532532 1454.65 1217.81 1517.88 1217.19 1521.89 1629.48 1458.66 1630.10
26071-200-M6-052-00540 0.14509570598602295 1439.70 4815.36 1497.77 4812.95 1518.47 5310.89 1460.40 5313.30
26071-200-M6-052-00540 0.14485259354114532 5896.41 5330.65 5960.73 5333.36 5944.37 5721.89 5880.05 5719.18
26071-200-M6-052-00540 0.14286814630031586 2019.16 4799.47 2076.69 4797.78 2091.74 5309.58 2034.20 5311.27
26071-200-M6-052-00540 0.1428641825914383 2025.27 729.45 2085.72 730.18 2080.55 1157.51 2020.10 1156.77
26071-200-M6-052-00540 0.14220170676708221 2732.56 5356.60 2791.27 5359.24 2775.81 5703.45 2717.10 5700.81
26071-200-M6-052-00540 0.13962797820568085 779.73 5394.97 837.93 5395.85 833.37 5698.44 775.17 5697.56
26071-200-M6-052-00540 0.13946546614170074 1539.19 5330.79 1601.81 5334.02 1581.98 5718.28 1519.36 5715.05
26071-200-M6-052-00540 0.13804543018341064 6453.31 5370.96 6510.76 5372.66 6499.23 5763.34 6441.78 5761.64
26071-200-M6-052-00540 0.13733558356761932 1048.74 4851.69 1105.67 4848.02 1137.18 5335.65 1080.25 5339.33
26071-200-M6-052-00540 0.13732142746448517 1905.62 5288.47 1965.52 5288.52 1965.09 5753.58 1905.19 5753.53
26071-200-M6-052-00540 0.1372491717338562 5260.08 732.18 5323.32 732.79 5319.26 1154.27 5256.02 1153.66
26071-200-M6-052-00540 0.1344941407442093 6840.05 5329.63 6902.23 5331.91 6887.93 5721.86 6825.75 5719.58
26071-200-M6-052-00540 0.1320887953042984 7164.00 727.54 7225.70 728.35 7220.21 1146.39 7158.50 1145.57
26071-200-M6-052-00540 0.13203829526901245 1267.58 1153.16 1325.68 1152.28 1333.04 1637.71 1274.94 1638.59
26071-200-M6-052-00540 0.1306236982345581 5393.65 5306.37 5464.58 5306.20 5465.65 5755.09 5394.71 5755.26
26071-200-M6-052-00540 0.1303994059562683 3408.24 5333.31 3470.15 5336.94 3448.23 5710.58 3386.32 5706.95
26071-200-M6-052-00540 0.12945109605789185 2321.12 1163.66 2378.71 1163.13 2383.01 1631.02 2325.41 1631.55
26071-200-M6-052-00540 0.1289052814245224 5591.00 5353.10 5651.71 5356.00 5634.83 5709.56 5574.12 5706.66
26071-200-M6-052-00540 0.12570802867412567 6268.16 5298.17 6328.71 5299.38 6319.53 5759.64 6258.98 5758.43
26071-200-M6-052-00540 0.12444635480642319 7066.82 1212.30 7128.78 1208.48 7153.79 1613.63 7091.83 1617.45
26071-200-M6-052-00540 0.12432710081338882 4145.69 1216.38 4210.56 1214.88 4220.03 1625.67 4155.16 1627.16
26071-200-M6-052-00540 0.12208615243434906 1156.30 5333.94 1220.33 5335.69 1209.71 5723.27 1145.68 5721.51
26071-200-M6-052-00540 0.11839967966079712 1919.12 1209.40 1980.58 1204.03 2017.02 1620.93 1955.56 1626.30
26071-200-M6-052-00540 0.11722171306610107 973.34 5333.26 1038.80 5337.59 1012.78 5731.08 947.32 5726.75
26071-200-M6-052-00540 0.11698473989963531 6511.84 1227.52 6574.85 1227.61 6574.31 1629.87 6511.31 1629.79
26071-200-M6-052-00540 0.11538150161504745 6696.17 1212.43 6758.49 1210.76 6769.34 1617.22 6707.02 1618.88
26071-200-M6-052-00540 0.11215589940547943 7708.27 1130.41 7764.54 1129.52 7772.66 1646.81 7716.40 1647.69
26071-200-M6-052-00540 0.11014664173126221 4454.74 5333.13 4516.76 5335.56 4501.73 5719.61 4439.71 5717.18
26071-200-M6-052-00540 0.1094074621796608 895.41 1245.11 967.05 1251.40 930.35 1669.14 858.71 1662.85
26071-200-M6-052-00540 0.10834347456693649 5167.39 1139.43 5223.29 1139.16 5225.74 1641.67 5169.84 1641.95
26071-200-M6-052-00540 0.10829069465398788 5356.85 1221.50 5421.26 1218.62 5439.26 1620.22 5374.85 1623.11
26071-200-M6-052-00540 0.10587644577026367 5554.64 1180.68 5609.95 1183.22 5592.54 1563.07 5537.23 1560.53
26071-200-M6-052-00540 0.1056375727057457 3214.72 5388.69 3272.93 5390.26 3264.51 5703.38 3206.31 5701.81
26071-200-M6-052-00540 0.10147041827440262 5925.15 1221.40 5989.93 1219.16 6003.87 1621.72 5939.09 1623.97
26071-200-M6-052-00540 0.09746930748224258 5746.51 1215.25 5803.57 1216.42 5797.00 1538.43 5739.94 1537.27
26071-200-M6-052-00540 0.09388034045696259 4976.41 1163.69 5033.09 1162.63 5041.86 1633.12 4985.18 1634.18
26071-200-M6-052-00540 0.09294196963310242 1721.78 5335.29 1785.20 5336.62 1777.08 5721.12 1713.66 5719.78
26071-200-M6-052-00540 0.0913587287068367 4777.66 1190.91 4829.57 1187.86 4851.60 1562.62 4799.68 1565.67
26071-200-M6-052-00540 0.08472585678100586 6897.15 1172.31 6949.94 1171.92 6952.85 1565.01 6900.06 1565.40
26071-200-M6-052-00540 0.07907240092754364 254.99 6124.93 798.11 6215.93 788.65 6272.41 245.53 6181.41
26071-200-M6-052-00540 0.07895451784133911 7744.48 3326.85 8273.85 3322.33 8274.39 3384.84 7745.01 3389.36
26071-200-M6-052-00540 0.0785527303814888 6325.28 1218.83 6380.95 1219.61 6376.59 1530.31 6320.92 1529.53
26071-200-M6-052-00540 0.07846321165561676 6703.32 4832.21 6756.92 4831.01 6768.82 5363.24 6715.22 5364.44
26071-200-M6-052-00540 0.07670004665851593 571.56 647.78 624.70 651.40 588.68 1181.20 535.54 1177.59
26071-200-M6-052-00540 0.07080192118883133 3217.96 1109.93 3270.29 1109.63 3273.46 1673.97 3221.12 1674.27
26071-200-M6-052-00540 0.06965869665145874 7704.63 3741.62 8279.00 3725.55 8281.03 3798.23 7706.66 3814.30
26071-200-M6-052-00540 0.06849723309278488 3742.55 1109.73 3792.46 1111.90 3768.90 1653.70 3718.99 1651.53
26071-200-M6-052-00540 0.06363335251808167 217.43 6468.18 801.42 6443.40 804.26 6510.33 220.27 6535.12
26071-200-M6-052-00540 0.06291843950748444 2185.21 640.26 2238.40 642.40 2216.77 1179.63 2163.59 1177.49
26071-200-M6-052-00540 0.06256767362356186 4504.96 4841.94 4556.09 4840.21 4574.74 5391.02 4523.60 5392.75
26071-200-M6-052-00540 0.05862407013773918 6555.86 618.64 6609.27 618.74 6608.17 1170.82 6554.76 1170.71
26071-200-M6-052-00540 0.058611899614334106 6013.54 5308.71 6069.26 5304.27 6110.16 5817.35 6054.43 5821.79
26071-200-M6-052-00540 0.05839502066373825 2661.27 5394.86 2709.89 5390.09 2752.38 5823.33 2703.76 5828.10
26071-200-M6-052-00540 0.058118920773267746 2819.09 1110.22 2869.43 1104.47 2928.43 1621.75 2878.10 1627.50
26071-200-M6-052-00540 0.05726538971066475 5885.88 651.87 6307.03 1004.05 6272.46 1045.39 5851.32 693.21
26071-200-M6-052-00540 0.057122815400362015 1132.44 634.65 1185.45 636.31 1168.40 1183.60 1115.39 1181.95
26071-200-M6-052-00540 0.05654938519001007 3346.41 622.62 3398.51 625.10 3372.12 1179.16 3320.02 1176.67
26071-200-M6-052-00540 0.05432351306080818 7745.05 5390.73 7790.69 5378.69 7920.12 5869.24 7874.48 5881.28
26071-200-M6-052-00540 0.053800225257873535 4309.75 4836.80 4362.24 4841.69 4308.06 5422.58 4255.58 5417.68
26071-200-M6-052-00540 0.05201684683561325 3998.95 615.95 4050.00 615.81 4051.50 1163.43 4000.45 1163.57
26071-200-M6-052-00540 0.051566824316978455 3041.96 641.15 3092.94 645.98 3041.84 1184.90 2990.85 1180.07
26071-200-M6-052-00540 0.051342908293008804 4276.22 657.88 4329.65 655.91 4348.37 1165.81 4294.94 1167.77
26071-200-M6-052-00540 0.051025111228227615 775.48 1094.42 823.99 1097.43 789.62 1650.27 741.11 1647.25
26071-200-M6-052-00540 0.05097537487745285 1785.81 4832.86 1836.14 4834.06 1823.41 5371.28 1773.07 5370.08
26071-200-M6-052-00540 0.05063994973897934 7916.75 1115.23 7967.52 1108.25 8035.61 1603.62 7984.83 1610.59
26071-200-M6-052-00540 0.050398364663124084 231.73 6352.05 788.06 6341.84 788.96 6390.53 232.63 6400.74
26071-200-M6-052-00540 0.050021227449178696 3950.37 984.29 3996.95 990.41 3915.74 1608.02 3869.16 1601.90
26071-203-M6-160-00291 0.1750941276550293 338.95 1494.49 889.88 1489.88 890.39 1550.77 339.46 1555.39
26071-203-M6-160-00291 0.14379744231700897 7609.60 4343.31 8144.99 4349.18 8144.28 4413.30 7608.90 4407.42
26071-203-M6-160-00291 0.14376206696033478 7608.65 2842.21 8145.87 2849.19 8145.04 2913.12 7607.82 2906.14
26071-203-M6-160-00291 0.12727409601211548 7594.74 1010.94 8153.65 1030.84 8151.39 1094.32 7592.48 1074.41
26071-203-M6-160-00291 0.09300636500120163 2181.82 3336.74 2334.04 3361.86 2309.14 3512.65 2156.93 3487.52
26071-203-M6-160-00291 0.060667816549539566 3358.43 5079.15 3516.31 5082.96 3512.78 5228.82 3354.91 5225.00
26071-203-M6-160-00291 0.05780099704861641 3399.96 322.39 3915.45 400.25 3904.99 469.53 3389.50 391.68
26071-203-M6-160-00291 0.05633539333939552 4741.13 5148.14 4903.90 5136.66 4916.66 5317.61 4753.89 5329.09
26071-203-M6-160-00291 0.056135013699531555 2025.07 362.78 2605.40 353.31 2606.39 413.58 2026.06 423.05
26071-203-M6-160-00291 0.05335085839033127 4952.01 306.82 5393.28 388.53 5379.67 462.04 4938.40 380.33
26071-203-M6-160-00291 0.05203568562865257 6480.16 2125.00 6497.95 2124.67 6498.84 2172.07 6481.05 2172.40
26071-600-M6-066-00002 0.3936983048915863 343.95 2853.50 878.32 2842.05 879.71 2906.90 345.34 2918.35
26071-600-M6-066-00002 0.11554645746946335 7580.90 5208.11 8165.78 5211.17 8165.44 5274.82 7580.57 5271.76
26071-600-M6-066-00002 0.09858119487762451 359.11 3911.50 897.55 3906.88 898.09 3969.53 359.64 3974.15
26071-600-M6-066-00002 0.09528503566980362 7636.40 1666.31 8151.28 1671.53 8150.61 1737.55 7635.73 1732.33
26071-600-M6-066-00002 0.09050184488296509 7586.16 3899.95 8163.91 3926.32 8161.21 3985.54 7583.46 3959.17
26071-600-M6-066-00002 0.082977294921875 7589.52 4861.44 8151.23 4844.25 8153.16 4907.51 7591.46 4924.69
26071-600-M6-066-00002 0.064613938331604 7596.49 3257.21 8154.88 3254.50 8155.18 3315.65 7596.79 3318.36
26071-600-M6-066-00002 0.06130779907107353 4057.76 340.82 4506.55 349.95 4505.11 420.33 4056.32 411.20
26071-600-M6-066-00002 0.05859784036874771 342.76 2903.82 895.57 2916.21 894.50 2963.99 341.69 2951.60
26071-600-M6-066-00002 0.056390438228845596 6657.15 3353.55 6811.72 3368.67 6796.81 3521.20 6642.24 3506.09
26071-600-M6-066-00002 0.05208912864327431 7662.75 3298.78 8126.60 3335.81 8122.25 3390.35 7658.40 3353.32
26071-300-M6-053-00008 0.9893295168876648 346.59 2731.04 900.58 2736.30 899.99 2798.78 346.00 2793.52
26071-300-M6-053-00008 0.2647259831428528 347.33 1045.22 900.78 1037.46 901.66 1100.08 348.21 1107.84
26071-300-M6-053-00008 0.22223980724811554 349.15 6512.16 900.72 6509.44 901.02 6569.51 349.45 6572.23
26071-300-M6-053-00008 0.17597389221191406 355.70 2784.22 896.10 2795.48 895.09 2844.01 354.69 2832.75
26071-300-M6-053-00008 0.11173930764198303 5484.00 1186.44 5635.43 1207.09 5612.40 1375.97 5460.96 1355.32
26071-300-M6-053-00008 0.10342876613140106 355.17 2686.70 883.72 2698.13 882.66 2747.05 354.12 2735.62
26071-300-M6-053-00008 0.08730568736791611 356.08 4988.66 903.21 4971.00 905.23 5033.73 358.10 5051.39
26071-300-M6-053-00008 0.08029229938983917 7619.63 5573.31 8168.88 5548.43 8171.79 5612.68 7622.54 5637.56
26071-300-M6-053-00008 0.07897733896970749 3569.59 319.00 3914.65 346.38 3908.79 420.24 3563.73 392.86
26071-300-M6-053-00008 0.07208211719989777 361.66 2222.48 904.11 2220.43 904.30 2271.82 361.86 2273.87
26071-300-M6-053-00008 0.0677163377404213 365.61 740.18 886.72 745.73 886.11 802.86 365.00 797.31
26071-300-M6-053-00008 0.0645274743437767 7588.09 495.95 8144.95 480.92 8146.71 546.20 7589.85 561.22
26071-300-M6-053-00008 0.06443784385919571 4539.39 4273.35 4680.27 4274.18 4679.33 4432.79 4538.45 4431.95
26071-300-M6-053-00008 0.05636385455727577 4629.70 3255.11 4775.94 3280.51 4749.99 3429.96 4603.74 3404.56
26071-300-M6-053-00008 0.054826050996780396 2692.31 1377.54 2741.47 1377.66 2741.43 1395.29 2692.26 1395.17
26071-300-M6-053-00008 0.05159240588545799 355.30 4930.19 903.77 4929.89 903.79 4977.78 355.32 4978.09
26071-203-M6-060-00001 0.9903837442398071 354.20 4628.27 903.99 4617.50 905.20 4679.43 355.42 4690.20
26071-203-M6-060-00001 0.9900103211402893 355.27 5573.21 905.37 5562.68 906.55 5624.59 356.46 5635.12
26071-203-M6-060-00001 0.9845221042633057 357.48 3441.98 902.51 3439.66 902.78 3502.93 357.75 3505.25
26071-203-M6-060-00001 0.9839473962783813 354.20 2489.01 897.12 2500.76 895.77 2563.08 352.85 2551.33
26071-203-M6-060-00001 0.9816049933433533 353.54 1430.44 897.73 1435.37 897.16 1497.69 352.98 1492.75
26071-203-M6-060-00001 0.19062702357769012 7582.71 3443.46 8165.15 3437.60 8165.80 3502.37 7583.37 3508.23
26071-203-M6-060-00001 0.10998599231243134 382.72 4476.12 885.84 4529.78 878.15 4601.90 375.03 4548.25
26071-203-M6-060-00001 0.10797521471977234 359.06 2455.97 898.09 2454.49 898.22 2501.17 359.19 2502.64
26071-203-M6-060-00001 0.10168956220149994 7646.04 2493.73 8150.71 2498.58 8150.11 2561.44 7645.43 2556.58
26071-203-M6-060-00001 0.10091181844472885 350.56 2561.65 890.32 2553.72 891.02 2601.45 351.26 2609.39
26071-203-M6-060-00001 0.09267771244049072 7621.53 1415.49 8149.50 1444.68 8145.88 1510.06 7617.92 1480.86
26071-203-M6-060-00001 0.08281510323286057 354.47 1390.00 884.92 1391.20 884.81 1440.65 354.35 1439.45
26071-203-M6-060-00001 0.0813416838645935 2757.36 1161.64 2911.42 1157.63 2916.04 1335.31 2761.98 1339.31
26071-203-M6-060-00001 0.08089350163936615 355.68 4682.01 903.35 4689.70 902.70 4736.31 355.03 4728.62
26071-203-M6-060-00001 0.07698331028223038 7586.18 4620.54 8154.01 4607.13 8155.53 4671.34 7587.70 4684.75
26071-203-M6-060-00001 0.07474278658628464 7586.15 5565.00 8153.55 5547.59 8155.51 5611.25 7588.10 5628.66
26071-203-M6-060-00001 0.07342887669801712 357.81 5625.10 901.28 5636.06 900.34 5682.77 356.86 5671.81
26071-203-M6-060-00001 0.07229079306125641 372.10 3384.80 903.62 3403.91 901.90 3451.84 370.38 3432.72
26071-203-M6-060-00001 0.07121581584215164 379.85 5457.21 879.51 5511.75 871.72 5583.14 372.06 5528.60
26071-203-M6-060-00001 0.06674611568450928 358.94 4577.80 888.68 4574.23 889.00 4620.66 359.26 4624.22
26071-203-M6-060-00001 0.0640314444899559 2753.98 5058.92 2912.09 5049.00 2923.16 5225.50 2765.05 5235.41
26071-203-M6-060-00001 0.05870559811592102 367.30 3500.86 905.92 3488.02 907.09 3537.00 368.47 3549.84
26071-203-M6-060-00001 0.05077248439192772 3000.09 1163.37 3156.81 1181.67 3139.28 1331.86 2982.56 1313.56
26071-200-M6-063-00010 0.1245313361287117 336.14 4505.57 890.57 4507.02 890.41 4568.57 335.98 4567.12
26071-200-M6-063-00010 0.0674666240811348 3359.96 5432.16 3513.75 5465.89 3480.35 5618.16 3326.56 5584.43
26071-200-M6-063-00010 0.05208035558462143 371.64 3618.78 917.79 3616.76 917.98 3666.20 371.83 3668.23
26071-200-M6-063-00010 0.05156567320227623 4892.39 1655.39 5044.58 1680.02 5019.76 1833.40 4867.57 1808.77
26071-200-M6-063-00010 0.05106072500348091 2946.87 346.56 3603.91 389.23 3599.77 452.99 2942.73 410.32
26071-200-M6-063-00010 0.05059513449668884 339.19 3554.87 896.35 3559.10 895.86 3623.00 338.71 3618.77
26071-203-M6-060-00006 0.20373941957950592 353.73 2730.99 895.37 2735.57 894.87 2794.63 353.23 2790.05
26071-203-M6-060-00006 0.07731666415929794 7599.50 6017.58 8152.46 6059.03 8147.85 6120.58 7594.89 6079.12
26071-203-M6-060-00006 0.06041821464896202 395.94 2681.18 894.76 2694.76 893.31 2748.13 394.49 2734.54
26071-203-M6-060-00006 0.054696984589099884 3643.17 355.15 4171.90 386.11 4168.43 445.39 3639.70 414.43
26071-203-M6-325-00013 0.9762141108512878 275.46 3145.42 820.91 3142.78 821.21 3204.13 275.76 3206.76
26071-203-M6-325-00013 0.6161189675331116 3205.75 361.27 3264.44 360.43 3272.40 915.22 3213.71 916.06
26071-203-M6-325-00013 0.09305939823389053 221.67 3101.69 805.51 3086.65 806.75 3134.91 222.91 3149.95
26071-203-M6-325-00013 0.08537399023771286 268.97 3209.68 806.84 3197.91 807.91 3246.68 270.03 3258.46
26071-203-M6-325-00013 0.08069532364606857 3284.26 350.47 3369.46 353.09 3352.51 902.69 3267.31 900.07
26071-675-M6-068-00041 0.2167809158563614 274.96 1051.58 821.49 1037.16 823.14 1099.60 276.61 1114.02
26071-675-M6-068-00041 0.06162887439131737 262.45 5898.18 833.56 5893.79 834.04 5957.48 262.94 5961.87
26071-300-M6-053-00012 0.23294664919376373 352.52 2260.47 900.69 2255.26 901.27 2316.35 353.10 2321.56
26071-300-M6-053-00012 0.22416304051876068 331.43 958.53 885.73 958.80 885.70 1020.94 331.40 1020.67
26071-300-M6-053-00012 0.1999550610780716 351.76 4144.94 903.80 4156.25 902.62 4213.83 350.58 4202.53
26071-300-M6-053-00012 0.17956028878688812 344.23 2548.28 907.22 2571.11 904.79 2631.18 341.79 2608.35
26071-300-M6-053-00012 0.1690552532672882 349.50 1777.93 909.60 1794.10 907.89 1853.31 347.79 1837.15
26071-300-M6-053-00012 0.0847022607922554 7621.31 1138.87 8155.87 1133.66 8156.47 1195.07 7621.91 1200.28
26071-300-M6-053-00012 0.07583167403936386 4890.88 4762.69 4983.16 4749.05 5018.44 4987.78 4926.16 5001.42
26071-300-M6-053-00012 0.07208314538002014 366.90 4632.54 902.43 4617.01 904.23 4678.94 368.70 4694.47
26071-300-M6-053-00012 0.06725683063268661 6183.06 5466.04 6331.61 5490.62 6307.82 5634.45 6159.27 5609.88
26071-300-M6-053-00012 0.06716115772724152 5157.42 5461.85 5308.98 5471.99 5298.96 5621.91 5147.40 5611.78
26071-300-M6-053-00012 0.06674351543188095 6306.76 2478.98 6460.12 2498.05 6441.05 2651.44 6287.68 2632.37
26071-300-M6-053-00012 0.06315605342388153 3391.22 5950.59 3519.44 5941.54 3532.54 6127.23 3404.32 6136.27
26071-300-M6-053-00012 0.05813787505030632 3661.09 5648.46 3822.78 5628.16 3852.10 5861.74 3690.41 5882.04
26071-300-M6-053-00012 0.05737515911459923 3308.76 345.71 3848.57 388.43 3843.62 451.07 3303.80 408.35
26071-300-M6-053-00012 0.05655413493514061 4814.10 341.05 5374.22 406.04 5367.02 468.08 4806.90 403.10
26071-300-M6-053-00012 0.05598195269703865 4306.91 5465.97 4455.06 5491.71 4429.57 5638.44 4281.42 5612.70
26071-300-M6-053-00012 0.053943075239658356 7208.19 311.09 7698.29 369.27 7690.32 436.40 7200.22 378.22
26071-300-M6-053-00012 0.05101621150970459 340.11 5115.57 894.07 5112.44 894.45 5178.19 340.48 5181.32
26071-450-M6-082-00221 0.24087542295455933 351.58 1076.44 893.02 1079.25 892.70 1141.16 351.26 1138.34
26071-450-M6-082-00221 0.2359047830104828 354.20 2382.99 900.13 2373.31 901.23 2435.75 355.31 2445.43
26071-450-M6-082-00221 0.19425338506698608 363.02 5443.08 907.22 5463.25 904.92 5525.27 360.72 5505.10
26071-450-M6-082-00221 0.16078095138072968 350.13 3677.65 908.51 3669.20 909.44 3730.37 351.05 3738.82
26071-450-M6-082-00221 0.07705100625753403 361.35 4953.03 884.68 5003.96 878.47 5067.74 355.14 5016.81
26071-450-M6-082-00221 0.07246020436286926 7878.47 2388.78 7895.07 2386.11 7902.59 2432.93 7885.99 2435.60
26071-675-M6-068-00034 0.2536808252334595 318.10 6389.67 861.19 6379.38 862.35 6440.21 319.25 6450.50
26071-675-M6-068-00034 0.24394764006137848 7674.64 778.70 8221.10 768.05 8222.32 830.17 7675.85 840.82
26071-675-M6-068-00034 0.22558768093585968 7679.30 3439.96 8229.07 3441.87 8228.85 3505.01 7679.08 3503.10
26071-675-M6-068-00034 0.1916874349117279 293.81 3498.13 844.92 3509.09 843.69 3571.13 292.58 3560.17
26071-675-M6-068-00034 0.18412181735038757 318.77 6064.95 864.97 6046.96 867.02 6109.11 320.82 6127.10
26071-675-M6-068-00034 0.15179291367530823 305.69 4290.18 845.11 4279.64 846.32 4341.33 306.89 4351.87
26071-675-M6-068-00034 0.14429284632205963 7670.10 1816.26 8217.36 1829.98 8215.75 1894.36 7668.48 1880.64
26071-675-M6-068-00034 0.13502487540245056 7676.07 2212.59 8222.64 2213.38 8222.55 2276.30 7675.98 2275.52
26071-675-M6-068-00034 0.1335597187280655 7674.82 1515.74 8215.83 1530.98 8214.04 1594.78 7673.02 1579.54
26071-675-M6-068-00034 0.09541220963001251 7662.15 1205.23 8137.83 1192.70 8139.47 1254.89 7663.79 1267.43
26071-675-M6-068-00034 0.0759316012263298 2915.89 4797.51 2964.42 4796.06 2964.86 4810.76 2916.32 4812.21
26071-675-M6-068-00034 0.0687926635146141 3095.73 4797.38 3144.15 4796.27 3144.48 4810.61 3096.06 4811.71
26071-675-M6-068-00034 0.06788291037082672 3036.22 4795.92 3084.19 4794.22 3084.79 4810.97 3036.82 4812.67
26071-675-M6-068-00034 0.06613937020301819 314.72 1736.62 859.53 1731.75 860.10 1794.99 315.28 1799.86
26071-675-M6-068-00034 0.06557390093803406 2856.34 4800.26 2904.47 4798.88 2904.75 4808.81 2856.63 4810.19
26071-675-M6-068-00034 0.06556408852338791 2975.38 4797.98 3024.05 4797.99 3024.05 4811.84 2975.37 4811.83
26071-675-M6-068-00034 0.06341121345758438 2706.05 4800.07 2754.45 4799.48 2754.57 4809.02 2706.16 4809.61
26071-675-M6-068-00034 0.05307915061712265 3587.83 3378.41 3665.76 3369.34 3726.96 3894.89 3649.03 3903.97
26071-450-M6-082-00031 0.3553455173969269 342.01 966.45 882.25 951.44 883.98 1013.72 343.74 1028.73
26071-450-M6-082-00031 0.27967220544815063 350.16 1325.40 897.81 1308.03 899.71 1368.05 352.07 1385.41
26071-450-M6-082-00031 0.22962728142738342 351.69 5916.46 919.33 5924.02 918.49 5987.42 350.85 5979.86
26071-450-M6-082-00031 0.2280852347612381 348.46 2267.45 898.44 2251.62 900.19 2312.54 350.21 2328.37
26071-450-M6-082-00031 0.2245052456855774 7607.11 1620.50 8149.04 1624.57 8148.57 1687.01 7606.64 1682.94
26071-450-M6-082-00031 0.1467636078596115 349.63 6326.42 918.50 6345.49 916.41 6407.66 347.55 6388.58
26071-450-M6-082-00031 0.13070616126060486 7601.12 3980.68 8142.98 3967.47 8144.48 4028.83 7602.61 4042.04
26071-450-M6-082-00031 0.12408371269702911 7606.63 2093.67 8154.17 2093.81 8154.15 2154.81 7606.61 2154.67
26071-450-M6-082-00031 0.12345752865076065 7621.17 6106.90 8108.24 6108.52 8108.03 6169.63 7620.96 6168.01
26071-450-M6-082-00031 0.12085431069135666 7632.20 5565.50 8159.24 5576.46 8157.91 5640.15 7630.88 5629.19
26071-450-M6-082-00031 0.10614949464797974 7589.04 5854.97 8165.65 5861.11 8164.95 5927.08 7588.34 5920.95
26071-450-M6-082-00031 0.10524443536996841 7667.67 6327.65 8148.28 6339.17 8146.76 6402.64 7666.15 6391.12
26071-450-M6-082-00031 0.09580470621585846 7598.53 965.68 8145.98 955.59 8147.10 1016.45 7599.65 1026.55
26071-450-M6-082-00031 0.06483851373195648 2789.28 3957.59 2930.96 3982.64 2903.00 4140.83 2761.32 4115.79
26071-450-M6-082-00031 0.05453883111476898 5722.52 5068.05 5816.65 5054.58 5847.70 5271.56 5753.58 5285.03
26071-450-M6-082-00031 0.05429724603891373 2984.80 322.78 3659.61 395.83 3652.66 460.03 2977.85 386.98
26071-450-M6-082-00031 0.05427521467208862 2780.63 4213.69 2932.95 4228.06 2918.89 4377.13 2766.57 4362.77
26071-450-M6-082-00031 0.052107904106378555 3928.13 2685.10 4078.97 2699.99 4064.10 2850.58 3913.26 2835.69
26071-200-M6-062-00276 0.10610847175121307 7646.86 1759.31 8089.37 1822.78 8081.31 1878.97 7638.80 1815.49
26071-200-M6-062-00276 0.10231004655361176 340.13 1782.96 897.12 1785.88 896.78 1851.51 339.79 1848.59
26071-200-M6-062-00276 0.08520974218845367 7592.85 4379.76 8151.72 4386.75 8150.92 4451.24 7592.04 4444.26
26071-200-M6-062-00276 0.06030543893575668 1466.03 3662.70 1616.40 3680.61 1598.06 3834.50 1447.69 3816.58
26071-200-M6-062-00276 0.05690787732601166 5681.58 331.10 6083.37 385.04 6074.41 451.81 5672.61 397.87
26071-200-M6-062-00276 0.0565032996237278 2859.21 364.92 3429.50 366.83 3429.31 422.82 2859.02 420.91
26071-200-M6-062-00276 0.05253520607948303 4180.00 346.46 4813.31 375.86 4810.39 438.69 4177.08 409.28
26071-200-M6-062-00276 0.05020327866077423 4477.15 5578.65 4530.29 5586.89 4527.93 5602.09 4474.79 5593.86
26071-500-M6-059-00011 0.1722877025604248 7598.48 4624.36 8145.07 4620.53 8145.50 4682.05 7598.91 4685.88
26071-500-M6-059-00011 0.16596876084804535 351.44 4035.15 900.94 4013.87 903.43 4078.31 353.93 4099.58
26071-500-M6-059-00011 0.1526699960231781 345.24 3438.06 901.61 3444.54 900.89 3506.39 344.52 3499.91
26071-500-M6-059-00011 0.14136770367622375 353.69 1368.00 895.37 1354.72 896.88 1416.46 355.20 1429.73
26071-500-M6-059-00011 0.1340099722146988 356.69 1818.77 897.58 1849.32 894.17 1909.66 353.28 1879.11
26071-500-M6-059-00011 0.10409501940011978 7604.03 3857.40 8147.32 3850.92 8148.06 3912.59 7604.76 3919.08
26071-500-M6-059-00011 0.0990048199892044 347.64 2309.14 895.80 2310.70 895.62 2371.87 347.46 2370.31
26071-500-M6-059-00011 0.07178185880184174 7595.80 1365.20 8142.61 1356.54 8143.59 1418.20 7596.77 1426.85
26071-500-M6-059-00011 0.06816467642784119 7662.05 5633.63 8139.44 5761.23 8124.97 5815.37 7647.58 5687.78
26071-500-M6-059-00011 0.06646375358104706 7614.98 3914.43 8118.96 3898.85 8120.48 3948.05 7616.50 3963.62
26071-500-M6-059-00011 0.054747242480516434 4783.02 6390.99 4901.08 6399.14 4889.64 6564.88 4771.58 6556.73
26071-600-M6-065-00021 0.19506621360778809 354.36 3562.92 903.04 3555.27 903.91 3617.58 355.23 3625.23
26071-600-M6-065-00021 0.19496111571788788 352.42 3326.59 903.88 3320.15 904.60 3381.96 353.14 3388.39
26071-600-M6-065-00021 0.18683281540870667 355.69 3090.95 901.46 3081.32 902.56 3144.09 356.80 3153.71
26071-600-M6-065-00021 0.14613643288612366 357.51 1494.29 897.64 1487.71 898.41 1550.86 358.28 1557.43
26071-600-M6-065-00021 0.12403243035078049 340.20 1201.66 892.97 1193.13 893.93 1255.10 341.16 1263.63
26071-600-M6-065-00021 0.1023588553071022 335.03 5318.85 904.59 5331.50 903.20 5394.23 333.64 5381.58
26071-600-M6-065-00021 0.09846989065408707 7625.78 1016.38 8141.90 1022.20 8141.25 1079.70 7625.13 1073.88
26071-600-M6-065-00021 0.09038044512271881 7591.20 4378.68 8147.58 4384.23 8146.93 4449.05 7590.55 4443.50
26071-600-M6-065-00021 0.09007903933525085 7668.73 782.56 8150.84 780.48 8151.12 843.83 7669.00 845.91
26071-600-M6-065-00021 0.0891285315155983 7660.98 3204.73 8148.90 3203.09 8149.11 3264.98 7661.19 3266.62
26071-600-M6-065-00021 0.08298619836568832 7602.32 5803.46 8146.41 5801.75 8146.60 5863.27 7602.52 5864.98
26071-600-M6-065-00021 0.08264972269535065 7682.02 5209.29 8105.04 5228.00 8102.64 5282.29 7679.62 5263.58
26071-600-M6-065-00021 0.08030536770820618 7595.34 5443.50 8155.44 5449.07 8154.84 5509.19 7594.75 5503.63
26071-600-M6-065-00021 0.07391640543937683 7611.02 4138.96 8150.68 4159.28 8148.33 4221.90 7608.66 4201.59
26071-600-M6-065-00021 0.07299488037824631 5555.15 5178.91 5702.93 5196.34 5685.82 5341.38 5538.04 5323.95
26071-600-M6-065-00021 0.0688580647110939 7668.13 4784.31 8145.11 4767.50 8147.32 4830.19 7670.34 4847.01
26071-600-M6-065-00021 0.0648939311504364 1461.26 318.58 2054.97 381.65 2047.67 450.39 1453.96 387.32
26071-600-M6-065-00021 0.06400351226329803 3818.45 5177.37 3969.48 5197.34 3950.38 5341.78 3799.35 5321.81
26071-600-M6-065-00021 0.06156237795948982 7662.85 2081.42 8138.34 2080.70 8138.43 2137.68 7662.93 2138.40
26071-600-M6-065-00021 0.058560773730278015 2843.39 327.28 3494.93 372.74 3489.89 445.03 2838.34 399.57
26071-600-M6-065-00021 0.05640517175197601 7575.54 733.31 8079.82 691.65 8086.44 771.79 7582.16 813.44
26071-600-M6-065-00021 0.05110578238964081 7254.86 3903.53 7410.46 3911.71 7402.27 4067.57 7246.67 4059.39
26071-600-M6-065-00021 0.050267018377780914 4455.79 344.16 5134.50 353.08 5133.60 421.39 4454.89 412.47
26071-500-M6-059-00013 0.16649459302425385 351.22 1077.47 902.74 1077.83 902.70 1139.17 351.18 1138.81
26071-500-M6-059-00013 0.08329503983259201 7623.34 1074.38 8160.21 1074.71 8160.17 1136.52 7623.30 1136.19
26071-500-M6-059-00013 0.07535309344530106 6975.52 2971.40 7055.93 2952.15 7089.39 3091.88 7008.98 3111.14
26071-500-M6-059-00013 0.07310006767511368 5299.25 1768.46 5550.37 1776.96 5548.20 1840.96 5297.08 1832.46
26071-500-M6-059-00013 0.06164328753948212 356.92 5454.79 891.67 5449.32 892.33 5514.15 357.59 5519.62
26071-500-M6-059-00013 0.06045999750494957 7678.19 3800.04 8139.55 3797.12 8139.90 3852.24 7678.54 3855.15
26071-500-M6-059-00013 0.05699729919433594 2781.07 4736.73 2935.62 4750.69 2918.75 4937.46 2764.19 4923.50
26071-500-M6-059-00013 0.05477277934551239 2892.80 335.19 3359.07 385.98 3351.49 455.53 2885.22 404.74
26071-500-M6-059-00013 0.05423206090927124 353.60 5930.42 893.91 5914.78 895.81 5980.57 355.51 5996.22
26071-500-M6-059-00013 0.051413994282484055 361.94 6396.44 905.97 6396.18 906.00 6456.61 361.97 6456.87
26071-500-M6-059-00044 0.09386233240365982 2446.27 4564.71 2601.82 4560.26 2606.09 4709.36 2450.53 4713.81
26071-500-M6-059-00044 0.09251824766397476 355.22 3627.88 897.41 3609.31 899.55 3671.74 357.35 3690.32
26071-500-M6-059-00044 0.0871039479970932 7564.05 4558.17 7719.96 4559.15 7719.01 4710.40 7563.09 4709.41
26071-500-M6-059-00044 0.07434017956256866 7653.71 3616.79 8137.77 3625.92 8136.70 3683.02 7652.63 3673.89
26071-500-M6-059-00044 0.06841041892766953 4900.59 4505.90 5046.79 4526.62 5025.26 4678.52 4879.06 4657.80
26071-500-M6-059-00044 0.06508521735668182 2278.43 332.71 2772.43 393.03 2764.54 457.67 2270.54 397.35
26071-500-M6-059-00044 0.06091399863362312 5153.80 354.00 5673.49 379.24 5670.41 442.62 5150.72 417.37
26071-500-M6-059-00044 0.059343039989471436 6049.71 4551.10 6187.49 4560.98 6174.92 4736.23 6037.14 4726.35
26071-500-M6-059-00044 0.05778912082314491 3989.44 4549.67 4138.39 4552.93 4134.82 4716.22 3985.87 4712.97
26071-500-M6-059-00044 0.05167413875460625 3536.03 341.82 4263.99 385.60 4260.41 445.05 3532.46 401.27
26071-500-M6-059-00044 0.05100204795598984 1381.29 3628.12 1399.40 3627.64 1400.59 3672.60 1382.49 3673.08
26071-500-M6-059-00044 0.050406720489263535 1986.10 4734.86 2040.53 4731.00 2055.89 4947.40 2001.46 4951.26
26071-200-M6-052-00093 0.14295846223831177 7715.73 2853.36 8249.27 2837.99 8251.12 2901.91 7717.57 2917.29
26071-200-M6-052-00093 0.1396283507347107 239.26 2621.12 782.51 2608.52 783.96 2670.95 240.71 2683.55
26071-200-M6-052-00093 0.07792983949184418 7706.37 5587.97 8259.78 5571.86 8261.56 5632.95 7708.15 5649.06
26071-200-M6-052-00093 0.05787322297692299 7727.02 3618.90 8259.39 3611.47 8260.11 3663.12 7727.74 3670.55
26071-200-M6-052-00093 0.055835384875535965 4279.79 4847.40 4438.39 4847.66 4438.11 5023.27 4279.51 5023.01
26071-200-M6-052-00093 0.0545123815536499 7741.38 3564.15 8274.28 3558.15 8274.97 3619.98 7742.07 3625.98
26071-200-M6-052-00093 0.0527215301990509 2562.58 4224.45 2645.19 4205.90 2709.51 4492.33 2626.89 4510.88
26071-200-M6-052-00093 0.05162617936730385 2779.38 941.79 2927.98 976.49 2894.37 1120.43 2745.77 1085.73
26071-200-M6-052-00002 0.14102895557880402 236.69 1901.26 783.05 1914.75 781.53 1976.18 235.17 1962.70
26071-200-M6-052-00002 0.10840931534767151 255.94 6014.78 787.47 6089.34 779.66 6144.99 248.13 6070.43
26071-200-M6-052-00002 0.09820298105478287 236.82 6507.65 780.17 6505.65 780.41 6570.54 237.06 6572.54
26071-200-M6-052-00002 0.08841975778341293 7753.87 6014.81 8275.58 6097.81 8267.00 6151.75 7745.29 6068.74
26071-200-M6-052-00002 0.06480980664491653 5833.52 363.16 6538.91 387.39 6536.99 443.12 5831.60 418.89
26071-200-M6-052-00002 0.06163027510046959 3175.82 339.05 3685.93 402.83 3678.33 463.58 3168.22 399.81
26071-200-M6-052-00002 0.05161003768444061 3554.68 3519.81 3654.78 3506.07 3722.81 4001.78 3622.70 4015.52
26071-675-M6-068-10002 0.10020045936107635 361.29 6106.42 424.85 6107.67 413.59 6681.93 350.03 6680.68
26071-675-M6-068-10002 0.07292193174362183 4647.83 1854.65 4704.91 1855.03 4703.55 2057.21 4646.47 2056.83
26071-675-M6-068-10002 0.07068515568971634 377.09 704.83 458.92 708.36 434.60 1272.08 352.77 1268.55
26071-675-M6-068-10002 0.05673380196094513 5419.28 1875.99 5576.25 1852.37 5606.32 2052.16 5449.35 2075.78
26071-675-M6-068-10002 0.05248411372303963 2063.22 2114.05 2557.46 2090.07 2560.43 2151.33 2066.19 2175.31
26071-675-M6-068-10002 0.05023357272148132 785.92 5690.81 790.95 5689.86 797.48 5724.39 792.45 5725.34
26071-750-M6-085-00012 0.1695268303155899 352.14 1312.82 895.50 1317.74 894.96 1377.90 351.59 1372.98
26071-750-M6-085-00012 0.12666749954223633 362.43 962.55 912.34 974.10 911.08 1033.98 361.17 1022.44
26071-750-M6-085-00012 0.1092609390616417 353.92 3677.68 896.55 3677.29 896.59 3738.24 353.96 3738.63
26071-750-M6-085-00012 0.09754496812820435 7603.63 6632.01 8149.51 6632.33 8149.48 6693.50 7603.60 6693.18
26071-750-M6-085-00012 0.0796871930360794 7239.85 4875.55 7386.87 4873.73 7388.78 5028.24 7241.76 5030.05
26071-750-M6-085-00012 0.06675716489553452 341.44 1486.93 896.88 1495.07 895.97 1557.15 340.53 1549.00
26071-750-M6-085-00012 0.05486008897423744 337.63 779.82 893.91 785.14 893.29 850.62 337.00 845.30
26071-750-M6-085-00012 0.05226628854870796 3011.92 5049.79 3238.48 5203.92 3189.03 5276.61 2962.47 5122.47
26071-750-M6-085-00012 0.05024029687047005 3005.88 3363.47 3150.30 3386.14 3126.40 3538.37 2981.98 3515.70
26071-200-M6-062-00277 0.10852531343698502 338.33 1313.71 897.40 1310.41 897.78 1376.18 338.72 1379.48
26071-200-M6-062-00277 0.0673968717455864 1186.31 3608.72 1241.81 3621.00 1238.49 3636.03 1182.99 3623.75
26071-600-M6-065-00259 0.08944724500179291 7596.14 3186.27 8170.98 3200.94 8169.41 3262.53 7594.57 3247.85
26071-600-M6-065-00259 0.05316749960184097 6518.48 3654.00 6620.59 3595.89 6769.68 3857.90 6667.57 3916.00
26071-200-M6-052-00544 0.1251242607831955 271.92 2269.92 694.13 2256.09 695.93 2311.12 273.72 2324.95
26071-200-M6-052-00544 0.05266169458627701 3587.96 5361.11 3643.06 5371.85 3640.39 5385.56 3585.29 5374.82
26071-600-M6-066-00003 0.32032376527786255 351.54 6037.37 896.34 6038.36 896.23 6100.46 351.43 6099.48
26071-600-M6-066-00003 0.1544032096862793 7600.80 2554.50 8145.52 2556.73 8145.27 2618.79 7600.54 2616.56
26071-600-M6-066-00003 0.0947858914732933 7645.31 2139.64 8152.47 2143.57 8151.98 2207.76 7644.82 2203.83
26071-600-M6-066-00003 0.09185978025197983 7584.03 1224.91 8135.21 1193.67 8138.83 1257.52 7587.65 1288.76
26071-600-M6-066-00003 0.08058974891901016 7603.89 5955.79 8159.92 5955.87 8159.91 6018.07 7603.89 6018.00
26071-600-M6-066-00003 0.08030258119106293 348.43 4848.05 899.04 4894.71 893.94 4954.96 343.32 4908.30
26071-600-M6-066-00003 0.07800256460905075 6068.57 4181.29 6220.30 4188.43 6213.24 4338.52 6061.50 4331.38
26071-600-M6-066-00003 0.06918857246637344 2060.76 329.07 2420.37 354.99 2415.12 427.85 2055.51 401.92
26071-600-M6-066-00003 0.056702520698308945 381.19 5991.50 893.83 6000.73 892.93 6050.60 380.29 6041.37
26071-600-M6-066-00003 0.0544302761554718 1865.78 4337.26 2027.76 4340.44 2024.78 4492.43 1862.80 4489.25
26071-600-M6-066-00003 0.05257353559136391 347.16 3915.54 896.71 3910.87 897.24 3972.91 347.69 3977.57
26071-600-M6-066-00003 0.05175244063138962 4091.80 291.50 4679.09 369.64 4668.65 448.15 4081.36 370.01
26071-750-M6-085-00309 0.17876991629600525 349.57 2498.57 898.87 2493.07 899.48 2554.38 350.19 2559.88
26071-750-M6-085-00309 0.1539686620235443 356.56 3091.20 902.70 3083.43 903.58 3145.33 357.44 3153.09
26071-750-M6-085-00309 0.06805378943681717 6064.59 3855.79 6220.06 3851.90 6224.67 4035.79 6069.20 4039.69
26071-750-M6-085-00309 0.06736168265342712 3620.21 2507.18 4189.47 2511.91 4188.92 2578.64 3619.65 2573.91
26071-750-M6-085-00309 0.06426435708999634 358.26 4399.80 889.63 4391.60 890.57 4452.30 359.19 4460.49
26071-750-M6-085-00309 0.06035248190164566 351.46 3684.07 897.96 3672.47 899.30 3735.57 352.80 3747.17
26071-750-M6-085-00309 0.0516255684196949 6062.57 2177.13 6211.05 2176.33 6211.96 2346.34 6063.48 2347.13
