26071-200-M6-052-00001 0.07385113835334778 5667.56 1613.16 5741.32 1622.39 5731.61 1699.96 5657.85 1690.73
26071-500-M6-059-00017 0.060576844960451126 4029.02 3296.71 4097.74 3291.45 4105.14 3388.12 4036.42 3393.38
26071-500-M6-059-00248 0.05206253007054329 4488.53 4668.82 4534.41 4667.52 4537.81 4788.09 4491.94 4789.38
26071-500-M6-059-00248 0.05089164897799492 4490.28 4282.81 4536.80 4282.95 4536.45 4405.27 4489.93 4405.14
26071-700-M6-054-00246 0.053641680628061295 4540.58 2862.99 4586.34 2866.08 4578.31 2984.65 4532.55 2981.55
26071-500-M6-059-00040 0.11222170293331146 1476.76 2503.88 1591.80 2504.93 1591.36 2553.06 1476.32 2552.01
26071-500-M6-059-00040 0.0850478783249855 1484.14 2382.26 1590.79 2385.84 1589.03 2438.35 1482.37 2434.77
26071-500-M6-059-00040 0.07708152383565903 2581.16 1438.32 2629.64 1445.37 2622.68 1493.21 2574.21 1486.16
26071-500-M6-059-00040 0.05152631178498268 2543.34 1314.75 2604.73 1317.46 2598.92 1449.17 2537.53 1446.45
26071-750-M6-085-00286 0.07286301255226135 6182.23 3270.27 6228.05 3273.75 6219.10 3391.64 6173.27 3388.16
26071-750-M6-085-00286 0.06394728273153305 5352.31 3268.29 5399.30 3269.71 5395.58 3392.46 5348.59 3391.03
26071-550-M6-084-00248 0.05643223971128464 4489.64 4194.70 4534.68 4194.48 4535.27 4314.04 4490.24 4314.26
26071-550-M6-084-00248 0.05470474064350128 4493.57 3811.63 4539.33 3813.78 4533.73 3932.56 4487.97 3930.40
26071-203-M6-332-00008 0.07717806100845337 1818.12 3634.29 1867.60 3634.75 1866.64 3738.12 1817.17 3737.66
26071-203-M6-332-00008 0.07279917597770691 6659.01 3634.19 6710.69 3636.40 6706.40 3736.56 6654.73 3734.35
26071-203-M6-332-00008 0.07044755667448044 4226.70 3633.45 4278.63 3635.06 4275.50 3735.55 4223.57 3733.93
26071-203-M6-332-00008 0.06911357492208481 4948.03 3540.91 5005.96 3545.24 4998.46 3645.60 4940.53 3641.27
26071-203-M6-332-00008 0.057471346110105515 4361.40 3665.97 4405.11 3682.57 4388.47 3726.39 4344.75 3709.79
26071-203-M6-332-00008 0.055177830159664154 2555.35 3544.99 2607.70 3546.50 2604.83 3646.08 2552.48 3644.57
26071-203-M6-332-00008 0.05134947970509529 7382.13 3559.30 7435.43 3544.92 7459.79 3635.26 7406.49 3649.63
26071-300-M6-053-00309 0.05378435552120209 6158.47 4749.60 6230.94 4791.25 6195.51 4852.90 6123.04 4811.26
26071-450-M6-082-00009 0.05824493616819382 3488.82 5279.06 3609.86 5279.51 3609.68 5325.67 3488.65 5325.22
26071-200-M6-052-00150 0.13881345093250275 5516.45 5841.14 5579.26 5838.78 5584.66 5982.04 5521.84 5984.41
26071-200-M6-052-00150 0.12640739977359772 4220.41 5836.64 4282.90 5837.70 4280.55 5976.26 4218.06 5975.20
26071-203-M6-320-00044 0.05066836625337601 325.28 3993.25 364.92 4023.78 329.69 4069.53 290.05 4039.00
26071-500-M6-059-00071 0.07555622607469559 1996.85 3788.95 2118.72 3819.65 2103.84 3878.72 1981.97 3848.02
26071-500-M6-059-00071 0.051488980650901794 1610.90 5409.27 1662.05 5398.64 1688.12 5524.07 1636.97 5534.70
26071-550-M6-084-00026 0.10245776921510696 7335.98 3468.51 7438.89 3467.76 7439.29 3522.11 7336.38 3522.85
26071-550-M6-084-00026 0.09464576840400696 7332.51 3330.77 7453.26 3332.18 7452.68 3381.96 7331.92 3380.54
26071-550-M6-084-00026 0.05422171205282211 4191.75 3394.41 4295.91 3421.90 4274.21 3504.17 4170.04 3476.68
26071-550-M6-084-00026 0.05074162036180496 1806.63 3408.51 1925.71 3415.79 1921.12 3490.91 1802.03 3483.63
26071-200-M6-052-00090 0.05637991055846214 6152.03 4016.36 6218.27 4017.43 6216.85 4105.46 6150.61 4104.39
26071-200-M6-052-00090 0.056042883545160294 2997.38 6048.74 3089.05 6053.01 3086.89 6099.41 2995.22 6095.14
26071-200-M6-052-00090 0.050791021436452866 3153.43 4014.45 3228.00 4033.34 3208.57 4110.05 3133.99 4091.16
26071-600-M6-065-00037 0.07033687829971313 1518.76 5988.18 1659.01 6015.57 1648.47 6069.56 1508.21 6042.16
26071-600-M6-065-00037 0.05564294755458832 1462.94 6036.37 1532.14 6041.54 1518.53 6223.75 1449.33 6218.58
26071-300-M6-053-00010 0.05762335658073425 2698.87 4169.86 2745.86 4172.03 2740.45 4288.86 2693.45 4286.68
26071-300-M6-053-00010 0.050119366496801376 3206.61 4160.00 3245.53 4159.02 3247.12 4221.76 3208.20 4222.74
26071-203-M6-320-00042 0.05386575683951378 5524.76 3293.46 5572.35 3292.97 5573.60 3414.91 5526.01 3415.40
26071-203-M6-160-00291 0.057965606451034546 4641.55 5462.42 4694.59 5424.69 4730.11 5474.63 4677.06 5512.36
26071-200-M6-063-00010 0.05328182503581047 3162.42 3812.67 3210.75 3812.24 3211.83 3933.12 3163.50 3933.55
26071-203-M6-060-00006 0.0716233029961586 3225.75 3011.36 3293.92 3014.67 3289.38 3108.27 3221.21 3104.96
26071-300-M6-053-00012 0.05434885993599892 5713.98 2117.98 5780.31 2122.97 5771.73 2237.09 5705.39 2232.10
26071-450-M6-082-00031 0.06397054344415665 3685.47 3074.16 3733.21 3074.73 3731.68 3202.97 3683.94 3202.40
26071-200-M6-052-00093 0.05238666385412216 6408.45 3574.96 6479.95 3584.24 6472.09 3644.81 6400.59 3635.53
26071-200-M6-052-00002 0.058077093213796616 6004.50 1033.61 6082.14 1039.31 6076.17 1120.67 5998.53 1114.97
26071-675-M6-068-10002 0.06184636056423187 2400.22 3757.07 2480.96 3754.15 2483.16 3814.94 2402.42 3817.86
26071-675-M6-068-10002 0.059410180896520615 3543.19 5360.59 3622.27 5355.86 3626.18 5421.32 3547.10 5426.04
26071-675-M6-068-10002 0.057341448962688446 7824.04 2137.14 7889.81 2152.18 7875.02 2216.81 7809.25 2201.76
26071-675-M6-068-10002 0.0567483976483345 3694.52 3757.81 3776.09 3745.17 3786.15 3810.12 3704.58 3822.76
26071-675-M6-068-10002 0.05299339070916176 2948.32 3751.83 3007.53 3766.20 2992.69 3827.38 2933.48 3813.01
26071-675-M6-068-10002 0.050867460668087006 4107.64 2010.33 4173.95 2013.03 4171.40 2075.52 4105.09 2072.81
26071-675-M6-068-10002 0.050545111298561096 2788.51 5356.44 2844.32 5374.71 2824.79 5434.36 2768.99 5416.10
26071-750-M6-085-00012 0.17013517022132874 4284.62 3305.20 4333.45 3305.35 4333.24 3373.19 4284.41 3373.04
26071-750-M6-085-00012 0.15139253437519073 6470.04 3306.44 6518.56 3304.68 6521.08 3374.15 6472.57 3375.92
26071-750-M6-085-00012 0.149741068482399 1854.59 3685.58 1917.42 3684.95 1917.90 3731.60 1855.06 3732.24
26071-750-M6-085-00012 0.06109140068292618 2970.95 4419.27 3092.91 4420.66 3092.43 4462.74 2970.47 4461.36
26071-750-M6-085-00012 0.054798997938632965 6962.42 3805.32 7081.55 3797.09 7084.88 3845.23 6965.74 3853.45
26071-750-M6-085-00012 0.05185182765126228 4777.78 3802.34 4897.77 3804.64 4896.84 3852.96 4776.85 3850.65
26071-600-M6-066-00003 0.06235714256763458 7759.14 5263.61 7808.00 5223.75 7846.64 5271.13 7797.78 5310.98
26071-600-M6-066-00003 0.0570145845413208 3762.33 2152.38 3884.84 2156.87 3883.16 2202.57 3760.65 2198.07
26071-600-M6-066-00003 0.05457053706049919 4854.58 2155.37 4979.34 2150.87 4981.04 2197.89 4856.28 2202.39
