26071-200-M6-052-00001 0.09439582377672195 5806.88 2501.60 5882.61 2506.19 5879.75 2553.35 5804.02 2548.76
26071-200-M6-052-00001 0.08585350960493088 3885.20 3306.05 3956.21 3320.93 3940.96 3393.72 3869.95 3378.84
26071-200-M6-052-00001 0.06177057325839996 5677.32 1616.48 5742.51 1615.56 5743.78 1705.84 5678.60 1706.76
26071-500-M6-059-00017 0.08790535479784012 3880.91 4720.84 3948.70 4721.11 3948.35 4810.89 3880.56 4810.62
26071-500-M6-059-00017 0.06850430369377136 1938.60 4049.97 1991.74 4052.57 1989.56 4097.16 1936.43 4094.57
26071-500-M6-059-00017 0.054018180817365646 3944.28 4049.39 3991.27 4052.23 3988.44 4099.00 3941.45 4096.16
26071-500-M6-059-00017 0.050572868436574936 5952.15 4049.21 5998.39 4051.47 5996.11 4098.25 5949.86 4095.99
26071-600-M6-066-00012 0.11079041659832001 4206.93 3660.78 4300.25 3662.87 4299.20 3709.52 4205.89 3707.44
26071-600-M6-066-00012 0.08782903105020523 3143.24 3659.81 3235.69 3663.55 3233.81 3710.00 3141.36 3706.26
26071-600-M6-066-00012 0.08553818613290787 6296.95 4784.45 6346.91 4798.26 6334.44 4843.38 6284.48 4829.57
26071-600-M6-066-00012 0.05620655417442322 5448.98 1793.31 5502.11 1792.72 5502.65 1841.29 5449.52 1841.88
26071-600-M6-066-00012 0.05417024344205856 4629.46 4638.27 4695.73 4625.19 4711.14 4703.34 4644.87 4716.41
26071-200-M6-052-00539 0.12323585152626038 2198.33 4524.33 2284.18 4518.29 2287.53 4565.89 2201.68 4571.92
26071-200-M6-052-00539 0.06487593799829483 5174.09 756.32 5221.91 759.85 5218.44 806.76 5170.62 803.23
26071-200-M6-052-00539 0.05480154976248741 4821.91 4339.62 4867.67 4343.57 4863.63 4390.43 4817.87 4386.49
26071-500-M6-059-00248 0.053913041949272156 3756.97 3210.43 3804.54 3214.25 3800.76 3261.39 3753.19 3257.57
26071-500-M6-059-00248 0.05073557794094086 4598.37 4379.83 4699.89 4378.48 4700.32 4410.50 4598.80 4411.85
26071-203-M6-325-00012 0.05930481478571892 3449.05 4351.03 3495.42 4353.74 3492.68 4400.43 3446.32 4397.72
26071-700-M6-054-00246 0.08809662610292435 2987.88 2317.73 3035.92 2317.88 3035.64 2407.27 2987.60 2407.12
26071-700-M6-054-00246 0.0660090520977974 4175.73 3567.05 4268.66 3565.96 4269.22 3613.34 4176.29 3614.43
26071-700-M6-054-00246 0.06361450254917145 3659.01 1797.06 3753.56 1793.66 3755.26 1840.95 3660.71 1844.35
26071-700-M6-054-00246 0.05419168993830681 3988.90 2081.58 4037.28 2080.12 4040.10 2172.78 3991.71 2174.25
26071-700-M6-054-00246 0.050522495061159134 4194.91 4040.79 4288.53 4039.57 4289.13 4086.02 4195.52 4087.24
26071-500-M6-059-00040 0.08759182691574097 4182.80 2084.07 4268.63 2073.70 4285.03 2209.55 4199.20 2219.92
26071-500-M6-059-00040 0.07311028242111206 5866.18 2859.37 5897.68 2854.58 5904.55 2899.74 5873.04 2904.53
26071-500-M6-059-00040 0.05036322399973869 1349.98 2384.15 1447.59 2386.46 1446.45 2434.38 1348.85 2432.06
26071-203-M6-333-00010 0.06448632478713989 3764.44 5307.18 3804.82 5308.39 3802.79 5376.04 3762.41 5374.82
26071-203-M6-333-00010 0.05761035159230232 2860.25 3931.55 2901.35 3929.10 2905.44 3997.71 2864.34 4000.16
26071-203-M6-333-00010 0.055538516491651535 7380.39 3762.58 7463.08 3755.75 7466.11 3792.43 7383.42 3799.26
26071-550-M6-084-00248 0.1578102707862854 1779.76 2387.88 1884.33 2390.16 1883.39 2433.20 1778.82 2430.92
26071-550-M6-084-00248 0.0932740867137909 2698.91 5098.76 2745.75 5110.75 2733.86 5157.24 2687.02 5145.26
26071-550-M6-084-00248 0.09326872229576111 1960.48 5077.97 2051.23 5082.69 2046.52 5173.39 1955.76 5168.68
26071-203-M6-332-00008 0.050095442682504654 3155.54 2558.47 3202.90 2558.10 3203.62 2650.10 3156.27 2650.47
26071-200-M6-052-00080 0.3425201177597046 2638.40 5018.15 2708.13 5021.32 2703.92 5113.72 2634.19 5110.54
26071-200-M6-052-00080 0.32107529044151306 6064.97 5019.66 6133.70 5023.02 6129.33 5112.43 6060.60 5109.07
26071-200-M6-052-00080 0.07368305325508118 3756.24 5586.63 3802.90 5592.35 3797.19 5639.00 3750.53 5633.28
26071-200-M6-052-00080 0.07178974151611328 2510.57 6454.99 2557.17 6462.69 2549.49 6509.17 2502.89 6501.48
26071-200-M6-052-00080 0.05883362889289856 3294.17 3554.83 3341.47 3556.10 3340.20 3603.27 3292.90 3601.99
26071-200-M6-052-00080 0.05472012981772423 2644.26 6455.43 2691.38 6460.35 2686.42 6507.88 2639.30 6502.96
26071-200-M6-052-00080 0.05118667334318161 2285.77 6461.02 2380.44 6459.95 2380.98 6507.49 2286.31 6508.56
26071-203-M6-321-00604 0.05426958575844765 4391.87 1217.37 4492.40 1217.99 4492.20 1249.65 4391.68 1249.04
26071-300-M6-053-00309 0.10823094099760056 1244.45 5696.25 1343.78 5690.78 1346.25 5735.60 1246.92 5741.08
26071-300-M6-053-00309 0.0760449543595314 4491.83 2083.85 4537.62 2088.38 4532.46 2140.51 4486.67 2135.98
26071-300-M6-053-00309 0.06520576030015945 1961.72 2500.25 2009.27 2507.89 2001.68 2555.12 1954.13 2547.47
26071-300-M6-053-00309 0.06004108488559723 2674.59 3567.60 2768.78 3566.91 2769.11 3611.88 2674.92 3612.58
26071-300-M6-053-00309 0.05925701558589935 1958.33 4512.09 2005.79 4509.42 2008.51 4557.74 1961.05 4560.41
26071-300-M6-053-00309 0.05862848088145256 4209.59 2086.71 4256.39 2093.61 4249.21 2142.32 4202.41 2135.42
26071-300-M6-053-00309 0.05216936022043228 4308.57 2084.76 4385.84 2060.22 4416.89 2158.04 4339.62 2182.57
26071-300-M6-053-00309 0.05126859247684479 3484.29 5079.21 3530.35 5078.92 3530.96 5173.41 3484.91 5173.71
26071-450-M6-082-00009 0.0618581622838974 6694.52 2386.80 6785.02 2386.29 6785.28 2433.50 6694.79 2434.01
26071-450-M6-082-00009 0.05146680399775505 2575.24 4050.14 2622.39 4053.78 2618.73 4101.05 2571.58 4097.40
26071-450-M6-082-00009 0.05094220116734505 4914.50 6283.53 5010.22 6282.42 5010.77 6330.09 4915.05 6331.20
26071-450-M6-082-00009 0.05011896789073944 4980.78 6212.21 5066.89 6200.59 5073.60 6250.35 4987.49 6261.97
26071-750-M6-085-00007 0.1393539160490036 7117.50 6191.09 7150.76 6191.58 7149.05 6309.07 7115.79 6308.58
26071-750-M6-085-00007 0.13774491846561432 6916.31 6189.72 6949.49 6190.01 6948.45 6310.56 6915.27 6310.27
26071-750-M6-085-00007 0.1221914067864418 6336.95 6189.91 6370.28 6190.08 6369.68 6310.41 6336.35 6310.25
26071-750-M6-085-00007 0.09455744922161102 2690.19 1493.21 2738.11 1493.16 2738.16 1547.64 2690.24 1547.68
26071-750-M6-085-00007 0.08240258693695068 5784.41 2571.46 5906.07 2568.45 5906.88 2601.05 5785.22 2604.06
26071-750-M6-085-00007 0.05266214534640312 6593.51 6281.51 6640.98 6287.25 6635.34 6333.89 6587.88 6328.15
26071-203-M6-064-00271 0.1016482561826706 4043.92 5254.92 4094.00 5256.74 4092.29 5303.65 4042.21 5301.83
26071-203-M6-064-00271 0.0841270312666893 6595.12 2228.91 6641.20 2236.22 6633.68 2283.58 6587.60 2276.27
26071-203-M6-064-00271 0.07835838198661804 2095.17 4473.10 2140.69 4479.17 2134.37 4526.61 2088.85 4520.55
26071-203-M6-064-00271 0.072015680372715 2670.55 5253.64 2716.24 5257.04 2712.73 5304.30 2667.04 5300.90
26071-203-M6-064-00271 0.06737933307886124 2172.82 5253.37 2220.22 5257.46 2216.15 5304.55 2168.76 5300.46
26071-203-M6-064-00271 0.06644654273986816 4206.20 5253.99 4252.44 5257.78 4248.62 5304.41 4202.38 5300.62
26071-203-M6-064-00271 0.06413319706916809 4393.52 5253.43 4441.64 5257.81 4437.35 5304.94 4389.23 5300.56
26071-203-M6-064-00271 0.06314090639352798 2506.61 5254.51 2552.96 5258.46 2548.95 5305.60 2502.59 5301.65
26071-203-M6-064-00271 0.06061229482293129 3874.85 5254.34 3921.25 5257.99 3917.56 5304.74 3871.17 5301.08
26071-203-M6-337-00031 0.12589280307292938 4800.93 608.59 4894.10 607.56 4894.63 655.39 4801.45 656.42
26071-203-M6-337-00031 0.10887937247753143 1662.56 2545.36 1694.88 2543.92 1699.22 2641.65 1666.90 2643.09
26071-203-M6-337-00031 0.10398367792367935 1664.42 2886.49 1697.09 2885.62 1699.80 2987.55 1667.13 2988.42
26071-203-M6-337-00031 0.09788293391466141 1664.06 5615.80 1696.26 5614.54 1700.24 5716.85 1668.04 5718.10
26071-203-M6-337-00031 0.09313046932220459 1663.99 4268.84 1696.04 4267.52 1700.19 4368.09 1668.14 4369.41
26071-203-M6-337-00031 0.08991777151823044 1668.42 5374.16 1700.39 5375.77 1695.14 5479.55 1663.18 5477.94
26071-203-M6-337-00031 0.08438245952129364 1662.69 5171.11 1694.67 5169.03 1701.11 5268.19 1669.12 5270.26
26071-203-M6-337-00031 0.0826086550951004 1666.96 3817.57 1699.29 3818.16 1697.41 3919.86 1665.08 3919.27
26071-203-M6-337-00031 0.07383597642183304 1663.25 4716.48 1695.21 4715.37 1698.75 4816.90 1666.80 4818.01
26071-203-M6-337-00031 0.06060820445418358 3147.57 579.47 3240.05 580.87 3239.33 628.11 3146.86 626.72
26071-203-M6-332-00001 0.05568168684840202 5499.84 2549.77 5603.21 2549.15 5603.49 2595.86 5500.12 2596.48
26071-203-M6-332-00001 0.05438363179564476 3399.23 2550.49 3502.25 2549.68 3502.61 2595.35 3399.59 2596.16
26071-203-M6-079-00001 0.10677000880241394 2570.79 3867.21 2602.25 3867.99 2599.60 3974.80 2568.14 3974.02
26071-203-M6-079-00001 0.0636356920003891 3847.37 5867.27 3939.15 5862.36 3940.93 5895.49 3849.14 5900.41
26071-203-M6-079-00001 0.05794651806354523 3492.48 5866.71 3586.91 5863.68 3587.96 5896.51 3493.53 5899.54
26071-203-M6-079-00001 0.05272351950407028 3497.83 1967.72 3589.16 1967.08 3589.39 2000.56 3498.07 2001.20
26071-200-M6-052-00150 0.1273561418056488 1382.13 2393.59 1472.88 2404.59 1462.19 2492.76 1371.44 2481.75
26071-200-M6-052-00003 0.13625240325927734 2563.45 4433.06 2596.05 4429.91 2604.81 4520.53 2572.21 4523.68
26071-200-M6-052-00003 0.11482354998588562 2563.29 3959.69 2595.58 3956.49 2604.79 4049.56 2572.49 4052.75
26071-200-M6-052-00003 0.08899901062250137 5859.50 2946.21 5905.23 2950.20 5901.14 2997.03 5855.42 2993.05
26071-200-M6-052-00003 0.056471001356840134 4556.21 4532.44 4653.55 4534.94 4652.35 4581.57 4555.01 4579.06
26071-200-M6-052-00003 0.05278197303414345 4251.02 5016.17 4348.19 5016.97 4347.80 5063.54 4250.63 5062.74
26071-200-M6-052-00003 0.052514757961034775 5409.73 2562.85 5502.04 2560.41 5503.29 2607.82 5410.98 2610.26
26071-200-M6-052-00003 0.0509478934109211 4528.50 4657.86 4628.42 4656.72 4628.80 4689.94 4528.88 4691.09
26071-700-M6-054-00013 0.06916660070419312 3760.36 3445.63 3805.93 3450.95 3800.65 3496.17 3755.08 3490.85
26071-700-M6-054-00013 0.05582299456000328 3758.75 2148.06 3806.08 2150.78 3803.26 2199.84 3755.93 2197.12
26071-700-M6-054-00013 0.05184812843799591 3759.32 1555.10 3806.21 1560.39 3800.90 1607.48 3754.00 1602.18
26071-700-M6-054-00036 0.05059569701552391 4637.81 5246.17 4706.53 5270.11 4689.06 5320.25 4620.34 5296.31
26071-203-M6-320-00044 0.0530434288084507 7943.76 4048.22 7990.36 4025.61 8012.00 4070.22 7965.40 4092.82
26071-600-M6-065-00231 0.08195967972278595 3408.79 3471.63 3513.29 3469.87 3513.83 3501.64 3409.33 3503.40
26071-600-M6-065-00231 0.07888228446245193 3102.89 3821.27 3135.81 3820.70 3137.51 3919.00 3104.59 3919.57
26071-600-M6-065-00231 0.071518175303936 3435.26 5539.77 3529.18 5539.47 3529.33 5586.20 3435.41 5586.50
26071-600-M6-065-00231 0.061381153762340546 3300.67 1743.59 3347.16 1753.39 3337.40 1799.69 3290.90 1789.89
26071-600-M6-065-00231 0.05417327582836151 6454.90 3500.84 6502.69 3495.25 6513.42 3587.00 6465.62 3592.58
26071-600-M6-065-00231 0.0534931905567646 4491.72 1616.07 4538.46 1622.42 4532.37 1667.21 4485.64 1660.85
26071-500-M6-059-00071 0.12666834890842438 3462.23 3447.79 3505.05 3448.50 3504.27 3494.84 3461.45 3494.12
26071-500-M6-059-00071 0.09262415021657944 5566.14 3905.04 5659.57 3902.34 5661.08 3954.68 5567.66 3957.39
26071-500-M6-059-00071 0.06117492914199829 3049.21 2854.35 3095.67 2860.82 3089.00 2908.80 3042.54 2902.34
26071-500-M6-059-00071 0.05640014261007309 3990.47 2097.38 4082.45 2092.86 4084.58 2136.28 3992.60 2140.80
26071-500-M6-059-00071 0.05209777131676674 6006.58 2737.21 6052.03 2746.38 6042.45 2793.87 5997.01 2784.71
26071-203-M6-320-00008 0.07537566870450974 3417.22 5252.23 3510.67 5251.53 3511.02 5298.76 3417.57 5299.46
26071-203-M6-320-00008 0.0660451203584671 5084.71 4046.76 5130.02 4062.50 5114.60 4106.88 5069.29 4091.14
26071-203-M6-320-00008 0.05923118069767952 2371.15 4234.67 2524.16 4228.85 2525.90 4274.61 2372.89 4280.43
26071-500-M6-059-00116 0.11911047995090485 4348.08 3151.13 4395.96 3153.97 4393.19 3200.72 4345.31 3197.88
26071-500-M6-059-00116 0.09082963317632675 4349.90 3244.06 4398.26 3247.17 4392.40 3338.23 4344.05 3335.12
26071-500-M6-059-00116 0.06407379359006882 5101.78 1323.03 5179.31 1323.83 5178.40 1412.00 5100.87 1411.19
26071-500-M6-059-00116 0.05298881232738495 5848.82 5791.76 5923.77 5740.32 5950.23 5778.88 5875.27 5830.31
26071-550-M6-084-00026 0.07911747694015503 2705.46 2610.76 2745.46 2637.11 2718.83 2677.53 2678.83 2651.17
26071-203-M6-337-00007 0.10865676403045654 5221.42 2832.33 5311.03 2838.89 5307.56 2886.26 5217.95 2879.70
26071-203-M6-337-00007 0.10807224363088608 5194.57 2784.82 5226.76 2783.61 5230.59 2885.77 5198.39 2886.97
26071-203-M6-337-00007 0.07682869583368301 5191.36 5485.63 5224.61 5481.62 5236.67 5581.63 5203.43 5585.64
26071-203-M6-337-00007 0.06698791682720184 5217.55 5790.72 5310.96 5791.82 5310.41 5839.07 5216.99 5837.97
26071-203-M6-337-00007 0.06184447929263115 5221.36 5532.65 5311.49 5539.54 5307.86 5586.97 5217.73 5580.09
26071-203-M6-337-00007 0.05694659426808357 5217.43 3091.93 5311.74 3089.80 5312.81 3137.34 5218.50 3139.47
26071-203-M6-337-00007 0.053465019911527634 3307.73 5438.93 3339.28 5441.02 3332.65 5541.14 3301.10 5539.05
26071-203-M6-337-00007 0.052626512944698334 3308.71 2742.47 3340.68 2744.88 3333.39 2841.37 3301.43 2838.96
26071-200-M6-052-00090 0.33827531337738037 5212.79 4371.66 5279.65 4372.72 5278.27 4459.79 5211.42 4458.73
26071-200-M6-052-00090 0.3109782934188843 2199.11 4371.22 2265.93 4371.09 2266.09 4458.68 2199.27 4458.80
26071-200-M6-052-00090 0.14934171736240387 8028.77 3750.87 8149.51 3750.41 8149.64 3783.25 8028.90 3783.72
26071-200-M6-052-00090 0.1469326913356781 3599.32 6070.11 3632.39 6071.42 3627.59 6192.66 3594.51 6191.35
26071-200-M6-052-00090 0.1240297481417656 7086.56 4365.13 7207.30 4364.26 7207.54 4397.84 7086.81 4398.71
26071-200-M6-052-00090 0.12129487842321396 3307.19 1187.04 3426.89 1186.55 3427.03 1219.67 3307.33 1220.16
26071-200-M6-052-00090 0.09487783908843994 6010.10 5857.70 6115.25 5856.16 6115.91 5901.32 6010.77 5902.86
26071-200-M6-052-00090 0.0912124365568161 7061.29 4165.54 7108.53 4167.91 7106.29 4212.66 7059.05 4210.29
26071-200-M6-052-00090 0.08855404704809189 2999.34 6046.90 3090.55 6050.35 3088.76 6097.65 2997.55 6094.20
26071-200-M6-052-00090 0.08274979144334793 6409.79 2730.17 6456.74 2727.27 6462.37 2818.19 6415.41 2821.09
26071-200-M6-052-00090 0.08147856593132019 7061.43 4431.74 7108.02 4430.97 7109.55 4523.29 7062.96 4524.07
26071-200-M6-052-00090 0.07985023409128189 7063.13 4615.97 7110.49 4617.07 7108.29 4711.90 7060.93 4710.80
26071-200-M6-052-00090 0.07926894724369049 3149.37 4008.86 3237.37 4021.77 3223.12 4118.85 3135.12 4105.94
26071-200-M6-052-00090 0.07804498076438904 6155.00 4009.97 6245.87 4019.22 6235.63 4119.81 6144.76 4110.55
26071-200-M6-052-00090 0.07068908959627151 2697.06 2519.69 2744.37 2526.65 2737.46 2573.64 2690.15 2566.69
26071-200-M6-052-00090 0.06623438745737076 6150.82 5685.54 6268.71 5689.02 6267.73 5722.28 6149.84 5718.80
26071-200-M6-052-00090 0.063212551176548 3006.56 6634.08 3051.80 6644.23 3041.38 6690.66 2996.15 6680.51
26071-200-M6-052-00090 0.062964528799057 3127.40 6070.59 3159.58 6071.14 3157.56 6191.09 3125.39 6190.55
26071-200-M6-052-00090 0.061849359422922134 5707.17 2543.96 5754.33 2550.38 5748.01 2596.82 5700.85 2590.41
26071-200-M6-052-00090 0.06172146648168564 2566.07 6517.10 2615.34 6516.27 2617.05 6617.84 2567.78 6618.67
26071-200-M6-052-00090 0.061339396983385086 5888.53 5855.25 5984.43 5858.88 5982.65 5905.78 5886.76 5902.15
26071-200-M6-052-00090 0.060461174696683884 7084.56 4551.98 7203.56 4554.19 7202.95 4587.52 7083.95 4585.31
26071-200-M6-052-00090 0.05709234997630119 6406.81 5228.32 6457.20 5222.97 6466.54 5311.11 6416.16 5316.45
26071-200-M6-052-00090 0.05460473895072937 7259.59 4001.50 7292.68 4002.66 7288.60 4118.93 7255.51 4117.77
26071-200-M6-052-00090 0.05186595767736435 6432.39 5168.07 6553.97 5165.83 6554.57 5198.38 6432.99 5200.62
26071-200-M6-052-00090 0.050933465361595154 3318.23 6070.00 3350.39 6071.99 3342.93 6192.21 3310.77 6190.22
26071-600-M6-065-00037 0.09751789271831512 2482.56 3171.05 2576.16 3169.40 2576.73 3201.52 2483.13 3203.17
26071-600-M6-065-00037 0.09195634722709656 3491.43 4491.73 3539.38 4488.04 3546.57 4581.39 3498.62 4585.08
26071-600-M6-065-00037 0.08485333621501923 2700.49 2203.34 2746.65 2214.54 2735.31 2261.27 2689.14 2250.06
26071-600-M6-065-00037 0.07876186817884445 6113.66 3156.87 6207.44 3155.31 6207.96 3186.58 6114.18 3188.15
26071-600-M6-065-00037 0.07477112859487534 6799.52 4492.03 6847.64 4488.10 6854.92 4577.42 6806.80 4581.34
26071-600-M6-065-00037 0.06809757649898529 5997.04 2087.23 6049.65 2092.01 6045.34 2139.40 5992.73 2134.62
26071-600-M6-065-00037 0.06651057302951813 1821.85 3719.83 1853.24 3720.36 1851.65 3813.82 1820.25 3813.28
26071-600-M6-065-00037 0.06146223843097687 5404.72 3415.74 5445.42 3431.18 5423.38 3489.27 5382.68 3473.83
26071-600-M6-065-00037 0.05793958529829979 4113.87 6137.94 4158.61 6139.58 4155.09 6235.53 4110.35 6233.89
26071-600-M6-065-00037 0.057193536311388016 6001.78 2324.79 6050.30 2330.36 6044.93 2377.14 5996.41 2371.58
26071-600-M6-065-00037 0.0511317104101181 7432.87 2682.38 7521.57 2684.89 7520.23 2732.06 7431.53 2729.55
26071-300-M6-053-00010 0.0680728405714035 2705.21 4498.03 2741.27 4505.96 2731.07 4552.32 2695.02 4544.39
26071-300-M6-053-00010 0.06726622581481934 2698.98 4743.39 2743.76 4752.69 2734.11 4799.14 2689.34 4789.84
26071-300-M6-053-00010 0.06639693677425385 2685.19 4174.47 2732.93 4168.80 2746.82 4285.85 2699.08 4291.52
26071-300-M6-053-00010 0.06549585610628128 2696.88 4035.02 2741.77 4042.73 2733.88 4088.64 2688.99 4080.92
26071-300-M6-053-00010 0.06411314010620117 4919.12 4312.42 4999.67 4315.13 4996.96 4395.95 4916.41 4393.25
26071-300-M6-053-00010 0.061881355941295624 4912.87 2622.18 5005.66 2622.06 5005.72 2669.48 4912.94 2669.61
26071-300-M6-053-00010 0.0574326366186142 6272.86 2571.03 6416.54 2609.22 6391.01 2705.29 6247.33 2667.10
26071-300-M6-053-00010 0.054581187665462494 4183.40 3161.79 4228.34 3168.23 4221.71 3214.53 4176.77 3208.09
26071-300-M6-053-00010 0.054482728242874146 7049.12 3127.16 7132.90 3134.78 7124.81 3223.77 7041.03 3216.16
26071-200-M6-052-00540 0.0505935437977314 2548.64 4609.31 2595.21 4607.25 2599.16 4696.65 2552.59 4698.70
26071-203-M6-160-00291 0.06654225289821625 1869.99 3586.92 1915.33 3593.90 1908.28 3639.69 1862.94 3632.71
26071-203-M6-160-00291 0.06515169143676758 2087.87 4538.59 2134.24 4536.02 2139.19 4625.21 2092.82 4627.78
26071-203-M6-160-00291 0.06233082339167595 1634.05 3587.01 1680.61 3593.25 1674.41 3639.48 1627.85 3633.23
26071-203-M6-160-00291 0.06078529357910156 3590.10 4537.01 3637.52 4537.27 3637.01 4628.41 3589.59 4628.14
26071-203-M6-160-00291 0.055129893124103546 1326.27 1497.43 1365.67 1495.65 1368.06 1548.48 1328.66 1550.26
26071-203-M6-160-00291 0.05319924280047417 4455.50 3094.74 4548.06 3095.55 4547.66 3141.29 4455.09 3140.48
26071-600-M6-066-00002 0.18386729061603546 4221.70 3732.47 4296.42 3738.09 4289.72 3827.19 4214.99 3821.57
26071-600-M6-066-00002 0.08236991614103317 5993.22 1716.26 6031.50 1708.54 6045.10 1775.90 6006.82 1783.63
26071-600-M6-066-00002 0.06410741806030273 4297.66 3752.79 4369.19 3751.77 4369.96 3805.88 4298.43 3806.90
26071-600-M6-066-00002 0.05447660759091377 4223.83 2709.53 4294.57 2717.57 4284.14 2809.33 4213.39 2801.29
26071-300-M6-053-00008 0.05279960110783577 5869.42 3155.90 5900.37 3153.39 5904.10 3199.21 5873.15 3201.73
26071-203-M6-060-00001 0.09436048567295074 4345.41 1332.60 4392.19 1331.12 4395.18 1425.68 4348.40 1427.15
26071-203-M6-060-00001 0.05911790952086449 3615.41 1372.56 3706.44 1372.43 3706.48 1404.97 3615.45 1405.10
26071-203-M6-060-00001 0.05588621646165848 1615.87 1388.01 1648.30 1386.63 1652.58 1486.94 1620.15 1488.33
26071-203-M6-060-00001 0.05478197708725929 1621.20 3450.14 1714.77 3447.50 1716.09 3494.42 1622.53 3497.06
26071-200-M6-063-00010 0.09274455904960632 5975.15 1913.28 6067.41 1912.68 6067.72 1960.61 5975.46 1961.20
26071-200-M6-063-00010 0.08148238062858582 4491.93 5685.65 4537.79 5689.54 4533.39 5741.40 4487.53 5737.50
26071-200-M6-063-00010 0.07723990827798843 3165.45 4190.72 3211.50 4194.32 3207.80 4241.73 3161.74 4238.13
26071-200-M6-063-00010 0.057491861283779144 4440.11 2375.33 4501.08 2370.20 4508.29 2455.84 4447.31 2460.97
26071-203-M6-060-00006 0.07354475557804108 7262.96 4274.75 7310.59 4274.76 7310.57 4366.06 7262.94 4366.05
26071-203-M6-060-00006 0.07135962694883347 7262.00 3993.22 7309.67 3992.10 7311.87 4086.21 7264.21 4087.32
26071-203-M6-060-00006 0.0628267377614975 3229.23 3005.47 3296.61 3015.01 3283.50 3107.62 3216.12 3098.09
26071-203-M6-060-00006 0.05848749727010727 7158.62 5995.32 7251.30 5992.86 7252.19 6026.59 7159.51 6029.04
26071-203-M6-060-00006 0.05274604260921478 6118.44 3992.79 6165.59 3992.80 6165.56 4086.21 6118.40 4086.19
26071-203-M6-325-00013 0.08068255335092545 3890.25 4814.84 3961.09 4825.49 3945.94 4926.24 3875.10 4915.58
26071-203-M6-325-00013 0.07081684470176697 5499.38 2397.68 5531.46 2398.02 5530.22 2516.01 5498.14 2515.67
26071-203-M6-325-00013 0.061102621257305145 6562.26 2399.44 6594.83 2397.98 6600.22 2518.29 6567.65 2519.75
26071-675-M6-068-00041 0.06067875772714615 6367.95 4359.18 6414.73 4361.30 6412.59 4408.49 6365.80 4406.37
26071-675-M6-068-00041 0.056670110672712326 6037.56 4360.21 6084.98 4362.36 6082.84 4409.46 6035.42 4407.31
26071-300-M6-053-00012 0.18992555141448975 4284.99 3892.87 4379.06 3892.19 4379.40 3939.42 4285.33 3940.10
26071-300-M6-053-00012 0.14279624819755554 3000.42 1700.62 3032.05 1702.99 3023.09 1822.49 2991.46 1820.12
26071-300-M6-053-00012 0.10393863916397095 2692.44 1788.72 2740.23 1790.81 2737.97 1842.43 2690.18 1840.33
26071-300-M6-053-00012 0.08334250748157501 4344.73 2732.11 4391.62 2730.01 4395.76 2822.05 4348.87 2824.16
26071-300-M6-053-00012 0.07212260365486145 4603.64 3377.32 4702.21 3372.99 4704.33 3421.05 4605.76 3425.39
26071-300-M6-053-00012 0.05963071063160896 2394.26 1937.35 2426.81 1938.13 2423.95 2057.64 2391.40 2056.86
26071-300-M6-053-00012 0.05395282059907913 2815.30 5097.87 2855.91 5098.71 2854.81 5151.43 2814.20 5150.58
26071-300-M6-053-00012 0.05384011194109917 4575.58 3524.91 4676.09 3524.95 4676.08 3558.38 4575.57 3558.33
26071-450-M6-082-00221 0.06462226063013077 4057.49 4266.70 4101.42 4280.04 4090.65 4315.51 4046.72 4302.17
26071-675-M6-068-00034 0.06179371848702431 2855.57 2983.31 2902.61 2983.26 2902.70 3074.81 2855.67 3074.86
26071-675-M6-068-00034 0.050187692046165466 3457.24 1314.99 3505.14 1316.60 3502.09 1407.33 3454.19 1405.72
26071-450-M6-082-00031 0.06326227635145187 5389.39 4912.93 5517.33 4940.27 5502.30 5010.61 5374.36 4983.27
26071-450-M6-082-00031 0.05057955160737038 5486.99 4787.74 5534.51 4798.61 5523.99 4844.61 5476.47 4833.74
26071-200-M6-062-00276 0.05445156246423721 768.74 2857.76 815.20 2860.07 812.80 2908.31 766.34 2906.00
26071-500-M6-059-00011 0.055882811546325684 5713.40 2196.12 5794.49 2199.19 5789.24 2337.78 5708.15 2334.70
26071-500-M6-059-00011 0.05364372953772545 5200.52 1931.18 5267.99 1943.84 5253.25 2022.35 5185.79 2009.69
26071-600-M6-065-00021 0.09562148153781891 4237.61 2915.24 4333.21 2917.48 4332.12 2963.96 4236.52 2961.71
26071-600-M6-065-00021 0.07407166808843613 5173.57 2573.77 5265.77 2574.58 5265.35 2621.89 5173.15 2621.07
26071-600-M6-065-00021 0.07021348923444748 4587.33 1638.75 4704.22 1634.82 4705.33 1667.80 4588.44 1671.73
26071-600-M6-065-00021 0.06280899792909622 6594.86 4155.22 6641.99 4162.86 6634.51 4209.04 6587.38 4201.41
26071-600-M6-065-00021 0.05883190035820007 1396.51 1499.46 1488.79 1501.84 1487.57 1549.36 1395.28 1546.98
26071-600-M6-065-00021 0.0527367889881134 5998.00 5246.26 6046.51 5244.74 6049.36 5336.20 6000.85 5337.71
26071-500-M6-059-00013 0.17442557215690613 7398.79 2005.17 7470.23 2012.04 7461.39 2104.00 7389.95 2097.13
26071-500-M6-059-00013 0.10525170713663101 4655.26 4457.51 4688.62 4458.27 4686.39 4556.43 4653.02 4555.67
26071-500-M6-059-00044 0.09838103502988815 4781.86 2601.64 4872.35 2596.10 4875.25 2643.39 4784.75 2648.93
26071-500-M6-059-00044 0.08936560153961182 1045.28 6369.01 1092.75 6357.98 1113.13 6445.79 1065.66 6456.81
26071-500-M6-059-00044 0.08252314478158951 1057.00 3629.30 1133.16 3580.39 1189.89 3668.73 1113.73 3717.64
26071-500-M6-059-00044 0.07599923014640808 6594.63 903.26 6643.04 912.46 6633.83 960.92 6585.43 951.72
26071-500-M6-059-00044 0.07099871337413788 7191.25 4073.84 7259.95 4088.61 7240.01 4181.36 7171.31 4166.59
26071-500-M6-059-00044 0.06726459413766861 1800.34 4614.95 1847.86 4624.41 1838.71 4670.36 1791.19 4660.90
26071-500-M6-059-00044 0.06403214484453201 4782.63 2244.34 4872.75 2244.36 4872.74 2292.55 4782.62 2292.53
26071-500-M6-059-00044 0.05900679528713226 4783.56 2720.30 4873.79 2713.13 4877.57 2760.70 4787.34 2767.86
26071-500-M6-059-00044 0.05491188168525696 6446.82 5401.47 6494.30 5401.35 6494.56 5503.95 6447.08 5504.07
26071-500-M6-059-00044 0.053428418934345245 6592.96 718.68 6679.43 726.18 6667.58 862.90 6581.11 855.40
26071-500-M6-059-00044 0.05125049874186516 2515.97 2005.67 2612.34 2002.37 2614.04 2052.08 2517.67 2055.38
26071-500-M6-059-00044 0.050844546407461166 3589.99 4031.18 3677.44 4035.89 3670.01 4173.95 3582.56 4169.24
26071-500-M6-059-00044 0.050741516053676605 3101.23 2002.09 3200.88 1999.24 3202.45 2054.17 3102.80 2057.02
26071-200-M6-052-00093 0.11619798839092255 7057.18 3591.15 7091.29 3590.65 7093.01 3709.37 7058.90 3709.87
26071-200-M6-052-00093 0.07460930198431015 6774.82 3592.34 6807.57 3592.87 6805.64 3711.39 6772.90 3710.86
26071-200-M6-052-00093 0.07139641791582108 5258.07 1630.08 5292.81 1628.62 5297.87 1748.25 5263.13 1749.72
26071-200-M6-052-00093 0.05645402893424034 4961.54 1905.07 5079.10 1909.84 5077.75 1943.08 4960.20 1938.31
26071-200-M6-052-00002 0.05819917842745781 7362.42 3911.25 7408.40 3914.25 7405.38 3960.80 7359.39 3957.81
26071-675-M6-068-10002 0.05638933181762695 2957.41 1484.73 3016.13 1492.30 3010.21 1538.23 2951.49 1530.66
26071-750-M6-085-00012 0.1853022575378418 1854.19 3682.35 1918.32 3685.74 1915.89 3731.81 1851.75 3728.42
26071-750-M6-085-00012 0.15725074708461761 7948.45 2373.93 8000.08 2376.60 7995.40 2467.46 7943.76 2464.79
26071-750-M6-085-00012 0.14413684606552124 4283.58 3308.60 4333.64 3305.90 4337.18 3371.41 4287.12 3374.11
26071-750-M6-085-00012 0.1340373456478119 6470.29 3307.44 6519.97 3307.14 6520.35 3371.74 6470.67 3372.04
26071-750-M6-085-00012 0.07547543197870255 7902.45 2267.00 8010.82 2270.52 8009.75 2303.50 7901.38 2299.97
26071-750-M6-085-00012 0.05417270213365555 1226.53 3587.46 1260.51 3589.41 1253.70 3708.56 1219.72 3706.62
26071-600-M6-065-00259 0.07025685906410217 7674.21 4437.79 7796.69 4433.27 7797.89 4465.96 7675.41 4470.47
26071-600-M6-065-00259 0.06056900694966316 703.88 2948.21 826.29 2948.52 826.21 2981.11 703.80 2980.80
26071-600-M6-065-00259 0.05809665098786354 7675.88 5524.06 7793.54 5523.32 7793.74 5556.19 7676.09 5556.92
26071-600-M6-065-00259 0.057471707463264465 7654.17 5634.90 7701.40 5635.53 7700.18 5727.95 7652.95 5727.32
26071-600-M6-065-00259 0.05332347750663757 702.00 1719.53 827.17 1718.56 827.42 1750.71 702.25 1751.68
26071-200-M6-052-00544 0.054023705422878265 5987.44 5360.93 6118.38 5406.42 6093.14 5479.06 5962.21 5433.57
26071-600-M6-066-00003 0.24503052234649658 3615.62 5454.91 3706.98 5459.04 3704.86 5505.88 3613.50 5501.75
26071-600-M6-066-00003 0.059792954474687576 3287.20 2033.91 3332.98 2033.83 3333.13 2123.92 3287.35 2124.00
