26071-200-M6-052-00001 0.10275682061910629 3512.71 4965.57 3544.76 4968.47 3541.33 5006.31 3509.28 5003.41
26071-200-M6-052-00001 0.09974078834056854 3164.71 3347.62 3208.76 3346.53 3209.52 3377.46 3165.47 3378.55
26071-200-M6-052-00001 0.08527157455682755 3756.24 5421.64 3800.68 5420.10 3801.71 5449.92 3757.27 5451.46
26071-200-M6-052-00001 0.061514344066381454 3164.75 3567.40 3208.86 3566.70 3209.33 3596.57 3165.22 3597.27
26071-200-M6-052-00001 0.06082705780863762 3452.45 2850.95 3500.24 2853.50 3498.77 2881.08 3450.98 2878.53
26071-200-M6-052-00001 0.058733705431222916 5780.48 2504.69 5809.97 2504.45 5810.33 2549.59 5780.85 2549.82
26071-200-M6-052-00001 0.05413207784295082 6094.77 2503.62 6124.55 2504.47 6123.25 2549.96 6093.47 2549.11
26071-200-M6-052-00001 0.051321666687726974 3756.41 4033.96 3801.28 4032.13 3802.50 4061.97 3757.63 4063.80
26071-500-M6-059-00017 0.05535005405545235 3777.04 3818.48 3806.18 3817.70 3807.26 3857.98 3778.13 3858.77
26071-600-M6-066-00012 0.08700490742921829 6728.75 3146.86 6766.97 3148.93 6764.54 3193.81 6726.32 3191.74
26071-600-M6-066-00012 0.07499635219573975 3165.73 3707.58 3209.48 3707.01 3209.89 3737.89 3166.13 3738.47
26071-600-M6-066-00012 0.06402610242366791 3177.50 3450.99 3200.44 3451.68 3199.03 3498.60 3176.09 3497.91
26071-600-M6-066-00012 0.05540649965405464 3179.48 2973.40 3203.35 2976.40 3197.53 3022.58 3173.67 3019.57
26071-200-M6-052-00539 0.053529925644397736 1974.92 4382.63 2005.60 4381.79 2006.84 4427.41 1976.16 4428.24
26071-500-M6-059-00248 0.05592174455523491 3779.45 3298.13 3806.61 3299.04 3805.35 3337.05 3778.18 3336.15
26071-500-M6-059-00248 0.050011806190013885 4490.83 4629.86 4535.17 4628.95 4535.80 4659.77 4491.46 4660.68
26071-203-M6-325-00012 0.0633610188961029 3352.23 5025.48 3385.96 5050.59 3365.60 5077.93 3331.87 5052.82
26071-700-M6-054-00246 0.14820201694965363 4293.09 3751.52 4325.08 3755.64 4319.35 3800.10 4287.36 3795.98
26071-700-M6-054-00246 0.07924135029315948 4535.40 4311.17 4580.17 4310.93 4580.33 4340.87 4535.56 4341.10
26071-500-M6-059-00040 0.14693038165569305 6408.79 2264.30 6441.02 2265.37 6439.42 2313.39 6407.19 2312.32
26071-500-M6-059-00040 0.08842302858829498 5871.10 3329.97 5901.53 3330.60 5900.63 3374.34 5870.20 3373.71
26071-500-M6-059-00040 0.06561354547739029 5868.40 2859.31 5899.24 2858.29 5900.70 2902.59 5869.87 2903.61
26071-750-M6-085-00286 0.18379776179790497 2990.07 3888.73 3015.08 3875.11 3036.13 3913.77 3011.12 3927.39
26071-750-M6-085-00286 0.17134173214435577 4347.67 3561.42 4392.60 3561.02 4392.87 3591.19 4347.94 3591.59
26071-750-M6-085-00286 0.13493913412094116 5945.45 5097.75 5984.21 5098.93 5983.18 5132.80 5944.42 5131.62
26071-750-M6-085-00286 0.12869399785995483 3934.93 3560.86 3979.97 3561.09 3979.82 3590.98 3934.78 3590.75
26071-750-M6-085-00286 0.09703351557254791 5119.27 5098.62 5159.94 5099.11 5159.54 5132.41 5118.87 5131.92
26071-550-M6-084-00248 0.08277105540037155 3778.68 2824.42 3807.56 2824.13 3807.97 2864.20 3779.09 2864.49
26071-550-M6-084-00248 0.08076974749565125 4665.75 4156.77 4709.91 4156.92 4709.81 4187.68 4665.64 4187.53
26071-203-M6-332-00008 0.09169895201921463 1817.42 3626.82 1874.25 3631.84 1865.05 3736.00 1808.22 3730.98
26071-200-M6-052-00080 0.21191877126693726 6065.75 5014.20 6104.00 5016.58 6101.94 5049.66 6063.69 5047.28
26071-200-M6-052-00080 0.17650894820690155 2642.88 5016.37 2678.92 5018.94 2676.76 5049.22 2640.72 5046.65
26071-200-M6-052-00080 0.11867731064558029 2571.43 6346.11 2616.07 6355.40 2610.44 6382.48 2565.80 6373.19
26071-200-M6-052-00080 0.07339294254779816 6473.00 3736.69 6514.14 3740.32 6512.08 3763.62 6470.94 3759.98
26071-200-M6-052-00080 0.07330945879220963 2808.43 3897.98 2856.13 3897.27 2856.49 3921.12 2808.79 3921.83
26071-200-M6-052-00080 0.06026063859462738 7176.38 5242.91 7223.42 5247.52 7216.14 5321.89 7169.10 5317.29
26071-200-M6-052-00080 0.060177993029356 3750.83 5239.60 3799.74 5247.54 3787.54 5322.65 3738.63 5314.70
26071-200-M6-052-00080 0.056797437369823456 3165.89 6363.99 3208.54 6365.91 3207.29 6393.48 3164.65 6391.56
26071-200-M6-052-00080 0.05656806752085686 3756.09 4063.82 3800.77 4062.67 3801.54 4092.62 3756.86 4093.77
26071-300-M6-053-00309 0.08507049828767776 6068.55 1511.26 6117.18 1511.45 6117.08 1536.52 6068.45 1536.33
26071-300-M6-053-00309 0.05038229003548622 3637.49 3270.84 3683.10 3271.36 3682.77 3301.15 3637.15 3300.63
26071-300-M6-053-00309 0.05010189861059189 5999.25 2336.47 6043.34 2333.61 6045.21 2362.66 6001.13 2365.51
26071-450-M6-082-00009 0.5486035346984863 4969.49 6226.04 5003.91 6242.58 4990.33 6270.82 4955.91 6254.28
26071-450-M6-082-00009 0.10538007318973541 3408.32 1377.31 3439.17 1377.53 3438.99 1402.10 3408.15 1401.88
26071-450-M6-082-00009 0.06858374923467636 4939.81 6170.81 4985.15 6175.39 4982.67 6200.00 4937.32 6195.41
26071-200-M6-052-00552 0.06333077698945999 4168.99 2858.35 4200.22 2858.31 4200.28 2903.43 4169.05 2903.48
26071-750-M6-085-00007 0.06829806417226791 5291.79 5055.15 5336.76 5054.98 5336.88 5085.49 5291.91 5085.66
26071-750-M6-085-00007 0.06797051429748535 2436.60 1493.76 2473.96 1495.42 2472.59 1526.04 2435.24 1524.39
26071-750-M6-085-00007 0.058981701731681824 4051.98 2763.37 4096.28 2762.91 4096.59 2793.49 4052.29 2793.95
26071-203-M6-064-00271 0.05291079729795456 2028.14 2538.82 2088.78 2548.03 2079.13 2611.57 2018.49 2602.36
26071-203-M6-337-00031 0.18455223739147186 6685.03 6171.93 6724.72 6173.13 6723.74 6205.56 6684.05 6204.36
26071-203-M6-337-00031 0.1562098115682602 4075.04 970.24 4109.41 972.32 4107.17 1009.40 4072.80 1007.33
26071-203-M6-337-00031 0.1473855823278427 6673.26 618.06 6708.43 619.57 6706.47 665.08 6671.31 663.57
26071-203-M6-337-00031 0.06328001618385315 2084.62 2596.11 2116.55 2598.06 2113.75 2644.06 2081.81 2642.12
26071-203-M6-332-00001 0.12512335181236267 4369.48 2882.05 4399.82 2893.51 4387.10 2927.17 4356.76 2915.72
26071-203-M6-332-00001 0.08965656161308289 2134.75 3883.44 2171.10 3914.35 2130.17 3962.49 2093.81 3931.58
26071-203-M6-332-00001 0.06557896733283997 5107.39 2695.46 5148.60 2695.68 5148.44 2726.30 5107.23 2726.08
26071-203-M6-332-00001 0.062419019639492035 4268.49 2695.74 4313.02 2696.61 4312.44 2726.30 4267.91 2725.43
26071-203-M6-332-00001 0.060211896896362305 3430.35 2697.08 3475.05 2696.87 3475.19 2726.37 3430.49 2726.58
26071-203-M6-332-00001 0.060014355927705765 3005.77 2695.85 3047.22 2694.57 3048.19 2725.75 3006.74 2727.03
26071-203-M6-332-00001 0.05988187715411186 5947.40 2695.95 5992.55 2695.74 5992.70 2725.72 5947.55 2725.94
26071-203-M6-332-00001 0.05956025794148445 4688.78 2695.70 4733.20 2696.43 4732.71 2726.03 4688.29 2725.29
26071-203-M6-332-00001 0.055713389068841934 5530.29 2697.10 5574.91 2696.91 5575.03 2726.41 5530.42 2726.60
26071-203-M6-332-00001 0.05380292236804962 3847.51 2695.88 3892.72 2695.64 3892.87 2725.63 3847.67 2725.86
26071-200-M6-052-00150 0.15729613602161407 4523.69 3069.45 4564.76 3076.14 4559.59 3107.82 4518.53 3101.13
26071-200-M6-052-00150 0.0865166187286377 2524.26 3064.71 2567.25 3078.18 2554.93 3117.50 2511.94 3104.03
26071-200-M6-052-00150 0.06807617843151093 3171.17 2673.90 3208.54 2678.50 3204.56 2710.80 3167.19 2706.21
26071-200-M6-052-00150 0.05490541458129883 2222.30 1322.95 2253.69 1318.21 2261.33 1368.89 2229.94 1373.62
26071-200-M6-052-00003 0.08336028456687927 5647.77 4282.61 5682.74 4284.38 5680.41 4330.56 5645.44 4328.80
26071-200-M6-052-00003 0.08065399527549744 3459.82 3859.09 3504.03 3858.17 3504.66 3888.64 3460.45 3889.56
26071-700-M6-054-00036 0.27784445881843567 4411.96 4556.86 4447.05 4559.71 4445.13 4583.30 4410.04 4580.45
26071-700-M6-054-00036 0.1129491776227951 4647.07 5323.61 4683.42 5326.68 4681.51 5349.37 4645.15 5346.30
26071-700-M6-054-00036 0.06867707520723343 4701.12 1840.90 4745.87 1839.96 4746.53 1871.54 4701.79 1872.47
26071-700-M6-054-00036 0.06733966618776321 4676.09 1796.52 4706.07 1796.77 4705.73 1838.21 4675.76 1837.97
26071-700-M6-054-00036 0.06452427804470062 4051.69 3683.99 4097.13 3683.32 4097.58 3713.29 4052.14 3713.97
26071-700-M6-054-00036 0.05864052101969719 5769.44 2857.41 5801.35 2857.04 5801.92 2904.96 5770.01 2905.34
26071-203-M6-320-00044 0.11285490542650223 331.49 3992.36 366.67 4025.76 326.28 4068.30 291.10 4034.91
26071-203-M6-320-00044 0.05708270147442818 4643.58 4264.34 4679.34 4264.32 4679.35 4283.98 4643.59 4284.00
26071-203-M6-320-00044 0.052611202001571655 841.49 4012.06 873.37 4018.61 864.76 4060.56 832.88 4054.02
26071-203-M6-320-00044 0.050200823694467545 231.43 4033.14 286.29 3996.92 314.33 4039.37 259.46 4075.60
26071-600-M6-065-00231 0.0864783450961113 6461.54 3460.17 6505.24 3458.61 6506.31 3488.74 6462.62 3490.30
26071-600-M6-065-00231 0.07728306204080582 3460.83 3501.24 3505.55 3500.99 3505.72 3531.44 3461.00 3531.68
26071-600-M6-065-00231 0.07209064066410065 3453.44 5611.36 3483.56 5611.13 3483.91 5656.17 3453.78 5656.40
26071-600-M6-065-00231 0.06266685575246811 3436.63 5537.79 3530.49 5540.36 3529.19 5587.75 3435.33 5585.18
26071-600-M6-065-00231 0.05256219208240509 6460.83 3312.08 6504.94 3311.65 6505.24 3342.46 6461.13 3342.89
26071-500-M6-059-00071 0.46944108605384827 5576.60 3911.88 5607.55 3931.13 5589.65 3959.91 5558.70 3940.66
26071-500-M6-059-00071 0.16843834519386292 1614.43 1773.02 1658.58 1742.21 1690.90 1788.53 1646.75 1819.33
26071-500-M6-059-00071 0.15207594633102417 1616.46 5593.15 1656.38 5555.16 1689.80 5590.27 1649.88 5628.27
26071-500-M6-059-00071 0.08892268687486649 1627.15 5535.65 1678.67 5532.87 1680.49 5566.62 1628.97 5569.40
26071-500-M6-059-00071 0.06906534731388092 1630.70 3508.59 1682.85 3518.52 1676.71 3550.75 1624.56 3540.81
26071-500-M6-059-00071 0.051156286150217056 1631.45 2621.52 1676.70 2620.60 1677.34 2651.71 1632.08 2652.63
26071-203-M6-320-00008 0.13443516194820404 4786.61 4151.28 4926.27 4137.09 4930.82 4181.86 4791.15 4196.05
26071-203-M6-320-00008 0.07797183096408844 2350.61 4240.03 2491.91 4234.13 2494.26 4290.36 2352.96 4296.26
26071-500-M6-059-00116 0.11362164467573166 3882.06 5564.43 3917.81 5568.35 3912.65 5615.36 3876.91 5611.45
26071-500-M6-059-00116 0.06898800283670425 4346.76 4417.38 4391.14 4416.27 4391.89 4446.44 4347.51 4447.54
26071-550-M6-084-00026 0.06309598684310913 5767.97 1669.31 5804.27 1668.78 5804.77 1702.51 5768.47 1703.04
26071-550-M6-084-00026 0.052264705300331116 7205.75 5569.47 7238.42 5565.24 7243.70 5606.02 7211.04 5610.26
26071-203-M6-337-00007 0.9897664189338684 5265.08 3032.78 5300.80 3034.40 5299.18 3070.00 5263.46 3068.38
26071-203-M6-337-00007 0.9887556433677673 5263.27 5731.17 5298.32 5735.93 5293.54 5771.11 5258.49 5766.35
26071-203-M6-337-00007 0.9878022074699402 3239.58 5429.67 3274.34 5438.82 3265.42 5472.73 3230.66 5463.58
26071-203-M6-337-00007 0.9871930480003357 3239.78 2729.59 3273.89 2738.54 3264.99 2772.48 3230.88 2763.53
26071-203-M6-337-00007 0.06821215152740479 3479.68 3093.38 3508.78 3095.44 3505.73 3138.73 3476.62 3136.68
26071-203-M6-337-00007 0.0646083876490593 3479.23 5793.19 3509.51 5795.30 3506.46 5838.98 3476.18 5836.87
26071-203-M6-337-00007 0.05276086553931236 3477.85 5494.16 3506.69 5494.85 3505.64 5538.85 3476.80 5538.17
26071-203-M6-337-00007 0.0526389516890049 3477.70 2794.50 3506.58 2794.98 3505.84 2839.06 3476.96 2838.57
26071-200-M6-052-00090 0.14951248466968536 5210.74 4372.33 5253.68 4372.80 5253.28 4409.14 5210.34 4408.67
26071-200-M6-052-00090 0.13203121721744537 2199.37 4372.53 2241.92 4373.10 2241.43 4409.21 2198.89 4408.64
26071-200-M6-052-00090 0.0803423821926117 3162.95 3793.10 3193.35 3795.14 3190.61 3835.80 3160.21 3833.75
26071-200-M6-052-00090 0.0784888043999672 2398.45 3592.88 2428.66 3592.02 2429.92 3635.82 2399.71 3636.69
26071-200-M6-052-00090 0.05059654638171196 6291.48 3594.97 6321.98 3596.43 6319.94 3638.93 6289.44 3637.47
26071-200-M6-052-00090 0.05006875470280647 6166.80 5686.76 6197.11 5678.48 6208.52 5720.24 6178.20 5728.52
26071-600-M6-065-00037 0.08635006844997406 6805.37 4484.66 6852.89 4486.93 6848.30 4582.90 6800.78 4580.63
26071-600-M6-065-00037 0.08585461974143982 3202.08 3384.60 3246.79 3384.66 3246.75 3414.97 3202.04 3414.91
26071-600-M6-065-00037 0.07435102760791779 5993.40 2569.49 6025.76 2564.88 6031.43 2604.71 5999.07 2609.31
26071-600-M6-065-00037 0.06646178662776947 2316.57 3340.22 2361.69 3340.81 2361.29 3370.92 2316.17 3370.32
26071-600-M6-065-00037 0.06589117646217346 3484.90 4489.29 3532.77 4483.03 3544.83 4575.29 3496.96 4581.54
26071-600-M6-065-00037 0.06235635653138161 5993.90 1819.86 6024.19 1820.01 6023.96 1865.62 5993.68 1865.47
26071-600-M6-065-00037 0.06097761169075966 6201.75 3274.21 6246.20 3274.62 6245.89 3308.22 6201.44 3307.81
26071-600-M6-065-00037 0.06092362478375435 5398.88 3421.17 5443.83 3421.40 5443.67 3451.41 5398.73 3451.17
26071-600-M6-065-00037 0.058995507657527924 4226.97 6183.78 4255.16 6161.24 4281.64 6194.35 4253.45 6216.89
26071-600-M6-065-00037 0.05499999597668648 2175.04 3391.03 2219.94 3391.75 2219.45 3422.08 2174.55 3421.35
26071-600-M6-065-00037 0.053989045321941376 5528.30 3374.61 5573.35 3375.98 5572.44 3405.79 5527.39 3404.42
26071-600-M6-065-00037 0.05089346691966057 3186.45 6322.00 3223.35 6323.21 3222.68 6343.68 3185.78 6342.46
26071-300-M6-053-00010 0.06377732008695602 6297.14 2579.48 6341.94 2579.96 6341.61 2610.55 6296.81 2610.07
26071-203-M6-320-00042 0.17742906510829926 7411.69 3985.22 7443.17 3989.33 7438.24 4027.15 7406.76 4023.04
26071-203-M6-320-00042 0.09107719361782074 5426.85 5044.12 5456.23 5041.84 5459.70 5086.42 5430.33 5088.71
26071-200-M6-052-00540 0.05461862310767174 755.70 3329.76 781.72 3330.20 780.90 3378.66 754.87 3378.22
26071-203-M6-160-00291 0.11165158450603485 3005.96 2266.94 3037.08 2270.13 3032.61 2313.75 3001.49 2310.56
26071-203-M6-160-00291 0.09557423740625381 1163.55 2263.62 1195.97 2264.50 1194.68 2311.91 1162.26 2311.03
26071-203-M6-160-00291 0.08208978176116943 5692.52 1673.05 5713.96 1685.29 5703.41 1703.75 5681.98 1691.51
26071-203-M6-160-00291 0.08063722401857376 6388.81 2831.88 6434.93 2832.57 6433.55 2923.78 6387.44 2923.09
26071-203-M6-160-00291 0.06122443825006485 6388.13 3072.14 6435.65 3071.88 6436.17 3166.04 6388.65 3166.30
26071-203-M6-160-00291 0.05974482744932175 3026.54 2209.58 3240.38 2210.91 3239.44 2360.32 3025.61 2358.98
26071-203-M6-160-00291 0.05757399648427963 4674.03 5444.49 4708.43 5456.86 4694.39 5495.91 4659.99 5483.54
26071-203-M6-160-00291 0.054709672927856445 3213.60 2245.16 3327.27 2242.41 3328.73 2302.71 3215.06 2305.46
26071-203-M6-160-00291 0.05176875367760658 3341.02 2268.06 3371.87 2266.48 3374.12 2310.42 3343.27 2312.00
26071-600-M6-066-00002 0.9448058605194092 4320.87 2726.16 4356.69 2728.61 4354.14 2765.93 4318.32 2763.48
26071-600-M6-066-00002 0.9245075583457947 4320.68 3752.95 4357.45 3756.71 4353.59 3794.40 4316.82 3790.64
26071-600-M6-066-00002 0.16303510963916779 4409.97 3762.13 4434.59 3761.60 4435.60 3808.82 4410.99 3809.35
26071-600-M6-066-00002 0.1277756690979004 4701.89 4210.23 4735.33 4211.24 4733.96 4256.54 4700.51 4255.53
26071-600-M6-066-00002 0.075774185359478 4703.88 3974.06 4736.47 3976.68 4732.84 4021.72 4700.25 4019.10
26071-600-M6-066-00002 0.05191328376531601 3773.69 2858.04 3804.44 2859.90 3801.71 2905.10 3770.96 2903.25
26071-300-M6-053-00008 0.11885180324316025 5325.32 5044.23 5371.03 5019.37 5392.04 5058.01 5346.33 5082.87
26071-300-M6-053-00008 0.11679890751838684 5724.25 5040.85 5760.94 5021.74 5775.91 5050.47 5739.21 5069.59
26071-300-M6-053-00008 0.10647463798522949 5870.10 4511.82 5901.60 4511.41 5902.17 4555.15 5870.67 4555.56
26071-300-M6-053-00008 0.09878604114055634 5870.81 3804.91 5901.43 3804.28 5902.33 3847.78 5871.71 3848.41
26071-300-M6-053-00008 0.09247322380542755 5872.22 3152.91 5902.72 3154.23 5900.83 3197.97 5870.32 3196.65
26071-300-M6-053-00008 0.08408151566982269 5870.86 2799.91 5901.31 2800.01 5901.17 2844.54 5870.72 2844.45
26071-300-M6-053-00008 0.08332508057355881 5870.11 2445.33 5901.17 2445.20 5901.35 2488.80 5870.30 2488.93
26071-300-M6-053-00008 0.06910117715597153 5870.77 4157.02 5901.85 4157.81 5900.74 4201.49 5869.66 4200.70
26071-300-M6-053-00008 0.06151837483048439 5180.22 3230.68 5229.64 3210.62 5249.46 3259.46 5200.04 3279.51
26071-300-M6-053-00008 0.054613981395959854 5526.99 5056.22 5571.35 5054.51 5572.50 5084.29 5528.14 5086.01
26071-300-M6-053-00008 0.05206717923283577 5581.14 5862.29 5612.02 5862.13 5612.26 5908.42 5581.38 5908.59
26071-300-M6-053-00008 0.05018717050552368 5872.65 3528.84 5901.60 3529.31 5900.90 3572.51 5871.95 3572.04
26071-200-M6-063-00010 0.06581076234579086 3165.54 4157.60 3210.02 4157.05 3210.41 4189.05 3165.94 4189.60
26071-200-M6-063-00010 0.06532256305217743 4228.79 4712.79 4273.92 4712.81 4273.91 4742.89 4228.77 4742.87
26071-200-M6-063-00010 0.05736152455210686 3164.59 3937.77 3209.52 3937.60 3209.64 3967.86 3164.70 3968.03
26071-200-M6-063-00010 0.05438509210944176 6005.83 1799.45 6042.57 1800.98 6041.09 1836.40 6004.36 1834.87
26071-203-M6-060-00006 0.06640832871198654 2942.07 4405.99 2986.73 4405.87 2986.81 4435.22 2942.15 4435.34
26071-203-M6-325-00013 0.09683874994516373 1663.69 3115.64 1701.16 3113.87 1702.12 3134.24 1664.65 3136.00
26071-203-M6-325-00013 0.07932743430137634 2347.33 4347.18 2394.34 4346.72 2394.59 4371.91 2347.57 4372.37
26071-300-M6-053-00012 0.14917689561843872 5911.33 5735.85 6058.62 5737.35 6058.17 5781.93 5910.87 5780.43
26071-300-M6-053-00012 0.12226905673742294 4014.13 5738.86 4165.89 5733.28 4167.42 5775.10 4015.67 5780.68
26071-300-M6-053-00012 0.11778329312801361 4109.67 2822.72 4158.67 2820.76 4160.22 2859.65 4111.22 2861.61
26071-300-M6-053-00012 0.10048486292362213 2867.68 3075.18 2898.89 3079.05 2893.49 3122.51 2862.28 3118.64
26071-300-M6-053-00012 0.08376781642436981 2873.50 3271.50 2903.42 3271.77 2903.01 3317.79 2873.08 3317.52
26071-300-M6-053-00012 0.07586675137281418 4630.62 3495.97 4675.57 3495.97 4675.57 3525.85 4630.62 3525.85
26071-300-M6-053-00012 0.07547340542078018 2570.17 1686.74 2609.89 1690.17 2607.80 1714.45 2568.08 1711.02
26071-300-M6-053-00012 0.05529005080461502 2865.34 3184.30 2897.85 3189.36 2891.71 3228.81 2859.20 3223.75
26071-300-M6-053-00012 0.05471345782279968 5407.81 5338.99 5435.02 5350.36 5421.91 5381.76 5394.69 5370.38
26071-300-M6-053-00012 0.05056840181350708 2940.04 2877.87 2968.47 2863.04 2987.90 2900.28 2959.48 2915.11
26071-450-M6-082-00221 0.06333771347999573 6568.95 1358.25 6652.61 1356.63 6653.62 1408.57 6569.96 1410.19
26071-450-M6-082-00221 0.060773033648729324 4043.15 4278.65 4083.06 4260.64 4100.56 4299.40 4060.65 4317.42
26071-675-M6-068-00034 0.2945564091205597 5918.42 2171.68 5950.35 2171.60 5950.45 2208.36 5918.52 2208.44
26071-675-M6-068-00034 0.10014647990465164 3478.18 1238.44 3503.69 1236.05 3506.83 1269.60 3481.33 1271.99
26071-450-M6-082-00031 0.9915242195129395 5432.02 4922.33 5466.23 4926.11 5462.31 4961.63 5428.10 4957.85
26071-450-M6-082-00031 0.05455984175205231 3023.45 3425.23 3069.19 3423.71 3070.19 3453.86 3024.45 3455.38
26071-200-M6-062-00276 0.1549471765756607 5285.93 5492.18 5342.11 5491.52 5342.66 5538.02 5286.47 5538.68
26071-200-M6-062-00276 0.10765482485294342 3580.09 4063.63 3625.35 4065.51 3623.97 4098.47 3578.71 4096.58
26071-200-M6-062-00276 0.08151707798242569 3164.48 4067.80 3208.49 4067.47 3208.72 4098.90 3164.72 4099.23
26071-200-M6-062-00276 0.07547418028116226 3401.88 4068.81 3446.96 4069.01 3446.82 4099.92 3401.75 4099.72
26071-200-M6-062-00276 0.06345687061548233 4819.06 4069.58 4863.82 4068.37 4864.64 4098.83 4819.88 4100.04
26071-200-M6-062-00276 0.061915695667266846 4123.14 4070.32 4168.35 4069.34 4169.03 4100.98 4123.83 4101.96
26071-200-M6-062-00276 0.056110233068466187 4230.22 4067.55 4275.04 4066.86 4275.54 4099.70 4230.72 4100.39
26071-200-M6-062-00276 0.053420957177877426 5173.89 4068.53 5218.96 4068.08 5219.26 4098.46 5174.19 4098.91
26071-600-M6-065-00021 0.09938295185565948 3562.29 5439.34 3700.09 5433.58 3702.04 5480.31 3564.24 5486.06
26071-600-M6-065-00021 0.06666550040245056 5864.30 6551.61 5901.93 6553.50 5900.90 6574.10 5863.27 6572.22
26071-600-M6-065-00021 0.0537402406334877 5090.84 2866.34 5120.74 2868.48 5117.48 2913.94 5087.58 2911.79
26071-500-M6-059-00044 0.07590462267398834 4679.24 1184.38 4707.11 1192.99 4701.92 1209.78 4674.05 1201.16
26071-500-M6-059-00044 0.07476460188627243 1065.68 2122.16 1111.75 2128.31 1106.89 2164.70 1060.83 2158.55
26071-500-M6-059-00044 0.06535940617322922 4225.52 4995.06 4259.08 4995.28 4258.90 5022.27 4225.34 5022.04
26071-500-M6-059-00044 0.06057155504822731 1052.18 3628.64 1082.80 3631.43 1079.37 3669.03 1048.75 3666.24
26071-500-M6-059-00044 0.052531614899635315 1975.77 4808.85 2005.30 4809.02 2005.04 4854.07 1975.51 4853.89
26071-200-M6-052-00093 0.1144455149769783 5062.17 1673.65 5101.13 1672.40 5102.05 1701.16 5063.09 1702.41
26071-200-M6-052-00093 0.06961965560913086 5302.05 5567.53 5324.42 5569.71 5320.06 5614.42 5297.69 5612.24
26071-200-M6-052-00093 0.06120637431740761 4087.22 1667.13 4131.02 1665.60 4132.08 1695.91 4088.28 1697.44
26071-200-M6-052-00093 0.05137401446700096 4535.33 4676.79 4581.40 4676.71 4581.45 4705.62 4535.38 4705.70
26071-200-M6-052-00002 0.09675291925668716 4103.44 4504.12 4135.44 4505.80 4133.05 4551.06 4101.06 4549.38
26071-200-M6-052-00002 0.05486653000116348 6135.01 1914.63 6166.05 1915.15 6165.32 1959.17 6134.29 1958.65
26071-675-M6-068-10002 0.15564832091331482 2401.55 3774.94 2473.25 3748.47 2495.20 3807.93 2423.50 3834.40
26071-675-M6-068-10002 0.15425407886505127 2250.45 5370.77 2304.65 5352.85 2326.90 5420.16 2272.70 5438.07
26071-675-M6-068-10002 0.1517210155725479 3707.33 3748.47 3788.80 3760.53 3778.84 3827.80 3697.37 3815.73
26071-675-M6-068-10002 0.10293880105018616 4100.84 2017.82 4168.29 2008.00 4177.17 2069.02 4109.71 2078.83
26071-675-M6-068-10002 0.10091495513916016 3548.65 5368.11 3609.10 5342.73 3640.47 5417.44 3580.02 5442.83
26071-675-M6-068-10002 0.09913620352745056 4225.16 3768.32 4290.22 3750.93 4307.03 3813.83 4241.98 3831.22
26071-675-M6-068-10002 0.0986248254776001 7803.75 2158.63 7858.74 2130.14 7891.23 2192.87 7836.25 2221.35
26071-675-M6-068-10002 0.09657566994428635 5703.40 2026.32 5770.36 2004.14 5789.33 2061.43 5722.38 2083.60
26071-675-M6-068-10002 0.09115763008594513 6764.39 2132.17 6830.86 2136.28 6825.82 2217.87 6759.35 2213.76
26071-675-M6-068-10002 0.0845714583992958 2934.67 3764.42 2995.57 3755.77 3004.56 3819.05 2943.66 3827.69
26071-675-M6-068-10002 0.07302933186292648 4085.37 5364.35 4147.32 5362.71 4148.99 5425.79 4087.04 5427.43
26071-675-M6-068-10002 0.0682121217250824 877.41 4019.39 915.73 4014.92 922.55 4073.32 884.23 4077.79
26071-675-M6-068-10002 0.06670693308115005 4906.78 2023.73 4965.94 2004.01 4984.17 2058.69 4925.01 2078.42
26071-675-M6-068-10002 0.06574293971061707 2775.56 5358.70 2840.30 5368.18 2830.70 5433.70 2765.96 5424.22
26071-675-M6-068-10002 0.05251481756567955 4622.39 2010.77 4706.79 2003.88 4711.96 2067.26 4627.56 2074.15
26071-750-M6-085-00012 0.11684208363294601 882.63 3727.65 919.79 3711.02 930.82 3735.70 893.67 3752.32
26071-750-M6-085-00012 0.0683126375079155 6465.55 3307.92 6514.10 3305.53 6517.72 3378.80 6469.16 3381.19
26071-750-M6-085-00012 0.06524337083101273 3107.15 3768.31 3151.47 3767.41 3152.09 3798.16 3107.77 3799.05
26071-750-M6-085-00012 0.06393133103847504 7597.05 3884.54 7638.20 3884.63 7638.14 3916.42 7596.99 3916.33
26071-750-M6-085-00012 0.06098872795701027 2790.97 3772.32 2833.54 3768.62 2836.10 3798.08 2793.53 3801.78
26071-750-M6-085-00012 0.05879078060388565 7365.04 4274.23 7428.64 4299.27 7402.18 4366.49 7338.58 4341.46
26071-750-M6-085-00012 0.054009146988391876 5410.49 5093.85 5455.86 5096.13 5454.38 5125.61 5409.01 5123.34
26071-750-M6-085-00012 0.052232567220926285 5094.72 3881.22 5128.13 3882.18 5126.88 3925.83 5093.47 3924.88
26071-750-M6-085-00012 0.0521741546690464 5056.89 5240.56 5099.19 5242.19 5097.92 5275.25 5055.62 5273.62
26071-750-M6-085-00012 0.050666581839323044 7594.14 5095.08 7640.14 5095.45 7639.90 5124.72 7593.90 5124.35
26071-750-M6-085-00012 0.050454262644052505 5340.20 5241.72 5385.68 5244.60 5383.70 5275.84 5338.22 5272.95
26071-200-M6-062-00277 0.0723128467798233 7067.16 2567.04 7104.21 2566.05 7104.78 2587.45 7067.73 2588.44
26071-200-M6-062-00277 0.0690377727150917 7068.94 3986.44 7103.93 3986.86 7103.68 4007.70 7068.70 4007.28
26071-200-M6-062-00277 0.06748945266008377 7068.36 3276.43 7104.91 3276.13 7105.08 3297.16 7068.53 3297.46
26071-200-M6-062-00277 0.06589873135089874 3604.30 1753.32 3627.02 1751.08 3628.86 1769.78 3606.15 1772.02
26071-200-M6-062-00277 0.06559082120656967 7067.45 2922.05 7104.35 2921.18 7104.85 2942.29 7067.94 2943.15
26071-200-M6-062-00277 0.0647071972489357 4556.04 4677.42 4578.77 4683.92 4573.64 4701.83 4550.91 4695.33
26071-200-M6-062-00277 0.06401868164539337 1715.30 3678.68 1734.79 3679.49 1734.05 3697.48 1714.56 3696.67
26071-200-M6-062-00277 0.0630834698677063 1714.74 1788.60 1734.41 1788.05 1734.91 1806.02 1715.24 1806.56
26071-200-M6-062-00277 0.0621502548456192 2424.43 3678.89 2443.52 3679.76 2442.69 3697.79 2423.60 3696.92
26071-200-M6-062-00277 0.06191261112689972 7067.90 2213.14 7104.31 2212.77 7104.52 2233.83 7068.12 2234.21
26071-200-M6-062-00277 0.06054059788584709 7067.92 3631.16 7104.92 3631.01 7105.00 3651.65 7068.01 3651.79
26071-200-M6-062-00277 0.06037317216396332 6088.43 4677.62 6112.82 4683.59 6108.48 4701.32 6084.09 4695.35
26071-200-M6-062-00277 0.060248903930187225 2423.24 1789.13 2443.05 1788.26 2443.84 1806.14 2424.02 1807.01
26071-200-M6-062-00277 0.05944037437438965 2776.04 1826.42 2796.73 1825.83 2797.25 1843.98 2776.55 1844.57
26071-200-M6-062-00277 0.05906972661614418 3131.67 1826.68 3151.84 1826.16 3152.30 1843.92 3132.13 1844.44
26071-200-M6-062-00277 0.05862302705645561 4081.26 4678.97 4104.53 4681.56 4102.50 4699.76 4079.24 4697.18
26071-200-M6-062-00277 0.05663725361227989 2777.85 3679.39 2797.44 3680.23 2796.66 3698.26 2777.07 3697.42
26071-200-M6-062-00277 0.053503286093473434 3609.59 4678.78 3632.73 4681.96 3630.25 4700.07 3607.11 4696.90
26071-200-M6-062-00277 0.052469685673713684 5497.62 4679.23 5521.71 4683.30 5518.64 4701.48 5494.55 4697.42
26071-200-M6-062-00277 0.052265048027038574 2069.78 3679.61 2090.09 3679.85 2089.87 3698.01 2069.56 3697.77
26071-200-M6-062-00277 0.05053462088108063 5024.60 4679.15 5048.91 4683.52 5045.61 4701.86 5021.30 4697.49
26071-600-M6-065-00259 0.10433190315961838 8124.48 4154.98 8149.58 4156.17 8147.32 4203.98 8122.22 4202.80
26071-600-M6-065-00259 0.08532152324914932 5865.40 3705.80 5902.48 3706.47 5902.01 3732.69 5864.92 3732.02
26071-600-M6-065-00259 0.08231858164072037 3475.17 4539.02 3495.12 4536.56 3499.41 4571.34 3479.46 4573.80
26071-600-M6-065-00259 0.0800582692027092 7677.59 4431.75 7707.77 4432.48 7706.78 4473.36 7676.60 4472.63
26071-600-M6-065-00259 0.07849826663732529 7675.96 5518.53 7706.74 5518.12 7707.34 5562.59 7676.56 5563.00
26071-600-M6-065-00259 0.06164552643895149 7077.53 4777.78 7097.60 4775.17 7101.95 4808.69 7081.88 4811.30
26071-200-M6-052-00544 0.1190129816532135 3815.80 4148.05 3861.03 4147.22 3861.66 4181.38 3816.43 4182.22
26071-200-M6-052-00544 0.08944448828697205 4531.75 4149.84 4576.14 4148.89 4576.80 4179.89 4532.41 4180.83
26071-200-M6-052-00544 0.08406051248311996 3165.19 4150.18 3209.20 4150.65 3208.87 4181.10 3164.86 4180.63
26071-200-M6-052-00544 0.07186821848154068 4192.57 4689.18 4222.82 4690.24 4221.24 4735.15 4190.99 4734.08
26071-200-M6-052-00544 0.06826707720756531 4636.88 4148.82 4682.54 4148.05 4683.07 4179.88 4637.42 4180.65
26071-200-M6-052-00544 0.05083022639155388 2991.25 4151.35 3035.77 4149.52 3037.04 4180.35 2992.52 4182.17
26071-600-M6-066-00003 0.9923466444015503 3630.32 5402.73 3665.24 5410.34 3657.65 5445.19 3622.73 5437.59
26071-600-M6-066-00003 0.9893200397491455 2402.02 5206.25 2437.47 5210.18 2433.50 5245.98 2398.05 5242.05
26071-600-M6-066-00003 0.13739219307899475 2482.44 4948.50 2513.20 4950.65 2510.07 4995.42 2479.31 4993.27
26071-600-M6-066-00003 0.09728414565324783 3594.59 5456.62 3622.21 5459.90 3616.84 5505.26 3589.21 5501.98
26071-600-M6-066-00003 0.0792781338095665 2212.95 4783.62 2243.54 4783.96 2243.03 4828.34 2212.45 4827.99
26071-600-M6-066-00003 0.06450352817773819 4818.09 2150.02 4849.04 2151.32 4847.19 2195.27 4816.25 2193.98
26071-750-M6-085-00309 0.056155696511268616 3024.71 3591.81 3064.15 3591.88 3064.10 3620.91 3024.66 3620.84
