26071-200-M6-052-00001 0.9941285848617554 3675.29 4001.14 3804.35 4001.06 3804.38 4033.60 3675.31 4033.69
26071-200-M6-052-00001 0.9938136339187622 3674.56 5448.92 3804.33 5449.02 3804.31 5480.98 3674.53 5480.88
26071-200-M6-052-00001 0.9931684732437134 3165.69 3316.14 3295.27 3317.24 3295.00 3349.24 3165.42 3348.14
26071-200-M6-052-00001 0.9921934008598328 3081.20 3596.73 3210.30 3595.26 3210.67 3627.39 3081.57 3628.87
26071-200-M6-052-00001 0.2286434918642044 3166.02 3347.64 3190.24 3332.75 3217.40 3376.93 3193.19 3391.82
26071-200-M6-052-00001 0.12818019092082977 3780.21 5402.21 3807.59 5416.50 3779.41 5470.54 3752.02 5456.26
26071-200-M6-052-00001 0.07900328934192657 3758.64 4025.37 3792.51 4020.85 3800.35 4079.57 3766.48 4084.09
26071-200-M6-052-00001 0.05546218156814575 7741.67 1616.65 8279.26 1609.54 8279.87 1655.45 7742.28 1662.57
26071-500-M6-059-00017 0.07787793129682541 3771.42 3900.53 3779.23 3901.15 3777.84 3918.64 3770.03 3918.02
26071-500-M6-059-00017 0.0508381687104702 606.63 522.12 1040.09 531.29 1039.08 579.10 605.62 569.93
26071-600-M6-066-00012 0.9961203336715698 6039.05 3740.02 6163.64 3743.67 6162.69 3775.86 6038.11 3772.20
26071-600-M6-066-00012 0.9954900145530701 3791.19 3738.01 3920.50 3735.30 3921.17 3767.48 3791.86 3770.20
26071-600-M6-066-00012 0.994962215423584 6033.50 2267.52 6162.47 2266.24 6162.79 2298.41 6033.82 2299.69
26071-600-M6-066-00012 0.993804931640625 2845.78 3736.31 2975.62 3736.32 2975.62 3768.46 2845.78 3768.44
26071-600-M6-066-00012 0.993689775466919 4145.40 3738.21 4274.54 3736.00 4275.09 3768.35 4145.96 3770.56
26071-600-M6-066-00012 0.9930742979049683 1855.89 3365.63 1887.06 3366.14 1884.92 3497.53 1853.74 3497.02
26071-600-M6-066-00012 0.9913116693496704 4499.84 2467.39 4630.32 2466.93 4630.44 2499.09 4499.95 2499.55
26071-600-M6-066-00012 0.9911879301071167 3081.95 3737.50 3211.64 3736.20 3211.96 3768.46 3082.27 3769.75
26071-600-M6-066-00012 0.17903897166252136 4202.61 3663.32 4296.98 3661.09 4298.08 3707.60 4203.71 3709.83
26071-600-M6-066-00012 0.1684238612651825 6121.04 2181.96 6168.07 2184.66 6162.62 2279.39 6115.59 2276.68
26071-600-M6-066-00012 0.1497768759727478 3138.73 3662.77 3233.76 3660.80 3234.74 3708.03 3139.71 3710.00
26071-600-M6-066-00012 0.08191216737031937 5317.80 2465.70 5458.55 2466.11 5458.45 2498.59 5317.71 2498.18
26071-600-M6-066-00012 0.07608453184366226 4582.75 2500.41 4628.42 2494.91 4632.25 2526.76 4586.59 2532.26
26071-600-M6-066-00012 0.05819616839289665 345.39 5518.31 905.03 5521.43 904.76 5569.79 345.12 5566.66
26071-600-M6-066-00012 0.05066293478012085 356.04 1030.33 909.49 1034.13 909.14 1085.21 355.69 1081.41
26071-200-M6-052-00539 0.9931058287620544 2136.04 3152.46 2265.06 3150.03 2265.67 3182.78 2136.66 3185.20
26071-200-M6-052-00539 0.9923505187034607 3767.11 5604.38 3895.60 5601.49 3896.32 5633.88 3767.84 5636.76
26071-200-M6-052-00539 0.9921100735664368 2139.15 4599.52 2269.12 4599.87 2269.03 4632.24 2139.06 4631.89
26071-200-M6-052-00539 0.9892891645431519 1945.43 3839.63 1977.62 3838.98 1980.17 3964.52 1947.98 3965.18
26071-200-M6-052-00539 0.28687378764152527 2193.74 4519.20 2294.38 4529.82 2289.51 4576.01 2188.86 4565.39
26071-200-M6-052-00539 0.08129215240478516 3669.85 1903.74 3718.40 1903.49 3719.79 2168.92 3671.24 2169.17
26071-200-M6-052-00539 0.0753559023141861 2250.35 2821.97 2296.48 2820.51 2305.20 3095.97 2259.07 3097.43
26071-200-M6-052-00539 0.06746936589479446 2606.17 1903.50 2654.12 1902.88 2657.51 2167.15 2609.56 2167.77
26071-200-M6-052-00539 0.05205037444829941 5385.79 4939.28 5872.70 4951.36 5871.55 4997.65 5384.64 4985.58
26071-500-M6-059-00248 0.6324687600135803 5070.85 4659.15 5194.47 4656.61 5195.15 4689.44 5071.52 4691.98
26071-500-M6-059-00248 0.06767212599515915 3798.17 3575.73 3846.49 3578.97 3829.14 3837.77 3780.83 3834.53
26071-203-M6-325-00012 0.9947357773780823 1585.54 4958.34 1617.98 4957.18 1622.66 5088.10 1590.21 5089.26
26071-203-M6-325-00012 0.9938043355941772 1583.82 5651.42 1616.64 5649.51 1624.12 5777.76 1591.30 5779.68
26071-203-M6-325-00012 0.9934535026550293 1705.94 3638.29 1738.63 3637.22 1742.90 3767.58 1710.22 3768.65
26071-203-M6-325-00012 0.9924477338790894 1584.41 2319.52 1617.23 2317.82 1623.97 2447.59 1591.14 2449.29
26071-203-M6-325-00012 0.9923474788665771 1586.94 4266.96 1619.37 4266.35 1621.83 4397.42 1589.40 4398.03
26071-203-M6-325-00012 0.9914528131484985 1585.97 2949.65 1618.69 2948.70 1622.47 3078.70 1589.75 3079.65
26071-203-M6-325-00012 0.9886360168457031 1586.51 1387.94 1618.57 1387.19 1621.60 1516.39 1589.54 1517.14
26071-203-M6-325-00012 0.16225972771644592 1625.76 3722.22 1718.79 3722.05 1718.88 3768.99 1625.84 3769.16
26071-203-M6-325-00012 0.10334289073944092 1503.66 1472.82 1596.63 1471.66 1597.22 1518.88 1504.25 1520.04
26071-203-M6-325-00012 0.08197475969791412 1502.53 4351.43 1597.81 4352.49 1597.30 4398.72 1502.02 4397.67
26071-203-M6-325-00012 0.050423700362443924 3344.17 1659.37 3373.34 1659.62 3372.94 1705.51 3343.77 1705.25
26071-700-M6-054-00246 0.99078768491745 4451.22 4339.77 4581.19 4339.16 4581.34 4371.31 4451.37 4371.92
26071-700-M6-054-00246 0.9694887399673462 4259.97 3484.17 4292.25 3483.46 4295.16 3614.15 4262.87 3614.87
26071-700-M6-054-00246 0.37865835428237915 4325.09 4506.97 4417.63 4512.33 4414.94 4558.75 4322.40 4553.38
26071-700-M6-054-00246 0.2594674229621887 4182.24 3563.11 4273.78 3571.78 4269.31 3619.03 4177.76 3610.36
26071-700-M6-054-00246 0.2363509088754654 4303.40 4426.61 4335.04 4426.67 4334.79 4559.92 4303.15 4559.86
26071-700-M6-054-00246 0.1214522272348404 4557.58 4295.91 4584.04 4308.29 4563.20 4352.85 4536.74 4340.48
26071-700-M6-054-00246 0.07569397240877151 3938.47 2980.61 3987.39 2979.32 3994.45 3247.90 3945.54 3249.19
26071-700-M6-054-00246 0.0545150488615036 3553.22 4421.71 3773.19 4424.52 3772.58 4472.50 3552.60 4469.69
26071-700-M6-054-00246 0.05346717685461044 2958.82 4423.78 3187.22 4421.65 3187.67 4469.95 2959.27 4472.08
26071-700-M6-054-00246 0.05304231494665146 4700.36 2894.32 4749.23 2895.23 4747.56 2985.52 4698.70 2984.61
26071-700-M6-054-00246 0.05111897736787796 4467.34 3804.03 4683.50 3801.25 4684.12 3849.07 4467.96 3851.85
26071-500-M6-059-00040 0.9885441660881042 5406.58 2775.10 5439.28 2775.23 5438.78 2901.35 5406.07 2901.22
26071-500-M6-059-00040 0.983906626701355 5877.46 3719.88 5909.43 3720.27 5907.84 3849.51 5875.87 3849.11
26071-500-M6-059-00040 0.08955280482769012 5872.15 2854.54 5905.84 2851.79 5911.09 2916.06 5877.41 2918.81
26071-500-M6-059-00040 0.06835280358791351 5425.92 2849.75 5463.66 2843.66 5472.89 2900.82 5435.14 2906.91
26071-500-M6-059-00040 0.06425987184047699 3777.00 2860.96 3804.77 2861.44 3804.02 2905.59 3776.25 2905.11
26071-500-M6-059-00040 0.056255266070365906 3746.64 2579.38 3761.31 2579.54 3761.24 2586.20 3746.56 2586.04
26071-500-M6-059-00040 0.05610461160540581 6463.19 4028.04 6508.01 4020.03 6524.26 4111.07 6479.45 4119.07
26071-203-M6-333-00010 0.05527755245566368 2405.92 5228.12 2633.32 5231.56 2632.55 5282.45 2405.15 5279.01
26071-203-M6-333-00010 0.05065850168466568 3124.01 3724.40 3171.18 3724.29 3171.82 4002.04 3124.65 4002.14
26071-203-M6-333-00010 0.05035208538174629 2497.07 3719.17 2544.84 3720.12 2539.27 4002.24 2491.50 4001.30
26071-750-M6-085-00286 0.9919930696487427 5268.35 2329.49 5396.60 2326.09 5397.45 2358.23 5269.20 2361.63
26071-750-M6-085-00286 0.9917863011360168 6093.39 2325.65 6224.33 2327.43 6223.89 2359.94 6092.95 2358.16
26071-750-M6-085-00286 0.1438465118408203 5350.66 2244.14 5397.68 2244.86 5396.26 2337.24 5349.24 2336.52
26071-750-M6-085-00286 0.13296277821063995 6181.66 2245.67 6229.26 2248.77 6223.25 2340.88 6175.65 2337.78
26071-550-M6-084-00248 0.9912137389183044 4582.80 4185.75 4714.40 4186.69 4714.17 4218.42 4582.57 4217.48
26071-550-M6-084-00248 0.9903196096420288 5067.84 3906.40 5199.21 3908.23 5198.77 3940.07 5067.39 3938.25
26071-550-M6-084-00248 0.15499769151210785 5160.74 3924.31 5202.79 3951.69 5185.17 3978.75 5143.12 3951.36
26071-550-M6-084-00248 0.07083022594451904 2174.88 4963.65 2277.72 4954.49 2282.01 5002.67 2179.17 5011.83
26071-550-M6-084-00248 0.06437084078788757 3798.22 3103.91 3846.52 3107.17 3829.07 3365.93 3780.77 3362.67
26071-550-M6-084-00248 0.05779346078634262 1773.89 2385.41 1881.10 2398.37 1876.98 2432.44 1769.78 2419.49
26071-203-M6-332-00008 0.053467463701963425 3103.23 2641.53 3202.60 2644.13 3201.79 2675.20 3102.41 2672.61
26071-200-M6-052-00080 0.9977758526802063 3400.75 3705.75 3531.07 3706.08 3530.99 3738.04 3400.67 3737.71
26071-200-M6-052-00080 0.9970343112945557 6826.90 3705.59 6956.75 3705.99 6956.65 3738.00 6826.80 3737.61
26071-200-M6-052-00080 0.9949676394462585 2727.50 4093.77 2860.50 4091.82 2860.96 4123.29 2727.96 4125.24
26071-200-M6-052-00080 0.9939477443695068 2866.82 4090.78 2998.72 4092.20 2998.37 4124.40 2866.47 4122.98
26071-200-M6-052-00080 0.9936823844909668 6601.72 3706.50 6732.48 3705.44 6732.74 3737.69 6601.98 3738.75
26071-200-M6-052-00080 0.9935417175292969 6624.66 4093.62 6756.68 4089.62 6757.65 4121.79 6625.64 4125.78
26071-200-M6-052-00080 0.9935033917427063 3201.86 4091.21 3330.48 4092.08 3330.26 4124.43 3201.64 4123.56
26071-200-M6-052-00080 0.9930955767631531 3176.40 3706.42 3307.67 3705.17 3307.98 3737.24 3176.71 3738.48
26071-200-M6-052-00080 0.9928567409515381 6291.95 4090.57 6427.09 4092.44 6426.65 4124.15 6291.51 4122.28
26071-200-M6-052-00080 0.9921702742576599 6148.40 4095.67 6285.13 4090.91 6286.22 4122.13 6149.49 4126.88
26071-200-M6-052-00080 0.23919208347797394 6838.33 3723.32 6870.60 3724.08 6869.18 3784.63 6836.91 3783.87
26071-200-M6-052-00080 0.22576206922531128 3401.48 3734.72 3428.92 3719.29 3457.64 3770.35 3430.20 3785.78
26071-200-M6-052-00080 0.17482687532901764 2956.58 4054.70 2987.14 4050.56 2994.32 4103.46 2963.76 4107.61
26071-200-M6-052-00080 0.1451924443244934 6377.70 4059.17 6406.37 4047.62 6425.72 4095.66 6397.05 4107.21
26071-200-M6-052-00080 0.13591499626636505 2811.91 4135.17 2855.81 4135.77 2854.53 4230.89 2810.63 4230.29
26071-200-M6-052-00080 0.07912282645702362 6695.78 3726.34 6725.73 3727.35 6723.62 3789.88 6693.67 3788.86
26071-200-M6-052-00080 0.07702109962701797 6711.38 4054.17 6759.61 4071.75 6748.35 4102.64 6700.12 4085.07
26071-200-M6-052-00080 0.0709911659359932 6238.53 4134.75 6281.56 4135.59 6279.68 4231.31 6236.66 4230.46
26071-200-M6-052-00080 0.05469826981425285 2199.32 6485.46 2219.11 6486.40 2218.72 6494.46 2198.94 6493.52
26071-200-M6-052-00080 0.05195646360516548 7743.75 1034.31 8261.77 1025.95 8262.54 1073.66 7744.52 1082.02
26071-200-M6-052-00080 0.05029671639204025 252.47 1031.43 779.05 1028.01 779.37 1076.22 252.78 1079.64
26071-203-M6-321-00604 0.06161874160170555 2444.32 5382.36 2492.47 5383.36 2481.06 5931.74 2432.91 5930.74
26071-203-M6-321-00604 0.0615556426346302 4654.85 581.99 4703.97 581.62 4706.36 890.73 4657.24 891.11
26071-203-M6-321-00604 0.06005525961518288 2199.32 5388.17 2248.74 5387.98 2250.86 5937.75 2201.45 5937.94
26071-203-M6-321-00604 0.053014982491731644 1957.96 5387.80 2006.79 5387.20 2013.63 5940.00 1964.80 5940.60
26071-300-M6-053-00309 0.9928184747695923 5720.33 3364.98 5753.32 3366.19 5748.62 3494.61 5715.63 3493.41
26071-300-M6-053-00309 0.992119312286377 4972.98 4135.35 5101.31 4133.95 5101.67 4166.49 4973.33 4167.89
26071-300-M6-053-00309 0.9907812476158142 6429.76 4666.55 6462.70 4668.06 6456.81 4796.77 6423.86 4795.26
26071-300-M6-053-00309 0.274875283241272 5747.46 3444.50 5834.50 3452.70 5830.15 3498.92 5743.10 3490.72
26071-300-M6-053-00309 0.15372413396835327 6448.44 4746.60 6541.35 4747.33 6540.99 4794.30 6448.08 4793.58
26071-300-M6-053-00309 0.0851113498210907 5046.40 4058.68 5093.07 4051.70 5106.51 4141.54 5059.84 4148.52
26071-300-M6-053-00309 0.05347336456179619 5997.57 1615.46 6042.25 1618.99 6040.94 1635.47 5996.27 1631.93
26071-450-M6-082-00009 0.998536229133606 2489.00 4404.46 2618.25 4402.33 2618.78 4434.57 2489.53 4436.70
26071-450-M6-082-00009 0.9926484227180481 2490.89 2489.89 2622.04 2489.49 2622.14 2521.43 2490.99 2521.84
26071-450-M6-082-00009 0.991534948348999 6673.64 2300.61 6704.98 2301.50 6701.20 2435.17 6669.86 2434.29
26071-450-M6-082-00009 0.9908652901649475 2494.27 2766.66 2625.13 2769.06 2624.53 2801.58 2493.67 2799.18
26071-450-M6-082-00009 0.9859853982925415 3598.99 5196.84 3630.58 5195.86 3634.44 5320.99 3602.85 5321.97
26071-450-M6-082-00009 0.9844787120819092 3878.30 5289.34 3910.04 5289.68 3908.65 5420.34 3876.91 5420.00
26071-450-M6-082-00009 0.9823351502418518 3879.34 5101.65 3911.46 5101.92 3910.39 5231.66 3878.27 5231.39
26071-450-M6-082-00009 0.9805488586425781 3599.54 4488.05 3632.18 4487.94 3632.59 4611.97 3599.96 4612.08
26071-450-M6-082-00009 0.9791802763938904 3879.82 4896.70 3913.21 4897.61 3909.62 5029.08 3876.23 5028.17
26071-450-M6-082-00009 0.2486666440963745 2600.43 2726.91 2625.80 2743.01 2599.96 2783.74 2574.59 2767.64
26071-450-M6-082-00009 0.15054574608802795 6694.98 2379.33 6786.18 2390.15 6780.71 2436.23 6689.51 2425.41
26071-450-M6-082-00009 0.13043272495269775 2389.74 4131.62 2422.10 4130.86 2425.27 4265.42 2392.90 4266.18
26071-450-M6-082-00009 0.10224690288305283 2368.63 2577.17 2381.16 2583.85 2378.23 2589.36 2365.69 2582.68
26071-450-M6-082-00009 0.09775648266077042 2567.67 4427.56 2612.87 4419.77 2629.00 4513.38 2583.80 4521.17
26071-450-M6-082-00009 0.09167594462633133 2401.14 2704.00 2417.54 2703.32 2417.88 2711.55 2401.48 2712.23
26071-450-M6-082-00009 0.08404303342103958 6329.64 2576.12 6456.74 2572.37 6457.68 2604.33 6330.58 2608.08
26071-450-M6-082-00009 0.07736632972955704 2397.88 2579.96 2404.73 2574.10 2417.43 2588.93 2410.58 2594.80
26071-450-M6-082-00009 0.07187248021364212 2567.19 2539.23 2610.29 2507.28 2627.05 2529.89 2583.94 2561.83
26071-450-M6-082-00009 0.0717860609292984 3407.52 1375.94 3441.69 1376.65 3441.11 1404.64 3406.93 1403.93
26071-450-M6-082-00009 0.06595934182405472 3432.50 4266.61 3481.52 4266.33 3483.04 4531.62 3434.02 4531.90
26071-450-M6-082-00009 0.059578560292720795 3273.68 1037.73 3618.32 1037.95 3618.29 1087.00 3273.65 1086.78
26071-450-M6-082-00009 0.05388521030545235 1926.09 2874.55 1973.15 2874.62 1973.12 2892.47 1926.07 2892.41
26071-450-M6-082-00009 0.05260275676846504 3349.06 1968.10 3397.32 1967.05 3402.93 2226.98 3354.67 2228.03
26071-450-M6-082-00009 0.051442891359329224 7664.05 5226.98 8164.70 5256.54 8161.65 5308.33 7660.99 5278.77
26071-450-M6-082-00009 0.051342107355594635 5068.18 6207.00 5085.34 6206.93 5085.55 6255.22 5068.39 6255.30
26071-200-M6-052-00552 0.07062996923923492 4039.59 1825.64 4087.95 1826.66 4082.31 2094.04 4033.95 2093.02
26071-200-M6-052-00552 0.052425868809223175 4907.05 3277.14 5016.88 3273.87 5018.40 3325.14 4908.58 3328.41
26071-750-M6-085-00007 0.9939700365066528 5209.32 5712.92 5337.76 5711.86 5338.03 5744.05 5209.59 5745.11
26071-750-M6-085-00007 0.2753048241138458 1791.38 2797.58 2068.16 2795.79 2068.48 2846.20 1791.70 2847.99
26071-750-M6-085-00007 0.12088299542665482 2536.84 2616.06 2586.55 2614.30 2587.63 2644.85 2537.92 2646.61
26071-750-M6-085-00007 0.09929699450731277 1262.06 2794.94 1473.04 2803.73 1470.94 2854.14 1259.96 2845.35
26071-750-M6-085-00007 0.0915815681219101 5685.78 5390.21 5811.90 5392.20 5811.38 5425.23 5685.26 5423.24
26071-750-M6-085-00007 0.08585920184850693 5763.07 5310.03 5811.14 5309.74 5811.70 5402.14 5763.62 5402.43
26071-750-M6-085-00007 0.08422964066267014 2934.05 1642.30 2967.48 1641.66 2969.09 1725.22 2935.66 1725.86
26071-750-M6-085-00007 0.06766340881586075 4965.84 4747.97 4997.36 4748.17 4997.00 4802.88 4965.48 4802.67
26071-750-M6-085-00007 0.06517654657363892 2944.12 2795.36 3134.23 2799.06 3133.26 2849.18 2943.15 2845.48
26071-750-M6-085-00007 0.06210578978061676 5842.59 1933.91 6208.47 1941.76 6207.38 1992.65 5841.50 1984.79
26071-750-M6-085-00007 0.05995539575815201 2537.88 2762.28 2584.27 2758.50 2586.80 2789.52 2540.41 2793.31
26071-750-M6-085-00007 0.055767133831977844 5784.41 2571.46 5906.07 2568.45 5906.88 2601.05 5785.22 2604.06
26071-750-M6-085-00007 0.05249578878283501 3372.24 2797.25 3540.08 2797.03 3540.15 2845.36 3372.30 2845.58
26071-750-M6-085-00007 0.05209698528051376 1384.67 3059.23 1398.77 3058.78 1399.00 3065.82 1384.90 3066.27
26071-750-M6-085-00007 0.05078716203570366 5841.38 3251.71 5887.40 3249.81 5898.67 3523.68 5852.65 3525.57
26071-203-M6-064-00271 0.06712367385625839 6404.58 3475.64 6518.10 3474.62 6518.56 3525.20 6405.03 3526.22
26071-203-M6-337-00031 0.9917138814926147 6950.68 3342.54 6981.71 3342.62 6981.41 3471.53 6950.37 3471.46
26071-203-M6-337-00031 0.9906045794487 6945.39 3609.91 6977.16 3607.52 6986.83 3736.03 6955.07 3738.42
26071-203-M6-337-00031 0.9882928729057312 6742.77 6249.28 6775.67 6250.69 6770.33 6375.07 6737.43 6373.65
26071-203-M6-337-00031 0.14313273131847382 1671.37 5373.26 1702.31 5375.30 1695.69 5475.80 1664.75 5473.76
26071-203-M6-337-00031 0.09652647376060486 6949.75 5194.71 6981.07 5194.11 6983.06 5297.76 6951.74 5298.36
26071-203-M6-337-00031 0.0866251066327095 2088.47 5745.82 2195.06 5748.82 2194.17 5780.30 2087.58 5777.29
26071-203-M6-337-00031 0.06915795803070068 1670.63 2878.98 1702.88 2881.96 1692.95 2989.33 1660.70 2986.35
26071-203-M6-337-00031 0.05701576918363571 1662.54 2541.20 1694.03 2536.52 1708.50 2633.98 1677.01 2638.66
26071-203-M6-337-00031 0.05691077932715416 1668.19 4262.42 1700.46 4264.00 1695.17 4372.31 1662.90 4370.73
26071-203-M6-337-00031 0.05372307449579239 6910.30 3450.09 6941.64 3449.26 6942.91 3497.34 6911.57 3498.16
26071-203-M6-337-00031 0.05215189605951309 1661.69 4717.00 1693.47 4716.30 1695.71 4816.74 1663.92 4817.45
26071-203-M6-337-00031 0.0502745620906353 255.76 2544.45 755.55 2547.06 755.29 2595.17 255.51 2592.55
26071-203-M6-332-00001 0.059361424297094345 7703.25 5528.56 8256.92 5522.40 8257.48 5572.36 7703.81 5578.52
26071-203-M6-332-00001 0.053907930850982666 269.59 2518.86 821.90 2536.51 820.41 2583.32 268.10 2565.68
26071-203-M6-079-00001 0.9941890239715576 2478.06 5846.60 2509.89 5846.45 2510.51 5976.32 2478.68 5976.47
26071-203-M6-079-00001 0.989618718624115 2479.10 1948.63 2511.05 1949.13 2509.01 2080.73 2477.06 2080.23
26071-203-M6-079-00001 0.9884113073348999 2568.59 4903.66 2601.05 4903.71 2600.85 5032.59 2568.40 5032.54
26071-203-M6-079-00001 0.2341601699590683 2570.39 3867.96 2601.52 3868.62 2599.19 3978.10 2568.05 3977.43
26071-203-M6-079-00001 0.09557409584522247 2487.64 4979.10 2579.42 4989.24 2574.24 5036.09 2482.47 5025.95
26071-203-M6-079-00001 0.08534049987792969 2526.68 2276.38 2656.25 2272.91 2657.10 2304.76 2527.53 2308.23
26071-203-M6-079-00001 0.08501323312520981 2394.77 5931.99 2487.53 5926.72 2490.17 5973.21 2397.41 5978.48
26071-203-M6-079-00001 0.08180417120456696 2726.82 2575.54 2858.33 2573.44 2858.85 2605.75 2727.33 2607.85
26071-203-M6-079-00001 0.0804208517074585 2850.10 6165.13 2983.12 6160.11 2984.35 6192.85 2851.34 6197.87
26071-203-M6-079-00001 0.06924720108509064 2393.98 2035.31 2486.46 2026.34 2490.96 2072.78 2398.49 2081.75
26071-203-M6-079-00001 0.06915518641471863 2720.98 2234.74 2984.45 2238.63 2983.69 2290.00 2720.22 2286.11
26071-203-M6-079-00001 0.06848298758268356 2807.69 2496.09 2855.61 2493.69 2860.32 2587.96 2812.40 2590.35
26071-203-M6-079-00001 0.0628383457660675 2477.09 2922.75 2509.39 2921.86 2512.23 3025.18 2479.94 3026.07
26071-203-M6-079-00001 0.058727480471134186 3498.76 5867.81 3591.15 5864.31 3592.37 5896.59 3499.99 5900.09
26071-203-M6-079-00001 0.0574951134622097 3850.60 5868.93 3944.94 5862.54 3947.11 5894.51 3852.76 5900.90
26071-203-M6-079-00001 0.054026126861572266 2599.36 4165.30 2728.74 4169.99 2727.56 4202.42 2598.18 4197.73
26071-200-M6-052-00150 0.9962924122810364 6471.97 5576.63 6601.42 5573.87 6602.11 5606.16 6472.66 5608.92
26071-200-M6-052-00150 0.9962329268455505 5409.04 5576.76 5538.72 5574.46 5539.29 5606.75 5409.61 5609.05
26071-200-M6-052-00150 0.9960041642189026 5171.94 5576.82 5302.18 5574.37 5302.79 5606.85 5172.55 5609.29
26071-200-M6-052-00150 0.9958723187446594 4109.59 5575.77 4240.19 5574.71 4240.45 5607.24 4109.86 5608.30
26071-200-M6-052-00150 0.8956266045570374 2700.07 1243.24 2732.43 1243.39 2731.83 1370.89 2699.48 1370.74
26071-200-M6-052-00150 0.26423531770706177 6477.50 5492.05 6524.20 5496.90 6515.08 5584.78 6468.37 5579.93
26071-200-M6-052-00150 0.22983796894550323 5414.06 5490.88 5459.58 5492.67 5455.93 5585.28 5410.41 5583.48
26071-200-M6-052-00150 0.20933370292186737 4112.24 5491.49 4159.82 5495.44 4152.50 5583.71 4104.92 5579.77
26071-200-M6-052-00150 0.19584283232688904 4470.10 3038.43 4502.43 3037.68 4504.82 3140.89 4472.49 3141.64
26071-200-M6-052-00150 0.17440681159496307 5177.26 5490.13 5223.26 5492.66 5218.25 5583.83 5172.25 5581.30
26071-200-M6-052-00150 0.10250168293714523 2970.47 2611.08 3225.58 2607.40 3226.64 2680.44 2971.53 2684.12
26071-200-M6-052-00150 0.074602872133255 2812.06 1323.35 2905.55 1321.81 2906.33 1369.22 2812.84 1370.77
26071-200-M6-052-00150 0.07072942703962326 2580.24 3040.60 2613.94 3039.34 2617.81 3143.06 2584.12 3144.32
26071-200-M6-052-00150 0.05417798087000847 2751.62 1351.98 2801.69 1358.56 2795.39 1406.48 2745.32 1399.90
26071-200-M6-052-00003 0.9904404878616333 3202.52 3827.48 3332.50 3828.06 3332.36 3860.53 3202.38 3859.96
26071-200-M6-052-00003 0.9890157580375671 4193.25 5098.84 4323.16 5098.03 4323.37 5130.31 4193.46 5131.12
26071-200-M6-052-00003 0.1507359743118286 4249.39 5018.53 4345.63 5015.37 4347.17 5062.53 4250.93 5065.69
26071-200-M6-052-00003 0.11436343193054199 4530.87 4657.17 4628.77 4656.78 4628.90 4688.68 4530.99 4689.07
26071-200-M6-052-00003 0.11178233474493027 5840.44 4486.65 5874.54 4487.37 5872.52 4582.76 5838.43 4582.04
26071-200-M6-052-00003 0.08568310737609863 3463.75 3857.61 3512.50 3858.34 3512.02 3889.87 3463.27 3889.13
26071-200-M6-052-00003 0.05527974292635918 7726.39 899.81 8251.17 904.62 8250.72 953.76 7725.94 948.95
26071-200-M6-052-00003 0.05223076045513153 3699.69 5188.58 3811.18 5188.18 3811.37 5239.10 3699.87 5239.51
26071-203-M6-321-00225 0.060431141406297684 7692.84 3725.21 8232.32 3725.72 8232.27 3775.06 7692.80 3774.55
26071-700-M6-054-00036 0.9918065071105957 4559.66 3756.14 4692.26 3758.33 4691.75 3789.78 4559.15 3787.60
26071-700-M6-054-00036 0.9900856018066406 3968.85 3713.43 4097.22 3712.53 4097.45 3744.74 3969.08 3745.65
26071-700-M6-054-00036 0.9889214038848877 3533.17 3956.70 3565.94 3956.96 3564.91 4086.38 3532.13 4086.11
26071-700-M6-054-00036 0.17090730369091034 4062.19 3672.20 4107.28 3697.61 4090.20 3727.92 4045.11 3702.51
26071-700-M6-054-00036 0.0651206374168396 4641.93 3781.81 4689.09 3783.35 4686.12 3874.72 4638.96 3873.19
26071-700-M6-054-00036 0.06154219061136246 4115.65 2509.59 4163.93 2508.08 4172.12 2769.50 4123.84 2771.01
26071-700-M6-054-00036 0.05987989529967308 4352.29 2509.00 4400.63 2507.69 4407.75 2769.25 4359.40 2770.56
26071-203-M6-320-00044 0.06667030602693558 1713.58 3106.37 1939.26 3108.36 1938.83 3157.30 1713.15 3155.31
26071-203-M6-320-00044 0.06350962817668915 3880.20 3109.75 4104.02 3107.17 4104.59 3156.84 3880.77 3159.42
26071-203-M6-320-00044 0.0554201602935791 2679.62 3111.44 2904.68 3104.90 2906.13 3154.60 2681.06 3161.15
26071-203-M6-320-00044 0.05002754181623459 3640.98 3108.98 3849.13 3109.70 3848.97 3155.90 3640.81 3155.17
26071-600-M6-065-00231 0.9930103421211243 3378.19 5682.51 3509.63 5684.14 3509.23 5716.25 3377.79 5714.62
26071-600-M6-065-00231 0.9915566444396973 3103.55 4071.46 3135.59 4071.08 3137.19 4204.96 3105.14 4205.34
26071-600-M6-065-00231 0.9866900444030762 3829.82 4252.85 3862.89 4252.11 3865.76 4380.92 3832.70 4381.66
26071-600-M6-065-00231 0.9834893941879272 3101.20 4383.18 3133.87 4382.01 3138.45 4510.05 3105.78 4511.22
26071-600-M6-065-00231 0.9710991382598877 3830.83 5219.85 3863.59 5220.21 3862.18 5350.41 3829.42 5350.06
26071-600-M6-065-00231 0.24885012209415436 6591.42 3496.29 6871.99 3494.75 6872.25 3542.76 6591.68 3544.29
26071-600-M6-065-00231 0.14086896181106567 3459.52 5602.32 3500.26 5603.61 3498.06 5672.76 3457.32 5671.46
26071-600-M6-065-00231 0.10220546275377274 3408.79 3471.63 3513.29 3469.87 3513.83 3501.64 3409.33 3503.40
26071-600-M6-065-00231 0.09081330895423889 7155.97 3495.19 7393.33 3498.56 7392.65 3546.20 7155.29 3542.83
26071-600-M6-065-00231 0.06277262419462204 4825.16 1288.85 4873.83 1287.49 4881.39 1557.83 4832.72 1559.18
26071-600-M6-065-00231 0.059068381786346436 4304.20 2082.73 4353.35 2081.20 4361.63 2346.71 4312.48 2348.24
26071-600-M6-065-00231 0.056453920900821686 3763.56 1293.92 3811.75 1292.69 3818.46 1553.76 3770.26 1555.00
26071-600-M6-065-00231 0.054118990898132324 6480.35 3297.29 6506.74 3306.71 6489.57 3354.80 6463.18 3345.38
26071-600-M6-065-00231 0.05319349840283394 3409.72 2743.56 3457.95 2743.05 3460.78 3009.42 3412.55 3009.93
26071-600-M6-065-00231 0.051992230117321014 6467.18 3451.85 6497.00 3446.81 6505.68 3498.13 6475.86 3503.18
26071-600-M6-065-00231 0.050995878875255585 4204.97 1878.94 4222.04 1880.16 4218.68 1926.93 4201.61 1925.71
26071-500-M6-059-00071 0.061462901532649994 2526.08 2609.82 2574.20 2609.59 2575.43 2878.41 2527.32 2878.63
26071-500-M6-059-00071 0.05581895262002945 2973.74 3335.88 3021.19 3336.23 3019.23 3596.29 2971.79 3595.93
26071-203-M6-320-00008 0.9950793981552124 3408.44 4058.53 3440.93 4057.78 3443.94 4187.13 3411.44 4187.89
26071-203-M6-320-00008 0.9923626184463501 5825.41 3968.36 5858.17 3968.60 5857.21 4098.72 5824.45 4098.47
26071-203-M6-320-00008 0.9922135472297668 3921.56 4057.05 3952.82 4057.18 3952.25 4187.70 3921.00 4187.56
26071-203-M6-320-00008 0.9907162189483643 1579.86 4148.47 1611.38 4148.04 1613.15 4276.33 1581.63 4276.77
26071-203-M6-320-00008 0.186141699552536 5873.11 5069.66 5904.92 5069.87 5904.11 5194.74 5872.30 5194.53
26071-203-M6-320-00008 0.17631089687347412 3837.84 4144.79 3927.29 4138.95 3930.39 4186.34 3840.94 4192.18
26071-203-M6-320-00008 0.16757163405418396 1496.26 4233.69 1591.32 4229.47 1593.41 4276.49 1498.34 4280.71
26071-203-M6-320-00008 0.10239411890506744 5850.69 4051.05 5941.05 4051.08 5941.03 4099.25 5850.68 4099.22
26071-203-M6-320-00008 0.08481094986200333 3430.34 4143.40 3523.44 4140.19 3525.09 4188.08 3431.99 4191.28
26071-203-M6-320-00008 0.08209249377250671 3460.01 4097.95 3493.02 4093.38 3499.68 4141.60 3466.67 4146.16
26071-203-M6-320-00008 0.06732472777366638 4886.25 3852.04 5001.60 3849.31 5007.04 4078.81 4891.70 4081.55
26071-203-M6-320-00008 0.05760035663843155 5875.38 4016.89 5908.32 4011.26 5916.82 4061.00 5883.88 4066.63
26071-203-M6-320-00008 0.055895883589982986 2371.15 4234.67 2524.16 4228.85 2525.90 4274.61 2372.89 4280.43
26071-203-M6-320-00008 0.05317375436425209 1533.27 4185.04 1563.36 4187.87 1558.86 4235.56 1528.78 4232.72
26071-500-M6-059-00116 0.05499333143234253 365.10 1032.55 905.68 1038.76 905.13 1086.61 364.55 1080.39
26071-550-M6-084-00026 0.9934653639793396 3966.79 3330.35 3999.39 3330.79 3997.64 3459.86 3965.04 3459.42
26071-550-M6-084-00026 0.9924620985984802 1605.78 3329.61 1638.24 3330.30 1635.53 3458.81 1603.06 3458.12
26071-550-M6-084-00026 0.9909262657165527 5555.33 3250.69 5588.61 3252.07 5583.32 3379.38 5550.04 3378.00
26071-550-M6-084-00026 0.9887250065803528 3192.60 3246.67 3224.55 3247.97 3219.29 3376.42 3187.35 3375.11
26071-550-M6-084-00026 0.16914989054203033 5574.27 3325.48 5669.51 3338.35 5663.44 3383.29 5568.19 3370.42
26071-550-M6-084-00026 0.1557038575410843 3889.30 3409.35 3982.72 3421.15 3976.95 3466.75 3883.54 3454.95
26071-550-M6-084-00026 0.10993573069572449 4679.86 3286.99 4694.28 3286.53 4694.50 3293.54 4680.08 3294.01
26071-550-M6-084-00026 0.0814933180809021 1521.74 3413.82 1613.78 3411.95 1614.75 3459.38 1522.71 3461.26
26071-550-M6-084-00026 0.0677594542503357 2282.84 3707.92 2297.63 3707.24 2297.96 3714.47 2283.17 3715.14
26071-550-M6-084-00026 0.06618073582649231 3214.05 3327.55 3304.12 3331.45 3302.09 3378.38 3212.02 3374.48
26071-203-M6-337-00007 0.1590588241815567 5195.10 5737.25 5227.35 5739.05 5221.76 5839.36 5189.51 5837.56
26071-203-M6-337-00007 0.13187165558338165 5194.11 3034.18 5226.70 3033.26 5229.67 3138.76 5197.08 3139.68
26071-203-M6-337-00007 0.10204525291919708 5194.79 5479.63 5227.13 5479.60 5227.22 5587.45 5194.87 5587.48
26071-203-M6-337-00007 0.0704171285033226 5193.67 2781.18 5227.70 2780.74 5229.05 2886.04 5195.03 2886.48
26071-203-M6-337-00007 0.07018077373504639 3304.51 5432.16 3337.10 5431.61 3338.87 5536.94 3306.28 5537.49
26071-203-M6-337-00007 0.06480314582586288 3304.50 2740.11 3337.79 2738.60 3342.19 2836.11 3308.90 2837.61
26071-203-M6-337-00007 0.0600367933511734 5114.74 5767.47 5162.73 5769.08 5159.52 5864.67 5111.53 5863.06
26071-203-M6-337-00007 0.0520629957318306 5114.19 3068.46 5162.01 3070.71 5157.50 3166.53 5109.68 3164.28
26071-200-M6-052-00090 0.9952294826507568 2376.03 3680.44 2505.09 3676.87 2505.98 3709.30 2376.93 3712.87
26071-200-M6-052-00090 0.9942126870155334 2513.75 3678.72 2644.55 3678.73 2644.55 3711.25 2513.74 3711.25
26071-200-M6-052-00090 0.9935823082923889 6094.15 3678.71 6225.35 3679.16 6225.23 3711.52 6094.04 3711.07
26071-200-M6-052-00090 0.9933724403381348 5741.08 3679.94 5871.06 3678.56 5871.41 3710.88 5741.42 3712.25
26071-200-M6-052-00090 0.9933716058731079 5385.13 3680.16 5513.69 3676.93 5514.50 3709.31 5385.94 3712.54
26071-200-M6-052-00090 0.9928532242774963 3084.17 3677.64 3213.94 3678.72 3213.66 3711.34 3083.90 3710.26
26071-200-M6-052-00090 0.9927009344100952 2846.08 3294.43 2973.95 3292.70 2974.39 3325.48 2846.52 3327.21
26071-200-M6-052-00090 0.9926049709320068 2728.32 3679.74 2858.30 3678.23 2858.67 3710.54 2728.69 3712.05
26071-200-M6-052-00090 0.9915751814842224 5525.75 3679.85 5656.51 3677.99 5656.98 3710.28 5526.21 3712.15
26071-200-M6-052-00090 0.9899247884750366 5903.79 3292.99 6035.16 3292.19 6035.35 3324.46 5903.99 3325.27
26071-200-M6-052-00090 0.13873988389968872 2457.71 3719.47 2501.54 3720.18 2500.01 3814.67 2456.18 3813.96
26071-200-M6-052-00090 0.1339486688375473 5469.06 3719.51 5513.14 3719.81 5512.50 3814.51 5468.42 3814.21
26071-200-M6-052-00090 0.10178915411233902 4180.36 5953.26 4280.57 5947.27 4282.48 5979.27 4182.27 5985.26
26071-200-M6-052-00090 0.08128342777490616 8187.18 4068.09 8235.64 4069.43 8228.36 4332.62 8179.90 4331.28
26071-200-M6-052-00090 0.07308543473482132 1447.45 1352.93 1480.84 1353.16 1479.92 1486.70 1446.53 1486.47
26071-200-M6-052-00090 0.07116885483264923 7059.01 4621.11 7106.80 4619.57 7109.86 4715.09 7062.07 4716.62
26071-200-M6-052-00090 0.06405181437730789 8188.89 3196.66 8237.52 3198.55 8227.13 3465.97 8178.49 3464.08
26071-200-M6-052-00090 0.06304005533456802 7727.82 1014.40 8288.38 1031.55 8286.97 1077.67 7726.41 1060.52
26071-200-M6-052-00090 0.060831017792224884 3158.75 3609.11 3214.03 3609.05 3214.07 3650.45 3158.79 3650.51
26071-200-M6-052-00090 0.06060851365327835 7718.31 1317.80 8285.14 1318.74 8285.07 1364.08 7718.23 1363.15
26071-200-M6-052-00090 0.059940796345472336 5885.27 5859.45 5981.12 5853.23 5984.22 5900.93 5888.37 5907.15
26071-200-M6-052-00090 0.05883866176009178 238.89 1023.07 786.33 1022.10 786.41 1069.44 238.97 1070.40
26071-200-M6-052-00090 0.058603402227163315 6414.31 5027.23 6520.13 5029.75 6519.28 5065.16 6413.47 5062.64
26071-200-M6-052-00090 0.05582263693213463 6003.81 5858.28 6117.71 5859.11 6117.41 5901.07 6003.51 5900.24
26071-200-M6-052-00090 0.05069797486066818 2921.15 3316.47 2981.06 3323.33 2977.47 3354.69 2917.56 3347.83
26071-203-M6-320-00061 0.9920226335525513 650.94 3966.38 683.15 3966.65 682.05 4098.67 649.85 4098.40
26071-203-M6-320-00061 0.9919581413269043 650.54 3639.58 681.93 3639.29 683.16 3770.17 651.76 3770.47
26071-203-M6-320-00061 0.4770999550819397 569.00 4052.49 663.90 4054.23 663.06 4100.69 568.15 4098.95
26071-203-M6-320-00061 0.06075083836913109 7728.29 3127.69 8259.62 3114.56 8260.87 3164.76 7729.53 3177.89
26071-203-M6-320-00061 0.05637042224407196 6850.26 4560.15 7069.44 4558.06 7069.91 4606.43 6850.72 4608.52
26071-203-M6-320-00061 0.05468299612402916 4151.09 4560.31 4369.04 4557.83 4369.59 4606.12 4151.64 4608.59
26071-203-M6-320-00061 0.05281801521778107 2796.25 1919.36 2908.33 1920.73 2907.70 1972.05 2795.62 1970.68
26071-600-M6-065-00037 0.9944571256637573 3340.65 3405.89 3470.85 3405.94 3470.84 3438.18 3340.63 3438.12
26071-600-M6-065-00037 0.9942814111709595 3200.47 3351.32 3330.37 3352.57 3330.06 3384.77 3200.16 3383.52
26071-600-M6-065-00037 0.9937880635261536 2610.60 3175.51 2741.37 3174.93 2741.52 3206.92 2610.74 3207.50
26071-600-M6-065-00037 0.9933119416236877 6649.62 3406.58 6778.89 3407.15 6778.75 3439.50 6649.48 3438.93
26071-600-M6-065-00037 0.9930346012115479 5443.51 3344.13 5574.23 3341.26 5574.96 3374.21 5444.24 3377.08
26071-600-M6-065-00037 0.9929366707801819 5918.11 3174.99 6049.38 3175.16 6049.34 3207.44 5918.07 3207.27
26071-600-M6-065-00037 0.9926061630249023 2231.61 3310.46 2361.07 3308.10 2361.66 3340.45 2232.20 3342.80
26071-600-M6-065-00037 0.9911307096481323 2087.83 3360.90 2219.05 3360.35 2219.19 3392.20 2087.97 3392.76
26071-600-M6-065-00037 0.9909232258796692 1866.55 3439.99 1997.43 3441.85 1996.97 3474.38 1866.09 3472.52
26071-600-M6-065-00037 0.9904595613479614 5036.81 4486.47 5068.95 4486.65 5068.21 4617.62 5036.07 4617.44
26071-600-M6-065-00037 0.9897536039352417 6975.09 4430.69 7007.44 4430.09 7009.80 4557.57 6977.45 4558.17
26071-600-M6-065-00037 0.9890801310539246 1731.48 4486.47 1763.82 4487.14 1761.06 4620.01 1728.71 4619.33
26071-600-M6-065-00037 0.988085150718689 3667.44 4429.26 3700.11 4428.48 3703.22 4559.04 3670.55 4559.82
26071-600-M6-065-00037 0.28748881816864014 5128.32 3722.27 5161.26 3723.22 5158.61 3815.44 5125.66 3814.49
26071-600-M6-065-00037 0.2813168168067932 3586.58 4512.23 3682.10 4511.85 3682.28 4558.06 3586.76 4558.44
26071-600-M6-065-00037 0.2262304276227951 1821.59 3719.63 1853.63 3720.49 1851.12 3814.34 1819.09 3813.48
26071-600-M6-065-00037 0.20118625462055206 6113.66 3156.87 6207.44 3155.31 6207.96 3186.58 6114.18 3188.15
26071-600-M6-065-00037 0.13886407017707825 1752.78 4560.12 1843.39 4581.25 1833.35 4624.30 1742.74 4603.17
26071-600-M6-065-00037 0.1317444145679474 3724.20 4721.86 3756.48 4723.03 3751.69 4855.13 3719.41 4853.96
26071-600-M6-065-00037 0.1222735196352005 3363.52 3427.21 3392.85 3441.84 3367.65 3492.38 3338.31 3477.75
26071-600-M6-065-00037 0.1212974265217781 6675.86 3428.11 6701.26 3443.39 6675.85 3485.65 6650.45 3470.37
26071-600-M6-065-00037 0.11940604448318481 5999.92 3197.73 6026.79 3189.35 6044.49 3246.07 6017.62 3254.46
26071-600-M6-065-00037 0.11925168335437775 6895.32 4508.78 6989.41 4514.97 6986.39 4560.92 6892.30 4554.74
26071-600-M6-065-00037 0.10808979719877243 5448.72 3383.94 5478.15 3383.68 5478.58 3432.08 5449.15 3432.34
26071-600-M6-065-00037 0.10203605145215988 2715.65 3187.12 2742.87 3198.96 2716.82 3258.83 2689.60 3246.99
26071-600-M6-065-00037 0.09073454141616821 2308.53 3344.45 2334.97 3320.63 2375.38 3365.50 2348.94 3389.32
26071-600-M6-065-00037 0.08916912972927094 6030.47 2780.13 6079.14 2779.80 6080.94 3046.49 6032.27 3046.82
26071-600-M6-065-00037 0.08479063212871552 5231.74 3418.54 5364.61 3420.48 5364.13 3453.32 5231.26 3451.38
26071-600-M6-065-00037 0.08387681096792221 5555.14 3363.72 5578.71 3385.89 5541.94 3424.98 5518.38 3402.81
26071-600-M6-065-00037 0.07659918814897537 6035.36 1494.21 6083.33 1495.18 6077.88 1763.13 6029.91 1762.15
26071-600-M6-065-00037 0.06595537811517715 6602.70 2962.32 6651.39 2963.14 6647.00 3222.53 6598.31 3221.71
26071-600-M6-065-00037 0.06237036734819412 7473.98 4917.27 7699.65 4919.57 7699.15 4968.68 7473.48 4966.39
26071-600-M6-065-00037 0.05930845066905022 4108.04 6144.04 4151.15 6138.76 4162.77 6233.62 4119.65 6238.90
26071-600-M6-065-00037 0.055379919707775116 2182.34 3383.26 2216.30 3386.44 2210.68 3446.49 2176.72 3443.31
26071-600-M6-065-00037 0.054329343140125275 5056.69 4574.92 5147.42 4565.30 5152.50 4613.15 5061.77 4622.78
26071-600-M6-065-00037 0.054280128329992294 3210.18 3382.31 3243.07 3390.59 3230.91 3438.87 3198.03 3430.58
26071-600-M6-065-00037 0.052625998854637146 352.04 1323.58 899.44 1330.61 898.83 1378.35 351.43 1371.32
26071-600-M6-065-00037 0.05259472504258156 7173.12 4724.30 7206.03 4724.94 7203.51 4852.90 7170.60 4852.25
26071-600-M6-065-00037 0.052399177104234695 2482.56 3171.05 2576.16 3169.40 2576.73 3201.52 2483.13 3203.17
26071-600-M6-065-00037 0.05032454803586006 349.48 1622.82 892.58 1622.79 892.59 1670.55 349.48 1670.58
26071-203-M6-320-00042 0.9897136688232422 2303.29 4028.33 2334.99 4029.59 2329.83 4159.43 2298.13 4158.17
26071-200-M6-052-00540 0.13924482464790344 958.33 5443.21 1009.69 5440.97 1021.17 5703.97 969.82 5706.21
26071-200-M6-052-00540 0.1389448344707489 498.09 4970.36 548.90 4968.60 557.93 5229.45 507.12 5231.21
26071-200-M6-052-00540 0.1360686868429184 1063.85 4969.13 1114.40 4967.03 1125.33 5230.17 1074.78 5232.27
26071-200-M6-052-00540 0.13331858813762665 6258.33 5441.58 6308.85 5438.59 6324.47 5702.92 6273.94 5705.91
26071-200-M6-052-00540 0.1332511156797409 7203.11 5441.37 7253.85 5437.78 7272.68 5704.04 7221.93 5707.62
26071-200-M6-052-00540 0.1328793317079544 5217.69 5442.09 5268.20 5438.92 5284.79 5702.61 5234.28 5705.78
26071-200-M6-052-00540 0.1324489861726761 5799.66 4968.84 5850.16 4966.67 5861.48 5229.97 5810.97 5232.14
26071-200-M6-052-00540 0.1323460340499878 4641.37 5447.05 4692.27 5448.19 4686.42 5707.69 4635.52 5706.54
26071-200-M6-052-00540 0.1303337961435318 3499.22 4970.29 3550.06 4968.74 3558.02 5229.10 3507.17 5230.65
26071-200-M6-052-00540 0.12781170010566711 1632.20 4970.38 1682.15 4968.55 1691.73 5229.87 1641.78 5231.70
26071-200-M6-052-00540 0.12520115077495575 1521.32 5442.36 1571.95 5439.04 1589.25 5702.92 1538.62 5706.24
26071-200-M6-052-00540 0.12504824995994568 6368.54 4969.16 6418.50 4967.44 6427.54 5229.63 6377.58 5231.35
26071-200-M6-052-00540 0.12081345915794373 4931.77 4979.29 4982.79 4979.05 4983.95 5226.48 4932.92 5226.72
26071-200-M6-052-00540 0.1180439218878746 3118.36 4971.51 3168.23 4968.99 3181.40 5229.41 3131.52 5231.94
26071-200-M6-052-00540 0.11750392615795135 4059.99 5443.29 4110.00 5439.80 4128.44 5703.72 4078.43 5707.21
26071-200-M6-052-00540 0.11603044718503952 3577.26 5443.21 3627.79 5440.08 3644.08 5702.87 3593.55 5706.01
26071-200-M6-052-00540 0.11370567232370377 575.17 5444.00 625.26 5440.30 644.74 5703.81 594.65 5707.52
26071-200-M6-052-00540 0.11297425627708435 3399.88 5442.12 3451.17 5442.20 3450.74 5709.73 3399.45 5709.64
26071-200-M6-052-00540 0.11064314097166061 5878.77 5443.90 5928.33 5440.32 5947.44 5704.20 5897.87 5707.79
26071-200-M6-052-00540 0.10948145389556885 8075.98 5443.88 8126.12 5440.44 8144.17 5703.46 8094.03 5706.90
26071-200-M6-052-00540 0.10842911154031754 1142.85 5444.33 1192.45 5440.79 1211.27 5704.31 1161.67 5707.85
26071-200-M6-052-00540 0.10785713791847229 6823.83 5444.00 6874.06 5440.40 6892.94 5703.51 6842.71 5707.12
26071-200-M6-052-00540 0.10764633119106293 2890.51 5444.76 2940.25 5441.09 2959.64 5703.37 2909.90 5707.04
26071-200-M6-052-00540 0.10723976045846939 687.11 4971.24 737.00 4969.28 747.17 5229.37 697.28 5231.32
26071-200-M6-052-00540 0.10550405830144882 1911.14 5445.46 1962.10 5445.25 1963.13 5702.63 1912.17 5702.84
26071-200-M6-052-00540 0.10526234656572342 7391.41 5442.86 7441.10 5439.31 7460.02 5704.31 7410.33 5707.86
26071-200-M6-052-00540 0.10508786141872406 1343.61 5446.50 1394.44 5446.38 1395.06 5707.49 1344.23 5707.61
26071-200-M6-052-00540 0.10427603870630264 3888.22 5447.72 3938.45 5449.13 3931.12 5709.79 3880.88 5708.38
26071-200-M6-052-00540 0.10286720097064972 6650.63 5440.12 6702.14 5441.06 6697.24 5710.36 6645.73 5709.42
26071-200-M6-052-00540 0.10254041105508804 7837.34 5445.66 7886.93 5441.60 7908.38 5703.49 7858.79 5707.55
26071-200-M6-052-00540 0.10104655474424362 7023.16 5450.69 7074.18 5449.86 7078.33 5707.77 7027.32 5708.59
26071-200-M6-052-00540 0.10084106773138046 3164.82 1240.88 3216.32 1237.90 3231.43 1499.29 3179.94 1502.27
26071-200-M6-052-00540 0.09801986068487167 5406.06 5449.37 5455.75 5448.87 5458.30 5704.62 5408.61 5705.11
26071-200-M6-052-00540 0.0968623235821724 6128.42 1238.69 6180.17 1239.47 6176.27 1500.66 6124.52 1499.88
26071-200-M6-052-00540 0.09628520160913467 4335.81 1237.60 4383.87 1234.69 4399.68 1496.12 4351.62 1499.02
26071-200-M6-052-00540 0.09570275247097015 6935.55 4970.24 6985.70 4968.31 6995.74 5229.99 6945.59 5231.92
26071-200-M6-052-00540 0.09505176544189453 4453.81 5448.07 4504.31 5449.12 4498.91 5709.30 4448.41 5708.26
26071-200-M6-052-00540 0.0936669111251831 7322.56 4973.97 7374.12 4974.46 7371.62 5238.03 7320.05 5237.54
26071-200-M6-052-00540 0.09200996905565262 2555.67 5454.86 2604.41 5456.32 2597.19 5696.90 2548.45 5695.44
26071-200-M6-052-00540 0.09075325727462769 2728.62 5447.24 2779.22 5448.01 2775.22 5709.03 2724.62 5708.26
26071-200-M6-052-00540 0.09015682339668274 1646.38 1245.55 1694.82 1243.18 1707.14 1495.01 1658.70 1497.38
26071-200-M6-052-00540 0.08979517221450806 890.49 4975.02 940.78 4977.21 929.51 5235.12 879.22 5232.93
26071-200-M6-052-00540 0.08970990777015686 4413.20 771.28 4465.00 767.21 4485.32 1026.00 4433.52 1030.07
26071-200-M6-052-00540 0.08918122202157974 2675.51 773.82 2727.19 769.03 2750.98 1025.49 2699.31 1030.29
26071-200-M6-052-00540 0.08876385539770126 4261.14 5447.90 4311.47 5447.78 4312.08 5706.22 4261.75 5706.34
26071-200-M6-052-00540 0.08769870549440384 1349.69 766.96 1399.45 764.99 1409.94 1028.89 1360.17 1030.87
26071-200-M6-052-00540 0.087031789124012 4374.37 4973.93 4424.69 4976.08 4413.57 5235.47 4363.26 5233.32
26071-200-M6-052-00540 0.08700872957706451 6402.70 763.94 6455.19 761.18 6469.46 1032.14 6416.97 1034.91
26071-200-M6-052-00540 0.08659283071756363 6081.49 5443.30 6132.89 5443.36 6132.55 5708.83 6081.16 5708.76
26071-200-M6-052-00540 0.08478297293186188 6192.61 4975.26 6242.98 4977.24 6232.85 5234.79 6182.48 5232.81
26071-200-M6-052-00540 0.08422575891017914 6445.28 5446.32 6495.00 5442.34 6515.83 5702.69 6466.11 5706.67
26071-200-M6-052-00540 0.08406781405210495 389.88 5447.54 440.31 5448.36 436.08 5706.22 385.65 5705.39
26071-200-M6-052-00540 0.08396369218826294 3209.09 5444.73 3260.61 5444.16 3263.57 5707.89 3212.05 5708.47
26071-200-M6-052-00540 0.08379976451396942 4833.64 5445.57 4883.60 5447.02 4875.92 5711.33 4825.95 5709.87
26071-200-M6-052-00540 0.08379162102937698 3782.08 4970.99 3831.70 4968.99 3842.20 5229.70 3792.58 5231.70
26071-200-M6-052-00540 0.08231206238269806 777.96 5444.29 829.36 5444.33 829.18 5707.80 777.77 5707.77
26071-200-M6-052-00540 0.0821295976638794 1726.67 5449.17 1776.47 5450.91 1767.78 5699.36 1717.98 5697.62
26071-200-M6-052-00540 0.0819019079208374 1456.38 4976.94 1506.71 4978.86 1496.97 5234.84 1446.63 5232.92
26071-200-M6-052-00540 0.08188299834728241 1252.27 4974.12 1302.06 4971.50 1315.53 5227.75 1265.74 5230.37
26071-200-M6-052-00540 0.08169335126876831 3995.05 4976.41 4045.48 4978.29 4035.95 5234.63 3985.51 5232.75
26071-200-M6-052-00540 0.0814480409026146 792.24 763.65 842.30 764.75 836.47 1030.24 786.41 1029.14
26071-200-M6-052-00540 0.08132747560739517 4537.98 1234.83 4587.67 1236.54 4578.67 1498.96 4528.98 1497.26
26071-200-M6-052-00540 0.0809357538819313 5021.16 5451.90 5071.54 5453.46 5063.84 5701.29 5013.47 5699.73
26071-200-M6-052-00540 0.08091707527637482 3322.85 4972.07 3373.02 4973.95 3363.20 5235.67 3313.03 5233.79
26071-200-M6-052-00540 0.08073527365922928 5988.07 4973.63 6037.85 4970.95 6051.65 5227.51 6001.87 5230.18
26071-200-M6-052-00540 0.08070408552885056 3855.99 767.17 3908.61 765.86 3915.13 1027.89 3862.52 1029.20
26071-200-M6-052-00540 0.07897045463323593 2216.33 770.92 2266.00 769.79 2271.91 1029.42 2222.24 1030.55
26071-200-M6-052-00540 0.07887851446866989 2136.36 1236.74 2188.75 1237.02 2187.33 1500.89 2134.94 1500.61
26071-200-M6-052-00540 0.07878069579601288 7140.19 4976.31 7190.38 4979.03 7176.42 5236.30 7126.23 5233.58
26071-200-M6-052-00540 0.07732866704463959 1835.32 4972.55 1885.55 4974.60 1874.83 5236.30 1824.59 5234.24
26071-200-M6-052-00540 0.07699616998434067 3951.77 1237.67 4003.10 1233.46 4025.05 1501.23 3973.72 1505.43
26071-200-M6-052-00540 0.07686736434698105 7168.25 762.38 7219.92 763.44 7214.44 1029.72 7162.76 1028.66
26071-200-M6-052-00540 0.07670620828866959 6024.36 768.52 6076.38 769.83 6069.83 1030.06 6017.81 1028.75
26071-200-M6-052-00540 0.0763823613524437 1937.86 1246.01 1984.35 1242.49 2003.68 1497.26 1957.19 1500.79
26071-200-M6-052-00540 0.07522255182266235 5584.56 5446.97 5635.44 5447.09 5634.83 5706.79 5583.95 5706.67
26071-200-M6-052-00540 0.07474185526371002 5928.36 1235.54 5980.18 1233.10 5992.88 1502.62 5941.06 1505.06
26071-200-M6-052-00540 0.07454195618629456 2022.86 4973.62 2073.52 4975.40 2064.43 5234.13 2013.77 5232.35
26071-200-M6-052-00540 0.07444555312395096 602.80 761.62 654.20 762.77 648.26 1026.50 596.86 1025.34
26071-200-M6-052-00540 0.0740484669804573 4558.23 4978.87 4608.79 4979.97 4603.42 5226.72 4552.87 5225.62
26071-200-M6-052-00540 0.07384215295314789 5373.73 1237.70 5426.04 1238.44 5422.31 1500.78 5370.00 1500.04
26071-200-M6-052-00540 0.0731174573302269 2793.64 1244.37 2843.72 1243.90 2846.16 1499.69 2796.08 1500.17
26071-200-M6-052-00540 0.07241644710302353 4621.11 762.75 4670.66 764.67 4660.38 1028.82 4610.83 1026.90
26071-200-M6-052-00540 0.07192791253328323 710.24 1236.84 760.28 1238.26 752.84 1500.19 702.80 1498.77
26071-200-M6-052-00540 0.07184576243162155 6752.82 4970.46 6803.00 4969.92 6805.83 5234.99 6755.65 5235.52
26071-200-M6-052-00540 0.07178235799074173 6568.68 4968.94 6619.57 4970.75 6610.19 5233.37 6559.31 5231.55
26071-200-M6-052-00540 0.07156973332166672 4033.69 775.73 4080.22 770.43 4109.14 1024.06 4062.61 1029.36
26071-200-M6-052-00540 0.07152463495731354 900.01 1237.48 950.22 1239.05 942.01 1501.31 891.79 1499.74
26071-200-M6-052-00540 0.07123526185750961 7497.55 4966.33 7547.03 4962.66 7566.86 5229.97 7517.38 5233.64
26071-200-M6-052-00540 0.06875545531511307 4179.31 4978.07 4230.25 4978.97 4225.88 5225.94 4174.94 5225.03
26071-200-M6-052-00540 0.06777176260948181 5456.37 763.54 5505.76 763.64 5505.21 1027.99 5455.83 1027.89
26071-200-M6-052-00540 0.06772609800100327 2317.74 1243.06 2367.33 1241.27 2376.65 1500.61 2327.06 1502.40
26071-200-M6-052-00540 0.06729800254106522 7902.16 1235.32 7954.80 1236.34 7949.70 1499.59 7897.06 1498.57
26071-200-M6-052-00540 0.06716030836105347 3688.21 1236.20 3738.26 1238.35 3727.01 1500.73 3676.97 1498.58
26071-200-M6-052-00540 0.06659892946481705 970.94 772.69 1021.25 770.19 1034.03 1026.64 983.72 1029.14
26071-200-M6-052-00540 0.06590814143419266 6789.73 765.55 6840.48 766.07 6837.81 1028.73 6787.06 1028.22
26071-200-M6-052-00540 0.06555191427469254 7982.58 4974.20 8032.74 4974.45 8031.43 5233.50 7981.27 5233.24
26071-200-M6-052-00540 0.06507697701454163 6710.44 1233.87 6761.21 1235.56 6752.34 1502.50 6701.58 1500.81
26071-200-M6-052-00540 0.06452753394842148 3376.60 764.22 3428.04 765.03 3423.90 1028.87 3372.46 1028.06
26071-200-M6-052-00540 0.06404668092727661 2405.90 768.66 2456.40 767.99 2459.85 1027.21 2409.35 1027.88
26071-200-M6-052-00540 0.06336168944835663 7416.27 767.57 7468.05 768.75 7462.19 1025.82 7410.42 1024.64
26071-200-M6-052-00540 0.0629248172044754 236.32 6112.56 782.75 6107.14 783.23 6156.18 236.81 6161.60
26071-200-M6-052-00540 0.0627729520201683 6899.74 1237.31 6949.81 1239.02 6940.83 1502.54 6890.75 1500.83
26071-200-M6-052-00540 0.06257624924182892 7746.82 4974.11 7797.06 4974.42 7795.44 5232.74 7745.20 5232.43
26071-200-M6-052-00540 0.061745285987854004 7606.49 767.44 7658.23 768.61 7652.36 1028.92 7600.63 1027.76
26071-200-M6-052-00540 0.061391979455947876 5646.57 767.56 5698.62 768.84 5692.19 1028.75 5640.14 1027.46
26071-200-M6-052-00540 0.061197537928819656 7509.74 1238.80 7560.17 1238.66 7560.89 1499.56 7510.46 1499.70
26071-200-M6-052-00540 0.06089908257126808 6331.43 1232.59 6382.01 1233.85 6375.32 1502.88 6324.73 1501.62
26071-200-M6-052-00540 0.06077824905514717 2883.11 769.15 2935.30 770.73 2927.49 1027.71 2875.30 1026.12
26071-200-M6-052-00540 0.059064995497465134 6973.63 767.63 7023.10 766.17 7030.82 1028.19 6981.36 1029.65
26071-200-M6-052-00540 0.05884009227156639 7807.84 764.27 7860.53 765.17 7856.08 1027.27 7803.39 1026.38
26071-200-M6-052-00540 0.05873872712254524 5835.68 766.98 5888.05 767.75 5884.22 1028.20 5831.85 1027.43
26071-200-M6-052-00540 0.0581873394548893 7087.22 1230.88 7137.90 1231.98 7132.09 1501.93 7081.40 1500.84
26071-200-M6-052-00540 0.05816932022571564 4749.50 4976.21 4800.34 4978.02 4791.50 5226.82 4740.66 5225.01
26071-200-M6-052-00540 0.05805303528904915 1842.62 765.24 1895.30 766.54 1888.91 1025.77 1836.23 1024.48
26071-200-M6-052-00540 0.05796770006418228 4239.17 771.54 4289.26 772.01 4286.83 1027.83 4236.74 1027.36
26071-200-M6-052-00540 0.05790941044688225 3487.45 1233.39 3539.01 1235.82 3526.49 1501.88 3474.92 1499.45
26071-200-M6-052-00540 0.0575827956199646 5269.58 767.68 5321.80 768.94 5315.52 1028.49 5263.29 1027.22
26071-200-M6-052-00540 0.0571516789495945 1167.85 770.60 1219.89 771.78 1214.15 1024.87 1162.12 1023.69
26071-200-M6-052-00540 0.05683737248182297 6521.68 1237.65 6572.44 1239.45 6563.12 1502.39 6512.36 1500.59
26071-200-M6-052-00540 0.056364841759204865 6225.24 767.72 6275.76 768.79 6270.27 1027.74 6219.75 1026.67
26071-200-M6-052-00540 0.056320857256650925 3580.77 760.86 3632.39 762.40 3624.46 1028.57 3572.84 1027.03
26071-200-M6-052-00540 0.056048568338155746 5557.85 1234.87 5607.90 1234.33 5610.75 1498.87 5560.70 1499.41
26071-200-M6-052-00540 0.05579988285899162 3069.03 766.87 3119.11 766.92 3118.82 1028.11 3068.75 1028.05
26071-200-M6-052-00540 0.05563708394765854 6595.64 769.21 6645.31 767.69 6653.32 1028.75 6603.64 1030.28
26071-200-M6-052-00540 0.05496475100517273 6398.55 5315.51 6450.85 5314.37 6462.51 5847.86 6410.20 5849.01
26071-200-M6-052-00540 0.054908644407987595 5066.71 766.46 5118.63 767.53 5113.31 1027.48 5061.39 1026.42
26071-200-M6-052-00540 0.05487813800573349 1536.80 769.51 1586.74 767.19 1598.82 1027.18 1548.88 1029.50
26071-200-M6-052-00540 0.05480923503637314 2033.10 768.41 2085.65 769.66 2079.55 1026.03 2027.00 1024.78
26071-200-M6-052-00540 0.05440241098403931 4798.42 1234.28 4851.26 1236.25 4841.46 1499.02 4788.62 1497.05
26071-200-M6-052-00540 0.05415184050798416 4876.14 770.00 4928.14 770.93 4923.61 1026.26 4871.62 1025.34
26071-200-M6-052-00540 0.0535874180495739 3919.58 1095.63 3967.68 1096.43 3958.64 1643.00 3910.53 1642.21
26071-200-M6-052-00540 0.051948580890893936 4148.56 1245.37 4198.00 1243.42 4208.14 1500.01 4158.70 1501.97
26071-200-M6-052-00540 0.05177764967083931 1181.20 4857.81 1229.93 4852.62 1286.93 5387.55 1238.20 5392.74
26071-200-M6-052-00540 0.05113151669502258 1281.14 1233.75 1332.27 1236.62 1317.36 1501.96 1266.23 1499.09
26071-200-M6-052-00540 0.051127128303050995 3636.48 1096.99 3683.69 1098.02 3671.82 1638.99 3624.60 1637.96
26071-200-M6-052-00540 0.05103021487593651 4988.50 1234.15 5039.56 1236.80 5025.75 1502.53 4974.70 1499.88
26071-200-M6-052-00540 0.05076419189572334 716.10 5320.24 764.21 5319.19 775.34 5832.78 727.24 5833.82
26071-200-M6-052-00540 0.05051897466182709 4010.83 5308.46 4059.55 5307.08 4074.48 5837.09 4025.76 5838.47
26071-200-M6-052-00540 0.05047646164894104 5474.91 1095.67 5522.52 1090.58 5579.22 1620.84 5531.61 1625.94
26071-200-M6-052-00540 0.0502382256090641 2757.30 1098.63 2804.97 1100.86 2779.80 1640.06 2732.12 1637.84
26071-203-M6-160-00291 0.9968563318252563 5998.25 4619.97 6127.84 4617.56 6128.44 4649.91 5998.85 4652.32
26071-203-M6-160-00291 0.9967626333236694 3506.07 4620.18 3636.37 4618.51 3636.78 4650.74 3506.48 4652.40
26071-203-M6-160-00291 0.994963526725769 2006.67 4616.28 2136.02 4615.70 2136.16 4647.98 2006.81 4648.56
26071-203-M6-160-00291 0.994705855846405 4499.13 4617.89 4630.07 4615.70 4630.60 4647.51 4499.67 4649.71
26071-203-M6-160-00291 0.9922312498092651 2965.17 3516.84 3094.70 3516.90 3094.69 3549.27 2965.16 3549.22
26071-203-M6-160-00291 0.989909291267395 2965.41 3867.98 3093.49 3866.97 3093.74 3899.47 2965.66 3900.48
26071-203-M6-160-00291 0.9791885018348694 4721.07 3011.30 4753.95 3011.18 4754.45 3139.28 4721.57 3139.41
26071-203-M6-160-00291 0.9772583842277527 6465.76 3010.40 6497.81 3010.53 6497.27 3139.84 6465.22 3139.71
26071-203-M6-160-00291 0.9763753414154053 4722.00 2185.93 4753.84 2186.03 4753.44 2313.45 4721.60 2313.35
26071-203-M6-160-00291 0.9647709131240845 6466.83 2774.57 6499.19 2775.02 6497.40 2903.28 6465.04 2902.82
26071-203-M6-160-00291 0.17141640186309814 4776.38 5366.77 4873.91 5363.24 4875.12 5396.65 4777.59 5400.19
26071-203-M6-160-00291 0.1408914178609848 4584.56 4533.77 4631.65 4535.69 4627.89 4627.95 4580.80 4626.03
26071-203-M6-160-00291 0.13449828326702118 2092.42 4533.47 2139.63 4535.26 2136.15 4626.71 2088.94 4624.91
26071-203-M6-160-00291 0.12552812695503235 3593.25 4534.20 3640.50 4536.73 3635.53 4629.50 3588.27 4626.97
26071-203-M6-160-00291 0.1081080511212349 6085.08 4538.14 6133.58 4539.26 6131.41 4632.75 6082.92 4631.63
26071-203-M6-160-00291 0.1040864884853363 6431.45 2827.13 6466.83 2824.00 6473.06 2894.41 6437.67 2897.54
26071-203-M6-160-00291 0.09577879309654236 3779.79 6056.95 3911.70 6060.08 3910.87 6094.76 3778.97 6091.62
26071-203-M6-160-00291 0.08506083488464355 4618.77 4790.53 4666.34 4791.82 4659.14 5055.72 4611.56 5054.42
26071-203-M6-160-00291 0.06990300118923187 2129.96 4781.39 2177.91 4783.41 2166.52 5053.54 2118.57 5051.52
26071-203-M6-160-00291 0.06872157007455826 5405.43 5462.23 5412.60 5461.41 5414.32 5476.32 5407.15 5477.15
26071-203-M6-160-00291 0.06073220446705818 6391.18 2830.47 6438.14 2834.42 6430.62 2923.67 6383.67 2919.72
26071-203-M6-160-00291 0.050806015729904175 1797.65 1384.37 1832.14 1388.56 1830.90 1398.78 1796.41 1394.59
26071-300-M6-053-00008 0.9968008995056152 2019.48 5344.59 2147.04 5344.38 2147.10 5376.85 2019.53 5377.05
26071-300-M6-053-00008 0.992778480052948 2347.24 970.21 2379.70 971.65 2374.01 1099.45 2341.55 1098.01
26071-300-M6-053-00008 0.26557883620262146 2373.40 1044.77 2461.28 1061.07 2452.90 1106.21 2365.03 1089.91
26071-300-M6-053-00008 0.1251029223203659 2104.09 5263.48 2150.54 5264.63 2148.26 5357.18 2101.81 5356.03
26071-300-M6-053-00008 0.11909359693527222 5447.53 1070.94 5575.30 1072.40 5574.94 1104.24 5447.17 1102.78
26071-300-M6-053-00008 0.10788238793611526 2261.96 1052.46 2353.64 1050.16 2354.83 1097.37 2263.14 1099.67
26071-300-M6-053-00008 0.1041654422879219 2099.84 5371.64 2147.89 5370.00 2150.96 5460.18 2102.91 5461.81
26071-300-M6-053-00008 0.0878334492444992 5091.58 1292.22 5140.24 1293.77 5131.72 1560.43 5083.05 1558.87
26071-300-M6-053-00008 0.05831608176231384 5873.72 3152.10 5909.05 3155.08 5904.44 3209.77 5869.11 3206.79
26071-203-M6-060-00001 0.9935641884803772 1616.33 5492.33 1649.03 5492.47 1648.45 5621.51 1615.75 5621.37
26071-203-M6-060-00001 0.9934125542640686 1617.04 4546.54 1648.84 4546.68 1648.24 4677.00 1616.45 4676.86
26071-203-M6-060-00001 0.9927957653999329 1705.49 3365.94 1737.61 3365.50 1739.41 3494.72 1707.29 3495.17
26071-203-M6-060-00001 0.9924989342689514 1706.14 2420.39 1738.26 2420.28 1738.67 2549.63 1706.55 2549.73
26071-203-M6-060-00001 0.16408859193325043 1534.63 4628.45 1627.29 4630.77 1626.11 4677.76 1533.45 4675.43
26071-203-M6-060-00001 0.14629244804382324 1630.21 3442.51 1723.30 3462.47 1714.02 3505.76 1620.93 3485.80
26071-203-M6-060-00001 0.12455233931541443 1618.78 1382.63 1651.45 1383.78 1647.79 1488.19 1615.12 1487.05
26071-203-M6-060-00001 0.1188877746462822 1624.86 2502.35 1716.13 2503.46 1715.57 2550.25 1624.29 2549.14
26071-203-M6-060-00001 0.09938384592533112 1535.64 5573.29 1623.95 5576.94 1622.01 5624.09 1533.70 5620.44
26071-203-M6-060-00001 0.073954276740551 2059.96 838.38 2186.40 839.79 2186.04 872.73 2059.60 871.32
26071-203-M6-060-00001 0.06960742920637131 2137.86 756.12 2186.27 756.06 2186.39 849.46 2137.99 849.52
26071-203-M6-060-00001 0.058732546865940094 1867.02 1357.19 1904.38 1352.21 1912.78 1415.16 1875.42 1420.15
26071-203-M6-060-00001 0.05615861341357231 529.89 3444.80 861.54 3447.83 861.09 3497.15 529.43 3494.12
26071-200-M6-063-00010 0.9927619099617004 4145.63 3364.58 4274.39 3363.73 4274.60 3395.80 4145.84 3396.64
26071-200-M6-063-00010 0.9925522804260254 6852.65 1829.01 6885.22 1828.34 6887.96 1959.84 6855.39 1960.52
26071-200-M6-063-00010 0.9911052584648132 4145.47 4740.92 4275.88 4740.81 4275.91 4773.22 4145.50 4773.33
26071-200-M6-063-00010 0.25244975090026855 4229.99 4759.12 4277.65 4765.64 4271.44 4811.05 4223.78 4804.53
26071-200-M6-063-00010 0.0995999202132225 4244.66 3380.34 4274.66 3387.61 4262.69 3437.04 4232.69 3429.78
26071-200-M6-063-00010 0.09723342955112457 4235.10 4698.86 4281.34 4725.78 4266.51 4751.24 4220.27 4724.32
26071-200-M6-063-00010 0.07752130180597305 6877.76 1907.63 6968.84 1918.04 6963.48 1964.98 6872.39 1954.57
26071-200-M6-063-00010 0.06706835329532623 5975.08 1913.95 6066.52 1911.78 6067.63 1958.86 5976.20 1961.03
26071-200-M6-063-00010 0.05509839579463005 3165.84 3938.01 3215.00 3934.59 3217.27 3967.24 3168.11 3970.65
26071-200-M6-063-00010 0.0523139126598835 4471.07 2933.11 4518.45 2932.22 4523.39 3196.86 4476.02 3197.74
26071-203-M6-060-00006 0.9929195046424866 2127.41 1829.46 2159.65 1829.53 2159.34 1961.40 2127.10 1961.32
26071-203-M6-060-00006 0.23676814138889313 6871.76 4275.11 7149.68 4271.18 7150.37 4319.77 6872.45 4323.70
26071-203-M6-060-00006 0.16811875998973846 2149.17 1908.25 2244.05 1921.69 2237.86 1965.43 2142.98 1952.00
26071-203-M6-060-00006 0.1541484147310257 2814.56 2461.60 2861.04 2465.32 2853.59 2558.35 2807.11 2554.63
26071-203-M6-060-00006 0.14865170419216156 7262.02 3992.25 7308.86 3990.40 7312.47 4081.98 7265.63 4083.82
26071-203-M6-060-00006 0.13816595077514648 5327.29 2559.52 5453.85 2557.17 5454.43 2588.59 5327.88 2590.94
26071-203-M6-060-00006 0.12129027396440506 2727.10 2438.42 2857.31 2441.53 2856.56 2473.31 2726.34 2470.21
26071-203-M6-060-00006 0.12020915001630783 6115.19 3993.20 6161.92 3990.06 6168.10 4081.75 6121.37 4084.90
26071-203-M6-060-00006 0.11817249655723572 3159.68 2871.69 3195.13 2872.51 3192.92 2968.97 3157.47 2968.15
26071-203-M6-060-00006 0.11602839827537537 3160.25 3156.75 3196.31 3158.91 3190.68 3253.02 3154.61 3250.86
26071-203-M6-060-00006 0.09847239404916763 6114.18 4275.49 6161.19 4272.64 6166.75 4364.41 6119.74 4367.25
26071-203-M6-060-00006 0.08712391555309296 7266.71 4278.74 7311.66 4280.04 7309.07 4369.35 7264.13 4368.05
26071-203-M6-060-00006 0.07845261693000793 5408.91 2579.03 5456.99 2579.54 5455.98 2673.59 5407.90 2673.07
26071-203-M6-325-00013 0.9925968647003174 6696.09 1807.37 6727.85 1807.69 6726.52 1938.58 6694.76 1938.26
26071-203-M6-325-00013 0.9924373030662537 1490.70 3069.02 1523.03 3069.18 1522.38 3199.32 1490.05 3199.16
26071-203-M6-325-00013 0.9913397431373596 6698.84 2408.66 6731.05 2410.64 6723.12 2539.76 6690.91 2537.78
26071-203-M6-325-00013 0.9830896854400635 3186.78 4780.96 3219.13 4781.64 3216.42 4910.29 3184.07 4909.61
26071-203-M6-325-00013 0.2824196517467499 6719.01 2491.18 6812.62 2492.79 6811.81 2539.89 6718.20 2538.28
26071-203-M6-325-00013 0.14228269457817078 1408.92 3150.00 1505.29 3155.81 1502.56 3201.06 1406.19 3195.24
26071-203-M6-325-00013 0.12094218283891678 3107.86 4859.89 3198.36 4867.50 3194.45 4913.97 3103.95 4906.36
26071-203-M6-325-00013 0.11083021759986877 3417.72 4862.59 3511.35 4862.59 3511.35 4911.07 3417.72 4911.07
26071-203-M6-325-00013 0.06793003529310226 6717.88 1890.76 6809.88 1891.28 6809.62 1938.59 6717.61 1938.07
26071-675-M6-068-00041 0.05259602889418602 847.40 5852.48 1343.28 5842.76 1344.28 5893.33 848.39 5903.06
26071-300-M6-053-00012 0.996582567691803 4231.02 4331.71 4361.67 4331.83 4361.64 4364.47 4230.99 4364.35
26071-300-M6-053-00012 0.9957063794136047 4855.60 4463.01 4983.65 4459.90 4984.44 4492.37 4856.38 4495.47
26071-300-M6-053-00012 0.9953241944313049 3438.39 5282.03 3568.63 5279.54 3569.26 5312.60 3439.02 5315.09
26071-300-M6-053-00012 0.9949819445610046 5325.06 5281.60 5455.06 5279.06 5455.68 5311.03 5325.69 5313.57
26071-300-M6-053-00012 0.9939584732055664 5515.13 2497.54 5644.28 2497.37 5644.32 2529.82 5515.17 2529.99
26071-300-M6-053-00012 0.9938793182373047 5444.21 2217.55 5574.10 2217.84 5574.02 2250.17 5444.13 2249.88
26071-300-M6-053-00012 0.9938369393348694 5148.23 2219.05 5278.87 2217.25 5279.31 2249.67 5148.68 2251.47
26071-300-M6-053-00012 0.9936104416847229 3318.30 2797.57 3449.86 2796.89 3450.02 2828.72 3318.46 2829.40
26071-300-M6-053-00012 0.9933617115020752 4499.67 2798.24 4630.74 2797.44 4630.94 2829.30 4499.87 2830.10
26071-300-M6-053-00012 0.9919148683547974 3046.67 2797.24 3177.69 2797.11 3177.72 2829.48 3046.70 2829.61
26071-300-M6-053-00012 0.9827046990394592 4230.96 3974.57 4360.19 3973.61 4360.43 4005.50 4231.20 4006.46
26071-300-M6-053-00012 0.2553144097328186 5544.01 2231.50 5573.40 2238.78 5559.32 2295.67 5529.93 2288.40
26071-300-M6-053-00012 0.23720380663871765 5246.29 2231.30 5275.73 2235.82 5266.57 2295.58 5237.13 2291.07
26071-300-M6-053-00012 0.178863525390625 4283.05 3892.62 4379.39 3890.51 4380.43 3938.12 4284.10 3940.23
26071-300-M6-053-00012 0.17281003296375275 5599.26 2464.16 5646.67 2473.03 5640.73 2504.79 5593.32 2495.91
26071-300-M6-053-00012 0.16500960290431976 5411.01 5198.09 5458.31 5198.86 5456.83 5290.02 5409.53 5289.26
26071-300-M6-053-00012 0.1257278174161911 4602.65 2813.97 4630.21 2827.25 4606.69 2876.02 4579.14 2862.74
26071-300-M6-053-00012 0.10000424087047577 5449.55 4650.85 5573.25 4655.16 5572.07 4688.97 5448.37 4684.66
26071-300-M6-053-00012 0.09845632314682007 3129.05 2828.83 3180.61 2827.10 3181.74 2860.90 3130.18 2862.63
26071-300-M6-053-00012 0.08820417523384094 3518.16 5200.61 3565.19 5198.93 3568.49 5290.90 3521.46 5292.59
26071-300-M6-053-00012 0.08012089133262634 4603.55 3377.74 4702.56 3373.02 4704.92 3422.49 4605.91 3427.20
26071-300-M6-053-00012 0.07665161788463593 3406.00 2822.23 3438.87 2818.85 3444.57 2874.32 3411.71 2877.70
26071-300-M6-053-00012 0.06656242907047272 4347.47 2830.08 4391.63 2828.92 4392.45 2859.85 4348.29 2861.01
26071-300-M6-053-00012 0.06323427706956863 6801.80 2893.42 6934.42 2895.94 6933.80 2928.26 6801.19 2925.74
26071-300-M6-053-00012 0.0546664334833622 4298.33 3939.43 4327.39 3918.92 4365.52 3972.95 4336.46 3993.46
26071-300-M6-053-00012 0.052654799073934555 5695.57 3595.39 5809.42 3593.14 5810.42 3643.72 5696.57 3645.97
26071-675-M6-068-00034 0.9962779879570007 2855.80 3062.64 2985.38 3061.27 2985.73 3093.47 2856.14 3094.85
26071-675-M6-068-00034 0.9962431192398071 3606.70 3060.87 3736.16 3061.28 3736.06 3094.07 3606.60 3093.65
26071-675-M6-068-00034 0.9942010045051575 3252.19 5716.70 3383.57 5715.43 3383.88 5747.63 3252.51 5748.91
26071-675-M6-068-00034 0.9938278794288635 4759.68 4561.37 4792.23 4560.87 4794.19 4689.81 4761.64 4690.31
26071-675-M6-068-00034 0.99333256483078 4760.08 3871.30 4792.58 3870.92 4794.11 3999.35 4761.61 3999.74
26071-675-M6-068-00034 0.9931817650794983 2505.77 5716.59 2636.43 5717.28 2636.26 5749.73 2505.60 5749.04
26071-675-M6-068-00034 0.9900833368301392 1333.29 4209.85 1365.40 4209.51 1366.79 4340.53 1334.67 4340.87
26071-675-M6-068-00034 0.2920112907886505 3219.23 2770.22 3251.12 2770.77 3249.00 2895.23 3217.10 2894.68
26071-675-M6-068-00034 0.18107588589191437 1357.38 4289.17 1448.61 4296.72 1444.86 4342.10 1353.62 4334.55
26071-675-M6-068-00034 0.17157778143882751 2468.44 2768.04 2501.00 2768.34 2499.86 2894.17 2467.30 2893.88
26071-675-M6-068-00034 0.12827493250370026 3155.47 3257.08 3200.92 3256.16 3201.24 3271.90 3155.79 3272.81
26071-675-M6-068-00034 0.11806435137987137 3606.37 2978.86 3650.55 2978.56 3651.17 3070.95 3606.99 3071.24
26071-675-M6-068-00034 0.09813126176595688 2858.00 2977.03 2903.61 2979.43 2898.90 3068.94 2853.29 3066.54
26071-675-M6-068-00034 0.08570615947246552 3329.62 5742.04 3376.29 5736.81 3386.65 5829.20 3339.98 5834.44
26071-675-M6-068-00034 0.0856383815407753 3155.06 3498.11 3200.93 3496.26 3201.61 3513.10 3155.74 3514.96
26071-675-M6-068-00034 0.06768223643302917 1618.53 5974.08 1650.97 5973.51 1653.39 6110.17 1620.94 6110.74
26071-675-M6-068-00034 0.06387978047132492 1950.83 1660.44 1983.17 1661.69 1978.18 1790.78 1945.84 1789.53
26071-675-M6-068-00034 0.05874351039528847 7695.31 730.03 8215.58 720.53 8216.47 769.55 7696.21 779.05
26071-675-M6-068-00034 0.056379836052656174 2577.69 5739.50 2621.27 5728.50 2644.73 5821.46 2601.15 5832.46
26071-675-M6-068-00034 0.056224022060632706 3454.87 1317.49 3502.71 1318.09 3501.58 1408.28 3453.75 1407.68
26071-675-M6-068-00034 0.05358695238828659 3067.88 5889.42 3100.13 5890.25 3096.83 6019.07 3064.58 6018.24
26071-450-M6-082-00031 0.9914407730102539 3439.43 3174.40 3569.58 3175.85 3569.22 3207.98 3439.08 3206.52
26071-450-M6-082-00031 0.9907962083816528 2940.04 3453.69 3069.66 3453.47 3069.71 3485.68 2940.09 3485.90
26071-450-M6-082-00031 0.15795931220054626 3029.77 3413.17 3075.02 3437.12 3060.74 3464.11 3015.49 3440.15
26071-450-M6-082-00031 0.09518473595380783 3528.70 3193.47 3572.58 3217.15 3558.24 3243.72 3514.36 3220.04
26071-450-M6-082-00031 0.05744924396276474 3769.07 6485.56 3794.54 6488.51 3793.16 6500.38 3767.70 6497.43
26071-450-M6-082-00031 0.054850418120622635 343.00 2212.12 901.50 2212.63 901.46 2260.39 342.95 2259.88
26071-450-M6-082-00031 0.051058053970336914 6593.86 3711.16 6708.16 3712.68 6707.47 3764.40 6593.17 3762.88
26071-200-M6-062-00276 0.9938669800758362 5267.24 4037.94 5396.70 4035.79 5397.24 4068.26 5267.78 4070.42
26071-200-M6-062-00276 0.9900457262992859 992.20 3484.76 1024.68 3484.05 1027.50 3613.80 995.02 3614.51
26071-200-M6-062-00276 0.9899667501449585 3555.22 2056.24 3681.91 2054.26 3682.41 2086.80 3555.73 2088.79
26071-200-M6-062-00276 0.9894410371780396 6437.47 4311.51 6469.78 4310.66 6473.19 4440.06 6440.88 4440.91
26071-200-M6-062-00276 0.28158119320869446 5339.43 3985.85 5369.14 3987.14 5366.89 4039.06 5337.18 4037.77
26071-200-M6-062-00276 0.2166770100593567 1960.77 2776.10 1993.17 2774.73 1998.48 2900.68 1966.08 2902.05
26071-200-M6-062-00276 0.1165902391076088 3635.78 1973.47 3683.22 1972.15 3685.76 2063.33 3638.33 2064.65
26071-200-M6-062-00276 0.1062130406498909 1256.30 3915.79 1325.83 3912.04 1336.95 4118.20 1267.43 4121.95
26071-200-M6-062-00276 0.10590861737728119 5462.27 4051.26 5491.83 4058.17 5478.82 4113.84 5449.27 4106.94
26071-200-M6-062-00276 0.06224984675645828 5168.38 4090.96 5208.53 4060.38 5228.56 4086.68 5188.40 4117.26
26071-200-M6-062-00276 0.061380960047245026 4053.64 4332.17 4281.75 4336.01 4280.94 4384.50 4052.82 4380.67
26071-200-M6-062-00276 0.0587463341653347 3158.36 4087.48 3201.82 4060.62 3218.93 4088.31 3175.47 4115.16
26071-200-M6-062-00276 0.058336853981018066 4152.35 4931.91 4377.83 4938.65 4376.36 4987.75 4150.88 4981.00
26071-200-M6-062-00276 0.058248117566108704 5045.93 4087.27 5088.92 4057.94 5107.07 4084.56 5064.08 4113.88
26071-200-M6-062-00276 0.05006149783730507 2991.13 4056.08 3028.77 4057.98 3025.86 4115.80 2988.22 4113.90
26071-500-M6-059-00011 0.9963822364807129 4736.61 6031.62 4865.43 6032.28 4865.26 6064.54 4736.45 6063.88
26071-500-M6-059-00011 0.991568386554718 4244.53 5610.31 4276.91 5610.99 4274.24 5739.48 4241.85 5738.81
26071-500-M6-059-00011 0.19770203530788422 5114.64 6222.43 5243.62 6226.57 5242.55 6259.85 5113.57 6255.71
26071-500-M6-059-00011 0.12207836657762527 3520.60 3981.78 3553.25 3983.17 3548.79 4088.33 3516.15 4086.95
26071-500-M6-059-00011 0.0626935213804245 2113.25 2975.90 2161.75 2974.68 2168.60 3247.21 2120.10 3248.43
26071-500-M6-059-00011 0.057215623557567596 3819.55 3327.94 3921.02 3327.44 3921.18 3360.26 3819.71 3360.76
26071-500-M6-059-00011 0.05613676831126213 6286.53 3299.72 6334.80 3301.67 6324.17 3564.79 6275.90 3562.84
26071-500-M6-059-00011 0.05538639426231384 4599.25 2896.45 4647.51 2894.86 4656.25 3161.56 4607.99 3163.15
26071-500-M6-059-00011 0.05537450313568115 5664.11 2896.15 5712.60 2895.19 5717.85 3161.14 5669.37 3162.10
26071-500-M6-059-00011 0.05492782220244408 5133.94 2899.84 5181.94 2899.08 5186.02 3159.18 5138.03 3159.93
26071-500-M6-059-00011 0.05278591811656952 4227.57 4314.53 4258.03 4319.12 4247.83 4386.84 4217.37 4382.25
26071-600-M6-065-00021 0.9972860813140869 4026.51 5937.54 4156.87 5937.14 4156.96 5968.98 4026.60 5969.38
26071-600-M6-065-00021 0.9969636797904968 5797.95 5937.67 5928.93 5937.61 5928.95 5969.66 5797.97 5969.72
26071-600-M6-065-00021 0.9967836141586304 4816.93 4698.37 4947.59 4699.72 4947.26 4731.66 4816.60 4730.32
26071-600-M6-065-00021 0.9959502220153809 3080.66 4698.80 3211.54 4699.47 3211.38 4731.36 3080.50 4730.70
26071-600-M6-065-00021 0.9928257465362549 5916.81 5326.33 6047.43 5328.06 6047.00 5360.57 5916.38 5358.83
26071-600-M6-065-00021 0.992474377155304 2763.44 1416.32 2796.17 1415.67 2798.75 1544.83 2766.02 1545.48
26071-600-M6-065-00021 0.9921650886535645 4184.64 5324.47 4310.26 5329.52 4308.97 5361.52 4183.36 5356.48
26071-600-M6-065-00021 0.9911590218544006 4770.75 2266.16 4900.14 2265.18 4900.39 2297.87 4771.00 2298.85
26071-600-M6-065-00021 0.9910620450973511 4381.84 2267.56 4510.70 2265.01 4511.35 2297.69 4382.49 2300.25
26071-600-M6-065-00021 0.9894337058067322 3757.69 3249.19 3790.51 3247.42 3797.41 3375.41 3764.59 3377.18
26071-600-M6-065-00021 0.9891873002052307 3239.32 2266.35 3369.02 2264.23 3369.55 2296.68 3239.85 2298.80
26071-600-M6-065-00021 0.9888207912445068 1973.25 1417.04 2005.19 1417.06 2005.12 1547.71 1973.18 1547.69
26071-600-M6-065-00021 0.9867233633995056 4180.74 2991.55 4310.73 2994.23 4310.06 3026.88 4180.07 3024.20
26071-600-M6-065-00021 0.9766640067100525 2018.73 1665.22 2148.05 1667.14 2147.57 1699.53 2018.25 1697.61
26071-600-M6-065-00021 0.40315067768096924 2105.78 1581.05 2153.67 1583.60 2148.60 1679.17 2100.71 1676.63
26071-600-M6-065-00021 0.2574649155139923 1888.54 1502.58 1980.92 1496.59 1984.00 1544.09 1891.62 1550.08
26071-600-M6-065-00021 0.19443291425704956 2791.80 1494.77 2881.69 1502.53 2877.62 1549.80 2787.72 1542.05
26071-600-M6-065-00021 0.1384618729352951 4238.07 2917.19 4330.27 2913.69 4332.09 2961.62 4239.89 2965.12
26071-600-M6-065-00021 0.12923769652843475 3164.14 4614.86 3211.38 4615.07 3210.96 4708.92 3163.71 4708.71
26071-600-M6-065-00021 0.11879783868789673 3553.59 2196.94 3600.68 2196.27 3601.96 2285.88 3554.87 2286.55
26071-600-M6-065-00021 0.1069449931383133 5507.17 6140.71 5635.00 6142.40 5634.56 6175.67 5506.73 6173.98
26071-600-M6-065-00021 0.09646472334861755 4264.57 5246.27 4312.12 5246.47 4311.75 5337.91 4264.20 5337.72
26071-600-M6-065-00021 0.09451683610677719 6000.66 5246.09 6048.21 5246.31 6047.79 5338.13 6000.24 5337.91
26071-600-M6-065-00021 0.09409161657094955 7000.63 5372.43 7033.13 5372.82 7031.51 5505.46 6999.00 5505.07
26071-600-M6-065-00021 0.08946679532527924 1874.82 5255.33 1907.22 5255.41 1906.92 5388.01 1874.52 5387.94
26071-600-M6-065-00021 0.07808814942836761 4900.30 4616.83 4948.55 4615.55 4951.02 4708.84 4902.77 4710.12
26071-600-M6-065-00021 0.06977672874927521 5172.01 2574.63 5264.94 2573.44 5265.55 2620.86 5172.62 2622.05
26071-600-M6-065-00021 0.06196630746126175 3567.05 5432.40 3710.89 5434.79 3710.13 5480.82 3566.28 5478.43
26071-600-M6-065-00021 0.06141192838549614 4709.60 1899.90 4758.15 1899.43 4760.61 2154.52 4712.07 2154.99
26071-600-M6-065-00021 0.050048764795064926 2471.36 3417.11 2943.48 3405.12 2944.75 3454.92 2472.63 3466.91
26071-500-M6-059-00013 0.36090272665023804 2869.67 2990.55 2971.43 2994.23 2970.25 3026.86 2868.49 3023.19
26071-500-M6-059-00013 0.0953943058848381 4656.86 4450.64 4689.29 4453.17 4681.27 4556.04 4648.84 4553.51
26071-500-M6-059-00013 0.08166681230068207 5797.81 3580.53 5928.87 3579.80 5929.05 3612.54 5798.00 3613.27
26071-500-M6-059-00013 0.053657565265893936 2883.69 5006.43 2899.71 5007.00 2899.44 5014.63 2883.42 5014.05
26071-500-M6-059-00013 0.051300350576639175 5359.02 4731.67 5406.85 4731.22 5409.31 4991.08 5361.48 4991.54
26071-500-M6-059-00013 0.05085386708378792 369.01 1028.19 888.50 1037.36 887.58 1089.02 368.10 1079.85
26071-500-M6-059-00044 0.9925170540809631 4438.75 1214.71 4471.06 1213.73 4474.98 1342.70 4442.67 1343.69
26071-500-M6-059-00044 0.13789093494415283 4357.37 1301.49 4450.66 1297.05 4452.89 1343.79 4359.60 1348.23
26071-500-M6-059-00044 0.0969211608171463 4726.50 3486.27 4856.38 3485.24 4856.64 3517.61 4726.76 3518.65
26071-500-M6-059-00044 0.0837002620100975 4973.36 3255.74 5005.45 3255.04 5008.05 3375.05 4975.96 3375.74
26071-500-M6-059-00044 0.07992833852767944 2705.80 4967.22 2733.70 4986.84 2718.47 5008.49 2690.57 4988.87
26071-500-M6-059-00044 0.06954758614301682 4948.49 2715.11 4983.64 2713.63 4985.90 2767.41 4950.75 2768.89
26071-500-M6-059-00044 0.06045692414045334 6533.35 1386.28 6581.94 1383.61 6596.51 1649.63 6547.93 1652.29
26071-500-M6-059-00044 0.05882251262664795 4950.90 2243.86 4984.04 2242.14 4986.81 2295.24 4953.66 2296.97
26071-500-M6-059-00044 0.0573108047246933 4958.51 3004.26 4991.03 3010.40 4980.09 3068.37 4947.57 3062.24
26071-200-M6-052-00093 0.9941060543060303 4450.95 1414.96 4579.56 1414.82 4579.59 1447.36 4450.99 1447.49
26071-200-M6-052-00093 0.990064799785614 5407.24 3271.86 5537.53 3270.22 5537.94 3302.08 5407.64 3303.72
26071-200-M6-052-00093 0.4173298180103302 5409.60 3294.66 5457.41 3296.55 5453.83 3386.86 5406.02 3384.96
26071-200-M6-052-00093 0.34918302297592163 2012.37 2327.15 2143.93 2324.16 2144.64 2355.44 2013.08 2358.43
26071-200-M6-052-00093 0.12118376791477203 2105.85 2348.06 2152.90 2352.04 2144.91 2446.39 2097.86 2442.40
26071-200-M6-052-00093 0.11837449669837952 5409.38 3791.92 5456.40 3791.35 5457.54 3885.51 5410.53 3886.09
26071-200-M6-052-00093 0.088516965508461 2103.84 2850.73 2150.31 2850.51 2150.73 2941.69 2104.26 2941.90
26071-200-M6-052-00093 0.07775367051362991 5102.70 2283.66 5151.15 2285.02 5143.69 2551.43 5095.23 2550.07
26071-200-M6-052-00093 0.07624837011098862 4446.53 3775.47 4579.77 3775.45 4579.77 3807.79 4446.54 3807.81
26071-200-M6-052-00093 0.05654557794332504 7712.32 5529.79 8261.37 5531.65 8261.20 5581.62 7712.15 5579.76
26071-200-M6-052-00002 0.9947169423103333 2909.15 5966.94 2941.67 5967.58 2939.14 6094.72 2906.62 6094.07
26071-200-M6-052-00002 0.9939664602279663 1262.71 5966.26 1295.59 5966.63 1294.17 6093.74 1261.29 6093.37
26071-200-M6-052-00002 0.9922131896018982 4349.79 5036.20 4477.74 5037.30 4477.46 5069.72 4349.52 5068.62
26071-200-M6-052-00002 0.9920837879180908 4263.96 3588.51 4392.76 3589.65 4392.47 3622.14 4263.67 3621.00
26071-200-M6-052-00002 0.9917037487030029 3636.29 3056.82 3767.82 3056.22 3767.96 3088.06 3636.43 3088.66
26071-200-M6-052-00002 0.9912759065628052 3554.76 3336.25 3685.06 3335.29 3685.30 3367.44 3555.00 3368.39
26071-200-M6-052-00002 0.3175048828125 3657.85 3288.42 3685.69 3299.98 3664.09 3351.99 3636.26 3340.43
26071-200-M6-052-00002 0.22224873304367065 3651.72 3074.89 3680.91 3077.67 3675.81 3131.07 3646.62 3128.28
26071-200-M6-052-00002 0.13133901357650757 952.17 5837.67 1085.75 5838.83 1085.47 5870.65 951.90 5869.49
26071-200-M6-052-00002 0.09102141112089157 4342.01 3601.46 4408.14 3632.98 4394.13 3662.36 4328.00 3630.84
26071-200-M6-052-00002 0.05954994261264801 1454.15 730.25 1804.61 730.34 1804.60 777.20 1454.14 777.11
26071-200-M6-052-00002 0.05802730470895767 3162.41 3056.49 3208.80 3056.55 3208.77 3073.74 3162.39 3073.68
26071-675-M6-068-10002 0.052671968936920166 4647.83 1854.65 4704.91 1855.03 4703.55 2057.21 4646.47 2056.83
26071-675-M6-068-10002 0.05200503021478653 1143.51 2251.30 1602.67 2247.98 1603.03 2297.89 1143.87 2301.21
26071-750-M6-085-00012 0.9927338361740112 1446.13 3601.18 1477.95 3601.74 1475.70 3731.08 1443.88 3730.52
26071-750-M6-085-00012 0.14902162551879883 7025.83 1507.12 7125.96 1504.71 7126.75 1537.52 7026.62 1539.92
26071-750-M6-085-00012 0.12204974889755249 7611.45 1329.80 7725.23 1326.66 7726.11 1358.76 7612.33 1361.90
26071-750-M6-085-00012 0.10631703585386276 7611.94 1543.35 7723.51 1540.08 7724.45 1572.01 7612.87 1575.28
26071-750-M6-085-00012 0.08536765724420547 7902.45 2267.00 8010.82 2270.52 8009.75 2303.50 7901.38 2299.97
26071-750-M6-085-00012 0.07339440286159515 893.63 3415.09 1024.51 3416.60 1024.14 3448.37 893.26 3446.85
26071-750-M6-085-00012 0.0531051829457283 7674.55 2345.95 7722.81 2345.59 7724.73 2604.11 7676.46 2604.47
26071-200-M6-062-00277 0.055776309221982956 6262.45 1646.55 6498.81 1645.36 6499.05 1693.43 6262.69 1694.62
26071-200-M6-062-00277 0.05352763086557388 3549.15 6018.20 3775.51 6015.91 3776.00 6063.96 3549.64 6066.26
26071-600-M6-065-00259 0.9949192404747009 957.10 1631.45 1087.10 1631.53 1087.08 1663.93 957.08 1663.86
26071-600-M6-065-00259 0.9924758076667786 7926.58 5611.76 8053.97 5613.50 8053.52 5645.94 7926.14 5644.19
26071-600-M6-065-00259 0.9915755391120911 601.79 1631.49 731.71 1631.02 731.82 1663.22 601.91 1663.69
26071-600-M6-065-00259 0.9895834922790527 7571.11 5613.06 7700.52 5612.25 7700.73 5644.66 7571.31 5645.47
26071-600-M6-065-00259 0.39151179790496826 683.06 1548.79 730.12 1547.70 732.26 1640.42 685.21 1641.51
26071-600-M6-065-00259 0.24738040566444397 7647.24 5641.11 7696.54 5634.30 7709.03 5724.65 7659.73 5731.46
26071-600-M6-065-00259 0.13307349383831024 1038.49 1546.44 1086.00 1546.73 1085.42 1639.22 1037.92 1638.92
26071-600-M6-065-00259 0.10065365582704544 8009.89 5636.32 8056.77 5638.19 8053.01 5732.18 8006.13 5730.31
26071-600-M6-065-00259 0.05028189346194267 6855.33 5605.41 7082.89 5602.91 7083.42 5650.78 6855.86 5653.28
26071-200-M6-052-00544 0.9965155124664307 6723.37 4393.31 6755.69 4393.86 6753.50 4522.06 6721.17 4521.51
26071-200-M6-052-00544 0.9949198365211487 3348.71 2185.38 3381.17 2185.04 3382.47 2312.31 3350.01 2312.64
26071-200-M6-052-00544 0.9941362142562866 5289.20 4120.17 5420.14 4118.65 5420.51 4150.79 5289.58 4152.31
26071-200-M6-052-00544 0.9929822683334351 758.50 3956.70 790.80 3957.22 788.71 4086.06 756.42 4085.54
26071-200-M6-052-00544 0.1748630404472351 5306.93 4141.72 5343.76 4170.80 5325.26 4194.22 5288.44 4165.15
26071-200-M6-052-00544 0.07490494102239609 1688.96 2658.52 1720.63 2656.65 1728.31 2786.75 1696.64 2788.62
26071-200-M6-052-00544 0.07416170090436935 3268.54 2265.09 3360.33 2269.48 3358.05 2317.13 3266.26 2312.74
26071-200-M6-052-00544 0.07375224679708481 2441.34 4306.38 2489.89 4305.83 2492.86 4567.79 2444.30 4568.34
26071-200-M6-052-00544 0.06480246782302856 5336.09 3041.50 5384.79 3041.56 5384.45 3303.38 5335.75 3303.32
26071-200-M6-052-00544 0.06281367689371109 6742.78 4480.64 6834.09 4469.75 6839.73 4517.11 6748.42 4527.99
26071-200-M6-052-00544 0.05388890951871872 1303.14 5012.57 1413.21 5010.36 1414.22 5061.02 1304.16 5063.23
26071-200-M6-052-00544 0.05211279168725014 2056.69 3249.92 2089.43 3250.04 2088.99 3379.24 2056.25 3379.12
26071-600-M6-066-00003 0.056773778051137924 4854.72 2578.47 4861.73 2578.51 4861.64 2594.50 4854.63 2594.46
26071-600-M6-066-00003 0.051414988934993744 3297.60 1973.18 3323.95 1993.38 3315.58 2004.29 3289.24 1984.09
26071-750-M6-085-00309 0.05090397968888283 350.84 4304.93 884.90 4367.53 878.96 4418.25 344.89 4355.65
