26071-200-M6-052-00001 0.061723414808511734 2488.83 3384.27 3069.49 3377.04 3072.01 3579.90 2491.35 3587.13
26071-500-M6-059-00017 0.10248228907585144 5797.94 3763.31 6288.66 3749.81 6294.59 3965.83 5803.88 3979.32
26071-500-M6-059-00017 0.08936907351016998 1780.30 3764.64 2314.04 3741.05 2323.38 3952.50 1789.64 3976.09
26071-500-M6-059-00017 0.08460473269224167 3737.61 3754.60 4322.59 3729.85 4331.85 3948.65 3746.87 3973.40
26071-500-M6-059-00017 0.06548945605754852 3238.31 3993.17 4048.13 3896.32 4080.70 4168.65 3270.88 4265.50
26071-200-M6-052-00539 0.11943279951810837 3364.07 5400.43 3894.79 5355.87 3911.12 5550.33 3380.40 5594.90
26071-500-M6-059-00248 0.18007132411003113 4626.98 4431.65 5215.99 4422.74 5219.12 4629.98 4630.11 4638.89
26071-700-M6-054-00246 0.07982175052165985 4245.49 3072.57 4906.24 3092.26 4897.86 3373.40 4237.11 3353.71
26071-500-M6-059-00040 0.05765644833445549 2534.98 1315.13 2596.66 1312.83 2601.48 1442.08 2539.80 1444.39
26071-550-M6-084-00248 0.14137430489063263 4648.86 3998.02 5174.23 3947.29 5194.11 4153.20 4668.75 4203.94
26071-200-M6-052-00080 0.10521834343671799 6346.45 3797.59 7113.47 3767.43 7124.79 4055.46 6357.77 4085.62
26071-200-M6-052-00080 0.10280214995145798 2919.26 3821.11 3654.73 3850.10 3645.46 4085.16 2909.99 4056.16
26071-200-M6-052-00080 0.05101505666971207 2736.57 3778.41 2938.13 3725.65 3034.88 4095.19 2833.32 4147.96
26071-300-M6-053-00309 0.11060848087072372 3418.34 3034.87 3980.88 3202.23 3914.98 3423.73 3352.44 3256.37
26071-300-M6-053-00309 0.08722981065511703 3365.96 5188.00 4219.74 5170.09 4224.48 5396.14 3370.70 5414.05
26071-450-M6-082-00009 0.06516954302787781 3660.70 4501.99 3840.23 4490.54 3855.29 4726.41 3675.75 4737.87
26071-200-M6-052-00552 0.0755193755030632 5257.41 4298.62 5330.22 4307.48 5316.48 4420.41 5243.67 4411.56
26071-750-M6-085-00007 0.06162698566913605 3656.93 2600.06 4175.10 2605.91 4173.00 2792.00 3654.83 2786.14
26071-750-M6-085-00007 0.061509013175964355 2065.80 2611.46 2550.23 2614.33 2549.19 2789.66 2064.76 2786.78
26071-750-M6-085-00007 0.05191775783896446 4918.73 3100.12 5784.08 3102.91 5783.15 3391.07 4917.80 3388.28
26071-203-M6-337-00031 0.08624044805765152 4949.13 2218.73 5018.88 2221.60 5013.92 2342.11 4944.18 2339.25
26071-203-M6-337-00031 0.08317705243825912 4855.81 3179.51 5694.60 3178.81 5694.81 3428.83 4856.02 3429.53
26071-203-M6-337-00031 0.08238351345062256 5441.61 1528.56 6039.15 1505.47 6049.64 1777.03 5452.11 1800.11
26071-203-M6-337-00031 0.07441899180412292 4940.71 1109.29 5009.85 1107.03 5013.76 1226.43 4944.62 1228.70
26071-203-M6-337-00031 0.07260677218437195 5460.91 1226.32 5971.30 1210.66 5979.67 1483.45 5469.28 1499.11
26071-203-M6-337-00031 0.07079411298036575 4940.35 1828.97 5010.10 1827.02 5013.44 1946.43 4943.69 1948.38
26071-203-M6-337-00031 0.07059844583272934 5468.77 1742.86 6106.85 1783.42 6088.38 2074.00 5450.30 2033.44
26071-203-M6-337-00031 0.0686788558959961 4833.49 1654.21 5601.01 1603.04 5621.40 1908.87 4853.88 1960.04
26071-203-M6-337-00031 0.06848135590553284 4939.94 2608.75 5007.48 2604.58 5014.83 2723.76 4947.29 2727.92
26071-203-M6-337-00031 0.06827276200056076 4718.12 2355.15 5162.03 2351.10 5163.81 2546.89 4719.91 2550.94
26071-203-M6-337-00031 0.06787055730819702 4712.30 2740.05 5162.36 2731.26 5166.20 2928.12 4716.14 2936.90
26071-203-M6-337-00031 0.06785526871681213 4952.74 1465.23 5020.63 1470.42 5011.80 1585.96 4943.91 1580.78
26071-203-M6-337-00031 0.06761516630649567 4949.49 2966.08 5018.44 2968.56 5014.09 3089.40 4945.14 3086.91
26071-203-M6-337-00031 0.06745130568742752 5509.56 2298.46 6136.98 2264.76 6151.31 2531.56 5523.89 2565.26
26071-203-M6-337-00031 0.06626773625612259 4722.48 1965.45 5164.37 1953.86 5169.36 2144.39 4727.48 2155.98
26071-203-M6-337-00031 0.06252031028270721 4712.85 3122.69 5062.50 3125.77 5060.97 3299.86 4711.32 3296.79
26071-203-M6-337-00031 0.06222407519817352 4716.35 1244.75 5169.49 1230.39 5175.52 1420.60 4722.37 1434.96
26071-203-M6-337-00031 0.05854817479848862 1995.47 982.34 2555.48 995.78 2552.36 1125.81 1992.35 1112.37
26071-203-M6-337-00031 0.056115590035915375 5503.54 2691.89 6027.34 2755.25 5993.91 3031.60 5470.11 2968.24
26071-203-M6-337-00031 0.05215698853135109 2046.56 1005.94 2593.01 1204.04 2459.54 1572.20 1913.10 1374.10
26071-203-M6-332-00001 0.10728306323289871 4792.60 3090.24 5143.05 2832.28 5547.90 3382.29 5197.45 3640.25
26071-203-M6-332-00001 0.10156616568565369 3748.53 2770.10 4181.45 2832.37 4084.93 3503.45 3652.01 3441.18
26071-203-M6-332-00001 0.10011910647153854 4181.68 2722.61 4609.56 2810.66 4473.19 3473.37 4045.31 3385.32
26071-203-M6-332-00001 0.09785636514425278 2738.12 3039.11 3153.02 2845.49 3434.59 3448.85 3019.70 3642.48
26071-203-M6-332-00001 0.09775269776582718 3329.25 2739.14 3755.88 2794.06 3670.71 3455.71 3244.09 3400.79
26071-203-M6-332-00001 0.09641459584236145 5428.96 2742.45 5853.55 2794.19 5773.12 3454.26 5348.52 3402.52
26071-203-M6-332-00001 0.09183911979198456 5858.11 2785.16 6300.58 2869.93 6176.77 3516.21 5734.30 3431.44
26071-200-M6-052-00150 0.09923775494098663 3438.79 1864.59 3815.69 1875.73 3808.94 2104.03 3432.05 2092.89
26071-200-M6-052-00150 0.05617501586675644 3006.23 3091.94 3728.53 3025.49 3756.28 3327.07 3033.98 3393.52
26071-200-M6-052-00003 0.062228694558143616 4166.52 4632.51 4367.48 4627.19 4379.86 5094.19 4178.90 5099.52
26071-700-M6-054-00036 0.12135878950357437 3976.34 3444.52 4652.68 3416.10 4661.48 3625.57 3985.14 3653.98
26071-600-M6-065-00231 0.07359188050031662 6051.88 3309.61 6579.32 3313.38 6577.99 3500.41 6050.54 3496.65
26071-600-M6-065-00231 0.0644371509552002 6502.34 3291.34 7073.84 3313.89 7066.31 3504.87 6494.80 3482.31
26071-500-M6-059-00116 0.08771457523107529 3875.97 4072.24 4479.45 4093.11 4472.82 4284.90 3869.33 4264.02
26071-550-M6-084-00026 0.05692557990550995 6397.09 2828.49 6460.57 2833.66 6449.04 2975.18 6385.56 2970.01
26071-200-M6-052-00090 0.09440486878156662 2424.92 3375.69 3290.49 3315.09 3310.47 3600.51 2444.90 3661.10
26071-200-M6-052-00090 0.08378271013498306 5652.51 3445.61 6316.72 3410.41 6329.21 3645.99 5664.99 3681.19
26071-600-M6-065-00037 0.05696304142475128 1836.65 4529.33 2006.02 4502.40 2054.70 4808.47 1885.33 4835.40
26071-300-M6-053-00010 0.10215040296316147 2051.13 4317.13 2663.98 4305.96 2667.72 4510.67 2054.87 4521.84
26071-203-M6-320-00042 0.05222326144576073 2603.82 3563.48 2700.07 3561.83 2710.52 4171.39 2614.27 4173.04
26071-200-M6-052-00540 0.059710562229156494 3797.38 4372.68 4364.23 4367.89 4365.74 4545.52 3798.88 4550.30
26071-203-M6-160-00291 0.14958657324314117 2887.14 3585.32 3869.90 3586.54 3869.59 3837.09 2886.83 3835.87
26071-203-M6-160-00291 0.052306175231933594 2542.57 5104.79 2606.75 5102.93 2613.23 5327.02 2549.05 5328.88
26071-300-M6-053-00008 0.07615144550800323 5228.47 1966.13 5896.18 1932.59 5911.69 2241.41 5243.98 2274.95
26071-200-M6-063-00010 0.09179486334323883 2543.47 3984.23 3085.24 3961.59 3093.45 4158.04 2551.68 4180.67
26071-203-M6-060-00006 0.1032591313123703 3331.89 4213.93 3758.41 4186.72 3771.97 4399.30 3345.45 4426.51
26071-203-M6-060-00006 0.09857441484928131 2683.52 4198.42 3177.10 4200.15 3176.39 4402.84 2682.80 4401.11
26071-203-M6-060-00006 0.07199489325284958 5909.70 4079.19 6400.59 4086.51 6397.93 4264.74 5907.04 4257.42
26071-300-M6-053-00012 0.13154642283916473 5129.91 2264.78 5667.25 2260.23 5669.01 2467.85 5131.67 2472.41
26071-300-M6-053-00012 0.05715341120958328 4222.53 3433.62 4469.89 3450.31 4435.93 3953.74 4188.57 3937.06
26071-675-M6-068-00034 0.10480685532093048 3413.07 4846.83 3861.74 4844.16 3862.93 5043.72 3414.26 5046.39
26071-675-M6-068-00034 0.09562899172306061 2662.88 4850.55 3113.16 4833.67 3120.71 5035.14 2670.43 5052.02
26071-450-M6-082-00031 0.12443415075540543 3023.57 3222.51 3560.64 3234.95 3555.54 3455.16 3018.47 3442.72
26071-200-M6-062-00276 0.05979384109377861 6011.72 4128.85 6123.79 4130.00 6120.35 4466.62 6008.28 4465.47
26071-200-M6-062-00276 0.05424275994300842 6452.52 4145.64 6548.34 4143.05 6557.25 4473.67 6461.43 4476.25
26071-500-M6-059-00011 0.06577114760875702 3516.53 3465.64 4311.50 3402.29 4332.85 3670.24 3537.88 3733.60
26071-600-M6-065-00021 0.05298459902405739 2098.44 1399.75 2733.77 1383.91 2740.70 1661.70 2105.37 1677.54
26071-500-M6-059-00013 0.08427286893129349 2882.72 4897.64 3300.91 4897.10 3301.19 5112.86 2883.00 5113.40
26071-500-M6-059-00013 0.05139081925153732 5307.12 1759.42 5542.53 1761.70 5541.55 1862.78 5306.14 1860.50
26071-500-M6-059-00044 0.05928857624530792 2894.37 4962.73 2963.09 4967.32 2955.10 5086.93 2886.39 5082.35
26071-500-M6-059-00044 0.058299027383327484 6472.75 4964.34 6541.80 4968.04 6535.45 5086.36 6466.39 5082.65
26071-200-M6-052-00093 0.1346779763698578 3975.76 1411.10 4602.68 1382.26 4612.63 1598.71 3985.72 1627.54
26071-200-M6-052-00093 0.1321956366300583 3961.04 3802.66 4568.69 3755.25 4583.86 3949.72 3976.21 3997.12
26071-200-M6-052-00093 0.08262401819229126 4009.69 4478.12 4592.17 4480.73 4591.29 4676.96 4008.81 4674.35
26071-200-M6-052-00093 0.07064080238342285 4002.30 2253.24 4617.82 2231.73 4624.72 2428.99 4009.20 2450.51
26071-200-M6-052-00002 0.08172259479761124 2974.81 3121.08 3543.81 3101.51 3550.75 3303.47 2981.76 3323.04
26071-675-M6-068-10002 0.09852201491594315 4557.17 1586.18 5096.75 1573.13 5100.95 1746.88 4561.38 1759.94
26071-675-M6-068-10002 0.08845535665750504 3734.42 1589.34 4304.67 1569.11 4310.80 1741.93 3740.55 1762.15
26071-675-M6-068-10002 0.08133400976657867 2020.19 4434.46 2878.89 4349.58 2897.77 4540.58 2039.07 4625.46
26071-675-M6-068-10002 0.0562613271176815 5363.25 1611.99 5824.91 1602.08 5828.05 1748.41 5366.39 1758.32
26071-750-M6-085-00012 0.1525488793849945 7221.07 4266.22 7686.59 4235.02 7700.12 4436.94 7234.60 4468.14
26071-750-M6-085-00012 0.1323866993188858 5081.71 4268.54 5506.16 4244.47 5517.69 4447.78 5093.24 4471.85
26071-750-M6-085-00012 0.1204143762588501 2340.29 4250.47 2811.84 4269.82 2804.31 4453.38 2332.76 4434.03
26071-750-M6-085-00012 0.09050939977169037 3109.12 4255.49 3587.82 4260.82 3585.63 4457.33 3106.93 4452.00
26071-750-M6-085-00012 0.06022688001394272 4995.53 3760.67 5423.72 3774.11 5419.48 3909.20 4991.29 3895.77
26071-750-M6-085-00012 0.05871087685227394 5006.10 5100.44 5513.42 5100.29 5513.46 5247.28 5006.14 5247.42
26071-750-M6-085-00012 0.056681860238313675 726.55 1735.37 1150.15 1745.89 1144.81 1961.05 721.21 1950.53
26071-750-M6-085-00012 0.055983033031225204 2725.77 3687.53 2878.18 3581.66 3108.17 3912.74 2955.76 4018.62
26071-750-M6-085-00309 0.06554173678159714 2916.42 3575.62 3250.52 3569.98 3259.43 4096.91 2925.33 4102.56
