26071-200-M6-052-00001 0.11237923055887222 3083.57 3594.93 3209.75 3595.77 3209.53 3628.37 3083.35 3627.53
26071-200-M6-052-00001 0.10278258472681046 3166.46 3721.85 3212.02 3725.83 3207.91 3772.87 3162.35 3768.89
26071-200-M6-052-00001 0.09309481829404831 3169.70 3339.30 3222.87 3354.86 3214.19 3384.51 3161.02 3368.96
26071-200-M6-052-00001 0.08943153917789459 3043.81 3334.00 3071.91 3346.49 3053.81 3387.23 3025.71 3374.75
26071-200-M6-052-00001 0.08906739205121994 3165.49 3313.27 3295.93 3320.05 3294.28 3351.70 3163.85 3344.93
26071-200-M6-052-00001 0.08024194091558456 3437.44 2851.81 3526.94 2853.15 3526.47 2885.05 3436.96 2883.71
26071-200-M6-052-00001 0.07758289575576782 3672.07 4001.11 3800.58 3999.29 3801.03 4030.90 3672.51 4032.71
26071-200-M6-052-00001 0.07547932863235474 2574.32 3570.32 2620.54 3571.08 2620.06 3600.21 2573.84 3599.45
26071-200-M6-052-00001 0.05156052112579346 3675.76 5451.56 3800.09 5447.17 3801.19 5478.30 3676.86 5482.70
26071-500-M6-059-00017 0.28032901883125305 4482.15 2152.41 4586.95 2154.37 4586.35 2186.64 4481.55 2184.69
26071-500-M6-059-00017 0.11791998893022537 6186.05 3692.43 6210.07 3710.64 6175.50 3756.24 6151.48 3738.04
26071-500-M6-059-00017 0.11011165380477905 1865.33 3930.90 1916.96 3941.96 1910.88 3970.34 1859.26 3959.28
26071-500-M6-059-00017 0.10261735320091248 1946.06 3922.25 1988.88 3946.58 1973.05 3974.44 1930.23 3950.11
26071-500-M6-059-00017 0.085267074406147 1942.77 4047.56 1990.47 4052.96 1985.14 4100.04 1937.44 4094.64
26071-500-M6-059-00017 0.08302772045135498 4067.50 3286.23 4124.10 3313.79 4081.60 3401.07 4025.00 3373.52
26071-500-M6-059-00017 0.08236037939786911 5955.51 4047.80 6001.40 4054.09 5995.14 4099.78 5949.25 4093.49
26071-500-M6-059-00017 0.07961424440145493 4034.68 3730.66 4072.98 3700.34 4091.44 3723.66 4053.13 3753.98
26071-500-M6-059-00017 0.07845254242420197 6184.52 3652.93 6211.95 3673.41 6173.86 3724.45 6146.43 3703.97
26071-500-M6-059-00017 0.07816709578037262 3947.06 4048.70 3993.27 4053.52 3988.45 4099.63 3942.24 4094.81
26071-500-M6-059-00017 0.07599309086799622 5881.70 3929.53 5931.86 3937.93 5926.99 3966.99 5876.83 3958.59
26071-500-M6-059-00017 0.06357079744338989 4040.60 3583.75 4091.89 3583.82 4091.72 3707.19 4040.43 3707.12
26071-500-M6-059-00017 0.06164582446217537 3872.99 3930.69 3922.29 3936.71 3918.71 3966.10 3869.40 3960.09
26071-500-M6-059-00017 0.05835366249084473 2138.09 3710.81 2183.37 3714.17 2181.15 3744.06 2135.87 3740.70
26071-500-M6-059-00017 0.05826142057776451 4145.93 3713.17 4191.26 3712.20 4191.89 3741.68 4146.56 3742.65
26071-500-M6-059-00017 0.05602163076400757 4205.67 3708.33 4255.16 3719.11 4249.26 3746.20 4199.77 3735.43
26071-500-M6-059-00017 0.055908024311065674 360.14 1271.86 901.95 1266.82 902.53 1329.36 360.72 1334.40
26071-500-M6-059-00017 0.054051853716373444 3769.12 3746.79 3802.78 3743.89 3808.62 3811.81 3774.96 3814.70
26071-500-M6-059-00017 0.05337604880332947 2194.54 3713.73 2241.95 3712.29 2242.81 3740.67 2195.40 3742.11
26071-500-M6-059-00017 0.052279163151979446 3641.78 6221.25 3688.07 6228.95 3680.27 6275.77 3633.99 6268.07
26071-500-M6-059-00017 0.05149095878005028 6211.00 3712.60 6258.55 3713.14 6258.23 3741.63 6210.68 3741.09
26071-500-M6-059-00017 0.05051184818148613 5647.10 6032.27 5694.00 6038.30 5687.95 6085.43 5641.04 6079.40
26071-600-M6-066-00012 0.20965002477169037 4179.60 3738.24 4275.69 3736.65 4276.21 3768.22 4180.12 3769.81
26071-600-M6-066-00012 0.10384061932563782 3874.71 3615.52 3917.36 3616.64 3914.65 3720.17 3872.00 3719.06
26071-600-M6-066-00012 0.10281886905431747 6033.43 2267.52 6164.38 2268.19 6164.21 2300.44 6033.26 2299.76
26071-600-M6-066-00012 0.09848924726247787 5415.34 2495.75 5457.82 2505.98 5450.88 2534.79 5408.40 2524.56
26071-600-M6-066-00012 0.08759089559316635 4497.74 2467.53 4629.22 2465.61 4629.69 2497.35 4498.20 2499.28
26071-600-M6-066-00012 0.08590329438447952 5449.24 1797.34 5501.37 1788.26 5509.61 1835.57 5457.48 1844.65
26071-600-M6-066-00012 0.08570520579814911 6300.47 4790.70 6347.45 4800.19 6337.92 4847.32 6290.95 4837.83
26071-600-M6-066-00012 0.08016564697027206 350.61 4621.77 896.98 4622.54 896.89 4684.36 350.53 4683.59
26071-600-M6-066-00012 0.07493916153907776 6114.67 2499.53 6164.42 2499.62 6164.36 2529.77 6114.62 2529.68
26071-600-M6-066-00012 0.07411956787109375 2930.65 3619.04 2972.75 3618.22 2974.76 3721.94 2932.67 3722.76
26071-600-M6-066-00012 0.06683021783828735 3785.90 3739.45 3918.23 3734.00 3919.56 3766.32 3787.23 3771.77
26071-600-M6-066-00012 0.06597913056612015 5416.95 1790.38 5456.76 1792.68 5453.71 1845.44 5413.90 1843.14
26071-600-M6-066-00012 0.056558649986982346 7599.60 5214.54 8147.16 5207.65 8147.92 5268.46 7600.37 5275.35
26071-600-M6-066-00012 0.0534730963408947 357.86 3440.66 902.64 3440.71 902.63 3503.72 357.86 3503.66
26071-600-M6-066-00012 0.053180400282144547 3868.40 2498.58 3917.45 2494.17 3920.20 2524.71 3871.15 2529.13
26071-600-M6-066-00012 0.052360907196998596 6117.03 3580.66 6164.43 3582.68 6159.42 3700.02 6112.02 3698.00
26071-600-M6-066-00012 0.05161849781870842 6034.82 3737.46 6164.52 3746.19 6162.34 3778.66 6032.63 3769.93
26071-600-M6-066-00012 0.050241343677043915 1848.04 3370.74 1880.91 3368.43 1889.74 3494.48 1856.87 3496.78
26071-200-M6-052-00539 0.13186438381671906 1957.94 3888.76 1993.63 3892.05 1985.34 3982.22 1949.64 3978.94
26071-200-M6-052-00539 0.1165328398346901 2133.99 3147.13 2269.86 3154.82 2267.99 3187.74 2132.13 3180.05
26071-200-M6-052-00539 0.11301872879266739 2065.83 3214.97 2090.37 3198.78 2116.21 3237.95 2091.67 3254.14
26071-200-M6-052-00539 0.06383220106363297 4009.61 5673.30 4046.24 5691.23 4019.43 5745.98 3982.81 5728.05
26071-200-M6-052-00539 0.06150111183524132 3407.99 5296.11 3453.26 5306.94 3442.38 5352.42 3397.11 5341.59
26071-200-M6-052-00539 0.06118285655975342 5175.07 755.83 5222.16 760.68 5217.30 807.90 5170.21 803.05
26071-200-M6-052-00539 0.057622723281383514 4822.00 4339.56 4869.10 4345.18 4863.60 4391.24 4816.50 4385.62
26071-200-M6-052-00539 0.05470990762114525 3757.74 5611.71 3895.51 5596.80 3898.91 5628.18 3761.13 5643.09
26071-200-M6-052-00539 0.05120113864541054 7715.50 2718.78 8264.42 2747.04 8261.21 2809.55 7712.28 2781.29
26071-500-M6-059-00248 0.9633985757827759 4598.75 4379.53 4699.19 4378.87 4699.41 4411.16 4598.96 4411.82
26071-500-M6-059-00248 0.9623469710350037 5095.60 4658.80 5196.43 4655.98 5197.35 4688.86 5096.52 4691.69
26071-500-M6-059-00248 0.16052843630313873 5170.24 4617.37 5196.49 4631.29 5173.49 4674.66 5147.25 4660.75
26071-500-M6-059-00248 0.11918610334396362 3757.10 3210.02 3803.81 3214.00 3799.71 3262.11 3753.00 3258.12
26071-500-M6-059-00248 0.0998929813504219 4517.19 4651.39 4550.70 4674.52 4514.68 4726.70 4481.17 4703.56
26071-500-M6-059-00248 0.08602660894393921 4650.53 4400.11 4702.56 4410.91 4696.53 4440.02 4644.49 4429.23
26071-500-M6-059-00248 0.06572771072387695 349.29 1557.96 899.24 1546.73 900.49 1608.21 350.54 1619.43
26071-500-M6-059-00248 0.06489507853984833 4492.44 4277.17 4541.17 4279.81 4535.30 4387.90 4486.56 4385.25
26071-500-M6-059-00248 0.052630774676799774 3990.21 5080.85 4048.76 5103.48 4037.25 5133.26 3978.70 5110.63
26071-203-M6-325-00012 0.5119438767433167 1590.01 5675.48 1623.06 5676.21 1620.85 5777.23 1587.80 5776.51
26071-203-M6-325-00012 0.3693418800830841 1589.39 2975.07 1621.23 2974.80 1622.10 3076.15 1590.26 3076.42
26071-203-M6-325-00012 0.13375167548656464 1504.71 5731.23 1598.30 5731.78 1598.03 5778.05 1504.44 5777.50
26071-203-M6-325-00012 0.05111192539334297 1588.99 2375.06 1619.95 2373.41 1624.04 2450.13 1593.08 2451.78
26071-700-M6-054-00246 0.3833658695220947 4493.53 4340.23 4586.60 4340.96 4586.36 4372.33 4493.28 4371.60
26071-700-M6-054-00246 0.12376325577497482 4541.09 4302.63 4583.13 4313.61 4575.43 4343.09 4533.40 4332.12
26071-700-M6-054-00246 0.07995659857988358 4011.12 2001.42 4131.51 2003.89 4130.84 2036.46 4010.45 2033.99
26071-700-M6-054-00246 0.06770261377096176 4559.77 2853.26 4595.99 2879.64 4563.03 2924.89 4526.81 2898.52
26071-700-M6-054-00246 0.06406469643115997 6178.39 2392.96 6198.65 2389.79 6204.56 2427.53 6184.31 2430.71
26071-700-M6-054-00246 0.06228290870785713 2891.51 2197.95 3013.15 2207.14 3010.57 2241.18 2888.94 2231.99
26071-500-M6-059-00040 0.12908102571964264 5870.93 3733.92 5903.52 3732.98 5906.89 3849.58 5874.29 3850.52
26071-500-M6-059-00040 0.11409684270620346 2498.58 1347.98 2555.11 1299.23 2637.92 1395.24 2581.38 1443.99
26071-500-M6-059-00040 0.09440045058727264 5872.62 2856.86 5907.70 2853.91 5912.84 2914.98 5877.75 2917.93
26071-500-M6-059-00040 0.06071685627102852 3777.00 2860.96 3804.77 2861.44 3804.02 2905.59 3776.25 2905.11
26071-203-M6-333-00010 0.0619044229388237 5480.94 3652.02 6018.54 3652.64 6018.47 3715.20 5480.87 3714.57
26071-203-M6-333-00010 0.05718471482396126 3763.56 5552.22 3804.46 5554.21 3801.49 5615.41 3760.59 5613.42
26071-203-M6-333-00010 0.0558776780962944 3759.86 5312.30 3802.24 5307.96 3810.55 5389.08 3768.18 5393.42
26071-203-M6-333-00010 0.05295405164361 5189.25 3213.62 5259.35 3216.72 5254.63 3323.25 5184.54 3320.14
26071-750-M6-085-00286 0.13519567251205444 5356.40 3390.71 5401.95 3402.08 5390.65 3447.36 5345.09 3435.99
26071-750-M6-085-00286 0.11973500996828079 6182.45 3390.70 6227.63 3400.48 6217.68 3446.43 6172.50 3436.65
26071-750-M6-085-00286 0.08340349048376083 6091.43 2327.21 6226.80 2327.81 6226.66 2359.84 6091.28 2359.24
26071-750-M6-085-00286 0.07673773914575577 5340.89 3490.50 5385.61 3451.35 5410.05 3479.27 5365.33 3518.42
26071-750-M6-085-00286 0.06883642077445984 5265.76 2329.48 5396.61 2326.46 5397.37 2359.21 5266.52 2362.24
26071-750-M6-085-00286 0.05566747114062309 345.51 4027.96 877.64 4022.25 878.32 4085.45 346.19 4091.16
26071-750-M6-085-00286 0.05379510298371315 6203.81 3450.55 6231.58 3471.69 6196.13 3518.25 6168.36 3497.11
26071-550-M6-084-00248 0.6333529353141785 5084.88 3907.79 5197.40 3908.96 5197.06 3940.98 5084.55 3939.81
26071-550-M6-084-00248 0.14593806862831116 3758.26 2736.34 3804.96 2742.81 3798.42 2789.99 3751.73 2783.52
26071-550-M6-084-00248 0.11425606161355972 4591.88 4183.93 4712.84 4190.17 4711.15 4222.94 4590.19 4216.71
26071-550-M6-084-00248 0.0958661213517189 4665.23 4297.53 4713.31 4301.53 4709.34 4349.32 4661.25 4345.32
26071-550-M6-084-00248 0.08918863534927368 4669.03 4209.16 4702.42 4207.21 4707.39 4292.12 4674.00 4294.07
26071-550-M6-084-00248 0.08817543089389801 4496.47 3808.03 4546.71 3813.10 4535.27 3926.50 4485.03 3921.43
26071-550-M6-084-00248 0.08310471475124359 1788.09 2398.19 1891.81 2388.44 1895.01 2422.46 1791.29 2432.21
26071-550-M6-084-00248 0.08210651576519012 4514.83 3923.92 4539.54 3948.02 4508.76 3979.58 4484.05 3955.47
26071-550-M6-084-00248 0.06162640452384949 4495.27 4192.94 4541.85 4197.77 4529.77 4314.10 4483.20 4309.27
26071-550-M6-084-00248 0.058928314596414566 4045.27 3730.35 4085.32 3696.20 4107.50 3722.22 4067.44 3756.36
26071-550-M6-084-00248 0.058193713426589966 5159.37 3929.19 5202.10 3947.34 5190.75 3974.06 5148.02 3955.91
26071-550-M6-084-00248 0.055295705795288086 4512.33 4147.31 4539.61 4166.93 4511.24 4206.39 4483.96 4186.77
26071-203-M6-332-00008 0.9600818753242493 7992.63 2642.97 8091.56 2643.33 8091.44 2675.69 7992.52 2675.33
26071-203-M6-332-00008 0.9563828706741333 3106.27 2641.80 3203.60 2643.28 3203.10 2676.37 3105.77 2674.89
26071-203-M6-332-00008 0.9556584358215332 3607.91 3611.82 3640.48 3613.45 3635.62 3710.61 3603.06 3708.98
26071-203-M6-332-00008 0.953311026096344 6007.60 3611.94 6040.15 3613.35 6035.91 3711.05 6003.37 3709.64
26071-203-M6-332-00008 0.9498661756515503 5475.41 2641.74 5574.48 2643.53 5573.88 2676.63 5474.81 2674.83
26071-203-M6-332-00008 0.9475240111351013 1175.25 3608.97 1207.12 3609.21 1206.38 3706.82 1174.52 3706.58
26071-203-M6-332-00008 0.5095640420913696 3523.12 3661.57 3618.84 3665.31 3617.12 3709.51 3521.39 3705.77
26071-203-M6-332-00008 0.5066028833389282 5923.20 3661.58 6018.87 3665.23 6017.19 3709.41 5921.51 3705.77
26071-203-M6-332-00008 0.3470913767814636 3152.96 2562.04 3198.66 2557.81 3206.97 2647.73 3161.28 2651.95
26071-203-M6-332-00008 0.3144513964653015 1092.74 3662.79 1186.29 3662.42 1186.46 3708.33 1092.92 3708.69
26071-203-M6-332-00008 0.22570832073688507 2559.71 3537.01 2614.16 3542.12 2603.57 3655.10 2549.12 3649.99
26071-203-M6-332-00008 0.21128888428211212 5525.34 2556.53 5573.07 2557.01 5572.11 2652.13 5524.38 2651.65
26071-203-M6-332-00008 0.20851005613803864 4959.38 3534.99 5011.24 3541.95 4996.97 3648.39 4945.10 3641.44
26071-203-M6-332-00008 0.19754469394683838 8047.57 2560.11 8093.82 2561.32 8091.44 2652.21 8045.19 2651.00
26071-203-M6-332-00008 0.0969398096203804 2101.12 3663.20 2249.12 3660.96 2249.80 3706.16 2101.81 3708.40
26071-203-M6-332-00008 0.09036318957805634 4501.43 3663.78 4648.80 3660.39 4649.85 3705.76 4502.47 3709.16
26071-203-M6-332-00008 0.08305720239877701 6931.15 3662.63 7082.49 3662.58 7082.51 3708.20 6931.16 3708.25
26071-203-M6-332-00008 0.06776852160692215 6759.54 2176.65 6798.94 2174.84 6801.49 2230.37 6762.09 2232.18
26071-200-M6-052-00080 0.8003430962562561 3399.88 3704.02 3517.38 3709.52 3515.88 3741.71 3398.38 3736.21
26071-200-M6-052-00080 0.19495195150375366 3757.35 5586.70 3804.52 5593.60 3797.71 5640.13 3750.54 5633.23
26071-200-M6-052-00080 0.1460958570241928 3756.46 5718.99 3804.39 5723.36 3800.07 5770.77 3752.14 5766.40
26071-200-M6-052-00080 0.13090142607688904 3167.03 3705.95 3305.84 3705.55 3305.94 3737.99 3167.12 3738.38
26071-200-M6-052-00080 0.10312306880950928 2816.24 3730.90 2861.82 3745.34 2853.56 3771.40 2807.98 3756.96
26071-200-M6-052-00080 0.101717509329319 6241.21 3729.75 6285.02 3743.50 6276.44 3770.85 6232.63 3757.11
26071-200-M6-052-00080 0.10161212086677551 6591.85 3705.91 6731.00 3705.01 6731.21 3737.56 6592.06 3738.46
26071-200-M6-052-00080 0.08569713681936264 2553.13 6701.88 2632.09 6698.50 2633.97 6742.51 2555.02 6745.90
26071-200-M6-052-00080 0.08143353462219238 6826.53 3704.68 6962.56 3710.73 6961.17 3741.85 6825.15 3735.80
26071-200-M6-052-00080 0.07712268829345703 3413.81 3723.99 3458.88 3753.77 3441.20 3780.52 3396.13 3750.74
26071-200-M6-052-00080 0.0769910216331482 3748.22 4193.55 3771.40 4172.83 3812.82 4219.16 3789.65 4239.88
26071-200-M6-052-00080 0.0748111754655838 6704.36 4061.76 6761.13 4061.97 6761.00 4097.75 6704.23 4097.55
26071-200-M6-052-00080 0.07462217658758163 3280.74 4061.52 3336.14 4062.06 3335.79 4097.27 3280.39 4096.72
26071-200-M6-052-00080 0.07255769520998001 3754.18 3841.58 3811.44 3836.82 3814.14 3869.37 3756.89 3874.12
26071-200-M6-052-00080 0.06799616664648056 3051.52 3731.62 3096.31 3739.43 3091.20 3768.73 3046.41 3760.92
26071-200-M6-052-00080 0.0647125095129013 2514.12 6453.21 2559.02 6466.34 2545.81 6511.50 2500.92 6498.37
26071-200-M6-052-00080 0.06214309483766556 6618.04 4095.82 6760.02 4089.44 6761.45 4121.16 6619.47 4127.53
26071-200-M6-052-00080 0.06122588738799095 3753.84 3710.61 3801.69 3705.83 3813.28 3821.66 3765.43 3826.45
26071-200-M6-052-00080 0.06071319431066513 7191.85 4173.51 7240.21 4209.57 7219.66 4237.13 7171.30 4201.06
26071-200-M6-052-00080 0.059910740703344345 3752.10 4064.97 3818.29 4064.41 3818.57 4098.24 3752.39 4098.80
26071-200-M6-052-00080 0.05742387846112251 7179.58 4063.78 7232.93 4061.77 7234.14 4094.12 7180.79 4096.13
26071-200-M6-052-00080 0.05657587945461273 2795.28 3881.68 2832.42 3867.22 2865.04 3951.00 2827.90 3965.46
26071-200-M6-052-00080 0.0553632453083992 3188.36 4097.53 3332.83 4088.02 3334.91 4119.62 3190.44 4129.13
26071-200-M6-052-00080 0.055349819362163544 6223.73 3884.01 6261.34 3869.39 6292.52 3949.62 6254.92 3964.23
26071-200-M6-052-00080 0.05276120454072952 2944.25 4064.02 3001.66 4063.03 3002.27 4098.35 2944.86 4099.34
26071-200-M6-052-00080 0.05242607370018959 2861.97 4092.48 3004.24 4093.74 3003.96 4125.38 2861.69 4124.11
26071-200-M6-052-00080 0.051602672785520554 7181.22 3708.43 7230.35 3711.65 7223.06 3822.92 7173.93 3819.70
26071-200-M6-052-00080 0.05155711993575096 2827.19 5014.07 2935.23 5015.44 2934.80 5049.91 2826.75 5048.53
26071-200-M6-052-00080 0.05003175511956215 6480.46 3728.14 6522.17 3744.10 6511.59 3771.75 6469.87 3755.79
26071-203-M6-321-00604 0.9834308624267578 4393.32 1216.72 4492.55 1215.97 4492.79 1248.10 4393.56 1248.84
26071-203-M6-321-00604 0.282799631357193 4602.60 1217.25 4704.42 1216.94 4704.51 1248.22 4602.70 1248.53
26071-203-M6-321-00604 0.12896175682544708 4432.86 1242.30 4478.38 1230.13 4502.23 1319.34 4456.71 1331.51
26071-203-M6-321-00604 0.054129987955093384 4346.62 5403.04 4407.69 5404.15 4397.61 5958.10 4336.54 5956.99
26071-203-M6-321-00604 0.0524139441549778 3874.30 5412.61 3940.84 5407.67 3979.21 5924.58 3912.67 5929.52
26071-300-M6-053-00309 0.12039069831371307 1195.21 5693.05 1258.53 5696.14 1256.27 5742.59 1192.95 5739.50
26071-300-M6-053-00309 0.11021096259355545 1959.55 4510.39 2007.63 4512.00 2006.01 4560.34 1957.93 4558.73
26071-300-M6-053-00309 0.10432809591293335 1961.75 2502.43 2008.30 2506.36 2004.35 2553.20 1957.80 2549.27
26071-300-M6-053-00309 0.0973825603723526 4349.55 2229.42 4395.48 2235.40 4389.29 2282.85 4343.37 2276.87
26071-300-M6-053-00309 0.09474851936101913 1245.18 5698.96 1338.83 5686.45 1344.95 5732.27 1251.30 5744.78
26071-300-M6-053-00309 0.08904129266738892 3506.22 5372.91 3537.31 5390.91 3509.42 5439.09 3478.33 5421.08
26071-300-M6-053-00309 0.08873214572668076 3381.35 5410.12 3426.76 5382.84 3444.02 5411.57 3398.61 5438.85
26071-300-M6-053-00309 0.0857103243470192 2674.59 3567.60 2768.78 3566.91 2769.11 3611.88 2674.92 3612.58
26071-300-M6-053-00309 0.08075606822967529 3479.41 3062.77 3523.73 3040.62 3537.49 3068.15 3493.16 3090.30
26071-300-M6-053-00309 0.0767800435423851 7595.47 2781.56 8135.55 2756.68 8137.91 2807.94 7597.83 2832.83
26071-300-M6-053-00309 0.07343651354312897 4211.46 2085.68 4257.38 2095.15 4247.67 2142.16 4201.75 2132.68
26071-300-M6-053-00309 0.07262016832828522 3509.59 5167.00 3534.55 5185.22 3508.96 5220.28 3484.00 5202.06
26071-300-M6-053-00309 0.07114771753549576 4038.76 5372.22 4069.30 5390.51 4039.68 5439.95 4009.14 5421.65
26071-300-M6-053-00309 0.06384593993425369 3631.28 3286.37 3672.35 3261.52 3688.73 3288.59 3647.66 3313.44
26071-300-M6-053-00309 0.06325382739305496 4488.77 2087.59 4535.91 2091.13 4532.30 2139.13 4485.17 2135.59
26071-300-M6-053-00309 0.06305622309446335 1188.17 4511.10 1255.13 4516.80 1251.00 4565.34 1184.04 4559.64
26071-300-M6-053-00309 0.060882117599248886 1959.27 5688.32 2054.58 5694.93 2051.41 5740.65 1956.10 5734.04
26071-300-M6-053-00309 0.06073952093720436 1061.77 3455.99 1177.44 3458.52 1176.54 3499.94 1060.86 3497.41
26071-300-M6-053-00309 0.05841398984193802 3413.48 3039.63 3438.15 3055.00 3415.01 3092.13 3390.34 3076.75
26071-300-M6-053-00309 0.05525171011686325 1753.45 5688.68 1800.22 5699.37 1789.82 5744.86 1743.05 5734.16
26071-300-M6-053-00309 0.05459363013505936 4012.24 3071.80 4046.11 3041.24 4066.54 3063.87 4032.66 3094.44
26071-300-M6-053-00309 0.053853653371334076 3928.55 3280.73 3974.71 3268.11 3982.77 3297.56 3936.61 3310.18
26071-300-M6-053-00309 0.0536627359688282 4011.94 3271.96 4060.56 3271.58 4060.80 3301.65 4012.18 3302.03
26071-300-M6-053-00309 0.05260666459798813 7613.19 3439.08 8087.24 3442.80 8086.75 3505.06 7612.70 3501.34
26071-300-M6-053-00309 0.050109028816223145 7069.64 3444.16 7102.94 3441.37 7109.50 3519.63 7076.20 3522.42
26071-450-M6-082-00009 0.1594555675983429 3895.28 5365.59 4027.03 5376.98 4023.20 5421.21 3891.46 5409.82
26071-450-M6-082-00009 0.14333772659301758 3482.59 5280.94 3606.25 5280.12 3606.56 5326.62 3482.90 5327.44
26071-450-M6-082-00009 0.1300269216299057 2487.80 2768.45 2622.10 2769.20 2621.93 2800.65 2487.63 2799.90
26071-450-M6-082-00009 0.11170348525047302 2483.87 2489.03 2620.80 2490.28 2620.50 2522.93 2483.57 2521.68
26071-450-M6-082-00009 0.08610385656356812 2394.57 4189.06 2427.30 4189.54 2426.21 4265.51 2393.48 4265.04
26071-450-M6-082-00009 0.0770302414894104 6332.75 2575.74 6458.16 2574.92 6458.37 2606.87 6332.96 2607.70
26071-450-M6-082-00009 0.0683632418513298 2496.86 4405.58 2621.48 4397.11 2623.63 4428.76 2499.01 4437.23
26071-450-M6-082-00009 0.06489268690347672 6657.37 2379.10 6691.52 2370.80 6708.88 2442.20 6674.73 2450.50
26071-450-M6-082-00009 0.06232336908578873 3598.04 4491.86 3629.28 4491.30 3631.54 4617.96 3600.30 4618.51
26071-450-M6-082-00009 0.055610645562410355 3596.91 5196.01 3628.20 5194.09 3636.18 5324.71 3604.89 5326.62
26071-450-M6-082-00009 0.05421232432126999 2401.14 2704.00 2417.54 2703.32 2417.88 2711.55 2401.48 2712.23
26071-200-M6-052-00552 0.09217953681945801 5248.90 4307.02 5310.78 4301.38 5321.82 4422.36 5259.94 4428.01
26071-200-M6-052-00552 0.0729927197098732 4173.95 2854.55 4207.33 2855.61 4205.43 2915.59 4172.06 2914.53
26071-200-M6-052-00552 0.07181937992572784 3990.61 2248.08 4041.55 2252.00 4036.43 2318.42 3985.50 2314.49
26071-750-M6-085-00007 0.951686680316925 5238.40 2938.98 5339.02 2938.98 5339.02 2971.27 5238.40 2971.27
26071-750-M6-085-00007 0.9003287553787231 4931.62 3632.14 4964.57 3630.55 4969.41 3730.94 4936.46 3732.53
26071-750-M6-085-00007 0.1545400619506836 6916.31 6189.72 6949.49 6190.01 6948.45 6310.56 6915.27 6310.27
26071-750-M6-085-00007 0.1400260627269745 7117.50 6191.09 7150.76 6191.58 7149.05 6309.07 7115.79 6308.58
26071-750-M6-085-00007 0.12713433802127838 5784.41 2571.46 5906.07 2568.45 5906.88 2601.05 5785.22 2604.06
26071-750-M6-085-00007 0.11915168166160583 5295.57 2960.44 5326.02 2955.36 5334.53 3006.34 5304.08 3011.42
26071-750-M6-085-00007 0.11681077629327774 4076.91 2598.60 4103.92 2618.60 4074.44 2658.41 4047.43 2638.41
26071-750-M6-085-00007 0.1106780618429184 2536.84 2616.06 2586.55 2614.30 2587.63 2644.85 2537.92 2646.61
26071-750-M6-085-00007 0.1096208319067955 3733.60 2763.76 3779.17 2769.56 3775.53 2798.12 3729.96 2792.32
26071-750-M6-085-00007 0.10943032056093216 2547.08 2753.80 2590.61 2775.54 2576.72 2803.35 2533.19 2781.61
26071-750-M6-085-00007 0.1081586703658104 6336.95 6189.91 6370.28 6190.08 6369.68 6310.41 6336.35 6310.25
26071-750-M6-085-00007 0.10803133249282837 2455.81 2765.83 2503.31 2764.77 2503.94 2792.87 2456.44 2793.93
26071-750-M6-085-00007 0.10766362398862839 5787.82 2359.21 5908.38 2356.44 5909.12 2388.88 5788.56 2391.65
26071-750-M6-085-00007 0.1002887561917305 2135.57 2765.46 2184.24 2764.39 2184.90 2794.73 2136.24 2795.79
26071-750-M6-085-00007 0.09913107752799988 4044.27 2785.88 4081.31 2751.55 4104.47 2776.54 4067.42 2810.87
26071-750-M6-085-00007 0.09292709082365036 5314.45 5617.66 5433.50 5617.88 5433.44 5650.63 5314.39 5650.41
26071-750-M6-085-00007 0.09125999361276627 4076.17 2550.42 4104.48 2573.17 4067.24 2619.51 4038.93 2596.77
26071-750-M6-085-00007 0.09076456725597382 2453.44 2621.26 2496.85 2611.21 2503.68 2640.72 2460.28 2650.77
26071-750-M6-085-00007 0.07857058197259903 5058.71 3015.58 5088.44 3010.11 5096.63 3054.59 5066.90 3060.07
26071-750-M6-085-00007 0.07354114949703217 4139.01 2759.82 4181.55 2772.46 4173.45 2799.73 4130.91 2787.09
26071-750-M6-085-00007 0.07194637507200241 5288.94 5057.20 5339.68 5056.66 5339.99 5086.72 5289.25 5087.26
26071-750-M6-085-00007 0.07121515274047852 7600.48 1319.74 8147.14 1308.28 8148.43 1369.84 7601.77 1381.30
26071-750-M6-085-00007 0.06958223879337311 5210.85 5713.18 5337.27 5711.00 5337.84 5744.13 5211.43 5746.31
26071-750-M6-085-00007 0.06469865888357162 4794.29 4775.09 4833.68 4793.34 4807.69 4849.42 4768.30 4831.16
26071-750-M6-085-00007 0.05434921383857727 4959.28 4510.29 4992.09 4507.45 4996.90 4562.93 4964.08 4565.77
26071-750-M6-085-00007 0.05360832065343857 2775.48 2765.77 2817.26 2760.12 2821.18 2789.07 2779.40 2794.72
26071-750-M6-085-00007 0.05197944864630699 4960.84 3920.34 4993.27 3919.61 4994.43 3970.69 4962.00 3971.43
26071-750-M6-085-00007 0.05091289058327675 4133.71 2610.71 4181.68 2615.82 4178.67 2644.15 4130.70 2639.04
26071-203-M6-064-00271 0.1319667249917984 6594.30 2227.54 6639.92 2236.72 6630.66 2282.78 6585.03 2273.60
26071-203-M6-064-00271 0.11932803690433502 4044.08 5252.63 4091.21 5255.85 4087.89 5304.38 4040.77 5301.15
26071-203-M6-064-00271 0.10087382048368454 2094.44 4473.39 2140.02 4479.21 2134.00 4526.33 2088.42 4520.50
26071-203-M6-064-00271 0.08523691445589066 5706.70 2229.13 5755.32 2235.48 5749.23 2282.10 5700.61 2275.75
26071-203-M6-064-00271 0.08258146792650223 5998.73 2229.53 6047.61 2234.38 6043.06 2280.26 5994.18 2275.41
26071-203-M6-064-00271 0.08254341781139374 4208.71 5252.10 4255.13 5259.81 4247.41 5306.24 4200.99 5298.52
26071-203-M6-064-00271 0.07481241226196289 2107.66 4531.08 2143.35 4547.78 2115.85 4606.55 2080.17 4589.86
26071-203-M6-064-00271 0.06448068469762802 2671.47 5252.59 2717.63 5258.66 2711.39 5306.11 2665.23 5300.04
26071-203-M6-064-00271 0.064417764544487 2174.41 5252.67 2221.96 5258.92 2215.73 5306.26 2168.19 5300.02
26071-203-M6-064-00271 0.0635206550359726 4395.30 5252.45 4443.11 5259.17 4436.47 5306.37 4388.66 5299.65
26071-203-M6-064-00271 0.06321494281291962 3875.18 5252.85 3923.30 5258.46 3917.78 5305.76 3869.65 5300.14
26071-203-M6-064-00271 0.058558277785778046 4030.08 5165.47 4076.30 5130.19 4099.26 5160.27 4053.04 5195.54
26071-203-M6-064-00271 0.056395187973976135 3346.13 2228.89 3393.24 2235.09 3387.10 2281.79 3339.99 2275.60
26071-203-M6-064-00271 0.05565337464213371 2270.28 4511.71 2314.09 4520.82 2300.20 4587.68 2256.38 4578.57
26071-203-M6-064-00271 0.0550551675260067 5117.31 2228.49 5164.43 2235.46 5157.50 2282.26 5110.39 2275.29
26071-203-M6-064-00271 0.053670499473810196 4823.07 2228.60 4869.49 2235.23 4862.83 2281.86 4816.41 2275.23
26071-203-M6-064-00271 0.05334211140871048 2506.75 5254.81 2552.94 5259.40 2548.29 5306.23 2502.11 5301.64
26071-203-M6-064-00271 0.052817054092884064 2755.83 2228.57 2801.66 2234.80 2795.30 2281.58 2749.47 2275.34
26071-203-M6-064-00271 0.05189301446080208 3049.85 2228.19 3097.07 2235.38 3089.95 2282.08 3042.73 2274.89
26071-203-M6-064-00271 0.05162953957915306 5413.25 2228.59 5459.64 2235.23 5452.89 2282.29 5406.51 2275.64
26071-203-M6-337-00031 0.9817190766334534 6947.40 5192.46 6978.46 5190.68 6984.37 5293.50 6953.31 5295.28
26071-203-M6-337-00031 0.9812383055686951 6948.41 485.00 6979.63 483.63 6984.05 584.19 6952.83 585.56
26071-203-M6-337-00031 0.977480411529541 1664.17 3814.79 1695.70 3815.00 1695.01 3915.78 1663.48 3915.57
26071-203-M6-337-00031 0.971185028553009 1665.68 2540.62 1697.22 2541.28 1695.12 2642.48 1663.58 2641.82
26071-203-M6-337-00031 0.9701551795005798 1662.44 4271.43 1694.62 4270.75 1696.73 4369.86 1664.55 4370.54
26071-203-M6-337-00031 0.9629071354866028 1663.40 5374.22 1695.10 5374.22 1695.10 5473.54 1663.40 5473.54
26071-203-M6-337-00031 0.9597297310829163 1663.24 2888.57 1696.14 2888.18 1697.28 2985.87 1664.39 2986.26
26071-203-M6-337-00031 0.955206573009491 1663.60 5615.48 1695.21 5615.14 1696.32 5717.49 1664.71 5717.83
26071-203-M6-337-00031 0.9520573616027832 1666.39 5167.00 1698.37 5168.39 1694.00 5269.53 1662.02 5268.15
26071-203-M6-337-00031 0.9498115181922913 1662.71 4715.94 1694.45 4715.31 1696.48 4817.29 1664.74 4817.92
26071-203-M6-337-00031 0.9495200514793396 2089.81 5748.69 2192.90 5747.35 2193.32 5779.94 2090.23 5781.27
26071-203-M6-337-00031 0.18915438652038574 6942.28 3338.38 6973.12 3334.60 6989.39 3467.62 6958.55 3471.39
26071-203-M6-337-00031 0.1401209682226181 6948.92 3611.35 6980.73 3610.38 6984.65 3738.31 6952.84 3739.28
26071-203-M6-337-00031 0.12826809287071228 3326.45 908.48 3484.40 907.81 3484.65 966.70 3326.71 967.38
26071-203-M6-337-00031 0.11445849388837814 1680.03 5517.47 1713.33 5521.15 1700.51 5637.35 1667.20 5633.67
26071-203-M6-337-00031 0.08975822478532791 1339.22 4324.62 1432.85 4321.70 1434.19 4364.58 1340.56 4367.51
26071-203-M6-337-00031 0.08836681395769119 1339.99 4774.68 1432.42 4771.94 1433.69 4814.67 1341.25 4817.41
26071-203-M6-337-00031 0.08817728608846664 4944.44 2215.99 5016.41 2212.73 5021.63 2327.95 4949.66 2331.21
26071-203-M6-337-00031 0.08359012007713318 1338.17 3875.63 1431.82 3871.46 1433.71 3913.69 1340.06 3917.87
26071-203-M6-337-00031 0.07743732631206512 1342.55 5222.10 1435.03 5220.67 1435.68 5262.90 1343.20 5264.33
26071-203-M6-337-00031 0.072029709815979 1340.77 2598.89 1433.97 2594.67 1435.93 2637.90 1342.73 2642.12
26071-203-M6-337-00031 0.07196805626153946 3146.55 576.97 3233.03 580.89 3230.99 626.00 3144.51 622.08
26071-203-M6-337-00031 0.07114455103874207 3522.45 1655.10 3558.73 1655.93 3557.55 1707.40 3521.27 1706.56
26071-203-M6-337-00031 0.06950879842042923 1677.27 5256.14 1715.05 5258.63 1707.33 5375.76 1669.55 5373.27
26071-203-M6-337-00031 0.06491618603467941 7726.67 3415.99 8264.83 3418.18 8264.57 3482.40 7726.41 3480.21
26071-203-M6-337-00031 0.06056029722094536 7170.67 5255.77 7260.80 5252.25 7262.63 5299.10 7172.50 5302.62
26071-203-M6-337-00031 0.058030277490615845 3872.67 2258.47 3968.21 2263.10 3966.06 2307.36 3870.52 2302.73
26071-203-M6-337-00031 0.05305664986371994 3863.84 2492.58 4035.05 2477.17 4040.73 2540.30 3869.52 2555.71
26071-203-M6-337-00031 0.05138589069247246 2881.74 1926.55 2910.57 1933.45 2900.28 1976.46 2871.45 1969.56
26071-203-M6-332-00001 0.9798434376716614 5050.92 1825.25 5151.21 1823.64 5151.73 1855.83 5051.44 1857.44
26071-203-M6-332-00001 0.9769748449325562 2950.83 1824.99 3051.67 1823.78 3052.06 1856.06 2951.22 1857.27
26071-203-M6-332-00001 0.9726401567459106 4211.63 1825.72 4312.70 1824.06 4313.23 1855.95 4212.15 1857.61
26071-203-M6-332-00001 0.9719618558883667 5472.51 1824.15 5571.45 1823.88 5571.54 1856.27 5472.60 1856.54
26071-203-M6-332-00001 0.9707859754562378 3792.58 1823.97 3891.70 1823.79 3891.76 1856.15 3792.64 1856.33
26071-203-M6-332-00001 0.9706271290779114 5892.47 1825.11 5991.49 1824.12 5991.81 1856.72 5892.80 1857.71
26071-203-M6-332-00001 0.9681490659713745 3372.77 1824.02 3471.62 1823.92 3471.66 1856.26 3372.80 1856.36
26071-203-M6-332-00001 0.9616449475288391 4631.46 1825.20 4730.96 1823.65 4731.47 1856.08 4631.97 1857.63
26071-203-M6-332-00001 0.9134959578514099 2815.74 3966.53 2849.53 3968.17 2844.65 4068.50 2810.86 4066.85
26071-203-M6-332-00001 0.8631512522697449 2816.62 3665.86 2848.54 3665.43 2849.84 3761.45 2817.92 3761.88
26071-203-M6-332-00001 0.35800257325172424 5500.71 2553.70 5597.04 2558.02 5594.87 2606.22 5498.54 2601.89
26071-203-M6-332-00001 0.3558735251426697 5090.94 2564.15 5181.85 2551.88 5188.18 2598.79 5097.28 2611.06
26071-203-M6-332-00001 0.3478913903236389 3397.05 2551.68 3500.30 2548.13 3501.87 2593.67 3398.62 2597.21
26071-203-M6-332-00001 0.3395520746707916 2989.13 2563.85 3082.59 2551.29 3088.96 2598.69 2995.50 2611.25
26071-203-M6-332-00001 0.29887163639068604 3820.63 2559.80 3914.85 2556.13 3916.68 2603.07 3822.46 2606.73
26071-203-M6-332-00001 0.28610143065452576 4244.63 2559.10 4336.09 2554.42 4338.41 2599.77 4246.95 2604.45
26071-203-M6-332-00001 0.2532978653907776 5924.10 2559.73 6013.71 2554.22 6016.51 2599.83 5926.90 2605.34
26071-203-M6-332-00001 0.2380271553993225 4659.35 2561.98 4756.37 2556.41 4759.00 2602.01 4661.97 2607.59
26071-203-M6-332-00001 0.12849031388759613 5334.98 1325.16 5367.42 1336.40 5344.67 1402.05 5312.23 1390.81
26071-203-M6-332-00001 0.05880233272910118 2365.41 5645.51 2450.29 5646.67 2449.67 5691.50 2364.80 5690.33
26071-203-M6-332-00001 0.05150606483221054 7710.56 6041.22 8254.83 6061.33 8252.43 6126.21 7708.16 6106.10
26071-203-M6-332-00001 0.05014574155211449 7709.08 4839.24 8249.73 4866.30 8246.48 4931.31 7705.83 4904.24
26071-203-M6-332-00001 0.05012638121843338 7727.76 5808.76 8257.47 5815.90 8256.60 5880.68 7726.88 5873.54
26071-203-M6-079-00001 0.9324164986610413 2477.44 1034.80 2509.83 1034.09 2511.97 1131.47 2479.58 1132.18
26071-203-M6-079-00001 0.9151802659034729 2569.82 3867.49 2602.46 3868.19 2600.32 3968.62 2567.68 3967.93
26071-203-M6-079-00001 0.8929610252380371 2478.63 2923.12 2511.11 2923.08 2511.22 3024.08 2478.74 3024.12
26071-203-M6-079-00001 0.1628139317035675 3851.19 5866.47 3946.35 5862.71 3947.65 5895.54 3852.48 5899.30
26071-203-M6-079-00001 0.15909110009670258 3494.81 5866.44 3590.68 5865.54 3590.98 5897.90 3495.11 5898.80
26071-203-M6-079-00001 0.13858650624752045 3496.08 1968.90 3591.01 1965.70 3592.16 1999.69 3497.23 2002.89
26071-203-M6-079-00001 0.136722132563591 2567.60 4900.07 2599.82 4899.49 2602.28 5035.30 2570.07 5035.88
26071-203-M6-079-00001 0.07157023251056671 2530.02 2275.65 2656.61 2274.42 2656.92 2306.41 2530.33 2307.63
26071-200-M6-052-00150 0.9402409791946411 4472.25 3039.06 4504.68 3039.29 4503.95 3142.05 4471.52 3141.82
26071-200-M6-052-00150 0.9114859104156494 2582.93 3041.91 2615.50 3042.91 2612.40 3144.00 2579.83 3143.00
26071-200-M6-052-00150 0.2558584213256836 2698.94 1315.58 2736.34 1316.89 2732.86 1416.72 2695.46 1415.41
26071-200-M6-052-00150 0.10055147111415863 4103.87 4311.78 4147.77 4292.91 4159.24 4319.61 4115.33 4338.47
26071-200-M6-052-00150 0.07880810648202896 2822.02 1169.67 2884.78 1167.59 2890.53 1341.84 2827.77 1343.91
26071-200-M6-052-00150 0.07764820009469986 3630.15 2105.85 3684.21 2094.18 3691.83 2129.49 3637.76 2141.15
26071-200-M6-052-00150 0.07675310969352722 5172.08 5576.55 5303.75 5571.91 5304.87 5603.77 5173.21 5608.41
26071-200-M6-052-00150 0.07516907155513763 6467.85 5575.77 6601.42 5571.85 6602.35 5603.61 6468.78 5607.53
26071-200-M6-052-00150 0.0690774992108345 5407.53 5575.75 5539.30 5572.64 5540.06 5604.48 5408.28 5607.60
26071-200-M6-052-00150 0.06381189078092575 4107.25 5574.31 4239.17 5571.96 4239.74 5603.96 4107.82 5606.31
26071-200-M6-052-00150 0.06153612956404686 4406.38 5926.86 4557.75 5934.79 4555.43 5979.10 4404.06 5971.17
26071-200-M6-052-00150 0.0600942000746727 5704.45 5928.69 5855.74 5931.76 5854.82 5976.91 5703.53 5973.85
26071-200-M6-052-00150 0.058931540697813034 3940.87 3801.50 3985.10 3793.44 3990.69 3824.14 3946.46 3832.19
26071-200-M6-052-00150 0.054176393896341324 3638.57 3795.45 3683.70 3798.11 3681.99 3827.22 3636.85 3824.56
26071-200-M6-052-00150 0.05328276380896568 2688.59 2601.49 2722.41 2597.97 2731.45 2684.75 2697.63 2688.27
26071-200-M6-052-00150 0.05325619503855705 3286.14 3794.45 3331.40 3800.04 3327.72 3829.84 3282.46 3824.25
26071-200-M6-052-00003 0.9609967470169067 4531.54 4655.25 4630.08 4655.26 4630.07 4687.50 4531.54 4687.49
26071-200-M6-052-00003 0.9514023661613464 5121.23 3827.87 5218.44 3827.28 5218.64 3859.67 5121.42 3860.26
26071-200-M6-052-00003 0.2637694776058197 5858.46 2946.71 5904.80 2950.76 5900.67 2998.08 5854.32 2994.03
26071-200-M6-052-00003 0.16783975064754486 2562.63 3956.31 2594.07 3953.57 2602.80 4053.95 2571.36 4056.69
26071-200-M6-052-00003 0.1411334127187729 5171.60 3857.31 5197.84 3841.30 5225.56 3886.74 5199.32 3902.75
26071-200-M6-052-00003 0.13975562155246735 3199.75 3831.47 3330.72 3826.14 3332.00 3857.76 3201.03 3863.08
26071-200-M6-052-00003 0.13873177766799927 5842.79 4485.42 5878.06 4488.27 5870.37 4583.45 5835.09 4580.60
26071-200-M6-052-00003 0.11671175807714462 3463.75 3857.61 3512.50 3858.34 3512.02 3889.87 3463.27 3889.13
26071-200-M6-052-00003 0.11360935866832733 2562.78 4429.78 2593.71 4426.96 2602.61 4524.52 2571.68 4527.34
26071-200-M6-052-00003 0.10580409318208694 5167.99 4634.36 5210.05 4610.92 5223.94 4635.83 5181.88 4659.27
26071-200-M6-052-00003 0.08358430862426758 3810.24 3873.28 3856.03 3854.12 3866.11 3878.23 3820.33 3897.39
26071-200-M6-052-00003 0.07411710917949677 5175.51 2626.81 5223.72 2634.19 5216.56 2681.00 5168.35 2673.62
26071-200-M6-052-00003 0.07344406843185425 4392.44 2971.66 4425.26 2970.77 4427.45 3050.74 4394.63 3051.64
26071-200-M6-052-00003 0.06799791753292084 4142.53 4750.81 4178.31 4751.19 4177.62 4817.92 4141.83 4817.54
26071-200-M6-052-00003 0.06608226150274277 5178.13 4651.07 5214.76 4652.11 5212.68 4725.34 5176.05 4724.29
26071-200-M6-052-00003 0.06533438712358475 4193.78 5098.36 4324.43 5096.29 4324.95 5128.71 4194.29 5130.78
26071-200-M6-052-00003 0.06385936588048935 5577.42 4514.17 5605.81 4514.17 5605.81 4558.28 5577.42 4558.28
26071-200-M6-052-00003 0.05479743704199791 5578.55 3964.03 5607.41 3961.17 5611.39 4001.33 5582.53 4004.19
26071-200-M6-052-00003 0.052083373069763184 4141.74 4842.19 4176.13 4842.67 4175.24 4906.36 4140.85 4905.88
26071-700-M6-054-00013 0.08839776366949081 3760.36 3445.63 3805.93 3450.95 3800.65 3496.17 3755.08 3490.85
26071-700-M6-054-00013 0.07040242850780487 349.08 4624.30 899.93 4620.25 900.38 4682.32 349.54 4686.37
26071-700-M6-054-00013 0.07034856081008911 351.93 2765.16 900.78 2753.73 901.86 2805.60 353.01 2817.04
26071-700-M6-054-00013 0.05435357242822647 3766.82 5923.71 3812.48 5936.01 3799.45 5984.36 3753.79 5972.06
26071-700-M6-054-00013 0.05288581922650337 3759.20 2147.47 3807.02 2149.87 3804.53 2199.43 3756.72 2197.03
26071-203-M6-321-00225 0.07390503585338593 4279.60 329.79 4338.83 327.36 4361.74 883.66 4302.51 886.10
26071-203-M6-321-00225 0.062459494918584824 7678.53 4583.75 8218.88 4584.34 8218.81 4646.19 7678.46 4645.60
26071-203-M6-321-00225 0.055262982845306396 7673.86 4818.95 8221.76 4827.38 8220.79 4890.57 7672.89 4882.14
26071-700-M6-054-00036 0.10459279268980026 4645.68 3497.71 4678.56 3487.73 4706.42 3579.45 4673.54 3589.44
26071-700-M6-054-00036 0.1026669517159462 3975.40 3715.89 4095.07 3711.99 4096.10 3743.47 3976.42 3747.37
26071-700-M6-054-00036 0.0985482707619667 4568.34 3755.43 4691.56 3762.95 4689.64 3794.44 4566.42 3786.92
26071-700-M6-054-00036 0.0776645615696907 4167.31 3367.38 4209.95 3353.44 4218.46 3379.45 4175.82 3393.39
26071-700-M6-054-00036 0.07575369626283646 4406.22 3359.88 4453.16 3361.35 4452.28 3389.50 4405.34 3388.04
26071-700-M6-054-00036 0.06865699589252472 3854.15 3719.36 3900.73 3725.41 3894.50 3773.44 3847.91 3767.39
26071-700-M6-054-00036 0.06345448642969131 357.10 4031.70 898.22 4033.77 897.98 4096.70 356.86 4094.63
26071-700-M6-054-00036 0.06262921541929245 3852.77 3683.72 3894.32 3682.97 3894.85 3712.47 3853.30 3713.22
26071-700-M6-054-00036 0.056704986840486526 4075.07 3749.02 4105.04 3764.86 4079.71 3812.78 4049.73 3796.94
26071-700-M6-054-00036 0.05550406500697136 350.63 3089.64 896.50 3085.98 896.91 3147.27 351.04 3150.93
26071-700-M6-054-00036 0.0549602285027504 4401.47 3695.20 4445.10 3678.71 4456.08 3707.73 4412.45 3724.23
26071-700-M6-054-00036 0.05349284037947655 7602.08 6394.17 8146.01 6397.37 8145.66 6458.25 7601.72 6455.06
26071-700-M6-054-00036 0.05125956982374191 4046.67 2261.58 4089.43 2262.19 4088.66 2315.97 4045.89 2315.36
26071-203-M6-320-00044 0.07287409156560898 4657.65 4032.45 4707.14 4026.69 4712.73 4074.69 4663.24 4080.45
26071-203-M6-320-00044 0.053538285195827484 7950.08 4039.98 7998.00 4022.29 8013.96 4065.53 7966.04 4083.22
26071-600-M6-065-00231 0.9454908967018127 3407.17 3469.25 3507.29 3470.09 3507.02 3502.53 3406.90 3501.68
26071-600-M6-065-00231 0.9198611974716187 3104.98 3820.40 3137.24 3820.90 3135.71 3920.26 3103.45 3919.76
26071-600-M6-065-00231 0.1353410929441452 4360.44 1743.81 4405.55 1749.61 4399.42 1797.31 4354.31 1791.51
26071-600-M6-065-00231 0.10272838175296783 3455.17 5602.28 3498.23 5600.66 3500.74 5667.69 3457.68 5669.30
26071-600-M6-065-00231 0.09837566316127777 6488.71 3296.79 6512.86 3317.64 6479.60 3356.17 6455.45 3335.32
26071-600-M6-065-00231 0.08468467742204666 3457.51 3504.31 3481.67 3489.42 3506.86 3530.26 3482.71 3545.16
26071-600-M6-065-00231 0.08202042430639267 7182.36 3319.26 7226.04 3311.30 7231.38 3340.61 7187.70 3348.57
26071-600-M6-065-00231 0.07716798782348633 6457.28 3462.56 6488.65 3446.99 6511.65 3493.33 6480.28 3508.90
26071-600-M6-065-00231 0.07072418183088303 6387.17 3463.62 6433.91 3455.43 6439.21 3485.66 6392.48 3493.86
26071-600-M6-065-00231 0.069691501557827 6389.02 3307.83 6435.60 3307.61 6435.75 3340.00 6389.17 3340.23
26071-600-M6-065-00231 0.060956478118896484 3376.10 5685.23 3503.21 5682.61 3503.87 5714.65 3376.76 5717.27
26071-600-M6-065-00231 0.05909169465303421 6464.21 3212.80 6508.18 3215.10 6503.61 3302.37 6459.65 3300.07
26071-600-M6-065-00231 0.058248553425073624 3183.30 3585.05 3214.73 3595.15 3204.74 3626.27 3173.31 3616.17
26071-600-M6-065-00231 0.05812198668718338 3307.87 3503.60 3346.92 3536.35 3324.83 3562.69 3285.78 3529.94
26071-600-M6-065-00231 0.05725006386637688 6454.90 3500.84 6502.69 3495.25 6513.42 3587.00 6465.62 3592.58
26071-600-M6-065-00231 0.05450940877199173 6072.83 3449.65 6101.39 3460.49 6085.87 3501.39 6057.31 3490.55
26071-600-M6-065-00231 0.05436224117875099 3300.17 1741.91 3347.74 1752.11 3337.81 1798.41 3290.24 1788.21
26071-600-M6-065-00231 0.054334856569767 7614.02 4546.01 8140.09 4535.57 8141.31 4596.69 7615.23 4607.14
26071-600-M6-065-00231 0.053713079541921616 7417.52 3313.21 7461.12 3309.85 7463.69 3343.26 7420.10 3346.62
26071-600-M6-065-00231 0.05264819413423538 7421.54 3456.50 7464.62 3466.38 7457.87 3495.80 7414.79 3485.92
26071-500-M6-059-00071 0.17651845514774323 1481.59 5238.49 1655.38 5237.78 1655.63 5299.84 1481.84 5300.55
26071-500-M6-059-00071 0.16046608984470367 3462.60 3445.80 3507.58 3451.02 3502.05 3498.62 3457.08 3493.40
26071-500-M6-059-00071 0.06505689024925232 1625.62 3521.12 1675.02 3510.22 1681.95 3541.64 1632.55 3552.54
26071-500-M6-059-00071 0.06457003206014633 1967.12 3961.36 2001.56 3960.43 2003.80 4043.52 1969.37 4044.45
26071-500-M6-059-00071 0.06082691624760628 1627.22 4415.28 1676.14 4422.04 1672.01 4451.93 1623.09 4445.17
26071-500-M6-059-00071 0.05372565612196922 1639.39 5552.85 1685.58 5574.59 1662.72 5623.16 1616.53 5601.43
26071-203-M6-320-00008 0.5811768770217896 1584.21 4184.37 1616.26 4185.85 1611.84 4281.50 1579.79 4280.02
26071-203-M6-320-00008 0.11093084514141083 5876.33 5058.17 5909.84 5060.19 5902.28 5185.43 5868.77 5183.40
26071-203-M6-320-00008 0.08092131465673447 4780.52 4228.68 4824.84 4206.28 4849.01 4254.10 4804.70 4276.51
26071-203-M6-320-00008 0.06485743820667267 4817.32 4071.05 4863.75 4050.29 4884.24 4096.11 4837.81 4116.88
26071-203-M6-320-00008 0.06311351805925369 2371.15 4234.67 2524.16 4228.85 2525.90 4274.61 2372.89 4280.43
26071-203-M6-320-00008 0.06162971630692482 4792.57 4137.33 4948.09 4143.39 4946.24 4191.00 4790.71 4184.93
26071-203-M6-320-00008 0.059109192341566086 3411.97 4056.30 3444.60 4057.10 3441.43 4186.68 3408.80 4185.88
26071-203-M6-320-00008 0.058825720101594925 1498.78 4231.65 1591.73 4234.58 1590.24 4281.78 1497.30 4278.85
26071-203-M6-320-00008 0.058119747787714005 2379.27 4327.57 2425.57 4308.00 2446.05 4356.44 2399.74 4376.01
26071-203-M6-320-00008 0.05577635020017624 5820.85 3976.26 5853.27 3973.72 5863.17 4100.16 5830.75 4102.70
26071-500-M6-059-00116 0.11684537678956985 4348.59 3151.67 4396.01 3156.65 4391.15 3202.84 4343.74 3197.85
26071-500-M6-059-00116 0.1083255335688591 4342.87 4427.10 4385.61 4410.83 4396.03 4438.21 4353.29 4454.48
26071-500-M6-059-00116 0.10224232077598572 4349.56 3385.17 4395.99 3392.81 4388.27 3439.75 4341.84 3432.12
26071-500-M6-059-00116 0.09464272856712341 4348.91 3241.57 4398.03 3245.39 4390.91 3337.03 4341.79 3333.21
26071-550-M6-084-00026 0.5130941867828369 5562.87 3279.83 5595.46 3284.68 5580.62 3384.38 5548.03 3379.53
26071-550-M6-084-00026 0.4084816873073578 3196.10 3279.10 3228.06 3282.05 3218.85 3381.69 3186.89 3378.73
26071-550-M6-084-00026 0.15440699458122253 7227.99 3468.18 7323.50 3466.50 7324.34 3514.66 7228.84 3516.34
26071-550-M6-084-00026 0.1340983808040619 7226.28 3329.04 7319.83 3323.14 7322.81 3370.26 7229.25 3376.16
26071-550-M6-084-00026 0.07768204808235168 2824.57 2853.89 2939.27 2852.32 2939.74 2886.48 2825.03 2888.05
26071-550-M6-084-00026 0.06054624915122986 5574.65 3323.89 5667.95 3331.90 5663.98 3378.13 5570.69 3370.13
26071-550-M6-084-00026 0.05027271434664726 2144.81 3418.99 2177.21 3410.89 2189.75 3461.03 2157.35 3469.14
26071-203-M6-337-00007 0.9572032690048218 3304.49 5439.15 3335.99 5438.90 3336.76 5539.00 3305.26 5539.24
26071-203-M6-337-00007 0.9550909996032715 3304.54 2739.29 3336.10 2739.14 3336.57 2839.26 3305.01 2839.40
26071-203-M6-337-00007 0.9495433568954468 5193.87 5486.06 5225.56 5484.94 5229.16 5586.54 5197.46 5587.66
26071-203-M6-337-00007 0.934314489364624 5194.99 2783.89 5227.38 2783.74 5227.85 2885.95 5195.45 2886.10
26071-203-M6-337-00007 0.9001477360725403 5191.83 3041.44 5224.02 3039.17 5230.97 3137.77 5198.78 3140.03
26071-203-M6-337-00007 0.8961395025253296 5189.25 5741.07 5221.06 5738.93 5227.73 5838.02 5195.91 5840.16
26071-203-M6-337-00007 0.09523645043373108 4310.47 4254.64 4359.48 4251.91 4360.97 4278.63 4311.95 4281.36
26071-203-M6-337-00007 0.09404785931110382 4311.13 1554.24 4359.48 1551.81 4360.85 1579.13 4312.50 1581.55
26071-203-M6-337-00007 0.0720376968383789 3464.62 2790.04 3500.19 2790.08 3500.14 2840.60 3464.56 2840.56
26071-203-M6-337-00007 0.06569946557283401 3465.98 5489.38 3500.51 5490.28 3499.19 5540.71 3464.66 5539.81
26071-203-M6-337-00007 0.06309862434864044 5168.88 2549.64 5203.60 2551.89 5199.71 2611.99 5164.99 2609.75
26071-203-M6-337-00007 0.05647599324584007 7607.60 3086.83 8151.70 3079.96 8152.49 3141.88 7608.39 3148.76
26071-203-M6-337-00007 0.05301244184374809 3466.00 2037.84 3500.06 2037.11 3501.24 2091.97 3467.17 2092.70
26071-203-M6-337-00007 0.05292047932744026 5170.05 5528.82 5203.72 5530.51 5200.56 5593.10 5166.90 5591.41
26071-203-M6-337-00007 0.05138498544692993 5222.20 5530.54 5311.82 5541.50 5305.97 5589.37 5216.35 5578.40
26071-200-M6-052-00090 0.9547458291053772 6356.97 2990.57 6462.33 2990.94 6462.21 3023.69 6356.85 3023.31
26071-200-M6-052-00090 0.9518091082572937 3349.18 1323.78 3449.79 1323.84 3449.77 1355.69 3349.16 1355.62
26071-200-M6-052-00090 0.9414574503898621 6409.49 5029.87 6508.84 5030.50 6508.63 5063.45 6409.28 5062.81
26071-200-M6-052-00090 0.9298998713493347 2573.72 6496.69 2671.18 6493.88 2672.11 6526.55 2574.66 6529.35
26071-200-M6-052-00090 0.32164454460144043 6404.32 2911.20 6450.86 2902.38 6468.94 2997.82 6422.40 3006.64
26071-200-M6-052-00090 0.17225641012191772 6092.64 3681.11 6225.11 3676.20 6226.30 3708.23 6093.83 3713.14
26071-200-M6-052-00090 0.1591210663318634 3407.76 1240.12 3450.80 1242.05 3446.87 1329.81 3403.82 1327.88
26071-200-M6-052-00090 0.15744546055793762 5914.03 3293.40 6034.89 3292.93 6035.03 3327.09 5914.17 3327.56
26071-200-M6-052-00090 0.1567651331424713 2370.79 3677.83 2503.36 3679.05 2503.06 3711.47 2370.49 3710.25
26071-200-M6-052-00090 0.15019474923610687 5470.50 3316.68 5500.61 3310.06 5510.39 3354.53 5480.29 3361.16
26071-200-M6-052-00090 0.15009231865406036 8028.41 3750.40 8148.53 3749.17 8148.86 3781.64 8028.74 3782.87
26071-200-M6-052-00090 0.14964167773723602 7058.49 4164.18 7105.27 4163.74 7105.70 4209.39 7058.93 4209.83
26071-200-M6-052-00090 0.14857809245586395 2852.34 3292.14 2975.33 3293.51 2974.95 3327.75 2851.97 3326.39
26071-200-M6-052-00090 0.1341741681098938 6416.74 5053.40 6466.72 5057.60 6458.97 5149.81 6408.99 5145.61
26071-200-M6-052-00090 0.12839695811271667 2562.68 6510.69 2610.57 6507.79 2617.16 6616.48 2569.27 6619.39
26071-200-M6-052-00090 0.11520911753177643 2473.72 3309.77 2508.65 3342.12 2487.50 3364.96 2452.57 3332.60
26071-200-M6-052-00090 0.10966208577156067 5995.73 3310.53 6029.71 3314.61 6023.70 3364.59 5989.72 3360.50
26071-200-M6-052-00090 0.10821187496185303 3314.91 1187.04 3429.08 1191.23 3427.89 1223.65 3313.72 1219.46
26071-200-M6-052-00090 0.1035703644156456 2712.29 3310.97 2743.14 3324.71 2723.37 3369.07 2692.53 3355.33
26071-200-M6-052-00090 0.10028471797704697 3078.62 3676.98 3211.20 3679.73 3210.53 3712.18 3077.94 3709.44
26071-200-M6-052-00090 0.09433001279830933 2719.89 3680.42 2855.88 3677.35 2856.61 3709.53 2720.62 3712.59
26071-200-M6-052-00090 0.09137697517871857 2697.06 2519.69 2744.37 2526.65 2737.46 2573.64 2690.15 2566.69
26071-200-M6-052-00090 0.09004583954811096 7098.58 4350.14 7208.94 4373.97 7201.48 4408.53 7091.11 4384.69
26071-200-M6-052-00090 0.08893503993749619 3593.75 6075.47 3627.72 6074.74 3630.11 6186.70 3596.14 6187.42
26071-200-M6-052-00090 0.08636235445737839 5709.30 3318.38 5740.23 3314.55 5745.80 3359.54 5714.86 3363.37
26071-200-M6-052-00090 0.08355787396430969 6159.21 5688.60 6263.25 5686.76 6263.81 5718.55 6159.77 5720.40
26071-200-M6-052-00090 0.07960209995508194 5470.88 3474.15 5502.39 3468.13 5522.14 3571.44 5490.63 3577.47
26071-200-M6-052-00090 0.07944874465465546 4189.51 5943.30 4282.05 5948.77 4280.19 5980.28 4187.65 5974.81
26071-200-M6-052-00090 0.07891049236059189 7258.57 3999.18 7291.82 3999.69 7289.99 4118.73 7256.73 4118.21
26071-200-M6-052-00090 0.07612523436546326 5708.39 2544.80 5755.16 2550.13 5749.86 2596.61 5703.09 2591.28
26071-200-M6-052-00090 0.07087855786085129 2455.69 3474.91 2488.26 3467.20 2511.98 3567.40 2479.41 3575.11
26071-200-M6-052-00090 0.06800185143947601 6706.86 1731.53 6833.22 1732.46 6832.99 1764.71 6706.62 1763.78
26071-200-M6-052-00090 0.06778112053871155 7059.01 4621.11 7106.80 4619.57 7109.86 4715.09 7062.07 4716.62
26071-200-M6-052-00090 0.06714590638875961 6437.47 2831.01 6538.89 2849.67 6532.35 2885.24 6430.93 2866.58
26071-200-M6-052-00090 0.06289079040288925 5932.98 5191.81 5966.45 5191.53 5967.47 5312.10 5933.99 5312.39
26071-200-M6-052-00090 0.06000364199280739 5728.02 3685.04 5870.52 3673.91 5872.94 3704.82 5730.44 3715.95
26071-200-M6-052-00090 0.059657022356987 7061.53 4435.37 7107.69 4434.68 7109.04 4525.33 7062.87 4526.01
26071-200-M6-052-00090 0.05876043811440468 5517.81 3677.72 5660.76 3681.52 5659.91 3713.31 5516.97 3709.51
26071-200-M6-052-00090 0.058405257761478424 2512.02 3676.35 2645.24 3679.82 2644.40 3711.82 2511.19 3708.35
26071-200-M6-052-00090 0.05213572084903717 6141.92 4004.81 6207.37 4005.47 6206.15 4126.96 6140.69 4126.30
26071-200-M6-052-00090 0.05132676661014557 7062.29 4050.85 7124.66 4077.35 7109.37 4113.33 7047.00 4086.83
26071-200-M6-052-00090 0.05116952955722809 3126.00 4010.56 3216.29 4010.37 3216.54 4126.79 3126.25 4126.99
26071-200-M6-052-00090 0.05035136267542839 5379.67 3678.90 5508.73 3675.72 5509.55 3708.84 5380.49 3712.02
26071-203-M6-320-00061 0.07066269963979721 647.12 3642.06 679.38 3640.07 687.27 3767.79 655.01 3769.79
26071-203-M6-320-00061 0.06245877966284752 571.10 4048.57 662.76 4056.23 658.92 4102.16 567.26 4094.50
26071-600-M6-065-00037 0.1752907782793045 1821.59 3719.63 1853.63 3720.49 1851.12 3814.34 1819.09 3813.48
26071-600-M6-065-00037 0.1625235676765442 6137.72 3270.38 6180.27 3248.27 6194.35 3275.37 6151.80 3297.48
26071-600-M6-065-00037 0.16185301542282104 4114.45 6136.70 4153.66 6138.30 4149.94 6229.80 4110.72 6228.20
26071-600-M6-065-00037 0.16010086238384247 5917.19 3177.94 6043.53 3170.04 6045.56 3202.37 5919.21 3210.28
26071-600-M6-065-00037 0.14648950099945068 6113.66 3156.87 6207.44 3155.31 6207.96 3186.58 6114.18 3188.15
26071-600-M6-065-00037 0.1426645666360855 5129.06 3721.30 5161.78 3723.14 5156.55 3816.27 5123.83 3814.43
26071-600-M6-065-00037 0.13474033772945404 2482.56 3171.05 2576.16 3169.40 2576.73 3201.52 2483.13 3203.17
26071-600-M6-065-00037 0.12378192692995071 2609.34 3174.22 2739.97 3171.25 2740.71 3203.95 2610.08 3206.92
26071-600-M6-065-00037 0.12171953916549683 3199.21 3349.98 3332.05 3353.50 3331.16 3387.21 3198.32 3383.70
26071-600-M6-065-00037 0.12140326201915741 5387.96 3447.81 5427.66 3414.68 5450.78 3442.40 5411.08 3475.52
26071-600-M6-065-00037 0.1096610277891159 6647.08 3406.94 6785.86 3408.18 6785.57 3440.78 6646.79 3439.54
26071-600-M6-065-00037 0.09350863099098206 2700.49 2203.34 2746.65 2214.54 2735.31 2261.27 2689.14 2250.06
26071-600-M6-065-00037 0.09261353313922882 6003.81 3194.91 6053.24 3218.95 6041.23 3243.63 5991.80 3219.59
26071-600-M6-065-00037 0.09046206623315811 6000.94 2324.67 6048.89 2328.66 6044.97 2375.77 5997.02 2371.78
26071-600-M6-065-00037 0.08641451597213745 1868.00 3438.10 1992.23 3442.24 1991.18 3473.94 1866.94 3469.80
26071-600-M6-065-00037 0.08627372980117798 352.31 1020.66 897.36 1016.76 897.80 1078.02 352.75 1081.92
26071-600-M6-065-00037 0.08623481541872025 5451.38 3342.74 5577.98 3343.91 5577.67 3376.86 5451.08 3375.69
26071-600-M6-065-00037 0.08405325561761856 5687.88 3315.24 5733.72 3326.94 5726.19 3356.47 5680.34 3344.77
26071-600-M6-065-00037 0.08121886104345322 2499.97 3280.41 2542.56 3265.17 2552.45 3292.78 2509.86 3308.03
26071-600-M6-065-00037 0.08093032240867615 1820.62 4137.05 1853.87 4136.79 1854.55 4225.38 1821.31 4225.63
26071-600-M6-065-00037 0.07972751557826996 2032.94 3458.07 2079.05 3439.92 2091.69 3472.02 2045.58 3490.17
26071-600-M6-065-00037 0.07810898870229721 5997.04 2087.23 6049.65 2092.01 6045.34 2139.40 5992.73 2134.62
26071-600-M6-065-00037 0.07752228528261185 6179.04 3179.59 6203.91 3202.39 6152.48 3258.50 6127.60 3235.70
26071-600-M6-065-00037 0.0757535845041275 5127.31 4134.32 5159.73 4134.97 5157.91 4225.46 5125.49 4224.81
26071-600-M6-065-00037 0.0737278014421463 2766.06 3143.57 2860.81 3141.67 2861.46 3173.95 2766.71 3175.84
26071-600-M6-065-00037 0.07104329019784927 2696.59 1969.59 2742.90 1975.83 2736.63 2022.38 2690.32 2016.14
26071-600-M6-065-00037 0.07080041617155075 2689.62 3214.58 2713.92 3195.28 2744.26 3233.49 2719.96 3252.79
26071-600-M6-065-00037 0.06794480979442596 6410.43 3361.62 6453.86 3345.18 6464.54 3373.40 6421.11 3389.84
26071-600-M6-065-00037 0.06260888278484344 4147.39 6147.51 4302.36 6152.14 4300.63 6209.84 4145.67 6205.22
26071-600-M6-065-00037 0.061325475573539734 361.16 2455.27 899.78 2440.24 901.41 2498.60 362.79 2513.62
26071-600-M6-065-00037 0.06026466563344002 6976.62 4492.52 7008.23 4493.27 7006.47 4567.16 6974.86 4566.41
26071-600-M6-065-00037 0.05875881761312485 3019.72 3333.07 3065.43 3318.30 3075.35 3348.98 3029.64 3363.76
26071-600-M6-065-00037 0.05368569493293762 2235.02 3313.04 2364.40 3306.58 2366.03 3339.23 2236.65 3345.69
26071-600-M6-065-00037 0.05319127067923546 3338.79 3402.95 3473.56 3409.35 3471.99 3442.44 3337.22 3436.04
26071-600-M6-065-00037 0.0527479350566864 7595.56 6673.35 8124.77 6669.51 8125.14 6720.32 7595.93 6724.16
26071-600-M6-065-00037 0.05006123706698418 367.05 745.93 899.66 749.10 899.28 812.32 366.68 809.15
26071-300-M6-053-00010 0.9686616659164429 2166.42 4539.98 2265.83 4540.82 2265.56 4572.97 2166.15 4572.13
26071-300-M6-053-00010 0.9656307101249695 1932.07 4263.43 2030.15 4263.20 2030.23 4295.02 1932.15 4295.25
26071-300-M6-053-00010 0.9635789394378662 2167.41 4262.16 2266.26 4262.43 2266.17 4294.37 2167.32 4294.10
26071-300-M6-053-00010 0.9624135494232178 2401.98 4540.25 2502.26 4540.04 2502.33 4572.63 2402.05 4572.84
26071-300-M6-053-00010 0.16282162070274353 2212.79 4307.66 2251.69 4276.01 2271.01 4299.75 2232.11 4331.40
26071-300-M6-053-00010 0.14117056131362915 4055.13 3290.60 4101.11 3300.09 4091.39 3347.20 4045.41 3337.71
26071-300-M6-053-00010 0.12216422706842422 1982.03 4290.96 2030.27 4292.17 2029.48 4323.89 1981.23 4322.68
26071-300-M6-053-00010 0.09497004747390747 2694.25 4036.80 2741.97 4041.81 2737.07 4088.42 2689.35 4083.41
26071-300-M6-053-00010 0.09000223129987717 3398.86 4890.98 3444.69 4885.46 3448.43 4916.49 3402.60 4922.01
26071-300-M6-053-00010 0.08647274971008301 2448.83 4516.30 2497.44 4513.56 2499.26 4545.94 2450.65 4548.68
26071-300-M6-053-00010 0.08099770545959473 5221.60 2479.10 5283.44 2478.00 5286.34 2640.49 5224.49 2641.59
26071-300-M6-053-00010 0.07605935633182526 2698.14 4741.75 2744.09 4750.85 2734.84 4797.50 2688.90 4788.40
26071-300-M6-053-00010 0.07481874525547028 4927.68 2478.12 4989.88 2478.41 4989.11 2641.88 4926.91 2641.58
26071-300-M6-053-00010 0.0713469609618187 4908.67 2623.79 5008.89 2619.87 5010.72 2666.70 4910.50 2670.62
26071-300-M6-053-00010 0.06960983574390411 3285.42 4030.78 3330.15 4035.05 3327.13 4066.69 3282.40 4062.42
26071-300-M6-053-00010 0.06489013135433197 7062.06 1557.47 7110.46 1557.98 7109.95 1605.93 7061.55 1605.41
26071-300-M6-053-00010 0.06406514346599579 2704.03 4161.03 2750.86 4168.84 2731.41 4285.42 2684.58 4277.60
26071-300-M6-053-00010 0.05696409195661545 2705.21 4498.03 2741.27 4505.96 2731.07 4552.32 2695.02 4544.39
26071-300-M6-053-00010 0.05577600747346878 2226.15 4503.93 2268.28 4525.63 2254.38 4552.61 2212.25 4530.91
26071-300-M6-053-00010 0.05424642562866211 4185.85 3161.11 4229.67 3171.97 4218.61 3216.61 4174.79 3205.75
26071-300-M6-053-00010 0.05297037586569786 6312.02 2554.28 6344.48 2559.72 6334.83 2617.30 6302.37 2611.87
26071-300-M6-053-00010 0.052508529275655746 3408.26 4001.09 3451.22 4018.44 3439.82 4046.66 3396.86 4029.32
26071-300-M6-053-00010 0.05031801015138626 3621.90 4638.64 3653.19 4641.17 3647.74 4708.68 3616.45 4706.15
26071-203-M6-320-00042 0.056558966636657715 6183.19 3596.37 6231.96 3592.30 6234.65 3624.48 6185.88 3628.55
26071-203-M6-320-00042 0.055248308926820755 1945.82 3933.54 1992.71 3912.09 2012.82 3956.06 1965.93 3977.50
26071-203-M6-320-00042 0.05133254826068878 4262.78 3599.03 4309.71 3591.84 4314.49 3623.03 4267.56 3630.22
26071-200-M6-052-00540 0.05254482850432396 1349.45 5326.15 1406.35 5329.36 1386.19 5686.62 1329.29 5683.41
26071-200-M6-052-00540 0.050307705998420715 7788.87 754.11 7850.66 751.52 7867.36 1150.29 7805.56 1152.88
26071-200-M6-052-00540 0.05028197914361954 7704.42 3679.74 8229.52 3679.03 8229.60 3744.02 7704.51 3744.73
26071-203-M6-160-00291 0.3273109793663025 2974.53 3515.82 3093.68 3517.29 3093.28 3549.65 2974.13 3548.19
26071-203-M6-160-00291 0.308918297290802 2973.36 3870.23 3097.73 3866.10 3098.80 3898.40 2974.43 3902.53
26071-203-M6-160-00291 0.10619305074214935 5839.86 2968.08 5903.20 2999.15 5887.53 3031.08 5824.19 3000.01
26071-203-M6-160-00291 0.098674476146698 4782.17 5363.37 4881.51 5366.65 4880.41 5399.78 4781.08 5396.50
26071-203-M6-160-00291 0.09500066936016083 6466.93 2775.32 6498.75 2776.30 6494.70 2906.94 6462.88 2905.95
26071-203-M6-160-00291 0.08891545981168747 6465.49 3001.89 6498.09 3002.34 6496.25 3136.10 6463.65 3135.66
26071-203-M6-160-00291 0.0831046998500824 2009.04 4612.62 2137.77 4617.88 2136.41 4651.08 2007.68 4645.82
26071-203-M6-160-00291 0.07888811081647873 1633.68 3586.75 1678.50 3593.26 1671.82 3639.23 1627.00 3632.72
26071-203-M6-160-00291 0.07511001080274582 3394.52 2259.81 3483.08 2285.80 3472.20 2322.89 3383.64 2296.90
26071-203-M6-160-00291 0.07111305743455887 1866.31 3589.46 1912.05 3591.51 1910.04 3636.55 1864.29 3634.50
26071-203-M6-160-00291 0.07093214243650436 4502.13 4612.21 4630.55 4620.40 4628.44 4653.48 4500.02 4645.29
26071-203-M6-160-00291 0.06779786944389343 5196.94 5433.36 5231.52 5433.81 5230.87 5484.91 5196.29 5484.47
26071-203-M6-160-00291 0.06379270553588867 3586.16 4541.76 3632.10 4538.14 3639.13 4627.33 3593.19 4630.95
26071-203-M6-160-00291 0.0633678138256073 3508.55 4615.36 3637.46 4621.33 3635.96 4653.68 3507.05 4647.70
26071-203-M6-160-00291 0.06245274096727371 1293.73 1414.28 1389.09 1407.51 1391.54 1442.10 1296.18 1448.87
26071-203-M6-160-00291 0.06036342680454254 2167.42 5432.82 2254.98 5437.02 2251.64 5506.62 2164.09 5502.42
26071-203-M6-160-00291 0.05927343666553497 2698.29 5444.48 2732.22 5428.02 2753.49 5471.84 2719.56 5488.31
26071-203-M6-160-00291 0.057442281395196915 6000.87 4614.35 6131.00 4624.06 6128.60 4656.14 5998.48 4646.43
26071-203-M6-160-00291 0.0572444424033165 2077.71 4547.09 2120.94 4536.61 2141.94 4623.24 2098.71 4633.72
26071-203-M6-160-00291 0.054111842066049576 4678.35 5415.25 4757.95 5457.67 4725.39 5518.76 4645.79 5476.34
26071-203-M6-160-00291 0.054024115204811096 1673.93 3585.73 1701.75 3584.53 1703.88 3634.11 1676.05 3635.30
26071-203-M6-160-00291 0.05157608911395073 3350.85 2268.14 3377.87 2252.96 3413.10 2315.65 3386.09 2330.83
26071-600-M6-066-00002 0.11361027508974075 4657.45 2374.31 4711.77 2381.79 4707.75 2410.99 4653.42 2403.51
26071-600-M6-066-00002 0.11039358377456665 4058.71 2367.81 4104.83 2384.33 4093.90 2414.88 4047.77 2398.37
26071-600-M6-066-00002 0.10644234716892242 4077.52 4500.43 4100.36 4519.11 4071.53 4554.34 4048.69 4535.66
26071-600-M6-066-00002 0.0966864749789238 5983.86 1729.56 6013.43 1711.95 6054.76 1781.35 6025.19 1798.96
26071-600-M6-066-00002 0.07233373820781708 3757.07 2861.84 3795.56 2858.14 3800.65 2911.03 3762.16 2914.73
26071-600-M6-066-00002 0.0696282759308815 4065.28 4536.30 4098.98 4544.27 4083.63 4609.12 4049.94 4601.14
26071-600-M6-066-00002 0.06392724066972733 4397.78 4538.67 4439.09 4500.35 4459.95 4522.85 4418.63 4561.16
26071-600-M6-066-00002 0.05846162512898445 4132.27 4515.05 4181.08 4518.04 4179.20 4548.68 4130.39 4545.69
26071-600-M6-066-00002 0.05575298145413399 7598.21 5213.78 8146.49 5208.77 8147.05 5270.28 7598.77 5275.29
26071-600-M6-066-00002 0.05321333929896355 342.13 3914.68 893.31 3913.00 893.50 3974.47 342.31 3976.16
26071-600-M6-066-00002 0.05062742903828621 4402.66 2374.83 4453.05 2373.71 4453.80 2407.25 4403.40 2408.36
26071-300-M6-053-00008 0.4426853656768799 4482.20 621.11 4568.38 623.87 4567.31 657.27 4481.13 654.51
26071-300-M6-053-00008 0.12086062133312225 5873.40 3152.36 5907.82 3152.63 5907.38 3209.32 5872.96 3209.05
26071-300-M6-053-00008 0.1162046566605568 5522.14 5061.27 5571.66 5050.58 5578.23 5081.06 5528.71 5091.74
26071-300-M6-053-00008 0.07902178168296814 5197.31 3147.42 5232.78 3152.69 5224.03 3211.63 5188.55 3206.36
26071-300-M6-053-00008 0.07600440829992294 5874.89 2441.83 5906.58 2445.65 5900.76 2493.95 5869.07 2490.13
26071-300-M6-053-00008 0.06780006736516953 5872.25 4510.06 5903.64 4511.53 5901.44 4558.27 5870.06 4556.80
26071-300-M6-053-00008 0.059241436421871185 5201.90 3799.18 5235.71 3805.29 5226.60 3855.69 5192.79 3849.58
26071-300-M6-053-00008 0.05666358768939972 357.44 1043.24 899.69 1040.85 899.97 1103.37 357.72 1105.75
26071-300-M6-053-00008 0.055462658405303955 5879.39 4151.40 5910.27 4156.82 5900.78 4210.88 5869.90 4205.46
26071-300-M6-053-00008 0.053874943405389786 2093.98 1368.37 2156.86 1401.11 2142.25 1429.16 2079.37 1396.42
26071-300-M6-053-00008 0.05007339268922806 5197.88 4152.71 5232.41 4156.48 5226.90 4206.86 5192.37 4203.08
26071-300-M6-053-00008 0.05007033050060272 5878.01 2794.28 5908.71 2801.40 5897.58 2849.36 5866.88 2842.24
26071-203-M6-060-00001 0.9347363114356995 1617.18 1388.78 1649.61 1389.31 1648.02 1486.94 1615.58 1486.41
26071-203-M6-060-00001 0.2171092927455902 2083.41 836.21 2188.37 844.66 2185.76 877.00 2080.80 868.55
26071-203-M6-060-00001 0.09593096375465393 1531.80 1443.67 1623.91 1438.12 1626.78 1485.83 1534.67 1491.37
26071-203-M6-060-00001 0.0785701647400856 1611.90 5494.50 1644.77 5492.70 1651.78 5619.96 1618.90 5621.77
26071-203-M6-060-00001 0.0769026130437851 3610.76 1372.74 3708.82 1372.87 3708.78 1407.55 3610.72 1407.42
26071-203-M6-060-00001 0.07420096546411514 3024.58 5510.23 3118.34 5509.08 3118.75 5542.14 3024.99 5543.29
26071-203-M6-060-00001 0.06695517152547836 3616.59 5498.91 3709.90 5497.82 3710.28 5531.02 3616.97 5532.11
26071-203-M6-060-00001 0.06280010938644409 4345.41 1332.60 4392.19 1331.12 4395.18 1425.68 4348.40 1427.15
26071-203-M6-060-00001 0.05835739150643349 3612.80 4553.60 3705.78 4553.94 3705.66 4588.26 3612.68 4587.92
26071-203-M6-060-00001 0.05462222173810005 3024.09 4564.61 3118.40 4564.54 3118.42 4597.64 3024.11 4597.72
26071-203-M6-060-00001 0.05159518122673035 7599.62 2495.83 8144.64 2497.88 8144.41 2558.68 7599.39 2556.62
26071-203-M6-060-00001 0.05059351027011871 349.91 2493.20 894.99 2501.29 894.07 2563.54 348.98 2555.45
26071-200-M6-063-00010 0.311075896024704 4175.76 3365.01 4277.58 3363.27 4278.14 3395.59 4176.32 3397.34
26071-200-M6-063-00010 0.25184962153434753 3163.43 4192.09 3211.66 4194.88 3209.01 4240.79 3160.77 4238.00
26071-200-M6-063-00010 0.20240095257759094 4228.35 4761.49 4274.29 4764.29 4271.49 4810.22 4225.55 4807.41
26071-200-M6-063-00010 0.20151594281196594 4228.84 4709.27 4277.86 4723.24 4269.81 4751.49 4220.79 4737.52
26071-200-M6-063-00010 0.0921173095703125 4187.59 4743.49 4276.56 4736.37 4279.03 4767.17 4190.05 4774.29
26071-200-M6-063-00010 0.07859989255666733 3165.84 3938.01 3215.00 3934.59 3217.27 3967.24 3168.11 3970.65
26071-200-M6-063-00010 0.07249630242586136 2918.12 3903.86 2965.76 3866.97 2990.76 3899.26 2943.13 3936.15
26071-200-M6-063-00010 0.07126712799072266 3189.74 3877.16 3219.13 3898.17 3187.59 3942.29 3158.20 3921.27
26071-200-M6-063-00010 0.06859470903873444 5981.14 1777.71 6040.64 1767.83 6068.42 1935.25 6008.93 1945.13
26071-200-M6-063-00010 0.06577642261981964 4232.05 3390.17 4275.64 3399.43 4269.57 3428.00 4225.98 3418.74
26071-200-M6-063-00010 0.060752373188734055 5767.11 5691.09 5813.05 5699.06 5805.10 5744.85 5759.16 5736.87
26071-200-M6-063-00010 0.052001215517520905 4493.51 5689.50 4538.68 5700.45 4527.89 5744.95 4482.72 5734.00
26071-203-M6-060-00006 0.13222604990005493 3155.75 2864.16 3188.29 2861.76 3195.51 2959.92 3162.98 2962.32
26071-203-M6-060-00006 0.13019999861717224 3229.37 3008.25 3300.14 3017.11 3288.23 3112.29 3217.45 3103.43
26071-203-M6-060-00006 0.11480431258678436 3160.25 3156.75 3196.31 3158.91 3190.68 3253.02 3154.61 3250.86
26071-203-M6-060-00006 0.092017762362957 7158.62 5995.32 7251.30 5992.86 7252.19 6026.59 7159.51 6029.04
26071-203-M6-060-00006 0.08510135114192963 5959.17 4259.79 5990.77 4228.65 6011.46 4249.66 5979.87 4280.79
26071-203-M6-060-00006 0.06446334719657898 6276.91 4232.42 6319.16 4248.15 6308.61 4276.46 6266.37 4260.73
26071-203-M6-060-00006 0.06375136971473694 6120.27 4092.64 6163.70 4093.93 6162.80 4124.25 6119.37 4122.96
26071-203-M6-060-00006 0.06275798380374908 2673.65 4286.39 2774.20 4285.62 2774.57 4332.96 2674.01 4333.72
26071-203-M6-060-00006 0.06070827320218086 361.62 2765.86 900.82 2752.14 902.13 2803.60 362.93 2817.33
26071-203-M6-060-00006 0.057322852313518524 7604.88 6044.87 8135.71 6034.88 8136.88 6096.86 7606.05 6106.85
26071-203-M6-060-00006 0.05456753075122833 2943.39 4184.72 2986.99 4190.79 2982.87 4220.34 2939.27 4214.27
26071-203-M6-060-00006 0.05418020114302635 1962.50 5265.03 2063.19 5259.55 2065.07 5293.99 1964.37 5299.47
26071-203-M6-060-00006 0.05381404235959053 6118.44 4238.23 6164.45 4240.44 6163.05 4269.57 6117.04 4267.35
26071-203-M6-060-00006 0.05227319896221161 3266.05 4286.95 3367.76 4285.38 3368.51 4334.00 3266.80 4335.57
26071-203-M6-325-00013 0.11928188055753708 1486.69 3077.10 1517.70 3074.78 1527.08 3200.17 1496.07 3202.49
26071-203-M6-325-00013 0.08423242717981339 2326.68 3497.93 2413.67 3499.35 2413.08 3535.57 2326.09 3534.15
26071-203-M6-325-00013 0.052046999335289 5372.17 3140.82 5403.95 3141.60 5402.43 3203.21 5370.64 3202.42
26071-203-M6-325-00013 0.05111169442534447 3428.26 4700.18 3497.39 4698.92 3500.75 4882.92 3431.62 4884.19
26071-675-M6-068-00041 0.06440841406583786 2048.87 4350.09 2095.37 4355.25 2090.20 4401.91 2043.70 4396.75
26071-675-M6-068-00041 0.05849538743495941 6038.89 4358.71 6087.46 4361.96 6084.29 4409.32 6035.71 4406.06
26071-675-M6-068-00041 0.05668449029326439 6369.03 4358.62 6417.86 4362.23 6414.37 4409.41 6365.54 4405.80
26071-300-M6-053-00012 0.9759405255317688 4575.49 5280.08 4675.02 5280.33 4674.94 5312.23 4575.41 5311.99
26071-300-M6-053-00012 0.9703049063682556 6467.05 5279.27 6563.89 5278.73 6564.07 5310.85 6467.23 5311.39
26071-300-M6-053-00012 0.9634904861450195 4577.31 3524.94 4677.60 3523.92 4677.93 3556.53 4577.65 3557.55
26071-300-M6-053-00012 0.11470876634120941 4631.04 3917.79 4676.87 3918.27 4675.91 4008.96 4630.08 4008.48
26071-300-M6-053-00012 0.10868670046329498 4347.55 2830.15 4393.17 2829.07 4393.92 2860.71 4348.30 2861.79
26071-300-M6-053-00012 0.10324182361364365 3040.26 2799.70 3184.79 2796.31 3185.56 2828.89 3041.02 2832.27
26071-300-M6-053-00012 0.10207080841064453 4496.98 2798.35 4629.84 2796.38 4630.32 2828.72 4497.46 2830.68
26071-300-M6-053-00012 0.08801185339689255 2994.54 1702.11 3027.14 1702.07 3027.28 1813.16 2994.68 1813.20
26071-300-M6-053-00012 0.08518605679273605 3311.98 2800.70 3452.03 2794.39 3453.56 2828.34 3313.51 2834.65
26071-300-M6-053-00012 0.08014635741710663 5151.62 2215.20 5279.37 2219.95 5278.14 2252.91 5150.39 2248.16
26071-300-M6-053-00012 0.07814470678567886 3436.65 5277.81 3567.72 5282.90 3566.46 5315.35 3435.39 5310.26
26071-300-M6-053-00012 0.07728533446788788 5513.59 2496.52 5641.69 2496.67 5641.65 2529.61 5513.55 2529.46
26071-300-M6-053-00012 0.0771867036819458 2861.23 3246.91 2900.52 3245.41 2903.51 3323.67 2864.22 3325.17
26071-300-M6-053-00012 0.072666697204113 5018.90 2249.96 5064.70 2247.92 5066.06 2278.56 5020.27 2280.60
26071-300-M6-053-00012 0.07010843604803085 5446.33 2220.75 5577.03 2218.07 5577.68 2249.53 5446.98 2252.21
26071-300-M6-053-00012 0.06648101657629013 5720.61 2465.46 5762.83 2473.81 5757.10 2502.76 5714.88 2494.41
26071-300-M6-053-00012 0.06581971794366837 5717.74 2120.36 5767.13 2121.76 5763.68 2244.02 5714.29 2242.62
26071-300-M6-053-00012 0.0641046017408371 6510.68 5206.29 6556.97 5198.52 6571.48 5285.05 6525.19 5292.82
26071-300-M6-053-00012 0.06301181018352509 353.96 959.51 904.66 959.75 904.63 1022.22 353.93 1021.98
26071-300-M6-053-00012 0.06144298240542412 2863.99 3004.49 2900.58 3006.83 2896.65 3068.33 2860.06 3065.99
26071-300-M6-053-00012 0.060994017869234085 7240.57 2371.24 7287.74 2375.11 7280.94 2458.11 7233.77 2454.24
26071-300-M6-053-00012 0.060349080711603165 7366.34 2024.71 7413.73 2041.41 7397.85 2086.49 7350.45 2069.80
26071-300-M6-053-00012 0.058597270399332047 4626.85 5201.72 4673.87 5198.75 4679.53 5288.34 4632.51 5291.31
26071-300-M6-053-00012 0.057673901319503784 4630.37 3487.88 4682.45 3503.33 4673.04 3535.06 4620.96 3519.61
26071-300-M6-053-00012 0.05581165477633476 2692.44 1788.72 2740.23 1790.81 2737.97 1842.43 2690.18 1840.33
26071-300-M6-053-00012 0.05005520582199097 4226.75 4332.45 4353.93 4328.18 4355.02 4360.80 4227.84 4365.07
26071-450-M6-082-00221 0.06337907910346985 347.08 5450.11 901.87 5446.44 902.28 5508.14 347.48 5511.81
26071-450-M6-082-00221 0.05511460825800896 4045.28 4286.17 4073.47 4259.80 4105.90 4294.46 4077.71 4320.83
26071-675-M6-068-00034 0.5045559406280518 3284.75 5717.05 3381.52 5716.80 3381.60 5749.01 3284.84 5749.26
26071-675-M6-068-00034 0.0944514125585556 3483.45 4807.74 3507.29 4826.86 3477.74 4863.69 3453.90 4844.57
26071-675-M6-068-00034 0.0907692238688469 3356.07 5184.43 3522.96 5187.03 3522.06 5244.78 3355.17 5242.19
26071-675-M6-068-00034 0.08883962780237198 2885.87 4810.67 2907.82 4830.05 2874.56 4867.70 2852.62 4848.32
26071-675-M6-068-00034 0.08778026700019836 4762.76 3871.39 4795.37 3872.22 4792.05 4002.24 4759.44 4001.41
26071-675-M6-068-00034 0.07372389733791351 3663.03 4825.00 3711.32 4819.41 3714.88 4850.20 3666.59 4855.79
26071-675-M6-068-00034 0.07159009575843811 2587.42 5625.88 2634.70 5631.51 2629.13 5678.21 2581.86 5672.58
26071-675-M6-068-00034 0.0651710107922554 3606.93 3060.44 3736.10 3062.28 3735.64 3094.57 3606.47 3092.72
26071-675-M6-068-00034 0.06290709227323532 2711.56 4819.22 2753.86 4829.81 2746.04 4861.06 2703.74 4850.46
26071-675-M6-068-00034 0.06264206767082214 315.69 6384.83 872.35 6388.31 871.96 6450.55 315.30 6447.07
26071-675-M6-068-00034 0.06252103298902512 5229.38 1897.52 5323.38 1894.86 5324.47 1933.40 5230.47 1936.06
26071-675-M6-068-00034 0.06233181804418564 2857.90 3062.10 2984.56 3060.81 2984.89 3093.22 2858.23 3094.51
26071-675-M6-068-00034 0.05953595042228699 3030.79 4829.23 3081.32 4821.42 3086.08 4852.21 3035.55 4860.02
26071-675-M6-068-00034 0.05944397300481796 3068.15 5044.99 3093.25 5033.13 3112.44 5073.75 3087.34 5085.61
26071-675-M6-068-00034 0.05869461968541145 3602.49 4832.95 3645.57 4814.42 3658.31 4844.02 3615.23 4862.56
26071-675-M6-068-00034 0.05815873667597771 303.25 6037.00 858.47 6064.75 855.41 6125.90 300.20 6098.14
26071-675-M6-068-00034 0.056070536375045776 3719.56 4829.60 3768.80 4815.94 3777.39 4846.93 3728.15 4860.59
26071-675-M6-068-00034 0.05060591548681259 3779.88 4827.05 3829.49 4817.47 3835.54 4848.81 3785.94 4858.39
26071-450-M6-082-00031 0.4273195266723633 2976.03 3454.76 3069.45 3452.63 3070.19 3484.96 2976.77 3487.09
26071-450-M6-082-00031 0.1542384922504425 3036.08 3410.76 3073.26 3440.97 3053.44 3465.37 3016.25 3435.15
26071-450-M6-082-00031 0.14393265545368195 3438.19 3176.76 3568.10 3171.75 3569.34 3203.96 3439.44 3208.97
26071-450-M6-082-00031 0.0781986191868782 350.19 1318.60 899.29 1312.42 899.98 1374.17 350.89 1380.35
26071-450-M6-082-00031 0.0690252035856247 7600.94 1626.47 8149.87 1618.19 8150.79 1679.20 7601.86 1687.49
26071-450-M6-082-00031 0.06658989936113358 3686.97 3078.86 3733.89 3080.19 3730.44 3202.15 3683.52 3200.82
26071-450-M6-082-00031 0.05909522622823715 7606.43 6367.29 8140.35 6358.45 8141.28 6414.15 7607.36 6422.99
26071-450-M6-082-00031 0.05720946937799454 3714.28 3450.85 3742.76 3470.69 3708.39 3520.05 3679.90 3500.21
26071-450-M6-082-00031 0.052778132259845734 332.61 962.53 886.45 958.35 886.91 1020.02 333.08 1024.19
26071-450-M6-082-00031 0.051958080381155014 7588.16 969.86 8133.96 952.27 8135.97 1014.62 7590.17 1032.22
26071-200-M6-062-00276 0.2824118733406067 3585.48 2054.74 3684.25 2057.44 3683.38 2089.32 3584.61 2086.63
26071-200-M6-062-00276 0.13791629672050476 4807.89 4091.24 4854.87 4060.92 4873.76 4090.18 4826.78 4120.51
26071-200-M6-062-00276 0.12233952432870865 3390.81 4095.05 3433.61 4059.64 3455.08 4085.59 3412.28 4121.00
26071-200-M6-062-00276 0.11499140411615372 5046.87 4090.20 5091.71 4057.95 5111.77 4085.85 5066.93 4118.10
26071-200-M6-062-00276 0.11497785896062851 3158.36 4087.48 3201.82 4060.62 3218.93 4088.31 3175.47 4115.16
26071-200-M6-062-00276 0.1147158071398735 2979.53 4088.01 3025.06 4059.47 3042.65 4087.54 2997.13 4116.08
26071-200-M6-062-00276 0.10628575086593628 5168.36 4071.87 5217.42 4059.94 5225.08 4091.46 5176.03 4103.38
26071-200-M6-062-00276 0.08005794137716293 5265.73 4034.94 5395.44 4039.77 5394.25 4071.72 5264.54 4066.89
26071-200-M6-062-00276 0.07276258617639542 5462.13 4056.48 5491.36 4063.87 5478.32 4115.47 5449.09 4108.08
26071-200-M6-062-00276 0.06885050982236862 3885.20 5151.12 3924.91 5174.52 3907.79 5203.58 3868.08 5180.18
26071-200-M6-062-00276 0.06684411317110062 760.01 2866.42 802.00 2853.89 815.27 2898.35 773.28 2910.88
26071-200-M6-062-00276 0.06043830141425133 1964.62 2773.45 1996.45 2774.17 1993.47 2906.42 1961.64 2905.70
26071-200-M6-062-00276 0.054371707141399384 3635.24 1974.35 3682.68 1972.50 3686.19 2062.64 3638.76 2064.49
26071-200-M6-062-00276 0.0543162003159523 2344.73 1789.75 2390.48 1800.60 2379.51 1846.88 2333.75 1836.03
26071-200-M6-062-00276 0.053819041699171066 1987.56 1791.49 2034.74 1800.02 2026.24 1847.02 1979.07 1838.49
26071-500-M6-059-00011 0.9596806764602661 3820.26 3328.43 3920.85 3326.74 3921.39 3358.75 3820.80 3360.44
26071-500-M6-059-00011 0.9178003668785095 3519.58 3985.33 3552.64 3986.05 3550.48 4086.13 3517.43 4085.42
26071-500-M6-059-00011 0.17930440604686737 3866.54 3381.18 3908.26 3347.72 3925.45 3369.15 3883.73 3402.62
26071-500-M6-059-00011 0.13122501969337463 4658.71 1791.82 4703.99 1800.13 4695.27 1847.65 4650.00 1839.34
26071-500-M6-059-00011 0.07103874534368515 3595.86 3425.54 3645.38 3426.08 3645.02 3458.66 3595.50 3458.12
26071-500-M6-059-00011 0.06078498438000679 7599.94 4627.10 8145.72 4616.66 8146.89 4678.07 7601.12 4688.51
26071-500-M6-059-00011 0.05439804121851921 357.20 1863.97 894.50 1844.63 896.48 1899.53 359.17 1918.87
26071-600-M6-065-00021 0.5473505258560181 4780.98 2265.75 4899.53 2267.07 4899.16 2299.46 4780.61 2298.14
26071-600-M6-065-00021 0.36869022250175476 3761.58 3277.64 3792.24 3276.16 3796.84 3372.02 3766.18 3373.50
26071-600-M6-065-00021 0.16011255979537964 3329.76 2283.93 3369.51 2310.28 3352.53 2335.89 3312.78 2309.53
26071-600-M6-065-00021 0.15924754738807678 3232.47 2268.35 3365.42 2263.47 3366.62 2296.18 3233.67 2301.07
26071-600-M6-065-00021 0.12644563615322113 4377.46 2269.03 4512.19 2264.18 4513.36 2296.49 4378.62 2301.34
26071-600-M6-065-00021 0.12635645270347595 4176.41 2996.79 4311.74 2989.83 4313.42 3022.48 4178.09 3029.44
26071-600-M6-065-00021 0.10095901042222977 5168.05 2560.84 5263.65 2596.78 5252.29 2626.98 5156.70 2591.04
26071-600-M6-065-00021 0.09118684381246567 5796.17 5937.25 5925.26 5933.26 5926.27 5965.95 5797.18 5969.94
26071-600-M6-065-00021 0.0897831991314888 4582.82 1638.11 4703.01 1635.03 4703.83 1667.17 4583.64 1670.24
26071-600-M6-065-00021 0.0753420740365982 4178.28 5323.52 4313.17 5330.70 4311.42 5363.61 4176.53 5356.43
26071-600-M6-065-00021 0.0752069503068924 7594.22 1023.89 8146.20 1013.80 8147.33 1075.37 7595.35 1085.46
26071-600-M6-065-00021 0.07046229392290115 1972.22 1471.83 2006.22 1471.10 2007.92 1549.71 1973.92 1550.45
26071-600-M6-065-00021 0.0701427310705185 4276.16 2295.27 4321.14 2295.97 4320.61 2329.96 4275.63 2329.25
26071-600-M6-065-00021 0.06956754624843597 3462.79 5343.42 3555.93 5345.06 3555.14 5389.73 3462.01 5388.09
26071-600-M6-065-00021 0.06821379065513611 5914.57 5324.64 6046.34 5329.20 6045.22 5361.48 5913.46 5356.92
26071-600-M6-065-00021 0.0679299533367157 5198.39 5343.56 5291.60 5344.79 5291.01 5389.36 5197.81 5388.13
26071-600-M6-065-00021 0.06453518569469452 4679.74 2292.80 4723.80 2296.41 4721.26 2327.44 4677.21 2323.84
26071-600-M6-065-00021 0.05880594626069069 2018.17 1665.78 2149.72 1665.59 2149.77 1698.20 2018.21 1698.39
26071-600-M6-065-00021 0.05634108558297157 4148.18 2293.10 4193.47 2295.87 4191.56 2327.15 4146.27 2324.38
26071-600-M6-065-00021 0.05601189658045769 4818.63 4695.58 4948.65 4702.57 4946.92 4734.81 4816.89 4727.82
26071-600-M6-065-00021 0.05498833581805229 3555.55 5433.94 3706.14 5434.08 3706.10 5478.76 3555.52 5478.62
26071-600-M6-065-00021 0.05416753515601158 3082.65 4694.78 3212.45 4703.05 3210.39 4735.47 3080.58 4727.20
26071-600-M6-065-00021 0.05324640870094299 354.89 3087.71 896.70 3086.55 896.83 3148.10 355.02 3149.27
26071-600-M6-065-00021 0.05256514996290207 3911.48 2294.28 3957.43 2295.97 3956.29 2327.11 3910.34 2325.43
26071-600-M6-065-00021 0.05105690285563469 4843.55 2286.72 4904.98 2294.62 4901.13 2324.63 4839.69 2316.74
26071-500-M6-059-00013 0.977108359336853 2869.00 2994.09 2969.37 2990.16 2970.64 3022.68 2870.27 3026.61
26071-500-M6-059-00013 0.9718690514564514 4653.56 4460.20 4684.54 4459.46 4686.79 4554.41 4655.81 4555.14
26071-500-M6-059-00013 0.2733418643474579 5638.16 3273.40 5670.46 3269.68 5682.27 3372.13 5649.97 3375.85
26071-500-M6-059-00013 0.06444251537322998 2930.33 4770.05 2973.25 4770.61 2972.05 4862.74 2929.13 4862.18
26071-500-M6-059-00044 0.4571535289287567 4981.87 3271.99 5013.47 3273.48 5008.47 3379.95 4976.87 3378.47
26071-500-M6-059-00044 0.1322810798883438 2515.97 2005.67 2612.34 2002.37 2614.04 2052.08 2517.67 2055.38
26071-500-M6-059-00044 0.10505833476781845 6474.56 5083.88 6510.14 5105.31 6478.01 5158.67 6442.42 5137.24
26071-500-M6-059-00044 0.08961218595504761 3101.23 2002.09 3200.88 1999.24 3202.45 2054.17 3102.80 2057.02
26071-500-M6-059-00044 0.08720104396343231 4950.77 2242.37 4985.23 2241.34 4987.05 2302.43 4952.59 2303.45
26071-500-M6-059-00044 0.08660130202770233 1804.35 4612.50 1850.61 4624.84 1838.18 4671.43 1791.92 4659.09
26071-500-M6-059-00044 0.08201716840267181 2880.39 5086.58 2915.53 5091.47 2904.23 5172.54 2869.10 5167.64
26071-500-M6-059-00044 0.08158121258020401 1465.68 2007.33 1557.50 2007.10 1557.62 2054.52 1465.80 2054.74
26071-500-M6-059-00044 0.07558012753725052 5034.40 1868.39 5078.64 1873.65 5075.20 1902.64 5030.95 1897.38
26071-500-M6-059-00044 0.07003115117549896 4951.81 2711.85 4984.57 2712.01 4984.29 2768.92 4951.53 2768.76
26071-500-M6-059-00044 0.06697863340377808 6597.59 905.84 6641.85 914.88 6632.21 962.13 6587.94 953.09
26071-500-M6-059-00044 0.06546437740325928 4951.87 2595.87 4985.49 2597.19 4983.44 2649.16 4949.83 2647.84
26071-500-M6-059-00044 0.0574989840388298 1962.84 4794.16 1997.47 4794.41 1996.98 4860.98 1962.34 4860.72
26071-500-M6-059-00044 0.057275403290987015 6473.19 5004.79 6521.53 5023.78 6489.34 5105.71 6441.00 5086.72
26071-500-M6-059-00044 0.05506175383925438 5199.10 1733.11 5245.12 1738.08 5239.99 1785.65 5193.96 1780.68
26071-500-M6-059-00044 0.054663047194480896 1045.28 6369.01 1092.75 6357.98 1113.13 6445.79 1065.66 6456.81
26071-500-M6-059-00044 0.05351686850190163 5200.15 1832.37 5244.59 1837.09 5241.34 1867.71 5196.90 1863.00
26071-500-M6-059-00044 0.05190214887261391 6912.19 4614.17 6960.14 4619.93 6954.55 4666.46 6906.60 4660.70
26071-500-M6-059-00044 0.05173958092927933 2353.71 4615.22 2400.98 4620.48 2395.70 4667.94 2348.43 4662.68
26071-200-M6-052-00093 0.6905599236488342 4484.28 1416.50 4580.77 1415.53 4581.10 1448.27 4484.61 1449.24
26071-200-M6-052-00093 0.5364265441894531 4481.07 3775.09 4586.73 3779.46 4585.38 3812.12 4479.72 3807.75
26071-200-M6-052-00093 0.12828993797302246 4093.30 1658.36 4133.75 1671.09 4124.25 1701.26 4083.80 1688.53
26071-200-M6-052-00093 0.1241828054189682 4533.07 1438.28 4586.87 1454.74 4578.23 1482.97 4524.43 1466.51
26071-200-M6-052-00093 0.12234832346439362 4531.63 2436.61 4578.33 2431.20 4582.13 2463.94 4535.42 2469.35
26071-200-M6-052-00093 0.10184857249259949 7058.65 3593.17 7090.17 3592.64 7092.19 3712.73 7060.67 3713.26
26071-200-M6-052-00093 0.09558452665805817 6768.02 3587.28 6801.51 3585.81 6806.67 3703.48 6773.18 3704.95
26071-200-M6-052-00093 0.08978702872991562 4091.71 4019.60 4134.00 4030.64 4125.74 4062.29 4083.45 4051.25
26071-200-M6-052-00093 0.08559881150722504 4533.66 3797.34 4589.51 3819.83 4578.99 3845.96 4523.14 3823.47
26071-200-M6-052-00093 0.07941307127475739 4543.50 4670.10 4574.24 4672.19 4570.81 4722.77 4540.07 4720.68
26071-200-M6-052-00093 0.07839038968086243 5260.98 1629.32 5290.65 1628.26 5295.02 1750.12 5265.34 1751.18
26071-200-M6-052-00093 0.07593239098787308 4089.52 2209.01 4133.37 2216.42 4128.36 2246.07 4084.51 2238.66
26071-200-M6-052-00093 0.06797671318054199 4086.80 4458.97 4132.90 4458.26 4133.34 4487.39 4087.24 4488.09
26071-200-M6-052-00093 0.061206839978694916 4693.21 4773.02 4733.48 4787.37 4713.35 4843.88 4673.08 4829.54
26071-200-M6-052-00093 0.057956382632255554 6473.91 4273.37 6518.94 4285.41 6507.49 4328.25 6462.46 4316.21
26071-200-M6-052-00093 0.056498900055885315 3286.28 4186.52 3332.61 4192.16 3327.01 4238.09 3280.69 4232.45
26071-200-M6-052-00093 0.05624927952885628 2694.36 1886.26 2741.48 1892.73 2735.04 1939.62 2687.92 1933.15
26071-200-M6-052-00093 0.05157678574323654 2693.36 4250.24 2739.96 4253.75 2736.45 4300.47 2689.84 4296.97
26071-200-M6-052-00002 0.42305633425712585 3581.72 3333.41 3683.15 3337.91 3681.72 3370.17 3580.29 3365.68
26071-200-M6-052-00002 0.2690473198890686 1260.79 5971.66 1292.70 5971.11 1294.85 6095.50 1262.94 6096.05
26071-200-M6-052-00002 0.21262438595294952 3641.73 3387.64 3690.30 3394.80 3683.42 3441.48 3634.84 3434.32
26071-200-M6-052-00002 0.1967177838087082 2903.54 5968.86 2935.66 5966.83 2943.85 6096.51 2911.73 6098.54
26071-200-M6-052-00002 0.19598183035850525 3663.84 3293.71 3688.32 3311.23 3659.77 3351.11 3635.29 3333.58
26071-200-M6-052-00002 0.17831934988498688 4281.72 3585.37 4395.75 3594.01 4393.15 3628.31 4279.12 3619.67
26071-200-M6-052-00002 0.1703803390264511 4363.80 4995.70 4406.08 5030.62 4382.98 5058.58 4340.71 5023.67
26071-200-M6-052-00002 0.11643853038549423 3044.97 3308.30 3091.31 3304.06 3094.17 3335.26 3047.83 3339.51
26071-200-M6-052-00002 0.09418786317110062 3638.11 3052.61 3775.61 3059.91 3773.92 3091.57 3636.43 3084.26
26071-200-M6-052-00002 0.07541434466838837 1634.05 1031.76 1680.34 1038.52 1673.51 1085.33 1627.22 1078.57
26071-200-M6-052-00002 0.07136426866054535 7303.49 3985.28 7350.50 3992.76 7343.13 4039.07 7296.12 4031.59
26071-200-M6-052-00002 0.06952657550573349 3501.58 3083.24 3545.83 3093.35 3539.18 3122.45 3494.93 3112.34
26071-200-M6-052-00002 0.059646911919116974 7362.42 3911.25 7408.40 3914.25 7405.38 3960.80 7359.39 3957.81
26071-200-M6-052-00002 0.05959267541766167 4343.03 5038.97 4424.38 5039.57 4424.13 5073.71 4342.78 5073.11
26071-200-M6-052-00002 0.05821293592453003 4461.71 3641.59 4507.27 3626.97 4516.94 3657.09 4471.38 3671.71
26071-200-M6-052-00002 0.05569344386458397 7720.98 6031.32 8265.90 6044.08 8264.41 6107.56 7719.49 6094.80
26071-200-M6-052-00002 0.05483425781130791 4365.93 3534.07 4400.99 3547.26 4377.45 3609.84 4342.39 3596.65
26071-675-M6-068-10002 0.22632996737957 1722.34 1446.93 1822.72 1446.87 1822.74 1485.78 1722.36 1485.84
26071-750-M6-085-00012 0.9772408604621887 7894.37 2271.57 7990.90 2270.84 7991.14 2303.03 7894.61 2303.76
26071-750-M6-085-00012 0.9414029121398926 3137.71 6347.27 3169.52 6347.07 3170.15 6447.18 3138.34 6447.38
26071-750-M6-085-00012 0.936725378036499 6184.08 6581.74 6216.43 6582.01 6215.60 6683.47 6183.25 6683.20
26071-750-M6-085-00012 0.3613826632499695 7175.49 2343.35 7286.25 2345.73 7285.54 2379.04 7174.78 2376.66
26071-750-M6-085-00012 0.1053246334195137 2986.54 4421.29 3088.96 4421.19 3089.00 4462.52 2986.58 4462.62
26071-750-M6-085-00012 0.09017367660999298 5075.87 2587.82 5196.51 2595.89 5194.35 2628.13 5073.71 2620.07
26071-750-M6-085-00012 0.08565479516983032 7521.09 988.02 7553.34 989.59 7547.51 1109.64 7515.26 1108.07
26071-750-M6-085-00012 0.07588540017604828 3466.06 5125.32 3512.54 5126.62 3510.17 5211.72 3463.69 5210.43
26071-750-M6-085-00012 0.062459494918584824 355.33 961.66 904.11 961.47 904.14 1023.98 355.36 1024.17
26071-750-M6-085-00012 0.05548710376024246 7616.79 1544.88 7733.92 1538.85 7735.64 1572.38 7618.51 1578.40
26071-750-M6-085-00012 0.05344599857926369 748.70 1861.22 812.15 1863.59 805.88 2031.40 742.43 2029.03
26071-750-M6-085-00012 0.052346255630254745 358.11 1320.27 903.31 1312.66 904.17 1373.84 358.96 1381.45
26071-200-M6-062-00277 0.05418003350496292 6753.84 4581.20 6800.61 4557.27 6821.54 4598.19 6774.77 4622.12
26071-200-M6-062-00277 0.050345905125141144 5217.43 3170.69 5262.33 3151.23 5282.29 3197.29 5237.39 3216.75
26071-600-M6-065-00259 0.22842538356781006 704.87 2945.72 825.16 2951.38 823.62 2984.15 703.33 2978.49
26071-600-M6-065-00259 0.22066091001033783 704.29 1717.24 825.63 1721.24 824.56 1753.80 703.22 1749.80
26071-200-M6-052-00544 0.23373624682426453 2058.26 3275.99 2091.36 3276.84 2088.68 3381.00 2055.59 3380.16
26071-200-M6-052-00544 0.08096092194318771 3635.84 4153.64 3681.99 4147.56 3685.97 4177.79 3639.82 4183.86
26071-200-M6-052-00544 0.07796645164489746 3014.05 4132.28 3038.75 4148.21 3011.09 4191.09 2986.39 4175.15
26071-200-M6-052-00544 0.07401110976934433 3161.97 4156.50 3207.45 4145.19 3214.82 4174.82 3169.33 4186.12
26071-200-M6-052-00544 0.07124760001897812 3400.30 4151.09 3444.55 4147.64 3446.81 4176.62 3402.56 4180.07
26071-200-M6-052-00544 0.0701696127653122 758.53 3953.04 791.39 3953.27 790.47 4085.76 757.61 4085.53
26071-200-M6-052-00544 0.06962589919567108 5051.48 4156.25 5096.92 4146.29 5103.27 4175.28 5057.83 4185.24
26071-200-M6-052-00544 0.06858134269714355 4816.13 4151.88 4863.21 4148.69 4865.23 4178.58 4818.16 4181.77
26071-200-M6-052-00544 0.06735733896493912 1687.35 2674.12 1719.00 2671.37 1729.01 2786.73 1697.36 2789.47
26071-200-M6-052-00544 0.06332364678382874 4030.00 3966.62 4097.52 3970.56 4089.21 4113.17 4021.69 4109.23
26071-200-M6-052-00544 0.06140283867716789 5579.70 4171.33 5623.44 4143.08 5638.96 4167.10 5595.22 4195.35
26071-200-M6-052-00544 0.05542182922363281 1329.94 4441.65 1383.29 4441.44 1383.45 4479.04 1330.10 4479.26
26071-600-M6-066-00003 0.09814058244228363 2336.54 5201.57 2382.74 5198.59 2388.66 5290.07 2342.46 5293.05
26071-600-M6-066-00003 0.06676121801137924 354.26 6047.56 896.99 6035.66 898.32 6096.28 355.59 6108.19
26071-600-M6-066-00003 0.06530303508043289 2345.70 4738.22 2387.59 4752.22 2378.48 4779.48 2336.59 4765.47
26071-600-M6-066-00003 0.05839327722787857 357.18 4858.54 904.29 4858.68 904.27 4920.30 357.16 4920.16
26071-600-M6-066-00003 0.05707511305809021 2337.80 5009.95 2380.97 5007.83 2382.33 5035.58 2339.17 5037.70
26071-600-M6-066-00003 0.05359772965312004 3618.39 5450.59 3710.77 5464.35 3704.05 5509.50 3611.66 5495.74
26071-600-M6-066-00003 0.05130241438746452 7608.08 2144.77 8144.48 2141.75 8144.83 2203.62 7608.43 2206.64
26071-600-M6-066-00003 0.05047143995761871 3892.64 2151.85 3923.02 2152.59 3921.95 2196.31 3891.57 2195.57
26071-750-M6-085-00309 0.05750918388366699 348.88 2496.31 897.52 2498.13 897.32 2558.15 348.68 2556.34
