26071-200-M6-052-00001 0.07340795546770096 6659.12 1704.52 6812.74 1731.95 6784.65 1889.25 6631.03 1861.82
26071-200-M6-052-00001 0.059362418949604034 3810.50 3085.63 3957.89 3098.60 3944.70 3248.50 3797.31 3235.53
26071-500-M6-059-00017 0.14956951141357422 660.14 3485.28 823.29 3464.53 842.22 3613.38 679.07 3634.13
26071-500-M6-059-00017 0.07496349513530731 6378.52 1559.77 6507.40 1595.42 6469.29 1733.19 6340.41 1697.53
26071-500-M6-059-00017 0.05126424878835678 3393.30 4803.25 3540.42 4816.46 3525.98 4977.33 3378.86 4964.12
26071-200-M6-052-00539 0.09757813811302185 5181.00 6036.73 5331.70 6046.32 5321.53 6206.26 5170.83 6196.67
26071-200-M6-052-00539 0.09340216219425201 6893.52 5755.00 7045.20 5760.91 7039.26 5913.36 6887.58 5907.45
26071-200-M6-052-00539 0.08780288696289062 2408.35 1276.85 2556.70 1283.28 2550.11 1435.44 2401.76 1429.01
26071-200-M6-052-00539 0.07474497705698013 2778.69 4839.37 2929.41 4873.66 2895.44 5023.00 2744.72 4988.72
26071-200-M6-052-00539 0.07075460255146027 3454.56 1277.05 3606.19 1282.11 3600.98 1438.42 3449.35 1433.36
26071-200-M6-052-00539 0.07023802399635315 3236.36 4849.55 3386.21 4859.35 3376.12 5013.47 3226.28 5003.66
26071-200-M6-052-00539 0.06914195418357849 2769.28 4557.18 2915.39 4579.29 2891.69 4735.86 2745.59 4713.75
26071-200-M6-052-00539 0.05572886765003204 3000.04 4853.04 3150.33 4862.07 3141.16 5014.84 2990.86 5005.81
26071-200-M6-052-00539 0.05190229415893555 6225.42 6063.87 6387.83 6063.07 6388.61 6222.60 6226.20 6223.40
26071-500-M6-059-00248 0.05861928313970566 3641.08 4743.35 3790.19 4735.98 3797.75 4888.83 3648.63 4896.20
26071-203-M6-325-00012 0.1548883616924286 3954.39 2802.90 4105.10 2792.86 4115.12 2943.39 3964.42 2953.43
26071-203-M6-325-00012 0.08510059863328934 3966.23 1234.40 4130.35 1240.42 4124.81 1391.52 3960.69 1385.50
26071-500-M6-059-00040 0.9902727007865906 2531.63 4979.65 2682.28 5000.11 2661.81 5150.83 2511.16 5130.37
26071-500-M6-059-00040 0.9900280833244324 3684.23 2328.68 3835.36 2340.19 3824.02 2489.15 3672.89 2477.64
26071-500-M6-059-00040 0.9887751340866089 3827.89 4982.67 3978.93 4996.97 3964.66 5147.71 3813.62 5133.41
26071-500-M6-059-00040 0.11794253438711166 2065.70 1685.84 2168.50 1673.08 2188.35 1833.12 2085.55 1845.87
26071-500-M6-059-00040 0.09125342965126038 6781.07 6405.59 6889.71 6392.93 6913.16 6594.17 6804.52 6606.83
26071-500-M6-059-00040 0.07678917050361633 6841.43 2156.79 6950.55 2159.31 6947.05 2310.94 6837.94 2308.42
26071-500-M6-059-00040 0.06731418520212173 6952.14 2084.13 7097.00 2078.87 7103.56 2259.50 6958.70 2264.76
26071-500-M6-059-00040 0.05038052424788475 2819.20 4892.98 2937.64 4908.92 2908.13 5128.14 2789.68 5112.19
26071-750-M6-085-00286 0.9925838708877563 5596.70 3236.74 5748.16 3244.88 5739.96 3397.53 5588.50 3389.39
26071-750-M6-085-00286 0.9919077157974243 4773.48 3235.09 4924.49 3249.39 4910.12 3401.17 4759.12 3386.88
26071-550-M6-084-00248 0.058349609375 5476.43 3440.79 5631.61 3447.55 5625.20 3594.65 5470.02 3587.89
26071-550-M6-084-00248 0.052806053310632706 3639.98 4272.56 3793.23 4263.09 3802.81 4418.06 3649.56 4427.53
26071-203-M6-332-00008 0.9936313033103943 6737.86 4547.48 6891.08 4558.85 6879.79 4711.02 6726.57 4699.66
26071-203-M6-332-00008 0.992382824420929 1880.35 4546.11 2031.26 4561.02 2016.31 4712.44 1865.39 4697.54
26071-203-M6-332-00008 0.9914320707321167 4307.56 4548.77 4459.05 4558.60 4449.18 4710.64 4297.69 4700.81
26071-203-M6-332-00008 0.06331975758075714 1576.74 4544.91 1729.25 4567.16 1707.35 4717.29 1554.84 4695.04
26071-203-M6-332-00008 0.06232156231999397 2192.07 3842.95 2317.66 3848.19 2308.61 4064.99 2183.02 4059.75
26071-203-M6-332-00008 0.0614813007414341 4592.79 3843.78 4718.09 3849.40 4708.40 4065.57 4583.10 4059.96
26071-200-M6-052-00080 0.10898485779762268 3889.58 5171.91 4037.19 5164.05 4045.62 5322.47 3898.01 5330.32
26071-200-M6-052-00080 0.09830351173877716 3188.53 1879.90 3341.57 1891.37 3330.49 2039.16 3177.45 2027.69
26071-200-M6-052-00080 0.07574950903654099 6892.47 5162.45 7046.32 5174.91 7033.97 5327.43 6880.11 5314.96
26071-200-M6-052-00080 0.06612049788236618 7318.86 5168.75 7465.31 5168.44 7465.63 5320.28 7319.18 5320.58
26071-200-M6-052-00080 0.06390832364559174 3099.49 4575.06 3246.04 4581.55 3239.30 4733.87 3092.75 4727.38
26071-200-M6-052-00080 0.06364863365888596 6924.93 4440.69 7075.22 4424.02 7092.60 4580.72 6942.30 4597.38
26071-200-M6-052-00080 0.05816714093089104 3896.38 3359.82 4048.05 3362.41 4045.38 3518.77 3893.71 3516.18
26071-200-M6-052-00080 0.0552855059504509 3468.12 5161.71 3620.18 5175.27 3606.61 5327.45 3454.55 5313.89
26071-200-M6-052-00080 0.05397253856062889 3085.03 1757.64 3241.62 1770.71 3229.01 1921.77 3072.42 1908.71
26071-200-M6-052-00080 0.05391170457005501 4828.17 4976.29 4985.40 4968.27 4993.24 5121.81 4836.00 5129.83
26071-200-M6-052-00080 0.053760793060064316 6613.98 1879.76 6761.96 1884.69 6756.99 2033.66 6609.01 2028.73
26071-200-M6-052-00080 0.05290244519710541 7008.80 5445.37 7155.88 5458.66 7142.05 5611.65 6994.98 5598.36
26071-200-M6-052-00080 0.051778972148895264 6531.10 2781.85 6676.34 2788.79 6669.23 2937.64 6523.98 2930.70
26071-200-M6-052-00080 0.050459377467632294 6928.72 4673.98 7079.19 4661.08 7092.51 4816.49 6942.04 4829.39
26071-200-M6-052-00080 0.05031322315335274 3582.64 5448.81 3729.89 5458.85 3719.80 5606.75 3572.55 5596.70
26071-203-M6-321-00604 0.05839003622531891 6807.27 952.95 6958.46 950.63 6960.83 1104.81 6809.64 1107.13
26071-300-M6-053-00309 0.33353951573371887 5504.53 4678.46 5599.97 4676.48 5603.36 4839.59 5507.92 4841.57
26071-300-M6-053-00309 0.2284657508134842 5477.69 5751.56 5629.61 5757.81 5623.42 5908.34 5471.50 5902.09
26071-300-M6-053-00309 0.09205653518438339 5490.42 4904.46 5625.49 4906.56 5622.33 5108.86 5487.26 5106.75
26071-300-M6-053-00309 0.07548802345991135 5353.71 3040.12 5506.54 3027.96 5518.43 3177.47 5365.60 3189.63
26071-300-M6-053-00309 0.06528548896312714 4308.57 2084.76 4385.84 2060.22 4416.89 2158.04 4339.62 2182.57
26071-300-M6-053-00309 0.06446752697229385 5747.56 1495.30 5900.68 1477.59 5918.28 1629.81 5765.17 1647.51
26071-300-M6-053-00309 0.06329184025526047 4282.92 1922.45 4427.24 1914.83 4434.79 2057.91 4290.47 2065.53
26071-300-M6-053-00309 0.05585944280028343 5015.61 863.91 5161.75 880.40 5144.37 1034.53 4998.23 1018.05
26071-450-M6-082-00009 0.11383182555437088 4649.41 4682.39 4800.04 4683.32 4799.12 4834.06 4648.49 4833.14
26071-450-M6-082-00009 0.09335717558860779 5178.19 6066.36 5331.17 6071.48 5326.30 6217.10 5173.33 6211.98
26071-450-M6-082-00009 0.05831358581781387 4756.17 6065.26 4907.90 6071.66 4901.72 6218.32 4749.98 6211.92
26071-450-M6-082-00009 0.05223663151264191 5831.04 1854.21 5986.99 1865.56 5975.92 2017.66 5819.97 2006.31
26071-200-M6-052-00552 0.06316284835338593 4173.09 4859.03 4325.37 4855.06 4329.38 5009.01 4177.10 5012.98
26071-750-M6-085-00007 0.993721604347229 1320.10 3152.85 1474.23 3160.78 1466.34 3314.14 1312.20 3306.21
26071-750-M6-085-00007 0.993364691734314 2913.20 3153.49 3067.26 3159.93 3060.83 3313.69 2906.77 3307.25
26071-750-M6-085-00007 0.9915351867675781 3450.02 3150.82 3601.42 3163.89 3588.32 3315.60 3436.93 3302.53
26071-750-M6-085-00007 0.9912011623382568 1855.29 3150.27 2006.39 3164.28 1992.29 3316.31 1841.19 3302.30
26071-750-M6-085-00007 0.07512649148702621 1883.43 2824.72 1982.28 2827.84 1974.82 3064.20 1875.97 3061.08
26071-750-M6-085-00007 0.0733419880270958 2893.82 1253.75 3036.65 1258.19 3031.80 1414.11 2888.97 1409.67
26071-750-M6-085-00007 0.06890571117401123 6772.13 6048.43 6917.99 6060.71 6905.01 6214.88 6759.15 6202.60
26071-750-M6-085-00007 0.06594919413328171 3647.76 2925.20 3798.36 2925.21 3798.34 3074.80 3647.74 3074.79
26071-203-M6-064-00271 0.18113183975219727 1888.09 3418.58 2011.83 3415.18 2017.64 3626.60 1893.90 3630.00
26071-203-M6-064-00271 0.16270579397678375 6404.33 3427.18 6520.83 3427.38 6520.49 3628.52 6403.99 3628.33
26071-203-M6-064-00271 0.13187400996685028 4582.67 3729.77 4707.79 3728.34 4710.13 3934.04 4585.00 3935.46
26071-203-M6-064-00271 0.11046463996171951 5047.59 1468.42 5160.97 1442.32 5212.19 1664.91 5098.81 1691.00
26071-203-M6-064-00271 0.08157007396221161 5334.89 1462.35 5441.59 1431.48 5510.55 1669.84 5403.85 1700.70
26071-203-M6-064-00271 0.07815238833427429 3991.67 5841.00 4121.29 5839.44 4123.80 6047.33 3994.18 6048.89
26071-203-M6-064-00271 0.07372138649225235 4742.62 1468.95 4853.12 1438.79 4917.63 1675.16 4807.13 1705.32
26071-203-M6-064-00271 0.07217388600111008 5653.13 1467.58 5780.00 1452.50 5804.52 1658.76 5677.64 1673.84
26071-203-M6-064-00271 0.06930767744779587 3861.46 1465.62 3970.52 1442.90 4019.75 1679.23 3910.68 1701.95
26071-203-M6-064-00271 0.06312092393636703 4152.44 1466.81 4264.57 1441.04 4318.51 1675.85 4206.39 1701.61
26071-203-M6-064-00271 0.061045244336128235 6217.77 1478.41 6342.10 1435.76 6412.29 1640.36 6287.97 1683.02
26071-203-M6-064-00271 0.05933186039328575 4446.28 1468.22 4558.43 1439.87 4618.58 1677.82 4506.43 1706.17
26071-203-M6-064-00271 0.059073738753795624 3304.85 1458.69 3424.78 1459.82 3422.77 1673.32 3302.84 1672.19
26071-203-M6-064-00271 0.05752959102392197 5922.71 1479.67 6045.33 1435.60 6118.89 1640.25 5996.27 1684.32
26071-203-M6-064-00271 0.05570341274142265 6515.65 1475.75 6643.08 1436.84 6705.13 1640.08 6577.71 1678.99
26071-203-M6-064-00271 0.05419347435235977 4413.49 3397.98 4529.03 3397.74 4529.47 3616.77 4413.94 3617.01
26071-203-M6-064-00271 0.05402865260839462 3558.08 1458.86 3664.35 1433.49 3723.66 1681.90 3617.40 1707.28
26071-203-M6-064-00271 0.05386630445718765 2692.64 1471.75 2822.23 1446.34 2863.11 1654.80 2733.53 1680.21
26071-203-M6-064-00271 0.05076215788722038 5561.76 3730.53 5688.81 3719.94 5706.21 3928.77 5579.17 3939.36
26071-203-M6-337-00031 0.19535863399505615 2118.26 2389.59 2258.99 2401.65 2246.33 2549.55 2105.60 2537.50
26071-203-M6-337-00031 0.12757420539855957 3217.43 429.44 3397.49 405.87 3415.47 543.26 3235.42 566.83
26071-203-M6-337-00031 0.1258867383003235 4872.58 435.10 5034.56 438.68 5031.29 586.93 4869.30 583.35
26071-203-M6-337-00031 0.08757077157497406 3370.40 984.27 3524.41 967.17 3541.16 1118.07 3387.16 1135.16
26071-203-M6-337-00031 0.06734399497509003 3918.72 2589.60 4053.61 2562.23 4083.88 2711.41 3948.99 2738.78
26071-203-M6-337-00031 0.06597939133644104 5356.69 687.05 5480.60 614.68 5599.39 818.07 5475.47 890.44
26071-203-M6-337-00031 0.05695013329386711 6426.78 535.18 6621.30 570.90 6583.54 776.57 6389.02 740.85
26071-203-M6-332-00001 0.9911240339279175 4036.04 2450.00 4188.45 2456.88 4181.55 2609.84 4029.14 2602.97
26071-203-M6-332-00001 0.9899969100952148 3621.59 2448.90 3772.46 2462.77 3758.41 2615.55 3607.54 2601.67
26071-203-M6-332-00001 0.9895375967025757 5297.86 2448.41 5449.67 2458.65 5439.33 2611.86 5287.52 2601.61
26071-203-M6-332-00001 0.9894150495529175 5722.12 2446.55 5872.56 2461.21 5857.65 2614.32 5707.21 2599.67
26071-203-M6-332-00001 0.9882858395576477 3197.75 2448.74 3348.50 2457.52 3339.57 2610.92 3188.81 2602.14
26071-203-M6-332-00001 0.9872465133666992 6136.77 2448.63 6288.33 2458.62 6278.29 2610.93 6126.74 2600.94
26071-203-M6-332-00001 0.9868031144142151 4876.47 2447.91 5029.31 2457.42 5019.87 2609.26 4867.02 2599.75
26071-203-M6-332-00001 0.9861752390861511 4461.72 2451.36 4612.11 2463.86 4599.51 2615.34 4449.12 2602.84
26071-203-M6-332-00001 0.09055794775485992 4289.33 2744.95 4410.89 2747.22 4406.49 2982.63 4284.93 2980.36
26071-203-M6-332-00001 0.08071565628051758 3580.08 2790.96 3722.11 2830.25 3672.34 3010.15 3530.31 2970.86
26071-203-M6-332-00001 0.07766894996166229 5680.28 2790.67 5822.16 2830.48 5771.63 3010.57 5629.75 2970.76
26071-203-M6-332-00001 0.07524875551462173 6084.15 2825.90 6223.49 2820.85 6229.06 2974.66 6089.72 2979.71
26071-203-M6-332-00001 0.0742071345448494 3984.40 2825.57 4123.97 2821.18 4128.83 2975.28 3989.25 2979.68
26071-203-M6-332-00001 0.06934136152267456 4416.16 2786.40 4560.63 2832.26 4502.49 3015.40 4358.02 2969.54
26071-203-M6-332-00001 0.05476042255759239 5259.79 2789.69 5401.72 2836.98 5340.80 3019.78 5198.88 2972.49
26071-203-M6-332-00001 0.05377001687884331 4275.50 3078.81 4398.75 3066.06 4417.08 3243.28 4293.84 3256.03
26071-203-M6-332-00001 0.0533783920109272 3558.02 3043.63 3677.40 3035.89 3689.74 3226.19 3570.36 3233.93
26071-203-M6-332-00001 0.05253079906105995 5657.31 3043.33 5776.79 3035.06 5790.05 3226.53 5670.56 3234.80
26071-203-M6-332-00001 0.05211927369236946 4858.64 2794.45 4978.87 2831.21 4918.17 3029.74 4797.93 2992.97
26071-203-M6-332-00001 0.05155732482671738 3160.14 2789.29 3301.56 2837.50 3239.34 3020.01 3097.92 2971.80
26071-203-M6-079-00001 0.05843701213598251 2632.32 5505.86 2752.13 5508.00 2748.44 5714.42 2628.63 5712.27
26071-203-M6-079-00001 0.054589539766311646 2578.56 2553.17 2695.80 2558.22 2686.67 2770.18 2569.42 2765.13
26071-200-M6-052-00150 0.9934462904930115 4485.03 5341.49 4637.81 5349.88 4629.50 5501.18 4476.72 5492.79
26071-200-M6-052-00150 0.9928023219108582 5785.57 5341.23 5936.69 5349.54 5928.32 5501.70 5777.20 5493.39
26071-200-M6-052-00150 0.1678127646446228 3960.86 1460.24 4113.47 1427.86 4145.08 1576.82 3992.47 1609.20
26071-200-M6-052-00150 0.06519988924264908 7275.50 4549.02 7430.88 4551.76 7428.03 4713.03 7272.65 4710.28
26071-200-M6-052-00150 0.06345648318529129 4465.14 5856.69 4646.51 5858.19 4644.75 6070.71 4463.38 6069.21
26071-200-M6-052-00150 0.06128764897584915 4965.64 1634.71 5115.46 1637.78 5112.30 1791.86 4962.48 1788.79
26071-200-M6-052-00150 0.05982061102986336 5818.50 5617.79 5932.51 5635.59 5895.46 5872.94 5781.45 5855.14
26071-200-M6-052-00150 0.05967935174703598 2416.11 3976.59 2562.00 3991.50 2547.28 4135.56 2401.39 4120.65
26071-200-M6-052-00150 0.05502472445368767 2179.72 1456.43 2332.31 1471.55 2317.09 1625.13 2164.51 1610.02
26071-200-M6-052-00003 0.12460579723119736 4245.15 5545.64 4355.19 5551.51 4345.87 5726.02 4235.84 5720.14
26071-200-M6-052-00003 0.05267665907740593 3420.99 2755.72 3572.10 2758.70 3569.11 2910.36 3418.01 2907.38
26071-200-M6-052-00003 0.05134093016386032 3765.72 4763.86 3917.18 4770.42 3910.69 4920.62 3759.22 4914.07
26071-600-M6-065-00231 0.9918290972709656 6647.73 3907.27 6797.96 3914.95 6790.10 4068.69 6639.87 4061.00
26071-600-M6-065-00231 0.991626501083374 7178.08 3907.56 7328.41 3914.73 7321.03 4069.35 7170.70 4062.17
26071-600-M6-065-00231 0.11178968101739883 6702.58 1446.11 6812.53 1438.90 6822.87 1596.74 6712.92 1603.95
26071-600-M6-065-00231 0.09969908744096756 6699.43 1922.65 6808.82 1906.47 6832.26 2064.94 6722.87 2081.12
26071-500-M6-059-00071 0.1603490263223648 1227.43 5173.86 1375.25 5197.30 1351.38 5347.85 1203.56 5324.41
26071-500-M6-059-00071 0.1556241661310196 6550.88 2468.44 6702.06 2480.55 6689.65 2635.34 6538.48 2623.23
26071-500-M6-059-00071 0.11619579792022705 5455.24 3459.87 5610.41 3422.95 5648.14 3581.48 5492.96 3618.40
26071-500-M6-059-00071 0.10316199064254761 2683.10 4055.25 2838.14 4071.01 2822.05 4229.35 2667.01 4213.59
26071-500-M6-059-00071 0.09917628765106201 5696.19 3673.10 5838.29 3676.03 5835.03 3834.33 5692.94 3831.41
26071-500-M6-059-00071 0.0948004275560379 6395.25 3352.85 6549.99 3345.89 6556.77 3496.65 6402.02 3503.60
26071-500-M6-059-00071 0.09031330794095993 5894.40 3675.38 6043.77 3685.28 6034.12 3830.73 5884.76 3820.83
26071-500-M6-059-00071 0.06978858262300491 4329.24 1867.67 4481.54 1870.11 4479.10 2021.91 4326.80 2019.47
26071-500-M6-059-00071 0.06606805324554443 3900.32 1620.37 4052.04 1631.48 4041.11 1780.76 3889.39 1769.66
26071-500-M6-059-00071 0.06390933692455292 7427.50 3350.72 7594.30 3370.06 7576.24 3525.79 7409.44 3506.45
26071-500-M6-059-00071 0.0620625838637352 4133.64 1858.29 4276.21 1872.70 4259.89 2034.15 4117.32 2019.74
26071-500-M6-059-00071 0.05645613744854927 732.96 4083.10 906.48 4048.58 938.11 4207.58 764.58 4242.10
26071-203-M6-320-00008 0.9931515455245972 2453.03 3478.92 2605.35 3499.84 2584.62 3650.84 2432.29 3629.92
26071-203-M6-320-00008 0.991356611251831 4879.62 3390.07 5032.64 3405.89 5017.00 3557.20 4863.98 3541.38
26071-203-M6-320-00008 0.08468762785196304 4886.25 3852.04 5001.60 3849.31 5007.04 4078.81 4891.70 4081.55
26071-203-M6-320-00008 0.051069196313619614 2431.82 4176.97 2613.48 4145.81 2650.94 4364.24 2469.29 4395.39
26071-500-M6-059-00116 0.9926407933235168 5953.81 6164.20 6105.35 6177.05 6092.52 6328.40 5940.98 6315.55
26071-500-M6-059-00116 0.06439660489559174 4448.54 3078.83 4598.71 3082.28 4595.24 3233.76 4445.07 3230.32
26071-500-M6-059-00116 0.06426744163036346 5101.78 1323.03 5179.31 1323.83 5178.40 1412.00 5100.87 1411.19
26071-500-M6-059-00116 0.06070113927125931 3085.96 4433.03 3229.87 4433.30 3229.59 4583.66 3085.68 4583.39
26071-550-M6-084-00026 0.9943524599075317 4593.68 3828.14 4745.96 3837.29 4736.87 3988.54 4584.60 3979.39
26071-550-M6-084-00026 0.9928077459335327 2219.36 3828.19 2369.99 3836.49 2361.59 3988.89 2210.96 3980.58
26071-550-M6-084-00026 0.07066146284341812 7496.71 6075.13 7611.26 6076.90 7608.19 6275.22 7493.64 6273.45
26071-550-M6-084-00026 0.06547949463129044 2500.49 2831.25 2570.29 2829.84 2575.24 3075.34 2505.44 3076.75
26071-550-M6-084-00026 0.061567410826683044 5240.81 2482.96 5394.37 2493.45 5384.19 2642.44 5230.63 2631.95
26071-550-M6-084-00026 0.058366239070892334 2880.50 2481.35 3029.71 2492.88 3018.40 2639.36 2869.19 2627.83
26071-203-M6-337-00007 0.06333605200052261 3068.52 2575.00 3210.92 2587.85 3196.95 2742.69 3054.55 2729.84
26071-203-M6-337-00007 0.05834788456559181 3069.48 5273.99 3211.75 5288.68 3195.81 5443.13 3053.54 5428.45
26071-200-M6-052-00090 0.09738526493310928 5474.64 4544.54 5616.58 4577.52 5582.52 4724.12 5440.58 4691.14
26071-200-M6-052-00090 0.09545024484395981 969.72 4542.01 1118.23 4577.32 1082.09 4729.30 933.59 4694.00
26071-200-M6-052-00090 0.09379354119300842 5747.89 1550.30 5895.64 1550.89 5895.00 1711.32 5747.25 1710.73
26071-200-M6-052-00090 0.07416916638612747 5733.77 1307.94 5887.34 1296.41 5898.75 1448.27 5745.17 1459.80
26071-200-M6-052-00090 0.07247480750083923 3982.70 4554.10 4132.55 4576.29 4109.70 4730.57 3959.85 4708.38
26071-200-M6-052-00090 0.0694376528263092 2694.29 1572.94 2848.29 1595.85 2825.99 1745.69 2671.99 1722.77
26071-200-M6-052-00090 0.06826402992010117 2263.52 4561.23 2417.03 4564.39 2413.86 4718.53 2260.35 4715.37
26071-200-M6-052-00090 0.06574589759111404 2472.07 4544.79 2606.57 4580.09 2569.18 4722.50 2434.69 4687.19
26071-200-M6-052-00090 0.064700186252594 3010.33 1573.98 3158.81 1579.53 3153.22 1729.18 3004.74 1723.63
26071-200-M6-052-00090 0.06386475265026093 5764.67 2113.67 5904.07 2139.95 5875.70 2290.42 5736.30 2264.13
26071-200-M6-052-00090 0.06377225369215012 5733.61 1960.98 5886.76 1945.27 5902.29 2096.66 5749.13 2112.37
26071-200-M6-052-00090 0.06265255063772202 6922.32 3960.69 7069.23 3967.68 7061.92 4121.01 6915.02 4114.01
26071-200-M6-052-00090 0.05738741531968117 1859.51 3425.59 2011.23 3424.27 2012.51 3572.06 1860.80 3573.38
26071-600-M6-065-00037 0.14752380549907684 4471.26 5450.09 4594.20 5437.24 4614.53 5631.72 4491.59 5644.57
26071-600-M6-065-00037 0.1375856101512909 1179.39 5422.61 1301.66 5421.66 1303.34 5638.03 1181.07 5638.98
26071-600-M6-065-00037 0.07490715384483337 7308.77 2461.86 7464.51 2448.68 7477.55 2602.69 7321.81 2615.88
26071-600-M6-065-00037 0.06165401637554169 2496.71 2137.70 2640.12 2161.52 2612.58 2327.30 2469.17 2303.47
26071-300-M6-053-00010 0.08202286064624786 4548.73 2450.21 4707.00 2452.06 4705.26 2600.40 4547.00 2598.55
26071-300-M6-053-00010 0.06455840915441513 5339.61 2450.48 5484.40 2451.16 5483.63 2615.15 5338.84 2614.47
26071-300-M6-053-00010 0.06417111307382584 2160.22 5107.80 2290.33 5071.16 2351.39 5287.97 2221.28 5324.61
26071-300-M6-053-00010 0.0529060922563076 4920.96 4312.91 4994.80 4311.68 4996.14 4391.81 4922.30 4393.05
26071-300-M6-053-00010 0.052457429468631744 1580.93 3628.77 1737.08 3640.13 1725.96 3792.88 1569.82 3781.51
26071-203-M6-320-00042 0.9930599927902222 5267.74 2810.24 5420.60 2817.23 5413.58 2970.68 5260.72 2963.68
26071-203-M6-320-00042 0.07753712683916092 3966.73 3057.02 4109.98 3072.85 4092.75 3228.69 3949.51 3212.87
26071-203-M6-160-00291 0.9950242638587952 5247.48 5893.28 5399.42 5908.95 5383.89 6059.53 5231.95 6043.86
26071-203-M6-160-00291 0.9949178695678711 2763.06 5892.62 2918.14 5904.78 2906.23 6056.61 2751.16 6044.45
26071-203-M6-160-00291 0.10309966653585434 2544.60 5107.93 2615.83 5107.03 2618.85 5344.33 2547.62 5345.24
26071-203-M6-160-00291 0.09251288324594498 3072.80 4990.32 3140.39 4986.63 3154.02 5235.56 3086.43 5239.26
26071-203-M6-160-00291 0.08430692553520203 1869.29 2058.57 2020.07 2054.40 2024.10 2200.25 1873.32 2204.42
26071-203-M6-160-00291 0.07615978270769119 1873.85 1289.83 2025.82 1292.77 2023.06 1435.37 1871.09 1432.43
26071-203-M6-160-00291 0.07557022571563721 5573.28 4983.73 5642.01 4983.24 5643.66 5216.97 5574.92 5217.45
26071-203-M6-160-00291 0.07555916905403137 5040.96 5094.67 5107.54 5093.49 5111.90 5338.38 5045.32 5339.57
26071-203-M6-160-00291 0.06686966866254807 4297.75 3017.91 4440.40 3051.18 4405.88 3199.23 4263.23 3165.97
26071-203-M6-160-00291 0.06470049917697906 2185.25 3335.02 2334.31 3361.21 2308.29 3509.28 2159.23 3483.08
26071-203-M6-160-00291 0.06245709955692291 1273.89 1188.51 1432.13 1190.51 1430.26 1338.56 1272.01 1336.56
26071-203-M6-160-00291 0.06046169251203537 3137.90 2435.25 3282.05 2463.86 3251.76 2616.49 3107.61 2587.89
26071-203-M6-160-00291 0.05729411914944649 1223.58 2140.01 1360.75 2111.52 1390.49 2254.69 1253.32 2283.18
26071-203-M6-160-00291 0.051893677562475204 1566.22 2925.70 1721.69 2924.33 1722.94 3065.78 1567.47 3067.15
26071-600-M6-066-00002 0.08332449197769165 6657.15 3353.55 6811.72 3368.67 6796.81 3521.20 6642.24 3506.09
26071-600-M6-066-00002 0.0507059209048748 4285.38 2484.90 4435.20 2491.80 4428.33 2640.82 4278.51 2633.92
26071-300-M6-053-00008 0.0986880213022232 4863.16 657.72 5010.66 669.79 4997.91 825.71 4850.41 813.65
26071-203-M6-060-00001 0.0761958509683609 2109.59 4164.44 2230.79 4161.78 2235.37 4369.91 2114.17 4372.58
26071-203-M6-060-00006 0.9938376545906067 6934.35 4676.34 7085.05 4691.90 7069.49 4842.55 6918.80 4826.98
26071-203-M6-060-00006 0.9915052056312561 6494.12 4679.40 6646.76 4689.49 6636.72 4841.24 6484.08 4831.15
26071-203-M6-060-00006 0.1114305779337883 2140.91 4268.77 2302.33 4213.59 2349.53 4351.65 2188.11 4406.83
26071-203-M6-060-00006 0.08706983178853989 2460.04 2541.81 2609.30 2538.49 2612.45 2679.85 2463.19 2683.17
26071-203-M6-060-00006 0.0557282418012619 3647.51 5448.67 3795.99 5448.68 3795.99 5608.14 3647.50 5608.14
26071-300-M6-053-00012 0.9945892095565796 5563.31 5965.38 5714.08 5975.69 5703.62 6128.76 5552.85 6118.46
26071-300-M6-053-00012 0.9941380023956299 3673.03 5965.51 3825.92 5975.49 3815.90 6128.91 3663.01 6118.93
26071-300-M6-053-00012 0.07822974771261215 4886.79 4787.22 5012.00 4772.03 5038.29 4988.73 4913.08 5003.93
26071-300-M6-053-00012 0.07436569780111313 6958.53 1412.73 7104.59 1426.64 7090.21 1577.68 6944.15 1563.77
26071-300-M6-053-00012 0.0628395676612854 2773.76 4841.75 2925.62 4872.58 2895.25 5022.14 2743.40 4991.31
26071-300-M6-053-00012 0.06176229193806648 3898.52 5680.91 4081.56 5644.26 4125.99 5866.08 3942.95 5902.74
26071-300-M6-053-00012 0.054890505969524384 2411.13 1554.60 2571.30 1548.89 2577.04 1710.07 2416.88 1715.78
26071-300-M6-053-00012 0.051719971001148224 6092.98 1488.70 6245.16 1512.44 6221.01 1667.25 6068.83 1643.51
26071-675-M6-068-00034 0.06113321706652641 3454.87 1317.49 3502.71 1318.09 3501.58 1408.28 3453.75 1407.68
26071-675-M6-068-00034 0.0525420606136322 4063.47 655.62 4208.64 676.06 4186.49 833.43 4041.32 813.00
26071-450-M6-082-00031 0.1944815069437027 3440.04 5114.77 3561.96 5117.00 3557.97 5335.03 3436.05 5332.80
26071-450-M6-082-00031 0.08014516532421112 5160.97 5925.51 5326.73 5915.48 5335.51 6060.54 5169.75 6070.57
26071-450-M6-082-00031 0.07983260601758957 4271.10 1875.86 4430.49 1872.61 4433.45 2018.16 4274.06 2021.41
26071-450-M6-082-00031 0.06307783722877502 5701.79 5096.66 5832.48 5072.24 5871.05 5278.64 5740.36 5303.06
26071-450-M6-082-00031 0.05730399489402771 2780.63 4213.69 2932.95 4228.06 2918.89 4377.13 2766.57 4362.77
26071-450-M6-082-00031 0.051075294613838196 2982.14 1575.80 3130.10 1578.60 3127.16 1733.67 2979.20 1730.86
26071-200-M6-062-00276 0.9943833351135254 3824.32 3463.22 3975.17 3470.25 3968.04 3623.25 3817.19 3616.21
26071-200-M6-062-00276 0.09638568758964539 4763.78 3041.49 4910.03 3035.89 4916.21 3197.20 4769.96 3202.80
26071-200-M6-062-00276 0.06850681453943253 4558.39 3302.98 4711.43 3299.09 4715.19 3446.72 4562.15 3450.61
26071-200-M6-062-00276 0.05295616388320923 1539.34 2053.23 1664.73 2054.97 1662.78 2195.30 1537.39 2193.55
26071-500-M6-059-00011 0.07058253884315491 5164.59 6467.07 5280.96 6475.75 5268.16 6647.36 5151.79 6638.68
26071-500-M6-059-00011 0.06622486561536789 6075.67 2429.97 6229.93 2431.67 6228.32 2577.73 6074.06 2576.03
26071-500-M6-059-00011 0.059591144323349 4769.31 6432.13 4894.03 6421.71 4910.14 6614.59 4785.41 6625.01
26071-600-M6-065-00021 0.9908074736595154 4702.59 5372.52 4851.38 5388.52 4835.03 5540.55 4686.24 5524.55
26071-600-M6-065-00021 0.9905856251716614 2964.80 5372.54 3114.34 5388.16 3098.43 5540.48 2948.88 5524.85
26071-600-M6-065-00021 0.07083383202552795 7548.99 6478.58 7671.18 6476.54 7674.87 6696.86 7552.68 6698.91
26071-600-M6-065-00021 0.0600016713142395 5172.59 5364.36 5348.28 5360.27 5353.30 5576.36 5177.61 5580.44
26071-600-M6-065-00021 0.051839664578437805 7267.82 3633.42 7421.97 3657.37 7399.16 3804.24 7245.01 3780.29
26071-600-M6-065-00021 0.05071789771318436 7787.69 6469.47 7910.83 6471.39 7907.54 6682.91 7784.40 6680.99
26071-500-M6-059-00013 0.15258702635765076 2362.41 4928.72 2513.84 4935.67 2506.67 5092.00 2355.24 5085.06
26071-500-M6-059-00013 0.05665849149227142 2819.79 5129.77 2970.64 5134.21 2966.05 5290.05 2815.21 5285.61
26071-500-M6-059-00013 0.055065054446458817 5161.25 5167.53 5315.57 5158.98 5324.41 5318.56 5170.09 5327.11
26071-500-M6-059-00044 0.9934629201889038 3287.29 5040.98 3436.99 5056.65 3421.16 5207.87 3271.46 5192.20
26071-500-M6-059-00044 0.9913986921310425 1750.16 5040.35 1898.78 5054.10 1884.60 5207.38 1735.98 5193.63
26071-500-M6-059-00044 0.9889798164367676 5326.88 5043.27 5477.78 5054.13 5466.88 5205.52 5315.98 5194.65
26071-500-M6-059-00044 0.9884452819824219 6862.41 5042.91 7012.62 5053.45 7001.99 5204.83 6851.79 5194.28
26071-500-M6-059-00044 0.08839716762304306 5508.48 1190.15 5612.81 1182.68 5624.36 1344.11 5520.03 1351.57
26071-500-M6-059-00044 0.08552679419517517 5449.16 3965.88 5607.26 3948.16 5624.91 4105.58 5466.80 4123.31
26071-500-M6-059-00044 0.0822671577334404 2446.27 4564.71 2601.82 4560.26 2606.09 4709.36 2450.53 4713.81
26071-500-M6-059-00044 0.07330221682786942 2335.04 4335.24 2406.12 4333.86 2411.05 4587.11 2339.97 4588.50
26071-500-M6-059-00044 0.07267294824123383 7572.45 4552.70 7724.80 4566.50 7710.95 4719.32 7558.60 4705.52
26071-500-M6-059-00044 0.07115235179662704 3871.90 4337.91 3945.29 4337.82 3945.58 4589.12 3872.20 4589.21
26071-500-M6-059-00044 0.06725763529539108 1217.60 3379.70 1364.01 3386.23 1357.41 3534.22 1210.99 3527.68
26071-500-M6-059-00044 0.06460759788751602 7448.41 4344.82 7522.52 4342.90 7528.73 4582.10 7454.62 4584.02
26071-500-M6-059-00044 0.062125060707330704 4631.30 1179.22 4738.07 1165.93 4758.45 1329.63 4651.68 1342.93
26071-500-M6-059-00044 0.06200208142399788 1871.83 3953.51 2026.97 3943.72 2037.11 4104.55 1881.97 4114.34
26071-500-M6-059-00044 0.05673922225832939 5913.43 4344.85 5988.62 4343.45 5993.20 4588.44 5918.00 4589.84
26071-200-M6-052-00093 0.09164068847894669 2779.38 941.79 2927.98 976.49 2894.37 1120.43 2745.77 1085.73
26071-200-M6-052-00093 0.08101110905408859 6981.49 3353.02 7134.10 3367.10 7119.77 3522.37 6967.16 3508.29
26071-200-M6-052-00093 0.07491465657949448 3350.76 3980.64 3498.43 3985.96 3492.91 4139.06 3345.24 4133.74
26071-200-M6-052-00093 0.05899448320269585 3838.06 4304.70 3993.39 4304.52 3993.57 4461.02 3838.25 4461.20
26071-200-M6-052-00093 0.05894452705979347 3840.85 2058.67 3992.40 2061.36 3989.61 2218.04 3838.07 2215.35
26071-200-M6-052-00093 0.057736270129680634 3517.51 1858.32 3674.28 1878.81 3655.79 2020.33 3499.02 1999.84
26071-200-M6-052-00093 0.054303526878356934 6359.28 3316.97 6511.84 3318.11 6510.69 3471.68 6358.13 3470.54
26071-200-M6-052-00093 0.051727697253227234 1000.78 2076.98 1145.78 2100.84 1121.21 2250.23 976.20 2226.37
26071-200-M6-052-00002 0.08413346856832504 7279.52 5578.83 7432.18 5584.94 7426.14 5735.77 7273.48 5729.66
26071-200-M6-052-00002 0.0586729496717453 7279.09 6173.75 7429.57 6161.93 7442.04 6320.77 7291.57 6332.59
26071-200-M6-052-00002 0.05176003277301788 2165.53 3209.76 2319.61 3203.71 2325.87 3362.78 2171.79 3368.84
26071-750-M6-085-00012 0.2085934430360794 1642.42 2035.30 1788.42 2042.63 1778.47 2240.82 1632.47 2233.49
26071-750-M6-085-00012 0.08630052208900452 5267.79 4879.34 5416.50 4881.13 5414.66 5034.25 5265.95 5032.46
26071-750-M6-085-00012 0.054317522794008255 7145.74 4479.60 7318.27 4471.01 7326.76 4641.69 7154.23 4650.28
26071-750-M6-085-00012 0.05319253355264664 726.76 2121.94 864.21 2161.66 824.36 2299.56 686.91 2259.84
26071-200-M6-052-00544 0.9889596700668335 4239.73 3550.87 4386.44 3558.68 4378.18 3713.85 4231.47 3706.04
26071-600-M6-066-00003 0.10712876170873642 5486.71 1822.38 5646.34 1849.21 5621.01 1999.91 5461.39 1973.08
26071-600-M6-066-00003 0.055328745394945145 5245.91 1832.61 5404.53 1849.06 5389.30 1995.91 5230.69 1979.46
26071-600-M6-066-00003 0.05094113200902939 6068.57 4181.29 6220.30 4188.43 6213.24 4338.52 6061.50 4331.38
26071-750-M6-085-00309 0.20718149840831757 6380.61 3863.16 6531.79 3876.19 6518.34 4032.23 6367.16 4019.19
26071-750-M6-085-00309 0.12249507755041122 2992.31 3634.49 3092.46 3639.97 3083.33 3807.10 2983.17 3801.63
26071-750-M6-085-00309 0.07251131534576416 7006.61 1931.57 7163.13 1907.09 7187.20 2061.04 7030.69 2085.52
26071-750-M6-085-00309 0.050798576325178146 2962.27 3185.06 3110.63 3183.77 3111.91 3331.04 2963.55 3332.33
