26071-200-M6-052-00001 0.13442866504192352 2495.82 3384.50 3109.35 3335.58 3126.29 3548.08 2512.76 3597.00
26071-200-M6-052-00001 0.0929318368434906 4042.73 4199.07 4342.59 4246.52 4323.21 4368.99 4023.35 4321.53
26071-200-M6-052-00001 0.0899820476770401 3073.72 3395.00 3227.80 3339.76 3295.30 3528.03 3141.23 3583.27
26071-200-M6-052-00001 0.08021078258752823 5809.44 2481.25 6101.99 2475.75 6103.77 2570.33 5811.23 2575.84
26071-200-M6-052-00001 0.06737268716096878 3541.27 4822.57 3912.54 4783.60 3980.49 5430.96 3609.22 5469.93
26071-200-M6-052-00001 0.062210891395807266 3266.22 4793.06 3580.55 4848.29 3464.21 5510.40 3149.88 5455.17
26071-200-M6-052-00001 0.05721322074532509 2384.98 3367.76 2543.35 3360.06 2552.59 3550.28 2394.22 3557.97
26071-200-M6-052-00001 0.054784100502729416 1267.64 5954.20 1431.22 5953.51 1431.69 6066.56 1268.12 6067.25
26071-500-M6-059-00017 0.3316795229911804 2065.62 3771.90 2221.29 3727.51 2277.67 3925.26 2122.01 3969.64
26071-500-M6-059-00017 0.24102114140987396 5767.23 3738.46 6258.52 3749.90 6253.89 3948.63 5762.60 3937.18
26071-500-M6-059-00017 0.2334626466035843 3803.58 3724.78 4270.31 3734.35 4266.03 3943.29 3799.30 3933.71
26071-500-M6-059-00017 0.1450778692960739 3246.18 3983.62 4055.05 3907.85 4082.99 4206.14 3274.11 4281.90
26071-500-M6-059-00017 0.09621888399124146 1957.71 3925.13 2978.76 3898.41 2983.84 4092.70 1962.80 4119.43
26071-500-M6-059-00017 0.09111130237579346 5316.48 3948.72 6041.42 3905.85 6056.03 4152.83 5331.08 4195.71
26071-500-M6-059-00017 0.08262614905834198 1778.62 3757.99 1968.15 3710.01 2023.59 3929.00 1834.06 3976.99
26071-500-M6-059-00017 0.07426994293928146 3537.42 4143.19 3875.24 4133.20 3876.88 4188.81 3539.07 4198.81
26071-500-M6-059-00017 0.06839431077241898 6224.53 3534.21 6364.17 3509.79 6448.22 3990.47 6308.58 4014.89
26071-500-M6-059-00017 0.057404130697250366 3894.35 3876.59 4686.46 3912.92 4675.57 4150.29 3883.46 4113.95
26071-500-M6-059-00017 0.05695442110300064 1175.47 3688.70 1516.10 3757.93 1406.00 4299.62 1065.37 4230.38
26071-500-M6-059-00017 0.05676998198032379 1834.44 3497.91 2519.59 3607.74 2479.21 3859.67 1794.06 3749.84
26071-500-M6-059-00017 0.055891502648591995 3821.70 1914.00 3998.85 1910.48 4000.72 2004.32 3823.57 2007.85
26071-500-M6-059-00017 0.053951311856508255 6042.33 3505.83 6209.96 3645.61 6089.81 3789.69 5922.18 3649.91
26071-500-M6-059-00017 0.053475964814424515 2521.34 1914.65 2699.21 1910.32 2701.49 2004.21 2523.63 2008.54
26071-500-M6-059-00017 0.05256050452589989 4007.44 3504.33 4199.41 3643.61 4102.45 3777.25 3910.48 3637.98
26071-600-M6-066-00012 0.30313780903816223 5395.08 1306.64 5489.20 1308.12 5480.85 1838.28 5386.73 1836.80
26071-600-M6-066-00012 0.12196411937475204 5419.30 1242.22 5543.03 1220.87 5617.24 1651.00 5493.50 1672.35
26071-600-M6-066-00012 0.11280958354473114 2732.38 3501.87 3591.11 3460.16 3601.70 3678.14 2742.96 3719.84
26071-600-M6-066-00012 0.09415310621261597 4525.56 2505.02 5373.40 2451.11 5386.08 2650.46 4538.24 2704.37
26071-600-M6-066-00012 0.0900183767080307 7275.92 2709.96 7382.44 2723.72 7372.13 2803.57 7265.60 2789.81
26071-600-M6-066-00012 0.07315733283758163 4187.56 3585.16 5104.87 3570.31 5107.72 3746.44 4190.41 3761.29
26071-600-M6-066-00012 0.0714058056473732 3998.21 1104.33 4553.30 1093.91 4559.34 1415.68 4004.25 1426.10
26071-600-M6-066-00012 0.06535019725561142 5254.69 2532.91 6252.01 2516.16 6254.97 2692.61 5257.65 2709.35
26071-600-M6-066-00012 0.06507774442434311 3705.25 2500.35 4634.75 2451.34 4646.14 2667.37 3716.64 2716.38
26071-600-M6-066-00012 0.06329631805419922 3068.37 2006.23 3240.65 2006.05 3240.75 2094.67 3068.47 2094.85
26071-600-M6-066-00012 0.06114505976438522 3501.95 3544.24 4338.33 3535.88 4340.57 3760.19 3504.19 3768.55
26071-600-M6-066-00012 0.057337258011102676 2571.70 2003.35 2996.99 2005.68 2996.02 2184.08 2570.72 2181.75
26071-600-M6-066-00012 0.0545014962553978 7135.41 1594.99 7276.44 1598.79 7272.50 1744.85 7131.47 1741.05
26071-200-M6-052-00539 0.21438036859035492 3364.07 5400.43 3894.79 5355.87 3911.12 5550.33 3380.40 5594.90
26071-200-M6-052-00539 0.11387398093938828 1994.25 3392.37 2429.13 3372.64 2459.62 4044.36 2024.74 4064.10
26071-200-M6-052-00539 0.06388354301452637 1928.30 3452.59 2023.22 3446.82 2056.50 3994.06 1961.58 3999.83
26071-200-M6-052-00539 0.058820441365242004 2169.32 4511.62 2327.22 4508.18 2328.93 4586.61 2171.03 4590.05
26071-500-M6-059-00248 0.1844545602798462 4423.09 4430.55 4613.11 4454.08 4590.73 4634.78 4400.71 4611.25
26071-500-M6-059-00248 0.1517181396484375 4626.98 4431.65 5215.99 4422.74 5219.12 4629.98 4630.11 4638.89
26071-500-M6-059-00248 0.06745704263448715 3262.93 3974.27 3672.52 3961.73 3675.68 4064.86 3266.08 4077.39
26071-203-M6-325-00012 0.10562644153833389 3922.45 6288.94 4027.42 6273.38 4083.74 6653.40 3978.77 6668.96
26071-203-M6-325-00012 0.10190492868423462 4221.48 6287.98 4327.12 6271.84 4385.19 6651.94 4279.56 6668.08
26071-203-M6-325-00012 0.09961552917957306 4888.23 6447.28 5076.70 6626.95 5009.04 6697.93 4820.56 6518.26
26071-203-M6-325-00012 0.09737861901521683 4543.42 6381.21 4655.85 6386.69 4642.14 6668.26 4529.71 6662.78
26071-203-M6-325-00012 0.0970451831817627 5033.32 6530.42 5332.00 6567.62 5318.78 6673.80 5020.09 6636.61
26071-203-M6-325-00012 0.08402710407972336 5764.26 666.26 5873.70 724.04 5817.27 830.94 5707.83 773.17
26071-203-M6-325-00012 0.08267661929130554 6076.92 664.83 6171.96 748.74 6094.81 836.12 5999.77 752.21
26071-203-M6-325-00012 0.08029165118932724 6019.02 6287.64 6118.06 6274.83 6165.79 6644.04 6066.75 6656.84
26071-203-M6-325-00012 0.07959893345832825 2184.63 3545.62 2532.54 3585.45 2510.99 3773.75 2163.07 3733.92
26071-700-M6-054-00246 0.2505922317504883 4325.54 3009.95 4965.53 3383.57 4786.05 3691.01 4146.05 3317.39
26071-700-M6-054-00246 0.07220446318387985 4256.26 3769.36 4565.08 3645.39 4850.83 4357.18 4542.02 4481.16
26071-700-M6-054-00246 0.06429493427276611 4219.36 2928.06 4885.10 2981.90 4865.15 3228.62 4199.41 3174.79
26071-700-M6-054-00246 0.06109107285737991 4019.41 3319.96 4352.23 3197.47 4557.00 3753.84 4224.18 3876.33
26071-700-M6-054-00246 0.058627594262361526 4321.81 3217.30 4437.70 3219.30 4435.20 3363.95 4319.31 3361.94
26071-500-M6-059-00040 0.19043122231960297 3620.67 2811.12 3799.30 2826.21 3783.70 3010.78 3605.08 2995.69
26071-500-M6-059-00040 0.12745344638824463 1593.96 2323.25 2428.26 2344.94 2421.71 2596.82 1587.41 2575.13
26071-500-M6-059-00040 0.10913952440023422 947.77 2395.42 1250.70 2393.85 1251.55 2557.34 948.62 2558.91
26071-500-M6-059-00040 0.10886064171791077 2177.25 1832.92 2508.31 1829.32 2509.80 1966.81 2178.74 1970.40
26071-500-M6-059-00040 0.09476391971111298 1474.47 2371.75 1588.70 2371.62 1588.79 2454.64 1474.56 2454.77
26071-500-M6-059-00040 0.0790991485118866 2058.58 2166.05 2252.08 2140.59 2289.40 2424.20 2095.90 2449.66
26071-500-M6-059-00040 0.0770006850361824 2836.65 4627.56 2958.42 4628.78 2955.75 4895.58 2833.98 4894.36
26071-500-M6-059-00040 0.07327733933925629 1480.18 2484.30 1595.13 2489.16 1592.36 2554.51 1477.42 2549.66
26071-500-M6-059-00040 0.07292894273996353 5362.56 2686.74 5726.21 2575.06 5904.08 3154.21 5540.43 3265.89
26071-500-M6-059-00040 0.07017640024423599 944.92 2304.68 1268.24 2289.29 1271.77 2363.64 948.46 2379.02
26071-500-M6-059-00040 0.06946836411952972 4164.35 4625.01 4276.90 4645.23 4230.66 4902.52 4118.11 4882.29
26071-500-M6-059-00040 0.06136312335729599 2509.48 290.35 2658.10 311.95 2634.70 472.99 2486.08 451.40
26071-500-M6-059-00040 0.06077538803219795 2526.70 1331.42 2588.38 1309.48 2632.14 1432.52 2570.46 1454.46
26071-500-M6-059-00040 0.05999046564102173 2469.47 2468.28 2744.04 2293.07 2962.81 2635.90 2688.23 2811.11
26071-500-M6-059-00040 0.05204881355166435 2280.02 2437.35 2378.90 2426.03 2448.32 3032.41 2349.44 3043.73
26071-203-M6-333-00010 0.17011411488056183 2421.15 2809.57 2516.11 2819.89 2477.77 3172.71 2382.81 3162.39
26071-203-M6-333-00010 0.1689164638519287 3902.60 1923.60 4204.84 1945.88 4196.67 2056.70 3894.43 2034.42
26071-203-M6-333-00010 0.1528005301952362 2512.77 2815.58 2826.43 2827.08 2822.02 2947.51 2508.35 2936.01
26071-203-M6-333-00010 0.1503983736038208 4186.95 1959.20 4642.08 1952.76 4644.90 2152.82 4189.78 2159.26
26071-203-M6-333-00010 0.14120618999004364 3909.77 2107.08 4228.40 2141.41 4215.49 2261.21 3896.86 2226.88
26071-203-M6-333-00010 0.1339559704065323 3914.59 2899.87 4215.10 2926.09 4205.48 3036.36 3904.97 3010.14
26071-203-M6-333-00010 0.12598830461502075 2715.67 2403.57 3063.18 2405.33 3062.69 2500.57 2715.18 2498.80
26071-203-M6-333-00010 0.10922720283269882 2717.35 3557.16 3067.71 3551.80 3069.40 3662.72 2719.04 3668.08
26071-203-M6-333-00010 0.10322875529527664 2502.44 2973.41 2867.30 2986.43 2864.44 3066.72 2499.58 3053.71
26071-203-M6-333-00010 0.09041821956634521 3908.02 1985.65 4231.47 2100.84 4201.94 2183.77 3878.49 2068.58
26071-203-M6-333-00010 0.07827922701835632 3146.86 3735.01 3221.41 3723.26 3263.31 3989.15 3188.77 4000.90
26071-203-M6-333-00010 0.06776603311300278 2378.58 4184.04 2988.45 4181.65 2988.78 4265.61 2378.91 4268.01
26071-203-M6-333-00010 0.06522434949874878 2511.72 3728.82 2580.62 3718.15 2623.81 3997.11 2554.92 4007.78
26071-203-M6-333-00010 0.06425672024488449 1409.33 4508.78 1497.92 4508.22 1499.84 4808.14 1411.25 4808.70
26071-203-M6-333-00010 0.06028243154287338 2502.43 2998.87 2849.37 3102.60 2809.98 3234.35 2463.04 3130.62
26071-203-M6-333-00010 0.0533476285636425 5079.26 4116.55 5249.58 4096.73 5263.63 4217.39 5093.31 4237.21
26071-203-M6-333-00010 0.05301946774125099 6279.07 4116.81 6450.29 4098.13 6463.30 4217.40 6292.08 4236.08
26071-203-M6-333-00010 0.052548542618751526 5980.00 4115.42 6149.40 4097.73 6161.93 4217.67 5992.53 4235.37
26071-203-M6-333-00010 0.052120037376880646 4780.17 4115.57 4949.26 4097.83 4961.81 4217.45 4792.72 4235.19
26071-203-M6-333-00010 0.052117057144641876 4179.78 4115.46 4349.63 4097.73 4362.14 4217.63 4192.29 4235.36
26071-203-M6-333-00010 0.05210313946008682 6561.09 305.44 6757.51 160.89 7162.15 710.70 6965.73 855.25
26071-203-M6-333-00010 0.05205318331718445 5679.38 4116.18 5850.00 4097.99 5862.72 4217.29 5692.10 4235.49
26071-203-M6-333-00010 0.05203915759921074 6579.82 4115.60 6749.15 4097.37 6762.04 4217.16 6592.72 4235.38
26071-203-M6-333-00010 0.0513177365064621 4191.18 1853.67 4650.68 1828.28 4658.80 1975.05 4199.29 2000.45
26071-203-M6-333-00010 0.05095922574400902 6601.70 4182.94 7211.75 4169.22 7213.89 4264.20 6603.83 4277.92
26071-750-M6-085-00286 0.05634631589055061 3495.52 3361.04 3596.82 3358.28 3599.93 3472.76 3498.64 3475.52
26071-750-M6-085-00286 0.05070719122886658 4734.77 3236.76 5055.20 3029.08 5397.70 3557.52 5077.26 3765.20
26071-750-M6-085-00286 0.05009235814213753 5001.54 5141.27 5281.65 5160.75 5275.82 5244.50 4995.72 5225.02
26071-550-M6-084-00248 0.08907028287649155 4616.33 4001.20 5155.08 3957.86 5171.33 4159.87 4632.58 4203.20
26071-550-M6-084-00248 0.08603028953075409 3262.20 3500.40 3680.22 3489.84 3683.04 3601.68 3265.02 3612.24
26071-550-M6-084-00248 0.06513622403144836 4055.69 3942.44 4362.48 3992.57 4249.98 4681.08 3943.19 4630.95
26071-550-M6-084-00248 0.060545604676008224 4432.90 3999.48 4579.72 3950.21 4636.83 4120.39 4490.01 4169.66
26071-550-M6-084-00248 0.05078652501106262 3827.61 3703.08 4143.91 3742.65 4053.41 4466.02 3737.12 4426.45
26071-203-M6-332-00008 0.10937517881393433 4602.47 4150.61 4729.01 4111.82 4838.59 4469.29 4712.05 4508.08
26071-203-M6-332-00008 0.08705359697341919 3514.69 306.45 4037.61 322.53 4032.41 491.65 3509.49 475.57
26071-203-M6-332-00008 0.08527734130620956 2100.29 3901.98 2800.14 3885.46 2808.93 4257.86 2109.08 4274.38
26071-203-M6-332-00008 0.07877356559038162 4510.24 3894.48 5193.26 3879.82 5201.36 4257.11 4518.33 4271.77
26071-203-M6-332-00008 0.06500513851642609 6874.93 3868.28 7598.28 3877.28 7593.47 4263.88 6870.12 4254.88
26071-203-M6-332-00008 0.058716122061014175 3567.25 395.37 3632.29 377.49 3752.67 815.44 3687.63 833.32
26071-203-M6-332-00008 0.05536254495382309 6620.11 3915.86 6902.49 3909.48 6904.15 3982.84 6621.77 3989.21
26071-200-M6-052-00080 0.22701363265514374 2782.27 3783.55 3590.49 3753.44 3600.68 4026.87 2792.46 4056.98
26071-200-M6-052-00080 0.19043219089508057 6191.04 3781.78 6931.11 3753.61 6941.12 4016.47 6201.05 4044.64
26071-200-M6-052-00080 0.09707733988761902 2571.29 4806.71 2732.16 4825.03 2714.06 4983.98 2553.19 4965.66
26071-200-M6-052-00080 0.07561944425106049 7084.36 3869.95 7267.10 3853.28 7286.97 4071.18 7104.24 4087.85
26071-200-M6-052-00080 0.07528168708086014 5998.83 4809.25 6157.34 4829.41 6137.49 4985.48 5978.98 4965.32
26071-200-M6-052-00080 0.0639062151312828 4877.83 5194.50 4967.18 5199.96 4960.85 5303.49 4871.50 5298.03
26071-200-M6-052-00080 0.05834565684199333 6734.61 2048.25 6822.50 2043.59 6827.57 2139.10 6739.67 2143.76
26071-200-M6-052-00080 0.05305458977818489 3062.88 3917.97 3213.94 3914.28 3215.31 3970.20 3064.24 3973.89
26071-200-M6-052-00080 0.052644092589616776 3651.01 3874.89 3832.82 3848.05 3864.46 4062.41 3682.65 4089.24
26071-200-M6-052-00080 0.05254271253943443 3312.29 2046.16 3399.72 2046.38 3399.48 2143.01 3312.06 2142.80
26071-200-M6-052-00080 0.0523611456155777 2711.84 4879.25 2887.73 4887.24 2878.27 5095.26 2702.39 5087.27
26071-203-M6-321-00604 0.1917881816625595 5434.10 2942.63 6393.40 2968.83 6388.09 3163.24 5428.79 3137.04
26071-203-M6-321-00604 0.10333836823701859 2170.39 4000.60 2353.90 4003.71 2352.32 4096.58 2168.82 4093.47
26071-203-M6-321-00604 0.06746840476989746 5442.76 2711.39 6349.05 2687.42 6354.84 2906.19 5448.55 2930.15
26071-203-M6-321-00604 0.062271598726511 6928.65 884.84 7103.11 871.56 7110.71 971.36 6936.24 984.64
26071-203-M6-321-00604 0.051989905536174774 4588.93 1841.39 5247.26 1806.25 5263.51 2110.66 4605.18 2145.80
26071-300-M6-053-00309 0.4385976493358612 3430.33 3079.55 4089.02 3265.43 4018.98 3513.59 3360.29 3327.71
26071-300-M6-053-00309 0.30063265562057495 3374.92 5170.91 4201.79 5163.47 4203.96 5404.24 3377.08 5411.68
26071-300-M6-053-00309 0.23381300270557404 4753.23 4762.45 5529.52 4754.65 5532.69 5071.16 4756.40 5078.95
26071-300-M6-053-00309 0.22880513966083527 5487.75 5330.52 5609.17 5324.29 5612.85 5396.00 5491.43 5402.23
26071-300-M6-053-00309 0.13211874663829803 5991.01 2127.72 6811.08 2080.65 6831.17 2430.58 6011.09 2477.66
26071-300-M6-053-00309 0.1250118911266327 6062.27 1211.19 6130.97 1214.72 6124.16 1347.16 6055.46 1343.63
26071-300-M6-053-00309 0.10799964517354965 5353.94 3291.51 5558.33 3292.89 5557.42 3426.97 5353.04 3425.59
26071-300-M6-053-00309 0.10163667052984238 3120.77 3218.46 3439.72 3126.70 3594.58 3664.99 3275.63 3756.75
26071-300-M6-053-00309 0.09670766443014145 5994.12 2055.55 6058.43 2059.67 6050.70 2180.39 5986.40 2176.28
26071-300-M6-053-00309 0.09554324299097061 3635.54 3092.52 4017.80 3111.22 4014.03 3188.26 3631.77 3169.56
26071-300-M6-053-00309 0.09245464205741882 2393.10 4037.07 2715.68 3967.18 2828.07 4485.99 2505.49 4555.88
26071-300-M6-053-00309 0.08855883777141571 3346.71 3079.58 3510.51 3081.37 3508.56 3259.29 3344.76 3257.49
26071-300-M6-053-00309 0.08653152734041214 3591.96 3744.40 3918.01 3707.15 3986.39 4305.78 3660.35 4343.03
26071-300-M6-053-00309 0.0829353779554367 3281.17 5179.64 3473.54 5195.56 3451.00 5468.01 3258.63 5452.09
26071-300-M6-053-00309 0.07398747652769089 3605.64 2968.13 3970.75 2986.68 3964.81 3103.61 3599.70 3085.06
26071-300-M6-053-00309 0.06947720795869827 3644.23 5075.17 3957.46 5107.57 3945.16 5226.53 3631.92 5194.13
26071-300-M6-053-00309 0.06582657992839813 5488.08 4672.21 5633.60 4678.97 5624.80 4868.36 5479.28 4861.60
26071-300-M6-053-00309 0.06106618419289589 3504.61 3301.26 3609.56 3239.16 3876.37 3690.06 3771.42 3752.16
26071-300-M6-053-00309 0.05995497107505798 3574.59 3183.48 4050.21 3176.67 4051.04 3234.31 3575.42 3241.11
26071-300-M6-053-00309 0.0590456984937191 3534.31 5102.59 3654.49 5102.73 3654.38 5197.75 3534.20 5197.60
26071-300-M6-053-00309 0.05132752284407616 3711.25 3892.78 3922.75 3887.51 3925.07 3980.69 3713.57 3985.96
26071-300-M6-053-00309 0.05024184286594391 1001.63 3188.33 1121.93 3203.96 1103.98 3342.17 983.67 3326.54
26071-450-M6-082-00009 0.2961171269416809 3670.33 4494.19 3857.82 4499.81 3848.68 4804.35 3661.19 4798.73
26071-450-M6-082-00009 0.22628489136695862 5981.64 5455.89 6150.14 5469.96 6134.97 5651.53 5966.47 5637.45
26071-450-M6-082-00009 0.08426563441753387 2375.34 2497.11 2991.10 2477.87 2999.02 2731.56 2383.27 2750.80
26071-200-M6-052-00552 0.1632176786661148 3637.96 2420.22 4063.87 2524.96 4017.21 2714.68 3591.30 2609.93
26071-200-M6-052-00552 0.07033373415470123 5284.09 4365.28 5554.56 4365.73 5554.39 4469.39 5283.92 4468.94
26071-200-M6-052-00552 0.06754610687494278 3214.57 2616.36 3982.87 2629.72 3978.77 2866.02 3210.46 2852.66
26071-200-M6-052-00552 0.06552989780902863 3835.77 2346.69 4263.11 2392.35 4245.50 2557.19 3818.16 2511.53
26071-200-M6-052-00552 0.06181567162275314 3949.92 2694.03 4064.68 2696.65 4063.24 2759.66 3948.48 2757.04
26071-200-M6-052-00552 0.05633945018053055 5256.08 4299.49 5324.81 4304.27 5317.11 4415.14 5248.37 4410.36
26071-750-M6-085-00007 0.13364529609680176 4918.73 3100.12 5784.08 3102.91 5783.15 3391.07 4917.80 3388.28
26071-750-M6-085-00007 0.12094653397798538 3292.11 2613.85 3693.37 2654.19 3683.42 2753.16 3282.17 2712.83
26071-750-M6-085-00007 0.10677563399076462 1497.95 2585.87 2309.68 2562.42 2318.39 2863.69 1506.65 2887.14
26071-750-M6-085-00007 0.09899671375751495 3806.74 2604.37 4188.09 2610.79 4185.22 2781.09 3803.87 2774.66
26071-750-M6-085-00007 0.08079784363508224 2333.83 2624.81 2605.13 2673.35 2584.11 2790.78 2312.82 2742.23
26071-750-M6-085-00007 0.07585432380437851 1210.30 2614.61 1527.76 2690.30 1495.15 2827.09 1177.68 2751.40
26071-750-M6-085-00007 0.0737619549036026 5898.92 3334.78 6296.00 3340.55 6294.60 3436.47 5897.53 3430.71
26071-750-M6-085-00007 0.07312943041324615 2672.65 2619.06 3564.26 2628.63 3560.75 2955.90 2669.14 2946.33
26071-750-M6-085-00007 0.06340406090021133 4971.98 3538.92 5107.15 3537.84 5109.93 3885.81 4974.77 3886.89
26071-750-M6-085-00007 0.05968068912625313 4428.21 293.89 5227.01 302.73 5224.42 537.19 4425.61 528.35
26071-750-M6-085-00007 0.05261721834540367 5937.91 3280.60 6315.40 3292.93 6313.79 3342.20 5936.30 3329.88
26071-750-M6-085-00007 0.05025538057088852 2026.15 286.31 2799.11 306.62 2792.84 545.29 2019.88 524.98
26071-203-M6-064-00271 0.08625619858503342 1332.27 4790.83 1419.84 4784.55 1427.83 4895.87 1340.26 4902.15
26071-203-M6-064-00271 0.08057667315006256 1816.87 2448.89 1948.31 2409.65 2032.36 2691.24 1900.93 2730.48
26071-203-M6-064-00271 0.05578787624835968 7753.02 4549.01 7911.31 4550.88 7910.07 4655.33 7751.79 4653.47
26071-203-M6-064-00271 0.05475694313645363 1428.14 4692.01 1515.84 4689.21 1522.32 4892.32 1434.62 4895.12
26071-203-M6-337-00031 0.896412193775177 5632.10 2083.67 5808.39 2119.86 5772.70 2293.71 5596.41 2257.51
26071-203-M6-337-00031 0.8899645209312439 5628.90 2499.83 5810.30 2538.23 5772.88 2715.04 5591.47 2676.64
26071-203-M6-337-00031 0.8874359130859375 5632.63 1095.01 5802.96 1130.12 5767.14 1303.89 5596.81 1268.78
26071-203-M6-337-00031 0.8784580826759338 5634.78 2855.55 5811.83 2901.71 5766.52 3075.53 5589.46 3029.38
26071-203-M6-337-00031 0.8761419653892517 5629.98 1395.99 5801.83 1429.61 5767.87 1603.17 5596.02 1569.55
26071-203-M6-337-00031 0.8758416175842285 5622.53 1760.76 5797.50 1784.75 5772.85 1964.60 5597.88 1940.61
26071-203-M6-337-00031 0.6746404767036438 4711.89 1610.04 5027.68 1622.37 5020.94 1794.85 4705.15 1782.52
26071-203-M6-337-00031 0.6347053050994873 4699.81 2372.71 5050.86 2369.13 5052.57 2536.97 4701.52 2540.55
26071-203-M6-337-00031 0.6343230605125427 4696.79 3124.58 5061.28 3118.83 5064.06 3295.17 4699.57 3300.92
26071-203-M6-337-00031 0.6161389350891113 4709.48 1975.69 5033.00 1991.63 5024.57 2162.66 4701.05 2146.72
26071-203-M6-337-00031 0.6099055409431458 4716.12 1256.40 5025.73 1275.23 5015.62 1441.50 4706.00 1422.67
26071-203-M6-337-00031 0.5826207995414734 4718.22 2756.28 5033.45 2775.83 5022.69 2949.32 4707.46 2929.77
26071-203-M6-337-00031 0.3120124340057373 2046.56 1005.94 2593.01 1204.04 2459.54 1572.20 1913.10 1374.10
26071-203-M6-337-00031 0.2485019862651825 5221.04 656.67 5787.73 616.11 5811.38 946.52 5244.69 987.08
26071-203-M6-337-00031 0.2419401854276657 4795.55 1723.63 5575.58 1720.48 5576.86 2037.85 4796.83 2040.99
26071-203-M6-337-00031 0.23549968004226685 5484.50 1534.48 5883.38 1585.87 5869.71 1691.96 5470.83 1640.57
26071-203-M6-337-00031 0.22062279284000397 4821.72 2445.61 5565.47 2415.28 5578.79 2741.94 4835.04 2772.27
26071-203-M6-337-00031 0.21657320857048035 5459.66 2002.18 5635.56 2001.66 5636.47 2305.70 5460.56 2306.23
26071-203-M6-337-00031 0.21514509618282318 5522.30 1231.64 5881.67 1332.47 5857.38 1419.04 5498.01 1318.21
26071-203-M6-337-00031 0.2059035301208496 4972.83 1491.48 5371.86 1693.35 5305.44 1824.64 4906.40 1622.77
26071-203-M6-337-00031 0.19593141973018646 5513.44 1936.28 5908.70 1994.39 5898.07 2066.68 5502.81 2008.57
26071-203-M6-337-00031 0.1890701800584793 5478.04 2761.93 5653.37 2767.12 5643.19 3111.05 5467.87 3105.86
26071-203-M6-337-00031 0.1853233128786087 5473.87 3064.06 5924.73 3080.54 5922.01 3154.96 5471.15 3138.47
26071-203-M6-337-00031 0.18176092207431793 5417.96 1297.28 5558.95 1305.35 5537.34 1682.56 5396.35 1674.48
26071-203-M6-337-00031 0.1746310293674469 1995.47 982.34 2555.48 995.78 2552.36 1125.81 1992.35 1112.37
26071-203-M6-337-00031 0.1701185554265976 5417.33 2300.18 6139.74 2277.91 6146.67 2502.78 5424.27 2525.05
26071-203-M6-337-00031 0.1614701896905899 5499.53 2702.81 5938.87 2741.80 5933.56 2801.56 5494.23 2762.56
26071-203-M6-337-00031 0.15707018971443176 4976.73 2936.92 5404.55 3187.78 5328.94 3316.72 4901.12 3065.86
26071-203-M6-337-00031 0.14969855546951294 6646.49 6133.21 6741.45 6118.44 6784.90 6397.85 6689.94 6412.62
26071-203-M6-337-00031 0.14553110301494598 4818.58 2201.54 4922.08 2125.04 5170.65 2461.36 5067.15 2537.86
26071-203-M6-337-00031 0.1293843537569046 3650.93 552.90 4058.14 560.61 4053.45 808.69 3646.23 800.98
26071-203-M6-337-00031 0.12461906671524048 5711.30 1079.61 5874.06 1031.41 5964.49 1336.79 5801.73 1384.99
26071-203-M6-337-00031 0.12311547994613647 4957.94 1239.54 5137.29 1213.24 5176.79 1482.62 4997.45 1508.92
26071-203-M6-337-00031 0.11879775673151016 5740.32 2864.19 5920.96 2826.26 5972.39 3071.27 5791.76 3109.19
26071-203-M6-337-00031 0.11020071804523468 5734.36 2085.17 5914.28 2034.26 5981.76 2272.76 5801.84 2323.66
26071-203-M6-337-00031 0.10996811836957932 3519.17 1293.37 3688.43 1265.46 3717.48 1441.62 3548.22 1469.53
26071-203-M6-337-00031 0.10489137470722198 4954.27 3203.06 5463.29 3223.29 5458.98 3331.75 4949.96 3311.52
26071-203-M6-337-00031 0.10407252609729767 5120.32 1949.50 5625.06 2314.68 5418.35 2600.38 4913.61 2235.19
26071-203-M6-337-00031 0.10304069519042969 2656.35 4967.65 3617.07 4957.81 3618.97 5142.50 2658.24 5152.35
26071-203-M6-337-00031 0.09934989362955093 2650.56 4080.00 3615.45 4053.29 3620.51 4236.15 2655.62 4262.87
26071-203-M6-337-00031 0.09884515404701233 5746.86 2494.94 5928.69 2470.47 5961.05 2710.90 5779.22 2735.38
26071-203-M6-337-00031 0.096110999584198 3543.83 4045.57 4493.60 4063.16 4490.17 4248.26 3540.41 4230.67
26071-203-M6-337-00031 0.09196207672357559 4693.65 4989.06 5500.39 4943.09 5511.14 5131.80 4704.40 5177.77
26071-203-M6-337-00031 0.09099848568439484 3548.78 4950.72 4494.35 4965.51 4491.49 5148.75 3545.92 5133.96
26071-203-M6-337-00031 0.0903465747833252 5746.81 1707.23 5944.26 1686.08 5971.29 1938.35 5773.83 1959.51
26071-203-M6-337-00031 0.08872319012880325 2910.77 2269.95 3392.57 2744.20 3147.21 2993.46 2665.41 2519.21
26071-203-M6-337-00031 0.0877363532781601 4936.85 1830.61 5013.27 1822.28 5026.30 1941.75 4949.89 1950.08
26071-203-M6-337-00031 0.08487935364246368 4936.89 1112.86 5012.67 1104.53 5025.75 1223.41 4949.97 1231.74
26071-203-M6-337-00031 0.08447100967168808 4688.14 4092.45 5500.90 4042.46 5512.45 4230.23 4699.68 4280.22
26071-203-M6-337-00031 0.08387807756662369 2604.52 4525.39 3622.68 4530.44 3621.79 4709.42 2603.63 4704.37
26071-203-M6-337-00031 0.07946712523698807 4975.15 2607.63 5303.92 2783.70 5266.62 2853.35 4937.85 2677.27
26071-203-M6-337-00031 0.07828281819820404 3358.87 1649.20 3692.62 1483.93 3978.38 2060.98 3644.62 2226.25
26071-203-M6-337-00031 0.07733027637004852 5414.45 2699.87 5516.89 2708.04 5477.28 3204.97 5374.84 3196.80
26071-203-M6-337-00031 0.0770287811756134 3687.99 412.56 4037.79 414.79 4037.34 484.81 3687.55 482.58
26071-203-M6-337-00031 0.07304729521274567 4798.99 4480.86 5508.32 4527.76 5496.63 4704.49 4787.31 4657.60
26071-203-M6-337-00031 0.07269067317247391 5358.52 3186.22 5800.24 3179.20 5803.19 3364.93 5361.47 3371.95
26071-203-M6-337-00031 0.0697263851761818 3456.34 1854.43 3825.99 1859.12 3825.17 1923.83 3455.52 1919.14
26071-203-M6-337-00031 0.06907740980386734 4929.83 3377.23 5917.13 3335.77 5925.69 3539.52 4938.39 3580.98
26071-203-M6-337-00031 0.06822406500577927 2257.33 2482.05 2380.39 2489.69 2370.20 2653.81 2247.15 2646.18
26071-203-M6-337-00031 0.06770322471857071 3919.30 4512.23 4783.36 4560.93 4773.64 4733.49 3909.58 4684.79
26071-203-M6-337-00031 0.06386073678731918 2100.08 4884.17 2750.79 4887.26 2748.99 5265.30 2098.28 5262.21
26071-203-M6-337-00031 0.061927735805511475 2120.06 3982.55 2747.53 3982.51 2747.56 4368.54 2120.09 4368.59
26071-203-M6-337-00031 0.06131834164261818 5634.35 1340.26 5923.85 1173.76 6283.89 1799.75 5994.39 1966.25
26071-203-M6-337-00031 0.06130162253975868 4979.66 1162.76 5374.92 1187.72 5370.84 1252.33 4975.58 1227.37
26071-203-M6-337-00031 0.060297586023807526 2020.96 1602.04 2539.32 1583.55 2544.69 1734.23 2026.33 1752.71
26071-203-M6-337-00031 0.059503789991140366 2702.33 1841.18 2892.57 1809.56 2934.58 2062.27 2744.33 2093.89
26071-203-M6-337-00031 0.05546087771654129 4995.25 1893.54 5370.05 1893.92 5369.99 1952.54 4995.19 1952.15
26071-203-M6-337-00031 0.05479423329234123 6441.15 524.40 6571.47 566.45 6503.23 777.93 6372.92 735.88
26071-203-M6-337-00031 0.052889712154865265 4945.58 1473.14 5019.26 1472.68 5020.00 1589.57 4946.32 1590.03
26071-203-M6-337-00031 0.05225543677806854 4976.62 2748.43 5105.88 2694.81 5251.04 3044.80 5121.79 3098.41
26071-203-M6-332-00001 0.5056387782096863 3329.25 2739.14 3755.88 2794.06 3670.71 3455.71 3244.09 3400.79
26071-203-M6-332-00001 0.49523210525512695 5428.96 2742.45 5853.55 2794.19 5773.12 3454.26 5348.52 3402.52
26071-203-M6-332-00001 0.48321640491485596 4181.68 2722.61 4609.56 2810.66 4473.19 3473.37 4045.31 3385.32
26071-203-M6-332-00001 0.4742036759853363 5889.87 2711.21 6336.83 2867.46 6116.19 3498.61 5669.23 3342.36
26071-203-M6-332-00001 0.47099629044532776 3772.85 2686.59 4198.54 2794.10 4021.62 3494.57 3595.93 3387.06
26071-203-M6-332-00001 0.45182207226753235 4585.88 2716.99 5021.06 2754.03 4959.92 3472.48 4524.73 3435.44
26071-203-M6-332-00001 0.4517357051372528 4951.10 2728.37 5400.84 2765.37 5340.87 3494.37 4891.13 3457.37
26071-203-M6-332-00001 0.4503503739833832 2893.56 2719.84 3337.03 2779.79 3242.09 3482.07 2798.62 3422.12
26071-203-M6-332-00001 0.1164931207895279 5073.17 2558.39 5182.03 2556.84 5182.78 2609.46 5073.92 2611.01
26071-203-M6-332-00001 0.11031876504421234 4232.71 2560.20 4342.95 2553.16 4346.19 2603.89 4235.95 2610.93
26071-203-M6-332-00001 0.09593619406223297 3393.02 2554.40 3502.78 2551.37 3504.28 2605.51 3394.51 2608.54
26071-203-M6-332-00001 0.09477785229682922 5493.04 2552.45 5605.22 2547.80 5607.60 2605.28 5495.42 2609.93
26071-203-M6-332-00001 0.09115788340568542 5913.56 2556.17 6020.86 2560.91 6018.63 2611.35 5911.33 2606.61
26071-203-M6-332-00001 0.0877934917807579 2976.09 2557.83 3085.47 2554.20 3087.18 2605.58 2977.80 2609.22
26071-203-M6-332-00001 0.08683763444423676 6152.82 2912.05 6466.33 2920.78 6445.98 3651.33 6132.48 3642.59
26071-203-M6-332-00001 0.08565414696931839 3812.39 2556.71 3918.81 2557.78 3918.28 2610.38 3811.86 2609.32
26071-203-M6-332-00001 0.07380576431751251 5445.44 4167.03 5895.88 4158.70 5898.10 4278.72 5447.66 4287.04
26071-203-M6-332-00001 0.07331328094005585 4654.78 2555.43 4760.28 2557.13 4759.44 2609.28 4653.94 2607.58
26071-203-M6-332-00001 0.05727924033999443 5657.31 3043.33 5776.79 3035.06 5790.05 3226.53 5670.56 3234.80
26071-203-M6-332-00001 0.056922364979982376 2517.67 3209.22 2790.04 3068.25 3092.86 3653.37 2820.49 3794.33
26071-203-M6-332-00001 0.05603388696908951 3558.02 3043.63 3677.40 3035.89 3689.74 3226.19 3570.36 3233.93
26071-203-M6-332-00001 0.054356545209884644 4210.76 3125.67 4314.28 3045.52 4451.64 3222.94 4348.13 3303.08
26071-200-M6-052-00150 0.24880069494247437 3441.97 1882.28 3788.41 1876.42 3792.14 2096.46 3445.70 2102.33
26071-200-M6-052-00150 0.179067924618721 2963.24 2938.79 3680.28 2947.36 3676.59 3255.88 2959.55 3247.31
26071-200-M6-052-00150 0.10701218247413635 2989.14 2488.62 3358.45 2506.69 3355.56 2565.64 2986.25 2547.58
26071-200-M6-052-00150 0.10644710808992386 3278.76 4131.48 4124.45 4080.65 4139.78 4335.66 3294.09 4386.49
26071-200-M6-052-00150 0.09673074632883072 3169.36 2062.90 3484.43 2049.11 3488.13 2133.69 3173.07 2147.49
26071-200-M6-052-00150 0.09123073518276215 3516.15 4007.48 3875.99 4014.86 3874.45 4089.91 3514.61 4082.53
26071-200-M6-052-00150 0.06991752237081528 3007.60 2611.12 3236.26 2599.89 3239.52 2666.19 3010.86 2677.42
26071-200-M6-052-00150 0.06901626288890839 3163.24 3245.71 3536.21 3244.62 3536.38 3301.19 3163.40 3302.28
26071-200-M6-052-00003 0.145233154296875 4192.73 4666.50 4407.59 4649.20 4440.79 5061.58 4225.94 5078.88
26071-200-M6-052-00003 0.07105586677789688 4521.12 4540.87 4597.80 4470.35 4694.46 4575.46 4617.78 4645.98
26071-200-M6-052-00003 0.06697113811969757 2959.91 3864.66 3256.31 3900.15 3164.08 4670.35 2867.68 4634.85
26071-200-M6-052-00003 0.05416497215628624 5183.84 2500.54 5268.66 2493.42 5280.01 2628.61 5195.19 2635.73
26071-700-M6-054-00013 0.05660528689622879 4121.78 3824.96 4401.03 3903.09 4346.70 4097.26 4067.46 4019.13
26071-700-M6-054-00013 0.05286579579114914 5154.97 3413.49 5247.80 3426.77 5233.64 3525.71 5140.81 3512.43
26071-700-M6-054-00036 0.30962151288986206 4688.60 1356.79 4783.20 1358.22 4775.89 1842.02 4681.29 1840.59
26071-700-M6-054-00036 0.15542975068092346 3986.46 3420.57 4632.68 3408.69 4636.91 3639.18 3990.70 3651.06
26071-700-M6-054-00036 0.0970461368560791 4753.40 1590.70 5081.37 1600.86 5078.96 1678.71 4750.99 1668.55
26071-700-M6-054-00036 0.08123652637004852 4282.55 4923.70 4435.62 4912.81 4446.29 5062.82 4293.23 5073.71
26071-700-M6-054-00036 0.05657808482646942 6854.60 2899.53 7009.12 2899.99 7008.38 3150.94 6853.85 3150.49
26071-700-M6-054-00036 0.0527939535677433 3879.24 3408.21 4420.15 3758.80 4265.88 3996.81 3724.98 3646.21
26071-700-M6-054-00036 0.051476966589689255 3382.19 2446.32 3697.81 2428.44 3700.69 2479.26 3385.07 2497.15
26071-700-M6-054-00036 0.05031798407435417 3394.14 1865.16 3686.98 1829.54 3692.99 1878.99 3400.16 1914.61
26071-203-M6-320-00044 0.09797956049442291 5208.93 3281.59 5298.48 3289.72 5288.09 3404.28 5198.54 3396.16
26071-600-M6-065-00231 0.15357086062431335 6077.43 3280.57 6280.52 3396.57 6210.29 3519.53 6007.20 3403.53
26071-600-M6-065-00231 0.12806111574172974 6231.30 3285.80 7142.29 3281.88 7143.38 3536.30 6232.39 3540.22
26071-600-M6-065-00231 0.07980018109083176 3422.02 5490.48 3594.96 5558.86 3560.94 5644.92 3387.99 5576.55
26071-600-M6-065-00231 0.07873986661434174 7082.23 3325.64 7464.36 3318.62 7467.54 3491.79 7085.41 3498.82
26071-600-M6-065-00231 0.06635921448469162 3098.46 3512.40 3896.68 3495.05 3902.30 3753.63 3104.08 3770.97
26071-600-M6-065-00231 0.06259645521640778 3185.97 5393.72 3915.31 5492.80 3871.50 5815.28 3142.16 5716.20
26071-600-M6-065-00231 0.056864287704229355 3115.68 4129.28 3217.39 4131.72 3207.87 4527.70 3106.17 4525.25
26071-600-M6-065-00231 0.054228369146585464 6260.36 3718.06 6414.91 3721.67 6410.91 3893.17 6256.36 3889.57
26071-600-M6-065-00231 0.05075686052441597 6407.48 296.05 6551.56 306.46 6540.18 463.98 6396.10 453.57
26071-500-M6-059-00071 0.14487013220787048 1349.15 6151.85 1471.01 6110.69 1551.43 6348.81 1429.57 6389.97
26071-500-M6-059-00071 0.1332799643278122 1335.15 2338.40 1458.55 2287.76 1554.38 2521.31 1430.98 2571.94
26071-500-M6-059-00071 0.13282692432403564 1387.61 3662.59 2098.91 3908.68 1937.94 4373.96 1226.64 4127.87
26071-500-M6-059-00071 0.12208669632673264 1949.79 1805.24 2037.87 1814.50 1960.41 2551.45 1872.33 2542.19
26071-500-M6-059-00071 0.09759056568145752 1341.13 1917.87 1423.03 1923.56 1384.83 2474.33 1302.93 2468.65
26071-500-M6-059-00071 0.08369680494070053 1899.64 3794.54 1945.09 3795.63 1943.70 3853.45 1898.25 3852.35
26071-500-M6-059-00071 0.07650982588529587 1738.22 2397.10 1862.02 2330.47 1964.61 2521.09 1840.81 2587.71
26071-500-M6-059-00071 0.07351404428482056 1521.39 2448.97 1852.22 2484.44 1843.06 2569.94 1512.22 2534.47
26071-500-M6-059-00071 0.07346301525831223 1905.62 5600.14 1994.65 5604.94 1958.92 6267.18 1869.90 6262.37
26071-500-M6-059-00071 0.0714239850640297 1467.14 6212.16 1556.55 6164.49 1677.79 6391.93 1588.37 6439.59
26071-500-M6-059-00071 0.0679103210568428 1713.40 6201.77 1842.53 6146.24 1938.40 6369.18 1809.28 6424.71
26071-500-M6-059-00071 0.06595199555158615 779.34 2034.92 1383.07 1991.59 1400.33 2232.14 796.60 2275.47
26071-500-M6-059-00071 0.05551473796367645 1369.05 3528.69 2054.29 3577.57 2034.83 3850.39 1349.58 3801.50
26071-500-M6-059-00071 0.053982753306627274 4006.25 1280.38 4667.78 1266.60 4673.90 1559.99 4012.37 1573.77
26071-203-M6-320-00008 0.07965065538883209 2323.20 4239.84 2613.13 4056.72 2912.36 4530.49 2622.44 4713.61
26071-203-M6-320-00008 0.06784332543611526 4826.10 3997.63 5176.05 3964.09 5232.09 4548.78 4882.14 4582.32
26071-203-M6-320-00008 0.05484916269779205 3386.48 366.44 3935.33 344.79 3939.46 449.58 3390.62 471.24
26071-203-M6-320-00008 0.05413992330431938 4503.31 4074.27 4602.19 4061.30 4614.56 4155.57 4515.67 4168.54
26071-203-M6-320-00008 0.05400596186518669 3378.33 331.73 3917.09 284.47 3921.82 338.42 3383.06 385.68
26071-203-M6-320-00008 0.0521615706384182 4693.20 3364.76 4745.79 3359.61 4763.72 3542.71 4711.13 3547.86
26071-500-M6-059-00116 0.20149849355220795 3971.74 4046.39 4157.51 4175.55 4060.57 4314.97 3874.80 4185.81
26071-500-M6-059-00116 0.19737762212753296 6827.27 5253.63 6896.70 5266.18 6867.89 5425.50 6798.46 5412.94
26071-500-M6-059-00116 0.10397534817457199 4367.11 4090.79 4796.01 4063.09 4809.88 4277.96 4380.99 4305.65
26071-550-M6-084-00026 0.18409815430641174 7339.48 3324.48 7453.98 3330.95 7450.71 3388.79 7336.21 3382.31
26071-550-M6-084-00026 0.1466662883758545 4573.03 3303.99 4737.97 3317.34 4724.70 3481.20 4559.76 3467.84
26071-550-M6-084-00026 0.14144882559776306 5976.91 4146.60 6137.36 4296.14 6057.65 4381.67 5897.20 4232.12
26071-550-M6-084-00026 0.14000748097896576 2199.35 3302.34 2368.30 3303.53 2367.12 3470.40 2198.17 3469.20
26071-550-M6-084-00026 0.13069535791873932 6460.27 5672.12 6581.37 5674.51 6575.07 5994.14 6453.97 5991.75
26071-550-M6-084-00026 0.11717979609966278 4271.33 3249.97 4618.32 3243.35 4620.67 3366.41 4273.68 3373.03
26071-550-M6-084-00026 0.1112581267952919 1920.43 3245.51 2251.72 3252.51 2249.05 3378.76 1917.76 3371.75
26071-550-M6-084-00026 0.07714250683784485 6402.61 3304.37 6714.52 3342.31 6646.16 3904.25 6334.26 3866.31
26071-550-M6-084-00026 0.07596257328987122 7648.58 3351.03 7959.61 3350.54 7959.84 3496.71 7648.81 3497.21
26071-550-M6-084-00026 0.06966792047023773 5865.69 4229.57 5958.04 4221.23 5984.31 4512.47 5891.96 4520.80
26071-550-M6-084-00026 0.06904742866754532 7217.72 3308.02 7358.67 3326.13 7349.58 3396.82 7208.64 3378.71
26071-550-M6-084-00026 0.06788269430398941 7329.18 3457.50 7449.68 3457.28 7449.80 3520.44 7329.30 3520.67
26071-550-M6-084-00026 0.05851084366440773 5415.94 5012.85 6239.85 4971.06 6257.49 5318.91 5433.58 5360.70
26071-550-M6-084-00026 0.057316962629556656 4259.13 3352.88 4598.34 3364.99 4593.98 3486.95 4254.78 3474.84
26071-203-M6-337-00007 0.11162756383419037 4223.76 4916.94 4493.96 5083.64 4406.64 5225.16 4136.45 5058.46
26071-203-M6-337-00007 0.10234018415212631 4225.40 2219.72 4492.44 2385.80 4404.74 2526.80 4137.71 2360.72
26071-203-M6-337-00007 0.0783693939447403 4327.52 1412.96 4420.39 1394.18 4443.44 1508.20 4350.56 1526.98
26071-203-M6-337-00007 0.06808216124773026 5083.83 5756.51 5167.50 5738.70 5194.04 5863.39 5110.37 5881.20
26071-203-M6-337-00007 0.06712084263563156 5189.14 5608.45 5309.26 5603.76 5319.66 5870.51 5199.55 5875.20
26071-203-M6-337-00007 0.06186389923095703 5514.29 2503.94 5568.83 2500.06 5579.37 2648.13 5524.84 2652.02
26071-203-M6-337-00007 0.06166120991110802 5194.82 2910.07 5314.65 2906.78 5321.94 3171.70 5202.11 3175.00
26071-203-M6-337-00007 0.05892574042081833 5079.99 3061.00 5162.25 3039.59 5194.41 3163.19 5112.14 3184.59
26071-203-M6-337-00007 0.05392320454120636 4198.53 4889.66 4482.15 4896.84 4480.06 4979.12 4196.45 4971.95
26071-203-M6-337-00007 0.05059514567255974 4342.98 4109.46 4403.66 4106.22 4408.47 4196.28 4347.79 4199.52
26071-200-M6-052-00090 0.23247702419757843 2426.44 3380.85 3273.76 3370.52 3277.06 3641.43 2429.74 3651.76
26071-200-M6-052-00090 0.17620903253555298 5430.33 3387.61 6324.19 3364.56 6330.89 3624.28 5437.03 3647.33
26071-200-M6-052-00090 0.09751083701848984 5975.01 1581.62 6063.43 1589.06 6055.77 1680.14 5967.34 1672.70
26071-200-M6-052-00090 0.07519272714853287 7298.74 4529.13 7390.49 4532.87 7383.00 4716.78 7291.24 4713.04
26071-200-M6-052-00090 0.07226457446813583 1772.60 2387.05 2115.09 2380.74 2116.86 2476.46 1774.36 2482.76
26071-200-M6-052-00090 0.060243476182222366 3229.20 4178.52 3404.36 4195.08 3393.82 4306.59 3218.66 4290.03
26071-200-M6-052-00090 0.05940752848982811 5739.50 3462.15 5868.68 3529.93 5838.04 3588.33 5708.86 3520.54
26071-200-M6-052-00090 0.05681264027953148 2699.92 3503.74 2786.56 3446.09 2864.85 3563.74 2778.21 3621.39
26071-200-M6-052-00090 0.055548373609781265 6342.88 3450.58 6501.88 3441.30 6514.58 3658.98 6355.58 3668.26
26071-200-M6-052-00090 0.052670300006866455 2650.48 3229.28 3072.55 3343.35 3042.78 3453.52 2620.70 3339.45
26071-203-M6-320-00061 0.1279369443655014 5764.49 4548.84 6231.93 4558.09 6227.38 4788.32 5759.94 4779.08
26071-203-M6-320-00061 0.12667322158813477 6321.94 4594.74 6540.78 4602.53 6536.37 4726.38 6317.53 4718.59
26071-203-M6-320-00061 0.10313774645328522 4702.39 4591.43 4925.43 4601.87 4919.60 4726.40 4696.56 4715.96
26071-203-M6-320-00061 0.09642398357391357 3294.75 1695.05 3502.40 1706.30 3497.01 1805.79 3289.36 1794.54
26071-203-M6-320-00061 0.08882079273462296 3627.40 4593.60 3840.78 4597.58 3838.27 4732.27 3624.88 4728.30
26071-203-M6-320-00061 0.0867835283279419 3343.87 4610.65 3565.76 4605.94 3567.95 4709.14 3346.06 4713.84
26071-203-M6-320-00061 0.08471035212278366 2260.30 4585.30 2486.29 4600.59 2477.29 4733.77 2251.29 4718.49
26071-203-M6-320-00061 0.08409402519464493 5506.39 4609.10 5721.14 4592.51 5729.89 4705.78 5515.15 4722.38
26071-203-M6-320-00061 0.08186007291078568 3580.46 1695.15 3780.28 1708.04 3772.65 1826.36 3572.83 1813.47
26071-203-M6-320-00061 0.07843449711799622 5453.27 1687.52 5651.21 1696.62 5646.01 1809.61 5448.08 1800.50
26071-203-M6-320-00061 0.07645215094089508 2538.68 4602.62 2737.02 4612.63 2729.24 4766.63 2530.90 4756.61
26071-203-M6-320-00061 0.0753854289650917 4909.33 1689.44 5117.49 1701.50 5112.09 1794.59 4903.94 1782.53
26071-203-M6-320-00061 0.0745752826333046 5228.28 4604.34 5465.79 4615.75 5461.02 4715.14 5223.50 4703.73
26071-203-M6-320-00061 0.07253195345401764 6590.93 4597.95 6800.05 4582.68 6809.47 4711.79 6600.35 4727.05
26071-203-M6-320-00061 0.07043086737394333 3886.56 4618.28 4080.70 4606.35 4089.64 4751.83 3895.49 4763.75
26071-203-M6-320-00061 0.070156529545784 6848.65 4591.48 7074.93 4596.78 7071.74 4733.09 6845.45 4727.79
26071-203-M6-320-00061 0.06938952207565308 7108.65 4602.09 7345.79 4599.27 7347.14 4712.39 7110.00 4715.21
26071-203-M6-320-00061 0.0679960772395134 3064.75 4606.48 3301.83 4611.54 3299.68 4712.25 3062.60 4707.19
26071-203-M6-320-00061 0.06448828428983688 4406.81 4607.55 4657.18 4617.67 4653.11 4718.39 4402.74 4708.27
26071-203-M6-320-00061 0.06147225946187973 5741.32 1690.79 5925.24 1701.48 5918.98 1809.20 5735.06 1798.51
26071-203-M6-320-00061 0.06063153222203255 2809.65 4612.14 3022.59 4607.53 3025.81 4756.32 2812.86 4760.92
26071-203-M6-320-00061 0.05948392674326897 4951.95 4587.00 5183.37 4600.79 5175.60 4731.11 4944.19 4717.33
26071-203-M6-320-00061 0.05923490226268768 5179.68 1701.35 5363.92 1696.30 5366.46 1788.80 5182.22 1793.85
26071-203-M6-320-00061 0.05608559027314186 2745.73 1705.02 2965.10 1709.90 2963.09 1800.37 2743.71 1795.49
26071-203-M6-320-00061 0.05238249897956848 4147.30 4615.45 4333.49 4607.33 4339.84 4752.76 4153.64 4760.88
26071-203-M6-320-00061 0.051994938403367996 4612.92 1691.99 4850.37 1703.71 4845.75 1797.45 4608.29 1785.74
26071-600-M6-065-00037 0.2376612424850464 5308.52 3591.52 5595.19 3666.78 5396.37 4424.09 5109.70 4348.83
26071-600-M6-065-00037 0.22267532348632812 1829.01 4536.48 1986.16 4509.40 2036.24 4799.95 1879.09 4827.03
26071-600-M6-065-00037 0.1926261931657791 5146.09 4563.51 5309.64 4540.14 5348.09 4809.29 5184.53 4832.65
26071-600-M6-065-00037 0.1553281545639038 2050.63 3369.14 2395.10 3404.42 2328.32 4056.39 1983.85 4021.11
26071-600-M6-065-00037 0.11267001181840897 1480.98 6220.47 1759.12 6226.64 1755.84 6374.45 1477.70 6368.28
26071-600-M6-065-00037 0.09929819405078888 5970.64 3914.75 6195.92 4100.87 6109.14 4205.91 5883.86 4019.79
26071-600-M6-065-00037 0.09433628618717194 2667.84 3913.59 2895.38 4120.88 2806.42 4218.53 2578.88 4011.23
26071-600-M6-065-00037 0.07772795855998993 1325.70 6056.14 1621.77 6044.45 1627.72 6195.23 1331.66 6206.93
26071-600-M6-065-00037 0.06725998967885971 6915.25 2709.72 7064.95 2616.55 7236.70 2892.49 7087.00 2985.66
26071-600-M6-065-00037 0.06717700511217117 3240.54 3942.95 3575.22 4041.33 3413.71 4590.80 3079.02 4492.43
26071-600-M6-065-00037 0.06447335332632065 1626.80 3558.13 1958.45 3436.93 2163.04 3996.80 1831.40 4118.00
26071-600-M6-065-00037 0.06290370970964432 2810.50 3376.96 3062.69 3181.70 3535.20 3791.97 3283.01 3987.23
26071-600-M6-065-00037 0.062149159610271454 5806.98 1813.88 5949.62 1836.95 5914.90 2051.61 5772.26 2028.54
26071-600-M6-065-00037 0.061345942318439484 1922.28 3883.67 2221.42 3905.16 2168.54 4641.05 1869.40 4619.55
26071-600-M6-065-00037 0.053633417934179306 3472.22 4485.90 3547.68 4471.43 3571.63 4596.30 3496.17 4610.78
26071-300-M6-053-00010 0.15302994847297668 3218.44 4042.91 3527.83 4006.91 3596.04 4593.13 3286.65 4629.13
26071-300-M6-053-00010 0.1482153683900833 2076.90 4322.10 2693.76 4290.73 2704.18 4495.44 2087.32 4526.82
26071-300-M6-053-00010 0.14108294248580933 6237.22 2522.12 6412.67 2690.86 6307.90 2799.79 6132.45 2631.05
26071-300-M6-053-00010 0.05225520208477974 5815.67 294.60 5955.46 308.55 5939.41 469.32 5799.63 455.36
26071-203-M6-320-00042 0.17641907930374146 2621.83 3578.88 2717.56 3582.08 2698.00 4167.41 2602.27 4164.21
26071-203-M6-320-00042 0.13573363423347473 2222.01 3577.85 2319.33 3578.27 2316.68 4194.17 2219.36 4193.75
26071-203-M6-320-00042 0.09388494491577148 4798.29 5394.67 5137.07 5398.39 5136.26 5472.29 4797.48 5468.57
26071-203-M6-320-00042 0.08627751469612122 3089.88 2686.28 3220.59 2638.07 3314.70 2893.23 3183.99 2941.44
26071-203-M6-320-00042 0.06937694549560547 5387.89 2460.23 5439.96 2451.28 5474.88 2654.36 5422.80 2663.31
26071-203-M6-320-00042 0.06688456982374191 6982.79 3434.33 7140.35 3422.42 7155.17 3618.47 6997.61 3630.38
26071-203-M6-320-00042 0.052698999643325806 4813.19 5316.34 5114.62 5329.99 5111.39 5401.21 4809.97 5387.55
26071-200-M6-052-00540 0.194184347987175 1085.41 4841.56 1140.45 4847.12 1096.70 5280.01 1041.67 5274.45
26071-200-M6-052-00540 0.17036861181259155 1530.18 5284.41 1599.60 5287.06 1582.91 5724.96 1513.49 5722.31
26071-200-M6-052-00540 0.1688399463891983 5238.34 5289.42 5300.57 5294.05 5269.98 5705.12 5207.75 5700.48
26071-200-M6-052-00540 0.1623668372631073 6282.63 5283.27 6343.32 5288.55 6307.66 5698.81 6246.97 5693.54
26071-200-M6-052-00540 0.15778054296970367 4084.89 5281.25 4146.22 5286.63 4109.72 5703.38 4048.40 5698.01
26071-200-M6-052-00540 0.15446819365024567 805.86 5320.53 874.01 5324.35 847.43 5798.05 779.28 5794.22
26071-200-M6-052-00540 0.1482306271791458 769.53 5302.19 831.92 5309.71 779.49 5744.83 717.11 5737.31
26071-200-M6-052-00540 0.14726032316684723 1167.77 5274.60 1230.37 5280.24 1191.87 5707.40 1129.28 5701.76
26071-200-M6-052-00540 0.1467803716659546 1734.62 5276.63 1798.19 5282.54 1758.46 5709.77 1694.90 5703.86
26071-200-M6-052-00540 0.14469210803508759 960.57 5311.61 1024.55 5316.66 990.43 5748.95 926.45 5743.90
26071-200-M6-052-00540 0.1434526890516281 6468.84 5270.88 6531.06 5275.71 6497.97 5701.99 6435.75 5697.16
26071-200-M6-052-00540 0.14298352599143982 6848.67 5277.17 6908.36 5282.01 6874.74 5697.23 6815.06 5692.40
26071-200-M6-052-00540 0.14221276342868805 7037.20 5275.06 7099.24 5280.05 7065.22 5703.09 7003.18 5698.10
26071-200-M6-052-00540 0.14096781611442566 5903.46 5275.16 5965.52 5280.24 5930.31 5710.70 5868.25 5705.63
26071-200-M6-052-00540 0.14067897200584412 599.92 5276.17 661.58 5281.62 624.66 5699.42 563.00 5693.97
26071-200-M6-052-00540 0.14061890542507172 2917.27 5271.13 2979.88 5276.99 2939.97 5703.42 2877.36 5697.56
26071-200-M6-052-00540 0.14032211899757385 2716.51 5300.18 2780.44 5299.88 2782.26 5683.42 2718.33 5683.72
26071-200-M6-052-00540 0.13727450370788574 1822.54 4838.56 1873.96 4842.04 1841.05 5327.59 1789.63 5324.10
26071-200-M6-052-00540 0.13590000569820404 4989.25 5323.95 5041.71 5320.69 5069.44 5766.29 5016.99 5769.55
26071-200-M6-052-00540 0.1348334550857544 6616.25 5330.51 6670.92 5327.04 6699.21 5772.65 6644.54 5776.12
26071-200-M6-052-00540 0.13383892178535461 6591.42 4851.31 6657.36 4863.42 6583.79 5264.16 6517.85 5252.05
26071-200-M6-052-00540 0.13277170062065125 4273.63 5269.70 4336.68 5274.95 4300.55 5709.63 4237.49 5704.39
26071-200-M6-052-00540 0.13182656466960907 3602.23 5268.90 3662.30 5274.41 3623.52 5696.55 3563.45 5691.04
26071-200-M6-052-00540 0.13167120516300201 8097.53 5277.50 8158.42 5281.69 8129.78 5697.42 8068.88 5693.23
26071-200-M6-052-00540 0.1308414191007614 7417.46 5270.57 7478.39 5276.26 7439.03 5698.45 7378.09 5692.77
26071-200-M6-052-00540 0.1308038979768753 1883.61 5323.79 1934.61 5321.63 1953.99 5778.06 1902.99 5780.22
26071-200-M6-052-00540 0.12992452085018158 4813.42 5337.07 4873.85 5331.35 4914.80 5764.01 4854.37 5769.73
26071-200-M6-052-00540 0.1295253485441208 7225.07 5276.57 7282.20 5280.22 7255.82 5693.11 7198.69 5689.46
26071-200-M6-052-00540 0.1289491355419159 4468.21 5277.95 4531.70 5284.81 4485.38 5713.58 4421.89 5706.72
26071-200-M6-052-00540 0.12859156727790833 6207.69 4863.98 6271.49 4874.47 6205.74 5274.32 6141.95 5263.84
26071-200-M6-052-00540 0.12857100367546082 1643.93 4855.54 1704.84 4861.01 1668.60 5264.54 1607.68 5259.07
26071-200-M6-052-00540 0.12833750247955322 6091.98 5284.54 6147.98 5288.71 6117.50 5697.81 6061.51 5693.63
26071-200-M6-052-00540 0.12802226841449738 4632.20 5296.97 4697.66 5296.89 4698.14 5688.96 4632.68 5689.04
26071-200-M6-052-00540 0.12798480689525604 5392.97 5297.08 5444.28 5300.92 5408.19 5782.85 5356.88 5779.01
26071-200-M6-052-00540 0.12514525651931763 870.36 4846.76 927.06 4844.26 944.60 5242.13 887.91 5244.63
26071-200-M6-052-00540 0.12434237450361252 7856.09 5272.76 7922.30 5276.34 7898.45 5717.26 7832.24 5713.67
26071-200-M6-052-00540 0.12419430911540985 398.24 5270.07 464.66 5275.42 428.40 5725.77 361.98 5720.42
26071-200-M6-052-00540 0.12297471612691879 3512.65 4851.46 3577.14 4858.45 3533.89 5257.04 3469.40 5250.04
26071-200-M6-052-00540 0.12203989177942276 4770.23 4848.26 4833.08 4858.38 4766.07 5274.50 4703.22 5264.38
26071-200-M6-052-00540 0.12117648869752884 5601.20 5275.61 5667.19 5282.62 5620.78 5719.42 5554.80 5712.41
26071-200-M6-052-00540 0.12004542350769043 4928.96 4839.66 4974.27 4843.30 4933.82 5346.01 4888.51 5342.36
26071-200-M6-052-00540 0.11986036598682404 3895.31 5276.74 3951.17 5280.37 3923.66 5703.50 3867.80 5699.87
26071-200-M6-052-00540 0.11976200342178345 1455.51 4853.45 1516.95 4859.93 1474.10 5266.65 1412.65 5260.18
26071-200-M6-052-00540 0.11961345374584198 1242.17 4834.01 1289.92 4835.66 1273.23 5319.49 1225.48 5317.84
26071-200-M6-052-00540 0.11930405348539352 6399.01 4851.74 6463.63 4862.23 6396.87 5273.17 6332.25 5262.68
26071-200-M6-052-00540 0.1180759146809578 6955.38 4853.86 7007.22 4852.91 7015.62 5310.44 6963.77 5311.40
26071-200-M6-052-00540 0.11804436147212982 6528.50 4825.46 6578.01 4829.15 6537.62 5369.99 6488.12 5366.29
26071-200-M6-052-00540 0.11599554121494293 4364.12 4833.75 4414.93 4836.09 4394.07 5289.00 4343.26 5286.66
26071-200-M6-052-00540 0.11449996381998062 4701.17 4826.89 4749.70 4829.54 4719.62 5379.45 4671.08 5376.79
26071-200-M6-052-00540 0.11408922076225281 7101.95 4828.25 7150.69 4828.48 7148.33 5320.13 7099.59 5319.89
26071-200-M6-052-00540 0.11400268971920013 1340.12 5294.97 1406.01 5296.93 1394.50 5684.35 1328.61 5682.39
26071-200-M6-052-00540 0.11061611771583557 3326.19 4853.64 3388.91 4855.72 3375.14 5269.79 3312.42 5267.70
26071-200-M6-052-00540 0.11056597530841827 5427.10 5317.87 5497.92 5318.09 5496.44 5791.76 5425.61 5791.53
26071-200-M6-052-00540 0.10952659696340561 1021.53 5305.15 1083.38 5311.77 1033.37 5779.33 971.52 5772.72
26071-200-M6-052-00540 0.10932236909866333 3413.42 5276.36 3470.56 5280.89 3437.08 5703.50 3379.94 5698.98
26071-200-M6-052-00540 0.10924489796161652 4991.44 1186.32 5051.99 1188.59 5035.91 1617.22 4975.36 1614.95
26071-200-M6-052-00540 0.10714903473854065 5998.69 4857.54 6058.80 4861.67 6031.26 5263.08 5971.15 5258.96
26071-200-M6-052-00540 0.1068025454878807 6763.27 4830.56 6820.80 4835.44 6785.14 5255.72 6727.61 5250.84
26071-200-M6-052-00540 0.10672618448734283 1975.55 4839.99 2016.07 4837.19 2051.13 5344.66 2010.62 5347.46
26071-200-M6-052-00540 0.10634882003068924 6341.82 4829.87 6391.77 4833.76 6350.01 5370.72 6300.06 5366.83
26071-200-M6-052-00540 0.10531997680664062 1596.69 4828.55 1646.63 4830.92 1621.01 5370.21 1571.07 5367.84
26071-200-M6-052-00540 0.10466296970844269 7496.57 4836.31 7550.52 4839.27 7523.39 5334.00 7469.43 5331.04
26071-200-M6-052-00540 0.1042899638414383 1401.50 4822.88 1451.72 4824.75 1431.41 5370.02 1381.19 5368.15
26071-200-M6-052-00540 0.10390280932188034 4165.30 4849.95 4213.29 4850.66 4206.71 5299.06 4158.72 5298.36
26071-200-M6-052-00540 0.10368989408016205 4578.85 4852.98 4633.07 4853.00 4632.96 5315.34 4578.75 5315.33
26071-200-M6-052-00540 0.10363195836544037 7967.51 4850.50 8019.00 4852.17 8004.81 5288.72 7953.33 5287.05
26071-200-M6-052-00540 0.1022474467754364 1087.09 1195.96 1147.07 1199.91 1119.02 1625.00 1059.05 1621.05
26071-200-M6-052-00540 0.1015886664390564 695.00 4837.21 747.34 4841.37 709.75 5314.07 657.41 5309.91
26071-200-M6-052-00540 0.10112645477056503 5927.86 1194.65 5988.44 1194.85 5986.98 1626.63 5926.40 1626.43
26071-200-M6-052-00540 0.10078133642673492 5163.72 1202.64 5227.90 1203.34 5223.28 1628.53 5159.10 1627.83
26071-200-M6-052-00540 0.10008272528648376 1288.02 4858.03 1339.99 4860.36 1319.29 5323.65 1267.32 5321.33
26071-200-M6-052-00540 0.09996043890714645 2543.93 5297.57 2608.09 5298.89 2600.25 5677.44 2536.10 5676.11
26071-200-M6-052-00540 0.09922899305820465 3210.01 5274.81 3274.93 5277.41 3258.00 5699.82 3193.09 5697.22
26071-200-M6-052-00540 0.09735468775033951 5827.34 4853.93 5883.05 4855.84 5867.58 5309.15 5811.88 5307.25
26071-200-M6-052-00540 0.09565289318561554 7344.89 4855.06 7403.23 4857.73 7382.85 5303.74 7324.50 5301.08
26071-200-M6-052-00540 0.0951278880238533 3753.33 4853.67 3800.80 4852.52 3812.59 5339.92 3765.12 5341.07
26071-200-M6-052-00540 0.09422101825475693 6079.67 1176.80 6132.77 1170.56 6188.21 1642.31 6135.10 1648.55
26071-200-M6-052-00540 0.0932711586356163 524.83 4852.67 581.44 4854.91 564.50 5282.66 507.89 5280.42
26071-200-M6-052-00540 0.09257113188505173 4346.81 1196.32 4407.20 1197.54 4398.52 1626.13 4338.13 1624.91
26071-200-M6-052-00540 0.09232667833566666 3146.21 4850.25 3201.97 4852.64 3182.44 5308.81 3126.68 5306.42
26071-200-M6-052-00540 0.09066940099000931 5357.09 1195.86 5419.73 1196.29 5416.75 1629.92 5354.11 1629.49
26071-200-M6-052-00540 0.09063027054071426 4398.53 4858.38 4446.27 4859.20 4438.09 5337.58 4390.35 5336.77
26071-200-M6-052-00540 0.09022852033376694 7044.66 1165.61 7098.43 1162.26 7128.28 1641.62 7074.51 1644.97
26071-200-M6-052-00540 0.09013917297124863 6296.13 1177.91 6349.18 1175.37 6371.75 1646.27 6318.70 1648.81
26071-200-M6-052-00540 0.08990339934825897 826.10 4838.35 872.85 4836.16 897.32 5359.33 850.57 5361.51
26071-200-M6-052-00540 0.0894780308008194 6495.05 1148.67 6541.67 1147.74 6551.31 1631.74 6504.69 1632.67
26071-200-M6-052-00540 0.08927755057811737 1104.87 4848.15 1149.87 4845.86 1175.69 5353.95 1130.70 5356.24
26071-200-M6-052-00540 0.08809484541416168 3952.45 4818.10 3998.76 4820.82 3967.19 5359.20 3920.88 5356.49
26071-200-M6-052-00540 0.08765638619661331 7295.67 4828.55 7341.18 4829.96 7325.89 5321.66 7280.38 5320.25
26071-200-M6-052-00540 0.08545081317424774 4004.93 4851.74 4051.63 4847.82 4093.46 5346.75 4046.76 5350.66
26071-200-M6-052-00540 0.0849248394370079 6220.82 683.52 6273.89 688.82 6229.49 1132.66 6176.42 1127.35
26071-200-M6-052-00540 0.08475149422883987 5753.74 1187.63 5810.78 1188.34 5805.27 1634.02 5748.23 1633.31
26071-200-M6-052-00540 0.08468537777662277 4477.88 1162.44 4530.14 1157.57 4577.20 1662.55 4524.95 1667.42
26071-200-M6-052-00540 0.08457467705011368 5940.83 4820.02 5994.28 4819.54 5999.23 5369.33 5945.78 5369.81
26071-200-M6-052-00540 0.08343642950057983 5949.23 5302.25 6010.40 5305.68 5983.44 5786.38 5922.27 5782.94
26071-200-M6-052-00540 0.0833544209599495 5074.58 5320.45 5126.97 5321.21 5119.85 5811.17 5067.46 5810.41
26071-200-M6-052-00540 0.08322872221469879 7164.59 4854.16 7213.26 4855.93 7195.88 5335.70 7147.20 5333.93
26071-200-M6-052-00540 0.08297387510538101 3273.44 4802.16 3329.91 4808.97 3262.11 5371.47 3205.64 5364.66
26071-200-M6-052-00540 0.08157907426357269 7425.79 4804.18 7490.21 4804.22 7489.87 5392.73 7425.45 5392.69
26071-200-M6-052-00540 0.08151702582836151 1254.73 1182.42 1312.91 1179.10 1338.47 1627.38 1280.29 1630.70
26071-200-M6-052-00540 0.07975272834300995 1955.13 1214.95 2016.36 1217.44 1999.85 1624.47 1938.62 1621.99
26071-200-M6-052-00540 0.0796172171831131 4538.73 4834.04 4585.76 4836.30 4561.01 5351.06 4513.99 5348.80
26071-200-M6-052-00540 0.07920767366886139 644.11 5301.88 705.29 5303.80 690.03 5791.79 628.85 5789.88
26071-200-M6-052-00540 0.07880385220050812 3848.08 4821.12 3896.67 4825.73 3848.94 5329.23 3800.35 5324.62
26071-200-M6-052-00540 0.07868652790784836 6055.21 4807.73 6109.80 4812.00 6068.92 5334.03 6014.33 5329.75
26071-200-M6-052-00540 0.07807354629039764 5168.77 5322.33 5223.80 5320.63 5239.72 5835.86 5184.69 5837.55
26071-200-M6-052-00540 0.07779519259929657 6889.06 5299.32 6948.15 5302.01 6926.73 5771.58 6867.64 5768.88
26071-200-M6-052-00540 0.07764353603124619 6765.27 743.03 6832.52 737.80 6864.61 1150.72 6797.35 1155.94
26071-200-M6-052-00540 0.07762263715267181 4968.38 4843.51 5016.25 4847.12 4983.25 5284.23 4935.39 5280.62
26071-200-M6-052-00540 0.07757813483476639 3378.66 710.30 3434.50 709.95 3437.38 1165.49 3381.55 1165.85
26071-200-M6-052-00540 0.07714354246854782 2113.91 1186.38 2173.24 1183.66 2194.06 1637.75 2134.74 1640.47
26071-200-M6-052-00540 0.07665450125932693 6014.95 711.69 6074.10 707.92 6101.91 1144.60 6042.76 1148.37
26071-200-M6-052-00540 0.0766441598534584 4217.11 5292.81 4272.97 5294.97 4253.86 5789.23 4198.00 5787.07
26071-200-M6-052-00540 0.07632366567850113 7494.92 1218.17 7553.77 1217.08 7561.46 1629.96 7502.61 1631.05
26071-200-M6-052-00540 0.07620569318532944 6845.90 1163.58 6895.24 1158.06 6949.40 1641.88 6900.07 1647.41
26071-200-M6-052-00540 0.07619746029376984 7703.06 1180.50 7761.12 1182.90 7742.56 1631.39 7684.49 1628.98
26071-200-M6-052-00540 0.07616931200027466 6098.11 4799.77 6161.47 4798.11 6176.37 5364.41 6113.00 5366.08
26071-200-M6-052-00540 0.0761609598994255 7720.41 4850.64 7769.00 4850.08 7774.41 5323.70 7725.82 5324.26
26071-200-M6-052-00540 0.07594246417284012 7580.39 687.01 7633.29 686.59 7637.16 1169.25 7584.25 1169.68
26071-200-M6-052-00540 0.07589466124773026 6401.21 663.84 6448.54 667.63 6410.62 1140.55 6363.29 1136.76
26071-200-M6-052-00540 0.07562167942523956 3854.97 741.63 3918.03 742.74 3910.74 1159.46 3847.68 1158.35
26071-200-M6-052-00540 0.07550307363271713 4154.35 1195.91 4215.57 1196.68 4210.38 1613.95 4149.16 1613.19
26071-200-M6-052-00540 0.07518726587295532 6684.85 1164.33 6734.13 1162.70 6749.65 1631.50 6700.36 1633.13
26071-200-M6-052-00540 0.07500530034303665 4329.38 5295.28 4389.92 5300.65 4346.30 5792.18 4285.77 5786.81
26071-200-M6-052-00540 0.07472533732652664 923.80 4860.72 975.31 4858.84 992.80 5339.39 941.29 5341.27
26071-200-M6-052-00540 0.07419242709875107 1770.97 5302.54 1832.43 5303.91 1821.92 5773.86 1760.46 5772.49
26071-200-M6-052-00540 0.07417057454586029 1819.36 656.52 1874.08 657.43 1865.83 1153.83 1811.12 1152.92
26071-200-M6-052-00540 0.07389555126428604 5712.79 5366.41 5789.28 5361.08 5822.82 5842.14 5746.33 5847.48
26071-200-M6-052-00540 0.07381647825241089 3171.32 1203.77 3227.86 1205.83 3211.92 1644.12 3155.37 1642.06
26071-200-M6-052-00540 0.07328714430332184 3681.35 1185.39 3744.40 1187.90 3727.36 1616.51 3664.31 1614.00
26071-200-M6-052-00540 0.07307339459657669 6984.58 724.80 7043.36 726.68 7029.27 1167.46 6970.50 1165.58
26071-200-M6-052-00540 0.07295585423707962 3421.03 4821.35 3486.66 4821.50 3485.37 5387.35 3419.74 5387.20
26071-200-M6-052-00540 0.0728313997387886 3491.32 1181.07 3547.93 1181.79 3542.29 1626.21 3485.69 1625.49
26071-200-M6-052-00540 0.07199238240718842 592.59 826.08 659.30 829.68 639.89 1189.55 573.18 1185.96
26071-200-M6-052-00540 0.07119859009981155 7417.91 730.53 7476.01 728.46 7491.67 1166.09 7433.56 1168.17
26071-200-M6-052-00540 0.07077495008707047 1106.17 5266.30 1163.10 5269.28 1137.57 5756.72 1080.63 5753.74
26071-200-M6-052-00540 0.07074551284313202 4846.71 724.07 4907.51 719.17 4943.56 1166.55 4882.76 1171.45
26071-200-M6-052-00540 0.07073961943387985 2864.60 700.45 2917.70 702.50 2900.37 1152.76 2847.28 1150.72
26071-200-M6-052-00540 0.07071167975664139 714.46 4855.49 761.06 4852.76 791.89 5378.84 745.29 5381.57
26071-200-M6-052-00540 0.0706571638584137 4221.45 4846.80 4268.53 4846.62 4270.58 5364.03 4223.50 5364.21
26071-200-M6-052-00540 0.07060325145721436 6590.27 686.66 6641.94 689.94 6613.20 1142.43 6561.53 1139.15
26071-200-M6-052-00540 0.07021093368530273 6795.50 4851.31 6845.99 4849.16 6867.39 5353.44 6816.90 5355.58
26071-200-M6-052-00540 0.07003787159919739 740.72 802.06 797.67 800.79 806.56 1198.52 749.60 1199.79
26071-200-M6-052-00540 0.0700133740901947 4267.76 1137.53 4316.76 1131.97 4375.20 1646.96 4326.20 1652.52
26071-200-M6-052-00540 0.06945114582777023 5527.61 5308.35 5574.89 5307.49 5584.55 5836.42 5537.27 5837.28
26071-200-M6-052-00540 0.06939991563558578 1773.21 4836.33 1822.67 4838.29 1801.82 5365.15 1752.36 5363.19
26071-200-M6-052-00540 0.0693054348230362 4044.86 702.76 4101.05 703.49 4095.36 1139.77 4039.17 1139.03
26071-200-M6-052-00540 0.06927313655614853 6151.20 1144.25 6199.65 1143.55 6206.56 1624.65 6158.11 1625.34
26071-200-M6-052-00540 0.06923048943281174 1346.49 736.70 1408.42 734.64 1421.93 1141.80 1360.00 1143.86
26071-200-M6-052-00540 0.06922107189893723 2394.87 730.61 2456.19 728.07 2473.83 1154.62 2412.52 1157.16
26071-200-M6-052-00540 0.06882427632808685 5649.90 725.01 5707.99 726.21 5698.70 1175.92 5640.60 1174.71
26071-200-M6-052-00540 0.06881142407655716 2199.69 700.95 2250.60 702.78 2234.13 1159.32 2183.23 1157.49
26071-200-M6-052-00540 0.06880443543195724 3977.40 1180.50 4027.18 1180.04 4031.40 1636.33 3981.63 1636.79
26071-200-M6-052-00540 0.06873762607574463 1539.35 693.08 1592.73 696.38 1564.87 1146.93 1511.50 1143.63
26071-200-M6-052-00540 0.06861140578985214 5073.89 5839.61 5790.58 5838.07 5791.29 6172.23 5074.61 6173.77
26071-200-M6-052-00540 0.06854576617479324 5658.75 5301.75 5719.91 5298.33 5749.45 5827.15 5688.29 5830.56
26071-200-M6-052-00540 0.06836041808128357 3527.37 699.81 3580.92 694.22 3631.38 1177.86 3577.83 1183.44
26071-200-M6-052-00540 0.06815024465322495 7245.19 5312.07 7291.74 5307.96 7339.89 5854.25 7293.35 5858.36
26071-200-M6-052-00540 0.06805726885795593 7801.93 684.80 7857.49 688.72 7826.46 1128.62 7770.89 1124.70
26071-200-M6-052-00540 0.06798791885375977 3982.15 4841.37 4032.20 4842.04 4026.37 5277.45 3976.32 5276.78
26071-200-M6-052-00540 0.06778395175933838 3545.15 5297.19 3597.47 5299.35 3578.16 5767.35 3525.84 5765.19
26071-200-M6-052-00540 0.06767555326223373 2009.69 709.99 2065.01 709.90 2065.73 1154.95 2010.41 1155.04
26071-200-M6-052-00540 0.06767432391643524 4499.52 5297.68 4557.42 5297.78 4556.52 5793.35 4498.63 5793.25
26071-200-M6-052-00540 0.06765158474445343 3270.03 5276.32 3328.52 5279.84 3297.57 5793.87 3239.08 5790.35
26071-200-M6-052-00540 0.06750654429197311 6511.80 5300.38 6570.76 5301.12 6564.59 5792.34 6505.64 5791.60
26071-200-M6-052-00540 0.06744395941495895 4794.44 1204.61 4855.66 1208.84 4827.14 1621.36 4765.92 1617.12
26071-200-M6-052-00540 0.06737327575683594 1602.42 5276.71 1658.83 5280.29 1626.20 5793.76 1569.80 5790.18
26071-200-M6-052-00540 0.0668174996972084 6658.02 5337.39 6708.58 5332.94 6749.25 5795.18 6698.69 5799.63
26071-200-M6-052-00540 0.0666213110089302 915.10 1184.72 974.87 1189.91 937.46 1620.44 877.69 1615.25
26071-200-M6-052-00540 0.0664687231183052 3449.22 5305.48 3508.12 5307.27 3493.62 5783.34 3434.73 5781.55
26071-200-M6-052-00540 0.06639564782381058 5839.44 718.82 5896.55 722.64 5869.21 1130.55 5812.10 1126.72
26071-200-M6-052-00540 0.06637131422758102 1408.66 5277.38 1468.45 5280.08 1445.27 5794.82 1385.47 5792.13
26071-200-M6-052-00540 0.06605566293001175 7145.56 721.19 7204.85 719.50 7217.86 1174.60 7158.56 1176.29
26071-200-M6-052-00540 0.06595712155103683 1484.46 4869.04 1535.72 4867.21 1552.70 5341.08 1501.44 5342.92
26071-200-M6-052-00540 0.06577135622501373 1866.13 4830.08 1915.09 4833.22 1886.01 5286.09 1837.05 5282.94
26071-200-M6-052-00540 0.06571505963802338 5634.82 660.93 5680.67 665.34 5634.24 1147.70 5588.40 1143.29
26071-200-M6-052-00540 0.06562989205121994 5454.45 708.79 5509.55 707.02 5524.70 1178.60 5469.60 1180.37
26071-200-M6-052-00540 0.06559603661298752 5560.17 1184.96 5615.89 1187.76 5594.26 1618.33 5538.54 1615.53
26071-200-M6-052-00540 0.06514307856559753 1656.86 1167.08 1712.74 1169.56 1693.14 1611.54 1637.26 1609.06
26071-200-M6-052-00540 0.06504998356103897 7084.04 5303.61 7144.61 5306.37 7123.17 5777.63 7062.60 5774.87
26071-200-M6-052-00540 0.0647025853395462 2686.68 734.65 2747.65 733.53 2755.40 1156.90 2694.43 1158.02
26071-200-M6-052-00540 0.06341776251792908 6128.43 5283.37 6185.02 5281.93 6198.83 5822.02 6142.24 5823.46
26071-200-M6-052-00540 0.06267864257097244 4113.60 5338.55 4163.47 5336.04 4187.34 5810.70 4137.47 5813.21
26071-200-M6-052-00540 0.06255772709846497 7755.40 4841.79 7812.15 4840.24 7824.68 5298.44 7767.93 5299.99
26071-200-M6-052-00540 0.062015827745199203 7157.69 5290.16 7213.78 5289.78 7217.12 5780.74 7161.03 5781.12
26071-200-M6-052-00540 0.06198235601186752 3360.67 4833.40 3404.90 4830.68 3438.57 5376.58 3394.34 5379.31
26071-200-M6-052-00540 0.061876121908426285 6723.36 4797.44 6778.62 4803.66 6716.09 5359.23 6660.83 5353.01
26071-200-M6-052-00540 0.06183701008558273 3642.45 5300.39 3694.23 5303.38 3665.98 5792.44 3614.19 5789.45
26071-200-M6-052-00540 0.06161477416753769 5444.63 651.38 5489.18 656.19 5435.24 1156.11 5390.69 1151.31
26071-200-M6-052-00540 0.06156286969780922 7530.58 4863.47 7586.95 4864.18 7581.07 5335.21 7524.70 5334.51
26071-200-M6-052-00540 0.061392541974782944 4383.82 5325.13 4436.36 5323.02 4456.08 5812.86 4403.55 5814.98
26071-200-M6-052-00540 0.06123242527246475 3649.73 4863.85 3727.57 4866.32 3711.11 5384.75 3633.26 5382.28
26071-200-M6-052-00540 0.061175815761089325 4401.27 694.41 4452.71 694.70 4450.05 1160.39 4398.61 1160.10
26071-200-M6-052-00540 0.061085302382707596 2317.96 1183.74 2370.00 1184.47 2363.97 1613.25 2311.94 1612.51
26071-200-M6-052-00540 0.06092386692762375 1446.19 1198.90 1505.53 1195.17 1532.65 1626.42 1473.31 1630.15
26071-200-M6-052-00540 0.06076885014772415 2631.68 5272.37 2688.82 5277.27 2645.21 5786.32 2588.07 5781.42
26071-200-M6-052-00540 0.06073252856731415 3055.77 741.27 3119.04 738.09 3140.01 1156.10 3076.74 1159.28
26071-200-M6-052-00540 0.06038534268736839 3014.34 1197.20 3063.91 1202.42 3018.14 1636.91 2968.57 1631.69
26071-200-M6-052-00540 0.060144923627376556 4956.43 1094.43 5005.54 1099.24 4953.57 1630.21 4904.46 1625.41
26071-200-M6-052-00540 0.060116346925497055 7875.33 1173.63 7931.61 1170.69 7955.88 1636.56 7899.60 1639.49
26071-200-M6-052-00540 0.05931243672966957 4611.84 713.21 4669.74 710.94 4687.48 1163.93 4629.58 1166.20
26071-200-M6-052-00540 0.05914958938956261 5277.60 712.02 5332.55 713.02 5324.54 1152.17 5269.59 1151.17
26071-200-M6-052-00540 0.05898269638419151 5027.84 711.45 5087.13 707.40 5119.15 1176.29 5059.86 1180.34
26071-200-M6-052-00540 0.05847637355327606 2797.40 1209.53 2854.73 1210.23 2849.66 1626.96 2792.33 1626.26
26071-200-M6-052-00540 0.0579647533595562 5139.01 1080.70 5190.69 1085.62 5139.29 1625.28 5087.61 1620.35
26071-200-M6-052-00540 0.05788823962211609 5983.30 675.29 6029.79 675.92 6023.22 1161.86 5976.73 1161.23
26071-200-M6-052-00540 0.05751065909862518 1237.35 1083.29 1287.33 1086.90 1249.30 1613.44 1199.32 1609.83
26071-200-M6-052-00540 0.057425204664468765 713.88 1181.95 763.64 1180.64 775.94 1646.21 726.17 1647.52
26071-200-M6-052-00540 0.05717568099498749 3945.98 1140.64 3992.99 1141.63 3982.58 1637.73 3935.57 1636.74
26071-200-M6-052-00540 0.05707409977912903 1154.71 709.27 1214.54 710.92 1202.01 1167.26 1142.19 1165.61
26071-200-M6-052-00540 0.05694473907351494 4225.02 687.81 4275.18 689.44 4260.18 1151.39 4210.02 1149.76
26071-200-M6-052-00540 0.05692959576845169 1725.40 5203.27 1793.13 5220.60 1657.94 5748.85 1590.21 5731.52
26071-200-M6-052-00540 0.0569005087018013 2760.85 5295.66 2815.97 5293.27 2838.53 5814.48 2783.41 5816.87
26071-200-M6-052-00540 0.05684903264045715 648.12 4837.63 696.33 4839.87 671.09 5382.09 622.89 5379.84
26071-200-M6-052-00540 0.05666651576757431 1047.68 1078.14 1097.89 1082.71 1049.33 1616.21 999.12 1611.64
26071-200-M6-052-00540 0.056642841547727585 6884.33 4861.32 6952.40 4856.65 6985.19 5334.53 6917.13 5339.20
26071-200-M6-052-00540 0.056591928005218506 977.19 728.77 1036.24 728.91 1035.21 1170.73 976.16 1170.59
26071-200-M6-052-00540 0.05618443712592125 6334.41 5270.17 6385.49 5272.61 6360.21 5801.74 6309.13 5799.30
26071-200-M6-052-00540 0.0561053566634655 561.32 4834.12 617.97 4832.54 632.61 5356.18 575.96 5357.76
26071-200-M6-052-00540 0.05573205649852753 6730.53 1183.51 6783.23 1182.62 6790.94 1638.93 6738.25 1639.82
26071-200-M6-052-00540 0.055528465658426285 1859.56 370.77 2606.39 407.54 2589.55 749.73 1842.72 712.96
26071-200-M6-052-00540 0.05528275668621063 1847.66 5277.50 1906.29 5282.17 1865.83 5790.36 1807.20 5785.69
26071-200-M6-052-00540 0.05435251072049141 7374.35 660.71 7422.93 661.62 7413.05 1190.77 7364.47 1189.87
26071-200-M6-052-00540 0.05432688444852829 1941.73 4807.73 1994.22 4810.44 1968.41 5310.61 1915.93 5307.90
26071-200-M6-052-00540 0.05417970195412636 6081.29 5189.92 6148.32 5207.50 6016.10 5711.70 5949.07 5694.12
26071-200-M6-052-00540 0.05416925996541977 7004.70 4865.61 7061.72 4865.30 7064.41 5361.55 7007.39 5361.86
26071-200-M6-052-00540 0.05414406210184097 4709.79 5263.78 4761.00 5266.06 4737.86 5786.93 4686.66 5784.65
26071-200-M6-052-00540 0.05379178002476692 8040.78 5310.76 8089.45 5312.17 8075.96 5776.10 8027.29 5774.69
26071-200-M6-052-00540 0.05376488342881203 2971.50 5282.24 3021.42 5284.41 2997.31 5839.37 2947.40 5837.20
26071-200-M6-052-00540 0.05372228845953941 1699.05 4838.85 1748.08 4842.36 1712.92 5333.60 1663.89 5330.09
26071-200-M6-052-00540 0.053498491644859314 1899.78 1127.26 1942.17 1125.49 1964.30 1655.22 1921.91 1656.99
26071-200-M6-052-00540 0.053312815725803375 7970.55 5289.49 8041.93 5298.90 7979.65 5771.53 7908.27 5762.12
26071-200-M6-052-00540 0.05229659005999565 7216.63 637.44 7267.64 639.80 7243.20 1166.43 7192.19 1164.06
26071-200-M6-052-00540 0.05207646265625954 3666.09 5249.73 3728.82 5245.32 3768.37 5808.30 3705.64 5812.70
26071-200-M6-052-00540 0.05193447321653366 3540.31 4791.17 3596.03 4789.30 3615.45 5366.09 3559.73 5367.97
26071-200-M6-052-00540 0.05155429616570473 7856.29 4839.80 7921.66 4842.79 7897.05 5380.32 7831.68 5377.32
26071-200-M6-052-00540 0.05102934688329697 8004.53 4846.23 8054.80 4846.22 8054.94 5304.69 8004.67 5304.71
26071-200-M6-052-00540 0.05095776170492172 2554.69 378.33 3363.19 386.46 3359.92 712.30 2551.42 704.18
26071-200-M6-052-00540 0.05024615675210953 5922.14 1089.35 5973.60 1095.80 5907.94 1619.22 5856.47 1612.77
26071-200-M6-052-00540 0.050157345831394196 3348.89 687.84 3399.01 690.68 3370.96 1185.68 3320.84 1182.84
26071-203-M6-160-00291 0.21613086760044098 6202.36 3254.42 6487.60 3271.14 6479.05 3417.02 6193.82 3400.30
26071-203-M6-160-00291 0.1721932590007782 2859.26 2049.44 3540.33 2103.81 3516.34 2404.27 2835.27 2349.89
26071-203-M6-160-00291 0.12290110439062119 2073.59 3612.55 2895.17 3550.22 2909.14 3734.35 2087.56 3796.68
26071-203-M6-160-00291 0.11002590507268906 5197.43 5375.02 5429.98 5375.33 5429.83 5483.25 5197.28 5482.94
26071-203-M6-160-00291 0.10423658043146133 2888.34 3628.20 3829.89 3647.83 3824.51 3905.98 2882.95 3886.35
26071-203-M6-160-00291 0.09812179952859879 2724.19 5362.91 2967.19 5375.30 2961.19 5492.89 2718.19 5480.50
26071-203-M6-160-00291 0.08235675096511841 5006.14 5132.07 5090.84 5111.78 5153.59 5373.80 5068.89 5394.08
26071-203-M6-160-00291 0.08000917732715607 6366.94 2805.63 6479.28 2803.42 6486.40 3165.33 6374.07 3167.55
26071-203-M6-160-00291 0.07856115698814392 6219.62 3381.21 6591.46 3486.31 6571.69 3556.26 6199.85 3451.16
26071-203-M6-160-00291 0.07200267165899277 1189.01 3009.98 1523.21 2999.37 1526.52 3103.53 1192.32 3114.14
26071-203-M6-160-00291 0.07157529145479202 7400.49 3875.90 7766.91 3876.81 7766.61 3996.44 7400.20 3995.53
26071-203-M6-160-00291 0.06742557883262634 2494.25 5148.62 2577.36 5114.13 2679.54 5360.32 2596.43 5394.81
26071-203-M6-160-00291 0.06254896521568298 3408.28 1960.32 3546.87 1943.60 3594.80 2340.81 3456.22 2357.53
26071-203-M6-160-00291 0.05987308546900749 7457.59 3563.56 7580.16 3535.69 7650.03 3842.98 7527.46 3870.85
26071-203-M6-160-00291 0.059025250375270844 3062.27 5005.88 3143.71 4986.78 3201.09 5231.56 3119.64 5250.65
26071-203-M6-160-00291 0.05786144733428955 5524.53 5003.06 5615.19 4971.17 5697.34 5204.70 5606.68 5236.60
26071-203-M6-160-00291 0.056301601231098175 4876.70 5509.13 5210.02 5520.27 5205.94 5642.50 4872.62 5631.36
26071-203-M6-160-00291 0.05495955049991608 4726.52 5592.13 5504.27 5522.55 5532.43 5837.34 4754.69 5906.91
26071-203-M6-160-00291 0.05037722736597061 2414.15 5510.77 2738.05 5493.10 2745.94 5637.62 2422.03 5655.29
26071-600-M6-066-00002 0.0603710375726223 4782.75 2483.07 5111.68 2518.50 5101.71 2611.08 4772.78 2575.65
26071-600-M6-066-00002 0.05153515562415123 2063.89 3666.95 2243.87 3676.33 2240.85 3734.28 2060.87 3724.90
26071-300-M6-053-00008 0.21638983488082886 5229.07 1959.84 5934.68 2041.56 5896.15 2374.29 5190.53 2292.57
26071-300-M6-053-00008 0.06077496334910393 5262.06 4711.63 5871.08 4804.54 5831.35 5064.95 5222.33 4972.04
26071-200-M6-063-00010 0.183195561170578 6788.68 1780.55 7088.25 1785.64 7086.25 1902.99 6786.68 1897.90
26071-200-M6-063-00010 0.12240122258663177 2665.93 3692.82 2954.55 3690.73 2955.40 3807.81 2666.77 3809.90
26071-200-M6-063-00010 0.07561224699020386 4907.18 1896.14 4999.48 1889.78 5005.59 1978.35 4913.29 1984.72
26071-200-M6-063-00010 0.07160496711730957 3888.51 3386.13 4691.21 3421.99 4678.68 3702.43 3875.98 3666.57
26071-200-M6-063-00010 0.06444592028856277 2534.67 3950.37 3087.30 3928.34 3095.03 4122.44 2542.40 4144.47
26071-200-M6-063-00010 0.05764163285493851 2374.04 3969.06 2573.93 3954.12 2589.40 4161.23 2389.51 4176.17
26071-203-M6-060-00006 0.4946267306804657 3003.52 4216.23 3176.54 4219.66 3172.89 4403.51 2999.87 4400.07
26071-203-M6-060-00006 0.4008748531341553 3541.78 4278.96 3701.83 4183.86 3795.88 4342.13 3635.83 4437.23
26071-203-M6-060-00006 0.2830899953842163 5890.22 4114.48 6144.76 4108.17 6147.99 4238.72 5893.46 4245.03
26071-203-M6-060-00006 0.21798649430274963 6356.28 4047.67 7294.80 3967.77 7318.58 4246.99 6380.05 4326.90
26071-203-M6-060-00006 0.16268129646778107 2905.50 3811.37 2971.32 3810.27 2973.80 3958.72 2907.98 3959.83
26071-203-M6-060-00006 0.16123108565807343 2671.20 4238.70 2805.16 4239.60 2804.11 4396.69 2670.14 4395.79
26071-203-M6-060-00006 0.12156307697296143 6620.71 4021.00 6973.15 4017.36 6973.89 4089.05 6621.45 4092.69
26071-203-M6-060-00006 0.11014925688505173 3735.10 4285.70 3830.00 4195.74 4053.85 4431.87 3958.95 4521.83
26071-203-M6-060-00006 0.09064577519893646 3274.13 4248.05 3459.23 4173.20 3546.76 4389.68 3361.66 4464.52
26071-203-M6-060-00006 0.08176533132791519 3457.48 3801.98 3550.72 3807.81 3541.44 3955.94 3448.20 3950.11
26071-203-M6-060-00006 0.06649918109178543 2574.05 4186.18 2723.24 4332.99 2657.99 4399.29 2508.80 4252.49
26071-203-M6-060-00006 0.06558055430650711 7187.28 4098.23 7332.86 4112.49 7317.41 4270.22 7171.83 4255.96
26071-203-M6-060-00006 0.051580775529146194 2992.94 2365.08 3171.34 2410.32 3150.12 2494.00 2971.72 2448.77
26071-203-M6-060-00006 0.051041193306446075 2615.01 4338.31 3170.97 4498.97 3129.70 4641.77 2573.74 4481.11
26071-203-M6-060-00006 0.05014459416270256 2764.78 3810.04 2814.73 3771.52 2908.93 3893.68 2858.98 3932.20
26071-203-M6-325-00013 0.07397926598787308 3881.14 4789.71 3969.44 4794.48 3962.69 4919.49 3874.39 4914.73
26071-300-M6-053-00012 0.2188882827758789 4599.26 3379.24 4686.75 3365.30 4709.57 3508.53 4622.08 3522.47
26071-300-M6-053-00012 0.12844020128250122 4182.64 3471.26 4437.03 3456.00 4464.50 3914.11 4210.12 3929.36
26071-300-M6-053-00012 0.12260369956493378 5135.79 2266.67 5696.21 2261.87 5697.95 2464.32 5137.53 2469.13
26071-300-M6-053-00012 0.10071053355932236 5502.69 1599.60 5597.83 1596.23 5601.06 1687.36 5505.92 1690.73
26071-300-M6-053-00012 0.07991933077573776 6678.23 897.87 6868.29 941.32 6818.44 1159.39 6628.39 1115.94
26071-300-M6-053-00012 0.07987793534994125 4851.51 4300.27 4999.42 4304.59 4994.01 4489.51 4846.10 4485.19
26071-300-M6-053-00012 0.07478788495063782 5653.15 2265.94 5833.03 2238.40 5870.37 2482.32 5690.49 2509.86
26071-300-M6-053-00012 0.06147007644176483 3382.94 2755.45 3480.92 2756.27 3476.23 3315.53 3378.25 3314.71
26071-300-M6-053-00012 0.05192650482058525 4700.77 3208.48 4959.75 3409.80 4824.53 3583.75 4565.55 3382.43
26071-675-M6-068-00034 0.3181305527687073 3424.47 4856.70 3876.65 4820.37 3892.29 5015.10 3440.12 5051.42
26071-675-M6-068-00034 0.27454882860183716 2667.51 4850.21 3120.97 4824.76 3132.77 5035.18 2679.32 5060.62
26071-675-M6-068-00034 0.18143457174301147 6731.37 2947.57 6964.02 2972.54 6950.46 3098.96 6717.80 3073.99
26071-675-M6-068-00034 0.16493083536624908 4928.59 3140.83 5163.21 3160.86 5153.27 3277.26 4918.65 3257.22
26071-675-M6-068-00034 0.06916412711143494 3859.95 1439.37 4037.02 1455.30 4017.53 1672.05 3840.46 1656.12
26071-675-M6-068-00034 0.05311490595340729 3009.40 4242.19 3704.07 4185.50 3726.64 4462.13 3031.98 4518.82
26071-450-M6-082-00031 0.12414003908634186 3045.86 3227.92 3577.10 3201.71 3588.07 3424.12 3056.83 3450.33
26071-450-M6-082-00031 0.12194082885980606 5034.63 6087.07 5125.14 6083.32 5128.97 6175.46 5038.45 6179.21
26071-450-M6-082-00031 0.06818897277116776 3630.44 3240.80 3794.96 3255.62 3776.30 3462.84 3611.78 3448.02
26071-450-M6-082-00031 0.05359748750925064 2704.67 1777.54 2878.06 1785.70 2872.91 1895.21 2699.52 1887.05
26071-200-M6-062-00276 0.3887782394886017 6036.23 4120.11 6128.76 4124.64 6112.80 4451.00 6020.27 4446.48
26071-200-M6-062-00276 0.28081214427948 6463.15 4116.66 6561.83 4120.93 6547.44 4453.66 6448.76 4449.39
26071-200-M6-062-00276 0.2186356484889984 4044.96 4180.47 4206.39 4147.54 4273.52 4476.65 4112.09 4509.58
26071-200-M6-062-00276 0.10734322667121887 6520.33 4101.74 6634.11 4090.78 6669.32 4456.22 6555.54 4467.18
26071-200-M6-062-00276 0.10676378011703491 3936.78 4555.91 4264.84 4603.85 4185.62 5145.96 3857.56 5098.02
26071-200-M6-062-00276 0.1053832396864891 5878.98 4155.83 5965.39 4150.65 5986.54 4503.31 5900.13 4508.49
26071-200-M6-062-00276 0.08601252734661102 1211.86 3932.17 1353.43 3889.85 1432.22 4153.42 1290.65 4195.74
26071-200-M6-062-00276 0.08451247215270996 3815.41 3702.42 3990.05 3708.86 3981.91 3929.49 3807.27 3923.05
26071-200-M6-062-00276 0.06728725880384445 6282.07 4149.94 6401.36 4108.78 6506.66 4413.93 6387.37 4455.09
26071-200-M6-062-00276 0.0672382265329361 4894.19 3937.53 5198.36 3968.60 5140.61 4534.00 4836.44 4502.94
26071-200-M6-062-00276 0.06524012237787247 4144.69 4783.03 4455.33 4914.57 4402.45 5039.46 4091.80 4907.91
26071-200-M6-062-00276 0.06392811238765717 5509.53 4092.92 5689.54 4098.92 5675.56 4517.90 5495.55 4511.90
26071-200-M6-062-00276 0.056998319923877716 3038.02 5327.31 3850.63 5346.64 3845.21 5574.52 3032.60 5555.19
26071-200-M6-062-00276 0.055572498589754105 6672.25 4124.59 6758.40 4121.63 6769.95 4458.42 6683.81 4461.38
26071-200-M6-062-00276 0.05478683486580849 3157.76 3909.27 3250.20 3910.91 3236.86 4661.01 3144.42 4659.37
26071-200-M6-062-00276 0.05136493965983391 2285.60 3856.34 2593.34 3932.70 2397.89 4720.30 2090.15 4643.93
26071-200-M6-062-00276 0.05016336590051651 3381.35 3908.04 3469.63 3909.53 3457.85 4608.74 3369.58 4607.26
26071-500-M6-059-00011 0.12296012043952942 3515.72 3489.50 4304.60 3423.31 4332.40 3754.61 3543.52 3820.80
26071-500-M6-059-00011 0.11517966538667679 3545.64 5229.12 3847.27 5026.58 4209.31 5565.74 3907.68 5768.28
26071-500-M6-059-00011 0.10230956971645355 3464.90 3853.33 4228.21 3861.59 4225.05 4153.77 3461.74 4145.51
26071-500-M6-059-00011 0.06116838753223419 4310.84 4752.43 4731.59 4796.17 4714.48 4960.74 4293.73 4917.00
26071-500-M6-059-00011 0.05338043347001076 6893.45 2958.34 7058.75 3013.59 7028.65 3103.62 6863.36 3048.37
26071-500-M6-059-00011 0.05018964037299156 3733.79 4087.57 3915.75 4017.50 4042.66 4347.05 3860.70 4417.12
26071-600-M6-065-00021 0.1925545036792755 2098.44 1399.75 2733.77 1383.91 2740.70 1661.70 2105.37 1677.54
26071-600-M6-065-00021 0.08897058665752411 6501.39 4379.67 6929.23 4382.26 6927.90 4601.84 6500.06 4599.25
26071-600-M6-065-00021 0.08225025236606598 4002.35 2543.75 4132.86 2478.74 4270.93 2755.92 4140.41 2820.93
26071-600-M6-065-00021 0.07666580379009247 5013.99 4793.27 5563.91 4805.58 5560.30 4966.88 5010.38 4954.57
26071-600-M6-065-00021 0.07639426738023758 2234.08 1464.02 2343.42 1473.25 2334.15 1583.12 2224.81 1573.90
26071-600-M6-065-00021 0.07352399826049805 6294.00 6179.35 7004.54 6135.84 7022.15 6423.48 6311.61 6466.99
26071-600-M6-065-00021 0.06540161371231079 1736.27 1815.65 2225.47 1790.23 2236.65 2005.37 1747.45 2030.79
26071-600-M6-065-00021 0.06366153806447983 4225.47 2887.24 4354.50 2915.10 4337.45 2994.06 4208.42 2966.20
26071-500-M6-059-00013 0.8361425995826721 5305.32 1750.97 5542.07 1765.77 5535.88 1864.75 5299.13 1849.95
26071-500-M6-059-00013 0.27895769476890564 2888.64 4888.92 3314.69 4881.61 3318.82 5122.12 2892.77 5129.43
26071-500-M6-059-00013 0.16572479903697968 7371.65 2269.56 7463.75 2264.33 7497.61 2859.86 7405.51 2865.09
26071-500-M6-059-00013 0.15734237432479858 5351.14 1715.70 5581.53 1705.62 5584.13 1765.06 5353.74 1775.13
26071-500-M6-059-00044 0.5451280474662781 2841.33 1953.83 2928.72 2024.31 2863.31 2105.43 2775.91 2034.95
26071-500-M6-059-00044 0.2953428030014038 1626.79 1982.42 1728.70 1978.12 1732.52 2068.57 1630.62 2072.88
26071-500-M6-059-00044 0.19186002016067505 1072.86 3608.40 1165.78 3595.92 1178.93 3693.82 1086.00 3706.30
26071-500-M6-059-00044 0.11619409918785095 4886.42 2011.91 5248.50 1841.90 5547.66 2479.01 5185.59 2649.03
26071-500-M6-059-00044 0.10479333996772766 3535.61 4714.93 3722.28 4719.19 3716.70 4963.99 3530.03 4959.73
26071-500-M6-059-00044 0.09884663671255112 4303.70 2935.28 4653.53 3051.83 4562.79 3324.18 4212.96 3207.63
26071-500-M6-059-00044 0.09148286283016205 1061.07 2395.61 1376.67 2394.41 1377.09 2505.34 1061.49 2506.54
26071-500-M6-059-00044 0.07793010026216507 7131.00 4709.90 7327.43 4734.55 7296.64 4980.05 7100.21 4955.41
26071-500-M6-059-00044 0.07550108432769775 5141.66 3140.41 5318.35 3151.06 5312.36 3250.41 5135.68 3239.77
26071-500-M6-059-00044 0.06436499208211899 6566.96 738.05 6651.30 706.05 6693.56 817.42 6609.21 849.42
26071-500-M6-059-00044 0.06326450407505035 5664.07 4673.74 5777.12 4690.86 5735.49 4965.72 5622.45 4948.60
26071-500-M6-059-00044 0.055353209376335144 2053.42 4680.23 2227.98 4712.26 2180.18 4972.77 2005.62 4940.74
26071-500-M6-059-00044 0.055056098848581314 4904.11 1643.93 5560.66 1873.08 5472.92 2124.47 4816.36 1895.32
26071-500-M6-059-00044 0.053099144250154495 2744.27 2107.09 2943.77 2110.43 2942.25 2201.55 2742.74 2198.21
26071-500-M6-059-00044 0.050557393580675125 3901.44 2242.99 4587.57 2215.44 4599.51 2512.64 3913.37 2540.19
26071-200-M6-052-00093 0.2668987810611725 3960.00 1440.56 4572.70 1383.95 4592.58 1599.08 3979.88 1655.69
26071-200-M6-052-00093 0.21165373921394348 3956.99 2261.34 4598.03 2197.85 4618.66 2406.14 3977.62 2469.63
26071-200-M6-052-00093 0.19743819534778595 3973.87 4480.47 4619.00 4408.97 4641.96 4616.13 3996.83 4687.63
26071-200-M6-052-00093 0.19056671857833862 3941.18 3742.10 4530.25 3694.83 4548.24 3919.06 3959.17 3966.33
26071-200-M6-052-00093 0.08247918635606766 5159.19 6219.27 5260.01 6209.03 5268.73 6294.76 5167.90 6305.00
26071-200-M6-052-00093 0.07048346102237701 4473.91 4711.47 4616.48 4733.08 4575.32 5004.56 4432.75 4982.94
26071-200-M6-052-00093 0.06033330783247948 4603.30 4498.36 4770.49 4510.89 4756.24 4700.93 4589.06 4688.40
26071-200-M6-052-00093 0.055200353264808655 3716.47 1626.56 3957.04 1424.02 4293.06 1823.13 4052.48 2025.67
26071-200-M6-052-00093 0.05473756045103073 4615.91 3843.94 4768.63 3848.95 4762.46 4037.04 4609.74 4032.03
26071-200-M6-052-00093 0.05137405917048454 3876.23 3830.15 4018.36 3855.73 3987.77 4025.65 3845.64 4000.07
26071-200-M6-052-00002 0.11684443801641464 2983.88 3106.55 3603.70 3071.37 3616.04 3288.67 2996.21 3323.85
26071-200-M6-052-00002 0.07019118964672089 2851.08 3130.52 2983.71 3090.60 3023.98 3224.38 2891.35 3264.30
26071-200-M6-052-00002 0.06974705308675766 6167.00 1887.87 6455.33 1897.09 6452.41 1988.38 6164.08 1979.16
26071-200-M6-052-00002 0.061857227236032486 3560.06 3132.54 3727.31 3105.31 3759.77 3304.72 3592.52 3331.95
26071-200-M6-052-00002 0.051477108150720596 6156.84 1948.32 6417.58 2098.29 6373.02 2175.77 6112.28 2025.80
26071-675-M6-068-10002 0.19482740759849548 2001.58 4462.35 2881.26 4361.04 2902.73 4547.46 2023.05 4648.76
26071-675-M6-068-10002 0.17114834487438202 3756.88 1594.47 4244.66 1581.56 4248.87 1740.90 3761.10 1753.80
26071-675-M6-068-10002 0.14951808750629425 6827.70 5999.67 7344.65 6028.25 7329.96 6294.08 6813.01 6265.50
26071-675-M6-068-10002 0.14767809212207794 4574.51 1588.05 5093.34 1571.46 5098.81 1742.83 4579.99 1759.41
26071-675-M6-068-10002 0.14669612050056458 5626.98 1914.63 5687.94 1861.19 5773.07 1958.31 5712.10 2011.75
26071-675-M6-068-10002 0.13752715289592743 6725.33 2001.99 6830.46 2073.03 6781.58 2145.37 6676.44 2074.33
26071-675-M6-068-10002 0.13687318563461304 4044.16 1877.71 4167.10 1920.86 4140.31 1997.20 4017.36 1954.04
26071-675-M6-068-10002 0.13248784840106964 3705.20 5405.32 4069.15 5400.82 4071.17 5564.32 3707.22 5568.82
26071-675-M6-068-10002 0.12189066410064697 4846.04 1888.94 4982.63 1919.48 4965.69 1995.22 4829.11 1964.68
26071-675-M6-068-10002 0.12043129652738571 3395.88 4653.75 4156.61 4542.16 4194.04 4797.34 3433.32 4908.93
26071-675-M6-068-10002 0.1147366538643837 2022.17 4781.27 2863.89 4766.28 2869.63 5088.50 2027.91 5103.50
26071-675-M6-068-10002 0.11017872393131256 7746.67 2024.72 7826.07 2003.47 7858.67 2125.21 7779.27 2146.47
26071-675-M6-068-10002 0.10896587371826172 5434.34 2086.72 5771.24 2072.57 5775.60 2176.48 5438.70 2190.63
26071-675-M6-068-10002 0.10469228774309158 3382.08 4435.99 4136.53 4376.27 4153.25 4587.48 3398.80 4647.20
26071-675-M6-068-10002 0.08708393573760986 5369.45 1607.19 5812.80 1591.07 5818.38 1744.49 5375.03 1760.61
26071-675-M6-068-10002 0.08522370457649231 6454.34 5908.39 6965.17 5875.50 6981.79 6133.78 6470.97 6166.66
26071-675-M6-068-10002 0.08424142748117447 7533.75 2194.47 7888.52 2213.92 7882.62 2321.53 7527.85 2302.07
26071-675-M6-068-10002 0.08417152613401413 3643.75 3508.48 4304.11 3517.01 4299.86 3845.94 3639.50 3837.41
26071-675-M6-068-10002 0.08274691551923752 6485.58 2028.41 6654.80 1955.37 6738.94 2150.30 6569.73 2223.34
26071-675-M6-068-10002 0.08185231685638428 2141.07 2863.33 3130.24 2745.71 3156.80 2969.08 2167.63 3086.69
26071-675-M6-068-10002 0.0790029764175415 4637.89 2093.96 4952.73 2072.89 4960.20 2184.66 4645.37 2205.72
26071-675-M6-068-10002 0.07844432443380356 2320.12 3525.02 3036.48 3492.86 3052.21 3843.16 2335.84 3875.32
26071-675-M6-068-10002 0.07717523723840714 3479.56 2798.47 4173.95 2780.68 4181.69 3082.64 3487.29 3100.43
26071-675-M6-068-10002 0.07584356516599655 2096.28 2158.44 2955.86 2051.71 2987.80 2308.89 2128.21 2415.62
26071-675-M6-068-10002 0.07280907779932022 4618.71 1829.13 4728.54 1825.96 4736.50 2100.99 4626.67 2104.17
26071-675-M6-068-10002 0.07189430296421051 3712.33 3744.13 3800.32 3744.14 3800.31 3824.75 3712.32 3824.74
26071-675-M6-068-10002 0.07149870693683624 7284.20 1759.76 7790.04 1740.30 7795.54 1883.35 7289.71 1902.80
26071-675-M6-068-10002 0.06648748368024826 6270.52 1770.15 6787.61 1750.72 6792.70 1886.09 6275.60 1905.51
26071-675-M6-068-10002 0.06278212368488312 3907.34 1901.44 3982.24 1904.31 3977.36 2031.20 3902.47 2028.32
26071-675-M6-068-10002 0.062428899109363556 3581.25 2680.88 4125.20 2701.83 4122.12 2781.69 3578.17 2760.74
26071-675-M6-068-10002 0.06193679943680763 4734.80 752.28 5449.27 748.37 5450.63 997.98 4736.17 1001.89
26071-675-M6-068-10002 0.06178274378180504 6573.91 6010.87 7227.48 6322.75 7119.27 6549.51 6465.70 6237.63
26071-675-M6-068-10002 0.06037044897675514 3833.06 2092.16 4146.98 2077.94 4152.09 2190.82 3838.17 2205.03
26071-675-M6-068-10002 0.05905834212899208 7543.57 2082.36 7681.31 1952.71 7836.55 2117.64 7698.81 2247.29
26071-675-M6-068-10002 0.058529119938611984 3957.05 1912.46 4030.09 1889.68 4073.93 2030.27 4000.89 2053.05
26071-675-M6-068-10002 0.0571170412003994 6470.33 2204.08 6817.46 2178.20 6827.53 2313.24 6480.39 2339.12
26071-675-M6-068-10002 0.05461879447102547 3939.93 393.05 4623.92 382.84 4628.64 699.10 3944.65 709.31
26071-675-M6-068-10002 0.0537044033408165 4219.48 1619.72 4562.70 1600.76 4570.92 1749.58 4227.70 1768.54
26071-675-M6-068-10002 0.05222773924469948 2404.84 2973.04 3029.73 3371.95 2811.39 3713.97 2186.50 3315.06
26071-675-M6-068-10002 0.052027378231287 5431.59 1888.44 5610.79 1847.39 5652.12 2027.84 5472.92 2068.89
26071-675-M6-068-10002 0.05144532397389412 3441.44 4714.25 3545.59 4734.57 3487.75 5031.09 3383.60 5010.77
26071-675-M6-068-10002 0.050209686160087585 3276.09 4863.07 4199.80 4773.89 4222.40 5008.02 3298.69 5097.20
26071-750-M6-085-00012 0.651134729385376 5081.08 4266.23 5493.56 4241.06 5505.58 4438.12 5093.10 4463.29
26071-750-M6-085-00012 0.6195396780967712 7221.07 4266.22 7686.59 4235.02 7700.12 4436.94 7234.60 4468.14
26071-750-M6-085-00012 0.3145676851272583 2356.79 4261.61 2808.42 4254.29 2811.54 4446.36 2359.91 4453.68
26071-750-M6-085-00012 0.20240779221057892 1360.56 1684.72 1933.02 1913.21 1802.99 2238.97 1230.54 2010.47
26071-750-M6-085-00012 0.19643741846084595 3092.20 4267.66 3574.48 4261.98 3576.74 4454.27 3094.47 4459.95
26071-750-M6-085-00012 0.1692996472120285 5012.80 4281.58 5132.02 4285.54 5126.87 4440.37 5007.65 4436.40
26071-750-M6-085-00012 0.15706932544708252 2768.69 3878.42 3103.02 3936.20 3076.38 4090.36 2742.05 4032.58
26071-750-M6-085-00012 0.12251470237970352 709.07 2122.84 851.10 2101.50 882.38 2309.75 740.35 2331.08
26071-750-M6-085-00012 0.1192864403128624 1055.18 2149.38 1215.59 2088.08 1314.77 2347.59 1154.36 2408.90
26071-750-M6-085-00012 0.10680535435676575 1645.73 2046.64 1803.61 2078.04 1770.67 2243.65 1612.79 2212.25
26071-750-M6-085-00012 0.09729214012622833 861.41 2566.68 1647.25 2561.32 1649.08 2830.53 863.25 2835.88
26071-750-M6-085-00012 0.08619485050439835 739.63 1889.60 803.63 1900.17 784.16 2018.13 720.16 2007.57
26071-750-M6-085-00012 0.08140769600868225 1270.39 2113.17 1971.21 2192.12 1934.97 2513.80 1234.16 2434.85
26071-750-M6-085-00012 0.0744544044137001 7097.20 5328.75 7775.99 5315.67 7781.11 5581.48 7102.33 5594.56
26071-750-M6-085-00012 0.07396740466356277 2861.40 5373.82 3489.78 5340.19 3503.77 5601.65 2875.40 5635.29
26071-750-M6-085-00012 0.07120268046855927 7157.06 5016.78 7781.60 5031.09 7776.26 5264.03 7151.72 5249.72
26071-750-M6-085-00012 0.07060800492763519 726.55 1735.37 1150.15 1745.89 1144.81 1961.05 721.21 1950.53
26071-750-M6-085-00012 0.0701206848025322 3114.08 4072.56 3289.22 4048.52 3311.71 4212.33 3136.58 4236.38
26071-750-M6-085-00012 0.06722541153430939 3051.79 3801.37 3252.87 3926.03 3175.48 4050.85 2974.41 3926.19
26071-750-M6-085-00012 0.0659290999174118 2751.63 5037.60 3487.26 5057.31 3480.79 5298.80 2745.16 5279.09
26071-750-M6-085-00012 0.061686158180236816 1084.94 1783.27 1242.73 1756.68 1281.37 1985.96 1123.57 2012.55
26071-750-M6-085-00012 0.06117401644587517 2730.06 3466.45 3206.98 3740.43 3086.55 3950.06 2609.63 3676.08
26071-750-M6-085-00012 0.05873425677418709 2037.51 3552.34 2391.21 3576.66 2381.92 3711.76 2028.23 3687.45
26071-750-M6-085-00012 0.057387277483940125 3654.14 2268.10 3830.71 2266.48 3831.65 2369.59 3655.08 2371.21
26071-750-M6-085-00012 0.05655849352478981 2285.26 4421.69 2448.29 4427.81 2441.36 4612.38 2278.33 4606.26
26071-750-M6-085-00012 0.05489486828446388 5445.12 4156.68 5606.17 4151.72 5617.12 4507.54 5456.06 4512.50
26071-750-M6-085-00012 0.05394235625863075 5017.41 5063.92 5596.45 5040.78 5604.82 5250.04 5025.77 5273.18
26071-750-M6-085-00012 0.050640981644392014 1840.69 3680.71 1931.68 3675.76 1934.51 3727.78 1843.52 3732.73
26071-200-M6-062-00277 0.052578154951334 3271.41 2364.75 3467.57 2354.59 3473.09 2461.28 3276.94 2471.43
26071-600-M6-065-00259 0.11161687225103378 2339.75 3653.77 3167.92 3659.19 3166.34 3899.51 2338.18 3894.09
26071-600-M6-065-00259 0.08987954258918762 1698.89 5294.09 2162.35 5439.82 2087.28 5678.56 1623.82 5532.83
26071-600-M6-065-00259 0.0871277004480362 3179.10 3267.35 4035.62 3254.35 4038.99 3476.13 3182.47 3489.13
26071-600-M6-065-00259 0.08023626357316971 3037.56 3381.49 3706.96 3599.25 3614.81 3882.54 2945.41 3664.78
26071-600-M6-065-00259 0.07520682364702225 6670.06 5654.86 6903.84 5444.19 7239.39 5816.56 7005.61 6027.23
26071-600-M6-065-00259 0.07403241097927094 2578.75 3805.00 2923.34 3792.08 2946.80 4417.78 2602.22 4430.70
26071-600-M6-065-00259 0.06697233021259308 1488.53 3517.81 2266.69 3451.48 2287.98 3701.16 1509.81 3767.49
26071-600-M6-065-00259 0.0521879717707634 1923.97 3929.46 2099.80 3930.93 2098.19 4123.95 1922.36 4122.48
26071-600-M6-065-00259 0.05047197267413139 1205.36 5421.96 1415.95 5421.75 1416.05 5518.65 1205.46 5518.87
26071-200-M6-052-00544 0.128798246383667 4337.13 4327.18 4475.97 4251.47 4636.69 4546.19 4497.85 4621.90
26071-200-M6-052-00544 0.06929636001586914 1322.73 4228.59 1410.53 4227.77 1412.63 4454.62 1324.84 4455.44
26071-200-M6-052-00544 0.06553250551223755 4531.39 5087.43 5415.71 5145.19 5404.03 5323.91 4519.72 5266.15
26071-200-M6-052-00544 0.06301268935203552 3644.05 5087.25 4517.41 5144.42 4505.54 5325.84 3632.17 5268.67
26071-200-M6-052-00544 0.057283688336610794 4010.04 3597.05 4428.97 3465.17 4580.73 3947.27 4161.80 4079.15
26071-200-M6-052-00544 0.053203970193862915 4256.95 4646.94 4976.68 4569.57 5005.96 4841.94 4286.23 4919.31
26071-200-M6-052-00544 0.05144287645816803 4303.78 3964.36 4381.85 3957.62 4394.05 4099.14 4315.99 4105.87
26071-600-M6-066-00003 0.1581788957118988 1467.44 4856.09 1577.21 4849.32 1582.45 4934.15 1472.67 4940.92
26071-600-M6-066-00003 0.06970589607954025 3898.68 1775.20 4709.55 1697.38 4732.62 1937.75 3921.76 2015.58
26071-600-M6-066-00003 0.06236502528190613 2325.16 4740.78 2498.29 4734.12 2508.46 4998.55 2335.33 5005.21
26071-600-M6-066-00003 0.05248616263270378 4666.86 6396.42 4759.08 6376.72 4775.84 6455.17 4683.62 6474.87
26071-750-M6-085-00309 0.3441218137741089 2898.12 3600.63 3228.64 3592.50 3241.60 4119.08 2911.08 4127.21
26071-750-M6-085-00309 0.1972169578075409 3072.41 4387.02 3514.22 4368.78 3517.63 4451.36 3075.82 4469.60
26071-750-M6-085-00309 0.12362565845251083 4986.46 3319.81 5145.98 3319.01 5146.31 3385.64 4986.79 3386.44
26071-750-M6-085-00309 0.11684425175189972 2944.73 2433.44 3608.73 2409.87 3612.41 2513.59 2948.42 2537.17
26071-750-M6-085-00309 0.11587993800640106 5487.03 2548.23 5671.89 2551.44 5669.60 2683.21 5484.75 2680.01
26071-750-M6-085-00309 0.11368916928768158 4465.12 3324.08 4624.26 3317.33 4627.23 3387.27 4468.08 3394.03
26071-750-M6-085-00309 0.10592236369848251 5206.52 2419.79 5756.31 2381.16 5765.77 2515.80 5215.98 2554.43
26071-750-M6-085-00309 0.10534781217575073 3934.44 3323.38 4096.11 3318.73 4097.96 3382.91 3936.28 3387.56
26071-750-M6-085-00309 0.10490655153989792 3941.29 2570.62 4301.08 2534.41 4316.10 2683.61 3956.31 2719.82
26071-750-M6-085-00309 0.10310050845146179 3074.19 2551.88 3276.35 2557.83 3272.67 2682.97 3070.51 2677.03
26071-750-M6-085-00309 0.102005735039711 4430.76 2561.18 4647.75 2554.70 4652.02 2697.71 4435.03 2704.19
26071-750-M6-085-00309 0.0989372730255127 4318.88 2278.62 4442.08 2282.25 4440.34 2341.20 4317.14 2337.57
26071-750-M6-085-00309 0.09541545808315277 2950.80 4434.43 3849.16 4393.44 3861.07 4654.38 2962.71 4695.37
26071-750-M6-085-00309 0.08979300409555435 3361.61 3318.65 3538.40 3312.13 3541.44 3394.65 3364.65 3401.16
26071-750-M6-085-00309 0.08888786286115646 3652.85 2556.64 3848.40 2557.34 3847.98 2678.07 3652.42 2677.37
26071-750-M6-085-00309 0.0858946144580841 3347.73 2567.37 3604.21 2552.55 3611.05 2670.89 3354.57 2685.72
26071-750-M6-085-00309 0.08209915459156036 4169.00 2444.01 4745.78 2403.01 4753.53 2512.08 4176.75 2553.08
26071-750-M6-085-00309 0.08143074065446854 5575.97 2530.68 5676.87 2430.08 5964.72 2718.79 5863.83 2819.39
26071-750-M6-085-00309 0.06885690242052078 4461.10 2931.33 4653.17 2944.17 4644.81 3069.28 4452.74 3056.45
26071-750-M6-085-00309 0.06640271097421646 4944.16 2565.85 5258.39 2538.37 5270.29 2674.43 4956.06 2701.91
26071-750-M6-085-00309 0.06482825428247452 4946.63 4521.82 5984.22 4528.95 5982.96 4712.09 4945.37 4704.96
26071-750-M6-085-00309 0.06209506466984749 3865.79 4479.29 4750.48 4519.34 4740.69 4735.59 3856.00 4695.54
26071-750-M6-085-00309 0.06095670536160469 3019.78 3310.98 3101.63 3309.96 3104.54 3541.89 3022.69 3542.91
26071-750-M6-085-00309 0.060875535011291504 3118.58 4583.27 3220.32 4584.70 3213.40 5076.92 3111.66 5075.49
26071-750-M6-085-00309 0.05865880474448204 5230.63 2540.10 5436.59 2552.78 5427.77 2695.94 5221.82 2683.26
26071-750-M6-085-00309 0.05585303157567978 4306.47 2521.71 4867.49 2509.59 4868.86 2572.64 4307.83 2584.76
26071-750-M6-085-00309 0.05497854948043823 4679.40 2542.43 4892.04 2553.06 4884.76 2698.57 4672.12 2687.93
26071-750-M6-085-00309 0.0547214150428772 4980.79 2936.36 5164.96 2954.29 5153.49 3072.10 4969.32 3054.17
26071-750-M6-085-00309 0.05277497321367264 3200.77 3561.70 3614.48 3585.49 3580.98 4168.09 3167.27 4144.30
26071-750-M6-085-00309 0.050320081412792206 3559.38 2450.99 4165.68 2418.37 4171.12 2519.49 3564.82 2552.11
