26071-200-M6-052-00001 0.13086293637752533 5795.10 2484.10 5927.09 2473.96 5934.75 2573.54 5802.76 2583.69
26071-200-M6-052-00001 0.12457720190286636 3482.97 4847.32 3533.10 4843.16 3545.53 4992.97 3495.41 4997.13
26071-200-M6-052-00001 0.09625721722841263 3872.75 3274.79 3952.55 3265.56 3966.37 3385.05 3886.57 3394.28
26071-200-M6-052-00001 0.06765279173851013 5932.75 1850.93 6271.74 1841.77 6273.05 1890.28 5934.06 1899.44
26071-200-M6-052-00001 0.057590313255786896 2458.52 3393.60 2979.56 3400.66 2977.21 3574.31 2456.17 3567.25
26071-200-M6-052-00001 0.05033450573682785 3170.96 3342.65 3220.55 3353.99 3213.96 3382.78 3164.37 3371.44
26071-500-M6-059-00017 0.9724504947662354 6050.75 3291.44 6120.61 3298.60 6110.82 3394.24 6040.95 3387.09
26071-500-M6-059-00017 0.9724442958831787 2034.03 3291.56 2104.73 3299.07 2094.59 3394.55 2023.89 3387.04
26071-500-M6-059-00017 0.9703443050384521 4041.75 3295.41 4112.42 3298.39 4108.61 3388.79 4037.94 3385.81
26071-500-M6-059-00017 0.13380157947540283 4009.03 3591.60 4093.98 3566.42 4131.51 3693.00 4046.56 3718.19
26071-500-M6-059-00017 0.09224791079759598 3877.32 4690.95 3961.98 4692.13 3960.44 4802.15 3875.78 4800.96
26071-500-M6-059-00017 0.08263151347637177 1773.24 4968.14 1893.59 4967.06 1893.88 4999.75 1773.53 5000.83
26071-500-M6-059-00017 0.08177334815263748 4132.60 2730.31 4434.43 2729.43 4434.62 2796.44 4132.80 2797.32
26071-500-M6-059-00017 0.05543932691216469 5783.93 4969.88 5906.98 4965.68 5908.09 4998.09 5785.04 5002.30
26071-500-M6-059-00017 0.054517876356840134 1946.06 3922.25 1988.88 3946.58 1973.05 3974.44 1930.23 3950.11
26071-500-M6-059-00017 0.05376667529344559 6623.41 2207.63 6796.45 2216.41 6791.34 2317.13 6618.30 2308.36
26071-500-M6-059-00017 0.05354504659771919 6189.32 3697.44 6210.29 3716.82 6174.37 3755.69 6153.40 3736.31
26071-500-M6-059-00017 0.05286030471324921 6635.30 3712.77 6802.89 3727.16 6795.07 3818.33 6627.48 3803.95
26071-500-M6-059-00017 0.052149124443531036 1466.94 6643.65 1764.92 6648.87 1763.51 6728.93 1465.53 6723.71
26071-600-M6-066-00012 0.37190452218055725 6262.69 4662.71 6330.99 4663.48 6329.96 4754.96 6261.66 4754.19
26071-600-M6-066-00012 0.08043317496776581 4602.09 4655.35 4677.09 4612.14 4723.18 4692.13 4648.19 4735.35
26071-600-M6-066-00012 0.07948862016201019 3143.49 3662.76 3229.00 3665.18 3227.64 3713.27 3142.13 3710.85
26071-600-M6-066-00012 0.06160799786448479 6116.94 2495.75 6169.13 2503.18 6164.73 2534.08 6112.54 2526.66
26071-600-M6-066-00012 0.05854933708906174 3072.76 2005.09 3238.97 2001.63 3240.44 2072.35 3074.23 2075.82
26071-200-M6-052-00539 0.12821653485298157 1945.98 4093.48 1998.87 4088.80 2012.90 4247.34 1960.01 4252.02
26071-200-M6-052-00539 0.07404941320419312 2194.50 4525.10 2288.63 4520.20 2291.06 4566.71 2196.93 4571.61
26071-200-M6-052-00539 0.05847883224487305 3965.01 5228.69 4032.45 5205.27 4073.82 5324.43 4006.38 5347.85
26071-200-M6-052-00539 0.057311899960041046 4009.61 5673.30 4046.24 5691.23 4019.43 5745.98 3982.81 5728.05
26071-500-M6-059-00248 0.09696894139051437 6608.38 6159.71 6724.52 6183.59 6717.30 6218.72 6601.16 6194.84
26071-203-M6-325-00012 0.061905112117528915 8082.53 2397.72 8195.71 2401.03 8194.26 2450.30 8081.09 2446.98
26071-700-M6-054-00246 0.07961343973875046 4010.00 2003.47 4129.63 2000.50 4130.44 2033.11 4010.81 2036.09
26071-500-M6-059-00040 0.25357934832572937 1476.52 2488.55 1589.95 2493.48 1587.43 2551.64 1474.00 2546.71
26071-500-M6-059-00040 0.24916350841522217 1474.47 2371.75 1588.70 2371.62 1588.79 2454.64 1474.56 2454.77
26071-500-M6-059-00040 0.16176152229309082 4193.51 5694.71 4289.54 5688.37 4294.73 5767.03 4198.70 5773.37
26071-500-M6-059-00040 0.09337637573480606 1481.04 2441.75 1597.83 2447.31 1595.59 2494.48 1478.80 2488.92
26071-500-M6-059-00040 0.07443732023239136 5868.81 2850.39 5905.24 2850.79 5904.57 2911.81 5868.14 2911.41
26071-500-M6-059-00040 0.06855129450559616 5872.30 3324.57 5905.44 3326.81 5901.36 3387.32 5868.22 3385.08
26071-500-M6-059-00040 0.06546366214752197 4251.62 2271.57 4366.58 2272.90 4366.19 2306.43 4251.24 2305.10
26071-500-M6-059-00040 0.06122029200196266 2498.58 1347.98 2555.11 1299.23 2637.92 1395.24 2581.38 1443.99
26071-203-M6-333-00010 0.07240507751703262 7377.38 3763.76 7463.07 3753.63 7467.52 3791.29 7381.83 3801.42
26071-203-M6-333-00010 0.05161432921886444 2219.59 3402.43 2343.34 3429.39 2331.17 3485.22 2207.42 3458.25
26071-203-M6-333-00010 0.051490411162376404 2375.85 2686.30 2446.67 2654.88 2496.29 2766.72 2425.47 2798.14
26071-750-M6-085-00286 0.06912239640951157 6171.81 3273.20 6220.15 3271.40 6225.03 3402.13 6176.69 3403.93
26071-750-M6-085-00286 0.054358210414648056 5344.89 3275.44 5393.46 3272.87 5400.10 3398.49 5351.53 3401.06
26071-550-M6-084-00248 0.09135012328624725 4478.72 4198.48 4537.70 4194.38 4545.62 4308.25 4486.64 4312.36
26071-550-M6-084-00248 0.07203539460897446 4669.36 4206.38 4701.92 4203.42 4710.47 4297.32 4677.91 4300.28
26071-550-M6-084-00248 0.06722497195005417 2390.85 5011.70 2644.57 5004.83 2646.78 5086.30 2393.05 5093.17
26071-550-M6-084-00248 0.06283341348171234 4488.08 3809.66 4545.78 3811.14 4542.89 3924.21 4485.18 3922.73
26071-203-M6-332-00008 0.9905078411102295 6311.73 3659.07 6405.60 3660.51 6404.49 3732.45 6310.63 3731.01
26071-203-M6-332-00008 0.9890546798706055 3884.16 3657.87 3978.08 3662.00 3974.94 3733.37 3881.03 3729.24
26071-203-M6-332-00008 0.9883421063423157 1453.80 3658.54 1547.82 3661.42 1545.66 3732.15 1451.64 3729.28
26071-203-M6-332-00008 0.24155767261981964 6637.05 3646.61 6691.37 3628.33 6721.39 3717.53 6667.08 3735.81
26071-203-M6-332-00008 0.2383689135313034 4204.25 3645.46 4302.47 3663.63 4292.07 3719.84 4193.85 3701.67
26071-203-M6-332-00008 0.21102936565876007 4924.31 3564.98 4971.86 3539.92 5015.36 3622.45 4967.81 3647.51
26071-203-M6-332-00008 0.19576582312583923 2546.39 3555.90 2600.60 3543.79 2620.63 3633.46 2566.42 3645.57
26071-203-M6-332-00008 0.17008563876152039 7375.22 3561.33 7426.72 3541.42 7459.68 3626.71 7408.18 3646.61
26071-203-M6-332-00008 0.15622055530548096 1809.70 3636.51 1864.45 3630.58 1874.99 3727.96 1820.25 3733.88
26071-200-M6-052-00080 0.11094532161951065 3748.14 3716.94 3797.51 3710.78 3812.74 3832.85 3763.38 3839.01
26071-200-M6-052-00080 0.09321388602256775 2828.60 5013.68 2938.83 5016.56 2937.94 5050.57 2827.71 5047.68
26071-200-M6-052-00080 0.08919499069452286 3752.55 4097.17 3800.82 4094.07 3808.73 4217.18 3760.46 4220.28
26071-200-M6-052-00080 0.07818221300840378 2140.65 6392.56 2438.71 6391.65 2438.89 6450.17 2140.82 6451.08
26071-200-M6-052-00080 0.06899573653936386 6704.36 4061.76 6761.13 4061.97 6761.00 4097.75 6704.23 4097.55
26071-200-M6-052-00080 0.06886857748031616 6724.04 5013.33 6839.78 5016.28 6838.91 5050.25 6723.17 5047.29
26071-200-M6-052-00080 0.0688544511795044 2829.63 3393.88 2945.35 3398.34 2943.97 3434.03 2828.25 3429.56
26071-200-M6-052-00080 0.06313233077526093 6426.57 2831.02 6511.15 2831.66 6510.18 2959.82 6425.60 2959.18
26071-200-M6-052-00080 0.0597594752907753 2830.38 3559.44 2941.05 3566.52 2938.79 3601.76 2828.13 3594.68
26071-200-M6-052-00080 0.055905770510435104 3280.74 4061.52 3336.14 4062.06 3335.79 4097.27 3280.39 4096.72
26071-200-M6-052-00080 0.054849717766046524 7159.31 3700.19 7221.68 3691.57 7240.69 3829.07 7178.32 3837.69
26071-300-M6-053-00309 0.16095586121082306 6148.03 4747.46 6249.65 4750.35 6247.36 4830.88 6145.74 4827.99
26071-300-M6-053-00309 0.08579505234956741 3478.39 3058.17 3526.19 3046.84 3533.09 3075.95 3485.30 3087.29
26071-300-M6-053-00309 0.05892922356724739 4011.94 3271.96 4060.56 3271.58 4060.80 3301.65 4012.18 3302.03
26071-300-M6-053-00309 0.05630100145936012 3947.84 3261.93 3976.60 3272.05 3961.00 3316.38 3932.23 3306.26
26071-300-M6-053-00309 0.05542447045445442 4491.83 2083.85 4537.62 2088.38 4532.46 2140.51 4486.67 2135.98
26071-300-M6-053-00309 0.053240709006786346 5702.26 1646.08 5763.16 1674.16 5742.01 1720.02 5681.11 1691.94
26071-300-M6-053-00309 0.05146798864006996 4017.99 3049.74 4063.54 3055.61 4059.83 3084.37 4014.28 3078.49
26071-300-M6-053-00309 0.05016900226473808 3638.83 3269.29 3666.91 3260.06 3681.82 3305.40 3653.74 3314.64
26071-450-M6-082-00009 0.11423125863075256 4922.52 6163.40 5002.02 6160.26 5008.42 6322.30 4928.92 6325.43
26071-450-M6-082-00009 0.06925228983163834 5570.47 5003.94 5604.20 5004.65 5601.54 5130.51 5567.81 5129.80
26071-450-M6-082-00009 0.058690205216407776 3586.95 1178.09 3619.02 1167.72 3654.41 1277.22 3622.34 1287.58
26071-200-M6-052-00552 0.10229175537824631 3990.61 2248.08 4041.55 2252.00 4036.43 2318.42 3985.50 2314.49
26071-750-M6-085-00007 0.16410736739635468 7120.17 6192.96 7153.83 6195.02 7146.87 6308.78 7113.21 6306.73
26071-750-M6-085-00007 0.15251277387142181 5784.41 2571.46 5906.07 2568.45 5906.88 2601.05 5785.22 2604.06
26071-750-M6-085-00007 0.14567553997039795 6338.15 6193.21 6371.37 6194.11 6368.28 6308.15 6335.06 6307.25
26071-750-M6-085-00007 0.13769692182540894 6920.25 6192.65 6952.82 6194.65 6945.79 6309.40 6913.23 6307.40
26071-750-M6-085-00007 0.1344044953584671 4069.93 2751.09 4098.19 2768.40 4073.71 2808.39 4045.44 2791.09
26071-750-M6-085-00007 0.09360610693693161 5311.46 5623.21 5429.62 5613.41 5432.28 5645.59 5314.13 5655.38
26071-750-M6-085-00007 0.06989799439907074 1780.01 2787.86 2060.12 2807.65 2056.61 2857.31 1776.50 2837.51
26071-750-M6-085-00007 0.06897327303886414 2457.53 2764.91 2501.44 2763.25 2502.57 2792.83 2458.66 2794.50
26071-750-M6-085-00007 0.06361909955739975 6526.22 6186.73 6561.23 6187.29 6559.85 6272.37 6524.83 6271.80
26071-750-M6-085-00007 0.06285550445318222 6911.96 2603.42 7027.67 2605.78 7026.99 2638.91 6911.28 2636.56
26071-750-M6-085-00007 0.06184469908475876 4079.75 2598.39 4105.15 2617.27 4076.06 2656.40 4050.66 2637.52
26071-750-M6-085-00007 0.05956915020942688 4794.29 4775.09 4833.68 4793.34 4807.69 4849.42 4768.30 4831.16
26071-750-M6-085-00007 0.051984332501888275 2442.07 1402.80 2474.66 1403.57 2471.84 1523.09 2439.25 1522.33
26071-203-M6-064-00271 0.09483516961336136 1875.63 2404.33 1942.90 2402.84 1948.47 2655.23 1881.20 2656.72
26071-203-M6-337-00031 0.14046989381313324 3972.38 963.82 4124.66 963.79 4124.68 1024.08 3972.39 1024.11
26071-203-M6-337-00031 0.10572692006826401 1674.72 2618.76 1709.79 2620.48 1704.35 2731.31 1669.28 2729.59
26071-203-M6-337-00031 0.0994882881641388 1675.36 5238.57 1711.47 5240.03 1706.69 5357.64 1670.58 5356.17
26071-203-M6-337-00031 0.09554097801446915 3148.87 434.03 3201.55 429.81 3215.62 605.78 3162.94 610.00
26071-203-M6-337-00031 0.08262050896883011 3326.45 908.48 3484.40 907.81 3484.65 966.70 3326.71 967.38
26071-203-M6-337-00031 0.08038891851902008 1677.90 5479.43 1711.36 5482.46 1700.90 5597.88 1667.44 5594.84
26071-203-M6-337-00031 0.0735631138086319 1662.99 4265.53 1695.08 4264.30 1699.08 4369.34 1667.00 4370.56
26071-203-M6-337-00031 0.07226193696260452 1668.80 3890.43 1712.83 3889.38 1716.04 4024.00 1672.01 4025.05
26071-203-M6-337-00031 0.07118024677038193 2607.61 3937.83 2710.36 3939.38 2709.86 3972.68 2607.10 3971.13
26071-203-M6-337-00031 0.06417803466320038 4932.02 1124.15 4997.04 1108.34 5024.84 1222.62 4959.82 1238.43
26071-203-M6-337-00031 0.06317450851202011 6941.77 563.89 6979.32 564.15 6978.42 692.68 6940.86 692.42
26071-203-M6-337-00031 0.061529144644737244 6657.96 6146.93 6767.02 6130.71 6805.52 6389.55 6696.46 6405.77
26071-203-M6-337-00031 0.05503734573721886 4941.01 2617.94 5009.59 2610.44 5022.85 2731.69 4954.27 2739.18
26071-203-M6-337-00031 0.05197155475616455 1665.66 5615.06 1697.95 5614.92 1698.41 5718.57 1666.12 5718.71
26071-203-M6-332-00001 0.17824658751487732 4663.37 2550.68 4766.09 2556.71 4762.89 2611.19 4660.17 2605.16
26071-203-M6-332-00001 0.17801709473133087 2982.60 2554.20 3090.78 2558.20 3088.83 2611.06 2980.65 2607.06
26071-203-M6-332-00001 0.16777338087558746 5501.22 2554.44 5612.75 2552.25 5613.84 2607.84 5502.31 2610.03
26071-203-M6-332-00001 0.15566501021385193 3402.24 2552.22 3513.71 2554.33 3512.65 2610.46 3401.17 2608.34
26071-203-M6-332-00001 0.1411391794681549 3822.39 2551.35 3925.91 2557.67 3922.57 2612.38 3819.05 2606.06
26071-203-M6-332-00001 0.13527895510196686 4238.64 2552.11 4346.83 2560.89 4342.56 2613.49 4234.37 2604.71
26071-203-M6-332-00001 0.11350544542074203 5081.01 2554.72 5189.90 2561.08 5186.82 2613.84 5077.93 2607.48
26071-203-M6-332-00001 0.08803403377532959 5921.26 2558.41 6031.77 2555.75 6033.01 2607.42 5922.50 2610.08
26071-203-M6-332-00001 0.05402727425098419 5971.02 1587.35 6025.70 1594.89 6018.88 1644.45 5964.19 1636.92
26071-203-M6-079-00001 0.11424987763166428 3850.11 5867.07 3941.06 5862.78 3942.59 5895.21 3851.64 5899.50
26071-203-M6-079-00001 0.09184921532869339 3492.48 5866.71 3586.91 5863.68 3587.96 5896.51 3493.53 5899.54
26071-203-M6-079-00001 0.07208260148763657 3497.73 1970.12 3588.36 1966.93 3589.55 2000.64 3498.92 2003.83
26071-200-M6-052-00150 0.14386104047298431 5512.79 5844.98 5578.21 5839.74 5588.60 5969.69 5523.19 5974.92
26071-200-M6-052-00150 0.13053642213344574 4223.36 5826.17 4280.70 5826.30 4280.36 5970.80 4223.02 5970.67
26071-200-M6-052-00150 0.10202779620885849 2822.02 1169.67 2884.78 1167.59 2890.53 1341.84 2827.77 1343.91
26071-200-M6-052-00150 0.0701347142457962 2481.05 3081.02 2602.27 3080.62 2602.44 3133.12 2481.23 3133.52
26071-200-M6-052-00150 0.05958076938986778 4476.78 3070.92 4585.25 3083.96 4578.94 3136.53 4470.46 3123.49
26071-200-M6-052-00150 0.05724659189581871 4651.19 6012.38 4678.79 5996.18 4716.02 6059.60 4688.43 6075.80
26071-200-M6-052-00150 0.05705893784761429 3659.32 2079.73 3694.48 2095.91 3670.28 2148.53 3635.12 2132.36
26071-200-M6-052-00003 0.255235880613327 1622.41 2371.90 1683.53 2374.93 1675.77 2531.61 1614.64 2528.58
26071-200-M6-052-00003 0.15733842551708221 2562.78 4429.78 2593.71 4426.96 2602.61 4524.52 2571.68 4527.34
26071-200-M6-052-00003 0.14555084705352783 2562.63 3956.31 2594.07 3953.57 2602.80 4053.95 2571.36 4056.69
26071-200-M6-052-00003 0.12235554307699203 5850.77 2826.62 5925.99 2819.38 5936.76 2931.37 5861.53 2938.60
26071-200-M6-052-00003 0.07280363142490387 5175.63 2496.66 5258.78 2500.29 5252.78 2637.33 5169.64 2633.69
26071-200-M6-052-00003 0.05920906737446785 4142.53 4750.81 4178.31 4751.19 4177.62 4817.92 4141.83 4817.54
26071-200-M6-052-00003 0.05896991863846779 5178.13 4651.07 5214.76 4652.11 5212.68 4725.34 5176.05 4724.29
26071-200-M6-052-00003 0.05682487413287163 6258.65 1603.86 6602.51 1596.56 6603.71 1653.02 6259.85 1660.32
26071-200-M6-052-00003 0.05366650968790054 5044.90 6138.55 5321.65 6137.82 5321.78 6187.96 5045.03 6188.69
26071-200-M6-052-00003 0.0524052157998085 3463.75 3857.61 3512.50 3858.34 3512.02 3889.87 3463.27 3889.13
26071-700-M6-054-00013 0.0634532943367958 4069.91 1581.34 4103.09 1581.85 4101.20 1704.15 4068.02 1703.63
26071-203-M6-320-00060 0.051510054618120193 1536.62 4025.42 1822.35 4025.08 1822.40 4071.41 1536.67 4071.75
26071-700-M6-054-00036 0.1061592623591423 4695.98 1821.11 4812.96 1834.46 4807.29 1884.11 4690.31 1870.76
26071-700-M6-054-00036 0.09369707107543945 4389.39 1611.51 4465.79 1639.01 4432.03 1732.78 4355.64 1705.28
26071-700-M6-054-00036 0.07566599547863007 4741.50 2940.25 4912.48 2930.76 4916.10 2995.94 4745.12 3005.44
26071-700-M6-054-00036 0.07112081348896027 4640.78 5246.26 4705.48 5274.60 4684.36 5322.79 4619.67 5294.45
26071-700-M6-054-00036 0.061839569360017776 3201.99 4099.55 3567.22 4103.68 3566.46 4170.35 3201.23 4166.21
26071-700-M6-054-00036 0.05994834750890732 4141.74 2212.77 4217.79 2227.40 4198.27 2328.83 4122.22 2314.19
26071-700-M6-054-00036 0.05164119601249695 3200.94 5344.97 3560.36 5331.78 3562.93 5401.89 3203.52 5415.07
26071-600-M6-065-00231 0.12655846774578094 3453.32 5599.12 3497.97 5595.38 3504.43 5672.54 3459.78 5676.28
26071-600-M6-065-00231 0.1031559482216835 3439.77 5537.78 3533.59 5546.12 3529.33 5594.05 3435.51 5585.71
26071-600-M6-065-00231 0.10117799788713455 3408.79 3471.63 3513.29 3469.87 3513.83 3501.64 3409.33 3503.40
26071-600-M6-065-00231 0.07651966065168381 6488.71 3296.79 6512.86 3317.64 6479.60 3356.17 6455.45 3335.32
26071-600-M6-065-00231 0.07316663861274719 7185.69 3307.16 7216.36 3296.98 7231.46 3342.47 7200.79 3352.65
26071-600-M6-065-00231 0.06034495308995247 6388.26 3462.52 6435.84 3457.19 6439.39 3488.89 6391.82 3494.22
26071-600-M6-065-00231 0.05518078804016113 6472.28 3446.29 6519.40 3485.38 6498.75 3510.26 6451.64 3471.17
26071-500-M6-059-00071 0.23225437104701996 1483.76 5236.30 1658.61 5239.79 1657.33 5303.63 1482.49 5300.14
26071-500-M6-059-00071 0.1406475454568863 3965.95 2073.70 4100.59 2077.00 4098.83 2148.82 3964.18 2145.52
26071-500-M6-059-00071 0.09908866882324219 1626.36 3521.68 1673.27 3507.52 1682.50 3538.09 1635.59 3552.25
26071-500-M6-059-00071 0.09696290642023087 1601.96 5401.53 1675.95 5387.15 1702.18 5522.15 1628.19 5536.53
26071-500-M6-059-00071 0.06665252894163132 5596.00 2082.43 5937.38 2065.80 5940.61 2132.18 5599.23 2148.82
26071-500-M6-059-00071 0.05901879072189331 3911.31 2389.50 4082.79 2391.52 4082.19 2442.42 3910.71 2440.40
26071-500-M6-059-00071 0.05799029394984245 5520.36 3856.54 5589.61 3852.76 5597.50 3997.45 5528.26 4001.23
26071-203-M6-320-00008 0.9922095537185669 4211.40 4140.29 4303.78 4140.53 4303.60 4212.41 4211.21 4212.16
26071-203-M6-320-00008 0.988319993019104 1843.25 4231.36 1937.28 4233.54 1935.69 4302.55 1841.66 4300.38
26071-203-M6-320-00008 0.0823349729180336 2371.15 4234.67 2524.16 4228.85 2525.90 4274.61 2372.89 4280.43
26071-500-M6-059-00116 0.14962847530841827 5712.76 5547.65 5760.52 5542.33 5771.73 5643.04 5723.97 5648.36
26071-500-M6-059-00116 0.0512823760509491 5595.08 5904.78 5912.81 5895.63 5914.25 5945.65 5596.52 5954.80
26071-550-M6-084-00026 0.4055629074573517 1817.28 3410.68 1922.30 3416.44 1917.78 3498.94 1812.76 3493.18
26071-550-M6-084-00026 0.38672107458114624 4182.15 3406.63 4285.79 3415.88 4278.30 3499.81 4174.66 3490.56
26071-550-M6-084-00026 0.20703822374343872 7333.80 3465.08 7435.47 3456.54 7440.44 3515.78 7338.78 3524.32
26071-550-M6-084-00026 0.1051546111702919 7341.60 3322.65 7455.83 3329.75 7452.28 3386.80 7338.05 3379.70
26071-550-M6-084-00026 0.09924830496311188 2824.57 2853.89 2939.27 2852.32 2939.74 2886.48 2825.03 2888.05
26071-550-M6-084-00026 0.06120602414011955 4343.82 3427.70 4380.03 3421.77 4398.84 3536.66 4362.63 3542.59
26071-203-M6-337-00007 0.09640339761972427 3702.89 1727.65 3829.75 1755.32 3817.25 1812.63 3690.39 1784.95
26071-203-M6-337-00007 0.0928206518292427 3703.43 4427.14 3829.39 4457.73 3815.51 4514.87 3689.55 4484.28
26071-203-M6-337-00007 0.05753060057759285 2788.13 3693.09 2918.47 3689.44 2922.91 3847.90 2792.56 3851.55
26071-200-M6-052-00090 0.1141170859336853 3316.36 1187.97 3426.41 1187.46 3426.57 1220.70 3316.52 1221.22
26071-200-M6-052-00090 0.10282769054174423 2826.53 4030.33 2940.47 4034.95 2939.04 4070.21 2825.10 4065.58
26071-200-M6-052-00090 0.09970187395811081 6397.37 3690.90 6468.22 3682.08 6483.62 3805.72 6412.77 3814.55
26071-200-M6-052-00090 0.09197870641946793 3379.53 1095.81 3434.76 1067.35 3479.18 1153.59 3423.96 1182.04
26071-200-M6-052-00090 0.08540700376033783 6151.08 5688.58 6263.27 5686.99 6263.73 5719.54 6151.54 5721.12
26071-200-M6-052-00090 0.07883577048778534 5370.95 4364.91 5496.78 4362.18 5497.49 4394.97 5371.66 4397.70
26071-200-M6-052-00090 0.0785907581448555 3595.96 6067.49 3628.67 6067.38 3629.09 6192.21 3596.39 6192.32
26071-200-M6-052-00090 0.07192910462617874 6393.05 3300.17 6457.33 3294.34 6468.40 3416.50 6404.12 3422.33
26071-200-M6-052-00090 0.06845364719629288 2826.26 3843.68 2944.99 3848.29 2943.61 3883.75 2824.88 3879.14
26071-200-M6-052-00090 0.06770556420087814 6141.92 4004.81 6207.37 4005.47 6206.15 4126.96 6140.69 4126.30
26071-200-M6-052-00090 0.06419775635004044 6380.60 5024.31 6501.28 5083.10 6475.14 5136.75 6354.46 5077.96
26071-200-M6-052-00090 0.0618736669421196 2371.26 4366.42 2483.73 4364.37 2484.35 4398.55 2371.88 4400.59
26071-200-M6-052-00090 0.061341769993305206 2526.06 6506.65 2668.44 6531.82 2657.67 6592.72 2515.30 6567.55
26071-200-M6-052-00090 0.061157163232564926 2836.30 5993.62 3134.90 5992.27 3135.13 6043.14 2836.52 6044.48
26071-200-M6-052-00090 0.0589834488928318 7261.66 4004.85 7293.00 4006.24 7287.79 4123.83 7256.46 4122.45
26071-200-M6-052-00090 0.058362528681755066 2244.70 2826.06 2280.16 2821.75 2294.00 2935.54 2258.55 2939.86
26071-200-M6-052-00090 0.057947155088186264 1067.22 1462.48 1101.60 1461.35 1105.67 1584.77 1071.29 1585.90
26071-200-M6-052-00090 0.056719813495874405 3229.20 4178.52 3404.36 4195.08 3393.82 4306.59 3218.66 4290.03
26071-200-M6-052-00090 0.056533291935920715 5932.16 5196.28 5964.52 5195.27 5968.19 5313.34 5935.84 5314.34
26071-200-M6-052-00090 0.0562206469476223 6788.87 1193.91 7087.45 1179.24 7090.57 1242.73 6791.99 1257.40
26071-200-M6-052-00090 0.05585554987192154 3204.99 1042.84 3374.12 1029.92 3380.82 1117.60 3211.69 1130.51
26071-200-M6-052-00090 0.05394187942147255 6405.91 5221.08 6464.89 5226.04 6456.00 5331.87 6397.01 5326.92
26071-200-M6-052-00090 0.050708748400211334 6146.16 5242.49 6210.89 5282.30 6183.05 5327.56 6118.32 5287.75
26071-200-M6-052-00090 0.05019166320562363 3126.00 4010.56 3216.29 4010.37 3216.54 4126.79 3126.25 4126.99
26071-600-M6-065-00037 0.1905277520418167 1817.62 4139.32 1850.85 4137.78 1854.89 4225.34 1821.66 4226.87
26071-600-M6-065-00037 0.1801241785287857 6794.02 4485.25 6841.19 4480.59 6850.55 4575.25 6803.38 4579.91
26071-600-M6-065-00037 0.17342868447303772 3490.47 4495.26 3536.45 4487.74 3551.36 4578.95 3505.38 4586.46
26071-600-M6-065-00037 0.154782235622406 1817.48 3720.93 1852.52 3720.27 1854.22 3811.24 1819.18 3811.90
26071-600-M6-065-00037 0.14149977266788483 2482.56 3171.05 2576.16 3169.40 2576.73 3201.52 2483.13 3203.17
26071-600-M6-065-00037 0.13759922981262207 5124.94 4138.19 5158.08 4136.93 5161.46 4225.77 5128.32 4227.03
26071-600-M6-065-00037 0.11509548127651215 2007.78 773.39 2120.40 771.68 2120.91 805.08 2008.28 806.79
26071-600-M6-065-00037 0.1117609366774559 1452.12 6036.39 1529.62 6035.13 1532.40 6205.17 1454.90 6206.43
26071-600-M6-065-00037 0.08293794840574265 5129.12 3722.04 5161.79 3724.56 5154.94 3813.56 5122.27 3811.04
26071-600-M6-065-00037 0.07462877780199051 4147.39 6147.51 4302.36 6152.14 4300.63 6209.84 4145.67 6205.22
26071-600-M6-065-00037 0.07075883448123932 1057.12 2900.98 1090.78 2900.75 1091.65 3026.00 1057.99 3026.23
26071-600-M6-065-00037 0.06863299757242203 6113.66 3156.87 6207.44 3155.31 6207.96 3186.58 6114.18 3188.15
26071-600-M6-065-00037 0.06840138137340546 5412.89 3410.14 5447.86 3432.34 5417.41 3480.28 5382.45 3458.07
26071-600-M6-065-00037 0.05803569778800011 7659.60 2583.40 7693.44 2583.35 7693.64 2708.99 7659.80 2709.04
26071-600-M6-065-00037 0.05281960219144821 1476.52 6200.94 1767.85 6225.55 1753.70 6393.08 1462.37 6368.47
26071-600-M6-065-00037 0.05025171861052513 1540.44 6009.99 1606.48 5987.99 1677.37 6200.77 1611.33 6222.77
26071-600-M6-065-00037 0.05009837448596954 1386.29 6388.45 1734.40 6412.61 1726.69 6523.73 1378.57 6499.56
26071-300-M6-053-00010 0.15995226800441742 2685.19 4174.47 2732.93 4168.80 2746.82 4285.85 2699.08 4291.52
26071-300-M6-053-00010 0.0778365284204483 6101.39 2591.64 6252.59 2578.04 6261.99 2682.63 6110.80 2696.23
26071-300-M6-053-00010 0.07321291416883469 2705.21 4498.03 2741.27 4505.96 2731.07 4552.32 2695.02 4544.39
26071-300-M6-053-00010 0.060045596212148666 3396.51 4900.38 3439.09 4877.71 3452.87 4903.58 3410.29 4926.26
26071-300-M6-053-00010 0.05685530975461006 5226.32 2477.91 5289.47 2480.51 5282.66 2645.96 5219.51 2643.36
26071-203-M6-320-00042 0.10465403646230698 5527.41 3296.98 5588.04 3302.50 5577.57 3417.67 5516.94 3412.16
26071-203-M6-320-00042 0.09211782366037369 2216.43 3558.56 2315.55 3559.10 2312.24 4172.33 2213.12 4171.79
26071-203-M6-320-00042 0.08791791647672653 6177.43 3609.98 6224.92 3590.33 6237.52 3620.76 6190.03 3640.42
26071-203-M6-320-00042 0.08767512440681458 4258.68 3611.83 4304.98 3590.42 4318.29 3619.20 4271.99 3640.62
26071-203-M6-320-00042 0.053579363971948624 2612.15 3564.91 2703.51 3565.04 2702.59 4185.09 2611.23 4184.96
26071-203-M6-320-00042 0.05147547274827957 1823.28 3893.77 1946.60 3865.63 1962.21 3934.02 1838.89 3962.16
26071-200-M6-052-00540 0.0954534038901329 5231.81 5315.68 5290.27 5318.09 5274.18 5707.91 5215.73 5705.50
26071-200-M6-052-00540 0.08368534594774246 1349.45 5326.15 1406.35 5329.36 1386.19 5686.62 1329.29 5683.41
26071-200-M6-052-00540 0.07817528396844864 7027.01 5308.27 7084.80 5309.17 7078.75 5699.02 7020.96 5698.13
26071-200-M6-052-00540 0.06356748938560486 2555.96 5336.44 2611.52 5340.19 2588.92 5674.78 2533.36 5671.03
26071-200-M6-052-00540 0.0618494488298893 4650.45 5310.44 4707.53 5315.37 4675.34 5687.87 4618.26 5682.94
26071-200-M6-052-00540 0.056421730667352676 1922.52 5288.12 1978.40 5290.80 1959.06 5692.97 1903.19 5690.28
26071-203-M6-160-00291 0.9933366775512695 2164.51 5431.88 2256.92 5433.84 2255.43 5504.06 2163.02 5502.10
26071-203-M6-160-00291 0.9921324849128723 4656.52 5432.82 4748.37 5434.29 4747.27 5503.41 4655.42 5501.95
26071-203-M6-160-00291 0.2089228332042694 6388.81 2831.88 6434.93 2832.57 6433.55 2923.78 6387.44 2923.09
26071-203-M6-160-00291 0.14432641863822937 6389.99 3071.84 6437.05 3074.22 6432.31 3168.09 6385.24 3165.71
26071-203-M6-160-00291 0.09935402870178223 7521.74 3507.94 7579.48 3505.92 7589.44 3790.10 7531.69 3792.12
26071-203-M6-160-00291 0.09872404485940933 3042.82 2201.00 3246.15 2217.92 3236.58 2332.83 3033.26 2315.91
26071-203-M6-160-00291 0.07374154776334763 2151.83 4489.36 2226.60 4497.08 2217.06 4589.40 2142.30 4581.68
26071-203-M6-160-00291 0.052850838750600815 3770.21 5835.24 3803.38 5834.53 3805.86 5951.28 3772.70 5951.98
26071-600-M6-066-00002 0.08961360901594162 4297.43 3741.54 4371.00 3763.22 4355.46 3815.97 4281.88 3794.29
26071-600-M6-066-00002 0.08156198263168335 4069.38 4496.67 4100.53 4508.14 4083.06 4555.58 4051.91 4544.11
26071-600-M6-066-00002 0.077887162566185 4055.53 2371.27 4102.25 2379.23 4096.12 2415.22 4049.39 2407.26
26071-600-M6-066-00002 0.06898535788059235 6772.01 2054.73 6805.84 2055.12 6804.44 2175.46 6770.61 2175.07
26071-600-M6-066-00002 0.05760136991739273 4657.45 2374.31 4711.77 2381.79 4707.75 2410.99 4653.42 2403.51
26071-600-M6-066-00002 0.05067581310868263 1973.43 3661.78 2008.83 3662.34 2007.44 3751.57 1972.03 3751.01
26071-300-M6-053-00008 0.09986523538827896 5635.23 5515.64 5942.64 5509.38 5943.60 5556.59 5636.19 5562.85
26071-300-M6-053-00008 0.09944796562194824 5182.00 3162.98 5243.91 3150.79 5265.20 3258.95 5203.29 3271.14
26071-300-M6-053-00008 0.07667908817529678 5873.72 3152.10 5909.05 3155.08 5904.44 3209.77 5869.11 3206.79
26071-300-M6-053-00008 0.06661317497491837 6500.42 5734.14 6823.47 5727.92 6824.68 5791.01 6501.63 5797.23
26071-203-M6-060-00001 0.11822648346424103 3615.50 1372.79 3705.06 1371.14 3705.68 1404.64 3616.12 1406.29
26071-200-M6-063-00010 0.13902366161346436 3156.84 3816.12 3204.12 3811.08 3216.18 3924.16 3168.89 3929.20
26071-200-M6-063-00010 0.07990968972444534 5981.14 1777.71 6040.64 1767.83 6068.42 1935.25 6008.93 1945.13
26071-200-M6-063-00010 0.05116696283221245 4505.74 2458.06 4609.78 2469.34 4599.85 2561.00 4495.80 2549.72
26071-200-M6-063-00010 0.05046231299638748 2629.56 4172.76 2668.28 4148.95 2683.92 4174.39 2645.20 4198.20
26071-203-M6-060-00006 0.9838470816612244 3227.53 3009.35 3298.08 3017.38 3287.83 3107.42 3217.28 3099.39
26071-203-M6-060-00006 0.0977138876914978 3159.13 2867.65 3192.84 2867.21 3194.06 2960.23 3160.35 2960.67
26071-203-M6-060-00006 0.09103287011384964 3158.14 3157.31 3193.79 3157.19 3194.12 3250.65 3158.46 3250.77
26071-203-M6-060-00006 0.07014013081789017 6865.04 4276.59 7133.11 4271.06 7134.13 4320.88 6866.07 4326.41
26071-203-M6-060-00006 0.0683060735464096 2902.84 4724.16 2936.26 4726.13 2930.83 4818.25 2897.41 4816.28
26071-203-M6-060-00006 0.06570152193307877 3550.51 4725.00 3582.91 4725.63 3581.12 4817.75 3548.72 4817.12
26071-203-M6-060-00006 0.056205715984106064 3818.70 4353.27 4151.85 4355.67 4151.51 4402.49 3818.37 4400.09
26071-203-M6-325-00013 0.09142494946718216 3428.26 4700.18 3497.39 4698.92 3500.75 4882.92 3431.62 4884.19
26071-300-M6-053-00012 0.9928008317947388 4511.60 5724.54 4604.03 5730.53 4599.41 5801.80 4506.98 5795.81
26071-300-M6-053-00012 0.9912769794464111 6390.83 5727.92 6482.77 5731.67 6479.93 5801.26 6387.99 5797.51
26071-300-M6-053-00012 0.10825351625680923 4591.84 3374.11 4703.29 3357.64 4725.22 3505.96 4613.77 3522.44
26071-300-M6-053-00012 0.07875092327594757 5703.79 2122.02 5764.98 2117.03 5774.80 2237.63 5713.61 2242.62
26071-300-M6-053-00012 0.07132391631603241 2192.09 1702.91 2225.55 1703.08 2224.98 1817.53 2191.52 1817.36
26071-300-M6-053-00012 0.05436888337135315 5716.69 2247.67 5765.21 2252.94 5761.69 2285.35 5713.17 2280.07
26071-300-M6-053-00012 0.051576439291238785 2993.73 1700.08 3027.30 1699.72 3028.57 1817.44 2995.00 1817.80
26071-300-M6-053-00012 0.051144521683454514 4575.25 3526.50 4677.59 3526.19 4677.70 3559.23 4575.35 3559.54
26071-675-M6-068-00034 0.14977379143238068 3022.59 3361.14 3132.93 3355.82 3135.63 3411.72 3025.29 3417.04
26071-675-M6-068-00034 0.14058427512645721 3355.39 5372.11 3415.82 5408.22 3365.76 5491.99 3305.33 5455.88
26071-675-M6-068-00034 0.12767089903354645 3506.48 5186.56 3616.05 5184.71 3616.99 5240.69 3507.43 5242.55
26071-675-M6-068-00034 0.11838479340076447 3356.07 5184.43 3522.96 5187.03 3522.06 5244.78 3355.17 5242.19
26071-675-M6-068-00034 0.11090852320194244 3770.63 3360.61 3884.17 3355.41 3886.74 3411.49 3773.20 3416.69
26071-675-M6-068-00034 0.09537114948034286 2760.11 5186.92 2866.76 5184.39 2868.08 5239.89 2761.43 5242.42
26071-675-M6-068-00034 0.07370605319738388 3325.77 1056.33 3419.58 969.34 3564.92 1126.07 3471.10 1213.07
26071-675-M6-068-00034 0.0684669092297554 2885.04 4810.33 2907.86 4829.07 2878.24 4865.14 2855.42 4846.40
26071-675-M6-068-00034 0.06266885250806808 4016.84 936.10 4133.60 939.37 4132.67 972.70 4015.91 969.44
26071-675-M6-068-00034 0.05932353436946869 2551.21 5475.96 2641.42 5477.95 2639.16 5580.84 2548.94 5578.85
26071-675-M6-068-00034 0.0566304512321949 4014.36 1236.59 4134.35 1239.43 4133.55 1273.30 4013.56 1270.46
26071-450-M6-082-00031 0.4684195816516876 5374.62 4921.27 5507.99 4924.53 5506.34 4992.11 5372.96 4988.84
26071-450-M6-082-00031 0.25451019406318665 2913.64 4936.46 3047.98 4931.64 3050.75 5009.06 2916.42 5013.88
26071-450-M6-082-00031 0.14207883179187775 3690.79 3074.05 3741.57 3081.01 3724.36 3206.53 3673.58 3199.57
26071-450-M6-082-00031 0.0591975562274456 3769.79 2831.76 3802.26 2830.46 3807.11 2951.16 3774.64 2952.46
26071-450-M6-082-00031 0.057802196592092514 3008.26 3257.92 3609.87 3270.34 3605.56 3479.26 3003.94 3466.84
26071-450-M6-082-00031 0.051968324929475784 3757.25 6445.22 3790.60 6438.12 3808.86 6523.89 3775.51 6530.99
26071-200-M6-062-00276 0.20784632861614227 6035.67 4096.99 6124.02 4102.21 6105.75 4411.48 6017.39 4406.26
26071-200-M6-062-00276 0.12338908761739731 6454.57 4125.12 6549.30 4121.14 6562.05 4424.84 6467.32 4428.81
26071-200-M6-062-00276 0.09607579559087753 4843.21 4055.09 4873.07 4078.48 4837.25 4124.20 4807.39 4100.82
26071-200-M6-062-00276 0.07591024041175842 5163.58 4090.00 5208.97 4057.41 5230.45 4087.34 5185.07 4119.92
26071-200-M6-062-00276 0.07234083861112595 3390.81 4095.05 3433.61 4059.64 3455.08 4085.59 3412.28 4121.00
26071-200-M6-062-00276 0.07093001157045364 2979.46 4085.93 3023.04 4058.37 3040.45 4085.89 2996.87 4113.45
26071-200-M6-062-00276 0.06238669529557228 3158.56 4084.58 3204.53 4063.05 3218.27 4092.40 3172.31 4113.92
26071-200-M6-062-00276 0.05676225945353508 5045.93 4087.27 5088.92 4057.94 5107.07 4084.56 5064.08 4113.88
26071-500-M6-059-00011 0.13187077641487122 4684.88 1624.01 4752.46 1672.37 4711.00 1730.30 4643.43 1681.94
26071-500-M6-059-00011 0.11956827342510223 5189.86 1941.44 5259.49 1932.58 5269.67 2012.55 5200.03 2021.41
26071-500-M6-059-00011 0.104368656873703 7323.51 3274.58 7431.63 3276.13 7431.14 3310.20 7323.02 3308.65
26071-500-M6-059-00011 0.08617056161165237 5246.19 2093.03 5311.30 2097.98 5302.80 2209.68 5237.70 2204.73
26071-500-M6-059-00011 0.06428834795951843 5721.87 2194.41 5805.43 2202.05 5793.35 2334.26 5709.78 2326.62
26071-500-M6-059-00011 0.05941076576709747 2238.95 3960.83 2293.42 3956.19 2301.60 4052.04 2247.12 4056.68
26071-600-M6-065-00021 0.9861271381378174 5705.13 5432.26 5797.66 5431.86 5797.97 5503.18 5705.45 5503.58
26071-600-M6-065-00021 0.9851754307746887 3967.99 5433.50 4062.28 5432.28 4063.17 5500.80 3968.88 5502.03
26071-600-M6-065-00021 0.1363518387079239 4588.71 1637.09 4702.33 1634.19 4703.18 1667.37 4589.55 1670.26
26071-600-M6-065-00021 0.07522758841514587 7153.03 5519.27 7476.79 5503.97 7480.54 5583.32 7156.78 5598.62
26071-600-M6-065-00021 0.05261845141649246 3693.16 5561.35 3826.43 5562.90 3825.61 5633.82 3692.34 5632.27
26071-600-M6-065-00021 0.052294693887233734 3572.73 5428.72 3706.98 5435.53 3704.63 5481.85 3570.38 5475.04
26071-500-M6-059-00013 0.9858945608139038 2931.30 3638.68 3000.62 3640.64 2997.99 3733.46 2928.67 3731.50
26071-500-M6-059-00013 0.10593879967927933 2930.41 4768.32 2976.10 4770.04 2972.47 4866.03 2926.78 4864.30
26071-500-M6-059-00044 0.22225354611873627 2651.01 4972.92 2721.45 4969.70 2725.70 5062.60 2655.26 5065.82
26071-500-M6-059-00044 0.21395933628082275 4209.68 4969.44 4274.32 4971.27 4271.89 5057.24 4207.25 5055.42
26071-500-M6-059-00044 0.08701430261135101 1045.28 6369.01 1092.75 6357.98 1113.13 6445.79 1065.66 6456.81
26071-500-M6-059-00044 0.06134903430938721 6962.38 5635.47 7032.99 5641.01 7024.89 5744.26 6954.28 5738.72
26071-500-M6-059-00044 0.060242846608161926 7188.32 4085.77 7253.50 4093.56 7242.56 4185.08 7177.38 4177.29
26071-500-M6-059-00044 0.059226445853710175 2707.43 4915.25 2756.94 4905.64 2778.87 5018.52 2729.37 5028.14
26071-500-M6-059-00044 0.05837253853678703 6565.11 735.01 6651.52 701.58 6695.21 814.51 6608.81 847.94
26071-500-M6-059-00044 0.053551189601421356 7281.95 6086.66 7339.91 6085.41 7343.27 6240.87 7285.31 6242.12
26071-500-M6-059-00044 0.05269881710410118 1058.22 2137.84 1116.27 2133.39 1124.21 2236.99 1066.16 2241.43
26071-500-M6-059-00044 0.051826927810907364 4268.48 4908.83 4318.25 4902.52 4333.05 5019.38 4283.28 5025.68
26071-200-M6-052-00093 0.16369809210300446 6769.48 3589.47 6803.79 3588.43 6807.38 3706.97 6773.06 3708.01
26071-200-M6-052-00093 0.09273426234722137 4081.25 1662.24 4135.77 1662.01 4135.93 1699.86 4081.42 1700.10
26071-200-M6-052-00093 0.08341991901397705 4693.21 4773.02 4733.48 4787.37 4713.35 4843.88 4673.08 4829.54
26071-200-M6-052-00093 0.07536887377500534 6824.16 4613.67 7120.16 4597.25 7124.32 4672.07 6828.32 4688.49
26071-200-M6-052-00093 0.075196772813797 5073.11 5264.13 5201.72 5258.66 5203.10 5291.19 5074.49 5296.66
26071-200-M6-052-00093 0.07327564060688019 4534.83 2430.26 4580.02 2435.27 4576.39 2467.98 4531.21 2462.97
26071-200-M6-052-00093 0.06708119809627533 7057.08 3597.47 7089.33 3595.95 7094.74 3710.84 7062.49 3712.36
26071-200-M6-052-00093 0.061401039361953735 4096.66 4020.87 4136.79 4042.16 4121.65 4070.70 4081.52 4049.42
26071-200-M6-052-00093 0.060162946581840515 6377.43 4496.19 6494.84 4490.01 6496.57 4522.85 6379.16 4529.03
26071-200-M6-052-00093 0.051898181438446045 4548.59 4665.96 4585.36 4695.26 4567.22 4718.03 4530.45 4688.72
26071-200-M6-052-00002 0.12050698697566986 3044.97 3308.30 3091.31 3304.06 3094.17 3335.26 3047.83 3339.51
26071-200-M6-052-00002 0.10654758661985397 4078.83 4384.91 4126.51 4380.80 4140.93 4548.11 4093.25 4552.22
26071-200-M6-052-00002 0.08695188909769058 6163.09 1910.58 6213.93 1915.35 6208.99 1968.05 6158.15 1963.29
26071-200-M6-052-00002 0.08406372368335724 6254.65 1305.80 6570.97 1287.36 6574.63 1350.24 6258.32 1368.68
26071-200-M6-052-00002 0.058190762996673584 6231.11 1831.56 6284.14 1829.95 6287.31 1934.08 6234.29 1935.69
26071-200-M6-052-00002 0.057487763464450836 4363.80 4995.70 4406.08 5030.62 4382.98 5058.58 4340.71 5023.67
26071-675-M6-068-10002 0.12269041687250137 3712.33 3744.13 3800.32 3744.14 3800.31 3824.75 3712.32 3824.74
26071-675-M6-068-10002 0.10690788924694061 2408.86 3753.46 2492.37 3752.26 2493.27 3814.41 2409.75 3815.61
26071-675-M6-068-10002 0.08369073271751404 3553.89 5351.39 3633.86 5362.51 3624.55 5429.48 3544.58 5418.37
26071-675-M6-068-10002 0.05742715671658516 2232.80 5361.22 2322.59 5358.33 2324.71 5424.21 2234.93 5427.10
26071-750-M6-085-00012 0.31765344738960266 2983.91 4422.45 3104.90 4422.04 3105.04 4462.92 2984.05 4463.33
26071-750-M6-085-00012 0.13117116689682007 1156.44 2339.28 1197.98 2336.91 1203.99 2442.39 1162.45 2444.75
26071-750-M6-085-00012 0.09327063709497452 2472.10 3671.37 2571.46 3678.62 2566.53 3746.02 2467.17 3738.76
26071-750-M6-085-00012 0.08340094238519669 7902.45 2267.00 8010.82 2270.52 8009.75 2303.50 7901.38 2299.97
26071-750-M6-085-00012 0.07063986361026764 4513.53 2773.16 4733.75 2772.51 4733.96 2846.31 4513.74 2846.96
26071-750-M6-085-00012 0.06866125017404556 6980.43 3797.47 7083.89 3809.45 7078.14 3859.11 6974.67 3847.13
26071-750-M6-085-00012 0.06827746331691742 7192.72 1298.71 7381.18 1316.36 7372.57 1408.28 7184.11 1390.63
26071-750-M6-085-00012 0.0663837268948555 7615.54 1329.74 7734.45 1327.56 7735.07 1361.11 7616.15 1363.28
26071-750-M6-085-00012 0.06199945881962776 2488.05 2949.09 2670.13 2951.62 2669.14 3023.01 2487.06 3020.48
26071-750-M6-085-00012 0.056828632950782776 6524.38 2930.88 6879.66 2927.29 6880.39 3000.03 6525.11 3003.63
26071-750-M6-085-00012 0.05160930007696152 4277.15 3293.55 4338.54 3290.54 4343.29 3387.39 4281.91 3390.41
26071-750-M6-085-00012 0.05134017765522003 5075.87 2587.82 5196.51 2595.89 5194.35 2628.13 5073.71 2620.07
26071-200-M6-062-00277 0.06736107915639877 5606.44 1619.07 5960.00 1598.53 5965.55 1693.92 5611.98 1714.46
26071-200-M6-062-00277 0.05984623730182648 4063.05 1614.68 4432.52 1609.20 4433.85 1698.87 4064.38 1704.36
26071-200-M6-062-00277 0.05675947293639183 4070.94 3398.07 4432.97 3367.58 4440.34 3455.01 4078.30 3485.50
26071-200-M6-062-00277 0.05478702485561371 4055.56 3038.22 4427.63 3037.32 4427.84 3122.22 4055.76 3123.12
26071-200-M6-062-00277 0.05358479917049408 5605.61 2911.00 5971.19 2917.69 5969.60 3004.27 5604.02 2997.57
26071-200-M6-062-00277 0.051143188029527664 5608.12 1961.56 5967.64 1969.67 5965.64 2058.09 5606.13 2049.98
26071-200-M6-062-00277 0.050351276993751526 7262.11 4003.42 7417.12 4005.07 7416.21 4090.19 7261.21 4088.54
26071-600-M6-065-00259 0.16980500519275665 708.60 1719.75 831.01 1718.73 831.27 1750.61 708.86 1751.63
26071-600-M6-065-00259 0.12986724078655243 707.67 2948.28 829.44 2948.72 829.33 2980.49 707.55 2980.06
26071-200-M6-052-00544 0.33956098556518555 4036.55 3965.61 4099.39 3975.60 4077.76 4111.72 4014.91 4101.73
26071-200-M6-052-00544 0.11798103153705597 1337.86 4259.06 1406.46 4260.95 1400.67 4471.60 1332.08 4469.72
26071-200-M6-052-00544 0.1073630154132843 4528.59 4129.03 4681.94 4129.13 4681.91 4174.42 4528.56 4174.31
26071-200-M6-052-00544 0.06080417335033417 5987.44 5360.93 6118.38 5406.42 6093.14 5479.06 5962.21 5433.57
26071-200-M6-052-00544 0.05487336590886116 4819.92 4148.33 4866.15 4148.73 4865.89 4178.54 4819.66 4178.14
26071-200-M6-052-00544 0.05155260115861893 5055.45 4150.57 5100.81 4146.63 5103.37 4176.14 5058.01 4180.08
26071-600-M6-066-00003 0.1119263619184494 4879.40 2153.12 4981.61 2152.25 4982.14 2215.42 4879.93 2216.28
26071-600-M6-066-00003 0.053996965289115906 3632.36 5381.60 3680.14 5392.61 3662.88 5467.47 3615.11 5456.46
26071-600-M6-066-00003 0.051668524742126465 2333.98 5022.51 2377.08 5001.44 2389.33 5026.51 2346.23 5047.57
26071-750-M6-085-00309 0.05010471120476723 5789.97 3136.87 5872.04 3087.07 5943.62 3205.04 5861.55 3254.84
