26071-200-M6-052-00001 0.13589264452457428 5813.95 2476.94 6102.02 2481.13 6100.67 2574.09 5812.60 2569.90
26071-200-M6-052-00001 0.10115469992160797 3079.91 3597.00 3211.57 3594.68 3212.14 3626.56 3080.47 3628.88
26071-200-M6-052-00001 0.050529539585113525 3882.92 3289.56 3961.52 3294.00 3955.63 3398.31 3877.03 3393.88
26071-200-M6-052-00539 0.07068321108818054 2424.02 788.80 2478.34 786.25 2479.59 812.98 2425.28 815.53
26071-200-M6-052-00539 0.05235034599900246 2168.40 4497.28 2325.97 4497.70 2325.76 4575.78 2168.19 4575.36
26071-203-M6-325-00012 0.058943137526512146 6157.99 6485.90 6208.54 6488.29 6198.12 6708.83 6147.56 6706.44
26071-203-M6-325-00012 0.05894266068935394 4956.89 6490.24 5007.47 6492.15 4999.33 6706.87 4948.75 6704.95
26071-203-M6-325-00012 0.05767357721924782 5860.38 640.54 5911.05 643.38 5898.99 858.82 5848.31 855.98
26071-203-M6-325-00012 0.056790754199028015 4057.36 6488.67 4108.36 6491.02 4098.45 6706.76 4047.45 6704.42
26071-203-M6-325-00012 0.05674772337079048 6758.34 6489.08 6809.25 6491.25 6800.14 6704.67 6749.23 6702.50
26071-203-M6-325-00012 0.055881090462207794 4656.84 6490.55 4707.33 6492.40 4699.52 6706.30 4649.03 6704.46
26071-203-M6-325-00012 0.05524303391575813 7057.14 6489.56 7108.38 6491.87 7098.71 6706.35 7047.47 6704.04
26071-203-M6-325-00012 0.0543249174952507 4358.54 6487.70 4409.38 6489.81 4400.48 6704.02 4349.64 6701.91
26071-700-M6-054-00246 0.05738794431090355 2843.91 1776.91 2902.44 1771.13 2903.94 1786.33 2845.41 1792.10
26071-500-M6-059-00040 0.06655851751565933 2812.58 3965.91 2900.30 3969.54 2894.23 4116.31 2806.51 4112.69
26071-500-M6-059-00040 0.051713984459638596 4112.03 3966.97 4195.87 3969.49 4191.51 4114.24 4107.67 4111.72
26071-203-M6-333-00010 0.052190136164426804 3654.28 4265.18 3777.74 4284.16 3769.73 4336.29 3646.27 4317.31
26071-203-M6-333-00010 0.050026893615722656 2556.68 3727.16 2606.76 3727.88 2603.55 3952.31 2553.47 3951.59
26071-750-M6-085-00286 0.07499152421951294 6093.90 2327.10 6223.33 2328.43 6223.00 2360.59 6093.57 2359.26
26071-750-M6-085-00286 0.05245454981923103 1775.95 3974.56 1826.46 3976.22 1825.55 4004.08 1775.04 4002.42
26071-550-M6-084-00248 0.05030886083841324 2069.95 2711.30 2297.71 2709.17 2298.15 2756.28 2070.39 2758.41
26071-203-M6-321-00604 0.0709511786699295 1833.63 1055.10 1886.59 1056.36 1885.93 1084.10 1832.97 1082.83
26071-203-M6-321-00604 0.06640534847974777 1834.04 1302.73 1886.41 1304.62 1885.41 1332.53 1833.03 1330.64
26071-203-M6-321-00604 0.05870137736201286 1833.93 1541.04 1886.17 1543.72 1884.73 1571.77 1832.49 1569.08
26071-203-M6-321-00604 0.05288805440068245 6481.70 2534.40 6533.37 2533.07 6534.06 2559.72 6482.38 2561.05
26071-203-M6-321-00604 0.051594749093055725 5709.88 3055.09 6259.10 3058.63 6258.81 3103.79 5709.59 3100.26
26071-300-M6-053-00309 0.06290929764509201 5526.46 3973.90 5606.62 3968.61 5616.14 4112.60 5535.97 4117.90
26071-300-M6-053-00309 0.05604160577058792 2281.85 3969.18 2365.09 3968.13 2366.90 4111.30 2283.66 4112.35
26071-300-M6-053-00309 0.05530589446425438 4308.57 2084.76 4385.84 2060.22 4416.89 2158.04 4339.62 2182.57
26071-450-M6-082-00009 0.0886889323592186 3596.91 5196.01 3628.20 5194.09 3636.18 5324.71 3604.89 5326.62
26071-450-M6-082-00009 0.07882990688085556 4549.20 1199.79 4601.74 1197.86 4602.75 1225.17 4550.20 1227.10
26071-450-M6-082-00009 0.07735628634691238 3400.85 1192.26 3478.52 1187.26 3487.96 1333.95 3410.29 1338.94
26071-450-M6-082-00009 0.07564394921064377 3865.62 3619.23 3917.33 3620.04 3916.89 3648.24 3865.18 3647.43
26071-450-M6-082-00009 0.06597477942705154 4919.27 6187.89 4998.71 6177.15 5019.19 6328.58 4939.75 6339.32
26071-450-M6-082-00009 0.0516417995095253 2492.84 2487.54 2623.25 2489.49 2622.77 2521.52 2492.36 2519.56
26071-750-M6-085-00007 0.9630879759788513 2839.89 2800.05 3128.05 2796.79 3128.59 2844.75 2840.44 2848.02
26071-750-M6-085-00007 0.9620835781097412 1245.04 2800.70 1533.14 2797.12 1533.73 2844.92 1245.63 2848.50
26071-750-M6-085-00007 0.9584066867828369 3373.06 2801.54 3660.09 2798.39 3660.61 2846.25 3373.59 2849.40
26071-750-M6-085-00007 0.9525225758552551 1778.53 2801.39 2065.06 2798.10 2065.61 2845.85 1779.08 2849.14
26071-750-M6-085-00007 0.13216540217399597 3460.19 2822.34 3578.17 2822.33 3578.19 3062.43 3460.20 3062.44
26071-750-M6-085-00007 0.1279986947774887 2925.11 2825.44 3043.67 2823.28 3048.04 3063.20 2929.49 3065.36
26071-750-M6-085-00007 0.12580615282058716 1333.50 2816.59 1451.23 2815.84 1452.81 3061.87 1335.09 3062.63
26071-750-M6-085-00007 0.11787641048431396 1860.35 2824.79 1978.68 2820.11 1988.24 3061.80 1869.91 3066.48
26071-750-M6-085-00007 0.07605276256799698 5785.63 2571.16 5903.51 2569.07 5904.11 2602.64 5786.23 2604.74
26071-750-M6-085-00007 0.06443082541227341 6693.21 6178.57 6776.43 6171.22 6788.86 6311.96 6705.63 6319.30
26071-750-M6-085-00007 0.06186617538332939 6428.81 2086.88 6481.02 2087.59 6480.66 2114.39 6428.45 2113.69
26071-750-M6-085-00007 0.053707245737314224 5879.02 2076.29 5967.83 2076.90 5966.88 2214.53 5878.07 2213.92
26071-203-M6-337-00031 0.05511592701077461 7047.06 6273.83 7099.58 6276.32 7098.30 6303.41 7045.77 6300.91
26071-203-M6-337-00031 0.05300486832857132 6657.96 6146.93 6767.02 6130.71 6805.52 6389.55 6696.46 6405.77
26071-203-M6-332-00001 0.06234123930335045 3850.82 3088.02 3975.91 3050.30 4023.43 3207.89 3898.34 3245.61
26071-203-M6-332-00001 0.06182297319173813 5950.89 3088.05 6076.51 3050.16 6124.06 3207.79 5998.44 3245.68
26071-203-M6-332-00001 0.060832541435956955 4250.15 3078.53 4373.46 3036.61 4429.70 3202.06 4306.39 3243.97
26071-203-M6-332-00001 0.0515240840613842 4332.73 2781.79 4426.08 2796.02 4386.71 3054.24 4293.37 3040.01
26071-203-M6-332-00001 0.05003448575735092 5124.47 3068.51 5251.03 3010.91 5331.24 3187.14 5204.68 3244.74
26071-203-M6-079-00001 0.07009124010801315 2572.62 4895.54 2604.10 4896.73 2599.07 5029.48 2567.59 5028.28
26071-200-M6-052-00150 0.10239183902740479 2965.42 2615.76 3224.75 2604.87 3227.54 2671.39 2968.22 2682.28
26071-200-M6-052-00003 0.10527945309877396 1609.82 2381.99 1671.15 2374.13 1691.00 2529.10 1629.67 2536.95
26071-200-M6-052-00003 0.06659073382616043 4189.86 5097.29 4323.32 5097.73 4323.21 5129.75 4189.75 5129.32
26071-200-M6-052-00003 0.05454414337873459 4194.02 4986.61 4404.65 4948.83 4426.50 5070.65 4215.87 5108.44
26071-203-M6-321-00225 0.05226605013012886 6744.03 3470.02 6787.89 3470.19 6787.77 3499.25 6743.91 3499.07
26071-700-M6-054-00036 0.07192015647888184 4373.43 4473.27 4464.41 4475.27 4461.93 4588.30 4370.95 4586.31
26071-700-M6-054-00036 0.06716518849134445 4563.03 3757.30 4690.36 3757.04 4690.43 3789.40 4563.09 3789.66
26071-700-M6-054-00036 0.052845243364572525 4618.83 5244.59 4696.75 5253.78 4685.16 5352.15 4607.23 5342.96
26071-203-M6-320-00044 0.07189682126045227 4592.19 4235.62 4646.79 4237.60 4645.83 4264.01 4591.24 4262.03
26071-600-M6-065-00231 0.9706982374191284 7107.92 3499.09 7392.88 3493.67 7393.79 3541.16 7108.83 3546.58
26071-600-M6-065-00231 0.959948718547821 6578.18 3498.58 6862.96 3494.78 6863.60 3542.75 6578.82 3546.54
26071-600-M6-065-00231 0.1379610300064087 6657.13 3519.78 6774.25 3516.92 6780.07 3755.98 6662.95 3758.83
26071-600-M6-065-00231 0.13288156688213348 7186.30 3522.59 7303.92 3516.42 7316.55 3756.99 7198.93 3763.16
26071-600-M6-065-00231 0.09465783834457397 6705.17 1453.19 6812.41 1447.03 6821.32 1602.18 6714.08 1608.34
26071-600-M6-065-00231 0.09413924813270569 3422.02 5490.48 3594.96 5558.86 3560.94 5644.92 3387.99 5576.55
26071-600-M6-065-00231 0.09406623989343643 3281.61 1555.69 3371.65 1549.43 3380.98 1683.58 3290.94 1689.85
26071-600-M6-065-00231 0.06864392757415771 6708.23 1909.02 6806.80 1900.22 6822.07 2071.29 6723.50 2080.09
26071-500-M6-059-00071 0.07496117055416107 1483.76 5236.30 1658.61 5239.79 1657.33 5303.63 1482.49 5300.14
26071-500-M6-059-00071 0.06498389691114426 2931.77 2787.43 3018.71 2794.52 3007.83 2927.95 2920.89 2920.86
26071-500-M6-059-00071 0.059053849428892136 4146.74 2793.84 4198.89 2794.07 4198.76 2822.14 4146.61 2821.90
26071-500-M6-059-00071 0.05520506948232651 5510.13 3876.60 5580.85 3855.66 5621.26 3992.11 5550.54 4013.06
26071-500-M6-059-00071 0.05035008490085602 3462.32 3264.82 3544.87 3266.68 3541.89 3399.14 3459.34 3397.29
26071-203-M6-320-00008 0.05086388438940048 4886.25 3852.04 5001.60 3849.31 5007.04 4078.81 4891.70 4081.55
26071-500-M6-059-00116 0.05420953407883644 364.45 4213.55 916.88 4207.99 917.74 4293.12 365.31 4298.68
26071-203-M6-337-00007 0.05366833880543709 5110.28 3072.23 5158.29 3069.51 5163.62 3163.28 5115.61 3166.01
26071-203-M6-337-00007 0.05281757563352585 5114.44 5766.50 5163.06 5767.09 5161.89 5862.78 5113.27 5862.18
26071-203-M6-337-00007 0.05194813013076782 2793.48 3751.56 2909.37 3749.54 2910.23 3799.04 2794.34 3801.06
26071-200-M6-052-00090 0.06520096212625504 5125.92 5229.17 5177.90 5227.62 5178.74 5255.72 5126.76 5257.27
26071-200-M6-052-00090 0.05368539318442345 5675.61 2414.84 5754.85 2415.03 5754.55 2537.02 5675.31 2536.82
26071-203-M6-320-00061 0.07465902715921402 7196.61 3116.90 7248.14 3118.18 7247.45 3145.97 7195.92 3144.69
26071-600-M6-065-00037 0.10902506113052368 5675.42 3083.45 5761.05 3074.53 5772.99 3189.10 5687.35 3198.02
26071-600-M6-065-00037 0.08546894788742065 3001.02 3086.18 3080.55 3081.60 3087.26 3198.28 3007.74 3202.86
26071-600-M6-065-00037 0.06460703164339066 6113.66 3156.87 6207.44 3155.31 6207.96 3186.58 6114.18 3188.15
26071-600-M6-065-00037 0.055800579488277435 2477.80 3171.31 2573.36 3170.49 2573.65 3203.46 2478.09 3204.29
26071-300-M6-053-00010 0.0652712881565094 4055.98 3091.88 4139.57 3094.99 4134.47 3231.94 4050.88 3228.82
26071-203-M6-320-00042 0.1649383157491684 2219.94 3556.20 2315.40 3558.78 2298.40 4188.65 2202.93 4186.07
26071-203-M6-320-00042 0.1538722813129425 2603.82 3563.48 2700.07 3561.83 2710.52 4171.39 2614.27 4173.04
26071-203-M6-320-00042 0.07148755341768265 1487.37 4045.58 1538.26 4042.66 1539.93 4071.76 1489.04 4074.68
26071-203-M6-320-00042 0.06567917764186859 2218.82 4111.51 2313.55 4111.36 2313.63 4162.74 2218.90 4162.88
26071-200-M6-052-00540 0.06116202846169472 5474.91 1095.67 5522.52 1090.58 5579.22 1620.84 5531.61 1625.94
26071-200-M6-052-00540 0.06075968220829964 4344.76 1235.37 4394.05 1234.83 4397.04 1510.41 4347.75 1510.95
26071-200-M6-052-00540 0.05393856018781662 6080.51 1149.76 6134.06 1137.31 6224.50 1526.51 6170.94 1538.95
26071-200-M6-052-00540 0.0535876639187336 1347.21 5436.98 1397.13 5437.50 1394.20 5713.81 1344.29 5713.28
26071-200-M6-052-00540 0.05186419561505318 6398.55 5315.51 6450.85 5314.37 6462.51 5847.86 6410.20 5849.01
26071-203-M6-160-00291 0.11974228173494339 6389.93 2829.86 6437.28 2831.53 6433.94 2926.18 6386.58 2924.51
26071-203-M6-160-00291 0.0795702263712883 6382.90 3078.66 6429.02 3070.43 6444.81 3158.87 6398.69 3167.10
26071-203-M6-160-00291 0.07611888647079468 1479.25 3008.27 1561.15 3009.15 1559.79 3136.46 1477.90 3135.59
26071-203-M6-160-00291 0.06791525334119797 3044.67 2232.85 3337.94 2217.64 3343.55 2325.87 3050.28 2341.07
26071-203-M6-160-00291 0.06593587249517441 6465.67 2783.40 6499.19 2783.78 6497.81 2905.07 6464.30 2904.69
26071-203-M6-160-00291 0.05615915358066559 6469.44 3006.26 6500.90 3008.08 6493.17 3141.91 6461.71 3140.09
26071-300-M6-053-00008 0.0689815953373909 5579.42 750.11 5631.32 748.42 5632.26 777.15 5580.36 778.84
26071-203-M6-060-00001 0.061505500227212906 1620.02 5490.90 1651.82 5492.39 1645.83 5620.02 1614.03 5618.53
26071-203-M6-060-00006 0.965580940246582 6864.63 4274.18 7148.31 4276.92 7147.84 4324.95 6864.17 4322.21
26071-203-M6-060-00006 0.962312638759613 6421.80 4277.80 6709.11 4274.25 6709.70 4321.90 6422.39 4325.45
26071-203-M6-060-00006 0.13983990252017975 6503.08 4293.99 6619.05 4289.53 6628.38 4532.22 6512.41 4536.68
26071-203-M6-060-00006 0.1134391725063324 6939.67 4307.27 7058.69 4305.42 7062.21 4530.72 6943.18 4532.58
26071-203-M6-325-00013 0.06437623500823975 3405.14 4762.36 3498.08 4752.30 3515.10 4909.57 3422.16 4919.63
26071-203-M6-325-00013 0.05002998560667038 3189.12 4774.04 3220.02 4775.52 3213.52 4911.35 3182.62 4909.87
26071-300-M6-053-00012 0.10167434066534042 4603.10 3377.04 4701.59 3373.21 4703.48 3421.91 4604.99 3425.74
26071-300-M6-053-00012 0.0680951252579689 4253.29 3848.64 4424.88 3890.19 4406.14 3967.56 4234.55 3926.01
26071-300-M6-053-00012 0.0555659756064415 7593.73 1203.09 8130.19 1196.70 8130.78 1246.20 7594.32 1252.59
26071-675-M6-068-00034 0.07667466998100281 4761.74 3873.44 4794.64 3873.93 4792.74 4001.59 4759.83 4001.10
26071-675-M6-068-00034 0.065404012799263 5139.48 3800.62 5191.79 3797.23 5193.62 3825.46 5141.31 3828.86
26071-675-M6-068-00034 0.06438691914081573 5156.21 4488.16 5207.20 4488.28 5207.14 4515.96 5156.14 4515.84
26071-675-M6-068-00034 0.05979045853018761 2501.09 5716.16 2631.84 5718.95 2631.18 5749.58 2500.43 5746.79
26071-450-M6-082-00031 0.11012236028909683 5384.32 4909.68 5517.42 4935.84 5502.93 5009.56 5369.83 4983.40
26071-450-M6-082-00031 0.06292841583490372 3008.26 3257.92 3609.87 3270.34 3605.56 3479.26 3003.94 3466.84
26071-200-M6-062-00276 0.25698122382164 1254.38 3914.79 1330.95 3912.64 1336.69 4116.54 1260.12 4118.70
26071-200-M6-062-00276 0.1903158277273178 6029.55 4113.56 6122.02 4116.62 6111.74 4426.60 6019.27 4423.53
26071-200-M6-062-00276 0.1353583037853241 6471.17 4105.40 6571.61 4110.36 6554.49 4457.07 6454.06 4452.12
26071-200-M6-062-00276 0.06119002401828766 7514.88 4334.39 7568.53 4330.81 7570.23 4356.24 7516.58 4359.82
26071-200-M6-062-00276 0.0540320985019207 1531.79 2053.87 1650.13 2051.15 1653.44 2195.19 1535.10 2197.91
26071-200-M6-062-00276 0.05243898183107376 4490.32 5535.12 4542.72 5534.52 4543.02 5560.97 4490.62 5561.57
26071-500-M6-059-00011 0.0648680105805397 6876.90 2498.23 6931.17 2500.88 6929.86 2527.60 6875.59 2524.95
26071-500-M6-059-00011 0.06247652322053909 6878.90 1613.31 6930.60 1615.82 6929.28 1642.97 6877.59 1640.46
26071-500-M6-059-00011 0.05991639569401741 3854.80 5386.39 4179.00 5402.19 4176.45 5454.50 3852.25 5438.71
26071-500-M6-059-00011 0.0595753975212574 5696.20 2200.92 5779.55 2188.92 5800.24 2332.70 5716.89 2344.70
26071-500-M6-059-00011 0.059349577873945236 6783.61 2785.54 6870.35 2794.57 6856.46 2928.07 6769.72 2919.04
26071-500-M6-059-00011 0.057017430663108826 6876.23 1907.20 6928.32 1907.48 6928.16 1935.44 6876.08 1935.15
26071-500-M6-059-00011 0.05186661332845688 6876.05 2204.30 6929.39 2205.98 6928.54 2232.94 6875.20 2231.26
26071-600-M6-065-00021 0.07941509783267975 4180.67 2993.65 4310.46 2992.64 4310.71 3024.74 4180.92 3025.75
26071-600-M6-065-00021 0.07000019401311874 1978.79 1413.29 2010.27 1416.47 1997.01 1547.81 1965.52 1544.63
26071-600-M6-065-00021 0.06303874403238297 5328.71 1376.23 5381.95 1378.05 5381.00 1405.77 5327.76 1403.94
26071-600-M6-065-00021 0.05284786596894264 4773.07 2262.76 4905.10 2265.47 4904.44 2297.46 4772.41 2294.74
26071-600-M6-065-00021 0.050819627940654755 5798.57 5934.86 5928.35 5937.44 5927.71 5969.58 5797.93 5967.00
26071-500-M6-059-00044 0.09314150363206863 5509.03 1187.49 5611.58 1172.74 5632.97 1321.44 5530.42 1336.19
26071-500-M6-059-00044 0.07966367900371552 5147.17 3148.02 5327.49 3162.88 5319.94 3254.50 5139.61 3239.64
26071-500-M6-059-00044 0.06542544066905975 4631.89 1181.09 4743.61 1170.10 4759.79 1334.61 4648.07 1345.60
26071-500-M6-059-00044 0.06267157196998596 7561.66 727.86 7613.45 725.92 7614.47 753.14 7562.68 755.08
26071-500-M6-059-00044 0.05431581288576126 7176.38 4058.16 7256.66 4061.23 7252.04 4181.96 7171.76 4178.89
26071-500-M6-059-00044 0.053193025290966034 6597.10 714.88 6685.17 725.48 6668.69 862.35 6580.63 851.75
26071-500-M6-059-00044 0.051431674510240555 4089.39 6278.81 4142.85 6279.90 4142.29 6307.40 4088.83 6306.31
26071-200-M6-052-00093 0.07390536367893219 7456.39 4153.96 7508.71 4154.09 7508.65 4180.72 7456.32 4180.59
26071-200-M6-052-00093 0.05609666928648949 5681.01 1542.38 5733.69 1541.58 5734.12 1569.78 5681.44 1570.58
26071-200-M6-052-00093 0.051077574491500854 3926.58 1449.26 4533.20 1459.83 4529.51 1671.38 3922.90 1660.81
26071-200-M6-052-00002 0.12413837760686874 6167.00 1887.87 6455.33 1897.09 6452.41 1988.38 6164.08 1979.16
26071-750-M6-085-00012 0.059515103697776794 5075.87 2587.82 5196.51 2595.89 5194.35 2628.13 5073.71 2620.07
26071-200-M6-062-00277 0.07163175940513611 6072.99 4331.43 6125.30 4330.71 6125.66 4356.71 6073.35 4357.43
26071-200-M6-062-00277 0.05111626163125038 3911.33 2353.62 3963.48 2349.86 3965.44 2377.10 3913.30 2380.86
26071-200-M6-062-00277 0.050939228385686874 3868.27 1968.14 3900.29 1968.78 3899.74 1996.50 3867.72 1995.86
26071-600-M6-065-00259 0.06874273717403412 5912.05 3147.69 5966.56 3146.62 5967.11 3174.80 5912.60 3175.87
26071-600-M6-065-00259 0.059117816388607025 3477.54 4538.10 3498.11 4537.81 3498.63 4575.03 3478.05 4575.31
26071-200-M6-052-00544 0.24642300605773926 1316.88 4240.58 1397.87 4239.50 1400.84 4463.33 1319.84 4464.40
26071-200-M6-052-00544 0.06282677501440048 6973.14 2795.23 7025.19 2794.72 7025.46 2821.90 6973.41 2822.41
26071-200-M6-052-00544 0.05736272409558296 3350.14 2181.89 3382.10 2182.28 3380.51 2313.53 3348.56 2313.15
26071-200-M6-052-00544 0.05085961893200874 758.34 3955.72 790.11 3956.45 787.06 4088.23 755.30 4087.50
26071-600-M6-066-00003 0.05318601056933403 392.91 5704.71 919.91 5694.13 920.98 5746.95 393.97 5757.54
