26071-200-M6-052-00001 0.06306363642215729 2262.29 5781.01 2382.07 5776.36 2388.45 5940.97 2268.67 5945.62
26071-600-M6-066-00012 0.0705852136015892 4637.30 4616.41 4704.74 4628.76 4688.74 4716.12 4621.30 4703.77
26071-200-M6-052-00080 0.050489675253629684 7180.58 5227.34 7229.40 5228.33 7228.77 5259.41 7179.95 5258.42
26071-203-M6-337-00031 0.07658877968788147 5383.79 648.31 5564.41 634.45 5581.57 857.94 5400.94 871.81
26071-203-M6-332-00001 0.19507573544979095 2111.03 3856.40 2174.07 3894.64 2134.57 3959.76 2071.53 3921.52
26071-200-M6-052-00150 0.07605189085006714 1381.54 2394.44 1471.82 2413.71 1452.53 2504.14 1362.24 2484.88
26071-200-M6-052-00150 0.05257556587457657 5068.48 3978.53 5195.74 3989.33 5183.26 4136.35 5056.00 4125.54
26071-200-M6-052-00150 0.051401883363723755 3527.25 2994.06 3753.31 2981.17 3768.64 3250.03 3542.58 3262.92
26071-200-M6-052-00003 0.10089132189750671 2786.40 4539.98 2908.38 4538.98 2909.07 4624.08 2787.09 4625.07
26071-200-M6-052-00003 0.06725695729255676 3480.42 1886.94 3598.34 1881.01 3606.27 2038.50 3488.34 2044.43
26071-700-M6-054-00036 0.05173977091908455 5768.37 2857.36 5801.09 2857.36 5801.09 2904.97 5768.36 2904.97
26071-500-M6-059-00071 0.05655475705862045 1607.06 2580.16 1654.40 2556.42 1692.78 2632.97 1645.44 2656.70
26071-500-M6-059-00116 0.07323303818702698 5111.13 1329.34 5190.13 1336.52 5182.47 1420.73 5103.47 1413.55
26071-550-M6-084-00026 0.05834120139479637 4184.57 3408.52 4286.27 3413.06 4282.58 3495.78 4180.88 3491.25
26071-550-M6-084-00026 0.053123362362384796 1820.25 3402.88 1923.99 3412.12 1916.73 3493.69 1812.98 3484.45
26071-200-M6-052-00090 0.08687525242567062 3161.43 4010.35 3235.30 4038.28 3205.42 4117.34 3131.54 4089.41
26071-200-M6-052-00090 0.05246482789516449 3605.94 3410.30 3713.37 3421.67 3700.21 3545.94 3592.78 3534.56
26071-200-M6-052-00090 0.05095329508185387 3536.37 1577.66 3657.21 1573.80 3662.56 1741.36 3541.72 1745.21
26071-300-M6-053-00010 0.09709085524082184 7043.14 3124.51 7137.30 3126.97 7134.76 3223.96 7040.61 3221.50
26071-203-M6-320-00042 0.23134537041187286 3209.01 2864.20 3293.12 2887.87 3268.41 2975.62 3184.31 2951.95
26071-203-M6-160-00291 0.08329194039106369 3026.32 2205.27 3351.95 2263.11 3331.45 2378.53 3005.82 2320.70
26071-600-M6-066-00002 0.06353998929262161 4215.41 3735.39 4287.80 3731.03 4293.54 3826.25 4221.14 3830.61
26071-203-M6-325-00013 0.06279844045639038 1557.21 3973.60 1677.32 3969.77 1682.59 4135.01 1562.48 4138.84
26071-675-M6-068-00034 0.05546410754323006 2551.37 5471.08 2634.99 5476.66 2628.04 5580.84 2544.43 5575.27
26071-450-M6-082-00031 0.10929891467094421 5022.21 6084.91 5114.54 6076.07 5124.37 6178.82 5032.04 6187.65
26071-200-M6-062-00276 0.05444180592894554 2392.64 4593.52 2514.71 4596.39 2512.71 4681.59 2390.64 4678.73
26071-600-M6-065-00021 0.060051869601011276 5388.23 2906.90 5501.02 2934.38 5482.15 3011.81 5369.37 2984.33
26071-600-M6-065-00021 0.051665518432855606 2336.41 1484.22 2436.31 1403.19 2565.58 1562.56 2465.68 1643.59
26071-500-M6-059-00044 0.8826271891593933 1282.34 3591.20 1370.64 3622.20 1339.61 3710.57 1251.31 3679.57
26071-500-M6-059-00044 0.15971657633781433 1086.52 3591.81 1185.40 3627.17 1154.91 3712.41 1056.04 3677.05
26071-200-M6-052-00093 0.05583232641220093 1837.28 3411.43 1944.67 3415.41 1939.81 3546.46 1832.42 3542.48
26071-200-M6-052-00002 0.059636082500219345 7341.78 6045.03 7374.09 6046.52 7371.96 6092.70 7339.64 6091.21
26071-675-M6-068-10002 0.23137494921684265 4203.51 3785.39 4258.48 3736.62 4307.39 3791.76 4252.42 3840.53
26071-675-M6-068-10002 0.10636554658412933 5681.77 2036.33 5742.05 1984.00 5799.70 2050.42 5739.41 2102.75
26071-675-M6-068-10002 0.10414925962686539 2211.85 5374.53 2287.02 5330.40 2330.84 5405.05 2255.67 5449.17
26071-675-M6-068-10002 0.0973549410700798 2762.48 5369.03 2829.42 5353.01 2845.56 5420.39 2778.61 5436.42
26071-675-M6-068-10002 0.08322886377573013 3712.21 3739.81 3799.48 3746.51 3793.32 3826.67 3706.05 3819.96
26071-675-M6-068-10002 0.07895027846097946 7822.67 2125.34 7897.38 2165.96 7864.03 2227.28 7789.32 2186.66
26071-675-M6-068-10002 0.07816937565803528 3551.19 5352.87 3631.99 5366.03 3620.84 5434.46 3540.04 5421.30
26071-675-M6-068-10002 0.06395422667264938 2947.31 3750.82 3007.79 3767.64 2990.77 3828.83 2930.29 3812.01
26071-675-M6-068-10002 0.06310327351093292 2398.23 3753.94 2485.54 3756.82 2483.27 3825.76 2395.96 3822.88
26071-675-M6-068-10002 0.05900995433330536 4107.64 2010.33 4173.95 2013.03 4171.40 2075.52 4105.09 2072.81
26071-675-M6-068-10002 0.05231751129031181 4078.44 5369.74 4143.89 5359.31 4154.54 5426.20 4089.10 5436.63
26071-750-M6-085-00012 0.05638527497649193 5554.51 5158.04 5586.67 5159.75 5584.17 5206.64 5552.01 5204.93
26071-200-M6-052-00544 0.07677972316741943 2955.33 3911.61 3041.47 3916.98 3033.57 4043.59 2947.43 4038.22
26071-600-M6-066-00003 0.08790668100118637 7791.04 5217.33 7844.88 5245.52 7814.42 5303.70 7760.58 5275.50
