26071-200-M6-052-00001 0.9926763772964478 4400.19 2475.43 4491.95 2485.66 4481.71 2577.53 4389.95 2567.30
26071-500-M6-059-00017 0.10745055228471756 6374.68 1575.55 6502.13 1603.08 6476.02 1723.94 6348.57 1696.42
26071-500-M6-059-00017 0.08819642663002014 5798.34 3758.33 5898.23 3763.45 5889.48 3934.24 5789.59 3929.12
26071-500-M6-059-00017 0.0741128996014595 6370.52 3091.50 6494.35 3108.11 6477.64 3232.68 6353.81 3216.07
26071-500-M6-059-00017 0.06574812531471252 4385.27 1557.35 4513.59 1614.23 4453.25 1750.34 4324.94 1693.46
26071-500-M6-059-00017 0.05826278030872345 3945.53 4050.95 3990.76 4052.50 3989.18 4098.71 3943.95 4097.15
26071-600-M6-066-00012 0.9773246645927429 7279.79 2713.51 7369.08 2719.04 7363.25 2813.19 7273.96 2807.67
26071-600-M6-066-00012 0.07574466615915298 6300.47 4790.70 6347.45 4800.19 6337.92 4847.32 6290.95 4837.83
26071-600-M6-066-00012 0.05299585685133934 5614.83 3848.43 5766.57 3881.55 5733.24 4034.20 5581.50 4001.07
26071-200-M6-052-00539 0.07953345775604248 2644.10 1437.36 2691.08 1444.31 2684.18 1490.96 2637.20 1484.02
26071-200-M6-052-00539 0.058539602905511856 6091.74 4221.12 6166.53 4221.47 6165.48 4447.97 6090.69 4447.62
26071-200-M6-052-00539 0.05762365832924843 3709.37 1436.51 3755.00 1446.72 3744.78 1492.44 3699.14 1482.23
26071-200-M6-052-00539 0.05171865224838257 5177.60 6037.80 5331.30 6046.97 5322.21 6199.32 5168.51 6190.14
26071-200-M6-052-00539 0.05074700340628624 6000.49 4344.93 6048.63 4349.22 6044.54 4395.18 5996.39 4390.89
26071-500-M6-059-00248 0.9902887344360352 2200.04 2713.37 2292.16 2720.98 2284.46 2814.13 2192.35 2806.52
26071-500-M6-059-00248 0.07810326665639877 3724.53 3022.76 3811.75 3028.27 3803.15 3164.53 3715.93 3159.02
26071-203-M6-325-00012 0.1442614197731018 5779.54 663.64 5878.90 737.67 5809.26 831.14 5709.90 757.10
26071-203-M6-325-00012 0.10941224545240402 6081.00 665.50 6173.83 752.31 6097.32 834.12 6004.49 747.31
26071-700-M6-054-00246 0.08224694430828094 7614.22 2698.50 7733.28 2713.94 7717.67 2834.35 7598.61 2818.92
26071-700-M6-054-00246 0.08211016654968262 2784.63 4284.25 2903.79 4308.25 2880.69 4422.95 2761.52 4398.94
26071-700-M6-054-00246 0.08139774948358536 4321.81 3217.30 4437.70 3219.30 4435.20 3363.95 4319.31 3361.94
26071-700-M6-054-00246 0.07441996037960052 7614.99 2342.11 7733.20 2356.76 7718.07 2478.81 7599.86 2464.16
26071-700-M6-054-00246 0.053657710552215576 4332.52 4505.16 4422.32 4519.06 4415.18 4565.20 4325.38 4551.30
26071-700-M6-054-00246 0.053011614829301834 5234.40 2605.35 5390.94 2608.89 5387.68 2753.43 5231.13 2749.89
26071-500-M6-059-00040 0.08478260785341263 2812.58 3965.91 2900.30 3969.54 2894.23 4116.31 2806.51 4112.69
26071-500-M6-059-00040 0.05929502099752426 7921.11 2223.98 8041.26 2240.09 8025.27 2359.44 7905.11 2343.34
26071-500-M6-059-00040 0.057767048478126526 3648.19 2807.06 3812.94 2849.96 3768.08 3022.23 3603.33 2979.33
26071-500-M6-059-00040 0.0543544702231884 2531.36 1318.17 2589.77 1310.71 2605.28 1432.05 2546.86 1439.52
26071-750-M6-085-00286 0.06484762579202652 3526.55 3366.00 3604.77 3362.32 3609.60 3464.88 3531.38 3468.56
26071-550-M6-084-00248 0.9908508658409119 2200.73 2240.79 2293.99 2248.41 2286.36 2341.81 2193.11 2334.20
26071-550-M6-084-00248 0.12312527745962143 1972.83 5073.94 2064.21 5094.76 2045.08 5178.75 1953.69 5157.94
26071-550-M6-084-00248 0.05338664352893829 3758.26 2736.34 3804.96 2742.81 3798.42 2789.99 3751.73 2783.52
26071-203-M6-332-00008 0.07962808012962341 1860.28 4562.89 2006.88 4539.24 2031.86 4694.09 1885.26 4717.74
26071-203-M6-332-00008 0.05843895301222801 2204.10 3841.11 2325.42 3851.44 2306.38 4075.00 2185.06 4064.67
26071-203-M6-332-00008 0.054960668087005615 4602.95 3841.91 4724.02 3851.83 4705.66 4075.75 4584.59 4065.82
26071-200-M6-052-00080 0.9917831420898438 1398.77 5194.21 1490.48 5202.92 1481.83 5294.03 1390.12 5285.32
26071-200-M6-052-00080 0.9879531860351562 4870.96 5194.17 4961.96 5201.04 4954.95 5293.84 4863.95 5286.96
26071-200-M6-052-00080 0.9735363125801086 6736.48 2047.35 6824.95 2043.15 6829.50 2139.06 6741.04 2143.27
26071-200-M6-052-00080 0.9723007082939148 3312.29 2046.16 3399.72 2046.38 3399.48 2143.01 3312.06 2142.80
26071-200-M6-052-00080 0.06972352415323257 669.98 5178.61 788.99 5190.59 776.76 5312.05 657.75 5300.07
26071-200-M6-052-00080 0.060930777341127396 6972.46 1578.54 7092.92 1586.07 7085.32 1707.68 6964.86 1700.15
26071-200-M6-052-00080 0.05775690823793411 6442.43 2852.65 6518.53 2855.60 6514.22 2966.78 6438.12 2963.84
26071-300-M6-053-00309 0.15796127915382385 5988.63 2055.85 6047.43 2055.01 6048.97 2162.64 5990.16 2163.48
26071-300-M6-053-00309 0.14665549993515015 6061.02 1226.19 6119.94 1226.56 6119.29 1333.71 6060.36 1333.35
26071-300-M6-053-00309 0.09716875851154327 5530.83 3963.69 5612.62 3967.57 5605.83 4110.59 5524.05 4106.71
26071-300-M6-053-00309 0.08336036652326584 5490.42 4904.46 5625.49 4906.56 5622.33 5108.86 5487.26 5106.75
26071-450-M6-082-00009 0.061183638870716095 5176.93 6057.90 5327.43 6061.56 5323.74 6213.42 5173.24 6209.76
26071-200-M6-052-00552 0.05104329437017441 5246.55 4295.79 5315.67 4296.28 5314.70 4431.99 5245.58 4431.50
26071-203-M6-064-00271 0.0984826311469078 1332.27 4790.83 1419.84 4784.55 1427.83 4895.87 1340.26 4902.15
26071-203-M6-064-00271 0.0941164419054985 4914.16 3705.26 5036.62 3708.20 5031.31 3929.95 4908.84 3927.02
26071-203-M6-064-00271 0.08485159277915955 6397.51 3407.87 6524.80 3411.12 6519.39 3623.17 6392.10 3619.92
26071-203-M6-064-00271 0.08117255568504333 2138.16 6180.15 2242.69 6179.94 2243.11 6393.76 2138.58 6393.96
26071-203-M6-064-00271 0.08091332763433456 4003.06 5848.25 4124.68 5847.26 4126.38 6058.37 4004.76 6059.35
26071-203-M6-064-00271 0.07711005955934525 4581.43 3712.40 4709.92 3713.07 4708.85 3919.77 4580.36 3919.11
26071-203-M6-064-00271 0.07538159191608429 1888.84 3398.58 2022.52 3406.83 2009.21 3622.75 1875.52 3614.51
26071-203-M6-064-00271 0.0567268468439579 4143.60 6155.16 4241.62 6137.19 4287.93 6389.76 4189.91 6407.73
26071-203-M6-064-00271 0.056512441486120224 6595.12 2228.91 6641.20 2236.22 6633.68 2283.58 6587.60 2276.27
26071-203-M6-064-00271 0.055223193019628525 2095.05 4472.78 2141.48 4479.90 2134.25 4527.06 2087.82 4519.94
26071-203-M6-064-00271 0.05483141541481018 2475.37 6171.27 2576.87 6171.55 2576.26 6386.46 2474.77 6386.17
26071-203-M6-064-00271 0.051705531775951385 3844.17 6173.43 3944.89 6172.52 3946.83 6387.98 3846.11 6388.89
26071-203-M6-064-00271 0.05106884613633156 6002.30 2230.26 6051.12 2236.78 6044.93 2283.09 5996.11 2276.56
26071-203-M6-064-00271 0.05048156902194023 5047.59 1468.42 5160.97 1442.32 5212.19 1664.91 5098.81 1691.00
26071-203-M6-337-00031 0.06658144295215607 2257.33 2482.05 2380.39 2489.69 2370.20 2653.81 2247.15 2646.18
26071-203-M6-337-00031 0.0632556676864624 4942.31 2214.26 5011.89 2212.22 5015.81 2345.57 4946.22 2347.61
26071-203-M6-337-00031 0.05689321458339691 4941.42 2967.49 5017.49 2967.34 5017.75 3099.34 4941.68 3099.49
26071-203-M6-337-00031 0.05426425114274025 4942.28 1467.83 5018.43 1468.37 5017.50 1599.43 4941.35 1598.90
26071-203-M6-079-00001 0.06498713791370392 2632.32 5505.86 2752.13 5508.00 2748.44 5714.42 2628.63 5712.27
26071-203-M6-079-00001 0.05791782960295677 2578.56 2553.17 2695.80 2558.22 2686.67 2770.18 2569.42 2765.13
26071-203-M6-079-00001 0.05504807457327843 2648.71 4475.63 2757.32 4475.15 2758.18 4667.72 2649.57 4668.20
26071-200-M6-052-00150 0.9899644255638123 6925.36 4721.60 7017.38 4728.60 7010.39 4820.57 6918.37 4813.58
26071-200-M6-052-00150 0.24942204356193542 3150.03 2616.43 3205.44 2606.09 3217.91 2672.88 3162.51 2683.22
26071-200-M6-052-00150 0.06397005915641785 1826.82 3407.74 1951.18 3412.73 1946.48 3529.80 1822.13 3524.82
26071-200-M6-052-00150 0.06328927725553513 1382.13 2393.59 1472.88 2404.59 1462.19 2492.76 1371.44 2481.75
26071-200-M6-052-00003 0.08298643678426743 3415.96 5114.06 3532.10 5138.36 3506.78 5259.38 3390.64 5235.08
26071-200-M6-052-00003 0.07759208977222443 3718.45 5109.51 3832.62 5147.39 3794.70 5261.67 3680.53 5223.79
26071-200-M6-052-00003 0.06350606679916382 7566.73 1278.69 7687.39 1291.39 7674.51 1413.73 7553.86 1401.03
26071-700-M6-054-00013 0.992870032787323 5154.97 3420.02 5247.57 3428.37 5239.15 3521.75 5146.55 3513.41
26071-700-M6-054-00013 0.9920772314071655 5155.52 5310.70 5247.62 5320.21 5238.07 5412.66 5145.97 5403.15
26071-700-M6-054-00036 0.9882575869560242 6870.26 5498.53 6962.41 5512.70 6948.24 5604.89 6856.09 5590.72
26071-700-M6-054-00036 0.08864666521549225 4307.98 4904.30 4462.29 4934.77 4434.15 5077.25 4279.84 5046.78
26071-700-M6-054-00036 0.07433132082223892 4306.53 5161.10 4424.00 5164.42 4420.48 5288.62 4303.01 5285.29
26071-203-M6-320-00044 0.13180096447467804 5211.39 3277.37 5307.52 3282.62 5301.43 3394.27 5205.29 3389.02
26071-600-M6-065-00231 0.059377480298280716 3300.67 1743.59 3347.16 1753.39 3337.40 1799.69 3290.90 1789.89
26071-500-M6-059-00071 0.9910562038421631 7277.61 3543.82 7369.40 3546.08 7367.16 3637.14 7275.37 3634.88
26071-500-M6-059-00071 0.07569509744644165 1898.71 3791.52 1948.09 3792.89 1946.32 3856.87 1896.94 3855.50
26071-500-M6-059-00071 0.05716629698872566 2931.77 2787.43 3018.71 2794.52 3007.83 2927.95 2920.89 2920.86
26071-550-M6-084-00026 0.08901606500148773 4510.89 3345.13 4667.29 3255.89 4754.43 3408.59 4598.02 3497.83
26071-550-M6-084-00026 0.07670210301876068 2206.04 3282.22 2378.83 3311.45 2349.72 3483.54 2176.93 3454.31
26071-203-M6-337-00007 0.06933722645044327 4343.32 4109.31 4406.97 4107.70 4409.29 4198.86 4345.63 4200.48
26071-200-M6-052-00090 0.9906882047653198 987.37 4778.10 1078.85 4788.56 1068.10 4882.54 976.63 4872.08
26071-200-M6-052-00090 0.9870507717132568 4008.23 4779.11 4099.50 4785.97 4092.37 4880.80 4001.10 4873.94
26071-200-M6-052-00090 0.9492697715759277 5976.55 1578.64 6063.53 1585.35 6056.40 1677.81 5969.42 1671.10
26071-200-M6-052-00090 0.1021246388554573 7314.81 2168.84 7431.93 2177.46 7423.28 2294.98 7306.17 2286.36
26071-200-M6-052-00090 0.0926075205206871 6155.69 4015.51 6245.79 4024.10 6237.83 4107.58 6147.73 4098.99
26071-200-M6-052-00090 0.08849702030420303 3671.67 5787.41 3791.43 5809.15 3769.67 5929.01 3649.91 5907.27
26071-200-M6-052-00090 0.08008140325546265 3145.53 4013.39 3235.51 4024.33 3224.96 4111.11 3134.98 4100.17
26071-200-M6-052-00090 0.06335712969303131 4318.98 5786.60 4441.27 5807.07 4420.94 5928.63 4298.64 5908.17
26071-200-M6-052-00090 0.0592007152736187 5233.25 4153.85 5388.48 4175.94 5367.60 4322.70 5212.37 4300.62
26071-200-M6-052-00090 0.05778256803750992 7924.60 4051.87 8042.59 4073.64 8020.47 4193.49 7902.48 4171.72
26071-200-M6-052-00090 0.055088452994823456 2221.01 4152.48 2377.91 4175.79 2356.09 4322.69 2199.18 4299.38
26071-200-M6-052-00090 0.05499150976538658 7004.30 4820.66 7122.47 4842.17 7101.04 4959.89 6982.87 4938.38
26071-200-M6-052-00090 0.0545390285551548 3982.00 4547.47 4136.14 4572.15 4111.26 4727.50 3957.12 4702.83
26071-200-M6-052-00090 0.05411485210061073 5474.64 4544.54 5616.58 4577.52 5582.52 4724.12 5440.58 4691.14
26071-200-M6-052-00090 0.05385502800345421 6075.65 5245.26 6152.31 5197.60 6222.34 5310.24 6145.68 5357.90
26071-200-M6-052-00090 0.05032380670309067 5798.61 4996.55 5915.89 5020.06 5892.34 5137.50 5775.06 5113.98
26071-203-M6-320-00061 0.08471501618623734 4620.55 4780.50 4737.20 4806.29 4711.01 4924.71 4594.37 4898.92
26071-203-M6-320-00061 0.0802796334028244 7314.87 4787.03 7432.10 4804.28 7414.56 4923.50 7297.32 4906.24
26071-203-M6-320-00061 0.07773688435554504 4014.69 1518.63 4134.09 1534.80 4117.57 1656.78 3998.17 1640.62
26071-203-M6-320-00061 0.06432415544986725 5495.55 1849.17 5615.70 1866.03 5599.08 1984.43 5478.94 1967.57
26071-203-M6-320-00061 0.06265167146921158 2796.57 1848.84 2916.53 1865.99 2899.57 1984.66 2779.61 1967.51
26071-600-M6-065-00037 0.07036294788122177 5997.04 2087.23 6049.65 2092.01 6045.34 2139.40 5992.73 2134.62
26071-300-M6-053-00010 0.07443070411682129 5223.85 2475.46 5286.32 2476.92 5282.73 2630.53 5220.26 2629.07
26071-300-M6-053-00010 0.06664353609085083 4926.76 2476.47 4989.65 2476.86 4988.70 2628.96 4925.82 2628.57
26071-300-M6-053-00010 0.06634043157100677 2698.98 4743.39 2743.76 4752.69 2734.11 4799.14 2689.34 4789.84
26071-300-M6-053-00010 0.06497041881084442 2698.03 4034.05 2743.49 4043.78 2733.48 4090.60 2688.01 4080.87
26071-300-M6-053-00010 0.0511544868350029 2167.23 5092.68 2295.83 5069.58 2335.93 5292.83 2207.34 5315.93
26071-203-M6-320-00042 0.06865973770618439 3141.14 2643.54 3223.18 2648.59 3216.39 2759.01 3134.35 2753.96
26071-200-M6-052-00540 0.14307527244091034 7013.47 5291.35 7075.91 5288.75 7093.77 5718.36 7031.33 5720.95
26071-200-M6-052-00540 0.12505999207496643 6441.11 727.11 6498.43 736.49 6432.84 1137.42 6375.52 1128.04
26071-200-M6-052-00540 0.12417136132717133 3111.32 4822.80 3173.95 4819.47 3196.69 5246.94 3134.06 5250.27
26071-200-M6-052-00540 0.11459049582481384 7323.44 4812.34 7385.81 4814.19 7373.15 5242.51 7310.78 5240.67
26071-200-M6-052-00540 0.11273662745952606 4632.71 729.60 4690.01 735.82 4644.04 1158.98 4586.74 1152.76
26071-200-M6-052-00540 0.10864055901765823 5488.19 716.36 5549.20 726.91 5478.53 1135.73 5417.51 1125.18
26071-200-M6-052-00540 0.10582007467746735 5212.59 5306.80 5275.31 5303.07 5300.04 5718.94 5237.32 5722.67
26071-200-M6-052-00540 0.10076601803302765 1638.72 4966.53 1689.13 4966.16 1691.03 5221.06 1640.62 5221.43
26071-200-M6-052-00540 0.09758073836565018 6131.48 1245.32 6180.97 1246.06 6177.17 1500.52 6127.67 1499.78
26071-200-M6-052-00540 0.09677485376596451 5835.60 776.75 5885.19 777.86 5879.52 1031.43 5829.93 1030.32
26071-200-M6-052-00540 0.09603425860404968 4907.60 4854.04 4971.24 4847.23 5014.07 5247.45 4950.42 5254.26
26071-200-M6-052-00540 0.09525280445814133 7490.65 1219.68 7560.64 1216.65 7578.71 1633.63 7508.73 1636.67
26071-200-M6-052-00540 0.09303364902734756 720.32 1218.95 777.62 1223.98 740.92 1641.86 683.62 1636.83
26071-200-M6-052-00540 0.09300574660301208 2415.85 742.75 2471.51 746.35 2446.94 1126.27 2391.28 1122.67
26071-200-M6-052-00540 0.09140246361494064 1922.52 5288.12 1978.40 5290.80 1959.06 5692.97 1903.19 5690.28
26071-200-M6-052-00540 0.09047558158636093 4650.45 5310.44 4707.53 5315.37 4675.34 5687.87 4618.26 5682.94
26071-200-M6-052-00540 0.0898006483912468 6032.24 728.99 6093.63 733.87 6060.90 1145.50 5999.51 1140.62
26071-200-M6-052-00540 0.08806344866752625 7224.99 5408.08 7279.13 5412.29 7257.11 5695.66 7202.97 5691.45
26071-200-M6-052-00540 0.0874929204583168 2703.99 724.41 2760.95 729.56 2723.02 1148.74 2666.06 1143.59
26071-200-M6-052-00540 0.08693696558475494 6617.68 731.04 6675.77 736.88 6635.41 1138.46 6577.32 1132.62
26071-200-M6-052-00540 0.0867791399359703 4533.09 1236.18 4600.00 1238.67 4585.76 1620.58 4518.85 1618.08
26071-200-M6-052-00540 0.08612561225891113 6325.60 1212.87 6388.29 1214.22 6379.13 1636.63 6316.44 1635.27
26071-200-M6-052-00540 0.08550205081701279 1349.45 5326.15 1406.35 5329.36 1386.19 5686.62 1329.29 5683.41
26071-200-M6-052-00540 0.08463867008686066 7637.74 718.18 7694.37 727.90 7622.64 1145.72 7566.01 1136.00
26071-200-M6-052-00540 0.08451832085847855 2126.82 1219.43 2192.54 1218.86 2196.17 1634.09 2130.45 1634.67
26071-200-M6-052-00540 0.08448711037635803 2227.98 754.57 2283.31 757.70 2261.91 1136.55 2206.58 1133.42
26071-200-M6-052-00540 0.08316343277692795 7809.25 745.90 7867.68 749.65 7843.10 1132.39 7784.67 1128.64
26071-200-M6-052-00540 0.08234913647174835 3106.20 740.07 3164.69 751.67 3084.63 1155.31 3026.13 1143.71
26071-200-M6-052-00540 0.08195441961288452 5803.85 4834.29 5864.25 4834.48 5862.96 5240.17 5802.57 5239.97
26071-200-M6-052-00540 0.07815667986869812 1834.29 757.70 1896.63 757.79 1896.05 1160.29 1833.70 1160.20
26071-200-M6-052-00540 0.0776296928524971 5408.85 5417.40 5462.85 5418.61 5456.60 5697.26 5402.60 5696.05
26071-200-M6-052-00540 0.07707180827856064 4228.93 740.69 4292.46 739.93 4297.46 1157.81 4233.93 1158.57
26071-200-M6-052-00540 0.0765434056520462 877.19 1249.53 942.55 1246.83 957.85 1617.34 892.50 1620.04
26071-200-M6-052-00540 0.07640169560909271 613.55 750.66 668.60 755.39 636.17 1133.16 581.13 1128.43
26071-200-M6-052-00540 0.0763217881321907 7494.01 4867.78 7549.79 4864.90 7572.97 5313.93 7517.18 5316.81
26071-200-M6-052-00540 0.0761539414525032 7015.46 722.49 7072.70 732.50 7002.31 1135.32 6945.07 1125.32
26071-200-M6-052-00540 0.0753481537103653 4333.87 1223.98 4395.03 1221.04 4414.21 1619.14 4353.05 1622.09
26071-200-M6-052-00540 0.07524805516004562 3404.38 733.94 3465.56 742.87 3407.92 1137.90 3346.74 1128.98
26071-200-M6-052-00540 0.07496131211519241 2724.01 5369.83 2781.20 5369.75 2781.67 5704.47 2724.48 5704.55
26071-200-M6-052-00540 0.07457119226455688 4912.92 726.49 4971.85 736.43 4905.36 1130.52 4846.43 1120.58
26071-200-M6-052-00540 0.07409687340259552 6876.76 1234.71 6941.10 1231.36 6961.13 1617.03 6896.79 1620.37
26071-200-M6-052-00540 0.07266266644001007 970.34 5296.44 1028.88 5299.26 1009.83 5694.42 951.30 5691.60
26071-200-M6-052-00540 0.07254074513912201 1542.41 704.59 1608.31 703.44 1616.48 1172.93 1550.57 1174.08
26071-200-M6-052-00540 0.07229210436344147 7874.56 5321.04 7934.39 5324.56 7907.91 5775.05 7848.08 5771.53
26071-200-M6-052-00540 0.0720704197883606 6366.69 4858.74 6441.00 4857.54 6448.51 5321.03 6374.20 5322.23
26071-200-M6-052-00540 0.07042355090379715 4558.67 4857.11 4622.09 4851.12 4668.63 5344.05 4605.21 5350.04
26071-200-M6-052-00540 0.06882854551076889 977.84 707.51 1040.38 708.71 1031.87 1150.22 969.33 1149.02
26071-200-M6-052-00540 0.06775029748678207 4800.86 1208.27 4864.36 1213.39 4831.47 1621.24 4767.98 1616.12
26071-200-M6-052-00540 0.06763961166143417 1264.35 4856.59 1326.85 4851.31 1368.45 5343.18 1305.96 5348.47
26071-200-M6-052-00540 0.06710747629404068 4283.05 5304.23 4347.62 5311.33 4301.52 5730.71 4236.95 5723.61
26071-200-M6-052-00540 0.06695979833602905 6688.12 1234.56 6753.46 1231.60 6771.06 1619.13 6705.73 1622.09
26071-200-M6-052-00540 0.06629717350006104 3423.20 5330.38 3484.70 5339.10 3428.73 5733.79 3367.23 5725.06
26071-200-M6-052-00540 0.06626538932323456 5996.66 4940.04 6054.24 4941.34 6046.55 5281.57 5988.97 5280.27
26071-200-M6-052-00540 0.06588674336671829 1526.88 5354.59 1587.16 5353.53 1593.60 5719.23 1533.31 5720.29
26071-200-M6-052-00540 0.06443512439727783 4834.66 5358.97 4892.74 5361.69 4876.50 5707.53 4818.42 5704.80
26071-200-M6-052-00540 0.064240463078022 2785.78 1216.10 2850.28 1215.66 2853.09 1622.56 2788.59 1623.01
26071-200-M6-052-00540 0.06409464031457901 2555.96 5336.44 2611.52 5340.19 2588.92 5674.78 2533.36 5671.03
26071-200-M6-052-00540 0.06338601559400558 4050.79 700.76 4109.72 703.88 4086.83 1135.06 4027.91 1131.93
26071-200-M6-052-00540 0.06283123791217804 6111.04 5320.65 6173.20 5325.33 6143.69 5716.78 6081.53 5712.09
26071-200-M6-052-00540 0.06193225458264351 3984.26 4873.62 4060.46 4874.93 4052.90 5312.56 3976.69 5311.25
26071-200-M6-052-00540 0.06188799813389778 592.72 5286.24 650.99 5288.17 637.71 5687.25 579.44 5685.32
26071-200-M6-052-00540 0.06145761162042618 3323.13 4923.39 3379.01 4926.87 3359.34 5242.83 3303.45 5239.35
26071-200-M6-052-00540 0.06060848385095596 1828.42 4892.92 1885.28 4893.75 1880.35 5232.16 1823.49 5231.33
26071-200-M6-052-00540 0.06024138629436493 1732.70 5294.71 1791.50 5298.87 1763.09 5699.90 1704.29 5695.74
26071-200-M6-052-00540 0.0590839721262455 3685.28 1188.74 3745.65 1189.91 3737.51 1612.48 3677.14 1611.31
26071-200-M6-052-00540 0.05891887843608856 6277.09 5287.45 6333.94 5289.66 6318.53 5687.27 6261.68 5685.07
26071-200-M6-052-00540 0.058725614100694656 5637.99 781.37 5690.76 779.65 5698.94 1031.41 5646.17 1033.13
26071-200-M6-052-00540 0.058395687490701675 787.89 5291.99 846.58 5296.06 818.94 5694.95 760.25 5690.88
26071-200-M6-052-00540 0.05837364122271538 3597.37 5292.97 3656.44 5295.39 3640.84 5677.13 3581.76 5674.72
26071-200-M6-052-00540 0.05832357704639435 6615.75 5341.39 6680.96 5333.98 6730.86 5772.83 6665.65 5780.24
26071-200-M6-052-00540 0.058129023760557175 7899.31 1240.08 7949.79 1240.06 7949.88 1500.56 7899.40 1500.58
26071-200-M6-052-00540 0.05808516964316368 6844.27 5288.93 6901.99 5290.82 6889.22 5680.77 6831.50 5678.88
26071-200-M6-052-00540 0.05677725002169609 1294.34 1177.66 1351.27 1181.40 1322.99 1611.64 1266.06 1607.90
26071-200-M6-052-00540 0.05610781908035278 2874.35 776.19 2926.95 774.55 2934.95 1031.06 2882.35 1032.70
26071-200-M6-052-00540 0.05600404366850853 686.53 4875.48 757.37 4875.20 759.10 5314.23 688.25 5314.51
26071-200-M6-052-00540 0.05595151707530022 5595.01 5287.77 5652.29 5291.08 5629.26 5689.53 5571.98 5686.22
26071-200-M6-052-00540 0.05569937825202942 1162.74 5280.33 1221.60 5282.32 1207.85 5689.19 1149.00 5687.20
26071-200-M6-052-00540 0.055361684411764145 2908.84 5276.74 2966.06 5278.43 2954.01 5687.25 2896.78 5685.57
26071-200-M6-052-00540 0.05489932373166084 7717.62 1217.06 7779.43 1220.65 7756.02 1624.43 7694.22 1620.85
26071-200-M6-052-00540 0.05436708405613899 8092.47 5290.81 8149.90 5292.22 8140.40 5677.20 8082.97 5675.78
26071-200-M6-052-00540 0.05383218452334404 4082.30 5282.87 4139.82 5285.68 4120.08 5690.16 4062.56 5687.35
26071-200-M6-052-00540 0.053128600120544434 6126.64 1477.29 6207.46 1493.23 6179.76 1633.65 6098.94 1617.70
26071-200-M6-052-00540 0.0528637059032917 1361.56 685.28 1415.54 689.56 1378.47 1157.29 1324.48 1153.01
26071-200-M6-052-00540 0.052021585404872894 6219.82 775.17 6271.23 775.10 6271.57 1030.89 6220.16 1030.96
26071-200-M6-052-00540 0.05156746879220009 5168.85 1223.94 5233.69 1225.54 5224.13 1613.66 5159.30 1612.06
26071-200-M6-052-00540 0.0514698401093483 2315.53 1214.74 2380.79 1213.37 2389.42 1623.07 2324.17 1624.45
26071-200-M6-052-00540 0.051354389637708664 5356.85 1221.50 5421.26 1218.62 5439.26 1620.22 5374.85 1623.11
26071-200-M6-052-00540 0.051305029541254044 5728.34 1225.81 5795.63 1221.54 5821.02 1621.16 5753.72 1625.44
26071-200-M6-052-00540 0.050736669450998306 3575.50 742.87 3635.70 743.56 3630.88 1164.13 3570.67 1163.44
26071-200-M6-052-00540 0.05064266547560692 5545.07 1231.92 5615.18 1229.09 5631.14 1625.23 5561.02 1628.06
26071-200-M6-052-00540 0.050498172640800476 5900.59 5277.63 5958.94 5279.63 5944.83 5692.08 5886.48 5690.08
26071-200-M6-052-00540 0.05029677599668503 3892.23 1171.74 3961.96 1153.73 4079.32 1608.25 4009.59 1626.26
26071-203-M6-160-00291 0.13560491800308228 4286.63 3024.76 4438.10 3055.94 4407.33 3205.43 4255.86 3174.25
26071-203-M6-160-00291 0.0684550404548645 5632.22 1656.91 5705.43 1653.39 5710.06 1749.64 5636.86 1753.17
26071-203-M6-160-00291 0.06229543685913086 2743.95 5279.89 2919.21 5282.45 2916.47 5469.99 2741.22 5467.44
26071-203-M6-160-00291 0.05509525537490845 5559.12 5033.96 5642.86 5028.37 5655.90 5223.52 5572.16 5229.12
26071-203-M6-160-00291 0.05122349411249161 3283.34 2245.88 3346.11 2255.33 3332.70 2344.37 3269.93 2334.92
26071-600-M6-066-00002 0.05059242993593216 6657.15 3353.55 6811.72 3368.67 6796.81 3521.20 6642.24 3506.09
26071-300-M6-053-00008 0.050417765974998474 7369.25 5817.50 7530.48 5829.04 7519.69 5979.85 7358.46 5968.31
26071-300-M6-053-00008 0.050291988998651505 4863.16 657.72 5010.66 669.79 4997.91 825.71 4850.41 813.65
26071-203-M6-060-00001 0.9776830077171326 3618.94 5546.71 3713.18 5554.21 3705.91 5645.45 3611.68 5637.95
26071-203-M6-060-00001 0.9762840867042542 3621.69 4600.26 3713.59 4610.17 3703.41 4704.67 3611.51 4694.77
26071-203-M6-060-00001 0.08888041973114014 2113.53 4169.97 2233.92 4167.80 2237.44 4362.89 2117.04 4365.06
26071-203-M6-060-00001 0.07253318279981613 4611.18 1163.15 4729.55 1174.01 4718.43 1295.28 4600.06 1284.43
26071-200-M6-063-00010 0.9927093982696533 4919.68 1882.75 5011.62 1894.36 4999.70 1988.78 4907.76 1977.17
26071-200-M6-063-00010 0.05837032571434975 5975.08 1913.95 6066.52 1911.78 6067.63 1958.86 5976.20 1961.03
26071-200-M6-063-00010 0.057618554681539536 3166.50 4190.62 3214.13 4194.37 3210.40 4241.72 3162.77 4237.97
26071-203-M6-060-00006 0.16758203506469727 2903.67 3823.93 2966.38 3825.95 2962.65 3941.66 2899.95 3939.64
26071-203-M6-060-00006 0.10356435924768448 3464.87 3825.56 3524.82 3832.76 3511.19 3946.18 3451.25 3938.98
26071-300-M6-053-00012 0.9685031771659851 5504.24 1599.53 5595.44 1595.15 5599.89 1687.68 5508.70 1692.07
26071-300-M6-053-00012 0.12447449564933777 4902.34 4803.30 5023.44 4803.72 5022.76 5000.81 4901.66 5000.39
26071-300-M6-053-00012 0.1061270609498024 6092.98 1488.70 6245.16 1512.44 6221.01 1667.25 6068.83 1643.51
26071-675-M6-068-00034 0.07100315392017365 3429.56 1066.18 3516.40 1074.49 3503.12 1213.28 3416.27 1204.96
26071-675-M6-068-00034 0.06581920385360718 3056.96 4875.68 3158.71 4875.71 3158.66 5032.65 3056.91 5032.62
26071-675-M6-068-00034 0.06296692043542862 3811.32 4876.06 3903.47 4874.66 3905.84 5030.66 3813.70 5032.06
26071-675-M6-068-00034 0.05589684844017029 3454.87 1317.49 3502.71 1318.09 3501.58 1408.28 3453.75 1407.68
26071-450-M6-082-00031 0.05390555411577225 4282.23 1853.68 4436.38 1866.92 4422.28 2031.22 4268.12 2017.98
26071-450-M6-082-00031 0.052729617804288864 3723.24 6483.98 3842.33 6486.42 3838.14 6690.48 3719.06 6688.03
26071-200-M6-062-00276 0.9881566166877747 2142.15 1767.18 2234.07 1773.74 2227.39 1867.38 2135.47 1860.83
26071-200-M6-062-00276 0.060552287846803665 1271.10 3925.50 1312.07 3909.96 1331.01 3959.89 1290.04 3975.43
26071-500-M6-059-00011 0.0925443172454834 7614.62 2225.50 7732.61 2239.35 7718.39 2360.46 7600.41 2346.61
26071-500-M6-059-00011 0.089871346950531 7615.22 1634.28 7732.90 1647.84 7718.88 1769.45 7601.21 1755.89
26071-500-M6-059-00011 0.08660109341144562 7615.50 2520.08 7733.08 2533.61 7719.15 2654.75 7601.56 2641.22
26071-500-M6-059-00011 0.08642216771841049 7616.83 1928.12 7735.47 1944.45 7718.80 2065.67 7600.15 2049.34
26071-500-M6-059-00011 0.06032721325755119 5716.20 2199.22 5799.66 2203.09 5793.69 2331.80 5710.24 2327.93
26071-500-M6-059-00011 0.06016022339463234 7615.12 2813.32 7733.62 2827.94 7718.60 2949.68 7600.10 2935.07
26071-500-M6-059-00011 0.058999449014663696 6783.61 2785.54 6870.35 2794.57 6856.46 2928.07 6769.72 2919.04
26071-600-M6-065-00021 0.9901196956634521 5395.55 4126.52 5488.71 4144.21 5471.36 4235.62 5378.20 4217.94
26071-600-M6-065-00021 0.9891149997711182 2861.91 4011.25 2955.37 4019.87 2946.75 4113.33 2853.29 4104.71
26071-600-M6-065-00021 0.09878003597259521 6432.26 4507.48 6580.01 4526.35 6560.35 4680.33 6412.60 4661.47
26071-600-M6-065-00021 0.07892809808254242 5819.45 3013.44 5937.42 3030.51 5920.13 3150.06 5802.15 3132.99
26071-500-M6-059-00013 0.07286863029003143 5164.51 5165.23 5318.42 5173.16 5310.69 5323.21 5156.79 5315.28
26071-500-M6-059-00013 0.061495065689086914 2701.18 3455.64 2847.71 3488.05 2814.75 3637.08 2668.22 3604.66
26071-500-M6-059-00044 0.11894844472408295 1800.34 4614.95 1847.86 4624.41 1838.71 4670.36 1791.19 4660.90
26071-500-M6-059-00044 0.07180783897638321 6910.87 4615.36 6957.95 4618.95 6954.41 4665.30 6907.33 4661.71
26071-500-M6-059-00044 0.055174149572849274 5449.16 3965.88 5607.26 3948.16 5624.91 4105.58 5466.80 4123.31
26071-500-M6-059-00044 0.05173036828637123 1871.83 3953.51 2026.97 3943.72 2037.11 4104.55 1881.97 4114.34
26071-500-M6-059-00044 0.051653917878866196 2446.27 4564.71 2601.82 4560.26 2606.09 4709.36 2450.53 4713.81
26071-500-M6-059-00044 0.05128418654203415 1059.57 3583.66 1117.38 3591.10 1105.41 3684.14 1047.59 3676.70
26071-200-M6-052-00093 0.9874574542045593 6392.11 3541.32 6483.77 3545.07 6479.96 3638.16 6388.30 3634.41
26071-200-M6-052-00093 0.9680238366127014 5151.81 6217.23 5241.73 6214.07 5244.98 6306.75 5155.06 6309.91
26071-200-M6-052-00093 0.05757113918662071 5125.88 1601.20 5172.18 1610.90 5162.71 1656.11 5116.41 1646.41
26071-200-M6-052-00002 0.9935935139656067 5038.28 1887.00 5129.31 1895.80 5120.45 1987.47 5029.42 1978.67
26071-200-M6-052-00002 0.10224723070859909 7366.72 3911.90 7411.56 3926.79 7396.56 3971.96 7351.72 3957.07
26071-200-M6-052-00002 0.07604867219924927 1309.75 1158.77 1427.39 1178.71 1407.01 1299.05 1289.36 1279.11
26071-200-M6-052-00002 0.05645785108208656 1639.23 886.81 1719.27 891.96 1710.03 1035.51 1630.00 1030.36
26071-675-M6-068-10002 0.1395929455757141 4864.94 1877.32 4984.91 1927.77 4950.84 2008.80 4830.87 1958.34
26071-675-M6-068-10002 0.1017167717218399 4035.93 1894.18 4171.24 1913.98 4158.94 1998.05 4023.63 1978.26
26071-675-M6-068-10002 0.0894598662853241 5662.94 1880.95 5782.61 1926.70 5750.18 2011.51 5630.51 1965.76
26071-675-M6-068-10002 0.06338485330343246 4646.32 1871.61 4715.04 1873.93 4709.03 2052.09 4640.32 2049.77
26071-675-M6-068-10002 0.0575251542031765 6721.25 2016.67 6789.17 2015.30 6791.59 2135.34 6723.67 2136.70
26071-750-M6-085-00012 0.9923304319381714 5272.15 6373.99 5364.77 6382.59 5356.04 6476.58 5263.42 6467.98
26071-750-M6-085-00012 0.05753403156995773 3509.81 4289.35 3612.11 4293.83 3606.06 4431.97 3503.76 4427.49
26071-600-M6-065-00259 0.0821908637881279 4314.63 869.83 4432.66 880.23 4422.16 999.34 4304.13 988.93
26071-600-M6-065-00259 0.07121974229812622 4025.40 5589.33 4143.77 5608.73 4124.56 5726.00 4006.19 5706.60
26071-600-M6-065-00259 0.06849487125873566 1011.13 872.33 1128.60 887.51 1113.61 1003.51 996.14 988.33
26071-600-M6-065-00259 0.06486737728118896 7274.91 5471.60 7393.25 5491.81 7372.70 5612.13 7254.36 5591.92
26071-200-M6-052-00544 0.9925375580787659 2793.31 2239.98 2883.89 2246.49 2877.14 2340.39 2786.57 2333.88
26071-200-M6-052-00544 0.19472651183605194 1347.31 4194.90 1400.14 4228.55 1362.96 4286.92 1310.13 4253.27
26071-200-M6-052-00544 0.08919882029294968 712.33 2935.20 831.53 2944.10 822.46 3065.55 703.26 3056.65
26071-200-M6-052-00544 0.051197584718465805 709.48 3291.02 828.79 3292.99 826.75 3416.41 707.43 3414.43
26071-600-M6-066-00003 0.2685534656047821 4675.34 6386.84 4768.24 6381.51 4772.97 6463.79 4680.06 6469.13
26071-600-M6-066-00003 0.1451796144247055 5486.71 1822.38 5646.34 1849.21 5621.01 1999.91 5461.39 1973.08
26071-600-M6-066-00003 0.0716603547334671 5245.91 1832.61 5404.53 1849.06 5389.30 1995.91 5230.69 1979.46
26071-600-M6-066-00003 0.05040176585316658 3245.34 1834.78 3399.42 1859.23 3376.26 2005.17 3222.18 1980.72
