26071-200-M6-052-00001 0.07925065606832504 5662.98 1612.75 5743.03 1624.14 5732.35 1699.22 5652.29 1687.83
26071-200-M6-052-00001 0.0608360655605793 1506.51 5980.50 1555.21 5977.21 1561.41 6068.85 1512.71 6072.14
26071-200-M6-052-00001 0.05990070477128029 1778.96 1089.59 1869.05 1087.35 1870.24 1135.62 1780.16 1137.85
26071-200-M6-052-00001 0.054074570536613464 2392.24 3357.69 2557.28 3365.65 2548.58 3546.31 2383.54 3538.36
26071-500-M6-059-00017 0.09689179807901382 2033.16 3582.74 2080.02 3585.02 2074.10 3706.96 2027.24 3704.69
26071-500-M6-059-00017 0.08974344283342361 4040.45 3582.15 4086.62 3583.95 4081.78 3708.25 4035.61 3706.45
26071-500-M6-059-00017 0.08571923524141312 6049.06 3583.27 6095.90 3585.51 6090.02 3708.25 6043.18 3706.00
26071-200-M6-052-00539 0.10645028948783875 3997.35 5223.30 4043.51 5226.64 4034.53 5351.06 3988.37 5347.72
26071-200-M6-052-00539 0.0905170887708664 3995.93 5610.18 4042.99 5611.94 4038.34 5736.27 3991.28 5734.51
26071-200-M6-052-00539 0.05967075377702713 5203.99 4985.42 5300.02 4981.92 5301.71 5028.39 5205.69 5031.90
26071-200-M6-052-00539 0.05293433740735054 3925.08 5389.14 4104.55 5391.51 4101.78 5601.52 3922.31 5599.15
26071-500-M6-059-00248 0.08903545886278152 4490.45 4665.33 4535.17 4666.28 4532.58 4788.75 4487.86 4787.80
26071-500-M6-059-00248 0.07630518078804016 4497.35 4279.49 4546.31 4286.04 4530.39 4404.99 4481.43 4398.44
26071-700-M6-054-00246 0.08433113992214203 4535.31 2861.02 4583.19 2861.09 4583.02 2986.55 4535.14 2986.49
26071-500-M6-059-00040 0.09331140667200089 1473.04 2388.44 1590.85 2392.76 1589.15 2439.24 1471.33 2434.92
26071-500-M6-059-00040 0.09177406877279282 2531.45 1304.41 2607.34 1306.56 2604.06 1422.82 2528.16 1420.67
26071-500-M6-059-00040 0.050453122705221176 2579.07 1437.90 2626.81 1441.96 2622.50 1492.67 2574.76 1488.61
26071-203-M6-333-00010 0.055826686322689056 2375.90 2694.75 2483.96 2696.58 2483.06 2749.81 2375.00 2747.98
26071-750-M6-085-00286 0.07956532388925552 5350.58 3268.60 5398.12 3269.11 5396.82 3391.03 5349.28 3390.52
26071-750-M6-085-00286 0.0671125203371048 6175.31 3268.65 6222.58 3267.94 6224.46 3392.22 6177.18 3392.94
26071-750-M6-085-00286 0.05252162739634514 2953.08 1261.93 3143.59 1254.76 3149.91 1422.77 2959.40 1429.94
26071-550-M6-084-00248 0.10532940924167633 4487.59 4192.15 4536.49 4192.49 4535.64 4316.38 4486.74 4316.04
26071-550-M6-084-00248 0.09840821474790573 4487.55 3807.53 4535.91 3808.09 4534.47 3933.60 4486.11 3933.05
26071-203-M6-332-00008 0.09420226514339447 4961.19 3522.57 5010.30 3528.38 4996.85 3642.09 4947.74 3636.28
26071-203-M6-332-00008 0.07242678105831146 2556.81 3544.94 2610.04 3548.03 2603.95 3652.95 2550.72 3649.86
26071-203-M6-332-00008 0.05991961434483528 5537.88 2547.49 5590.28 2558.09 5575.48 2631.24 5523.09 2620.64
26071-203-M6-332-00008 0.05570143088698387 8070.23 2547.13 8109.44 2569.49 8075.34 2629.28 8036.13 2606.91
26071-203-M6-332-00008 0.05044100061058998 7183.21 3572.00 7200.86 3572.28 7200.09 3619.77 7182.44 3619.48
26071-200-M6-052-00080 0.13161306083202362 7186.10 4099.18 7231.95 4102.83 7222.18 4225.38 7176.34 4221.73
26071-200-M6-052-00080 0.12084676325321198 3759.94 4097.15 3805.93 4099.66 3799.18 4223.50 3753.19 4221.00
26071-200-M6-052-00080 0.07820587605237961 7181.96 3716.05 7229.32 3716.96 7226.99 3839.33 7179.62 3838.42
26071-200-M6-052-00080 0.06423857063055038 3756.25 3716.59 3803.55 3716.52 3803.72 3838.42 3756.42 3838.49
26071-200-M6-052-00080 0.059673212468624115 2551.06 6699.85 2646.45 6696.84 2647.93 6743.89 2552.55 6746.90
26071-300-M6-053-00309 0.08315161615610123 1062.01 3452.75 1182.21 3452.77 1182.21 3499.32 1062.01 3499.31
26071-300-M6-053-00309 0.06565702706575394 1244.45 5696.25 1343.78 5690.78 1346.25 5735.60 1246.92 5741.08
26071-300-M6-053-00309 0.056488942354917526 6124.60 4790.81 6182.12 4752.12 6224.40 4814.99 6166.88 4853.68
26071-300-M6-053-00309 0.05420808121562004 2675.91 3568.60 2767.74 3565.23 2769.40 3610.57 2677.57 3613.93
26071-450-M6-082-00009 0.06938766688108444 6859.75 2388.30 6953.02 2388.56 6952.89 2434.73 6859.62 2434.47
26071-450-M6-082-00009 0.06648704409599304 3901.70 5372.19 4020.23 5374.98 4019.14 5421.28 3900.61 5418.49
26071-450-M6-082-00009 0.06217406317591667 3486.26 5278.43 3608.95 5279.38 3608.61 5324.31 3485.91 5323.37
26071-450-M6-082-00009 0.05683824419975281 3992.47 2098.12 4038.82 2098.78 4038.50 2121.19 3992.15 2120.53
26071-200-M6-052-00552 0.09471245110034943 3989.95 2251.87 4037.50 2250.41 4041.19 2370.61 3993.64 2372.07
26071-200-M6-052-00552 0.07427801191806793 5255.03 4295.41 5328.08 4297.28 5324.88 4422.42 5251.82 4420.55
26071-203-M6-337-00031 0.13926808536052704 3157.22 582.16 3236.87 581.86 3237.05 630.85 3157.40 631.15
26071-203-M6-337-00031 0.07410860806703568 1666.88 2542.62 1699.07 2543.93 1694.97 2645.11 1662.78 2643.80
26071-203-M6-337-00031 0.06911423057317734 4945.52 2213.34 5024.06 2212.62 5025.14 2329.23 4946.60 2329.95
26071-203-M6-337-00031 0.06882151961326599 1666.96 3817.57 1699.29 3818.16 1697.41 3919.86 1665.08 3919.27
26071-203-M6-337-00031 0.06643261760473251 2736.73 1873.85 2927.40 1885.11 2911.27 2158.27 2720.59 2147.01
26071-203-M6-337-00031 0.06139139086008072 1667.12 5167.63 1699.23 5168.50 1696.47 5270.77 1664.36 5269.91
26071-203-M6-337-00031 0.060831326991319656 4800.89 600.55 4894.36 610.69 4889.19 658.33 4795.72 648.19
26071-203-M6-337-00031 0.05874902009963989 1339.99 4774.68 1432.42 4771.94 1433.69 4814.67 1341.25 4817.41
26071-203-M6-337-00031 0.057253845036029816 1339.22 4324.62 1432.85 4321.70 1434.19 4364.58 1340.56 4367.51
26071-203-M6-337-00031 0.05702342838048935 4938.63 1104.85 5013.06 1101.36 5018.90 1226.12 4944.46 1229.60
26071-203-M6-337-00031 0.05649101361632347 4940.96 2961.38 5012.05 2961.29 5012.22 3087.42 4941.13 3087.52
26071-203-M6-337-00031 0.05613359436392784 4941.64 1460.70 5012.92 1461.17 5012.09 1588.08 4940.80 1587.61
26071-203-M6-337-00031 0.055226124823093414 4940.04 1822.93 5011.98 1821.64 5014.18 1944.32 4942.24 1945.61
26071-203-M6-337-00031 0.05442875623703003 2724.39 2244.21 2918.30 2248.12 2912.54 2533.48 2718.63 2529.57
26071-203-M6-337-00031 0.052848368883132935 4935.83 2604.10 5008.95 2597.55 5020.11 2722.10 4946.99 2728.66
26071-203-M6-337-00031 0.052541334182024 1670.50 5608.94 1702.43 5610.90 1695.93 5716.64 1664.00 5714.68
26071-203-M6-337-00031 0.05162189155817032 1338.17 3875.63 1431.82 3871.46 1433.71 3913.69 1340.06 3917.87
26071-203-M6-337-00031 0.050914544612169266 1665.33 2885.76 1697.95 2885.54 1698.61 2986.84 1665.99 2987.05
26071-203-M6-337-00031 0.05007312074303627 1668.53 4265.48 1700.96 4267.40 1694.90 4369.59 1662.47 4367.67
26071-203-M6-332-00001 0.07036982476711273 2365.41 5645.51 2450.29 5646.67 2449.67 5691.50 2364.80 5690.33
26071-203-M6-332-00001 0.06595293432474136 2083.27 5644.56 2168.53 5641.55 2170.21 5689.15 2084.95 5692.16
26071-203-M6-079-00001 0.05200526863336563 2480.28 1031.18 2512.80 1033.50 2505.89 1130.37 2473.37 1128.05
26071-200-M6-052-00150 0.15066412091255188 4491.66 3086.62 4586.20 3085.61 4586.72 3134.10 4492.18 3135.11
26071-200-M6-052-00150 0.11531750857830048 2492.33 3090.94 2587.01 3086.24 2589.38 3133.92 2494.70 3138.62
26071-200-M6-052-00150 0.07573436945676804 5514.53 5827.92 5572.23 5807.57 5608.16 5909.44 5550.47 5929.79
26071-200-M6-052-00150 0.06560097634792328 1372.51 2394.21 1463.95 2400.90 1457.15 2493.93 1365.71 2487.24
26071-200-M6-052-00150 0.0575576014816761 5781.24 5840.36 5961.62 5871.89 5923.47 6090.17 5743.08 6058.64
26071-200-M6-052-00150 0.05606066808104515 4214.48 5822.78 4272.70 5815.52 4285.85 5920.97 4227.63 5928.23
26071-200-M6-052-00150 0.05275760218501091 2722.72 3094.05 2740.15 3094.04 2740.16 3141.62 2722.73 3141.62
26071-200-M6-052-00003 0.10405829548835754 2781.69 4546.01 2900.07 4531.65 2910.48 4617.42 2792.09 4631.78
26071-200-M6-052-00003 0.10277295112609863 4466.25 3728.89 4512.30 3730.18 4508.84 3853.32 4462.80 3852.02
26071-700-M6-054-00036 0.0874059721827507 3846.31 3338.10 3893.68 3335.82 3899.47 3456.03 3852.10 3458.31
26071-700-M6-054-00036 0.06096451357007027 6466.23 2845.87 6522.98 2875.11 6500.23 2919.25 6443.49 2890.01
26071-600-M6-065-00231 0.05301438271999359 3412.17 3468.57 3515.57 3469.03 3515.43 3502.08 3412.02 3501.63
26071-500-M6-059-00071 0.16641658544540405 1984.13 3803.72 2111.25 3803.02 2111.54 3854.18 1984.41 3854.88
26071-500-M6-059-00071 0.09493280202150345 1634.58 5404.34 1681.73 5406.57 1676.17 5523.91 1629.01 5521.67
26071-500-M6-059-00071 0.07966666668653488 7286.67 3575.76 7363.06 3582.31 7357.74 3644.27 7281.35 3637.71
26071-500-M6-059-00071 0.05148988589644432 3462.23 3447.79 3505.05 3448.50 3504.27 3494.84 3461.45 3494.12
26071-500-M6-059-00071 0.05076951906085014 1636.23 2556.34 1703.82 2614.13 1668.45 2655.49 1600.86 2597.71
26071-500-M6-059-00116 0.2053230106830597 4372.63 3274.46 4411.20 3297.44 4372.29 3362.73 4333.72 3339.74
26071-500-M6-059-00116 0.18622712790966034 5110.16 1329.85 5185.66 1340.35 5174.29 1422.07 5098.79 1411.57
26071-500-M6-059-00116 0.17199234664440155 3289.64 4915.75 3337.67 4917.50 3334.56 5002.83 3286.53 5001.07
26071-500-M6-059-00116 0.07445470243692398 3286.19 4603.93 3330.82 4604.13 3330.41 4694.88 3285.77 4694.67
26071-500-M6-059-00116 0.05388464033603668 6822.91 5387.28 6879.60 5387.86 6879.14 5431.99 6822.46 5431.41
26071-550-M6-084-00026 0.2341374158859253 7229.45 3468.96 7325.37 3469.20 7325.25 3518.21 7229.33 3517.98
26071-550-M6-084-00026 0.06693629920482635 7227.52 3329.76 7322.29 3325.33 7324.48 3372.12 7229.71 3376.55
26071-550-M6-084-00026 0.06501299142837524 2976.44 3332.76 3066.14 3328.96 3068.15 3376.32 2978.44 3380.12
26071-200-M6-052-00090 0.9808886647224426 3662.28 6046.82 3755.03 6044.20 3756.38 6092.05 3663.64 6094.68
26071-200-M6-052-00090 0.978870153427124 8125.45 3614.30 8175.20 3614.77 8174.33 3706.29 8124.59 3705.82
26071-200-M6-052-00090 0.9740654826164246 2578.31 6517.60 2625.73 6520.42 2620.12 6614.86 2572.70 6612.04
26071-200-M6-052-00090 0.9739702343940735 8125.43 3815.89 8173.12 3816.52 8171.88 3909.65 8124.19 3909.01
26071-200-M6-052-00090 0.9729551076889038 3849.85 6048.19 3942.58 6047.24 3943.07 6094.92 3850.34 6095.87
26071-200-M6-052-00090 0.967914342880249 6416.20 5051.93 6464.55 5053.77 6461.02 5146.38 6412.67 5144.54
26071-200-M6-052-00090 0.9677713513374329 6414.86 2726.19 6462.93 2726.04 6463.24 2819.13 6415.16 2819.29
26071-200-M6-052-00090 0.9625533223152161 3189.63 6047.21 3282.25 6046.82 3282.45 6094.12 3189.83 6094.51
26071-200-M6-052-00090 0.962477445602417 6412.44 2909.94 6460.67 2908.96 6462.53 3000.71 6414.30 3001.69
26071-200-M6-052-00090 0.9606340527534485 6412.23 5224.13 6461.28 5224.07 6461.38 5314.81 6412.33 5314.87
26071-200-M6-052-00090 0.9489938020706177 3400.69 1236.71 3449.16 1236.19 3450.16 1329.53 3401.69 1330.05
26071-200-M6-052-00090 0.9460110068321228 2999.06 6048.73 3091.71 6049.28 3091.43 6096.26 2998.77 6095.71
26071-200-M6-052-00090 0.9315802454948425 3402.27 1073.65 3448.66 1073.97 3448.01 1168.24 3401.61 1167.92
26071-200-M6-052-00090 0.7056506276130676 3424.64 6044.19 3516.82 6042.53 3517.68 6090.57 3425.50 6092.23
26071-200-M6-052-00090 0.11550381779670715 4717.26 3737.12 4794.34 3733.67 4798.85 3834.31 4721.76 3837.76
26071-200-M6-052-00090 0.11279617249965668 1700.57 3740.78 1782.14 3739.42 1783.64 3829.02 1702.07 3830.39
26071-200-M6-052-00090 0.10650944709777832 2578.35 6492.44 2670.69 6497.69 2668.93 6528.69 2576.59 6523.44
26071-200-M6-052-00090 0.10276155918836594 6413.78 5029.41 6507.03 5032.97 6505.82 5064.69 6412.57 5061.14
26071-200-M6-052-00090 0.09788604825735092 6410.32 3682.78 6457.44 3681.91 6459.73 3806.63 6412.61 3807.49
26071-200-M6-052-00090 0.09357892721891403 3402.12 3301.37 3447.63 3301.49 3447.32 3424.97 3401.81 3424.86
26071-200-M6-052-00090 0.09236226230859756 3400.10 3684.67 3446.88 3683.92 3448.85 3807.12 3402.06 3807.87
26071-200-M6-052-00090 0.0914294496178627 3169.16 4008.81 3236.27 4045.30 3196.64 4118.17 3129.54 4081.68
26071-200-M6-052-00090 0.08790386468172073 6413.09 3300.89 6458.81 3300.83 6458.98 3424.93 6413.25 3424.99
26071-200-M6-052-00090 0.0775078535079956 6358.69 2989.32 6459.00 2994.74 6457.26 3026.85 6356.95 3021.43
26071-200-M6-052-00090 0.05796883627772331 3343.97 1318.94 3446.11 1330.17 3442.89 1359.47 3340.74 1348.23
26071-200-M6-052-00090 0.05770429968833923 6156.98 4013.87 6244.04 4027.24 6231.01 4112.13 6143.95 4098.76
26071-200-M6-052-00090 0.05534538999199867 6411.78 5015.43 6459.10 5015.37 6459.12 5032.90 6411.80 5032.96
26071-203-M6-320-00061 0.07711214572191238 1000.26 3617.06 1144.25 3711.04 1044.55 3863.81 900.55 3769.83
26071-203-M6-320-00061 0.05679997429251671 1471.32 3727.89 1562.48 3721.57 1565.68 3767.73 1474.53 3774.05
26071-203-M6-320-00061 0.053971223533153534 1468.79 4056.09 1555.42 4046.92 1560.45 4094.38 1473.81 4103.55
26071-600-M6-065-00037 0.06409497559070587 2809.38 4806.65 2848.95 4804.61 2851.38 4851.87 2811.81 4853.91
26071-600-M6-065-00037 0.06400611251592636 6875.78 4809.68 6965.48 4803.86 6968.53 4850.83 6878.83 4856.65
26071-600-M6-065-00037 0.05680634826421738 1890.69 4587.46 2013.76 4585.70 2015.47 4705.26 1892.41 4707.03
26071-600-M6-065-00037 0.052472397685050964 5205.43 4588.67 5317.63 4590.72 5315.52 4706.45 5203.32 4704.40
26071-300-M6-053-00010 0.11451397836208344 2698.08 4169.95 2746.16 4170.25 2745.40 4292.04 2697.33 4291.75
26071-300-M6-053-00010 0.09961549192667007 7049.12 3127.16 7132.90 3134.78 7124.81 3223.77 7041.03 3216.16
26071-203-M6-320-00042 0.07736354321241379 5523.03 3295.87 5571.14 3294.51 5574.53 3414.39 5526.42 3415.75
26071-203-M6-160-00291 0.06313437968492508 2547.34 5203.62 2618.36 5198.63 2628.28 5339.79 2557.25 5344.77
26071-600-M6-066-00002 0.11586853116750717 4215.41 3735.39 4287.80 3731.03 4293.54 3826.25 4221.14 3830.61
26071-200-M6-063-00010 0.08017700165510178 3165.79 3808.04 3213.53 3809.04 3210.88 3935.50 3163.13 3934.50
26071-200-M6-063-00010 0.050869472324848175 2431.62 3949.82 2610.45 3944.54 2616.74 4157.76 2437.91 4163.03
26071-203-M6-325-00013 0.06699056923389435 6025.26 2465.38 6210.19 2410.42 6256.02 2564.63 6071.08 2619.59
26071-300-M6-053-00012 0.09840899705886841 5024.72 3407.88 5147.64 3396.92 5154.94 3478.82 5032.02 3489.78
26071-300-M6-053-00012 0.09391511231660843 5711.51 2119.73 5759.54 2117.28 5765.90 2242.25 5717.87 2244.70
26071-300-M6-053-00012 0.09258299320936203 3934.38 5661.15 4125.07 5672.49 4111.60 5898.94 3920.91 5887.60
26071-300-M6-053-00012 0.0907493382692337 7236.37 2371.04 7283.18 2370.07 7284.99 2456.80 7238.17 2457.78
26071-300-M6-053-00012 0.05560794100165367 4629.40 3915.64 4676.38 3916.51 4674.68 4008.73 4627.70 4007.86
26071-300-M6-053-00012 0.05289050191640854 6070.95 5727.71 6088.47 5727.98 6087.74 5776.15 6070.22 5775.89
26071-450-M6-082-00221 0.06357410550117493 4043.91 4283.33 4082.11 4260.40 4103.34 4295.78 4065.15 4318.71
26071-675-M6-068-00034 0.06379736959934235 2544.75 5499.54 2583.67 5462.30 2628.17 5508.80 2589.26 5546.05
26071-450-M6-082-00031 0.08070317655801773 3686.42 3074.94 3734.44 3076.44 3730.57 3199.77 3682.55 3198.26
26071-200-M6-062-00276 0.09989593178033829 2378.31 4607.86 2500.49 4587.14 2514.65 4670.61 2392.47 4691.33
26071-200-M6-062-00276 0.06058856472373009 2376.05 2152.33 2465.69 2148.23 2467.84 2195.40 2378.21 2199.50
26071-600-M6-065-00021 0.0684690773487091 1399.40 1503.56 1489.35 1494.16 1494.30 1541.55 1404.35 1550.95
26071-600-M6-065-00021 0.05888665094971657 1663.97 1344.42 1711.54 1352.27 1700.41 1419.67 1652.84 1411.82
26071-600-M6-065-00021 0.05101536959409714 5375.04 2914.87 5497.89 2914.55 5498.11 2999.78 5375.26 3000.10
26071-600-M6-065-00021 0.050757817924022675 2845.50 2901.88 2939.43 2918.59 2928.59 2979.55 2834.66 2962.84
26071-500-M6-059-00013 0.1349959671497345 2932.28 4731.22 2976.84 4732.19 2974.03 4860.60 2929.46 4859.62
26071-500-M6-059-00013 0.06402897089719772 4661.34 4452.99 4693.07 4456.29 4682.06 4562.42 4650.32 4559.13
26071-500-M6-059-00044 0.11791800707578659 3102.12 2002.63 3200.26 2000.69 3201.36 2056.61 3103.22 2058.54
26071-500-M6-059-00044 0.11395502835512161 2514.87 2004.73 2613.59 2003.05 2614.49 2055.39 2515.77 2057.07
26071-500-M6-059-00044 0.06607072800397873 1246.76 3636.04 1323.32 3584.43 1377.27 3664.47 1300.72 3716.08
26071-500-M6-059-00044 0.0643102303147316 1798.94 4464.43 1864.40 4471.71 1851.72 4585.70 1786.25 4578.41
26071-200-M6-052-00093 0.125360369682312 4680.00 2464.54 4724.92 2466.04 4720.64 2594.10 4675.73 2592.60
26071-200-M6-052-00093 0.11309513449668884 4679.75 1320.90 4726.86 1322.76 4721.82 1450.17 4674.71 1448.30
26071-200-M6-052-00093 0.11153853684663773 4677.35 4711.44 4725.72 4710.73 4727.51 4833.22 4679.14 4833.92
26071-200-M6-052-00093 0.09645961225032806 4678.22 3684.21 4726.43 3684.35 4726.05 3810.44 4677.84 3810.29
26071-200-M6-052-00093 0.060594167560338974 6409.57 3575.22 6480.59 3584.09 6472.80 3646.36 6401.79 3637.48
26071-200-M6-052-00002 0.08929168432950974 6018.39 1017.76 6099.69 1031.26 6086.39 1111.35 6005.09 1097.85
26071-200-M6-052-00002 0.05838674679398537 6889.67 1363.36 6958.10 1368.90 6954.33 1415.43 6885.90 1409.89
26071-675-M6-068-10002 0.06446272879838943 1718.77 1451.16 1818.71 1447.04 1820.19 1483.19 1720.26 1487.31
26071-750-M6-085-00012 0.10861384868621826 4779.70 3803.90 4901.78 3808.87 4899.84 3856.69 4777.75 3851.72
26071-750-M6-085-00012 0.10180479288101196 7948.45 2373.93 8000.08 2376.60 7995.40 2467.46 7943.76 2464.79
26071-750-M6-085-00012 0.08967813849449158 6963.29 3801.35 7085.89 3806.23 7084.01 3853.35 6961.41 3848.47
26071-750-M6-085-00012 0.07261796295642853 1851.55 3687.12 1917.73 3683.96 1919.92 3729.75 1853.74 3732.91
26071-750-M6-085-00012 0.06303781270980835 6068.74 2062.90 6113.41 2068.82 6101.55 2158.27 6056.89 2152.35
26071-750-M6-085-00012 0.05416182801127434 6481.35 3306.97 6522.44 3315.77 6509.72 3375.20 6468.63 3366.40
26071-750-M6-085-00012 0.053574297577142715 2765.34 3617.29 2997.92 3768.88 2927.96 3876.21 2695.39 3724.62
26071-750-M6-085-00012 0.0531797781586647 4294.33 3307.34 4341.34 3320.24 4325.66 3377.40 4278.65 3364.50
26071-750-M6-085-00012 0.05201534181833267 3017.55 5125.03 3134.23 5070.51 3253.87 5326.53 3137.19 5381.06
26071-750-M6-085-00012 0.051741935312747955 7955.28 2538.32 8002.02 2538.49 8001.70 2622.59 7954.96 2622.41
26071-750-M6-085-00012 0.05057944729924202 7469.76 5055.62 7573.82 4987.46 7742.20 5244.54 7638.14 5312.70
26071-750-M6-085-00012 0.05023947358131409 980.03 3400.12 1026.93 3400.81 1026.68 3417.84 979.79 3417.16
26071-200-M6-052-00544 0.07505520433187485 835.85 2738.51 874.51 2739.08 873.82 2786.10 835.16 2785.54
26071-600-M6-066-00003 0.092511847615242 7788.34 5220.84 7843.58 5234.23 7825.34 5309.45 7770.10 5296.06
26071-600-M6-066-00003 0.07078670710325241 3613.49 5456.22 3705.51 5456.09 3705.57 5503.67 3613.56 5503.80
26071-600-M6-066-00003 0.057869404554367065 3762.48 2148.46 3880.34 2153.62 3878.34 2199.34 3760.48 2194.19
