26071-200-M6-052-00001 0.346624493598938 3497.61 4855.75 3543.25 4857.94 3535.95 5009.73 3490.30 5007.53
26071-500-M6-059-00017 0.20446175336837769 2014.29 3583.41 2069.01 3576.74 2084.45 3703.40 2029.73 3710.07
26071-500-M6-059-00017 0.18777111172676086 4015.36 3584.75 4078.64 3576.78 4094.31 3701.16 4031.02 3709.13
26071-500-M6-059-00017 0.14559608697891235 6028.45 3582.69 6094.12 3577.77 6103.59 3704.40 6037.92 3709.31
26071-200-M6-052-00539 0.22833360731601715 1958.27 4098.40 2005.82 4098.11 2006.76 4256.32 1959.21 4256.60
26071-200-M6-052-00539 0.12816213071346283 3996.90 5607.58 4052.27 5613.32 4039.39 5737.43 3984.02 5731.68
26071-200-M6-052-00539 0.11587192118167877 3996.01 5225.04 4044.28 5225.45 4043.23 5349.29 3994.97 5348.88
26071-500-M6-059-00248 0.1436028629541397 4493.96 4659.20 4550.15 4665.94 4535.13 4791.25 4478.94 4784.51
26071-500-M6-059-00248 0.11851803958415985 4486.62 4278.30 4537.47 4277.91 4538.41 4399.19 4487.56 4399.58
26071-500-M6-059-00248 0.08417828381061554 4615.47 4429.20 5143.54 4430.55 5143.00 4639.38 4614.94 4638.03
26071-500-M6-059-00248 0.07936721295118332 3903.63 5040.34 4027.40 5041.40 4026.93 5096.57 3903.16 5095.51
26071-500-M6-059-00248 0.05787678062915802 4034.89 5046.21 4126.91 5060.92 4119.29 5108.58 4027.27 5093.88
26071-700-M6-054-00246 0.19343557953834534 4539.55 2867.74 4583.77 2868.48 4581.82 2985.16 4537.59 2984.42
26071-500-M6-059-00040 0.15396568179130554 1481.04 2441.75 1597.83 2447.31 1595.59 2494.48 1478.80 2488.92
26071-500-M6-059-00040 0.132367342710495 1476.76 2503.88 1591.80 2504.93 1591.36 2553.06 1476.32 2552.01
26071-500-M6-059-00040 0.09259044378995895 1477.13 2378.25 1598.80 2389.40 1593.13 2451.31 1471.46 2440.16
26071-203-M6-333-00010 0.056654077023267746 2385.71 2697.31 2463.61 2664.73 2505.11 2763.92 2427.21 2796.51
26071-750-M6-085-00286 0.17670749127864838 6152.73 3285.10 6194.92 3260.34 6261.22 3373.34 6219.02 3398.09
26071-750-M6-085-00286 0.1575150489807129 5326.32 3299.28 5369.86 3266.39 5445.73 3366.83 5402.20 3399.72
26071-750-M6-085-00286 0.0829368606209755 4664.08 3545.67 4787.83 3546.45 4787.53 3593.01 4663.78 3592.23
26071-750-M6-085-00286 0.07716762274503708 6221.01 3298.92 6354.19 3319.49 6347.42 3363.32 6214.24 3342.74
26071-750-M6-085-00286 0.07234370708465576 5392.24 3303.91 5523.84 3309.55 5522.00 3352.39 5390.40 3346.75
26071-750-M6-085-00286 0.05356580391526222 3330.32 3998.92 3377.51 4002.07 3370.30 4110.24 3323.11 4107.09
26071-750-M6-085-00286 0.052089255303144455 4654.89 3500.56 4792.00 3492.41 4794.68 3537.52 4657.57 3545.67
26071-550-M6-084-00248 0.15777263045310974 4488.92 4195.43 4540.28 4198.47 4533.28 4316.44 4481.93 4313.40
26071-550-M6-084-00248 0.15089964866638184 4488.37 3804.06 4537.73 3808.43 4527.00 3929.36 4477.64 3924.98
26071-550-M6-084-00248 0.0845288336277008 4615.08 3961.66 5178.62 3958.20 5179.90 4165.86 4616.35 4169.31
26071-203-M6-332-00008 0.14232811331748962 4208.20 3637.12 4304.24 3659.68 4290.10 3719.88 4194.06 3697.32
26071-203-M6-332-00008 0.12752507627010345 1818.09 3634.42 1868.32 3635.99 1865.24 3734.90 1815.01 3733.34
26071-203-M6-332-00008 0.11504148691892624 6640.88 3644.33 6694.62 3627.77 6724.18 3723.75 6670.45 3740.30
26071-203-M6-332-00008 0.06240880489349365 7382.13 3559.30 7435.43 3544.92 7459.79 3635.26 7406.49 3649.63
26071-203-M6-332-00008 0.05940255895256996 4922.61 3569.34 4967.27 3534.39 5030.20 3614.78 4985.53 3649.74
26071-203-M6-332-00008 0.05787850171327591 3882.00 3656.30 3978.00 3665.76 3971.20 3734.71 3875.20 3725.25
26071-203-M6-332-00008 0.052565254271030426 6311.90 3661.84 6404.95 3661.76 6405.01 3730.82 6311.95 3730.89
26071-200-M6-052-00080 0.12627245485782623 3748.05 3714.30 3797.67 3710.40 3807.75 3838.61 3758.13 3842.51
26071-200-M6-052-00080 0.11829987168312073 7173.98 3715.78 7225.70 3709.21 7241.10 3830.46 7189.39 3837.03
26071-200-M6-052-00080 0.11200698465108871 7177.95 4097.42 7231.01 4097.79 7230.15 4222.35 7177.08 4221.98
26071-200-M6-052-00080 0.1044619083404541 3748.36 4097.75 3803.88 4096.90 3805.76 4219.70 3750.24 4220.55
26071-200-M6-052-00080 0.06419438868761063 6063.58 3781.24 6163.54 3781.38 6163.47 3828.15 6063.51 3828.01
26071-200-M6-052-00080 0.06303881853818893 2638.87 3781.54 2738.19 3781.03 2738.43 3827.61 2639.11 3828.11
26071-300-M6-053-00309 0.10028411448001862 5489.08 5329.10 5614.17 5324.62 5616.73 5396.08 5491.65 5400.56
26071-300-M6-053-00309 0.07199554890394211 3402.03 3108.04 4172.18 3089.16 4176.96 3283.95 3406.81 3302.84
26071-300-M6-053-00309 0.05142339691519737 5431.10 4748.91 5461.47 4749.57 5460.50 4794.28 5430.13 4793.62
26071-450-M6-082-00009 0.1251707524061203 3893.22 5364.72 4025.29 5381.73 4019.30 5428.31 3887.22 5411.30
26071-450-M6-082-00009 0.06767760217189789 3490.92 5278.98 3623.33 5285.06 3620.95 5336.76 3488.55 5330.68
26071-450-M6-082-00009 0.05280188098549843 3850.32 4626.38 3884.39 4627.42 3882.71 4682.58 3848.63 4681.54
26071-200-M6-052-00552 0.13349896669387817 3995.61 2250.91 4042.61 2251.22 4041.77 2377.27 3994.78 2376.97
26071-200-M6-052-00552 0.05753673240542412 4171.56 2462.07 4205.35 2461.70 4206.03 2523.59 4172.25 2523.96
26071-200-M6-052-00552 0.052379101514816284 3816.29 2415.17 4239.23 2438.10 4227.97 2645.68 3805.04 2622.74
26071-203-M6-064-00271 0.052451327443122864 956.12 2515.03 1168.54 2521.22 1165.93 2610.81 953.51 2604.62
26071-203-M6-332-00001 0.1477167159318924 4238.03 2558.03 4348.47 2556.07 4349.36 2606.04 4238.91 2607.99
26071-203-M6-332-00001 0.12971092760562897 4663.37 2550.68 4766.09 2556.71 4762.89 2611.19 4660.17 2605.16
26071-203-M6-332-00001 0.1263313591480255 2976.09 2557.83 3085.47 2554.20 3087.18 2605.58 2977.80 2609.22
26071-203-M6-332-00001 0.12252312153577805 3397.85 2554.71 3504.54 2552.48 3505.72 2609.09 3399.03 2611.31
26071-203-M6-332-00001 0.12003499269485474 5081.01 2554.72 5189.90 2561.08 5186.82 2613.84 5077.93 2607.48
26071-203-M6-332-00001 0.11519843339920044 5493.04 2552.45 5605.22 2547.80 5607.60 2605.28 5495.42 2609.93
26071-203-M6-332-00001 0.09375111758708954 3822.39 2551.35 3925.91 2557.67 3922.57 2612.38 3819.05 2606.06
26071-203-M6-332-00001 0.09259262681007385 5921.26 2558.41 6031.77 2555.75 6033.01 2607.42 5922.50 2610.08
26071-200-M6-052-00150 0.10592739284038544 5527.78 5831.20 5592.06 5837.75 5577.77 5978.01 5513.49 5971.46
26071-200-M6-052-00150 0.06991761922836304 4223.80 5831.13 4287.02 5836.41 4275.55 5973.66 4212.34 5968.38
26071-200-M6-052-00003 0.1976325958967209 5640.01 4193.78 5688.39 4194.09 5687.48 4333.01 5639.11 4332.69
26071-200-M6-052-00003 0.10232901573181152 4462.72 3729.08 4516.91 3731.30 4511.87 3854.25 4457.68 3852.03
26071-700-M6-054-00036 0.13841262459754944 3856.34 3333.23 3902.24 3337.76 3890.11 3460.82 3844.21 3456.30
26071-700-M6-054-00036 0.06492478400468826 4074.25 3392.03 4489.67 3408.87 4482.63 3582.33 4067.22 3565.49
26071-600-M6-065-00231 0.055810414254665375 3799.25 3825.66 3831.59 3823.92 3834.97 3886.48 3802.63 3888.23
26071-500-M6-059-00071 0.3091701865196228 1985.52 3797.20 2116.71 3819.80 2107.54 3873.04 1976.35 3850.45
26071-500-M6-059-00071 0.24524015188217163 1621.76 5405.01 1673.62 5399.88 1685.31 5518.18 1633.45 5523.30
26071-500-M6-059-00071 0.06282593309879303 1564.31 5403.37 1657.89 5471.51 1625.44 5516.08 1531.86 5447.94
26071-500-M6-059-00071 0.059306800365448 1631.35 2619.05 1676.22 2618.60 1676.54 2650.52 1631.67 2650.97
26071-203-M6-320-00008 0.0564628429710865 2684.57 4571.42 2932.43 4568.92 2932.89 4615.18 2685.03 4617.68
26071-203-M6-320-00008 0.051834579557180405 4213.29 4142.94 4307.26 4138.70 4310.62 4213.21 4216.65 4217.44
26071-500-M6-059-00116 0.0678347796201706 5750.60 5547.66 5839.90 5617.57 5803.51 5664.05 5714.21 5594.14
26071-500-M6-059-00116 0.06745532900094986 6231.29 5616.77 6277.53 5616.38 6278.37 5715.49 6232.13 5715.89
26071-500-M6-059-00116 0.055786244571208954 4346.91 4417.16 4391.67 4416.96 4391.80 4447.03 4347.05 4447.23
26071-550-M6-084-00026 0.14028863608837128 7332.60 3330.94 7447.95 3333.39 7446.92 3381.97 7331.57 3379.52
26071-550-M6-084-00026 0.053126078099012375 7326.82 3452.80 7453.53 3450.06 7454.81 3509.17 7328.10 3511.92
26071-200-M6-052-00090 0.11966516077518463 6416.66 3682.09 6480.35 3692.01 6462.43 3807.09 6398.74 3797.17
26071-200-M6-052-00090 0.11724714189767838 3390.55 3299.98 3448.50 3294.14 3461.37 3421.88 3403.42 3427.72
26071-200-M6-052-00090 0.09555580466985703 6415.23 3296.38 6466.88 3302.36 6452.93 3422.80 6401.28 3416.82
26071-200-M6-052-00090 0.08464883267879486 3399.61 3686.09 3461.99 3692.28 3450.54 3807.70 3388.16 3801.50
26071-200-M6-052-00090 0.06116056442260742 2275.23 3368.12 2378.99 3367.07 2379.48 3415.02 2275.72 3416.07
26071-200-M6-052-00090 0.05733505263924599 2936.43 6022.61 3109.76 6014.73 3112.11 6066.26 2938.77 6074.13
26071-600-M6-065-00037 0.07509041577577591 1581.33 6012.81 1631.65 6013.92 1628.29 6166.04 1577.97 6164.93
26071-600-M6-065-00037 0.060063861310482025 1857.84 4579.73 1945.41 4574.24 1948.06 4616.41 1860.48 4621.89
26071-600-M6-065-00037 0.05755650997161865 1460.17 6046.40 1567.50 6050.50 1561.02 6220.32 1453.69 6216.23
26071-600-M6-065-00037 0.05516906827688217 1456.47 5987.84 1596.19 6005.07 1589.88 6056.20 1450.16 6038.97
26071-300-M6-053-00010 0.14028096199035645 2698.07 4162.53 2742.83 4165.60 2734.66 4284.60 2689.91 4281.53
26071-300-M6-053-00010 0.06802066415548325 2043.71 4315.90 2667.23 4295.12 2674.75 4520.60 2051.22 4541.38
26071-300-M6-053-00010 0.05974201112985611 3206.61 4160.00 3245.53 4159.02 3247.12 4221.76 3208.20 4222.74
26071-300-M6-053-00010 0.052023325115442276 6412.69 2622.82 6442.58 2622.52 6443.03 2667.29 6413.15 2667.59
26071-203-M6-320-00042 0.1916450709104538 5530.43 3293.77 5578.15 3297.55 5568.49 3419.57 5520.77 3415.79
26071-203-M6-320-00042 0.0544513501226902 4268.98 3596.00 4313.62 3594.68 4314.53 3625.56 4269.89 3626.87
26071-203-M6-160-00291 0.06127292290329933 4753.25 2266.61 4783.40 2267.80 4781.65 2311.73 4751.51 2310.53
26071-203-M6-160-00291 0.053085118532180786 2912.26 3573.77 3611.21 3594.33 3604.30 3829.49 2905.35 3808.94
26071-203-M6-160-00291 0.052821069955825806 3003.84 2267.12 3033.48 2266.58 3034.30 2311.90 3004.66 2312.43
26071-600-M6-066-00002 0.059132177382707596 2063.89 3666.95 2243.87 3676.33 2240.85 3734.28 2060.87 3724.90
26071-600-M6-066-00002 0.05038335174322128 3759.70 2562.68 3797.68 2570.40 3782.60 2644.55 3744.62 2636.82
26071-300-M6-053-00008 0.09616576880216599 5487.64 1798.04 5520.00 1795.80 5523.64 1848.26 5491.29 1850.50
26071-300-M6-053-00008 0.08784013986587524 5856.53 3232.04 5904.18 3210.49 5925.54 3257.72 5877.88 3279.27
26071-300-M6-053-00008 0.05330706760287285 5864.03 3412.95 5916.29 3414.97 5909.98 3577.58 5857.72 3575.55
26071-300-M6-053-00008 0.05053521692752838 5184.12 3218.98 5235.90 3214.52 5240.51 3268.04 5188.74 3272.51
26071-200-M6-063-00010 0.1654566526412964 3162.40 3810.04 3211.60 3807.56 3217.94 3933.28 3168.75 3935.77
26071-200-M6-063-00010 0.06987239420413971 3981.80 3505.48 4019.65 3511.03 4008.54 3586.72 3970.69 3581.16
26071-200-M6-063-00010 0.061076272279024124 2551.37 3949.94 3069.55 3960.89 3065.20 4166.46 2547.02 4155.50
26071-203-M6-060-00006 0.05618232488632202 3210.91 3016.71 3291.33 3006.31 3303.99 3104.14 3223.57 3114.55
26071-300-M6-053-00012 0.1297226846218109 5716.55 2122.55 5765.94 2124.04 5762.28 2245.05 5712.89 2243.56
26071-300-M6-053-00012 0.060906700789928436 4182.64 3471.26 4437.03 3456.00 4464.50 3914.11 4210.12 3929.36
26071-300-M6-053-00012 0.05237653851509094 5968.19 5733.58 6054.20 5722.89 6060.67 5774.94 5974.67 5785.63
26071-300-M6-053-00012 0.050754666328430176 5121.62 2263.90 5675.52 2250.60 5680.54 2459.89 5126.65 2473.20
26071-450-M6-082-00031 0.13452664017677307 3688.01 3073.57 3733.09 3075.18 3728.89 3193.01 3683.81 3191.40
26071-450-M6-082-00031 0.06011908873915672 3018.40 3224.86 3566.05 3216.33 3569.45 3434.68 3021.80 3443.21
26071-200-M6-062-00276 0.05558723956346512 4115.92 4062.40 4259.06 4054.81 4261.29 4096.86 4118.15 4104.45
26071-600-M6-065-00021 0.06893161684274673 3968.45 5431.11 4060.80 5431.17 4060.76 5500.89 3968.41 5500.83
26071-600-M6-065-00021 0.058762695640325546 5704.16 5431.39 5796.91 5431.66 5796.71 5501.73 5703.96 5501.46
26071-500-M6-059-00044 0.07435102760791779 7281.30 6078.86 7340.74 6080.08 7337.55 6235.39 7278.10 6234.16
26071-200-M6-052-00093 0.12706631422042847 4679.81 3685.01 4734.40 3685.97 4732.25 3808.41 4677.66 3807.45
26071-200-M6-052-00093 0.12100933492183685 4680.34 4708.86 4726.79 4709.31 4725.56 4837.07 4679.11 4836.62
26071-200-M6-052-00093 0.11616590619087219 4679.42 2462.09 4728.05 2462.14 4727.93 2590.98 4679.29 2590.93
26071-200-M6-052-00093 0.11271515488624573 4680.84 1325.89 4726.81 1324.60 4730.51 1456.08 4684.54 1457.37
26071-200-M6-052-00093 0.05370137095451355 4006.00 1472.23 4571.70 1474.06 4571.06 1671.39 4005.36 1669.56
26071-200-M6-052-00002 0.37764203548431396 4085.16 4381.65 4133.65 4382.28 4131.40 4554.07 4082.90 4553.43
26071-675-M6-068-10002 0.06745889782905579 3698.76 3757.35 3777.23 3746.65 3786.41 3814.00 3707.95 3824.70
26071-675-M6-068-10002 0.06374677270650864 2399.82 3774.28 2476.01 3747.34 2496.92 3806.46 2420.73 3833.40
26071-675-M6-068-10002 0.052748773247003555 3394.70 4336.98 3985.93 4321.29 3991.19 4519.39 3399.96 4535.08
26071-750-M6-085-00012 0.2768824100494385 2973.01 4415.34 3092.44 4419.12 3091.00 4464.66 2971.57 4460.88
26071-750-M6-085-00012 0.12571942806243896 6968.51 3802.69 7073.00 3810.33 7069.21 3862.10 6964.72 3854.46
26071-750-M6-085-00012 0.11556540429592133 2470.40 3673.69 2569.77 3672.06 2570.88 3739.76 2471.51 3741.38
26071-750-M6-085-00012 0.0922134667634964 2517.69 5507.55 2576.79 5505.79 2580.46 5629.12 2521.35 5630.88
26071-750-M6-085-00012 0.08779412508010864 2998.20 4356.95 3072.43 4401.01 3049.23 4440.09 2975.01 4396.03
26071-750-M6-085-00012 0.07623995095491409 4786.49 3801.25 4894.44 3815.04 4887.79 3867.06 4779.84 3853.26
26071-750-M6-085-00012 0.0680883601307869 5048.56 3786.66 5337.71 3793.94 5336.05 3859.96 5046.89 3852.68
26071-750-M6-085-00012 0.05905764922499657 5034.16 5134.21 5317.16 5151.34 5312.50 5228.31 5029.50 5211.17
26071-750-M6-085-00012 0.059030432254076004 7237.97 3751.32 7674.83 3810.64 7665.91 3876.28 7229.06 3816.95
26071-750-M6-085-00012 0.0525110587477684 1836.66 3683.78 1924.32 3677.07 1928.17 3727.38 1840.51 3734.08
26071-200-M6-052-00544 0.3560045659542084 4526.86 4134.73 4682.16 4125.24 4684.93 4170.67 4529.64 4180.17
26071-200-M6-052-00544 0.07481668144464493 4567.43 4093.08 4644.87 4094.29 4644.14 4141.01 4566.70 4139.80
26071-200-M6-052-00544 0.06812184303998947 5602.52 4186.78 5760.07 4187.85 5759.75 4235.52 5602.20 4234.44
26071-200-M6-052-00544 0.05546315759420395 5402.05 5174.57 5540.83 5160.37 5545.80 5208.99 5407.02 5223.18
26071-200-M6-052-00544 0.055246997624635696 4535.02 4188.78 4671.58 4192.22 4670.41 4238.85 4533.85 4235.41
26071-600-M6-066-00003 0.178714320063591 4856.83 2140.62 4977.37 2165.01 4966.12 2220.59 4845.58 2196.19
26071-600-M6-066-00003 0.16705410182476044 3747.00 2169.21 3867.73 2146.07 3879.41 2207.00 3758.68 2230.14
26071-600-M6-066-00003 0.11493294686079025 7710.25 5377.37 7907.67 5382.15 7906.48 5431.03 7709.06 5426.25
26071-600-M6-066-00003 0.09541171789169312 4881.46 2228.88 5023.82 2246.78 5018.49 2289.14 4876.13 2271.23
26071-600-M6-066-00003 0.08604797720909119 3731.20 2236.47 3855.19 2233.73 3856.27 2282.52 3732.28 2285.27
26071-750-M6-085-00309 0.060207873582839966 4323.71 2273.36 4424.15 2276.56 4422.64 2323.82 4322.21 2320.63
