26071-200-M6-052-00001 0.17373600602149963 5806.09 2500.87 5871.90 2505.40 5868.57 2553.82 5802.75 2549.29
26071-200-M6-052-00001 0.057982414960861206 3916.80 3631.49 3965.22 3631.48 3965.23 3672.03 3916.81 3672.04
26071-200-M6-052-00001 0.05010218545794487 3164.27 3347.42 3209.62 3346.99 3209.92 3378.66 3164.57 3379.09
26071-500-M6-059-00017 0.05321246385574341 3946.21 3929.07 3992.30 3934.60 3988.56 3965.80 3942.47 3960.27
26071-500-M6-059-00017 0.052292998880147934 1933.74 3942.60 1976.86 3922.63 1989.90 3950.77 1946.78 3970.75
26071-500-M6-059-00017 0.05199441686272621 5952.10 3932.58 5998.96 3930.84 6000.15 3962.87 5953.29 3964.62
26071-600-M6-066-00012 0.9406405687332153 3141.36 3659.96 3234.40 3660.31 3234.22 3707.54 3141.18 3707.19
26071-600-M6-066-00012 0.9252396821975708 4204.01 3660.62 4297.64 3659.90 4298.00 3707.20 4204.37 3707.92
26071-600-M6-066-00012 0.14280597865581512 5855.65 4859.54 5954.64 4856.82 5956.18 4912.80 5857.19 4915.52
26071-600-M6-066-00012 0.059782255440950394 4629.46 4638.27 4695.73 4625.19 4711.14 4703.34 4644.87 4716.41
26071-600-M6-066-00012 0.05022702366113663 4290.39 588.73 4413.25 581.94 4415.68 625.99 4292.82 632.78
26071-200-M6-052-00539 0.9400899410247803 2196.98 4522.54 2289.55 4522.51 2289.56 4569.95 2196.99 4569.97
26071-200-M6-052-00539 0.05719194561243057 4862.75 4610.40 4911.17 4610.54 4911.05 4651.06 4862.62 4650.92
26071-200-M6-052-00539 0.05107038468122482 2214.17 4483.88 2274.10 4480.40 2276.97 4529.78 2217.04 4533.26
26071-500-M6-059-00248 0.0727917030453682 3717.99 3037.50 3795.83 3033.62 3801.69 3151.37 3723.85 3155.24
26071-500-M6-059-00248 0.07053164392709732 3061.80 3476.86 3147.63 3473.26 3152.98 3600.73 3067.15 3604.33
26071-203-M6-325-00012 0.06082293763756752 4892.01 6536.29 4944.57 6536.52 4944.08 6649.15 4891.52 6648.92
26071-203-M6-325-00012 0.05960419028997421 6692.42 6536.22 6744.61 6536.45 6744.10 6648.91 6691.91 6648.67
26071-203-M6-325-00012 0.05818775296211243 6989.98 6540.88 7040.91 6538.07 7046.83 6645.14 6995.90 6647.95
26071-203-M6-325-00012 0.057786159217357635 4592.61 6536.94 4645.08 6537.10 4644.73 6648.55 4592.25 6648.38
26071-203-M6-325-00012 0.057632554322481155 5792.69 688.86 5844.60 689.82 5842.56 800.63 5790.65 799.67
26071-203-M6-325-00012 0.05606311559677124 3992.97 6536.50 4045.31 6537.02 4044.20 6648.57 3991.86 6648.05
26071-203-M6-325-00012 0.05468282476067543 4292.11 6537.09 4344.25 6536.76 4344.98 6648.34 4292.83 6648.67
26071-203-M6-325-00012 0.05003252252936363 6096.33 6534.77 6148.15 6538.04 6141.06 6650.39 6089.24 6647.12
26071-700-M6-054-00246 0.05566488951444626 4332.52 4505.16 4422.32 4519.06 4415.18 4565.20 4325.38 4551.30
26071-700-M6-054-00246 0.0525226965546608 4354.21 3234.39 4433.19 3283.47 4404.07 3330.33 4325.09 3281.25
26071-500-M6-059-00040 0.9144402146339417 5620.32 3646.09 5715.72 3646.75 5715.38 3693.87 5619.99 3693.20
26071-500-M6-059-00040 0.0910596251487732 4186.57 2087.87 4270.90 2085.52 4274.36 2210.16 4190.03 2212.50
26071-500-M6-059-00040 0.076719731092453 5866.18 2859.37 5897.68 2854.58 5904.55 2899.74 5873.04 2904.53
26071-203-M6-333-00010 0.19847624003887177 3658.15 4229.77 3755.41 4231.90 3754.35 4280.46 3657.08 4278.32
26071-203-M6-333-00010 0.1011800691485405 1526.85 4231.35 1622.93 4232.19 1622.51 4280.46 1526.44 4279.63
26071-203-M6-333-00010 0.09543538093566895 3373.58 5608.97 3466.88 5612.90 3464.79 5662.48 3371.50 5658.56
26071-203-M6-333-00010 0.07723202556371689 4685.81 3660.45 4782.60 3662.78 4781.44 3710.80 4684.65 3708.46
26071-203-M6-333-00010 0.06837304681539536 5546.93 4231.90 5641.23 4232.30 5641.03 4279.43 5546.73 4279.03
26071-750-M6-085-00286 0.054925620555877686 3484.32 3558.14 3530.38 3561.71 3528.03 3592.09 3481.96 3588.52
26071-750-M6-085-00286 0.05404454097151756 6089.70 2328.00 6227.27 2328.06 6227.25 2359.71 6089.68 2359.65
26071-550-M6-084-00248 0.05436552315950394 2177.23 4958.62 2282.18 4962.06 2280.65 5008.89 2175.70 5005.45
26071-550-M6-084-00248 0.05409451201558113 3718.83 2551.78 3806.84 2551.29 3807.61 2690.00 3719.60 2690.49
26071-550-M6-084-00248 0.05289797857403755 4304.51 3987.72 4400.08 3987.03 4400.43 4034.62 4304.85 4035.31
26071-200-M6-052-00080 0.0615684948861599 3098.79 3345.68 3146.40 3345.33 3146.71 3387.35 3099.10 3387.70
26071-200-M6-052-00080 0.058209292590618134 2769.93 3161.82 2858.16 3157.71 2864.18 3286.85 2775.95 3290.96
26071-200-M6-052-00080 0.05396002531051636 6193.03 3165.42 6281.21 3161.11 6287.51 3290.33 6199.34 3294.63
26071-200-M6-052-00080 0.05274341627955437 3008.19 2826.44 3098.76 2827.51 3097.15 2964.51 3006.58 2963.45
26071-300-M6-053-00309 0.08350539207458496 3508.90 3041.41 3533.42 3060.49 3506.12 3095.57 3481.60 3076.48
26071-300-M6-053-00309 0.08155473321676254 1011.33 4357.91 1088.26 4352.47 1094.94 4447.11 1018.01 4452.54
26071-300-M6-053-00309 0.07539006322622299 5860.80 2739.37 5953.59 2738.82 5953.86 2784.87 5861.07 2785.42
26071-300-M6-053-00309 0.07136501371860504 1012.46 3648.57 1088.09 3643.50 1094.45 3738.50 1018.83 3743.57
26071-300-M6-053-00309 0.06336794048547745 1016.84 3294.91 1087.69 3295.13 1087.41 3386.33 1016.56 3386.11
26071-300-M6-053-00309 0.0628000944852829 7169.83 3250.79 7240.97 3254.58 7236.24 3343.38 7165.10 3339.60
26071-300-M6-053-00309 0.059597816318273544 7166.06 1470.08 7246.66 1472.76 7243.54 1566.24 7162.94 1563.56
26071-300-M6-053-00309 0.056043121963739395 3484.48 5178.92 3528.64 5175.89 3530.80 5207.40 3486.64 5210.43
26071-300-M6-053-00309 0.0533648356795311 1016.35 5537.13 1084.43 5537.93 1083.30 5634.71 1015.22 5633.92
26071-300-M6-053-00309 0.053278565406799316 7173.85 6420.62 7252.04 6425.37 7246.51 6516.36 7168.32 6511.61
26071-300-M6-053-00309 0.052869684994220734 7167.67 2536.72 7242.11 2542.06 7235.44 2635.11 7161.00 2629.77
26071-300-M6-053-00309 0.05263252928853035 5527.91 3972.23 5619.54 3974.18 5616.65 4110.12 5525.02 4108.18
26071-300-M6-053-00309 0.05037415772676468 7155.00 4550.96 7228.32 4539.54 7242.52 4630.71 7169.20 4642.13
26071-450-M6-082-00009 0.10158350318670273 4921.77 6276.73 5017.40 6288.05 5011.45 6338.35 4915.82 6327.03
26071-450-M6-082-00009 0.052047599107027054 3408.32 1377.31 3439.17 1377.53 3438.99 1402.10 3408.15 1401.88
26071-750-M6-085-00007 0.12623664736747742 1780.01 2787.86 2060.12 2807.65 2056.61 2857.31 1776.50 2837.51
26071-750-M6-085-00007 0.11535727977752686 3379.37 2800.92 3664.69 2797.65 3665.23 2844.81 3379.91 2848.09
26071-750-M6-085-00007 0.10383743047714233 1257.37 2800.65 1540.82 2800.22 1540.89 2848.31 1257.44 2848.74
26071-750-M6-085-00007 0.10322336852550507 2849.73 2798.67 3134.49 2800.11 3134.24 2848.49 2849.48 2847.05
26071-750-M6-085-00007 0.08130766451358795 3728.76 2614.63 3775.50 2610.72 3778.17 2642.65 3731.43 2646.56
26071-750-M6-085-00007 0.06489778310060501 2133.88 2616.21 2179.34 2612.29 2182.00 2643.14 2136.54 2647.06
26071-750-M6-085-00007 0.05615208297967911 2135.62 2762.75 2180.74 2759.20 2183.18 2790.15 2138.06 2793.71
26071-750-M6-085-00007 0.05500843748450279 4046.52 2772.31 4091.51 2755.92 4102.55 2786.24 4057.56 2802.62
26071-203-M6-064-00271 0.07815802097320557 1866.28 2618.79 1963.73 2622.49 1961.92 2670.05 1864.47 2666.35
26071-203-M6-064-00271 0.07257602363824844 1430.86 4865.44 1523.36 4864.33 1523.91 4910.89 1431.41 4912.00
26071-203-M6-064-00271 0.06094873324036598 2028.14 2538.82 2088.78 2548.03 2079.13 2611.57 2018.49 2602.36
26071-203-M6-064-00271 0.05326573923230171 1330.94 4783.55 1417.80 4786.53 1414.11 4894.38 1327.25 4891.41
26071-203-M6-079-00001 0.06572974473237991 2572.62 4895.54 2604.10 4896.73 2599.07 5029.48 2567.59 5028.28
26071-200-M6-052-00150 0.09829407930374146 2809.43 1324.34 2904.29 1321.72 2905.62 1369.73 2810.76 1372.35
26071-200-M6-052-00003 0.937551736831665 4252.10 5016.08 4344.41 5016.07 4344.41 5063.98 4252.10 5063.98
26071-200-M6-052-00003 0.8843010663986206 4558.53 4533.14 4653.65 4534.31 4653.06 4582.00 4557.93 4580.82
26071-200-M6-052-00003 0.14355796575546265 1607.95 2507.13 1695.88 2500.45 1699.57 2548.98 1611.64 2555.66
26071-200-M6-052-00003 0.07230779528617859 5863.31 2858.60 5912.44 2861.64 5906.72 2954.10 5857.59 2951.06
26071-200-M6-052-00003 0.05869060754776001 4273.51 4964.78 4326.16 4964.94 4326.01 5012.66 4273.37 5012.50
26071-700-M6-054-00013 0.05010617896914482 3447.35 5814.04 3493.53 5812.49 3496.60 5904.06 3450.42 5905.60
26071-203-M6-321-00225 0.06432893872261047 6744.03 3470.02 6787.89 3470.19 6787.77 3499.25 6743.91 3499.07
26071-700-M6-054-00036 0.10802400857210159 4361.57 4511.91 4426.45 4476.37 4472.99 4561.31 4408.12 4596.86
26071-700-M6-054-00036 0.08959216624498367 4141.74 2212.77 4217.79 2227.40 4198.27 2328.83 4122.22 2314.19
26071-700-M6-054-00036 0.05881031975150108 4376.91 1619.07 4453.93 1625.24 4445.96 1724.53 4368.95 1718.35
26071-203-M6-320-00044 0.07054515928030014 597.26 4237.34 642.92 4230.57 656.86 4324.62 611.20 4331.38
26071-600-M6-065-00231 0.9344318509101868 3435.23 5539.14 3529.15 5539.04 3529.20 5586.01 3435.27 5586.10
26071-600-M6-065-00231 0.11737310886383057 7150.13 3496.36 7402.08 3499.66 7401.47 3545.93 7149.52 3542.63
26071-600-M6-065-00231 0.10542257875204086 6579.47 3495.20 6861.19 3500.27 6860.38 3545.23 6578.66 3540.16
26071-600-M6-065-00231 0.0783892348408699 6454.90 3500.84 6502.69 3495.25 6513.42 3587.00 6465.62 3592.58
26071-600-M6-065-00231 0.07543040066957474 7179.52 3329.46 7215.17 3301.85 7234.47 3326.78 7198.82 3354.39
26071-600-M6-065-00231 0.06856641918420792 3455.45 5492.69 3508.38 5491.36 3509.57 5538.80 3456.64 5540.13
26071-600-M6-065-00231 0.06021400913596153 3459.05 5579.67 3503.62 5579.39 3504.19 5668.65 3459.61 5668.93
26071-600-M6-065-00231 0.05976497381925583 6463.97 3455.82 6509.42 3463.55 6504.48 3492.60 6459.03 3484.87
26071-600-M6-065-00231 0.05914276838302612 6464.67 3307.75 6495.59 3302.89 6502.84 3349.02 6471.92 3353.88
26071-600-M6-065-00231 0.05569111928343773 6385.97 3324.64 6427.39 3305.54 6439.98 3332.84 6398.56 3351.94
26071-600-M6-065-00231 0.05140974000096321 6397.15 3450.23 6426.91 3447.93 6430.64 3496.29 6400.87 3498.58
26071-500-M6-059-00071 0.10113408416509628 3455.54 3288.65 3540.17 3290.23 3538.23 3394.53 3453.60 3392.95
26071-500-M6-059-00071 0.07950860261917114 5507.23 3968.29 5596.33 3970.98 5594.90 4018.31 5505.80 4015.62
26071-500-M6-059-00071 0.05907503888010979 3991.61 2087.27 4082.90 2085.60 4083.83 2136.70 3992.55 2138.38
26071-500-M6-059-00071 0.05732778459787369 5568.19 3905.48 5655.75 3901.64 5658.07 3954.34 5570.50 3958.18
26071-500-M6-059-00071 0.05021359398961067 1626.36 3521.68 1673.27 3507.52 1682.50 3538.09 1635.59 3552.25
26071-203-M6-320-00008 0.07445943355560303 2371.15 4234.67 2524.16 4228.85 2525.90 4274.61 2372.89 4280.43
26071-203-M6-320-00008 0.05782114341855049 2530.60 4152.89 2615.14 4152.32 2615.44 4197.38 2530.91 4197.95
26071-203-M6-320-00008 0.05353744328022003 4941.19 4062.74 5035.29 4053.37 5039.68 4097.50 4945.58 4106.87
26071-203-M6-337-00007 0.945925235748291 5115.53 5771.72 5162.87 5771.61 5163.07 5863.54 5115.73 5863.65
26071-203-M6-337-00007 0.916766345500946 5114.73 3073.40 5161.61 3074.11 5160.19 3167.33 5113.31 3166.61
26071-203-M6-337-00007 0.133479043841362 5264.50 3035.74 5299.93 3033.58 5302.09 3068.92 5266.65 3071.08
26071-203-M6-337-00007 0.12051548808813095 5221.64 5781.44 5313.59 5797.27 5305.26 5845.68 5213.30 5829.85
26071-203-M6-337-00007 0.11421611160039902 5220.08 3089.73 5313.88 3087.68 5314.95 3136.57 5221.15 3138.62
26071-203-M6-337-00007 0.09826742112636566 5264.33 5732.04 5299.33 5735.48 5295.70 5772.45 5260.70 5769.01
26071-203-M6-337-00007 0.0644311010837555 3702.89 1727.65 3829.75 1755.32 3817.25 1812.63 3690.39 1784.95
26071-203-M6-337-00007 0.05942077189683914 3703.43 4427.14 3829.39 4457.73 3815.51 4514.87 3689.55 4484.28
26071-203-M6-337-00007 0.05532657355070114 2793.48 3751.56 2909.37 3749.54 2910.23 3799.04 2794.34 3801.06
26071-203-M6-337-00007 0.05404045432806015 3239.18 2730.79 3272.77 2738.26 3264.99 2773.24 3231.41 2765.77
26071-203-M6-337-00007 0.052902061492204666 3238.89 5430.77 3272.59 5437.84 3265.21 5473.01 3231.51 5465.94
26071-200-M6-052-00090 0.07530137896537781 2426.66 2757.14 2503.44 2758.64 2501.09 2879.08 2424.32 2877.59
26071-200-M6-052-00090 0.06659942865371704 7059.01 4621.11 7106.80 4619.57 7109.86 4715.09 7062.07 4716.62
26071-200-M6-052-00090 0.06298946589231491 6146.16 5242.49 6210.89 5282.30 6183.05 5327.56 6118.32 5287.75
26071-200-M6-052-00090 0.06064103916287422 7063.01 4426.51 7109.42 4426.95 7108.52 4522.31 7062.10 4521.87
26071-200-M6-052-00090 0.05858444795012474 2663.67 2392.77 2740.25 2395.74 2735.42 2520.30 2658.84 2517.33
26071-200-M6-052-00090 0.05771156772971153 7060.71 4090.02 7106.96 4087.33 7112.15 4176.79 7065.90 4179.47
26071-200-M6-052-00090 0.056855928152799606 5433.79 2755.26 5511.29 2752.83 5515.18 2876.41 5437.68 2878.85
26071-203-M6-320-00061 0.06305660307407379 840.88 3718.55 873.30 3723.94 865.36 3771.73 832.94 3766.34
26071-203-M6-320-00061 0.050988562405109406 841.74 4046.17 871.74 4048.75 866.99 4104.05 836.99 4101.48
26071-600-M6-065-00037 0.942828357219696 6797.96 4488.96 6846.61 4484.97 6853.94 4574.29 6805.29 4578.28
26071-600-M6-065-00037 0.9418025612831116 3492.84 4490.97 3539.53 4488.91 3543.53 4579.65 3496.84 4581.71
26071-600-M6-065-00037 0.21816861629486084 3540.40 4507.76 3575.92 4509.10 3573.84 4564.34 3538.32 4563.00
26071-600-M6-065-00037 0.13147929310798645 6740.92 4510.87 6794.86 4509.53 6796.07 4558.66 6742.13 4560.00
26071-600-M6-065-00037 0.10461412370204926 3427.65 4515.16 3478.25 4505.40 3487.50 4553.35 3436.90 4563.12
26071-600-M6-065-00037 0.08244802802801132 1821.85 3719.83 1853.24 3720.36 1851.65 3813.82 1820.25 3813.28
26071-600-M6-065-00037 0.07124853134155273 3014.78 3090.32 3090.63 3083.77 3100.83 3201.97 3024.98 3208.51
26071-600-M6-065-00037 0.07090237736701965 5691.44 3064.59 5776.53 3079.46 5756.79 3192.38 5671.70 3177.51
26071-600-M6-065-00037 0.054953087121248245 5128.32 3722.27 5161.26 3723.22 5158.61 3815.44 5125.66 3814.49
26071-300-M6-053-00010 0.11156264692544937 6134.70 2605.86 6417.52 2594.15 6421.22 2683.52 6138.40 2695.22
26071-300-M6-053-00010 0.05301463231444359 4061.33 3134.47 4119.99 3146.61 4099.65 3244.99 4040.99 3232.86
26071-203-M6-320-00042 0.06357810646295547 2218.72 4112.69 2311.42 4111.39 2312.13 4161.84 2219.43 4163.14
26071-200-M6-052-00540 0.05830605700612068 600.25 1042.63 649.62 1042.60 649.69 1154.07 600.32 1154.11
26071-200-M6-052-00540 0.05729189142584801 4534.96 1509.47 4583.31 1509.81 4582.51 1625.32 4534.15 1624.98
26071-200-M6-052-00540 0.05718633905053139 4146.88 1511.50 4202.99 1507.06 4211.98 1620.68 4155.87 1625.12
26071-200-M6-052-00540 0.05655049905180931 2798.49 1507.23 2846.57 1507.54 2845.81 1624.92 2797.73 1624.61
26071-200-M6-052-00540 0.05613140016794205 4343.58 1512.38 4394.97 1514.13 4391.07 1628.38 4339.68 1626.63
26071-200-M6-052-00540 0.055139508098363876 5372.41 1513.69 5421.64 1513.94 5421.09 1625.90 5371.85 1625.65
26071-200-M6-052-00540 0.054058678448200226 1275.56 1505.34 1324.49 1505.84 1323.27 1625.66 1274.35 1625.16
26071-200-M6-052-00540 0.053140439093112946 7510.36 1506.32 7560.82 1506.29 7560.88 1626.28 7510.43 1626.31
26071-200-M6-052-00540 0.05313980579376221 6459.74 4610.77 6506.08 4610.38 6506.83 4699.19 6460.49 4699.58
26071-200-M6-052-00540 0.05300552770495415 5938.18 1513.57 5987.90 1513.23 5988.66 1624.98 5938.94 1625.32
26071-200-M6-052-00540 0.052436839789152145 6128.73 1512.04 6178.32 1512.34 6177.63 1623.79 6128.05 1623.49
26071-200-M6-052-00540 0.05182741954922676 2324.94 1508.81 2374.16 1508.37 2375.22 1625.28 2326.01 1625.73
26071-200-M6-052-00540 0.05114467069506645 4613.94 1041.54 4664.86 1041.17 4665.67 1152.54 4614.76 1152.91
26071-200-M6-052-00540 0.05075344070792198 6753.96 4610.03 6800.89 4608.44 6803.87 4696.49 6756.94 4698.08
26071-200-M6-052-00540 0.0503278449177742 707.52 1505.49 757.50 1505.54 757.40 1625.07 707.42 1625.02
26071-203-M6-160-00291 0.9322488307952881 6387.78 2840.33 6434.58 2837.94 6439.29 2930.14 6392.48 2932.53
26071-203-M6-160-00291 0.9270581603050232 6388.37 3072.26 6435.71 3072.36 6435.52 3166.15 6388.18 3166.06
26071-203-M6-160-00291 0.27212774753570557 6425.12 3079.00 6468.06 3077.45 6470.22 3137.17 6427.28 3138.72
26071-203-M6-160-00291 0.1689365953207016 6429.38 2833.03 6469.44 2833.49 6468.66 2901.40 6428.60 2900.94
26071-203-M6-160-00291 0.07858937978744507 7513.47 3756.50 7603.08 3754.92 7603.92 3801.96 7514.30 3803.55
26071-203-M6-160-00291 0.07719886302947998 2455.02 3364.45 2502.97 3363.38 2503.53 3388.44 2455.58 3389.50
26071-203-M6-160-00291 0.07152080535888672 6300.71 3099.46 6366.09 3087.45 6374.82 3134.94 6309.44 3146.95
26071-203-M6-160-00291 0.06775429099798203 6302.96 2863.20 6377.27 2850.93 6385.21 2899.04 6310.91 2911.31
26071-203-M6-160-00291 0.06554581224918365 5587.13 1789.87 5633.60 1786.30 5635.79 1814.92 5589.33 1818.48
26071-203-M6-160-00291 0.058699995279312134 1325.86 1495.21 1358.42 1491.70 1363.88 1542.48 1331.33 1545.99
26071-203-M6-160-00291 0.056966230273246765 3213.60 2245.16 3327.27 2242.41 3328.73 2302.71 3215.06 2305.46
26071-203-M6-160-00291 0.056073371320962906 6469.45 2785.26 6503.86 2787.90 6495.05 2902.75 6460.64 2900.11
26071-600-M6-066-00002 0.05868832767009735 4295.36 3756.15 4363.82 3751.11 4367.70 3803.82 4299.23 3808.85
26071-600-M6-066-00002 0.05857311561703682 4048.56 4513.21 4093.88 4504.30 4100.07 4535.80 4054.75 4544.71
26071-600-M6-066-00002 0.05495438724756241 4300.02 2747.93 4343.82 2717.44 4367.70 2751.74 4323.90 2782.24
26071-600-M6-066-00002 0.050992127507925034 4055.53 2371.27 4102.25 2379.23 4096.12 2415.22 4049.39 2407.26
26071-300-M6-053-00008 0.0630124881863594 5869.42 3155.90 5900.37 3153.39 5904.10 3199.21 5873.15 3201.73
26071-300-M6-053-00008 0.05556172505021095 5871.42 2798.34 5902.64 2799.70 5900.66 2845.35 5869.44 2843.99
26071-300-M6-053-00008 0.053327664732933044 5870.27 2444.95 5902.14 2445.26 5901.69 2490.84 5869.83 2490.54
26071-300-M6-053-00008 0.05153583362698555 5870.35 4157.26 5901.84 4157.61 5901.34 4202.97 5869.85 4202.62
26071-203-M6-060-00001 0.0696636512875557 4345.41 1332.60 4392.19 1331.12 4395.18 1425.68 4348.40 1427.15
26071-203-M6-060-00001 0.05348651856184006 3639.35 1435.84 3674.26 1433.73 3677.55 1488.24 3642.64 1490.34
26071-203-M6-060-00006 0.16311949491500854 6865.04 4276.59 7133.11 4271.06 7134.13 4320.88 6866.07 4326.41
26071-203-M6-060-00006 0.09169723093509674 6273.13 4237.72 6318.75 4243.05 6315.26 4272.89 6269.64 4267.56
26071-203-M6-060-00006 0.07143298536539078 6427.98 4277.14 6716.09 4276.29 6716.23 4323.81 6428.12 4324.67
26071-203-M6-060-00006 0.06593656539916992 6271.92 4091.46 6314.33 4086.70 6317.82 4117.81 6275.41 4122.57
26071-203-M6-060-00006 0.06416772305965424 2899.06 4722.19 2931.74 4722.02 2932.22 4816.51 2899.54 4816.68
26071-203-M6-060-00006 0.05092776194214821 7260.28 4276.27 7307.23 4273.27 7313.05 4364.50 7266.10 4367.49
26071-203-M6-060-00006 0.0507507286965847 5961.44 4106.18 5996.72 4075.69 6017.76 4100.04 5982.48 4130.53
26071-203-M6-325-00013 0.2547733187675476 3849.07 4857.74 3948.71 4850.92 3952.69 4909.07 3853.05 4915.89
26071-203-M6-325-00013 0.09846707433462143 3417.72 4862.59 3511.35 4862.59 3511.35 4911.07 3417.72 4911.07
26071-203-M6-325-00013 0.06207246333360672 2347.33 4347.18 2394.34 4346.72 2394.59 4371.91 2347.57 4372.37
26071-300-M6-053-00012 0.8950761556625366 4288.89 3890.88 4382.19 3891.94 4381.66 3939.63 4288.35 3938.57
26071-300-M6-053-00012 0.8743089437484741 4604.89 3375.02 4700.14 3377.52 4698.86 3426.42 4603.61 3423.93
26071-300-M6-053-00012 0.061083003878593445 4109.67 2822.72 4158.67 2820.76 4160.22 2859.65 4111.22 2861.61
26071-300-M6-053-00012 0.054180700331926346 4588.04 3303.95 4726.76 3318.25 4720.81 3375.99 4582.09 3361.68
26071-300-M6-053-00012 0.05179966241121292 2814.89 5100.24 2848.81 5099.57 2849.73 5146.46 2815.80 5147.12
26071-675-M6-068-00034 0.08312129229307175 3722.39 4826.39 3771.85 4818.43 3776.91 4849.88 3727.46 4857.85
26071-675-M6-068-00034 0.07068193703889847 3660.79 4829.06 3707.88 4816.29 3716.20 4846.97 3669.11 4859.74
26071-675-M6-068-00034 0.06203073635697365 3783.34 4824.10 3832.60 4821.87 3834.04 4853.71 3784.78 4855.94
26071-675-M6-068-00034 0.05698075890541077 2853.55 2980.39 2900.56 2978.80 2903.76 3073.74 2856.76 3075.33
26071-675-M6-068-00034 0.052157752215862274 3033.65 4823.55 3082.76 4824.46 3082.19 4855.42 3033.08 4854.51
26071-450-M6-082-00031 0.10930510610342026 5401.18 4921.45 5484.35 4928.86 5479.59 4982.34 5396.42 4974.94
26071-450-M6-082-00031 0.10038752108812332 5482.47 4914.77 5531.05 4919.23 5522.88 5008.14 5474.30 5003.67
26071-450-M6-082-00031 0.0703032910823822 5025.48 6091.81 5109.76 6072.08 5132.94 6171.12 5048.66 6190.85
26071-200-M6-062-00276 0.16131767630577087 6022.76 4390.85 6117.73 4390.65 6117.83 4438.04 6022.86 4438.24
26071-200-M6-062-00276 0.07258491218090057 6461.46 4392.26 6555.09 4394.34 6554.04 4441.69 6460.41 4439.61
26071-500-M6-059-00011 0.9213240146636963 3849.29 5397.75 3943.45 5398.14 3943.26 5445.02 3849.09 5444.63
26071-500-M6-059-00011 0.10107891261577606 4662.29 1652.57 4713.43 1659.65 4700.82 1750.77 4649.68 1743.69
26071-500-M6-059-00011 0.06778503209352493 6251.66 2504.02 6328.90 2508.39 6321.90 2631.97 6244.66 2627.59
26071-500-M6-059-00011 0.06683234870433807 5190.55 1909.75 5268.18 1915.15 5259.39 2041.53 5181.76 2036.13
26071-500-M6-059-00011 0.05464722216129303 5716.20 2199.22 5799.66 2203.09 5793.69 2331.80 5710.24 2327.93
26071-600-M6-065-00021 0.943554162979126 4235.65 2917.68 4333.66 2918.54 4333.25 2965.34 4235.24 2964.49
26071-600-M6-065-00021 0.07597482949495316 4258.82 2869.29 4312.39 2867.22 4314.27 2915.83 4260.70 2917.90
26071-600-M6-065-00021 0.05951802805066109 4182.46 2992.28 4309.68 2994.12 4309.19 3028.15 4181.97 3026.31
26071-600-M6-065-00021 0.05046004056930542 3163.47 4616.83 3209.24 4616.44 3210.03 4709.71 3164.26 4710.10
26071-500-M6-059-00013 0.056534528732299805 3757.68 4062.57 3798.03 4060.29 3800.81 4109.57 3760.45 4111.84
26071-500-M6-059-00013 0.05101828649640083 2929.27 2907.27 2975.74 2908.08 2974.09 3002.00 2927.62 3001.19
26071-500-M6-059-00044 0.9302904009819031 5172.91 3175.06 5268.49 3175.35 5268.35 3222.35 5172.77 3222.06
26071-500-M6-059-00044 0.1862303763628006 1085.00 3595.98 1182.58 3618.31 1162.34 3706.74 1064.76 3684.41
26071-500-M6-059-00044 0.05317883938550949 7188.32 4085.77 7253.50 4093.56 7242.56 4185.08 7177.38 4177.29
26071-500-M6-059-00044 0.05317520350217819 5192.20 3123.57 5244.94 3124.23 5244.34 3172.34 5191.60 3171.68
26071-500-M6-059-00044 0.05247071757912636 6452.32 5409.62 6500.25 5412.86 6494.02 5504.72 6446.09 5501.47
26071-200-M6-052-00093 0.06621196120977402 6485.73 4182.71 6544.82 4191.97 6530.77 4281.53 6471.68 4272.26
26071-200-M6-052-00093 0.057338207960128784 2106.75 2846.22 2142.94 2845.41 2144.83 2930.06 2108.64 2930.87
26071-200-M6-052-00093 0.05142419785261154 3241.44 4061.12 3329.88 4058.27 3334.20 4192.29 3245.76 4195.14
26071-200-M6-052-00093 0.05043831840157509 3328.24 4645.16 3375.84 4645.81 3375.29 4686.63 3327.69 4685.98
26071-200-M6-052-00093 0.05014151334762573 5360.40 3319.94 5406.96 3320.62 5406.36 3361.13 5359.81 3360.44
26071-200-M6-052-00002 0.17441508173942566 6194.52 1905.26 6302.12 1910.14 6299.50 1967.96 6191.90 1963.08
26071-200-M6-052-00002 0.07006585597991943 7304.01 3860.01 7385.40 3859.06 7386.97 3993.84 7305.58 3994.79
26071-200-M6-052-00002 0.05427195876836777 1637.91 892.41 1716.59 896.80 1708.41 1043.16 1629.73 1038.76
26071-200-M6-052-00002 0.05259775370359421 3044.97 3308.30 3091.31 3304.06 3094.17 3335.26 3047.83 3339.51
26071-675-M6-068-10002 0.08305715024471283 879.37 4017.96 935.36 4037.61 922.31 4074.78 866.32 4055.13
26071-675-M6-068-10002 0.07824204117059708 867.63 5678.03 930.06 5673.57 933.12 5716.45 870.69 5720.90
26071-675-M6-068-10002 0.06459514796733856 3715.35 3737.35 3804.36 3747.09 3795.75 3825.75 3706.74 3816.01
26071-675-M6-068-10002 0.06456446647644043 867.40 2379.04 929.00 2373.10 932.97 2414.20 871.37 2420.14
26071-675-M6-068-10002 0.05021141842007637 2958.99 1483.97 3014.05 1488.07 3010.66 1533.60 2955.60 1529.50
26071-750-M6-085-00012 0.05646476149559021 2533.61 4532.41 2574.36 4506.38 2592.08 4534.14 2551.34 4560.16
26071-750-M6-085-00012 0.05613008514046669 1311.33 2241.11 1392.66 2240.32 1393.09 2284.46 1311.76 2285.26
26071-750-M6-085-00012 0.050867967307567596 2602.52 3678.96 2632.63 3689.36 2617.24 3733.91 2587.14 3723.51
26071-200-M6-062-00277 0.06485665589570999 5390.01 1967.80 5421.40 1967.37 5421.78 1994.83 5390.38 1995.26
26071-200-M6-062-00277 0.062405578792095184 3868.27 1968.14 3900.29 1968.78 3899.74 1996.50 3867.72 1995.86
26071-600-M6-065-00259 0.07437554746866226 7650.79 5346.37 7706.81 5345.32 7707.53 5383.68 7651.50 5384.73
26071-200-M6-052-00544 0.07388101518154144 1317.28 4252.90 1396.69 4253.03 1396.34 4459.98 1316.93 4459.85
26071-200-M6-052-00544 0.06338013708591461 6211.72 4475.88 6300.62 4473.37 6301.98 4521.26 6213.08 4523.77
26071-200-M6-052-00544 0.060820572078228 5985.93 5371.64 6101.31 5373.48 6099.76 5471.48 5984.37 5469.65
26071-600-M6-066-00003 0.0725799947977066 2400.39 5205.52 2436.98 5208.67 2433.96 5243.69 2397.38 5240.53
26071-600-M6-066-00003 0.069339320063591 3627.79 5403.46 3663.51 5407.26 3659.62 5443.84 3623.91 5440.04
26071-750-M6-085-00309 0.07463643699884415 3018.64 3332.13 3104.25 3334.81 3099.92 3472.92 3014.32 3470.24
