26071-200-M6-052-00001 0.0672869011759758 5001.90 4560.38 5077.41 4568.06 5069.82 4642.68 4994.31 4635.00
26071-500-M6-059-00248 0.06141877546906471 2960.35 4665.60 3034.99 4672.58 3027.86 4748.81 2953.22 4741.83
26071-500-M6-059-00040 0.16446636617183685 2536.15 1312.32 2592.77 1309.21 2599.90 1439.18 2543.28 1442.29
26071-500-M6-059-00040 0.099734365940094 2065.70 1685.84 2168.50 1673.08 2188.35 1833.12 2085.55 1845.87
26071-500-M6-059-00040 0.08115522563457489 6834.61 2159.67 6940.92 2149.26 6956.52 2308.59 6850.21 2319.00
26071-500-M6-059-00040 0.050512537360191345 3687.00 2325.83 3838.46 2340.25 3823.74 2494.83 3672.28 2480.41
26071-550-M6-084-00248 0.1180666983127594 2905.84 4188.03 2994.81 4190.77 2992.49 4265.93 2903.53 4263.19
26071-300-M6-053-00309 0.24587339162826538 5481.09 4672.14 5652.86 4697.24 5627.09 4873.61 5455.32 4848.51
26071-300-M6-053-00309 0.07376337051391602 4308.57 2084.76 4385.84 2060.22 4416.89 2158.04 4339.62 2182.57
26071-300-M6-053-00309 0.06328247487545013 5622.71 2476.48 5704.72 2474.62 5706.59 2556.93 5624.58 2558.78
26071-300-M6-053-00309 0.06069326773285866 6281.87 1653.74 6353.87 1647.70 6361.82 1742.41 6289.82 1748.45
26071-450-M6-082-00009 0.056478749960660934 2652.39 1888.10 2786.26 1875.08 2800.91 2025.61 2667.04 2038.64
26071-200-M6-052-00552 0.08466542512178421 5254.61 4301.08 5323.21 4308.40 5311.65 4416.77 5243.05 4409.45
26071-750-M6-085-00007 0.09716323018074036 6798.45 5682.50 6885.74 5679.08 6888.63 5753.03 6801.35 5756.44
26071-750-M6-085-00007 0.07984891533851624 2908.89 960.05 2990.79 967.20 2984.12 1043.47 2902.22 1036.32
26071-203-M6-337-00031 0.2736375033855438 4948.49 1820.19 5020.60 1827.32 5008.36 1951.01 4936.25 1943.87
26071-203-M6-337-00031 0.23330821096897125 4951.96 1103.72 5024.34 1114.41 5006.85 1232.95 4934.46 1222.26
26071-203-M6-337-00031 0.16439971327781677 4953.96 2602.56 5024.34 2614.76 5003.54 2734.69 4933.16 2722.48
26071-203-M6-337-00031 0.0864819660782814 4950.02 2211.18 5031.55 2225.15 5013.22 2332.14 4931.69 2318.17
26071-203-M6-337-00031 0.0851246640086174 5363.69 676.26 5634.35 700.93 5623.37 821.47 5352.70 796.80
26071-203-M6-337-00031 0.06378103047609329 6404.39 521.87 6589.84 522.60 6588.91 755.88 6403.46 755.14
26071-203-M6-337-00031 0.06184537708759308 6400.79 1161.79 6591.13 1160.56 6592.48 1370.04 6402.14 1371.27
26071-203-M6-337-00031 0.058918580412864685 2736.43 2231.42 2935.82 2253.04 2905.89 2529.08 2706.49 2507.46
26071-203-M6-337-00031 0.05565868318080902 2746.08 1861.59 2947.09 1889.53 2909.12 2162.64 2708.12 2134.70
26071-203-M6-332-00001 0.06705789268016815 4191.18 3069.45 4312.07 2993.03 4437.18 3190.93 4316.29 3267.36
26071-203-M6-332-00001 0.05221972614526749 2095.18 3852.34 2173.35 3877.69 2145.27 3964.30 2067.10 3938.96
26071-200-M6-052-00150 0.054033972322940826 3607.93 3007.17 3793.54 2993.50 3811.42 3236.22 3625.80 3249.89
26071-200-M6-052-00150 0.05301126092672348 5051.08 3990.05 5176.49 3978.91 5189.46 4124.96 5064.06 4136.10
26071-700-M6-054-00036 0.05634395033121109 4623.27 5253.14 4695.89 5257.27 4690.16 5358.12 4617.54 5353.99
26071-203-M6-320-00044 0.06803715229034424 5207.41 3276.24 5302.24 3278.06 5299.83 3403.90 5205.00 3402.08
26071-600-M6-065-00231 0.11930923908948898 6704.66 1443.26 6810.84 1440.30 6815.38 1602.69 6709.19 1605.66
26071-600-M6-065-00231 0.1071876585483551 6695.85 1912.77 6793.17 1900.32 6809.49 2028.01 6712.18 2040.45
26071-500-M6-059-00071 0.05864086002111435 5515.38 3877.71 5602.53 3876.65 5604.09 4005.01 5516.95 4006.07
26071-500-M6-059-00116 0.08341765403747559 5111.13 1329.34 5190.13 1336.52 5182.47 1420.73 5103.47 1413.55
26071-550-M6-084-00026 0.05378417298197746 5897.28 4121.70 5988.91 4114.96 5997.53 4232.27 5905.91 4239.01
26071-203-M6-337-00007 0.0981382206082344 4340.66 1402.32 4411.37 1400.28 4414.29 1500.93 4343.57 1502.98
26071-203-M6-337-00007 0.080799400806427 4342.87 4103.00 4409.68 4103.17 4409.43 4204.06 4342.62 4203.90
26071-200-M6-052-00090 0.05424591153860092 5214.39 4368.51 5289.90 4366.23 5292.70 4458.84 5217.18 4461.11
26071-200-M6-052-00090 0.05051876977086067 8125.05 3608.19 8186.69 3620.57 8168.20 3712.63 8106.56 3700.26
26071-600-M6-065-00037 0.05303283780813217 4353.68 6359.50 4413.99 6353.49 4423.64 6450.26 4363.33 6456.27
26071-300-M6-053-00010 0.12716662883758545 4920.49 4315.27 4995.36 4311.36 4999.40 4388.87 4924.53 4392.77
26071-203-M6-320-00042 0.974472165107727 3201.66 2867.90 3292.72 2883.53 3277.16 2974.22 3186.10 2958.60
26071-203-M6-160-00291 0.06235850602388382 2534.57 5105.86 2598.68 5100.82 2616.69 5329.95 2552.58 5334.99
26071-203-M6-160-00291 0.05753692239522934 1330.72 1496.32 1361.83 1497.05 1360.76 1543.02 1329.65 1542.30
26071-203-M6-160-00291 0.05417192354798317 3037.92 2220.13 3318.18 2208.62 3322.48 2313.38 3042.23 2324.90
26071-600-M6-066-00002 0.12445271760225296 4200.17 3751.02 4276.77 3722.53 4308.78 3808.57 4232.18 3837.07
26071-200-M6-063-00010 0.07711897045373917 5742.04 3855.50 5821.36 3856.81 5820.11 3932.35 5740.79 3931.04
26071-300-M6-053-00012 0.08633320033550262 3919.30 5674.61 4106.83 5676.44 4104.90 5873.66 3917.37 5871.83
26071-300-M6-053-00012 0.06073981150984764 5825.66 5642.77 6008.67 5667.01 5980.23 5881.77 5797.22 5857.53
26071-300-M6-053-00012 0.0507243387401104 3645.80 5998.40 3769.98 5933.19 3858.63 6102.03 3734.45 6167.24
26071-675-M6-068-00034 0.07373727858066559 4408.70 1585.28 4477.92 1602.59 4456.29 1689.11 4387.07 1671.81
26071-500-M6-059-00011 0.06488177925348282 2965.59 4569.47 3100.12 4577.94 3090.60 4728.91 2956.08 4720.44
26071-600-M6-065-00021 0.09927009046077728 2225.53 1460.69 2525.39 1494.80 2510.98 1621.48 2211.11 1587.37
26071-600-M6-065-00021 0.06643325835466385 5215.95 5343.12 5402.77 5366.67 5374.67 5589.59 5187.85 5566.04
26071-600-M6-065-00021 0.05075078457593918 3468.48 5356.08 3650.91 5372.23 3632.10 5584.73 3449.67 5568.58
26071-500-M6-059-00013 0.09973157942295074 7407.48 1995.23 7472.23 2016.76 7444.87 2099.08 7380.12 2077.55
26071-500-M6-059-00013 0.08032133430242538 5712.68 1916.72 5808.16 1899.04 5832.85 2032.37 5737.37 2050.05
26071-500-M6-059-00044 0.27664342522621155 1275.50 3600.03 1362.00 3615.90 1347.07 3697.25 1260.57 3681.38
26071-500-M6-059-00044 0.131209596991539 5510.06 1190.33 5611.79 1178.75 5629.54 1334.66 5527.81 1346.24
26071-500-M6-059-00044 0.09710151702165604 2839.15 1951.67 2926.67 2010.10 2864.69 2102.95 2777.16 2044.51
26071-500-M6-059-00044 0.08896288275718689 3870.34 4333.37 3958.61 4331.45 3962.93 4530.40 3874.67 4532.32
26071-500-M6-059-00044 0.060767725110054016 5378.45 4339.93 5454.98 4344.49 5444.36 4522.83 5367.83 4518.28
26071-500-M6-059-00044 0.05857677012681961 1082.03 2108.51 1127.24 2131.10 1096.61 2192.42 1051.39 2169.83
26071-500-M6-059-00044 0.05646061897277832 4632.36 1181.71 4743.64 1170.71 4759.55 1331.57 4648.27 1342.57
26071-500-M6-059-00044 0.05192738026380539 1776.43 4343.43 1854.46 4339.92 1864.22 4557.17 1786.20 4560.68
26071-200-M6-052-00002 0.06383652240037918 5628.74 4198.13 5708.61 4203.86 5702.93 4283.05 5623.06 4277.32
26071-750-M6-085-00012 0.08784935623407364 1639.04 2043.20 1806.99 2066.03 1781.32 2254.79 1613.38 2231.96
26071-750-M6-085-00012 0.0571322962641716 726.76 2121.94 864.21 2161.66 824.36 2299.56 686.91 2259.84
26071-750-M6-085-00012 0.051482390612363815 4983.33 5118.84 5415.25 5103.79 5420.06 5241.63 4988.13 5256.68
26071-750-M6-085-00012 0.05112166330218315 7202.08 5080.94 7667.51 5129.32 7654.30 5256.40 7188.87 5208.02
26071-750-M6-085-00309 0.22650320827960968 2953.85 3626.86 3134.80 3635.96 3126.21 3806.73 2945.26 3797.64
26071-750-M6-085-00309 0.06685969978570938 3076.36 4377.81 3557.79 4376.76 3558.00 4475.01 3076.58 4476.06
