26071-200-M6-052-00001 0.14470741152763367 2488.83 3384.27 3069.49 3377.04 3072.01 3579.90 2491.35 3587.13
26071-500-M6-059-00017 0.14787685871124268 3737.61 3754.60 4322.59 3729.85 4331.85 3948.65 3746.87 3973.40
26071-500-M6-059-00017 0.1446656882762909 5796.98 3742.21 6322.12 3730.04 6327.54 3964.11 5802.40 3976.27
26071-500-M6-059-00017 0.1393899768590927 1777.94 3772.16 2377.93 3750.41 2386.28 3980.55 1786.29 4002.30
26071-500-M6-059-00017 0.09652723371982574 3216.33 3962.64 4025.65 3914.72 4040.33 4162.50 3231.01 4210.42
26071-500-M6-059-00017 0.08502049744129181 5316.48 3948.72 6041.42 3905.85 6056.03 4152.83 5331.08 4195.71
26071-500-M6-059-00017 0.0829397663474083 2048.37 3925.88 2992.91 3915.88 2995.35 4146.29 2050.80 4156.29
26071-600-M6-066-00012 0.07588305324316025 5292.31 2496.73 5937.67 2517.63 5931.55 2706.55 5286.19 2685.65
26071-600-M6-066-00012 0.0690995380282402 3042.16 3559.39 3921.99 3561.27 3921.60 3740.91 3041.78 3739.03
26071-600-M6-066-00012 0.06631364673376083 4124.32 3527.71 4825.94 3583.84 4811.42 3765.28 4109.81 3709.15
26071-200-M6-052-00539 0.2553824484348297 3379.31 5392.95 3904.51 5384.64 3907.50 5573.14 3382.29 5581.45
26071-500-M6-059-00248 0.3734723627567291 4605.27 4441.81 5192.85 4404.73 5205.84 4610.56 4618.26 4647.65
26071-500-M6-059-00248 0.05321618542075157 4713.36 4268.85 5246.98 4300.71 5236.82 4470.99 4703.19 4439.13
26071-203-M6-325-00012 0.05579085648059845 2115.78 3566.12 2670.89 3574.41 2668.16 3756.92 2113.06 3748.63
26071-700-M6-054-00246 0.10520361363887787 4245.49 3072.57 4906.24 3092.26 4897.86 3373.40 4237.11 3353.71
26071-700-M6-054-00246 0.05411486327648163 4321.44 3350.79 4792.08 3340.76 4795.99 3524.15 4325.35 3534.19
26071-500-M6-059-00040 0.06869975477457047 2166.54 1852.23 2501.79 1828.75 2510.12 1947.80 2174.88 1971.27
26071-550-M6-084-00248 0.3466012179851532 4632.75 3981.07 5190.49 3950.30 5201.30 4146.26 4643.56 4177.03
26071-550-M6-084-00248 0.053818728774785995 4514.34 3924.82 4984.19 4266.01 4828.95 4479.78 4359.11 4138.60
26071-200-M6-052-00080 0.1776243895292282 6346.45 3797.59 7113.47 3767.43 7124.79 4055.46 6357.77 4085.62
26071-200-M6-052-00080 0.17055796086788177 2919.26 3821.11 3654.73 3850.10 3645.46 4085.16 2909.99 4056.16
26071-200-M6-052-00080 0.05813770741224289 2736.57 3778.41 2938.13 3725.65 3034.88 4095.19 2833.32 4147.96
26071-300-M6-053-00309 0.1364436000585556 3447.47 3009.29 3968.84 3244.64 3880.03 3441.38 3358.67 3206.03
26071-300-M6-053-00309 0.07997013628482819 3444.83 5191.13 4179.20 5164.37 4187.83 5401.14 3453.46 5427.90
26071-300-M6-053-00309 0.05756911262869835 5756.19 1489.67 5915.82 1485.40 5919.96 1639.80 5760.33 1644.08
26071-300-M6-053-00309 0.05165915563702583 3162.29 3149.35 3415.21 3006.55 3684.84 3484.10 3431.92 3626.90
26071-450-M6-082-00009 0.05983750894665718 2371.27 2468.54 3064.35 2439.97 3075.25 2704.54 2382.17 2733.11
26071-200-M6-052-00552 0.061014533042907715 3564.53 2405.35 4285.37 2446.50 4272.35 2674.65 3551.51 2633.50
26071-750-M6-085-00007 0.09335692971944809 3683.71 2602.55 4198.36 2602.82 4198.26 2800.51 3683.60 2800.24
26071-750-M6-085-00007 0.08105401694774628 2090.88 2602.37 2595.52 2614.78 2591.02 2798.08 2086.37 2785.67
26071-750-M6-085-00007 0.07001886516809464 4918.73 3100.12 5784.08 3102.91 5783.15 3391.07 4917.80 3388.28
26071-750-M6-085-00007 0.06777352094650269 3261.15 2620.71 3717.84 2638.65 3712.83 2766.34 3256.13 2748.40
26071-750-M6-085-00007 0.06287156045436859 1679.33 2605.31 2120.65 2641.26 2111.01 2759.63 1669.69 2723.68
26071-203-M6-337-00031 0.16686859726905823 5441.61 1528.56 6039.15 1505.47 6049.64 1777.03 5452.11 1800.11
26071-203-M6-337-00031 0.1370372623205185 4754.01 2895.02 5157.60 3031.44 5055.13 3334.60 4651.54 3198.18
26071-203-M6-337-00031 0.11747446656227112 5460.91 1226.32 5971.30 1210.66 5979.67 1483.45 5469.28 1499.11
26071-203-M6-337-00031 0.10996711254119873 4855.81 3179.51 5694.60 3178.81 5694.81 3428.83 4856.02 3429.53
26071-203-M6-337-00031 0.10657498985528946 4927.16 1661.53 5603.73 1639.56 5613.13 1929.04 4936.56 1951.01
26071-203-M6-337-00031 0.10562464594841003 5460.97 2146.97 6083.29 2182.56 6066.27 2480.11 5443.96 2444.52
26071-203-M6-337-00031 0.1043531745672226 4688.14 4092.45 5500.90 4042.46 5512.45 4230.23 4699.68 4280.22
26071-203-M6-337-00031 0.10148873925209045 4693.65 4989.06 5500.39 4943.09 5511.14 5131.80 4704.40 5177.77
26071-203-M6-337-00031 0.09884124249219894 3538.78 4083.94 4503.97 4025.93 4516.87 4240.52 3551.68 4298.53
26071-203-M6-337-00031 0.09809994697570801 2701.62 4080.38 3588.39 4033.17 3598.50 4223.01 2711.73 4270.21
26071-203-M6-337-00031 0.08950580656528473 3548.78 4950.72 4494.35 4965.51 4491.49 5148.75 3545.92 5133.96
26071-203-M6-337-00031 0.08895456045866013 2712.24 4972.68 3588.23 4935.09 3596.47 5127.19 2720.48 5164.78
26071-203-M6-337-00031 0.0883055254817009 5455.90 1785.34 6027.53 1873.88 5981.61 2170.32 5409.99 2081.78
26071-203-M6-337-00031 0.0875784382224083 4788.43 1813.13 5145.65 1949.33 5061.36 2170.41 4704.14 2034.21
26071-203-M6-337-00031 0.0857173502445221 5503.54 2691.89 6027.34 2755.25 5993.91 3031.60 5470.11 2968.24
26071-203-M6-337-00031 0.08391903340816498 4815.67 1366.64 5157.87 1559.64 5019.33 1805.27 4677.13 1612.27
26071-203-M6-337-00031 0.07919199764728546 4826.32 2295.07 5216.87 2415.47 5142.71 2656.06 4752.15 2535.67
26071-203-M6-337-00031 0.07792187482118607 2698.42 4494.86 3546.04 4517.82 3540.25 4731.85 2692.62 4708.89
26071-203-M6-337-00031 0.07195582985877991 3564.84 4526.72 4515.24 4510.97 4519.31 4756.14 3568.91 4771.89
26071-203-M6-337-00031 0.07179862260818481 4804.03 2560.63 5169.70 2692.21 5083.27 2932.41 4717.60 2800.83
26071-203-M6-337-00031 0.06925201416015625 4687.63 4534.78 5520.39 4514.42 5525.85 4737.76 4693.09 4758.13
26071-203-M6-337-00031 0.053122736513614655 2661.50 1899.41 3003.94 1902.70 2998.28 2490.83 2655.85 2487.54
26071-203-M6-332-00001 0.14379462599754333 4404.19 3091.08 4776.54 2820.39 5183.27 3379.85 4810.92 3650.54
26071-203-M6-332-00001 0.13286609947681427 3101.44 3066.15 3447.86 2824.01 3847.67 3396.00 3501.25 3638.14
26071-203-M6-332-00001 0.12750808894634247 5334.70 3027.78 5654.51 2783.55 6118.65 3391.30 5798.85 3635.54
26071-203-M6-332-00001 0.12501585483551025 3748.53 2770.10 4181.45 2832.37 4084.93 3503.45 3652.01 3441.18
26071-203-M6-332-00001 0.10952869057655334 3983.01 3052.92 4328.45 2800.10 4758.80 3388.10 4413.36 3640.92
26071-203-M6-332-00001 0.077424056828022 2812.72 2900.59 3224.29 2816.60 3365.52 3508.70 2953.96 3592.69
26071-203-M6-332-00001 0.07499221712350845 4911.06 2906.69 5322.96 2816.44 5474.35 3507.35 5062.44 3597.60
26071-203-M6-332-00001 0.05312560498714447 5819.65 2680.39 6185.65 2690.99 6167.62 3313.76 5801.62 3303.16
26071-200-M6-052-00150 0.06985154002904892 2963.24 2938.79 3680.28 2947.36 3676.59 3255.88 2959.55 3247.31
26071-200-M6-052-00150 0.06252390146255493 3504.03 1824.12 3692.68 1754.56 3821.43 2103.77 3632.78 2173.32
26071-200-M6-052-00003 0.08532987534999847 4166.52 4632.51 4367.48 4627.19 4379.86 5094.19 4178.90 5099.52
26071-700-M6-054-00036 0.20652155578136444 3976.34 3444.52 4652.68 3416.10 4661.48 3625.57 3985.14 3653.98
26071-600-M6-065-00231 0.13902311027050018 6502.34 3291.34 7073.84 3313.89 7066.31 3504.87 6494.80 3482.31
26071-600-M6-065-00231 0.08062654733657837 3206.01 3494.05 3809.45 3518.98 3801.11 3720.84 3197.66 3695.90
26071-600-M6-065-00231 0.07991307228803635 6010.54 3313.91 6562.86 3312.25 6563.39 3490.71 6011.08 3492.37
26071-500-M6-059-00071 0.06206532195210457 1376.34 4003.02 1936.90 4004.37 1936.40 4212.13 1375.84 4210.78
26071-500-M6-059-00116 0.11029139161109924 4158.05 4090.02 4820.57 4079.68 4823.61 4274.07 4161.08 4284.41
26071-500-M6-059-00116 0.06878960877656937 3579.49 2404.79 3751.00 2412.31 3742.06 2616.18 3570.55 2608.66
26071-200-M6-052-00090 0.1979617178440094 2634.45 3449.95 3308.18 3427.03 3316.19 3662.33 2642.45 3685.25
26071-200-M6-052-00090 0.19525042176246643 5590.30 3462.88 6293.39 3424.56 6305.17 3640.68 5602.08 3679.00
26071-300-M6-053-00010 0.22566331923007965 2048.45 4332.03 2583.48 4306.30 2593.22 4508.83 2058.19 4534.57
26071-300-M6-053-00010 0.05005032941699028 3218.44 4042.91 3527.83 4006.91 3596.04 4593.13 3286.65 4629.13
26071-200-M6-052-00540 0.12476760149002075 3797.38 4372.68 4364.23 4367.89 4365.74 4545.52 3798.88 4550.30
26071-200-M6-052-00540 0.05747401714324951 5966.81 4400.44 6525.19 4400.30 6525.23 4566.76 5966.85 4566.90
26071-203-M6-160-00291 0.4975907504558563 2838.03 3547.53 3825.56 3608.10 3809.88 3863.87 2822.34 3803.29
26071-203-M6-160-00291 0.09498517215251923 2914.48 3666.53 3730.73 3925.59 3648.03 4186.18 2831.78 3927.12
26071-203-M6-160-00291 0.050536658614873886 2064.21 3623.01 2765.15 3584.82 2776.22 3788.14 2075.29 3826.33
26071-300-M6-053-00008 0.11675088107585907 5228.47 1966.13 5896.18 1932.59 5911.69 2241.41 5243.98 2274.95
26071-300-M6-053-00008 0.05241585150361061 5834.10 2383.67 5932.20 2385.58 5921.13 2957.19 5823.03 2955.29
26071-300-M6-053-00008 0.05225014686584473 5138.99 4852.45 5879.29 4815.23 5886.12 4951.19 5145.83 4988.41
26071-200-M6-063-00010 0.2033127248287201 2543.47 3984.23 3085.24 3961.59 3093.45 4158.04 2551.68 4180.67
26071-203-M6-060-00006 0.1556461602449417 2729.27 4240.34 3153.41 4212.17 3166.52 4409.58 2742.38 4437.75
26071-203-M6-060-00006 0.1401904821395874 3331.89 4213.93 3758.41 4186.72 3771.97 4399.30 3345.45 4426.51
26071-203-M6-060-00006 0.05441205948591232 6507.89 4054.40 7296.85 3967.27 7329.06 4258.97 6540.10 4346.11
26071-203-M6-060-00006 0.05089903995394707 5914.24 4121.87 6466.92 4122.84 6466.55 4335.65 5913.87 4334.68
26071-300-M6-053-00012 0.23170630633831024 5125.75 2300.28 5662.85 2277.27 5671.92 2489.10 5134.83 2512.11
26071-300-M6-053-00012 0.08916746824979782 4210.50 3480.21 4414.57 3499.37 4370.34 3970.60 4166.28 3951.45
26071-675-M6-068-00034 0.16173283755779266 2595.78 4849.78 3083.31 4825.50 3093.77 5035.39 2606.23 5059.67
26071-675-M6-068-00034 0.06939727067947388 3388.46 4835.63 3908.29 4842.91 3905.43 5047.68 3385.60 5040.40
26071-450-M6-082-00031 0.3669121265411377 3000.99 3216.12 3557.67 3168.19 3577.13 3394.22 3020.45 3442.15
26071-200-M6-062-00276 0.06336644291877747 4775.06 3032.86 4926.91 3049.67 4910.35 3199.28 4758.50 3182.46
26071-200-M6-062-00276 0.06065251678228378 2985.33 5325.32 3800.14 5335.90 3797.10 5569.60 2982.30 5559.02
26071-200-M6-062-00276 0.05537284538149834 5190.09 3930.58 5302.09 3948.70 5169.63 4767.58 5057.63 4749.47
26071-200-M6-062-00276 0.05526614561676979 3883.86 4450.03 3984.03 4458.50 3916.06 5262.42 3815.89 5253.95
26071-500-M6-059-00011 0.1104116216301918 3516.53 3465.64 4311.50 3402.29 4332.85 3670.24 3537.88 3733.60
26071-500-M6-059-00011 0.05283091217279434 3593.63 3869.82 4087.93 3852.58 4095.01 4055.62 3600.72 4072.85
26071-600-M6-065-00021 0.06455422192811966 2098.44 1399.75 2733.77 1383.91 2740.70 1661.70 2105.37 1677.54
26071-600-M6-065-00021 0.05570968985557556 3838.70 2789.54 4367.23 2799.25 4363.72 2990.40 3835.18 2980.69
26071-500-M6-059-00013 0.07021606713533401 2864.81 4913.29 3280.93 4891.81 3292.28 5111.61 2876.16 5133.09
26071-500-M6-059-00044 0.054403696209192276 4954.42 1829.65 5435.77 1848.01 5428.07 2050.12 4946.71 2031.77
26071-200-M6-052-00093 0.21851661801338196 3996.20 3828.39 4556.19 3826.03 4557.04 4027.35 3997.04 4029.70
26071-200-M6-052-00093 0.20267178118228912 4020.61 1467.63 4567.16 1460.85 4569.64 1660.85 4023.10 1667.63
26071-200-M6-052-00093 0.2010984867811203 4041.93 4479.51 4619.99 4481.53 4619.30 4678.49 4041.24 4676.47
26071-200-M6-052-00093 0.18751275539398193 4002.30 2253.24 4617.82 2231.73 4624.72 2428.99 4009.20 2450.51
26071-200-M6-052-00093 0.10835173726081848 3987.20 1346.50 4601.14 1351.31 4600.06 1489.68 3986.12 1484.87
26071-200-M6-052-00093 0.09915708005428314 3998.35 3705.32 4587.55 3712.51 4585.89 3848.39 3996.69 3841.20
26071-200-M6-052-00093 0.07793297618627548 3901.83 4660.13 4385.48 4655.06 4386.97 4797.87 3903.32 4802.93
26071-200-M6-052-00093 0.06634419411420822 4005.96 4016.02 4574.89 3994.47 4580.38 4139.34 4011.44 4160.88
26071-200-M6-052-00093 0.0623655766248703 4134.86 4360.93 4628.70 4333.39 4637.34 4488.43 4143.50 4515.96
26071-200-M6-052-00002 0.1774451732635498 2974.81 3121.08 3543.81 3101.51 3550.75 3303.47 2981.76 3323.04
26071-675-M6-068-10002 0.11490020155906677 3735.24 1584.79 4318.81 1560.51 4326.66 1749.09 3743.08 1773.37
26071-675-M6-068-10002 0.11455590277910233 2020.19 4434.46 2878.89 4349.58 2897.77 4540.58 2039.07 4625.46
26071-675-M6-068-10002 0.11031768471002579 4547.55 1578.95 5136.03 1560.51 5142.00 1751.20 4553.53 1769.64
26071-675-M6-068-10002 0.06382602453231812 2117.56 4614.68 2906.44 4647.13 2895.20 4920.43 2106.31 4887.98
26071-675-M6-068-10002 0.05777714401483536 3375.90 4657.79 4188.15 4618.48 4201.49 4894.13 3389.25 4933.44
26071-675-M6-068-10002 0.057346194982528687 2226.65 2668.05 3026.23 2663.83 3027.17 2842.36 2227.59 2846.58
26071-675-M6-068-10002 0.05713098868727684 3567.58 2929.72 4150.14 2931.68 4149.46 3133.68 3566.90 3131.72
26071-675-M6-068-10002 0.056669846177101135 2468.88 3792.08 2987.43 3770.71 2994.43 3940.71 2475.88 3962.08
26071-675-M6-068-10002 0.051794566214084625 3406.23 4441.62 4044.20 4418.88 4051.33 4619.03 3413.36 4641.77
26071-750-M6-085-00012 0.1536184847354889 5006.10 5100.44 5513.42 5100.29 5513.46 5247.28 5006.14 5247.42
26071-750-M6-085-00012 0.15158702433109283 5075.58 4241.09 5501.88 4245.10 5499.85 4460.18 5073.56 4456.18
26071-750-M6-085-00012 0.1384987086057663 7248.43 4243.92 7678.25 4245.87 7677.30 4454.52 7247.48 4452.56
26071-750-M6-085-00012 0.12381624430418015 4973.57 3771.88 5503.71 3761.03 5506.19 3882.05 4976.04 3892.91
26071-750-M6-085-00012 0.12143104523420334 2282.86 4260.27 2783.52 4262.02 2782.83 4456.46 2282.18 4454.71
26071-750-M6-085-00012 0.10797905921936035 716.43 1747.35 1174.79 1730.53 1183.00 1954.20 724.64 1971.02
26071-750-M6-085-00012 0.09459497034549713 3131.06 4259.61 3643.65 4243.39 3649.91 4441.53 3137.33 4457.75
26071-750-M6-085-00012 0.07986487448215485 7186.32 3771.12 7681.39 3769.79 7681.72 3892.00 7186.65 3893.32
26071-750-M6-085-00012 0.07908336818218231 7234.30 5123.10 7710.76 5127.32 7709.73 5243.40 7233.27 5239.18
26071-750-M6-085-00012 0.07352574914693832 2693.43 3646.09 3192.51 3641.32 3193.72 3767.60 2694.63 3772.38
26071-750-M6-085-00012 0.06092400848865509 2745.34 5120.43 3186.96 5135.10 3183.18 5248.89 2741.56 5234.22
26071-750-M6-085-00012 0.05528636276721954 3126.33 4488.04 3311.81 4486.06 3313.68 4661.04 3128.20 4663.02
26071-750-M6-085-00012 0.05224476382136345 7222.98 3869.49 7380.04 3836.55 7445.96 4150.79 7288.89 4183.74
26071-750-M6-085-00012 0.05142870172858238 2850.45 3633.68 3277.15 4044.21 3060.93 4268.95 2634.23 3858.42
26071-600-M6-065-00259 0.0834713950753212 2348.28 3587.94 3166.40 3603.42 3161.42 3866.90 2343.29 3851.42
26071-600-M6-065-00259 0.07326207309961319 3192.22 3251.88 4003.61 3234.95 4007.94 3442.19 3196.54 3459.13
26071-600-M6-065-00259 0.06675731390714645 2514.38 3766.17 3074.45 3949.89 2982.73 4229.49 2422.66 4045.77
26071-600-M6-065-00259 0.05100669711828232 2323.61 3448.21 3299.04 3488.83 3293.07 3632.19 2317.64 3591.57
26071-750-M6-085-00309 0.07411924749612808 2950.80 4434.43 3849.16 4393.44 3861.07 4654.38 2962.71 4695.37
26071-750-M6-085-00309 0.07287745922803879 2945.91 2402.32 3614.96 2390.23 3617.47 2529.47 2948.43 2541.55
26071-750-M6-085-00309 0.07018553465604782 5170.34 2430.29 5757.45 2376.60 5768.98 2502.73 5181.88 2556.42
26071-750-M6-085-00309 0.057353585958480835 2916.42 3575.62 3250.52 3569.98 3259.43 4096.91 2925.33 4102.56
26071-750-M6-085-00309 0.055447448045015335 3784.01 2433.02 4472.56 2410.02 4476.03 2513.67 3787.47 2536.67
26071-750-M6-085-00309 0.05061782896518707 3865.79 4479.29 4750.48 4519.34 4740.69 4735.59 3856.00 4695.54
