26071-200-M6-052-00001 0.07150482386350632 4571.25 4631.64 4722.66 4640.64 4713.62 4792.85 4562.20 4783.85
26071-200-M6-052-00001 0.06369498372077942 3090.69 3328.42 3267.82 3346.42 3245.68 3564.38 3068.55 3546.38
26071-200-M6-052-00001 0.06097346171736717 3951.86 1969.41 4103.82 1986.66 4086.47 2139.53 3934.50 2122.27
26071-200-M6-052-00001 0.05581365153193474 4857.58 4639.98 5009.06 4653.69 4995.50 4803.56 4844.02 4789.86
26071-200-M6-052-00001 0.05441173166036606 3582.05 4023.16 3994.92 4045.05 3985.48 4223.02 3572.61 4201.13
26071-200-M6-052-00001 0.05110158771276474 4191.32 2357.54 4338.48 2310.21 4396.01 2489.08 4248.85 2536.41
26071-500-M6-059-00017 0.09892618656158447 4041.79 3588.81 4087.16 3589.25 4086.00 3709.76 4040.62 3709.32
26071-500-M6-059-00017 0.09812320023775101 6049.83 3592.10 6094.71 3592.13 6094.65 3708.04 6049.77 3708.01
26071-500-M6-059-00017 0.07285262644290924 682.08 3042.12 833.78 3060.80 815.02 3213.12 663.33 3194.44
26071-500-M6-059-00017 0.06541676819324493 3072.10 3222.82 3225.62 3227.39 3221.15 3377.85 3067.63 3373.29
26071-500-M6-059-00017 0.05702238157391548 2030.72 3582.86 2077.86 3581.19 2082.27 3706.26 2035.14 3707.92
26071-500-M6-059-00017 0.05587546527385712 5557.66 5543.21 5618.05 5544.86 5614.21 5685.56 5553.82 5683.91
26071-500-M6-059-00017 0.0551026277244091 7606.02 644.53 8143.67 621.42 8146.29 682.34 7608.64 705.45
26071-500-M6-059-00017 0.05479496717453003 3362.64 1965.24 3513.32 1951.77 3526.44 2098.60 3375.76 2112.06
26071-500-M6-059-00017 0.05213114619255066 5086.27 3207.61 5239.80 3233.13 5214.96 3382.53 5061.43 3357.01
26071-500-M6-059-00017 0.05171109735965729 4122.05 3816.97 4640.70 3823.88 4637.86 4037.02 4119.20 4030.11
26071-500-M6-059-00017 0.05091368034482002 4888.14 1862.96 5105.00 1874.09 5097.09 2028.28 4880.23 2017.16
26071-500-M6-059-00017 0.05078331008553505 1983.78 4094.77 2095.10 4115.37 2084.27 4173.90 1972.95 4153.30
26071-500-M6-059-00017 0.050775520503520966 3320.86 3787.02 3980.51 3750.60 3993.39 3983.77 3333.73 4020.19
26071-600-M6-066-00012 0.09029394388198853 3658.92 1192.86 3815.85 1217.73 3792.00 1368.17 3635.08 1343.30
26071-600-M6-066-00012 0.09029203653335571 4185.27 3147.08 4332.79 3176.86 4304.02 3319.39 4156.50 3289.62
26071-600-M6-066-00012 0.0736902505159378 5379.51 4291.16 5495.91 4299.83 5486.97 4419.87 5370.57 4411.19
26071-600-M6-066-00012 0.05020281299948692 5616.12 4289.91 5738.25 4304.32 5723.96 4425.51 5601.82 4411.10
26071-600-M6-066-00012 0.050074707716703415 4020.99 1813.38 4161.82 1845.03 4130.21 1985.67 3989.38 1954.02
26071-200-M6-052-00539 0.13933122158050537 6898.26 5476.43 7062.32 5476.80 7061.99 5624.95 6897.93 5624.59
26071-200-M6-052-00539 0.11910533905029297 3985.68 5611.49 4038.39 5608.86 4044.68 5735.03 3991.97 5737.66
26071-200-M6-052-00539 0.10223609954118729 2770.72 4279.34 2917.88 4299.85 2897.59 4445.47 2750.43 4424.96
26071-200-M6-052-00539 0.08640959858894348 2527.39 3561.40 2628.33 3566.01 2625.59 3625.82 2524.65 3621.21
26071-200-M6-052-00539 0.07629682868719101 3911.11 5379.04 4098.83 5362.05 4119.10 5586.00 3931.38 5602.99
26071-200-M6-052-00539 0.0715065449476242 3391.27 5385.85 3878.16 5396.45 3874.21 5577.62 3387.33 5567.02
26071-200-M6-052-00539 0.06818357855081558 2529.99 4201.27 2628.21 4205.54 2625.73 4262.47 2527.51 4258.21
26071-200-M6-052-00539 0.06769627332687378 3994.01 5227.96 4042.89 5229.82 4038.29 5350.84 3989.42 5348.98
26071-200-M6-052-00539 0.060730867087841034 2524.10 4121.01 2617.74 4119.93 2618.36 4174.10 2524.73 4175.18
26071-200-M6-052-00539 0.05719052255153656 2531.30 3483.20 2621.03 3486.88 2618.77 3541.96 2529.04 3538.28
26071-500-M6-059-00248 0.16673146188259125 4491.85 4274.96 4542.36 4278.05 4534.21 4411.26 4483.70 4408.17
26071-500-M6-059-00248 0.12943746149539948 4485.66 4663.39 4535.68 4661.56 4540.56 4794.72 4490.54 4796.55
26071-500-M6-059-00248 0.12133337557315826 6075.83 4169.59 6222.78 4186.38 6205.42 4338.28 6058.47 4321.49
26071-500-M6-059-00248 0.09218472242355347 4579.61 4425.30 5134.49 4412.23 5140.03 4647.16 4585.15 4660.24
26071-500-M6-059-00248 0.08730082958936691 5709.98 4462.42 5869.40 4466.78 5865.10 4624.16 5705.68 4619.80
26071-500-M6-059-00248 0.06954716891050339 2172.54 2213.09 2324.36 2224.70 2312.98 2373.67 2161.15 2362.06
26071-500-M6-059-00248 0.06937766820192337 2179.78 743.41 2328.91 765.25 2307.04 914.56 2157.92 892.72
26071-500-M6-059-00248 0.0675196498632431 5092.66 4484.71 5202.88 4381.80 5382.52 4574.21 5272.31 4677.11
26071-203-M6-325-00012 0.14988034963607788 3030.11 5160.32 3179.86 5189.60 3149.23 5346.29 2999.48 5317.02
26071-203-M6-325-00012 0.0819360688328743 4163.29 3136.70 4312.23 3156.87 4292.65 3301.43 4143.71 3281.25
26071-203-M6-325-00012 0.07695251703262329 2184.63 3545.62 2532.54 3585.45 2510.99 3773.75 2163.07 3733.92
26071-203-M6-325-00012 0.07608064264059067 4163.31 4469.27 4309.36 4486.76 4291.66 4634.62 4145.61 4617.13
26071-203-M6-325-00012 0.07065808027982712 2989.85 4468.81 3142.43 4478.42 3132.63 4634.07 2980.05 4624.46
26071-203-M6-325-00012 0.07018374651670456 2525.48 1867.99 2680.81 1853.53 2695.55 2011.99 2540.22 2026.44
26071-203-M6-325-00012 0.06738144904375076 1331.88 5774.61 1702.40 5761.40 1710.59 5990.92 1340.07 6004.13
26071-203-M6-325-00012 0.06226646527647972 3300.12 663.00 3434.90 689.18 3404.39 846.24 3269.61 820.06
26071-203-M6-325-00012 0.060094792395830154 1320.37 5054.98 1693.02 5051.02 1695.67 5300.38 1323.02 5304.34
26071-203-M6-325-00012 0.05972626805305481 3795.74 1865.76 3954.78 1854.56 3966.38 2019.29 3807.34 2030.49
26071-203-M6-325-00012 0.05874290317296982 3286.06 1609.35 3456.77 1627.46 3440.40 1781.64 3269.70 1763.53
26071-203-M6-325-00012 0.057706426829099655 1330.72 4400.85 1696.71 4388.40 1704.44 4615.72 1338.45 4628.17
26071-203-M6-325-00012 0.056933436542749405 2534.41 3863.84 2683.88 3862.75 2684.97 4013.56 2535.51 4014.65
26071-203-M6-325-00012 0.05645928904414177 1329.50 3076.60 1693.72 3065.41 1700.34 3280.81 1336.12 3292.00
26071-203-M6-325-00012 0.05244526267051697 2502.34 3519.30 2760.95 3626.28 2691.78 3793.48 2433.18 3686.50
26071-700-M6-054-00246 0.0892302542924881 5668.25 3675.12 5813.46 3687.00 5800.78 3841.96 5655.57 3830.08
26071-700-M6-054-00246 0.06240599602460861 4532.78 2867.03 4577.90 2862.94 4588.74 2982.60 4543.62 2986.69
26071-500-M6-059-00040 0.05244700610637665 1475.35 2498.76 1597.93 2505.19 1595.79 2546.00 1473.21 2539.57
26071-203-M6-333-00010 0.08824849873781204 2375.90 2992.46 2484.08 2999.99 2480.31 3054.08 2372.14 3046.55
26071-203-M6-333-00010 0.08219662308692932 2099.43 5487.92 2237.05 5477.66 2249.68 5647.12 2112.07 5657.38
26071-203-M6-333-00010 0.08097124844789505 4183.64 4118.10 4308.13 4075.75 4364.11 4240.28 4239.61 4282.63
26071-203-M6-333-00010 0.07767096161842346 6292.40 4117.06 6412.83 4085.51 6460.08 4265.91 6339.64 4297.45
26071-203-M6-333-00010 0.0763682872056961 4789.65 4121.03 4907.79 4084.20 4963.49 4262.86 4845.35 4299.69
26071-203-M6-333-00010 0.07574506849050522 6585.12 4120.85 6707.80 4075.15 6769.48 4240.73 6646.80 4286.43
26071-203-M6-333-00010 0.07558669149875641 5689.37 4120.56 5808.41 4083.99 5863.53 4263.40 5744.49 4299.97
26071-203-M6-333-00010 0.07532409578561783 5989.33 4120.72 6107.70 4083.24 6164.46 4262.49 6046.10 4299.97
26071-203-M6-333-00010 0.07006105780601501 5086.43 4115.65 5205.31 4076.65 5266.32 4262.65 5147.44 4301.65
26071-203-M6-333-00010 0.059916842728853226 7139.28 3036.23 7263.98 3037.30 7263.61 3079.64 7138.91 3078.56
26071-203-M6-333-00010 0.05934686213731766 4912.56 3670.17 5019.59 3668.21 5020.52 3718.97 4913.48 3720.93
26071-203-M6-333-00010 0.05825319141149521 495.44 4221.22 804.71 4239.34 801.58 4292.66 492.32 4274.55
26071-203-M6-333-00010 0.05147065222263336 4806.23 3504.16 5033.22 3490.48 5042.16 3638.88 4815.17 3652.55
26071-203-M6-333-00010 0.050703104585409164 4563.78 483.61 4622.32 485.72 4609.93 829.39 4551.39 827.27
26071-203-M6-333-00010 0.05024842917919159 4436.76 1768.52 4595.07 1749.81 4628.26 2030.75 4469.96 2049.46
26071-203-M6-333-00010 0.050050195306539536 7145.22 3756.95 7254.84 3756.88 7254.87 3801.32 7145.25 3801.40
26071-750-M6-085-00286 0.10242785513401031 5341.53 3276.07 5382.39 3270.85 5398.55 3397.44 5357.69 3402.66
26071-750-M6-085-00286 0.07679066061973572 6168.47 3275.62 6209.54 3271.19 6223.19 3397.99 6182.12 3402.41
26071-550-M6-084-00248 0.1399676501750946 2770.24 4265.85 2924.35 4278.75 2911.89 4427.70 2757.78 4414.80
26071-550-M6-084-00248 0.1378910094499588 5498.73 3145.19 5645.87 3186.76 5604.99 3331.48 5457.84 3289.91
26071-550-M6-084-00248 0.12274101376533508 2175.70 1729.89 2324.55 1746.35 2307.17 1903.52 2158.32 1887.06
26071-550-M6-084-00248 0.11991751194000244 3140.16 4271.39 3287.87 4282.08 3277.29 4428.19 3129.58 4417.49
26071-550-M6-084-00248 0.11700525134801865 2188.63 5342.82 2336.52 5387.78 2293.63 5528.86 2145.74 5483.90
26071-550-M6-084-00248 0.0864739939570427 4568.98 3959.50 5120.68 3948.58 5125.11 4172.54 4573.42 4183.47
26071-550-M6-084-00248 0.07690807431936264 4176.48 1454.84 4309.13 1447.00 4318.87 1611.79 4186.22 1619.63
26071-550-M6-084-00248 0.07562411576509476 4481.64 4193.57 4530.55 4189.49 4541.23 4317.63 4492.32 4321.71
26071-550-M6-084-00248 0.06969079375267029 4475.45 3808.76 4521.46 3802.83 4537.47 3926.91 4491.45 3932.84
26071-550-M6-084-00248 0.05580814927816391 4427.56 4023.28 4552.87 3951.12 4634.88 4093.52 4509.57 4165.69
26071-203-M6-332-00008 0.07986200600862503 6295.63 3083.25 6437.74 3101.82 6417.38 3257.58 6275.27 3239.01
26071-203-M6-332-00008 0.0764787495136261 1434.05 3085.92 1578.51 3099.30 1564.30 3252.75 1419.83 3239.37
26071-203-M6-332-00008 0.07145535200834274 3860.91 3089.23 4006.35 3097.03 3998.10 3250.88 3852.66 3243.08
26071-203-M6-332-00008 0.05029644817113876 4289.16 5738.16 4444.77 5726.43 4456.24 5878.60 4300.63 5890.33
26071-200-M6-052-00080 0.10442499816417694 7181.88 4105.22 7229.54 4105.98 7227.59 4228.71 7179.93 4227.95
26071-200-M6-052-00080 0.08765383064746857 7185.86 3808.80 7305.97 3826.28 7261.81 4129.79 7141.70 4112.31
26071-200-M6-052-00080 0.08634801208972931 7180.92 3724.07 7227.02 3723.50 7228.50 3844.55 7182.41 3845.12
26071-200-M6-052-00080 0.08528001606464386 6542.04 3848.89 7077.93 3870.91 7069.22 4082.93 6533.33 4060.91
26071-200-M6-052-00080 0.08277770131826401 5973.38 1758.09 6113.54 1766.77 6103.99 1921.20 5963.82 1912.53
26071-200-M6-052-00080 0.07868245244026184 3117.61 3841.02 3662.55 3862.03 3654.23 4077.77 3109.30 4056.75
26071-200-M6-052-00080 0.07273917645215988 3741.51 3708.76 3807.88 3700.62 3824.83 3838.94 3758.47 3847.08
26071-200-M6-052-00080 0.07245070487260818 2366.78 834.54 2517.41 852.47 2499.24 1005.07 2348.61 987.13
26071-200-M6-052-00080 0.0699247494339943 1887.54 5912.48 2041.23 5935.93 2018.48 6085.01 1864.79 6061.56
26071-200-M6-052-00080 0.0694766715168953 3745.09 4090.07 3799.59 4087.46 3805.93 4220.05 3751.43 4222.65
26071-200-M6-052-00080 0.06670810282230377 3650.52 3847.33 3841.88 3846.09 3843.40 4080.29 3652.04 4081.53
26071-200-M6-052-00080 0.0634252205491066 6874.14 4873.74 7036.68 4863.07 7046.19 5008.02 6883.66 5018.69
26071-200-M6-052-00080 0.06319110095500946 1872.68 6211.91 2024.32 6195.63 2041.11 6352.19 1889.48 6368.46
26071-200-M6-052-00080 0.058883052319288254 6948.10 4179.44 7103.27 4199.07 7084.53 4347.15 6929.37 4327.52
26071-200-M6-052-00080 0.05565176531672478 2066.18 2524.66 2183.93 2526.15 2182.39 2648.10 2064.64 2646.61
26071-200-M6-052-00080 0.05155929550528526 5433.93 3844.86 5562.54 3846.58 5560.15 4024.90 5431.54 4023.18
26071-203-M6-321-00604 0.056984059512615204 1873.84 5007.61 1958.61 5003.56 1976.48 5378.35 1891.70 5382.39
26071-300-M6-053-00309 0.9838635921478271 6020.27 5463.59 6164.58 5483.55 6144.22 5630.72 5999.91 5610.76
26071-300-M6-053-00309 0.9766910672187805 6011.99 5281.19 6161.88 5292.17 6150.91 5441.93 6001.02 5430.95
26071-300-M6-053-00309 0.9747512340545654 6013.18 5092.54 6164.66 5105.10 6152.20 5255.27 6000.73 5242.71
26071-300-M6-053-00309 0.3547629714012146 5462.22 6147.71 5643.15 6164.46 5626.86 6340.49 5445.93 6323.74
26071-300-M6-053-00309 0.30121418833732605 4904.36 6141.55 5073.38 6187.82 5024.51 6366.34 4855.49 6320.07
26071-300-M6-053-00309 0.2962407171726227 5173.59 6154.75 5349.28 6173.97 5330.53 6345.37 5154.84 6326.15
26071-300-M6-053-00309 0.13482724130153656 7513.26 5738.92 7662.41 5809.51 7593.72 5954.63 7444.58 5884.05
26071-300-M6-053-00309 0.06979566812515259 7481.38 5987.80 7635.96 5997.93 7625.82 6152.68 7471.24 6142.55
26071-300-M6-053-00309 0.0646582692861557 7513.74 6209.92 7644.46 6253.14 7596.01 6399.66 7465.29 6356.44
26071-300-M6-053-00309 0.05051126703619957 7585.66 3434.64 8144.91 3443.58 8143.87 3508.23 7584.63 3499.29
26071-450-M6-082-00009 0.9745083451271057 757.33 1900.80 909.27 1917.58 892.73 2067.41 740.79 2050.63
26071-450-M6-082-00009 0.9716900587081909 1645.21 2563.04 1794.29 2577.14 1780.14 2726.71 1631.06 2712.62
26071-450-M6-082-00009 0.9410744905471802 1637.69 2715.22 1793.61 2726.30 1782.83 2877.88 1626.92 2866.80
26071-450-M6-082-00009 0.2891503870487213 923.37 6096.97 1072.29 6136.05 1033.01 6285.73 884.09 6246.65
26071-450-M6-082-00009 0.22249650955200195 923.55 5966.07 1060.42 5980.14 1044.54 6134.66 907.67 6120.59
26071-450-M6-082-00009 0.10740335285663605 1227.34 6389.89 1375.64 6394.52 1370.90 6546.43 1222.59 6541.80
26071-450-M6-082-00009 0.09342531859874725 4888.51 5906.74 5039.49 5910.34 5035.84 6063.45 4884.86 6059.85
26071-450-M6-082-00009 0.09201933443546295 2345.35 3389.05 2491.38 3404.03 2476.21 3551.88 2330.18 3536.90
26071-450-M6-082-00009 0.08848979324102402 4318.85 4252.21 4465.34 4298.08 4421.31 4438.71 4274.81 4392.84
26071-450-M6-082-00009 0.08573012799024582 5118.85 4172.78 5279.84 4178.30 5274.75 4326.68 5113.77 4321.16
26071-450-M6-082-00009 0.07615914195775986 4007.11 4273.78 4159.12 4281.76 4150.92 4438.02 3998.91 4430.04
26071-450-M6-082-00009 0.0694429874420166 1334.74 3248.21 1480.91 3276.89 1452.17 3423.35 1306.00 3394.66
26071-450-M6-082-00009 0.06426235288381577 5591.88 5770.52 5748.85 5758.65 5760.92 5918.28 5603.95 5930.14
26071-450-M6-082-00009 0.06360884755849838 7587.86 6286.04 8137.28 6265.94 8139.54 6327.75 7590.12 6347.86
26071-450-M6-082-00009 0.061488546431064606 2338.69 1863.40 2495.00 1879.07 2478.46 2044.05 2322.16 2028.38
26071-450-M6-082-00009 0.0603828951716423 1640.29 5578.79 2012.52 5586.64 2009.99 5706.72 1637.76 5698.88
26071-450-M6-082-00009 0.057423148304224014 5843.07 1567.96 6007.63 1572.21 6003.41 1735.40 5838.85 1731.15
26071-450-M6-082-00009 0.05705048888921738 3906.28 5358.36 4027.09 5390.27 4015.11 5435.60 3894.30 5403.69
26071-450-M6-082-00009 0.055222123861312866 7082.60 5355.78 7414.96 5358.63 7413.84 5489.89 7081.47 5487.04
26071-450-M6-082-00009 0.05072531849145889 2030.44 3237.14 2190.99 3273.48 2155.47 3430.43 1994.92 3394.10
26071-200-M6-052-00552 0.10657389461994171 4202.75 4262.73 4337.03 4305.10 4290.35 4453.03 4156.07 4410.65
26071-200-M6-052-00552 0.06854994595050812 3984.16 2247.79 4034.77 2243.94 4044.82 2376.05 3994.21 2379.90
26071-200-M6-052-00552 0.05581807345151901 5673.68 3997.00 5792.38 4008.68 5780.70 4127.46 5662.00 4115.78
26071-200-M6-052-00552 0.05204081907868385 3817.83 2813.53 3989.21 2730.91 4107.52 2976.29 3936.13 3058.91
26071-750-M6-085-00007 0.0956951379776001 3124.07 2255.37 3265.53 2301.63 3218.76 2444.66 3077.29 2398.40
26071-750-M6-085-00007 0.09436830878257751 4329.09 2871.04 4469.86 2926.34 4414.90 3066.26 4274.12 3010.97
26071-750-M6-085-00007 0.09375576674938202 2602.60 1804.30 2953.81 1788.11 2961.01 1944.29 2609.80 1960.48
26071-750-M6-085-00007 0.08798064291477203 4773.80 2559.28 4926.38 2576.64 4909.01 2729.30 4756.43 2711.94
26071-750-M6-085-00007 0.08789415657520294 6660.14 5756.71 6818.36 5760.10 6814.88 5922.85 6656.66 5919.46
26071-750-M6-085-00007 0.07696636021137238 6497.51 6579.83 6860.65 6578.45 6861.12 6703.83 6497.98 6705.21
26071-750-M6-085-00007 0.07260335236787796 3738.26 3146.65 3893.05 3172.92 3867.64 3322.68 3712.84 3296.40
26071-750-M6-085-00007 0.07215670496225357 6390.29 3870.29 6533.34 3919.69 6483.74 4063.33 6340.69 4013.93
26071-750-M6-085-00007 0.06159951537847519 5202.15 2385.83 5317.23 2400.37 5313.39 2430.79 5198.31 2416.25
26071-750-M6-085-00007 0.056132495403289795 3732.30 4164.53 3891.54 4159.24 3896.56 4310.16 3737.32 4315.46
26071-750-M6-085-00007 0.054013941437006 1684.59 1545.29 1850.16 1527.23 1868.86 1698.66 1703.29 1716.72
26071-750-M6-085-00007 0.050378959625959396 7596.71 5801.05 8142.95 5804.34 8142.57 5866.25 7596.34 5862.96
26071-203-M6-337-00031 0.12177658081054688 1390.03 1574.32 1528.46 1624.01 1478.94 1761.94 1340.52 1712.24
26071-203-M6-337-00031 0.08115892112255096 2694.21 4414.66 3276.46 4426.71 3271.88 4647.63 2689.64 4635.58
26071-203-M6-337-00031 0.07729756832122803 4877.60 4397.27 5440.02 4400.68 5438.64 4629.54 4876.22 4626.13
26071-203-M6-337-00031 0.07653585076332092 4883.59 4850.38 5438.81 4848.80 5439.48 5084.57 4884.26 5086.15
26071-203-M6-337-00031 0.07547592371702194 4883.79 3950.47 5438.54 3949.25 5439.06 4184.77 4884.31 4185.99
26071-203-M6-337-00031 0.06860841065645218 2690.50 4864.47 3284.30 4872.60 3281.27 5093.96 2687.47 5085.83
26071-203-M6-337-00031 0.06781085580587387 2690.05 3964.67 3284.00 3972.87 3280.94 4194.07 2686.99 4185.87
26071-203-M6-337-00031 0.06312839686870575 492.84 2932.02 808.59 2947.72 805.71 3005.62 489.97 2989.92
26071-203-M6-337-00031 0.05389951914548874 3524.79 660.84 3684.88 600.69 3745.35 761.66 3585.27 821.80
26071-203-M6-337-00031 0.05176018923521042 5326.39 3187.70 5815.41 3194.10 5812.75 3397.17 5323.74 3390.78
26071-203-M6-337-00031 0.05108792707324028 5391.15 1311.66 5870.18 1717.74 5703.84 1913.97 5224.80 1507.89
26071-203-M6-332-00001 0.09890853613615036 2062.06 5168.42 2212.83 5183.59 2197.78 5333.10 2047.01 5317.93
26071-203-M6-332-00001 0.07972189038991928 1481.08 3863.66 1628.90 3875.12 1616.71 4032.27 1468.89 4020.80
26071-203-M6-332-00001 0.07540538907051086 4462.89 2083.97 4607.17 2099.28 4591.41 2247.73 4447.12 2232.41
26071-203-M6-332-00001 0.07269473373889923 2428.29 269.27 2595.09 249.63 2615.25 420.75 2448.45 440.40
26071-203-M6-332-00001 0.07215950638055801 4908.96 2059.99 5048.71 2121.87 4986.17 2263.11 4846.42 2201.22
26071-203-M6-332-00001 0.06631367653608322 3661.34 3260.53 4238.12 3291.09 4231.35 3418.84 3654.58 3388.28
26071-203-M6-332-00001 0.06296533346176147 2061.90 526.83 2212.78 541.29 2198.19 693.47 2047.31 679.00
26071-203-M6-332-00001 0.06139814853668213 5717.31 3253.84 6276.17 3293.30 6268.31 3404.49 5709.46 3365.02
26071-203-M6-332-00001 0.061347655951976776 4031.53 2085.73 4183.64 2090.19 4179.04 2246.75 4026.93 2242.28
26071-203-M6-332-00001 0.05978933349251747 5703.75 2089.98 5862.58 2082.79 5869.82 2242.67 5710.99 2249.87
26071-203-M6-332-00001 0.05924273282289505 4919.77 3266.01 5477.67 3279.34 5474.33 3419.36 4916.42 3406.03
26071-203-M6-332-00001 0.05634712800383568 516.83 2806.00 785.13 2830.03 780.25 2884.47 511.95 2860.44
26071-203-M6-332-00001 0.054158154875040054 5293.25 2085.97 5448.42 2095.97 5438.65 2247.77 5283.48 2237.78
26071-203-M6-332-00001 0.05365641415119171 3605.00 2090.57 3760.12 2077.84 3773.68 2243.08 3618.56 2255.81
26071-203-M6-332-00001 0.05286133289337158 2869.23 3303.18 3517.77 3274.27 3522.14 3372.27 2873.60 3401.18
26071-203-M6-332-00001 0.052482180297374725 3190.27 2087.37 3347.25 2093.94 3340.84 2247.11 3183.86 2240.55
26071-203-M6-079-00001 0.11645662039518356 4902.89 254.69 5048.84 284.34 5017.82 437.04 4871.87 407.39
26071-203-M6-079-00001 0.10355351865291595 4213.46 248.42 4347.77 303.90 4290.80 441.81 4156.50 386.33
26071-203-M6-079-00001 0.10184989869594574 4898.50 4156.60 5046.29 4181.81 5020.28 4334.32 4872.49 4309.11
26071-203-M6-079-00001 0.09788268804550171 3838.55 3380.83 3984.82 3411.77 3953.61 3559.32 3807.34 3528.38
26071-203-M6-079-00001 0.09332424402236938 4531.74 3373.80 4693.29 3368.17 4698.77 3525.50 4537.23 3531.13
26071-203-M6-079-00001 0.08938948065042496 4213.02 4146.62 4348.05 4198.88 4293.68 4339.34 4158.66 4287.08
26071-203-M6-079-00001 0.08003225177526474 4900.17 5095.00 5050.21 5118.04 5026.49 5272.45 4876.45 5249.40
26071-203-M6-079-00001 0.07470102608203888 4543.36 3087.12 4687.09 3105.31 4668.44 3252.67 4524.71 3234.49
26071-203-M6-079-00001 0.07405228912830353 3836.49 2162.57 3991.12 2186.12 3967.82 2339.14 3813.19 2315.59
26071-203-M6-079-00001 0.07129672169685364 4902.66 3080.63 5049.63 3114.72 5016.19 3258.91 4869.21 3224.82
26071-203-M6-079-00001 0.068177230656147 4192.28 3076.52 4321.51 3106.38 4287.73 3252.57 4158.51 3222.71
26071-203-M6-079-00001 0.06662400811910629 4189.85 1203.73 4346.76 1229.69 4320.77 1386.76 4163.86 1360.80
26071-203-M6-079-00001 0.06367575377225876 4529.05 269.81 4679.21 269.58 4679.44 419.69 4529.28 419.92
26071-203-M6-079-00001 0.061428003013134 4523.84 5377.87 4684.20 5369.47 4692.45 5526.82 4532.08 5535.22
26071-203-M6-079-00001 0.06141874939203262 4168.56 5103.84 4337.10 5102.08 4338.87 5271.67 4170.33 5273.43
26071-203-M6-079-00001 0.058429427444934845 4526.59 4170.23 4678.50 4164.89 4683.87 4317.50 4531.96 4322.85
26071-203-M6-079-00001 0.05267329514026642 3820.57 562.14 3978.38 565.15 3975.35 724.37 3817.54 721.36
26071-203-M6-079-00001 0.051457155495882034 3822.52 4460.54 3977.61 4462.81 3975.25 4624.33 3820.16 4622.07
26071-203-M6-079-00001 0.05114885792136192 4541.74 5097.95 4699.82 5117.43 4681.24 5268.21 4523.16 5248.73
26071-200-M6-052-00150 0.10407420992851257 1941.60 3978.25 2093.87 3977.93 2094.21 4137.96 1941.95 4138.29
26071-200-M6-052-00150 0.07063467055559158 2182.76 515.86 2331.22 531.72 2314.60 687.29 2166.14 671.43
26071-200-M6-052-00150 0.07056419551372528 6905.23 3214.84 7057.75 3246.28 7027.53 3392.91 6875.00 3361.47
26071-200-M6-052-00150 0.06065584346652031 5449.05 3970.97 5591.13 3961.07 5602.31 4121.36 5460.23 4131.27
26071-200-M6-052-00150 0.058043260127305984 5336.19 3957.53 5482.23 4021.33 5422.36 4158.38 5276.32 4094.58
26071-200-M6-052-00150 0.05749242752790451 5986.28 4492.91 6140.66 4511.55 6121.47 4670.44 5967.09 4651.79
26071-200-M6-052-00150 0.055168505758047104 4495.07 1150.59 4647.39 1166.38 4632.24 1312.48 4479.92 1296.68
26071-200-M6-052-00003 0.15911220014095306 4957.99 6041.67 5310.47 6035.41 5313.44 6202.84 4960.97 6209.10
26071-200-M6-052-00003 0.08120089769363403 5116.49 5228.85 5273.58 5224.24 5278.14 5379.28 5121.05 5383.89
26071-200-M6-052-00003 0.08053072541952133 4193.04 2620.31 4350.09 2648.48 4320.83 2811.61 4163.79 2783.45
26071-200-M6-052-00003 0.07930375635623932 6863.17 4167.76 7010.91 4183.06 6995.38 4333.04 6847.64 4317.74
26071-200-M6-052-00003 0.07154858112335205 2026.65 4164.86 2179.28 4181.19 2163.80 4325.96 2011.17 4309.64
26071-200-M6-052-00003 0.0710522010922432 3433.47 2474.40 3589.65 2483.42 3580.60 2640.07 3424.42 2631.05
26071-200-M6-052-00003 0.0691288486123085 1775.22 4825.44 1893.15 4838.27 1880.22 4957.15 1762.28 4944.32
26071-200-M6-052-00003 0.06860054284334183 6565.28 4168.92 6712.02 4188.59 6692.01 4337.90 6545.27 4318.23
26071-200-M6-052-00003 0.06633878499269485 4228.51 4689.50 4402.54 4668.29 4456.72 5112.94 4282.69 5134.14
26071-200-M6-052-00003 0.05235210806131363 5383.18 5703.37 5499.04 5725.05 5476.49 5845.60 5360.63 5823.93
26071-200-M6-052-00003 0.050140369683504105 7571.67 2061.02 7682.62 2064.00 7679.28 2188.05 7568.34 2185.07
26071-700-M6-054-00013 0.10758353024721146 3585.66 4575.61 3747.32 4577.21 3745.76 4735.17 3584.09 4733.57
26071-700-M6-054-00013 0.07943005114793777 3594.08 1139.56 3745.43 1163.90 3720.69 1317.78 3569.33 1293.44
26071-700-M6-054-00013 0.0793292447924614 3565.86 3048.08 3732.64 3039.23 3741.75 3210.93 3574.97 3219.78
26071-700-M6-054-00013 0.07399880141019821 4059.15 4067.59 4412.68 4097.68 4395.67 4297.53 4042.15 4267.45
26071-700-M6-054-00013 0.07155868411064148 4025.80 5980.36 4390.34 5991.00 4385.14 6168.99 4020.60 6158.35
26071-700-M6-054-00013 0.063725046813488 4021.97 2199.22 4391.47 2216.35 4383.48 2388.81 4013.97 2371.68
26071-700-M6-054-00013 0.0518810972571373 3608.74 4910.68 3754.93 4949.39 3714.06 5103.74 3567.87 5065.03
26071-203-M6-320-00060 0.053130075335502625 3874.22 2633.86 3991.52 2646.24 3979.18 2763.15 3861.88 2750.77
26071-203-M6-321-00225 0.05179603025317192 7668.99 4818.58 8099.82 4822.61 8099.22 4886.76 7668.39 4882.73
26071-203-M6-321-00225 0.051267728209495544 500.00 5454.27 814.94 5468.02 812.36 5527.21 497.41 5513.45
26071-700-M6-054-00036 0.12470392882823944 5502.28 2059.14 5644.43 2106.90 5597.48 2246.61 5455.33 2198.85
26071-700-M6-054-00036 0.07963300496339798 5079.28 2317.84 5228.84 2351.28 5196.05 2497.93 5046.49 2464.49
26071-700-M6-054-00036 0.07908567786216736 6076.61 3440.26 6229.47 3463.57 6206.07 3617.01 6053.21 3593.70
26071-700-M6-054-00036 0.07894446700811386 3850.91 3334.06 3897.28 3334.49 3896.13 3458.22 3849.75 3457.79
26071-700-M6-054-00036 0.06865507364273071 6073.71 4991.47 6225.44 5007.29 6209.44 5160.77 6057.71 5144.95
26071-700-M6-054-00036 0.053003743290901184 4155.86 3516.72 4613.48 3554.32 4600.73 3709.54 4143.10 3671.95
26071-700-M6-054-00036 0.05130475014448166 4571.87 4730.84 4723.44 4717.53 4740.84 4915.72 4589.26 4929.02
26071-203-M6-320-00044 0.06432097405195236 1781.77 3153.42 1899.99 3173.92 1880.18 3288.17 1761.96 3267.67
26071-203-M6-320-00044 0.06405942887067795 4182.31 3153.37 4300.70 3174.69 4279.93 3290.02 4161.54 3268.70
26071-203-M6-320-00044 0.05725706368684769 2973.44 2901.14 3096.15 2911.41 3086.04 3032.26 2963.33 3022.00
26071-600-M6-065-00231 0.08212745934724808 3616.07 3546.55 3812.21 3521.26 3842.67 3757.48 3646.53 3782.77
26071-600-M6-065-00231 0.07483620941638947 6502.34 3291.34 7073.84 3313.89 7066.31 3504.87 6494.80 3482.31
26071-500-M6-059-00071 0.1802634298801422 1601.96 5401.53 1675.95 5387.15 1702.18 5522.15 1628.19 5536.53
26071-500-M6-059-00071 0.11352166533470154 7257.24 3062.38 7414.25 3062.59 7414.04 3216.07 7257.02 3215.85
26071-500-M6-059-00071 0.11201968789100647 891.73 5167.00 1035.94 5196.15 1005.54 5346.56 861.32 5317.41
26071-500-M6-059-00071 0.07910319417715073 5520.12 3135.34 5651.37 3208.45 5578.26 3339.71 5447.01 3266.61
26071-500-M6-059-00071 0.06496863067150116 4180.22 3447.21 4337.51 3463.01 4322.31 3614.34 4165.02 3598.53
26071-500-M6-059-00071 0.050010230392217636 7675.72 4843.58 8131.66 4874.99 8127.80 4931.12 7671.85 4899.71
26071-203-M6-320-00008 0.07657779008150101 6228.92 1760.51 6379.69 1771.58 6368.59 1922.77 6217.82 1911.70
26071-203-M6-320-00008 0.06538574397563934 6705.11 1766.28 6856.58 1767.30 6855.54 1921.66 6704.07 1920.65
26071-500-M6-059-00116 0.10610479861497879 2407.55 4758.71 2558.35 4765.37 2551.49 4920.78 2400.68 4914.12
26071-500-M6-059-00116 0.07798393070697784 5646.31 6171.85 5791.93 6181.28 5781.46 6343.14 5635.84 6333.71
26071-500-M6-059-00116 0.07789110392332077 6303.60 6168.09 6448.47 6185.69 6429.28 6343.62 6284.42 6326.02
26071-500-M6-059-00116 0.06956304609775543 6698.07 2299.07 6832.98 2356.16 6750.02 2552.18 6615.12 2495.09
26071-500-M6-059-00116 0.05930314213037491 7718.37 1178.95 8111.21 1220.73 8105.12 1277.98 7712.28 1236.20
26071-500-M6-059-00116 0.054317865520715714 2062.00 4758.70 2212.90 4780.22 2191.52 4930.18 2040.61 4908.66
26071-500-M6-059-00116 0.05212777853012085 2326.35 5603.13 2618.23 5596.36 2620.59 5697.99 2328.71 5704.77
26071-550-M6-084-00026 0.05454191565513611 1348.63 3480.68 1672.94 3475.93 1674.61 3590.32 1350.31 3595.07
26071-203-M6-337-00007 0.14762891829013824 5705.64 5171.54 5860.74 5176.03 5856.46 5323.95 5701.35 5319.45
26071-203-M6-337-00007 0.1211734488606453 5711.76 2483.14 5858.40 2508.22 5832.81 2657.83 5686.17 2632.76
26071-203-M6-337-00007 0.06221671402454376 2320.33 1130.91 2461.02 1165.23 2424.06 1316.70 2283.37 1282.38
26071-200-M6-052-00090 0.16090258955955505 3394.96 3680.92 3450.05 3682.23 3447.15 3804.49 3392.06 3803.19
26071-200-M6-052-00090 0.10809756815433502 2418.15 1571.01 2574.02 1583.07 2562.13 1736.66 2406.26 1724.61
26071-200-M6-052-00090 0.09785953164100647 3392.66 3301.89 3442.78 3298.48 3451.70 3429.75 3401.58 3433.15
26071-200-M6-052-00090 0.09727761894464493 6385.95 3690.19 6470.81 3680.25 6486.02 3810.12 6401.17 3820.06
26071-200-M6-052-00090 0.09546712040901184 5206.35 1291.99 5356.87 1318.72 5330.66 1466.32 5180.14 1439.59
26071-200-M6-052-00090 0.07929623872041702 4573.90 4411.56 4725.19 4419.92 4716.24 4581.84 4564.95 4573.47
26071-200-M6-052-00090 0.07878447324037552 5492.19 1539.30 5635.16 1573.16 5599.84 1722.31 5456.87 1688.46
26071-200-M6-052-00090 0.07677552103996277 5091.76 5785.24 5237.55 5807.69 5215.17 5953.02 5069.38 5930.58
26071-200-M6-052-00090 0.07668312638998032 6403.19 3299.61 6478.65 3303.51 6471.60 3440.02 6396.13 3436.12
26071-200-M6-052-00090 0.07129639387130737 1592.59 3825.53 1722.73 3862.41 1683.12 4002.19 1552.98 3965.31
26071-200-M6-052-00090 0.06844321638345718 4575.95 3812.19 4726.49 3827.15 4709.84 3994.67 4559.30 3979.71
26071-200-M6-052-00090 0.06551801413297653 4572.95 3417.26 4724.95 3431.47 4710.76 3583.30 4558.76 3569.09
26071-200-M6-052-00090 0.06329735368490219 1563.24 4412.89 1718.11 4423.42 1707.12 4584.89 1552.26 4574.35
26071-200-M6-052-00090 0.06156717240810394 5733.49 3492.24 6306.95 3489.85 6307.66 3659.85 5734.20 3662.24
26071-200-M6-052-00090 0.060346703976392746 3126.00 4010.56 3216.29 4010.37 3216.54 4126.79 3126.25 4126.99
26071-200-M6-052-00090 0.058772746473550797 3422.22 5612.21 3564.08 5651.18 3524.29 5796.02 3382.43 5757.05
26071-200-M6-052-00090 0.05837875232100487 6141.92 4004.81 6207.37 4005.47 6206.15 4126.96 6140.69 4126.30
26071-200-M6-052-00090 0.05535820499062538 3877.68 2000.16 4030.24 2021.41 4009.33 2171.50 3856.77 2150.24
26071-200-M6-052-00090 0.05377214774489403 6437.47 2831.01 6538.89 2849.67 6532.35 2885.24 6430.93 2866.58
26071-200-M6-052-00090 0.05361611768603325 3369.49 4768.45 3490.08 4772.16 3486.24 4896.82 3365.65 4893.11
26071-200-M6-052-00090 0.053027212619781494 2735.90 3493.78 3299.05 3498.39 3297.72 3660.83 2734.57 3656.23
26071-200-M6-052-00090 0.05276961252093315 320.16 4767.60 440.77 4776.27 432.13 4896.41 311.52 4887.74
26071-203-M6-320-00061 0.07139677554368973 3878.96 1842.55 4000.50 1863.59 3980.08 1981.55 3858.53 1960.50
26071-203-M6-320-00061 0.0667765662074089 6578.57 1843.27 6699.61 1863.71 6679.75 1981.35 6558.71 1960.91
26071-203-M6-320-00061 0.0651414543390274 4476.37 4428.85 4595.67 4442.67 4581.91 4561.44 4462.61 4547.62
26071-203-M6-320-00061 0.062265586107969284 7176.48 4428.82 7295.49 4442.14 7282.17 4561.13 7163.16 4547.81
26071-203-M6-320-00061 0.058111172169446945 4011.00 1520.55 4132.20 1530.95 4121.75 1652.71 4000.55 1642.31
26071-600-M6-065-00037 0.17428633570671082 6115.86 2648.21 6260.05 2691.63 6216.68 2835.67 6072.49 2792.25
26071-600-M6-065-00037 0.13748043775558472 2493.38 2335.13 2630.80 2404.48 2562.53 2539.75 2425.12 2470.41
26071-600-M6-065-00037 0.11360453814268112 6364.72 2757.36 6523.41 2769.75 6511.15 2926.70 6352.47 2914.31
26071-600-M6-065-00037 0.09288277477025986 1984.19 2816.11 2154.61 2818.16 2152.72 2975.22 1982.30 2973.16
26071-600-M6-065-00037 0.07640021294355392 5350.33 2866.93 5498.18 2879.79 5483.74 3045.91 5335.88 3033.05
26071-600-M6-065-00037 0.0635892003774643 2859.73 2546.76 3014.85 2514.74 3046.86 2669.77 2891.73 2701.80
26071-600-M6-065-00037 0.0519258938729763 3774.72 3690.16 3918.48 3710.54 3898.11 3854.18 3754.36 3833.80
26071-300-M6-053-00010 0.10941127687692642 1313.68 3620.64 1460.34 3648.95 1432.66 3792.29 1286.01 3763.97
26071-300-M6-053-00010 0.09880812466144562 4773.25 4377.09 4924.70 4395.24 4906.41 4547.86 4754.96 4529.71
26071-300-M6-053-00010 0.08362000435590744 3007.32 5249.62 3163.64 5272.85 3141.99 5418.50 2985.67 5395.27
26071-300-M6-053-00010 0.07887344062328339 2696.34 4164.32 2741.31 4164.73 2740.20 4285.56 2695.23 4285.15
26071-300-M6-053-00010 0.07266627252101898 2339.79 4185.03 2757.18 4278.37 2719.64 4446.25 2302.24 4352.90
26071-300-M6-053-00010 0.06911099702119827 4716.71 6379.53 5050.38 6389.07 5045.32 6565.81 4711.66 6556.28
26071-300-M6-053-00010 0.05555879324674606 1991.90 4315.20 2609.42 4331.91 2603.35 4556.04 1985.84 4539.34
26071-300-M6-053-00010 0.05075157806277275 4416.99 2090.10 4578.44 2108.23 4561.35 2260.35 4399.91 2242.22
26071-203-M6-320-00042 0.0941113531589508 5516.50 3294.72 5568.54 3292.22 5574.78 3421.95 5522.74 3424.45
26071-203-M6-320-00042 0.053630076348781586 4205.16 2367.94 4364.97 2361.09 4371.60 2515.76 4211.78 2522.61
26071-200-M6-052-00540 0.060329586267471313 2725.54 5284.35 2791.73 5288.77 2763.10 5717.45 2696.91 5713.03
26071-200-M6-052-00540 0.05762457847595215 7211.66 5282.90 7275.97 5285.89 7256.19 5710.40 7191.88 5707.41
26071-200-M6-052-00540 0.05483807623386383 5410.74 5289.78 5476.32 5295.08 5442.22 5717.31 5376.64 5712.01
26071-200-M6-052-00540 0.052513036876916885 1535.98 5283.96 1602.88 5289.31 1568.61 5717.06 1501.72 5711.71
26071-200-M6-052-00540 0.050481684505939484 1628.74 4849.12 1692.79 4844.09 1707.50 5031.12 1643.46 5036.16
26071-203-M6-160-00291 0.12286144495010376 3175.32 3593.62 3752.38 3588.38 3754.59 3832.21 3177.54 3837.45
26071-203-M6-160-00291 0.11206713318824768 1289.74 900.95 1435.52 933.87 1401.93 1082.61 1256.16 1049.69
26071-203-M6-160-00291 0.09305247664451599 5511.70 5533.56 5654.36 5575.66 5613.35 5714.60 5470.70 5672.49
26071-203-M6-160-00291 0.07787426561117172 6135.23 1149.36 6284.64 1166.89 6267.15 1315.93 6117.75 1298.40
26071-203-M6-160-00291 0.07408864051103592 1279.58 641.32 1430.09 653.89 1417.56 803.92 1267.05 791.36
26071-203-M6-160-00291 0.058774683624506 2996.07 5545.83 3156.23 5559.39 3143.68 5707.55 2983.52 5693.98
26071-203-M6-160-00291 0.05119679495692253 2064.42 3616.11 2792.64 3567.69 2805.39 3759.52 2077.17 3807.94
26071-600-M6-066-00002 0.07463299483060837 7089.14 3371.28 7248.08 3362.05 7256.83 3512.62 7097.89 3521.85
26071-600-M6-066-00002 0.06112584471702576 4230.32 2478.12 4391.92 2425.86 4450.22 2606.18 4288.63 2658.43
26071-600-M6-066-00002 0.058961670845746994 2944.68 3269.56 3099.16 3284.54 3085.54 3425.07 2931.05 3410.10
26071-600-M6-066-00002 0.058631137013435364 5419.12 2687.51 5577.06 2696.10 5568.76 2848.69 5410.83 2840.10
26071-300-M6-053-00008 0.11500946432352066 3577.44 3968.37 3720.46 3986.72 3700.64 4141.27 3557.61 4122.92
26071-300-M6-053-00008 0.10405289381742477 3350.48 4863.10 3497.58 4891.60 3469.55 5036.27 3322.46 5007.78
26071-300-M6-053-00008 0.09570125490427017 3006.66 2199.73 3161.55 2228.52 3133.08 2381.64 2978.20 2352.85
26071-300-M6-053-00008 0.07894224673509598 2820.92 3968.55 2971.97 3999.85 2940.45 4152.00 2789.39 4120.69
26071-300-M6-053-00008 0.07779163122177124 4208.16 4468.50 4370.44 4462.76 4376.02 4620.49 4213.74 4626.23
26071-300-M6-053-00008 0.07701294869184494 3008.22 5346.41 3154.69 5374.29 3125.75 5526.38 2979.28 5498.50
26071-300-M6-053-00008 0.07698631286621094 3371.54 3080.23 3498.45 3125.31 3449.75 3262.41 3322.84 3217.32
26071-300-M6-053-00008 0.07294189184904099 3214.06 4851.26 3360.04 4893.70 3317.47 5040.14 3171.49 4997.70
26071-300-M6-053-00008 0.07138077169656754 3575.06 2203.75 3726.58 2220.39 3709.73 2373.79 3558.21 2357.14
26071-300-M6-053-00008 0.0710807591676712 2669.06 3971.25 2815.28 4002.22 2783.58 4151.84 2637.37 4120.87
26071-300-M6-053-00008 0.07001174241304398 4207.23 2759.42 4364.75 2746.16 4378.28 2907.01 4220.76 2920.27
26071-300-M6-053-00008 0.0683363676071167 2674.91 2908.25 2817.64 2946.49 2778.60 3092.18 2635.87 3053.93
26071-300-M6-053-00008 0.06501903384923935 6752.62 3080.84 6896.93 3119.44 6859.18 3260.56 6714.87 3221.96
26071-300-M6-053-00008 0.06489236652851105 2671.24 4327.78 2813.99 4361.21 2779.78 4507.30 2637.03 4473.88
26071-300-M6-053-00008 0.0635729730129242 3213.08 3086.16 3351.71 3124.54 3313.61 3262.18 3174.97 3223.80
26071-300-M6-053-00008 0.06291267275810242 2667.70 4685.65 2810.48 4711.13 2784.09 4859.01 2641.31 4833.53
26071-300-M6-053-00008 0.06077926233410835 2669.45 3619.53 2813.24 3649.93 2782.11 3797.17 2638.32 3766.76
26071-300-M6-053-00008 0.05977700278162956 4227.90 2382.74 4389.67 2405.41 4367.93 2560.57 4206.16 2537.91
26071-300-M6-053-00008 0.05686531215906143 3206.57 4149.60 3355.27 4183.47 3322.08 4329.20 3173.38 4295.33
26071-300-M6-053-00008 0.05564001947641373 4230.34 3091.05 4372.90 3105.25 4358.69 3247.84 4216.13 3233.63
26071-300-M6-053-00008 0.054924268275499344 2682.87 3258.93 2820.12 3311.60 2768.66 3445.68 2631.41 3393.00
26071-300-M6-053-00008 0.05331796780228615 6741.02 4456.12 6890.42 4465.79 6880.46 4619.81 6731.05 4610.14
26071-300-M6-053-00008 0.05233344808220863 6717.81 2759.13 6881.72 2731.08 6909.12 2891.21 6745.21 2919.26
26071-203-M6-060-00001 0.1059434562921524 2775.48 4786.74 2925.58 4805.47 2906.82 4955.79 2756.73 4937.06
26071-203-M6-060-00001 0.10277801752090454 2766.62 3838.59 2919.34 3853.53 2903.86 4011.88 2751.14 3996.94
26071-203-M6-060-00001 0.08853859454393387 2995.27 903.26 3154.96 903.48 3154.75 1058.21 2995.06 1057.99
26071-203-M6-060-00001 0.08609531074762344 3893.71 625.00 4041.97 668.74 3998.52 816.03 3850.26 772.29
26071-203-M6-060-00001 0.07634945213794708 3001.44 2933.34 3160.28 2950.32 3144.61 3096.85 2985.77 3079.88
26071-203-M6-060-00001 0.07324595004320145 2088.48 4678.20 2364.90 4672.64 2367.58 4806.02 2091.16 4811.59
26071-203-M6-060-00001 0.07235678285360336 4601.29 1179.97 4716.74 1173.30 4723.67 1293.26 4608.22 1299.93
26071-203-M6-060-00001 0.0700669139623642 3002.53 1982.55 3160.00 2004.51 3138.65 2157.66 2981.17 2135.70
26071-203-M6-060-00001 0.06761712580919266 3234.08 2663.28 3387.90 2668.06 3383.10 2822.19 3229.29 2817.41
26071-203-M6-060-00001 0.06552612036466599 2081.55 5624.15 2376.61 5627.17 2375.15 5770.05 2080.09 5767.03
26071-203-M6-060-00001 0.0636817067861557 2920.08 2368.03 3245.03 2380.34 3238.70 2547.22 2913.76 2534.91
26071-203-M6-060-00001 0.05905350670218468 3560.92 655.81 3732.22 642.39 3745.72 814.64 3574.42 828.07
26071-203-M6-060-00001 0.05680646374821663 3589.31 902.59 3745.65 914.36 3733.36 1077.71 3577.01 1065.95
26071-200-M6-063-00010 0.12278978526592255 3097.73 3936.29 3274.88 3960.46 3249.05 4149.82 3071.90 4125.65
26071-200-M6-063-00010 0.08402533829212189 4902.74 1372.70 5052.28 1406.65 5018.62 1554.93 4869.07 1520.97
26071-200-M6-063-00010 0.07911887019872665 3166.93 3808.73 3214.23 3810.31 3210.27 3929.40 3162.96 3927.83
26071-200-M6-063-00010 0.07250658422708511 6796.88 1958.08 7132.05 1960.75 7130.41 2166.89 6795.24 2164.23
26071-200-M6-063-00010 0.0646640881896019 2547.92 3941.70 3029.28 3946.79 3027.08 4154.75 2545.72 4149.66
26071-200-M6-063-00010 0.06348338723182678 2283.60 2769.60 2442.48 2758.56 2453.63 2919.00 2294.75 2930.04
26071-200-M6-063-00010 0.05663707107305527 3994.85 4449.55 4504.69 4446.06 4505.83 4612.28 3995.98 4615.77
26071-200-M6-063-00010 0.055788803845644 6859.01 1740.38 7128.63 1779.95 7105.59 1936.93 6835.97 1897.37
26071-200-M6-063-00010 0.051511120051145554 5543.26 5990.51 5877.05 5983.27 5879.35 6089.67 5545.56 6096.90
26071-203-M6-060-00006 0.2979128360748291 1344.08 4221.47 1494.65 4239.60 1475.67 4397.22 1325.10 4379.09
26071-203-M6-060-00006 0.20526175200939178 4206.04 4762.01 4346.56 4808.44 4298.40 4954.19 4157.88 4907.76
26071-203-M6-060-00006 0.1474781036376953 2161.14 4770.52 2307.30 4783.55 2293.53 4937.92 2147.38 4924.89
26071-203-M6-060-00006 0.0814678892493248 1807.95 5434.49 1962.38 5438.47 1957.69 5620.51 1803.26 5616.54
26071-203-M6-060-00006 0.07959408313035965 2680.00 2978.81 2832.05 2986.34 2824.67 3135.22 2672.62 3127.68
26071-203-M6-060-00006 0.07191112637519836 4520.30 5489.08 4660.93 5491.57 4658.30 5640.30 4517.67 5637.81
26071-203-M6-060-00006 0.05972626805305481 1322.81 4493.02 1485.76 4486.55 1492.06 4645.24 1329.12 4651.72
26071-203-M6-060-00006 0.058296408504247665 2286.02 2174.82 2447.09 2167.85 2454.42 2337.00 2293.35 2343.98
26071-203-M6-060-00006 0.057383935898542404 5952.71 2051.53 6101.28 2060.93 6091.76 2211.37 5943.20 2201.97
26071-203-M6-060-00006 0.05178418010473251 4534.21 5183.97 4683.58 5209.88 4658.83 5352.56 4509.46 5326.65
26071-203-M6-060-00006 0.05095956102013588 1838.09 5040.08 1965.45 5055.65 1947.39 5203.39 1820.02 5187.82
26071-203-M6-060-00006 0.050615470856428146 2662.64 3345.78 2837.88 3321.03 2864.15 3507.05 2688.91 3531.80
26071-203-M6-060-00006 0.050361499190330505 7641.18 6023.05 8142.01 6054.61 8138.03 6117.80 7637.20 6086.24
26071-203-M6-325-00013 0.09044920653104782 3415.26 3620.83 3555.53 3669.29 3505.66 3813.62 3365.40 3765.16
26071-675-M6-068-00041 0.08484763652086258 6990.52 4174.44 7110.57 4178.77 7106.39 4294.67 6986.34 4290.34
26071-675-M6-068-00041 0.0778847262263298 3990.06 4174.44 4109.85 4177.77 4106.65 4292.90 3986.85 4289.57
26071-675-M6-068-00041 0.06893434375524521 2016.62 4161.59 2138.13 4178.94 2121.25 4297.18 1999.74 4279.83
26071-675-M6-068-00041 0.0685911774635315 6006.44 4160.86 6126.78 4177.47 6110.22 4297.44 5989.88 4280.83
26071-675-M6-068-00041 0.06603536009788513 5679.52 4158.57 5798.94 4176.96 5780.96 4293.74 5661.54 4275.35
26071-675-M6-068-00041 0.06343908607959747 3005.93 4160.58 3125.72 4175.50 3110.70 4296.07 2990.90 4281.14
26071-675-M6-068-00041 0.06321999430656433 6337.11 4160.91 6458.54 4178.29 6441.48 4297.54 6320.04 4280.16
26071-675-M6-068-00041 0.060782548040151596 2678.28 2629.06 2796.29 2644.52 2780.76 2763.04 2662.75 2747.58
26071-675-M6-068-00041 0.057505782693624496 5016.16 4160.95 5137.26 4176.52 5122.00 4295.18 5000.91 4279.61
26071-675-M6-068-00041 0.05736668407917023 2672.65 4162.33 2790.99 4169.76 2783.46 4289.60 2665.12 4282.16
26071-675-M6-068-00041 0.05719168484210968 3680.92 4149.64 3789.67 4154.59 3783.97 4279.94 3675.22 4274.99
26071-675-M6-068-00041 0.05472077429294586 1687.64 4161.47 1807.24 4177.92 1790.78 4297.56 1671.18 4281.10
26071-675-M6-068-00041 0.0547129288315773 3336.40 4160.12 3457.38 4177.19 3440.66 4295.72 3319.68 4278.66
26071-675-M6-068-00041 0.05457167699933052 4655.77 4162.04 4776.02 4175.61 4762.86 4292.25 4642.61 4278.68
26071-675-M6-068-00041 0.05423182249069214 5678.69 2634.31 5796.57 2650.97 5779.83 2769.41 5661.95 2752.75
26071-675-M6-068-00041 0.05295253172516823 6667.65 4160.12 6788.19 4178.61 6769.67 4299.29 6649.13 4280.80
26071-675-M6-068-00041 0.05182158574461937 2346.77 4160.40 2467.03 4176.51 2450.97 4296.43 2330.70 4280.31
26071-675-M6-068-00041 0.05139925703406334 7656.79 4161.45 7776.44 4177.31 7760.71 4296.05 7641.06 4280.20
26071-300-M6-053-00012 0.23787029087543488 5330.70 3878.38 5477.78 3902.29 5453.16 4053.75 5306.08 4029.84
26071-300-M6-053-00012 0.11926059424877167 2769.68 4573.96 2924.15 4579.09 2919.05 4732.46 2764.58 4727.32
26071-300-M6-053-00012 0.1015753448009491 1773.43 4094.01 1927.87 4112.89 1909.45 4263.54 1755.02 4244.66
26071-300-M6-053-00012 0.07537528872489929 5023.97 1568.10 5185.76 1568.23 5185.64 1729.53 5023.84 1729.41
26071-300-M6-053-00012 0.06479348242282867 4271.70 4777.46 4393.42 4773.90 4396.97 4895.10 4275.25 4898.66
26071-300-M6-053-00012 0.0632636770606041 5224.87 2219.30 5765.08 2298.11 5728.26 2550.46 5188.05 2471.65
26071-300-M6-053-00012 0.05685683339834213 4202.54 3465.13 4387.00 3459.22 4400.93 3894.10 4216.47 3900.01
26071-450-M6-082-00221 0.07758449018001556 2073.85 5829.76 2192.27 5844.47 2177.63 5962.37 2059.21 5947.67
26071-675-M6-068-00034 0.10597774386405945 6102.60 2021.63 6254.30 2044.13 6232.01 2194.49 6080.30 2171.99
26071-675-M6-068-00034 0.051269229501485825 2307.88 2888.36 2653.63 2890.20 2653.13 2983.81 2307.38 2981.97
26071-450-M6-082-00031 0.11553143709897995 5375.04 1570.71 5522.43 1588.05 5504.12 1743.75 5356.73 1726.41
26071-450-M6-082-00031 0.11011511087417603 5373.54 902.14 5518.96 927.24 5493.03 1077.51 5347.60 1052.41
26071-450-M6-082-00031 0.10924095660448074 3007.28 2403.15 3160.29 2424.51 3138.88 2577.86 2985.87 2556.50
26071-450-M6-082-00031 0.09538044780492783 2516.33 3971.97 2667.71 4001.55 2638.75 4149.72 2487.38 4120.14
26071-450-M6-082-00031 0.09174738824367523 5376.22 1245.34 5516.09 1276.33 5482.11 1429.71 5342.24 1398.72
26071-450-M6-082-00031 0.07919648289680481 3079.53 3233.77 3624.65 3237.93 3623.05 3447.43 3077.93 3443.27
26071-450-M6-082-00031 0.06260000914335251 7588.16 969.86 8133.96 952.27 8135.97 1014.62 7590.17 1032.22
26071-450-M6-082-00031 0.06056855991482735 7634.15 2095.07 8092.69 2092.41 8093.02 2149.82 7634.48 2152.48
26071-450-M6-082-00031 0.05764058232307434 3691.84 3074.49 3738.50 3079.52 3725.04 3204.29 3678.39 3199.26
26071-450-M6-082-00031 0.05523345619440079 4626.88 2683.39 4746.71 2711.96 4718.40 2830.73 4598.57 2802.16
26071-200-M6-062-00276 0.08697205781936646 5841.22 2483.13 5988.11 2505.43 5965.34 2655.44 5818.45 2633.14
26071-200-M6-062-00276 0.08504374325275421 5122.93 3223.21 5279.38 3244.62 5259.01 3393.44 5102.56 3372.03
26071-200-M6-062-00276 0.07755997776985168 4768.40 2745.83 4924.01 2749.47 4920.44 2902.09 4764.83 2898.45
26071-200-M6-062-00276 0.07455819100141525 3377.49 3504.34 3522.92 3546.54 3479.86 3694.93 3334.43 3652.72
26071-200-M6-062-00276 0.05622487887740135 594.02 2467.45 714.37 2473.54 707.97 2599.89 587.62 2593.80
26071-200-M6-062-00276 0.05474565178155899 3636.91 3717.08 3684.18 3715.33 3687.33 3800.46 3640.06 3802.21
26071-200-M6-062-00276 0.05352592468261719 2118.48 1203.11 2266.34 1219.07 2249.57 1374.39 2101.71 1358.42
26071-500-M6-059-00011 0.1408008337020874 4986.44 4572.31 5135.04 4597.32 5110.35 4744.03 4961.75 4719.02
26071-500-M6-059-00011 0.09699069708585739 3595.30 3869.30 4073.12 3849.02 4081.95 4057.04 3604.13 4077.33
26071-500-M6-059-00011 0.06072443723678589 4310.84 4752.43 4731.59 4796.17 4714.48 4960.74 4293.73 4917.00
26071-500-M6-059-00011 0.05499386042356491 5249.95 2094.68 5303.25 2095.60 5301.48 2197.72 5248.18 2196.80
26071-600-M6-065-00021 0.13010863959789276 2300.17 3663.71 2454.56 3686.96 2432.47 3833.66 2278.08 3810.42
26071-600-M6-065-00021 0.11747812479734421 3864.97 1287.27 4016.58 1307.28 3996.87 1456.65 3845.25 1436.64
26071-600-M6-065-00021 0.09852145612239838 5365.42 3638.24 5515.20 3653.31 5499.72 3807.21 5349.94 3792.14
26071-600-M6-065-00021 0.0956760048866272 6565.08 2171.48 6732.84 2148.85 6754.15 2306.84 6586.40 2329.47
26071-600-M6-065-00021 0.09460258483886719 5175.81 2721.79 5289.87 2728.11 5286.99 2780.07 5172.93 2773.75
26071-600-M6-065-00021 0.0859043300151825 7123.71 4845.82 7504.23 4826.56 7512.27 4985.44 7131.75 5004.70
26071-600-M6-065-00021 0.07967955619096756 3870.17 1746.09 4018.97 1767.40 3997.23 1919.16 3848.43 1897.85
26071-600-M6-065-00021 0.0773201659321785 7265.14 3385.18 7419.60 3395.23 7409.54 3549.77 7255.08 3539.72
26071-600-M6-065-00021 0.07189355790615082 6452.65 2150.34 6610.18 2172.35 6587.77 2332.74 6430.24 2310.73
26071-600-M6-065-00021 0.05986090376973152 4958.75 3856.38 5106.31 3879.08 5083.24 4029.05 4935.68 4006.34
26071-600-M6-065-00021 0.0559178926050663 1132.54 1375.39 1474.90 1363.00 1479.61 1493.35 1137.26 1505.74
26071-600-M6-065-00021 0.05360102280974388 7587.58 5213.05 8157.87 5216.75 8157.47 5278.16 7587.18 5274.46
26071-600-M6-065-00021 0.052163589745759964 6509.11 6243.19 6809.45 6240.45 6810.38 6341.83 6510.04 6344.58
26071-500-M6-059-00013 0.9832929968833923 3351.98 4254.04 3506.74 4273.69 3487.65 4424.06 3332.89 4404.41
26071-500-M6-059-00013 0.9746572375297546 2702.07 4219.18 2842.28 4236.29 2824.33 4383.33 2684.12 4366.22
26071-500-M6-059-00013 0.9308983683586121 2666.36 5276.04 2824.76 5280.99 2819.64 5444.86 2661.24 5439.91
26071-500-M6-059-00013 0.2797786593437195 2369.25 4366.89 2516.85 4384.60 2498.54 4537.18 2350.94 4519.47
26071-500-M6-059-00013 0.10806044936180115 2787.53 4454.40 2938.83 4477.87 2914.64 4633.80 2763.34 4610.33
26071-500-M6-059-00013 0.0964789018034935 2383.86 5459.87 2538.44 5496.70 2502.92 5645.78 2348.34 5608.96
26071-500-M6-059-00013 0.09498517215251923 6307.82 1514.26 6455.37 1528.10 6440.27 1689.09 6292.72 1675.25
26071-500-M6-059-00013 0.09292936325073242 2686.53 5546.09 2837.67 5566.08 2817.57 5718.09 2666.43 5698.11
26071-500-M6-059-00013 0.08344454318284988 2368.38 5279.49 2521.06 5301.55 2499.49 5450.84 2346.81 5428.78
26071-500-M6-059-00013 0.07912739366292953 2931.34 4726.92 2986.24 4728.45 2982.74 4854.73 2927.83 4853.20
26071-500-M6-059-00013 0.06766632199287415 2062.92 4642.84 2215.02 4663.17 2195.53 4809.01 2043.43 4788.67
26071-500-M6-059-00013 0.051681071519851685 2868.70 4906.57 3329.37 4906.15 3329.57 5129.66 2868.90 5130.08
26071-500-M6-059-00044 0.05709004029631615 1063.28 3084.63 1208.68 3113.75 1180.02 3256.82 1034.62 3227.70
26071-500-M6-059-00044 0.05456281080842018 7136.49 5557.06 7446.16 5547.48 7450.02 5672.11 7140.35 5681.69
26071-500-M6-059-00044 0.05415259674191475 4404.96 2940.40 4739.08 3025.21 4683.43 3244.44 4349.31 3159.63
26071-500-M6-059-00044 0.05051760375499725 340.01 3635.77 910.25 3608.01 913.32 3671.07 343.08 3698.83
26071-500-M6-059-00044 0.050290580838918686 1091.00 2386.35 1395.76 2406.95 1388.35 2516.57 1083.59 2495.97
26071-200-M6-052-00093 0.10599198937416077 4687.72 3680.33 4732.53 3685.16 4718.64 3814.08 4673.82 3809.25
26071-200-M6-052-00093 0.08944426476955414 4675.19 2452.98 4728.32 2452.30 4730.12 2593.53 4676.99 2594.21
26071-200-M6-052-00093 0.08692405372858047 4077.72 1462.67 4620.44 1437.13 4630.83 1657.90 4088.11 1683.44
26071-200-M6-052-00093 0.08281566202640533 1000.01 1796.44 1155.90 1822.13 1129.79 1980.59 973.90 1954.90
26071-200-M6-052-00093 0.07871580123901367 6872.77 3116.44 7018.63 3140.60 6994.12 3288.58 6848.26 3264.42
26071-200-M6-052-00093 0.07088162004947662 4487.38 3807.05 4646.15 3829.13 4617.67 4033.88 4458.91 4011.80
26071-200-M6-052-00093 0.06528512388467789 5821.47 2766.96 5982.58 2761.65 5987.63 2914.55 5826.51 2919.86
26071-200-M6-052-00093 0.06446564197540283 4107.18 4503.61 4629.25 4471.90 4641.30 4670.21 4119.23 4701.92
26071-200-M6-052-00093 0.06241133064031601 4265.73 4172.68 4388.44 4185.63 4375.73 4306.08 4253.02 4293.14
26071-200-M6-052-00093 0.061528321355581284 4611.02 4456.64 4782.87 4492.82 4739.94 4696.76 4568.09 4660.58
26071-200-M6-052-00093 0.0603068545460701 4614.24 1440.11 4787.94 1483.59 4736.65 1688.48 4562.96 1645.00
26071-200-M6-052-00093 0.05253396928310394 5321.80 1761.81 5439.58 1778.23 5422.52 1900.56 5304.74 1884.14
26071-200-M6-052-00093 0.050274185836315155 5614.64 3995.46 5738.38 4008.08 5726.21 4127.39 5602.47 4114.77
26071-200-M6-052-00002 0.12739171087741852 5205.29 4274.05 5356.44 4295.28 5335.48 4444.46 5184.33 4423.23
26071-200-M6-052-00002 0.08861808478832245 5476.45 4271.96 5628.41 4281.06 5619.10 4436.63 5467.13 4427.52
26071-200-M6-052-00002 0.07475778460502625 7312.48 5288.79 7454.98 5344.33 7400.89 5483.08 7258.40 5427.54
26071-200-M6-052-00002 0.07028406113386154 1297.10 1180.25 1413.83 1177.33 1416.83 1296.91 1300.09 1299.83
26071-200-M6-052-00002 0.06478588283061981 6975.61 4172.08 7095.66 4184.02 7083.28 4308.46 6963.23 4296.52
26071-200-M6-052-00002 0.06354671716690063 1941.64 5655.44 2088.65 5675.29 2068.01 5828.09 1921.00 5808.24
26071-200-M6-052-00002 0.05922359228134155 4114.40 4746.38 4610.90 4753.58 4608.47 4921.33 4111.97 4914.14
26071-200-M6-052-00002 0.051326580345630646 7623.58 5660.13 7743.15 5674.52 7728.34 5797.56 7608.77 5783.17
26071-675-M6-068-10002 0.257541298866272 8138.53 6235.89 8264.51 6287.97 8204.63 6432.79 8078.66 6380.70
26071-675-M6-068-10002 0.14157214760780334 7515.91 6150.97 7595.21 6179.08 7552.87 6298.52 7473.58 6270.42
26071-675-M6-068-10002 0.12676768004894257 8126.01 6627.16 8256.49 6662.90 8215.92 6811.00 8085.44 6775.26
26071-675-M6-068-10002 0.10020177811384201 7518.60 6651.27 7607.92 6690.40 7553.88 6813.73 7464.56 6774.60
26071-675-M6-068-10002 0.10013891756534576 843.72 2451.00 1203.97 2552.97 1147.40 2752.80 787.15 2650.83
26071-675-M6-068-10002 0.09731300175189972 814.79 5768.46 1206.45 5851.16 1165.64 6044.44 773.98 5961.74
26071-675-M6-068-10002 0.09409850835800171 825.51 4109.96 1202.32 4175.88 1166.45 4380.86 789.64 4314.93
26071-675-M6-068-10002 0.08638767898082733 8151.09 6498.31 8256.15 6561.15 8184.69 6680.63 8079.63 6617.80
26071-675-M6-068-10002 0.07603813707828522 361.03 6184.91 426.65 6187.58 412.45 6536.92 346.83 6534.25
26071-675-M6-068-10002 0.06960835307836533 7511.64 6242.48 7598.10 6268.59 7548.30 6433.50 7461.83 6407.38
26071-675-M6-068-10002 0.06540308147668839 7512.30 6417.75 7589.24 6448.83 7545.17 6557.91 7468.23 6526.83
26071-675-M6-068-10002 0.058721527457237244 7291.04 1771.19 7848.54 1747.04 7854.52 1885.10 7297.02 1909.24
26071-675-M6-068-10002 0.05813891813158989 7512.36 6526.71 7591.23 6555.32 7543.77 6686.19 7464.89 6657.58
26071-675-M6-068-10002 0.052851513028144836 357.07 727.49 416.37 726.66 424.01 1270.87 364.71 1271.70
26071-750-M6-085-00012 0.1220121681690216 6910.75 3059.98 7062.76 3082.38 7040.11 3236.09 6888.11 3213.69
26071-750-M6-085-00012 0.11209218949079514 4758.69 3066.84 4905.78 3075.73 4896.37 3231.66 4749.27 3222.78
26071-750-M6-085-00012 0.11031399667263031 4619.87 3277.18 4760.41 3334.25 4704.85 3471.05 4564.32 3413.98
26071-750-M6-085-00012 0.10706209391355515 4779.93 3803.90 4900.38 3802.92 4900.78 3852.41 4780.34 3853.39
26071-750-M6-085-00012 0.10488324612379074 2839.65 4179.98 2986.51 4189.68 2975.23 4360.43 2828.37 4350.72
26071-750-M6-085-00012 0.10193493217229843 4013.63 4264.35 4167.75 4271.25 4160.15 4440.95 4006.03 4434.05
26071-750-M6-085-00012 0.09782513976097107 6612.30 4420.15 6767.81 4434.31 6754.33 4582.35 6598.82 4568.19
26071-750-M6-085-00012 0.08612131327390671 690.60 1753.46 1164.90 1758.17 1162.79 1971.22 688.48 1966.50
26071-750-M6-085-00012 0.07945488393306732 1172.76 4980.73 1331.38 4995.83 1315.96 5157.73 1157.34 5142.62
26071-750-M6-085-00012 0.07106981426477432 6897.69 2934.16 7052.29 2950.32 7036.71 3099.44 6882.11 3083.28
26071-750-M6-085-00012 0.06715467572212219 4760.37 2919.18 4905.70 2930.84 4893.24 3086.08 4747.91 3074.41
26071-750-M6-085-00012 0.06217600777745247 6569.77 3028.68 6734.62 2983.77 6782.27 3158.68 6617.42 3203.59
26071-750-M6-085-00012 0.059716615825891495 2736.52 5013.92 3366.26 5043.85 3354.71 5286.91 2724.96 5256.98
26071-750-M6-085-00012 0.058028317987918854 7206.49 5042.51 7920.00 5034.74 7922.60 5273.71 7209.09 5281.48
26071-750-M6-085-00012 0.05457627773284912 324.92 1498.92 891.47 1492.80 892.11 1552.32 325.57 1558.45
26071-750-M6-085-00012 0.05264446511864662 3793.37 3260.19 3937.47 3274.34 3923.19 3419.85 3779.09 3405.71
26071-750-M6-085-00012 0.05232475697994232 6976.94 3796.44 7078.30 3802.61 7075.05 3856.11 6973.68 3849.94
26071-750-M6-085-00012 0.05179969221353531 1968.72 3553.74 2328.70 3570.54 2322.77 3697.58 1962.80 3680.79
26071-750-M6-085-00012 0.05176091194152832 4953.93 5017.63 5568.13 5084.17 5546.82 5280.89 4932.62 5214.35
26071-750-M6-085-00012 0.05120855197310448 7453.67 3267.60 7605.60 3287.98 7585.19 3440.18 7433.26 3419.81
26071-750-M6-085-00012 0.05056091770529747 7641.81 1177.71 7694.41 1175.82 7698.00 1275.40 7645.39 1277.30
26071-200-M6-062-00277 0.09054812788963318 5610.20 1610.42 5948.34 1613.16 5947.62 1702.26 5609.48 1699.53
26071-200-M6-062-00277 0.07572796195745468 4078.93 1607.43 4421.11 1612.66 4419.78 1699.61 4077.60 1694.38
26071-200-M6-062-00277 0.06987261027097702 4791.02 1870.26 4910.17 1882.51 4897.67 2004.29 4778.51 1992.05
26071-200-M6-062-00277 0.06866150349378586 7300.81 1600.36 7646.92 1600.51 7646.89 1681.53 7300.77 1681.38
26071-200-M6-062-00277 0.05722944065928459 5598.32 2918.85 5954.40 2915.05 5955.32 3001.91 5599.25 3005.70
26071-200-M6-062-00277 0.05643974244594574 2233.48 4224.45 2409.28 4265.47 2381.25 4385.62 2205.45 4344.60
26071-200-M6-062-00277 0.05588746815919876 5608.16 1965.25 5974.64 1965.57 5974.56 2053.13 5608.08 2052.82
26071-200-M6-062-00277 0.05511052906513214 2604.81 4212.56 2755.08 4291.01 2698.86 4398.71 2548.59 4320.26
26071-200-M6-062-00277 0.05438169464468956 7273.07 2205.24 7619.92 2215.93 7617.40 2297.83 7270.55 2287.14
26071-200-M6-062-00277 0.05350213870406151 7258.33 3971.22 7634.34 3971.12 7634.36 4061.41 7258.36 4061.51
26071-200-M6-062-00277 0.05215652659535408 2070.59 2937.81 2190.74 2950.58 2178.59 3064.92 2058.44 3052.16
26071-200-M6-062-00277 0.05053215101361275 5603.67 2559.04 5960.89 2558.78 5960.96 2646.55 5603.73 2646.81
26071-600-M6-065-00259 0.079790860414505 998.81 881.57 1119.59 880.32 1120.83 1000.41 1000.05 1001.66
26071-600-M6-065-00259 0.0672370195388794 6670.20 871.84 6792.64 870.26 6794.26 995.73 6671.81 997.30
26071-600-M6-065-00259 0.06348377466201782 5676.46 5826.91 5794.40 5843.57 5777.76 5961.41 5659.81 5944.75
26071-600-M6-065-00259 0.058578453958034515 3901.79 863.24 4024.29 878.97 4008.37 1002.88 3885.88 987.15
26071-600-M6-065-00259 0.05737879499793053 4305.95 881.74 4421.78 877.48 4426.11 995.49 4310.28 999.74
26071-200-M6-052-00544 0.08336643874645233 5599.28 4187.64 5764.08 4186.13 5764.51 4232.89 5599.71 4234.41
26071-200-M6-052-00544 0.06780525296926498 2677.36 5068.70 3080.26 5054.95 3084.31 5173.62 2681.41 5187.36
26071-200-M6-052-00544 0.061937522143125534 4239.31 2965.23 4400.40 2972.09 4393.84 3126.05 4232.75 3119.19
26071-200-M6-052-00544 0.05726484954357147 3587.84 3594.03 3750.06 3605.30 3739.26 3760.80 3577.03 3749.53
26071-600-M6-066-00003 0.20429007709026337 4848.62 2156.36 4979.77 2144.81 4984.07 2193.55 4852.91 2205.10
26071-600-M6-066-00003 0.1570259928703308 3764.40 2148.51 3890.00 2157.77 3886.60 2203.90 3761.00 2194.64
26071-600-M6-066-00003 0.14965273439884186 1901.67 3855.99 2045.19 3903.68 1997.94 4045.88 1854.42 3998.19
26071-600-M6-066-00003 0.09104741364717484 5798.71 4172.03 5948.50 4197.56 5922.14 4352.17 5772.36 4326.64
26071-600-M6-066-00003 0.08222373574972153 4890.35 2187.50 4917.81 2174.98 4941.01 2225.89 4913.54 2238.41
26071-600-M6-066-00003 0.07585220783948898 5034.72 3680.17 5186.65 3697.61 5169.48 3847.16 5017.55 3829.72
26071-600-M6-066-00003 0.07380379736423492 2635.36 5169.81 2790.93 5179.99 2781.44 5324.94 2625.87 5314.76
26071-600-M6-066-00003 0.07361222803592682 5035.88 2264.79 5184.31 2281.65 5167.33 2431.16 5018.90 2414.31
26071-600-M6-066-00003 0.06957526504993439 5048.74 2490.47 5187.87 2528.49 5147.36 2676.76 5008.22 2638.74
26071-600-M6-066-00003 0.06807401776313782 5041.05 2974.51 5190.92 3001.77 5164.59 3146.52 5014.73 3119.26
26071-600-M6-066-00003 0.06754903495311737 3607.32 5046.08 3750.62 5077.67 3719.39 5219.37 3576.08 5187.77
26071-600-M6-066-00003 0.06677589565515518 2507.95 1327.74 2649.56 1363.56 2611.93 1512.35 2470.32 1476.53
26071-600-M6-066-00003 0.06458032131195068 3805.23 2172.08 3851.63 2211.50 3828.61 2238.60 3782.21 2199.17
26071-600-M6-066-00003 0.0573732890188694 3003.80 1339.44 3165.30 1351.92 3153.64 1502.70 2992.14 1490.22
26071-600-M6-066-00003 0.0524909645318985 7635.12 1178.45 8105.05 1208.04 8101.37 1266.46 7631.44 1236.87
26071-600-M6-066-00003 0.050256215035915375 1451.44 4869.51 1593.15 4868.66 1593.43 4915.98 1451.72 4916.82
26071-750-M6-085-00309 0.08899739384651184 6786.78 1285.49 6931.83 1305.84 6910.83 1455.56 6765.77 1435.22
26071-750-M6-085-00309 0.08662395179271698 6478.21 1296.60 6629.80 1296.19 6630.20 1444.33 6478.61 1444.74
26071-750-M6-085-00309 0.08459869027137756 7258.39 1285.76 7401.30 1301.14 7384.95 1453.09 7242.03 1437.71
26071-750-M6-085-00309 0.07557003200054169 6717.53 3857.67 6861.81 3887.08 6833.01 4028.37 6688.73 3998.96
26071-750-M6-085-00309 0.07015254348516464 5126.03 2425.01 5812.77 2408.77 5815.15 2509.33 5128.41 2525.57
26071-750-M6-085-00309 0.05832894146442413 2950.46 2394.91 3575.44 2394.23 3575.60 2540.01 2950.61 2540.69
26071-750-M6-085-00309 0.057776033878326416 4275.85 2442.09 4902.40 2410.57 4907.83 2518.40 4281.27 2549.92
