26071-200-M6-052-00001 0.05671744421124458 5801.75 2470.49 6086.42 2485.58 6081.26 2582.80 5796.59 2567.71
26071-200-M6-052-00001 0.05070522800087929 2371.94 3372.19 2557.75 3366.10 2564.60 3574.83 2378.79 3580.92
26071-500-M6-059-00017 0.1374931037425995 5797.01 3736.13 6248.91 3739.57 6247.40 3936.74 5795.51 3933.29
26071-500-M6-059-00017 0.13706065714359283 1805.46 3733.94 2253.26 3741.96 2249.80 3935.35 1801.99 3927.32
26071-500-M6-059-00017 0.10724761337041855 3803.98 3733.04 4262.66 3737.23 4260.87 3933.45 3802.18 3929.25
26071-600-M6-066-00012 0.05299114063382149 5387.26 1304.82 5489.70 1304.70 5490.25 1818.44 5387.81 1818.55
26071-200-M6-052-00539 0.06014071777462959 3199.91 5381.24 3388.13 5390.06 3378.77 5589.71 3190.55 5580.88
26071-500-M6-059-00248 0.05539799481630325 4430.87 4421.22 4612.38 4425.81 4606.70 4650.36 4425.20 4645.77
26071-700-M6-054-00246 0.09074021130800247 4300.00 3237.12 4783.22 3246.50 4781.23 3349.06 4298.01 3339.68
26071-700-M6-054-00246 0.06928896903991699 4313.53 3028.37 4880.79 3063.52 4867.00 3286.17 4299.73 3251.02
26071-300-M6-053-00309 0.1602534055709839 5481.09 4672.14 5652.86 4697.24 5627.09 4873.61 5455.32 4848.51
26071-300-M6-053-00309 0.14420254528522491 3345.88 3141.73 3490.31 2998.96 3720.21 3231.53 3575.78 3374.30
26071-300-M6-053-00309 0.12691058218479156 3358.56 5183.22 3549.71 5165.11 3572.90 5409.90 3381.75 5428.01
26071-300-M6-053-00309 0.05769047141075134 3536.11 5236.97 3891.92 5240.31 3890.26 5416.57 3534.45 5413.23
26071-450-M6-082-00009 0.10952672362327576 3669.38 4495.21 3854.99 4502.49 3844.88 4759.85 3659.28 4752.56
26071-450-M6-082-00009 0.06467317044734955 2432.08 2557.29 3014.79 2489.23 3038.64 2693.40 2455.93 2761.47
26071-450-M6-082-00009 0.05453193932771683 3654.95 5148.77 3840.08 5146.67 3843.40 5440.22 3658.27 5442.31
26071-200-M6-052-00552 0.05154323950409889 3798.34 2401.71 4254.58 2471.18 4216.17 2723.41 3759.93 2653.95
26071-750-M6-085-00007 0.07331382483243942 4987.11 3259.80 5488.77 3281.30 5484.59 3378.96 4982.92 3357.46
26071-203-M6-337-00031 0.23114484548568726 4715.06 2374.56 5051.04 2365.44 5055.59 2533.11 4719.62 2542.23
26071-203-M6-337-00031 0.22006115317344666 4695.05 1629.95 5051.71 1604.08 5064.64 1782.39 4707.98 1808.26
26071-203-M6-337-00031 0.21995145082473755 4715.33 1271.41 5064.70 1264.24 5068.15 1432.14 4718.77 1439.31
26071-203-M6-337-00031 0.21616776287555695 4700.97 3122.84 5043.19 3118.63 5045.29 3288.90 4703.07 3293.12
26071-203-M6-337-00031 0.21485477685928345 4711.78 1981.65 5065.20 1982.35 5064.86 2154.26 4711.44 2153.55
26071-203-M6-337-00031 0.1997934728860855 4708.55 2768.20 5071.20 2763.88 5073.26 2936.82 4710.61 2941.15
26071-203-M6-337-00031 0.1664533019065857 5351.98 711.88 5662.37 689.90 5669.89 795.99 5359.49 817.98
26071-203-M6-337-00031 0.13468165695667267 5576.15 1771.42 5767.77 1719.45 5822.02 1919.47 5630.40 1971.44
26071-203-M6-337-00031 0.12363754957914352 5614.61 1095.43 5799.36 1121.09 5774.23 1301.98 5589.49 1276.32
26071-203-M6-337-00031 0.12325645983219147 5599.16 2104.27 5794.81 2092.71 5805.12 2267.26 5609.47 2278.82
26071-203-M6-337-00031 0.11662839353084564 5612.51 1407.58 5805.75 1415.03 5798.74 1596.84 5605.51 1589.39
26071-203-M6-337-00031 0.11388731747865677 2724.63 2232.37 2916.23 2233.31 2914.83 2521.53 2723.23 2520.59
26071-203-M6-337-00031 0.11171507090330124 5598.34 2529.76 5783.29 2511.65 5800.45 2686.87 5615.51 2704.98
26071-203-M6-337-00031 0.11001468449831009 5619.09 2875.67 5790.95 2889.70 5776.68 3064.44 5604.83 3050.42
26071-203-M6-337-00031 0.10118987411260605 2734.28 1869.48 2930.61 1876.67 2919.87 2170.19 2723.53 2163.00
26071-203-M6-337-00031 0.08966043591499329 6413.99 1154.92 6583.68 1159.70 6577.81 1368.10 6408.12 1363.32
26071-203-M6-337-00031 0.08151332288980484 6406.80 529.29 6587.57 526.80 6590.72 755.11 6409.94 757.60
26071-203-M6-337-00031 0.07463544607162476 4856.31 2857.42 5169.28 3118.74 5062.30 3246.87 4749.33 2985.55
26071-203-M6-337-00031 0.07388286292552948 3525.43 1652.83 3717.30 1618.18 3756.15 1833.27 3564.28 1867.92
26071-203-M6-337-00031 0.07368160784244537 4846.87 2093.34 5145.99 2381.87 5039.97 2491.79 4740.85 2203.26
26071-203-M6-337-00031 0.06403310596942902 3532.48 1287.43 3725.24 1268.00 3746.50 1478.97 3553.74 1498.39
26071-203-M6-337-00031 0.06385482102632523 4776.80 1746.22 5224.90 1812.52 5202.46 1964.19 4754.36 1897.89
26071-203-M6-337-00031 0.06139758601784706 2208.67 2491.26 2386.36 2509.21 2364.06 2729.92 2186.37 2711.97
26071-203-M6-337-00031 0.05802987143397331 4813.90 2671.55 5301.63 2631.64 5312.59 2765.61 4824.86 2805.52
26071-203-M6-337-00031 0.057564251124858856 3659.85 586.32 4041.66 565.46 4054.36 797.91 3672.55 818.77
26071-203-M6-337-00031 0.053072523325681686 4947.59 1387.59 5070.81 1335.40 5275.31 1818.25 5152.09 1870.44
26071-203-M6-337-00031 0.051919423043727875 5364.40 565.61 5854.92 618.41 5840.31 754.14 5349.79 701.34
26071-203-M6-332-00001 0.08106271922588348 4609.95 3080.16 4704.25 3018.57 4872.99 3276.91 4778.69 3338.50
26071-203-M6-332-00001 0.07738504558801651 3376.40 3091.05 3474.38 3025.97 3634.71 3267.36 3536.73 3332.44
26071-203-M6-332-00001 0.07657837867736816 5476.94 3087.81 5578.57 3023.32 5732.99 3266.69 5631.35 3331.18
26071-203-M6-332-00001 0.07422813773155212 3809.46 3082.34 3916.35 3026.47 4044.07 3270.81 3937.18 3326.69
26071-203-M6-332-00001 0.07420173287391663 5029.90 3047.45 5146.21 2997.41 5269.58 3284.19 5153.27 3334.23
26071-203-M6-332-00001 0.07373242825269699 5907.73 3083.01 6014.19 3027.51 6140.68 3270.15 6034.22 3325.64
26071-203-M6-332-00001 0.07330843806266785 4187.66 3054.55 4294.18 2999.51 4438.17 3278.21 4331.65 3333.25
26071-203-M6-332-00001 0.07051951438188553 2984.69 3084.63 3106.11 3033.39 3207.47 3273.54 3086.06 3324.79
26071-203-M6-332-00001 0.059310998767614365 5162.07 3066.16 5308.32 3024.44 5385.27 3294.17 5239.01 3335.89
26071-203-M6-332-00001 0.05309050902724266 3999.82 3027.33 4135.81 2982.02 4251.02 3327.75 4115.03 3373.06
26071-203-M6-332-00001 0.051621075719594955 3535.62 3039.08 3674.38 3006.12 3752.98 3337.03 3614.22 3369.99
26071-200-M6-052-00150 0.16464921832084656 3433.06 1867.23 3811.06 1876.81 3805.14 2110.11 3427.15 2100.53
26071-200-M6-052-00150 0.09805607795715332 3570.99 2983.40 3788.06 3009.15 3759.96 3246.03 3542.89 3220.28
26071-200-M6-052-00003 0.053155697882175446 4159.30 4743.38 4372.11 4695.05 4452.26 5047.92 4239.45 5096.26
26071-700-M6-054-00036 0.06274225562810898 4688.60 1356.79 4783.20 1358.22 4775.89 1842.02 4681.29 1840.59
26071-500-M6-059-00071 0.08098974078893661 1408.35 2396.50 1532.46 2343.27 1625.99 2561.35 1501.88 2614.57
26071-500-M6-059-00071 0.07066066563129425 1372.65 6198.29 1465.31 6135.96 1609.92 6350.95 1517.27 6413.27
26071-500-M6-059-00071 0.0564931184053421 1354.41 5612.24 1480.04 5653.76 1439.95 5775.03 1314.33 5733.51
26071-500-M6-059-00116 0.058511313050985336 6802.78 5174.46 6907.50 5183.93 6895.72 5314.22 6791.00 5304.75
26071-500-M6-059-00116 0.055167440325021744 5894.11 5573.47 6087.92 5548.23 6116.69 5769.08 5922.87 5794.32
26071-600-M6-065-00037 0.06260735541582108 1829.01 4536.48 1986.16 4509.40 2036.24 4799.95 1879.09 4827.03
26071-600-M6-065-00037 0.06038451939821243 5146.09 4563.51 5309.64 4540.14 5348.09 4809.29 5184.53 4832.65
26071-300-M6-053-00010 0.0749458521604538 6121.53 2593.15 6408.97 2604.01 6405.32 2700.57 6117.88 2689.71
26071-203-M6-320-00042 0.05854290351271629 3202.53 2864.12 3294.86 2881.83 3277.86 2970.50 3185.52 2952.79
26071-203-M6-160-00291 0.14152346551418304 3023.77 2213.69 3349.65 2260.01 3333.67 2372.44 3007.79 2326.12
26071-203-M6-060-00006 0.13483281433582306 3269.05 4200.11 3740.97 4205.33 3738.67 4413.56 3266.75 4408.35
26071-203-M6-060-00006 0.11670510470867157 2767.99 4196.95 3164.19 4233.46 3146.88 4421.27 2750.69 4384.76
26071-203-M6-060-00006 0.09879857301712036 5919.43 4096.86 6399.86 4078.50 6406.34 4248.12 5925.92 4266.49
26071-300-M6-053-00012 0.08096730709075928 4208.37 3536.16 4439.34 3520.38 4468.27 3943.81 4237.30 3959.59
26071-675-M6-068-00034 0.10001277178525925 2655.24 4857.28 3115.13 4839.26 3122.72 5033.05 2662.83 5051.07
26071-675-M6-068-00034 0.09940604120492935 3424.47 4856.70 3876.65 4820.37 3892.29 5015.10 3440.12 5051.42
26071-450-M6-082-00031 0.05829327926039696 5035.24 6087.71 5119.23 6078.44 5129.66 6172.97 5045.66 6182.23
26071-200-M6-062-00276 0.06509194523096085 6007.52 4118.55 6108.23 4118.10 6109.75 4456.68 6009.04 4457.13
26071-200-M6-062-00276 0.052971020340919495 6463.15 4116.66 6561.83 4120.93 6547.44 4453.66 6448.76 4449.39
26071-500-M6-059-00011 0.08292505890130997 3599.91 3584.06 4110.71 3594.97 4108.80 3684.25 3598.01 3673.34
26071-600-M6-065-00021 0.19265402853488922 2209.88 1465.11 2535.64 1465.17 2535.62 1574.08 2209.86 1574.02
26071-600-M6-065-00021 0.056395724415779114 2190.68 1494.73 2502.97 1643.17 2441.23 1773.08 2128.93 1624.64
26071-500-M6-059-00013 0.09668678045272827 2878.58 4893.75 3316.12 4882.81 3321.90 5114.19 2884.36 5125.13
26071-500-M6-059-00013 0.06125950440764427 5355.28 1718.95 5563.80 1788.20 5523.79 1908.66 5315.28 1839.40
26071-500-M6-059-00044 0.11857439577579498 1252.52 3631.79 1330.09 3593.34 1367.07 3667.96 1289.49 3706.40
26071-500-M6-059-00044 0.060354381799697876 2840.72 1957.11 2925.38 2018.35 2866.43 2099.84 2781.78 2038.60
26071-500-M6-059-00044 0.055695243179798126 1048.46 3635.66 1118.38 3579.79 1183.10 3660.77 1113.18 3716.65
26071-200-M6-052-00093 0.07040425390005112 3887.89 2233.40 4075.29 2230.67 4078.54 2453.38 3891.13 2456.12
26071-200-M6-052-00093 0.06898736208677292 3875.36 1467.96 4067.41 1456.66 4080.61 1681.18 3888.57 1692.48
26071-200-M6-052-00093 0.062163446098566055 3875.53 3828.60 4074.45 3819.26 4084.97 4043.24 3886.04 4052.58
26071-200-M6-052-00093 0.06011919304728508 3884.33 4482.25 4082.41 4483.19 4081.37 4704.46 3883.29 4703.52
26071-200-M6-052-00002 0.06287113577127457 2830.46 3129.55 3021.63 3081.72 3079.25 3312.05 2888.09 3359.88
26071-200-M6-052-00002 0.054219670593738556 6157.37 1892.24 6436.06 1888.78 6437.24 1983.39 6158.54 1986.85
26071-675-M6-068-10002 0.051084838807582855 3724.69 1586.02 4215.31 1586.27 4215.22 1755.54 3724.60 1755.29
26071-750-M6-085-00012 0.08850015699863434 7217.38 4269.26 7683.47 4230.68 7700.82 4440.35 7234.74 4478.93
26071-750-M6-085-00012 0.08650083094835281 1627.26 2036.01 1804.73 2064.32 1775.29 2248.87 1597.82 2220.56
26071-750-M6-085-00012 0.08444157242774963 5058.20 4261.19 5491.16 4244.33 5499.02 4446.22 5066.07 4463.09
26071-750-M6-085-00012 0.08248118311166763 772.39 2114.34 877.72 2208.04 785.23 2312.01 679.90 2218.31
26071-750-M6-085-00012 0.08189734071493149 2342.42 4252.91 2809.32 4269.33 2802.76 4455.84 2335.86 4439.42
26071-750-M6-085-00012 0.06977786868810654 1041.90 2127.13 1219.54 2073.34 1300.59 2341.02 1122.95 2394.81
26071-750-M6-085-00012 0.06182276830077171 3082.76 4260.29 3568.95 4259.04 3569.45 4455.41 3083.27 4456.66
26071-750-M6-085-00012 0.06071329861879349 2695.68 3715.81 2863.22 3634.36 3009.59 3935.42 2842.05 4016.88
26071-200-M6-052-00544 0.06957708299160004 2954.70 3918.27 3043.01 3923.43 3035.72 4048.43 2947.40 4043.28
26071-750-M6-085-00309 0.18641246855258942 2959.89 3609.55 3132.51 3621.78 3119.91 3799.68 2947.29 3787.45
26071-750-M6-085-00309 0.08758127689361572 3047.65 4380.37 3536.00 4373.25 3537.44 4472.00 3049.09 4479.11
26071-750-M6-085-00309 0.06934212148189545 2946.43 3746.89 3181.94 3797.24 3152.97 3932.75 2917.46 3882.40
