26071-200-M6-052-00001 0.052776772528886795 7736.83 1504.91 8274.46 1504.31 8274.51 1550.79 7736.88 1551.39
26071-200-M6-052-00001 0.05206168070435524 6293.95 2149.59 6386.28 2150.40 6385.86 2197.71 6293.54 2196.90
26071-500-M6-059-00017 0.08930014073848724 5056.13 4805.44 5104.01 4806.35 5102.24 4898.93 5054.36 4898.01
26071-500-M6-059-00017 0.0773962214589119 7065.80 4804.68 7113.34 4807.32 7108.14 4901.01 7060.59 4898.36
26071-500-M6-059-00017 0.0704546719789505 3047.66 4805.75 3095.28 4806.29 3094.24 4898.97 3046.62 4898.43
26071-500-M6-059-00017 0.062074288725852966 355.13 842.57 894.11 842.19 894.15 902.09 355.17 902.47
26071-500-M6-059-00017 0.06056521460413933 7009.22 4298.21 7042.49 4297.47 7045.11 4415.65 7011.85 4416.38
26071-600-M6-066-00012 0.056157857179641724 5172.12 5812.27 5219.42 5812.04 5219.86 5904.28 5172.56 5904.51
26071-600-M6-066-00012 0.051121026277542114 5197.16 5585.16 5315.93 5579.82 5317.41 5612.66 5198.64 5618.00
26071-200-M6-052-00539 0.18747760355472565 3543.36 1635.31 3662.46 1637.37 3661.89 1670.53 3542.79 1668.47
26071-200-M6-052-00539 0.06569541990756989 6621.12 6188.28 6653.93 6188.42 6653.40 6308.06 6620.60 6307.92
26071-200-M6-052-00539 0.0652608722448349 6196.87 6188.84 6229.77 6189.49 6227.42 6309.04 6194.51 6308.40
26071-200-M6-052-00539 0.06320050358772278 2806.92 1345.34 2839.56 1345.73 2838.13 1466.35 2805.49 1465.96
26071-200-M6-052-00539 0.054407067596912384 230.79 3914.95 775.41 3912.08 775.74 3974.85 231.12 3977.72
26071-500-M6-059-00248 0.07368477433919907 2574.15 3766.62 2621.33 3766.96 2620.66 3859.99 2573.48 3859.65
26071-500-M6-059-00248 0.06335451453924179 2833.77 6283.62 2925.97 6282.11 2926.74 6329.08 2834.54 6330.59
26071-700-M6-054-00246 0.10442300140857697 2988.25 2007.28 3036.12 2007.67 3035.36 2099.43 2987.49 2099.03
26071-700-M6-054-00246 0.050787460058927536 4534.02 4940.83 4578.99 4937.04 4586.36 5024.30 4541.39 5028.10
26071-500-M6-059-00040 0.22365620732307434 6004.78 3826.06 6038.55 3825.17 6041.70 3945.17 6007.94 3946.06
26071-500-M6-059-00040 0.057317543774843216 3584.46 2823.96 3610.06 2801.08 3669.18 2867.23 3643.58 2890.11
26071-550-M6-084-00248 0.05365052819252014 2575.22 3293.66 2622.62 3294.36 2621.24 3387.67 2573.85 3386.97
26071-200-M6-052-00080 0.18536503612995148 6781.00 1505.63 6897.48 1508.18 6896.75 1541.73 6780.27 1539.18
26071-200-M6-052-00080 0.1722429245710373 3356.59 1505.47 3472.60 1507.96 3471.88 1541.91 3355.86 1539.42
26071-200-M6-052-00080 0.11170874536037445 6497.41 3243.19 6618.62 3242.82 6618.73 3275.60 6497.51 3275.97
26071-200-M6-052-00080 0.10688115656375885 6315.54 2796.85 6349.40 2797.37 6347.48 2921.20 6313.63 2920.67
26071-200-M6-052-00080 0.10229820758104324 7032.15 2428.82 7150.46 2428.97 7150.42 2461.18 7032.11 2461.03
26071-200-M6-052-00080 0.09903859347105026 3603.33 2428.44 3722.77 2429.75 3722.41 2462.35 3602.97 2461.04
26071-200-M6-052-00080 0.08755410462617874 3071.40 3242.65 3192.18 3243.52 3191.95 3276.56 3071.16 3275.70
26071-200-M6-052-00080 0.08439608663320541 2180.33 5478.83 2213.73 5479.73 2210.48 5600.47 2177.07 5599.57
26071-200-M6-052-00080 0.08080184459686279 3604.32 2617.93 3723.36 2619.63 3722.90 2652.12 3603.85 2650.43
26071-200-M6-052-00080 0.0773453414440155 1944.37 5478.78 1977.75 5479.76 1974.19 5600.31 1940.80 5599.32
26071-200-M6-052-00080 0.07522816956043243 7029.43 2620.79 7148.77 2616.40 7149.95 2648.61 7030.62 2653.00
26071-200-M6-052-00080 0.07263515144586563 6055.13 3128.10 6087.89 3128.49 6086.47 3248.28 6053.72 3247.90
26071-200-M6-052-00080 0.06709277629852295 3280.09 5181.33 3327.80 5178.51 3332.97 5266.04 3285.27 5268.86
26071-200-M6-052-00080 0.06582997739315033 7003.44 2208.39 7050.34 2208.05 7051.00 2300.31 7004.10 2300.64
26071-200-M6-052-00080 0.06279899924993515 5157.35 5242.06 5190.64 5243.24 5186.36 5364.23 5153.07 5363.05
26071-200-M6-052-00080 0.062179084867239 2391.74 5241.47 2424.72 5241.22 2425.64 5363.05 2392.66 5363.30
26071-200-M6-052-00080 0.06201277673244476 2629.65 3128.90 2662.30 3129.39 2660.51 3249.41 2627.86 3248.92
26071-200-M6-052-00080 0.06114066764712334 3580.00 2207.47 3626.75 2210.09 3621.53 2303.27 3574.78 2300.65
26071-200-M6-052-00080 0.058610979467630386 2887.02 2797.80 2920.18 2796.48 2925.09 2919.88 2891.93 2921.20
26071-200-M6-052-00080 0.05390618368983269 5629.98 5242.01 5663.27 5243.21 5658.89 5364.27 5625.60 5363.07
26071-200-M6-052-00080 0.05320923402905464 3278.99 4133.36 3326.63 4129.58 3334.16 4224.40 3286.53 4228.18
26071-200-M6-052-00080 0.05120218172669411 1922.05 5241.67 1955.20 5243.48 1948.57 5364.77 1915.42 5362.96
26071-450-M6-082-00009 0.05798928812146187 3607.83 3585.10 3640.67 3584.33 3643.54 3707.00 3610.70 3707.77
26071-750-M6-085-00007 0.054107751697301865 7001.64 2407.52 7049.07 2406.77 7050.54 2500.16 7003.10 2500.90
26071-203-M6-332-00001 0.05313747748732567 1933.14 5670.15 1964.24 5670.21 1964.00 5787.91 1932.90 5787.85
26071-203-M6-079-00001 0.07879702746868134 3402.47 5168.80 3519.21 5167.92 3519.46 5201.00 3402.72 5201.89
26071-200-M6-052-00150 0.05157982558012009 1519.58 1227.71 1552.50 1228.16 1550.88 1347.53 1517.96 1347.09
26071-200-M6-052-00150 0.05021728575229645 7614.30 4769.75 7647.61 4770.99 7643.11 4891.89 7609.80 4890.65
26071-200-M6-052-00003 0.05424967780709267 6094.57 2314.41 6188.16 2314.27 6188.23 2362.18 6094.64 2362.31
26071-700-M6-054-00013 0.10765592008829117 3882.45 3469.67 3915.64 3470.48 3912.64 3592.55 3879.46 3591.73
26071-700-M6-054-00013 0.10061590373516083 3882.24 1579.71 3915.26 1580.41 3912.70 1701.20 3879.67 1700.50
26071-700-M6-054-00013 0.09686765819787979 4068.56 3472.35 4101.56 3471.94 4103.03 3592.45 4070.03 3592.85
26071-700-M6-054-00013 0.08437034487724304 3266.71 1580.15 3300.01 1580.63 3298.27 1702.09 3264.98 1701.61
26071-700-M6-054-00013 0.08326048403978348 3880.09 2172.35 3913.53 2172.12 3914.33 2291.70 3880.88 2291.93
26071-700-M6-054-00013 0.08293508738279343 3880.17 5949.76 3913.72 5949.65 3914.11 6071.49 3880.57 6071.60
26071-700-M6-054-00013 0.07448253780603409 3265.78 3471.51 3298.68 3471.32 3299.37 3592.40 3266.47 3592.58
26071-700-M6-054-00013 0.06759962439537048 4067.82 5952.04 4100.80 5951.24 4103.75 6072.09 4070.77 6072.89
26071-700-M6-054-00013 0.06667521595954895 4068.05 1582.68 4100.73 1581.75 4104.18 1702.47 4071.50 1703.40
26071-700-M6-054-00013 0.06263655424118042 3267.20 2171.11 3300.40 2171.92 3297.40 2294.59 3264.20 2293.78
26071-700-M6-054-00013 0.05878576263785362 3878.81 4062.28 3911.85 4061.23 3915.71 4182.26 3882.66 4183.31
26071-700-M6-054-00013 0.05844578891992569 4070.52 2170.82 4103.63 2171.52 4101.05 2293.38 4067.94 2292.68
26071-700-M6-054-00013 0.052549585700035095 3880.32 5359.65 3913.65 5359.75 3913.25 5481.42 3879.92 5481.31
26071-700-M6-054-00013 0.0512726716697216 3266.01 5949.81 3299.23 5949.88 3298.97 6072.69 3265.75 6072.62
26071-700-M6-054-00036 0.07520778477191925 6300.26 5786.82 6332.93 5786.06 6335.65 5904.53 6302.98 5905.28
26071-700-M6-054-00036 0.05765383318066597 4049.88 3780.72 4097.87 3781.09 4097.16 3874.08 4049.17 3873.71
26071-500-M6-059-00071 0.08956874161958694 7606.13 3962.36 8148.89 3961.78 8148.96 4022.03 7606.19 4022.61
26071-500-M6-059-00071 0.05181672424077988 3955.47 3353.20 4002.63 3352.38 4004.24 3445.18 3957.09 3446.00
26071-203-M6-320-00008 0.05501256510615349 5171.80 3954.53 5205.02 3953.92 5207.25 4074.87 5174.03 4075.48
26071-200-M6-052-00090 0.1790415346622467 6799.41 1285.79 6833.48 1287.51 6827.37 1408.41 6793.31 1406.69
26071-200-M6-052-00090 0.15868926048278809 6267.73 2535.27 6385.20 2535.10 6385.25 2567.28 6267.78 2567.45
26071-200-M6-052-00090 0.10755907744169235 3159.83 2117.75 3208.30 2113.44 3216.00 2200.21 3167.53 2204.52
26071-200-M6-052-00090 0.09927849471569061 6235.36 2221.97 6282.17 2220.43 6285.21 2312.83 6238.40 2314.37
26071-200-M6-052-00090 0.0992751494050026 3191.07 2240.10 3310.46 2239.44 3310.64 2272.02 3191.25 2272.68
26071-200-M6-052-00090 0.09587547183036804 3192.16 2428.86 3309.86 2428.91 3309.85 2460.77 3192.15 2460.71
26071-200-M6-052-00090 0.09450199455022812 1388.03 1345.75 1421.47 1346.05 1420.39 1464.88 1386.94 1464.57
26071-200-M6-052-00090 0.09439940750598907 2509.95 2480.08 2543.43 2480.26 2542.79 2599.63 2509.32 2599.46
26071-200-M6-052-00090 0.08132068067789078 6260.46 2344.16 6380.00 2346.25 6379.43 2379.11 6259.88 2377.01
26071-200-M6-052-00090 0.07672366499900818 2834.19 4033.56 2955.48 4033.93 2955.38 4067.15 2834.09 4066.78
26071-200-M6-052-00090 0.07176167517900467 5845.69 4033.92 5966.90 4033.64 5966.98 4066.79 5845.77 4067.08
26071-200-M6-052-00090 0.06742725521326065 5533.75 2384.77 5566.77 2384.48 5567.81 2504.08 5534.79 2504.37
26071-200-M6-052-00090 0.06604989618062973 3030.15 3695.83 3062.45 3695.19 3064.86 3815.91 3032.57 3816.56
26071-200-M6-052-00090 0.06132158264517784 3004.57 4035.27 3046.06 4036.56 3043.27 4126.24 3001.78 4124.95
26071-200-M6-052-00090 0.05877029150724411 5822.95 4181.92 5869.87 4182.86 5868.03 4275.34 5821.11 4274.41
26071-200-M6-052-00090 0.05630826577544212 1915.09 1348.03 2006.50 1343.60 2008.78 1390.72 1917.37 1395.15
26071-200-M6-052-00090 0.05521363765001297 2813.21 4182.56 2859.98 4184.34 2856.47 4276.90 2809.70 4275.12
26071-200-M6-052-00090 0.05251174047589302 2252.26 2833.09 2284.87 2833.87 2282.02 2953.46 2249.41 2952.68
26071-200-M6-052-00090 0.05149945989251137 3165.89 3870.70 3212.39 3870.89 3212.00 3966.86 3165.50 3966.67
26071-200-M6-052-00090 0.05089588835835457 6040.60 3697.08 6073.68 3696.09 6077.29 3816.63 6044.22 3817.62
26071-600-M6-065-00037 0.0699763223528862 5251.60 2702.72 5284.84 2703.22 5283.01 2824.55 5249.77 2824.05
26071-600-M6-065-00037 0.05558532476425171 2596.79 1896.34 2718.26 1897.30 2718.00 1929.84 2596.53 1928.88
26071-600-M6-065-00037 0.05361555889248848 7659.69 2583.85 7692.53 2583.93 7692.25 2705.60 7659.41 2705.52
26071-600-M6-065-00037 0.050192978233098984 5905.93 2391.19 6025.13 2393.63 6024.46 2426.09 5905.27 2423.64
26071-203-M6-320-00042 0.07930181920528412 5684.75 2123.05 5717.83 2123.71 5715.40 2245.56 5682.33 2244.90
26071-203-M6-160-00291 0.05418601632118225 6767.38 2923.68 6814.44 2924.04 6813.72 3019.85 6766.67 3019.50
26071-600-M6-066-00002 0.05047273263335228 7030.69 2030.72 7121.81 2028.89 7122.77 2076.35 7031.64 2078.19
26071-300-M6-053-00008 0.05862570181488991 6570.88 5813.89 6667.44 5814.69 6667.08 5858.97 6570.52 5858.17
26071-200-M6-063-00010 0.05581711232662201 356.10 3555.88 895.63 3558.83 895.29 3622.11 355.75 3619.16
26071-203-M6-325-00013 0.09948277473449707 3598.49 4883.02 3631.33 4883.27 3630.43 5004.30 3597.58 5004.06
26071-203-M6-325-00013 0.09894904494285583 3298.84 4882.69 3331.40 4883.08 3329.95 5002.70 3297.39 5002.31
26071-203-M6-325-00013 0.06262607127428055 5497.95 1796.02 5530.86 1795.62 5532.34 1916.89 5499.43 1917.29
26071-203-M6-325-00013 0.05806109309196472 4665.08 5369.38 4697.97 5370.14 4695.33 5484.27 4662.44 5483.51
26071-300-M6-053-00012 0.05809486284852028 6887.16 2801.46 6931.37 2802.01 6930.15 2900.84 6885.94 2900.30
26071-300-M6-053-00012 0.0505019910633564 5934.12 1050.45 5967.45 1049.33 5971.50 1169.60 5938.18 1170.72
26071-675-M6-068-00034 0.07240138947963715 5506.02 2243.13 5538.72 2244.60 5533.22 2366.57 5500.52 2365.10
26071-450-M6-082-00031 0.08672629296779633 3260.64 4924.57 3308.05 4926.18 3304.94 5018.04 3257.52 5016.43
26071-450-M6-082-00031 0.07011841237545013 2221.41 1917.22 2268.39 1918.35 2266.14 2011.87 2219.17 2010.74
26071-450-M6-082-00031 0.05699530988931656 2759.93 5949.30 2793.28 5949.94 2790.96 6070.63 2757.61 6069.99
26071-200-M6-062-00276 0.06421808898448944 1400.26 2055.13 1433.24 2055.24 1432.83 2176.20 1399.85 2176.09
26071-500-M6-059-00011 0.10940690338611603 7310.87 3129.84 7358.70 3129.87 7358.65 3219.27 7310.82 3219.24
26071-500-M6-059-00011 0.05512171611189842 6454.26 2467.57 6487.18 2466.93 6489.49 2586.21 6456.58 2586.85
26071-600-M6-065-00021 0.08919205516576767 2100.30 2210.88 2147.43 2210.07 2149.04 2303.54 2101.91 2304.35
26071-600-M6-065-00021 0.06354575604200363 3280.98 5069.23 3328.50 5067.42 3331.95 5158.66 3284.44 5160.46
26071-600-M6-065-00021 0.06182855740189552 2630.93 1002.43 2679.15 1001.40 2681.12 1093.89 2632.89 1094.91
26071-600-M6-065-00021 0.05937279388308525 3885.63 5516.77 3932.19 5517.03 3931.65 5611.07 3885.09 5610.80
26071-600-M6-065-00021 0.05378557741641998 1648.47 1348.52 1694.69 1342.86 1706.00 1435.21 1659.78 1440.87
26071-600-M6-065-00021 0.05318471044301987 6282.92 4255.45 6328.97 4254.28 6331.11 4338.85 6285.06 4340.01
26071-500-M6-059-00013 0.2750959098339081 6243.12 2998.33 6276.02 2998.56 6275.17 3119.81 6242.27 3119.57
26071-500-M6-059-00044 0.07940667867660522 7039.04 955.19 7086.29 955.48 7085.71 1048.95 7038.46 1048.65
26071-200-M6-052-00093 0.06830241531133652 5078.04 5734.50 5198.72 5735.41 5198.47 5768.70 5077.79 5767.80
26071-200-M6-052-00093 0.0662536770105362 3006.34 4770.01 3039.63 4770.36 3038.39 4890.91 3005.10 4890.57
26071-200-M6-052-00093 0.05057508498430252 4883.46 5007.49 4916.53 5006.88 4918.70 5124.94 4885.62 5125.55
26071-200-M6-052-00002 0.06037033721804619 5392.71 5477.57 5425.65 5477.54 5425.77 5599.77 5392.82 5599.80
26071-200-M6-052-00002 0.05006519332528114 6612.99 1605.92 6705.05 1606.28 6704.86 1653.33 6612.81 1652.96
26071-750-M6-085-00012 0.09167411923408508 3165.02 2364.50 3212.02 2366.33 3208.41 2459.06 3161.42 2457.23
26071-750-M6-085-00012 0.06011539325118065 6060.27 2215.40 6107.75 2217.31 6104.01 2309.97 6056.53 2308.05
26071-750-M6-085-00012 0.05914273113012314 7120.67 1346.63 7168.47 1346.33 7169.05 1438.64 7121.24 1438.94
26071-750-M6-085-00012 0.05624793842434883 3874.80 2215.84 3921.97 2215.94 3921.78 2309.10 3874.61 2309.00
26071-600-M6-065-00259 0.11642078310251236 1038.18 2796.38 1085.91 2796.85 1085.01 2888.19 1037.28 2887.72
26071-600-M6-065-00259 0.061440154910087585 8009.76 4525.44 8056.85 4526.48 8054.76 4620.55 8007.67 4619.51
26071-600-M6-065-00259 0.05140495300292969 7656.69 4526.68 7704.43 4529.36 7699.26 4621.64 7651.52 4618.96
