26071-200-M6-052-00001 0.13936440646648407 3804.03 3094.99 3963.26 3097.17 3961.33 3237.78 3802.11 3235.60
26071-200-M6-052-00001 0.11524933576583862 3507.89 4319.59 3544.61 4315.43 3553.00 4389.55 3516.29 4393.71
26071-200-M6-052-00001 0.08374470472335815 2472.91 3377.72 3093.26 3333.69 3106.94 3526.35 2486.58 3570.38
26071-200-M6-052-00001 0.08008644729852676 4397.60 2479.34 4488.91 2482.92 4485.30 2575.23 4393.98 2571.65
26071-200-M6-052-00001 0.07121928781270981 4212.01 2330.18 4368.74 2335.31 4363.89 2483.37 4207.16 2478.24
26071-200-M6-052-00001 0.0655139610171318 4042.73 4199.07 4342.59 4246.52 4323.21 4368.99 4023.35 4321.53
26071-200-M6-052-00001 0.06441301107406616 4475.62 3124.26 4644.26 3132.16 4638.10 3263.62 4469.46 3255.72
26071-200-M6-052-00001 0.06045418977737427 3472.46 4310.78 3511.49 4309.17 3514.62 4385.27 3475.59 4386.87
26071-200-M6-052-00001 0.05827224254608154 4127.44 4737.79 4499.82 4778.12 4470.33 5050.42 4097.94 5010.09
26071-200-M6-052-00001 0.0558495856821537 3541.27 4822.57 3912.54 4783.60 3980.49 5430.96 3609.22 5469.93
26071-200-M6-052-00001 0.05151304230093956 2261.64 5820.79 2325.30 5819.51 2327.08 5908.76 2263.42 5910.03
26071-500-M6-059-00017 0.1462610512971878 3359.11 3456.13 3515.19 3468.79 3504.09 3605.55 3348.01 3592.89
26071-500-M6-059-00017 0.1163213774561882 3247.78 3970.49 4051.45 3925.42 4070.55 4265.85 3266.87 4310.92
26071-500-M6-059-00017 0.10808678716421127 6614.25 2216.74 6787.71 2213.57 6789.48 2310.29 6616.02 2313.47
26071-500-M6-059-00017 0.10643678903579712 2080.23 4054.88 2229.92 4062.32 2222.20 4217.60 2072.51 4210.15
26071-500-M6-059-00017 0.10163886845111847 4087.45 4049.93 4238.98 4060.72 4227.97 4215.26 4076.44 4204.46
26071-500-M6-059-00017 0.09430071711540222 1780.30 3764.64 2314.04 3741.05 2323.38 3952.50 1789.64 3976.09
26071-500-M6-059-00017 0.08814302086830139 4603.27 2218.53 4776.04 2211.76 4779.80 2307.59 4607.02 2314.36
26071-500-M6-059-00017 0.08598042279481888 5796.98 3742.21 6322.12 3730.04 6327.54 3964.11 5802.40 3976.27
26071-500-M6-059-00017 0.08518357574939728 3737.61 3754.60 4322.59 3729.85 4331.85 3948.65 3746.87 3973.40
26071-500-M6-059-00017 0.08191121369600296 3821.70 1914.00 3998.85 1910.48 4000.72 2004.32 3823.57 2007.85
26071-500-M6-059-00017 0.0804758369922638 1957.71 3925.13 2978.76 3898.41 2983.84 4092.70 1962.80 4119.43
26071-500-M6-059-00017 0.07595839351415634 5316.48 3948.72 6041.42 3905.85 6056.03 4152.83 5331.08 4195.71
26071-500-M6-059-00017 0.07573702186346054 6614.13 3728.30 6787.55 3731.90 6785.55 3828.37 6612.13 3824.77
26071-500-M6-059-00017 0.07560320198535919 2521.34 1914.65 2699.21 1910.32 2701.49 2004.21 2523.63 2008.54
26071-500-M6-059-00017 0.07280513644218445 5829.63 1911.14 6004.94 1908.82 6006.22 2005.16 5830.91 2007.49
26071-500-M6-059-00017 0.0714210569858551 386.58 3193.95 548.49 3202.48 540.04 3362.85 378.13 3354.32
26071-500-M6-059-00017 0.0695929303765297 5715.76 5924.84 5887.44 5926.72 5886.40 6021.89 5714.72 6020.02
26071-500-M6-059-00017 0.06709030270576477 5119.46 4763.56 5298.44 4750.37 5305.53 4846.46 5126.55 4859.66
26071-500-M6-059-00017 0.06607867032289505 7104.01 4479.63 7412.06 4483.34 7411.12 4561.12 7103.07 4557.41
26071-500-M6-059-00017 0.06589243561029434 4770.10 3727.42 4945.37 3730.49 4943.64 3829.12 4768.37 3826.05
26071-500-M6-059-00017 0.06577108800411224 5736.88 4632.49 5889.46 4630.70 5891.26 4783.79 5738.68 4785.57
26071-500-M6-059-00017 0.06457117944955826 4105.31 1911.24 4283.22 1908.65 4284.64 2006.29 4106.73 2008.88
26071-500-M6-059-00017 0.06341377645730972 3678.04 3212.60 3836.32 3212.43 3836.48 3365.64 3678.20 3365.81
26071-500-M6-059-00017 0.06266111135482788 5348.35 3457.58 5506.44 3449.39 5514.27 3600.58 5356.18 3608.77
26071-500-M6-059-00017 0.06231941282749176 3296.34 2851.64 4030.83 2713.26 4079.71 2972.72 3345.22 3111.10
26071-500-M6-059-00017 0.06003652140498161 5833.79 3229.64 5988.84 3198.92 6019.15 3351.96 5864.11 3382.68
26071-500-M6-059-00017 0.059544991701841354 7014.76 1916.53 7191.02 1906.22 7196.50 1999.85 7020.24 2010.16
26071-500-M6-059-00017 0.059458374977111816 4879.25 1911.54 5057.88 1908.45 5059.56 2005.12 4880.92 2008.22
26071-500-M6-059-00017 0.05508485436439514 3537.42 4143.19 3875.24 4133.20 3876.88 4188.81 3539.07 4198.81
26071-500-M6-059-00017 0.053548991680145264 7131.68 4755.20 7308.31 4759.28 7306.16 4852.49 7129.53 4848.41
26071-500-M6-059-00017 0.05268285796046257 6110.15 1913.03 6289.57 1910.82 6290.76 2007.08 6111.33 2009.30
26071-500-M6-059-00017 0.05184110999107361 5976.06 4832.33 6157.47 4839.44 6153.43 4942.72 5972.01 4935.61
26071-500-M6-059-00017 0.0513310544192791 3737.53 4638.07 3882.04 4633.60 3886.83 4788.61 3742.32 4793.08
26071-500-M6-059-00017 0.051327068358659744 5116.27 1762.19 5254.63 1768.84 5239.14 2091.12 5100.77 2084.47
26071-500-M6-059-00017 0.050963182002305984 1351.79 3434.37 1508.05 3463.71 1479.54 3615.57 1323.28 3586.22
26071-600-M6-066-00012 0.11612679809331894 7275.89 2714.87 7371.32 2715.86 7370.39 2805.69 7274.95 2804.69
26071-600-M6-066-00012 0.10369112342596054 3998.21 1104.33 4553.30 1093.91 4559.34 1415.68 4004.25 1426.10
26071-600-M6-066-00012 0.10047680139541626 5496.64 1522.11 5820.75 1511.51 5823.44 1593.77 5499.33 1604.37
26071-600-M6-066-00012 0.08540374785661697 5039.24 3864.09 5293.29 3873.27 5287.81 4025.04 5033.75 4015.86
26071-600-M6-066-00012 0.08140510320663452 2732.38 3501.87 3591.11 3460.16 3601.70 3678.14 2742.96 3719.84
26071-600-M6-066-00012 0.0678999125957489 3852.61 3537.17 4732.91 3556.48 4727.64 3797.05 3847.34 3777.74
26071-600-M6-066-00012 0.0677717924118042 3353.86 1779.86 3503.23 1781.78 3501.29 1933.26 3351.91 1931.34
26071-600-M6-066-00012 0.06423113495111465 2422.78 1771.00 2565.35 1783.70 2552.27 1930.46 2409.70 1917.76
26071-600-M6-066-00012 0.0564904659986496 4525.56 2505.02 5373.40 2451.11 5386.08 2650.46 4538.24 2704.37
26071-600-M6-066-00012 0.05624701455235481 5254.69 2532.91 6252.01 2516.16 6254.97 2692.61 5257.65 2709.35
26071-600-M6-066-00012 0.05583246424794197 3705.25 2500.35 4634.75 2451.34 4646.14 2667.37 3716.64 2716.38
26071-600-M6-066-00012 0.05582370609045029 3956.27 380.04 4233.71 377.25 4234.33 438.57 3956.89 441.36
26071-600-M6-066-00012 0.05541406571865082 5379.51 4291.16 5495.91 4299.83 5486.97 4419.87 5370.57 4411.19
26071-600-M6-066-00012 0.051963821053504944 3072.76 2005.09 3238.97 2001.63 3240.44 2072.35 3074.23 2075.82
26071-200-M6-052-00539 0.12330205738544464 3364.07 5400.43 3894.79 5355.87 3911.12 5550.33 3380.40 5594.90
26071-200-M6-052-00539 0.06653327494859695 1974.31 3514.50 2012.18 3511.94 2017.05 3584.11 1979.19 3586.67
26071-200-M6-052-00539 0.06589514017105103 5939.35 3900.67 6112.17 3910.77 6104.87 4035.75 5932.05 4025.65
26071-200-M6-052-00539 0.06533507257699966 5114.88 492.19 5276.61 485.88 5281.88 620.95 5120.15 627.26
26071-200-M6-052-00539 0.062169160693883896 2407.98 1284.85 2560.20 1271.89 2573.79 1431.38 2421.57 1444.35
26071-200-M6-052-00539 0.059380076825618744 1994.25 3392.37 2429.13 3372.64 2459.62 4044.36 2024.74 4064.10
26071-200-M6-052-00539 0.05651254206895828 5252.17 1186.33 5423.64 1182.29 5426.87 1319.46 5255.41 1323.50
26071-200-M6-052-00539 0.05612088739871979 1946.26 3518.17 1986.32 3521.75 1980.78 3583.74 1940.71 3580.16
26071-200-M6-052-00539 0.05398842692375183 6080.97 4596.98 6250.83 4603.35 6245.72 4739.41 6075.86 4733.03
26071-200-M6-052-00539 0.05164517089724541 6220.02 6078.32 6381.65 6063.36 6395.74 6215.64 6234.11 6230.59
26071-200-M6-052-00539 0.0510903038084507 3448.34 1296.79 3604.26 1266.59 3634.15 1420.92 3478.22 1451.12
26071-500-M6-059-00248 0.1592908799648285 4079.33 4374.09 4114.31 4370.97 4120.27 4437.75 4085.30 4440.88
26071-500-M6-059-00248 0.11233294010162354 3841.48 2957.90 3991.12 2952.07 3996.78 3097.31 3847.14 3103.14
26071-500-M6-059-00248 0.1063697338104248 4618.70 4419.66 5242.61 4397.04 5250.94 4626.80 4627.03 4649.42
26071-500-M6-059-00248 0.10165993124246597 4123.93 4358.96 4160.08 4362.25 4153.88 4430.28 4117.74 4426.99
26071-500-M6-059-00248 0.05993752181529999 2979.92 4671.42 3039.87 4672.54 3038.41 4751.29 2978.45 4750.18
26071-500-M6-059-00248 0.05568864569067955 2199.41 2717.55 2289.57 2720.78 2286.27 2813.12 2196.11 2809.90
26071-500-M6-059-00248 0.05081524699926376 2335.16 2546.87 2501.77 2534.79 2513.35 2694.56 2346.74 2706.63
26071-203-M6-325-00012 0.2234993875026703 5070.80 6564.06 5305.18 6561.54 5306.22 6658.23 5071.84 6660.74
26071-203-M6-325-00012 0.09247878938913345 5750.21 662.23 5877.91 707.60 5836.20 825.01 5708.50 779.65
26071-203-M6-325-00012 0.08812259882688522 6054.88 665.58 6159.72 722.73 6104.03 824.89 5999.19 767.74
26071-203-M6-325-00012 0.08329293876886368 2184.63 3545.62 2532.54 3585.45 2510.99 3773.75 2163.07 3733.92
26071-203-M6-325-00012 0.07055076211690903 3965.60 1245.09 4123.17 1233.33 4134.42 1384.07 3976.85 1395.83
26071-203-M6-325-00012 0.06935019791126251 3922.83 2532.55 4042.17 2537.18 4040.21 2587.67 3920.88 2583.04
26071-203-M6-325-00012 0.06929749995470047 6973.18 6502.36 7084.27 6571.78 7016.72 6679.86 6905.64 6610.44
26071-203-M6-325-00012 0.06827990710735321 6670.59 6503.22 6783.66 6571.50 6718.77 6678.97 6605.69 6610.68
26071-203-M6-325-00012 0.06093129143118858 4254.35 6516.33 4369.02 6550.84 4333.53 6668.75 4218.87 6634.24
26071-203-M6-325-00012 0.0558011531829834 3952.28 6516.14 4069.98 6549.04 4036.84 6667.60 3919.14 6634.71
26071-203-M6-325-00012 0.0553867407143116 3698.65 1602.98 3818.03 1607.14 3816.27 1657.74 3696.89 1653.59
26071-203-M6-325-00012 0.05534081906080246 4852.69 6519.49 4966.73 6547.63 4937.27 6667.04 4823.22 6638.90
26071-203-M6-325-00012 0.05448683723807335 4552.65 6518.59 4666.63 6544.70 4638.85 6665.90 4524.88 6639.79
26071-203-M6-325-00012 0.05317665636539459 6028.41 6535.60 6153.55 6532.53 6156.55 6654.93 6031.41 6658.00
26071-203-M6-325-00012 0.05227162316441536 3954.39 2802.90 4105.10 2792.86 4115.12 2943.39 3964.42 2953.43
26071-203-M6-325-00012 0.05124296620488167 3922.12 3164.26 4041.55 3166.21 4040.72 3216.57 3921.29 3214.61
26071-203-M6-325-00012 0.05034298077225685 4279.16 3859.52 4401.79 3863.33 4400.24 3913.22 4277.60 3909.40
26071-700-M6-054-00246 0.12026617676019669 4197.22 3328.20 4495.98 3056.77 4988.74 3599.16 4689.97 3870.59
26071-700-M6-054-00246 0.07312492281198502 3067.01 1951.69 3236.07 1948.92 3237.51 2037.11 3068.45 2039.88
26071-700-M6-054-00246 0.05657220631837845 4256.26 3769.36 4565.08 3645.39 4850.83 4357.18 4542.02 4481.16
26071-700-M6-054-00246 0.05164626985788345 3895.99 4293.77 4012.78 4291.10 4015.67 4417.88 3898.88 4420.54
26071-500-M6-059-00040 0.24675233662128448 2576.27 1437.86 2624.58 1439.36 2622.96 1491.52 2574.65 1490.02
26071-500-M6-059-00040 0.16265974938869476 2523.94 1323.15 2591.06 1311.99 2611.74 1436.33 2544.61 1447.50
26071-500-M6-059-00040 0.1121855154633522 947.77 2395.42 1250.70 2393.85 1251.55 2557.34 948.62 2558.91
26071-500-M6-059-00040 0.0870402380824089 2291.39 1367.76 2559.13 1370.27 2558.29 1459.89 2290.55 1457.38
26071-500-M6-059-00040 0.07968858629465103 2518.09 2412.51 2790.90 2306.65 2955.09 2729.77 2682.29 2835.64
26071-500-M6-059-00040 0.078032486140728 5752.85 5846.99 5808.39 5808.96 5871.31 5900.85 5815.77 5938.88
26071-500-M6-059-00040 0.0712781473994255 6384.23 2887.22 6784.64 2865.41 6791.05 2983.23 6390.65 3005.03
26071-500-M6-059-00040 0.06916230171918869 3691.97 3587.78 3742.95 3587.58 3743.32 3683.89 3692.35 3684.09
26071-500-M6-059-00040 0.06760580837726593 3948.66 3902.35 4099.27 3911.27 4089.90 4069.53 3939.29 4060.60
26071-500-M6-059-00040 0.06759095191955566 2160.58 1849.92 2522.66 1845.66 2524.24 1979.44 2162.16 1983.71
26071-500-M6-059-00040 0.06525281816720963 4276.98 2024.38 4429.81 2012.07 4441.61 2158.60 4288.78 2170.90
26071-500-M6-059-00040 0.06519634276628494 2394.20 3588.01 2444.10 3586.57 2446.89 3683.04 2396.98 3684.48
26071-500-M6-059-00040 0.06254937499761581 1655.39 2329.31 2423.40 2274.29 2439.90 2504.62 1671.89 2559.64
26071-500-M6-059-00040 0.05942854285240173 2655.84 3903.54 2799.79 3916.34 2785.94 4072.17 2641.99 4059.37
26071-500-M6-059-00040 0.056788332760334015 2509.48 290.35 2658.10 311.95 2634.70 472.99 2486.08 451.40
26071-500-M6-059-00040 0.05641089007258415 5426.91 2598.16 6086.86 2618.07 6079.73 2854.36 5419.78 2834.44
26071-500-M6-059-00040 0.0558597557246685 1505.69 2487.79 1589.58 2519.56 1573.73 2561.42 1489.84 2529.64
26071-500-M6-059-00040 0.05428579822182655 944.92 2304.68 1268.24 2289.29 1271.77 2363.64 948.46 2379.02
26071-500-M6-059-00040 0.053550682961940765 6297.57 3033.30 6461.58 3042.10 6453.12 3199.70 6289.11 3190.90
26071-203-M6-333-00010 0.09526349604129791 2691.54 2431.51 2785.21 2440.89 2776.55 2527.36 2682.89 2517.98
26071-203-M6-333-00010 0.09114998579025269 2692.22 3598.50 2786.85 3611.29 2775.22 3697.37 2680.58 3684.58
26071-203-M6-333-00010 0.08129146695137024 2741.03 2394.54 3062.43 2406.98 3058.84 2499.70 2737.44 2487.26
26071-203-M6-333-00010 0.07946929335594177 6561.09 305.44 6757.51 160.89 7162.15 710.70 6965.73 855.25
26071-203-M6-333-00010 0.07624272257089615 6838.43 938.89 7403.24 1006.49 7372.65 1262.00 6807.85 1194.40
26071-203-M6-333-00010 0.07299771904945374 2440.87 2858.27 2529.67 2851.30 2536.73 2941.17 2447.93 2948.15
26071-203-M6-333-00010 0.0716739296913147 2431.75 2614.85 2550.72 2617.39 2547.91 2749.00 2428.94 2746.46
26071-203-M6-333-00010 0.06877315044403076 3651.47 4514.45 3745.91 4515.58 3744.76 4611.24 3650.32 4610.10
26071-203-M6-333-00010 0.0659247562289238 7198.78 3663.62 7328.54 3674.56 7318.48 3793.92 7188.72 3782.98
26071-203-M6-333-00010 0.06458886712789536 2589.24 4627.54 3210.78 4658.85 3195.40 4964.18 2573.86 4932.87
26071-203-M6-333-00010 0.06427223235368729 2429.29 2115.46 2542.88 2103.78 2555.51 2226.59 2441.92 2238.27
26071-203-M6-333-00010 0.0633612796664238 2440.62 3061.03 2535.20 3067.82 2528.74 3157.91 2434.15 3151.12
26071-203-M6-333-00010 0.06322044134140015 3200.22 3985.42 3291.14 3987.59 3288.68 4090.75 3197.76 4088.58
26071-203-M6-333-00010 0.06287238746881485 4181.69 1997.87 4282.75 2005.72 4275.71 2096.33 4174.65 2088.48
26071-203-M6-333-00010 0.06254025548696518 4181.44 2210.61 4281.45 2214.66 4277.71 2306.89 4177.71 2302.84
26071-203-M6-333-00010 0.06134691834449768 5073.94 2690.00 5701.98 2724.39 5681.69 3094.91 5053.66 3060.53
26071-203-M6-333-00010 0.06097205728292465 4180.77 2991.00 4281.27 2995.03 4277.61 3086.46 4177.11 3082.44
26071-203-M6-333-00010 0.05938047915697098 2564.42 3994.50 2654.33 3991.81 2657.21 4087.97 2567.31 4090.66
26071-203-M6-333-00010 0.05918627977371216 2733.11 3534.72 3063.51 3529.99 3065.44 3665.13 2735.04 3669.86
26071-203-M6-333-00010 0.05528446286916733 4411.17 3242.64 4531.35 3243.16 4530.77 3378.24 4410.59 3377.73
26071-203-M6-333-00010 0.05472349748015404 4411.58 1711.98 4529.97 1711.95 4530.01 1843.92 4411.61 1843.95
26071-203-M6-333-00010 0.05434776097536087 2512.77 2815.58 2826.43 2827.08 2822.02 2947.51 2508.35 2936.01
26071-203-M6-333-00010 0.050654321908950806 3914.59 2899.87 4215.10 2926.09 4205.48 3036.36 3904.97 3010.14
26071-203-M6-333-00010 0.05029260739684105 4445.90 3023.34 4560.15 3042.64 4552.31 3089.07 4438.05 3069.76
26071-750-M6-085-00286 0.050972435623407364 5393.43 3297.99 5523.45 3318.44 5515.93 3366.28 5385.91 3345.82
26071-550-M6-084-00248 0.08682891726493835 3839.47 2483.67 3992.74 2478.18 3998.16 2629.08 3844.88 2634.58
26071-550-M6-084-00248 0.07890158146619797 4587.97 3957.67 5116.75 3932.61 5126.50 4138.31 4597.71 4163.37
26071-550-M6-084-00248 0.06803002208471298 4081.68 3941.52 4111.37 3935.15 4125.40 4000.47 4095.72 4006.85
26071-550-M6-084-00248 0.06238028407096863 4126.83 3916.63 4162.73 3919.88 4154.83 4007.00 4118.93 4003.74
26071-550-M6-084-00248 0.05438147485256195 2339.46 2079.21 2505.19 2072.52 2510.94 2214.98 2345.21 2221.66
26071-550-M6-084-00248 0.051674067974090576 3012.89 3194.30 3087.82 3213.48 3063.78 3307.40 2988.85 3288.22
26071-550-M6-084-00248 0.050616305321455 2368.43 5008.04 2630.15 4999.74 2633.06 5091.56 2371.34 5099.86
26071-550-M6-084-00248 0.05020083487033844 3072.75 2803.81 3333.00 2838.46 3321.66 2923.60 3061.41 2888.95
26071-203-M6-332-00008 0.1067051813006401 3536.42 275.55 3936.04 544.60 3857.40 661.41 3457.77 392.36
26071-203-M6-332-00008 0.06437741219997406 2100.29 3901.98 2800.14 3885.46 2808.93 4257.86 2109.08 4274.38
26071-203-M6-332-00008 0.05919386446475983 6620.11 3915.86 6902.49 3909.48 6904.15 3982.84 6621.77 3989.21
26071-203-M6-332-00008 0.057783033698797226 4510.24 3894.48 5193.26 3879.82 5201.36 4257.11 4518.33 4271.77
26071-203-M6-332-00008 0.05336415022611618 3749.20 244.31 4603.20 259.02 4598.77 516.46 3744.76 501.74
26071-203-M6-332-00008 0.050437744706869125 158.40 2336.43 710.38 2337.59 709.84 2594.78 157.86 2593.63
26071-200-M6-052-00080 0.18469955027103424 6734.61 2048.25 6822.50 2043.59 6827.57 2139.10 6739.67 2143.76
26071-200-M6-052-00080 0.1590881198644638 2571.29 4806.71 2732.16 4825.03 2714.06 4983.98 2553.19 4965.66
26071-200-M6-052-00080 0.15648244321346283 5998.83 4809.25 6157.34 4829.41 6137.49 4985.48 5978.98 4965.32
26071-200-M6-052-00080 0.1249435618519783 6231.12 3833.23 7095.54 3791.94 7106.91 4029.83 6242.49 4071.13
26071-200-M6-052-00080 0.11950305849313736 3302.88 2050.49 3391.72 2039.10 3403.82 2133.46 3314.99 2144.86
26071-200-M6-052-00080 0.11457237601280212 2782.27 3783.55 3590.49 3753.44 3600.68 4026.87 2792.46 4056.98
26071-200-M6-052-00080 0.07797057926654816 7305.57 5171.48 7466.15 5165.14 7471.83 5309.07 7311.25 5315.40
26071-200-M6-052-00080 0.07556911557912827 4871.28 5196.01 4961.22 5201.27 4955.92 5291.90 4865.98 5286.65
26071-200-M6-052-00080 0.07514812797307968 1393.70 5200.99 1483.71 5202.06 1482.63 5292.84 1392.62 5291.77
26071-200-M6-052-00080 0.07004991918802261 3884.40 5170.63 4039.22 5171.72 4038.20 5316.24 3883.38 5315.15
26071-200-M6-052-00080 0.06265141814947128 6308.07 3112.75 6450.16 3107.75 6455.33 3254.53 6313.24 3259.53
26071-200-M6-052-00080 0.059687383472919464 3105.41 2781.61 3251.78 2788.62 3244.69 2936.70 3098.32 2929.69
26071-200-M6-052-00080 0.05900502949953079 6531.10 2781.85 6676.34 2788.79 6669.23 2937.64 6523.98 2930.70
26071-200-M6-052-00080 0.05577307194471359 2451.65 5056.72 2627.82 5057.00 2627.65 5164.55 2451.48 5164.27
26071-200-M6-052-00080 0.05454966425895691 1518.18 5025.96 1674.63 5009.24 1689.88 5151.98 1533.43 5168.70
26071-200-M6-052-00080 0.05326491966843605 3083.95 1771.80 3226.47 1771.60 3226.68 1922.92 3084.16 1923.12
26071-200-M6-052-00080 0.051022641360759735 6588.74 1894.21 6750.06 1867.06 6774.49 2012.18 6613.17 2039.33
26071-203-M6-321-00604 0.3580660820007324 2170.89 4018.02 2355.75 4010.39 2358.80 4084.28 2173.94 4091.91
26071-203-M6-321-00604 0.12252270430326462 5378.33 2909.87 6378.00 2909.11 6378.14 3087.71 5378.46 3088.47
26071-203-M6-321-00604 0.062136210501194 6951.00 865.85 7131.78 882.07 7121.00 1002.30 6940.22 986.08
26071-300-M6-053-00309 0.8958728909492493 5487.17 5328.94 5618.15 5326.90 5619.22 5395.98 5488.24 5398.02
26071-300-M6-053-00309 0.26265913248062134 5753.23 1486.69 5909.43 1477.51 5918.37 1629.51 5762.17 1638.70
26071-300-M6-053-00309 0.1515839397907257 3512.50 3016.01 3905.76 3339.39 3724.17 3560.22 3330.91 3236.83
26071-300-M6-053-00309 0.13026008009910583 5991.01 2127.72 6811.08 2080.65 6831.17 2430.58 6011.09 2477.66
26071-300-M6-053-00309 0.13002708554267883 5367.72 3034.98 5504.02 3036.70 5502.15 3185.30 5365.85 3183.58
26071-300-M6-053-00309 0.12633372843265533 3711.25 3892.78 3922.75 3887.51 3925.07 3980.69 3713.57 3985.96
26071-300-M6-053-00309 0.12502147257328033 5352.10 3309.70 5546.67 3326.52 5537.84 3428.62 5343.27 3411.80
26071-300-M6-053-00309 0.11939544230699539 3623.09 3055.40 4021.73 3111.72 4007.23 3214.36 3608.58 3158.04
26071-300-M6-053-00309 0.11697962880134583 4290.85 1913.52 4442.25 1910.75 4444.91 2055.94 4293.51 2058.72
26071-300-M6-053-00309 0.10756073147058487 3534.31 5102.59 3654.49 5102.73 3654.38 5197.75 3534.20 5197.60
26071-300-M6-053-00309 0.10703674703836441 3402.64 5182.91 3996.93 5198.18 3991.82 5396.98 3397.53 5381.70
26071-300-M6-053-00309 0.0942952036857605 3591.82 3171.57 4041.81 3174.59 4041.35 3243.52 3591.36 3240.50
26071-300-M6-053-00309 0.08825964480638504 3605.64 2968.13 3970.75 2986.68 3964.81 3103.61 3599.70 3085.06
26071-300-M6-053-00309 0.0837479755282402 2119.15 3912.01 2276.58 3910.39 2278.20 4068.28 2120.78 4069.90
26071-300-M6-053-00309 0.08117969334125519 4697.63 4826.01 5513.14 4780.75 5530.43 5092.40 4714.93 5137.66
26071-300-M6-053-00309 0.07930008322000504 2544.31 4210.52 2760.75 4203.39 2763.79 4295.50 2547.35 4302.63
26071-300-M6-053-00309 0.07928632944822311 3591.96 3744.40 3918.01 3707.15 3986.39 4305.78 3660.35 4343.03
26071-300-M6-053-00309 0.05830833315849304 2302.86 1900.38 2447.96 1902.25 2446.13 2044.34 2301.03 2042.47
26071-300-M6-053-00309 0.05672801658511162 3304.98 3282.65 3412.24 3316.14 3384.16 3406.11 3276.90 3372.63
26071-300-M6-053-00309 0.05624113976955414 5355.12 3937.17 5496.54 3901.14 5534.32 4049.41 5392.90 4085.44
26071-300-M6-053-00309 0.05500052496790886 2725.77 2194.56 2951.10 2196.97 2950.03 2297.15 2724.70 2294.74
26071-300-M6-053-00309 0.05474138259887695 572.18 3425.70 903.35 3420.88 904.72 3515.38 573.56 3520.21
26071-300-M6-053-00309 0.0524926520884037 550.60 3778.18 897.88 3774.61 898.88 3871.83 551.60 3875.40
26071-300-M6-053-00309 0.052446022629737854 5487.33 5247.00 5646.62 5283.50 5630.97 5351.77 5471.68 5315.28
26071-300-M6-053-00309 0.052203401923179626 3531.64 2978.49 3650.57 2974.85 3653.50 3070.72 3534.57 3074.36
26071-300-M6-053-00309 0.05007372424006462 3644.23 5075.17 3957.46 5107.57 3945.16 5226.53 3631.92 5194.13
26071-450-M6-082-00009 0.098489910364151 3697.53 4544.93 3824.65 4586.17 3783.15 4714.12 3656.02 4672.88
26071-450-M6-082-00009 0.08429008722305298 6886.48 5399.49 7040.07 5398.81 7040.73 5550.05 6887.14 5550.73
26071-450-M6-082-00009 0.08121482282876968 2375.34 2497.11 2991.10 2477.87 2999.02 2731.56 2383.27 2750.80
26071-450-M6-082-00009 0.07212260365486145 2635.73 4378.67 2809.09 4371.30 2813.27 4469.58 2639.91 4476.95
26071-450-M6-082-00009 0.07101189345121384 5979.67 5423.80 6146.38 5448.68 6117.91 5639.41 5951.20 5614.53
26071-450-M6-082-00009 0.06479713320732117 5412.75 6103.16 5577.88 6079.77 5600.06 6236.36 5434.93 6259.74
26071-450-M6-082-00009 0.06242834031581879 3846.52 1592.87 3986.70 1607.14 3971.68 1754.74 3831.50 1740.47
26071-450-M6-082-00009 0.05946837365627289 744.66 5725.68 1152.77 5715.20 1159.01 5958.50 750.91 5968.97
26071-450-M6-082-00009 0.05685187131166458 2199.79 2818.85 2346.91 2847.65 2318.29 2993.81 2171.17 2965.01
26071-450-M6-082-00009 0.05437896028161049 3616.77 4568.81 3892.46 4583.65 3856.28 5255.86 3580.60 5241.02
26071-450-M6-082-00009 0.05348433554172516 3239.88 1141.47 3395.41 1142.31 3394.59 1294.75 3239.06 1293.91
26071-450-M6-082-00009 0.05248201638460159 6605.07 2438.84 6962.67 2449.26 6959.21 2567.81 6601.61 2557.39
26071-200-M6-052-00552 0.16760554909706116 3401.66 2418.17 3965.48 2498.87 3922.51 2799.12 3358.69 2718.42
26071-200-M6-052-00552 0.16685965657234192 5287.62 4375.28 5559.17 4367.67 5561.83 4462.24 5290.27 4469.85
26071-200-M6-052-00552 0.10491109639406204 4208.79 2598.53 4249.42 2605.84 4240.33 2656.30 4199.70 2648.99
26071-200-M6-052-00552 0.10412921756505966 5256.08 4299.49 5324.81 4304.27 5317.11 4415.14 5248.37 4410.36
26071-200-M6-052-00552 0.0857694149017334 3949.92 2694.03 4064.68 2696.65 4063.24 2759.66 3948.48 2757.04
26071-200-M6-052-00552 0.08193339407444 4163.72 2607.45 4198.04 2604.40 4202.72 2656.96 4168.40 2660.02
26071-200-M6-052-00552 0.05073116719722748 3745.08 2232.04 4337.84 2591.69 4205.47 2809.85 3612.71 2450.20
26071-750-M6-085-00007 0.10006164759397507 4428.21 293.89 5227.01 302.73 5224.42 537.19 4425.61 528.35
26071-750-M6-085-00007 0.09504662454128265 3548.97 2619.97 4300.52 2525.66 4327.52 2740.88 3575.97 2835.19
26071-750-M6-085-00007 0.08510087430477142 1497.95 2585.87 2309.68 2562.42 2318.39 2863.69 1506.65 2887.14
26071-750-M6-085-00007 0.07661513984203339 5409.08 5817.92 5592.73 5880.78 5555.83 5988.60 5372.17 5925.75
26071-750-M6-085-00007 0.07452902942895889 5005.74 3025.83 5736.26 3131.45 5687.40 3469.39 4956.88 3363.77
26071-750-M6-085-00007 0.07363652437925339 5628.86 3183.67 5664.89 3181.48 5668.43 3239.77 5632.40 3241.96
26071-750-M6-085-00007 0.07290444523096085 3295.34 2628.13 3675.96 2659.21 3667.70 2760.30 3287.08 2729.22
26071-750-M6-085-00007 0.06922829151153564 2002.36 264.43 2757.74 314.72 2742.14 549.07 1986.76 498.78
26071-750-M6-085-00007 0.06557111442089081 6228.88 2496.03 6377.04 2493.91 6379.18 2642.86 6231.01 2644.98
26071-750-M6-085-00007 0.06275160610675812 1586.74 3391.47 1745.06 3396.20 1740.64 3544.32 1582.32 3539.59
26071-750-M6-085-00007 0.05868646875023842 6508.06 6588.77 6865.76 6588.17 6865.95 6698.57 6508.24 6699.17
26071-750-M6-085-00007 0.057614073157310486 5393.04 5459.70 5567.50 5485.89 5552.82 5583.70 5378.36 5557.51
26071-750-M6-085-00007 0.05653676018118858 1590.08 3153.90 1746.19 3159.67 1740.61 3310.53 1584.50 3304.75
26071-750-M6-085-00007 0.05371557176113129 2613.51 1811.03 2960.52 1819.23 2957.22 1958.62 2610.21 1950.42
26071-750-M6-085-00007 0.05223154276609421 2887.48 1262.18 3041.10 1262.73 3040.53 1420.87 2886.91 1420.31
26071-203-M6-064-00271 0.07297389954328537 1359.51 4779.88 1411.91 4817.10 1371.81 4873.56 1319.41 4836.34
26071-203-M6-064-00271 0.061637766659259796 4812.76 5143.66 4992.43 5126.91 5001.41 5223.24 4821.74 5239.99
26071-203-M6-064-00271 0.05526897311210632 7753.02 4549.01 7911.31 4550.88 7910.07 4655.33 7751.79 4653.47
26071-203-M6-064-00271 0.055056069046258926 8045.73 4779.18 8328.03 4823.25 8306.60 4960.50 8024.30 4916.43
26071-203-M6-064-00271 0.05424433574080467 2478.26 2292.69 2641.81 2296.15 2639.77 2392.50 2476.22 2389.04
26071-203-M6-064-00271 0.052699390798807144 1885.41 4787.48 1923.04 4820.00 1884.64 4864.43 1847.01 4831.92
26071-203-M6-337-00031 0.18929950892925262 4942.42 1826.02 5014.91 1826.30 5014.43 1950.39 4941.94 1950.12
26071-203-M6-337-00031 0.18254360556602478 4939.25 2608.96 5010.75 2600.71 5025.02 2724.56 4953.52 2732.80
26071-203-M6-337-00031 0.17128142714500427 5221.04 656.67 5787.73 616.11 5811.38 946.52 5244.69 987.08
26071-203-M6-337-00031 0.14618627727031708 4951.96 1103.72 5024.34 1114.41 5006.85 1232.95 4934.46 1222.26
26071-203-M6-337-00031 0.13826660811901093 2046.56 1005.94 2593.01 1204.04 2459.54 1572.20 1913.10 1374.10
26071-203-M6-337-00031 0.1329631507396698 5633.78 2089.32 5802.74 2117.18 5773.82 2292.61 5604.86 2264.75
26071-203-M6-337-00031 0.12265468388795853 5603.42 2859.89 5802.93 2868.49 5795.18 3048.39 5595.67 3039.79
26071-203-M6-337-00031 0.11675596982240677 5661.73 2442.86 5833.44 2563.19 5758.48 2670.17 5586.77 2549.84
26071-203-M6-337-00031 0.11131339520215988 5633.08 1386.75 5800.24 1417.98 5765.48 1604.02 5598.32 1572.79
26071-203-M6-337-00031 0.10996685922145844 2656.35 4967.65 3617.07 4957.81 3618.97 5142.50 2658.24 5152.35
26071-203-M6-337-00031 0.1078033372759819 4693.65 4989.06 5500.39 4943.09 5511.14 5131.80 4704.40 5177.77
26071-203-M6-337-00031 0.10745033621788025 4951.01 2217.18 5020.76 2221.42 5013.33 2343.58 4943.58 2339.34
26071-203-M6-337-00031 0.10652973502874374 4842.79 3221.35 5703.73 3187.64 5713.40 3434.60 4852.46 3468.32
26071-203-M6-337-00031 0.10418760031461716 5573.03 1184.43 5696.64 1094.32 5830.20 1277.52 5706.59 1367.63
26071-203-M6-337-00031 0.10117458552122116 4942.52 2973.99 5014.92 2965.76 5028.01 3080.87 4955.60 3089.10
26071-203-M6-337-00031 0.10108918696641922 5302.50 1545.88 6121.85 1535.05 6124.66 1747.32 5305.30 1758.15
26071-203-M6-337-00031 0.1006300300359726 4884.81 2358.10 5666.48 2321.77 5679.04 2592.09 4897.37 2628.41
26071-203-M6-337-00031 0.09937197715044022 4942.20 1474.55 5014.84 1466.23 5027.95 1580.71 4955.31 1589.03
26071-203-M6-337-00031 0.09789055585861206 5613.57 1758.46 5795.05 1779.60 5769.84 1995.95 5588.36 1974.81
26071-203-M6-337-00031 0.09687679260969162 2650.56 4080.00 3615.45 4053.29 3620.51 4236.15 2655.62 4262.87
26071-203-M6-337-00031 0.09216764569282532 2604.52 4525.39 3622.68 4530.44 3621.79 4709.42 2603.63 4704.37
26071-203-M6-337-00031 0.09210364520549774 4688.14 4092.45 5500.90 4042.46 5512.45 4230.23 4699.68 4280.22
26071-203-M6-337-00031 0.09076008200645447 4795.55 1723.63 5575.58 1720.48 5576.86 2037.85 4796.83 2040.99
26071-203-M6-337-00031 0.08990247547626495 5404.89 2175.94 6100.26 2179.27 6098.89 2465.68 5403.51 2462.34
26071-203-M6-337-00031 0.08919154107570648 3689.22 4970.31 4767.37 4961.26 4769.04 5160.92 3690.90 5169.97
26071-203-M6-337-00031 0.08597330749034882 1995.47 982.34 2555.48 995.78 2552.36 1125.81 1992.35 1112.37
26071-203-M6-337-00031 0.08324749767780304 3693.47 4069.80 4767.45 4054.03 4770.43 4256.48 3696.44 4272.26
26071-203-M6-337-00031 0.08117339760065079 2910.77 2269.95 3392.57 2744.20 3147.21 2993.46 2665.41 2519.21
26071-203-M6-337-00031 0.0724891871213913 4798.99 4480.86 5508.32 4527.76 5496.63 4704.49 4787.31 4657.60
26071-203-M6-337-00031 0.07190163433551788 4806.88 1920.77 5102.96 2094.60 4974.89 2312.75 4678.81 2138.93
26071-203-M6-337-00031 0.07135765254497528 4893.28 1213.39 5061.50 1357.99 4955.30 1481.53 4787.08 1336.94
26071-203-M6-337-00031 0.06760841608047485 3463.35 1855.94 3837.41 1859.94 3836.71 1924.54 3462.66 1920.54
26071-203-M6-337-00031 0.06587538868188858 5063.06 1716.09 5455.08 1703.83 5457.01 1765.39 5064.99 1777.65
26071-203-M6-337-00031 0.0653005912899971 3919.30 4512.23 4783.36 4560.93 4773.64 4733.49 3909.58 4684.79
26071-203-M6-337-00031 0.06372099369764328 4820.39 1605.14 5035.03 1644.06 5007.47 1796.11 4792.83 1757.20
26071-203-M6-337-00031 0.062164057046175 5053.74 3232.34 5439.71 3234.61 5439.41 3287.05 5053.43 3284.78
26071-203-M6-337-00031 0.061329055577516556 4063.80 790.25 4224.82 782.70 4232.10 937.89 4071.08 945.45
26071-203-M6-337-00031 0.06097401678562164 2472.25 1650.18 3199.85 1678.57 3188.78 1962.16 2461.18 1933.77
26071-203-M6-337-00031 0.06095479056239128 4788.32 2731.13 5051.28 2832.04 5004.19 2954.77 4741.23 2853.86
26071-203-M6-337-00031 0.06006832420825958 3597.93 361.67 4227.33 584.99 4128.64 863.13 3499.24 639.81
26071-203-M6-337-00031 0.0574084036052227 2100.08 4884.17 2750.79 4887.26 2748.99 5265.30 2098.28 5262.21
26071-203-M6-337-00031 0.056514255702495575 5386.96 2932.45 5980.46 2967.08 5962.68 3271.83 5369.18 3237.20
26071-203-M6-337-00031 0.05587892606854439 4975.21 2673.49 5385.56 2678.31 5384.81 2742.19 4974.46 2737.38
26071-203-M6-337-00031 0.05576168745756149 3686.13 414.23 4051.85 416.82 4051.37 484.91 3685.65 482.31
26071-203-M6-337-00031 0.05496601387858391 4983.08 1156.31 5389.07 1166.22 5387.43 1233.54 4981.44 1223.63
26071-203-M6-337-00031 0.05395875871181488 6642.97 6407.62 6780.01 6406.44 6780.45 6457.60 6643.41 6458.79
26071-203-M6-337-00031 0.053742509335279465 4632.86 2372.84 5000.56 2345.69 5012.68 2509.83 4644.98 2536.98
26071-203-M6-337-00031 0.05366445705294609 2120.06 3982.55 2747.53 3982.51 2747.56 4368.54 2120.09 4368.59
26071-203-M6-337-00031 0.05273018032312393 5437.53 5255.26 6232.20 5270.18 6227.50 5520.99 5432.82 5506.08
26071-203-M6-337-00031 0.05250949040055275 2020.96 1602.04 2539.32 1583.55 2544.69 1734.23 2026.33 1752.71
26071-203-M6-337-00031 0.05212671682238579 4478.21 806.82 4634.25 794.33 4646.76 950.72 4490.73 963.21
26071-203-M6-337-00031 0.051418256014585495 3412.81 1450.45 3697.15 1288.14 3967.40 1761.57 3683.06 1923.88
26071-203-M6-337-00031 0.05066775158047676 4647.59 3121.74 5006.73 3099.96 5017.11 3271.09 4657.96 3292.86
26071-203-M6-337-00031 0.05061458423733711 4976.25 1885.13 5390.11 1892.80 5389.01 1952.50 4975.14 1944.83
26071-203-M6-332-00001 0.18143247067928314 3101.44 3066.15 3447.86 2824.01 3847.67 3396.00 3501.25 3638.14
26071-203-M6-332-00001 0.17675557732582092 5648.25 2934.06 6106.08 2808.08 6285.29 3459.35 5827.46 3585.33
26071-203-M6-332-00001 0.1737104207277298 5198.56 3079.17 5542.98 2828.32 5948.10 3384.56 5603.69 3635.41
26071-203-M6-332-00001 0.17201590538024902 4404.19 3091.08 4776.54 2820.39 5183.27 3379.85 4810.92 3650.54
26071-203-M6-332-00001 0.16524048149585724 3002.91 2925.06 3492.28 3390.75 3237.83 3658.14 2748.46 3192.45
26071-203-M6-332-00001 0.16156615316867828 3928.00 3048.09 4275.94 2813.38 4658.34 3380.27 4310.41 3614.98
26071-203-M6-332-00001 0.15182550251483917 3473.16 3076.26 3811.87 2804.73 4266.56 3371.90 3927.84 3643.43
26071-203-M6-332-00001 0.08704906702041626 5023.68 2605.45 5393.64 2635.29 5341.97 3276.00 4972.01 3246.17
26071-203-M6-332-00001 0.08087710291147232 5445.44 4167.03 5895.88 4158.70 5898.10 4278.72 5447.66 4287.04
26071-203-M6-332-00001 0.06255299597978592 6152.82 2912.05 6466.33 2920.78 6445.98 3651.33 6132.48 3642.59
26071-203-M6-079-00001 0.06131386756896973 4657.60 3766.34 4803.96 3731.16 4841.42 3887.00 4695.06 3922.18
26071-200-M6-052-00150 0.1294059455394745 3165.38 2062.17 3481.52 2054.78 3483.39 2134.75 3167.25 2142.15
26071-200-M6-052-00150 0.09128663688898087 3170.90 3243.28 3540.77 3238.98 3541.49 3301.04 3171.62 3305.34
26071-200-M6-052-00150 0.09081976860761642 2963.24 2938.79 3680.28 2947.36 3676.59 3255.88 2959.55 3247.31
26071-200-M6-052-00150 0.0727587640285492 3278.76 4131.48 4124.45 4080.65 4139.78 4335.66 3294.09 4386.49
26071-200-M6-052-00150 0.06968322396278381 3516.61 4009.56 3881.74 4007.25 3882.19 4078.75 3517.06 4081.05
26071-200-M6-052-00150 0.06579432636499405 1373.04 2391.94 1467.82 2406.70 1452.89 2502.52 1358.12 2487.76
26071-200-M6-052-00150 0.065730020403862 2985.42 2490.55 3347.78 2495.98 3346.76 2563.79 2984.40 2558.36
26071-200-M6-052-00150 0.06487535685300827 6714.93 4554.17 6880.55 4534.90 6898.02 4685.08 6732.40 4704.35
26071-200-M6-052-00150 0.06316284835338593 2160.15 1473.11 2309.92 1467.97 2315.15 1620.12 2165.38 1625.26
26071-200-M6-052-00150 0.061517681926488876 3531.32 1774.05 3886.65 2108.55 3722.71 2282.69 3367.39 1948.19
26071-200-M6-052-00150 0.060200124979019165 7286.94 4546.09 7437.28 4556.43 7426.23 4717.26 7275.89 4706.93
26071-200-M6-052-00150 0.05838094279170036 8094.73 4709.36 8210.10 4715.39 8203.64 4839.07 8088.26 4833.04
26071-200-M6-052-00150 0.05837966874241829 1829.24 3407.46 1950.38 3415.60 1942.25 3536.61 1821.10 3528.47
26071-200-M6-052-00150 0.05655944347381592 5778.06 5074.62 5923.22 5069.26 5928.78 5219.73 5783.61 5225.09
26071-200-M6-052-00150 0.05434585362672806 2040.77 2320.73 2343.37 2331.02 2340.03 2429.31 2037.43 2419.02
26071-200-M6-052-00150 0.050599534064531326 4972.04 5586.84 5124.74 5597.92 5113.90 5747.38 4961.19 5736.30
26071-200-M6-052-00003 0.07757352292537689 3262.52 4760.52 3416.01 4759.98 3416.52 4905.54 3263.03 4906.07
26071-200-M6-052-00003 0.0660308375954628 5669.00 2793.77 5803.67 2779.33 5819.83 2930.11 5685.17 2944.54
26071-200-M6-052-00003 0.06578565388917923 3718.45 5109.51 3832.62 5147.39 3794.70 5261.67 3680.53 5223.79
26071-200-M6-052-00003 0.06536338478326797 3428.17 5107.71 3540.99 5152.33 3496.48 5264.90 3383.65 5220.28
26071-200-M6-052-00003 0.06030283123254776 4065.08 4564.35 4372.99 4514.07 4464.39 5073.82 4156.48 5124.10
26071-200-M6-052-00003 0.05930106341838837 1771.09 4826.21 1890.11 4830.65 1885.60 4951.70 1766.58 4947.27
26071-700-M6-054-00013 0.0777323842048645 5159.22 3414.82 5248.54 3436.70 5225.98 3528.80 5136.66 3506.93
26071-203-M6-320-00060 0.06005862355232239 1661.05 4328.18 1720.34 4339.02 1712.23 4383.35 1652.94 4372.50
26071-203-M6-321-00225 0.051996439695358276 4204.77 5370.54 4361.59 5369.76 4362.14 5479.00 4205.31 5479.78
26071-700-M6-054-00036 0.10598672926425934 4060.38 3393.06 4739.18 3389.14 4740.57 3629.00 4061.77 3632.93
26071-700-M6-054-00036 0.08140572905540466 6865.72 5505.96 6954.51 5511.09 6949.25 5601.98 6860.46 5596.85
26071-700-M6-054-00036 0.06627393513917923 5985.48 265.85 6260.53 267.36 6259.93 375.35 5984.88 373.83
26071-700-M6-054-00036 0.06601223349571228 4237.88 2129.81 4385.03 2131.74 4383.04 2283.13 4235.89 2281.19
26071-700-M6-054-00036 0.06582947820425034 4472.56 1538.16 4618.14 1545.62 4610.61 1692.48 4465.03 1685.02
26071-700-M6-054-00036 0.06503505259752274 3388.99 1859.68 3673.24 1834.41 3677.71 1884.69 3393.46 1909.97
26071-700-M6-054-00036 0.06328531354665756 4344.58 1771.73 4393.33 1778.02 4381.73 1868.00 4332.97 1861.71
26071-700-M6-054-00036 0.06247834861278534 4286.15 4927.03 4441.08 4918.60 4449.03 5064.83 4294.10 5073.25
26071-700-M6-054-00036 0.06093564257025719 6662.45 5341.38 6814.79 5342.13 6813.99 5503.70 6661.65 5502.95
26071-700-M6-054-00036 0.06050567328929901 4713.59 1372.72 5237.29 1746.68 5057.82 1998.01 4534.13 1624.05
26071-700-M6-054-00036 0.05698889121413231 1774.46 4473.58 1892.04 4478.24 1887.37 4596.02 1769.80 4591.36
26071-700-M6-054-00036 0.05685819685459137 3382.07 2435.83 3703.53 2436.87 3703.36 2490.07 3381.90 2489.03
26071-700-M6-054-00036 0.05573311075568199 4572.69 1104.87 4890.37 1111.25 4888.39 1209.90 4570.71 1203.52
26071-700-M6-054-00036 0.05392180755734444 3275.92 1464.60 3585.34 1459.36 3586.92 1553.16 3277.51 1558.40
26071-700-M6-054-00036 0.05002060905098915 3206.99 4571.33 3568.76 4578.33 3567.19 4659.42 3205.42 4652.42
26071-203-M6-320-00044 0.08130551129579544 1203.58 3062.55 1475.61 3077.18 1471.33 3156.74 1199.30 3142.10
26071-203-M6-320-00044 0.061230193823575974 4182.31 3153.37 4300.70 3174.69 4279.93 3290.02 4161.54 3268.70
26071-203-M6-320-00044 0.0595400370657444 3765.24 4020.96 3848.93 4021.40 3848.24 4153.54 3764.56 4153.11
26071-203-M6-320-00044 0.05611678957939148 2355.93 4086.35 2405.19 4093.19 2397.96 4145.24 2348.70 4138.40
26071-203-M6-320-00044 0.055325526744127274 1365.22 4020.93 1449.27 4021.69 1448.07 4153.36 1364.03 4152.59
26071-203-M6-320-00044 0.05494849756360054 2441.97 2692.45 2644.67 2699.65 2639.48 2845.94 2436.77 2838.74
26071-203-M6-320-00044 0.05266839265823364 2558.66 4031.99 2607.36 4028.69 2615.86 4153.90 2567.15 4157.20
26071-203-M6-320-00044 0.052340585738420486 2711.95 2991.52 2896.85 3015.30 2884.38 3112.19 2699.49 3088.41
26071-203-M6-320-00044 0.05217387154698372 3554.02 4089.68 3604.81 4097.10 3597.40 4147.87 3546.61 4140.45
26071-203-M6-320-00044 0.05198986083269119 1445.75 2814.81 1703.05 2818.42 1701.82 2906.61 1444.52 2903.00
26071-203-M6-320-00044 0.051941774785518646 2973.44 2901.14 3096.15 2911.41 3086.04 3032.26 2963.33 3022.00
26071-203-M6-320-00044 0.05097596347332001 2221.33 3002.89 2403.26 3000.99 2404.36 3106.25 2222.44 3108.15
26071-203-M6-320-00044 0.05028526112437248 1781.77 3153.42 1899.99 3173.92 1880.18 3288.17 1761.96 3267.67
26071-600-M6-065-00231 0.16962862014770508 3799.25 3825.66 3831.59 3823.92 3834.97 3886.48 3802.63 3888.23
26071-600-M6-065-00231 0.09939852356910706 3925.82 5003.15 4057.66 5007.21 4056.04 5059.76 3924.20 5055.70
26071-600-M6-065-00231 0.09172291308641434 6231.30 3285.80 7142.29 3281.88 7143.38 3536.30 6232.39 3540.22
26071-600-M6-065-00231 0.08346012234687805 4106.99 4880.28 4241.71 4881.09 4241.34 4941.84 4106.62 4941.03
26071-600-M6-065-00231 0.07877197116613388 3842.36 3820.90 3879.89 3824.58 3872.39 3901.08 3834.86 3897.39
26071-600-M6-065-00231 0.07635979354381561 4182.30 1488.02 4338.37 1481.47 4344.96 1638.58 4188.89 1645.13
26071-600-M6-065-00231 0.06661705672740936 6260.36 3718.06 6414.91 3721.67 6410.91 3893.17 6256.36 3889.57
26071-600-M6-065-00231 0.06431948393583298 3185.97 5393.72 3915.31 5492.80 3871.50 5815.28 3142.16 5716.20
26071-600-M6-065-00231 0.06002986431121826 3098.46 3512.40 3896.68 3495.05 3902.30 3753.63 3104.08 3770.97
26071-600-M6-065-00231 0.05925491824746132 1721.17 5137.30 2049.43 5137.25 2049.45 5272.35 1721.19 5272.40
26071-600-M6-065-00231 0.0541963204741478 4767.57 1109.36 5037.03 1101.65 5039.75 1196.89 4770.29 1204.60
26071-600-M6-065-00231 0.05124674737453461 6407.48 296.05 6551.56 306.46 6540.18 463.98 6396.10 453.57
26071-500-M6-059-00071 0.20147393643856049 1902.21 3793.47 1950.53 3796.39 1946.89 3856.44 1898.57 3853.51
26071-500-M6-059-00071 0.13003864884376526 2106.75 4064.78 2261.41 4077.55 2249.21 4225.37 2094.54 4212.60
26071-500-M6-059-00071 0.10606066882610321 4006.25 1280.38 4667.78 1266.60 4673.90 1559.99 4012.37 1573.77
26071-500-M6-059-00071 0.10365024209022522 883.98 5811.02 1334.04 5822.33 1327.87 6067.79 877.82 6056.48
26071-500-M6-059-00071 0.09418967366218567 808.53 2019.29 1326.53 2012.75 1329.41 2240.49 811.40 2247.02
26071-500-M6-059-00071 0.08252720534801483 5695.87 3677.72 5846.57 3694.66 5829.67 3845.02 5678.96 3828.08
26071-500-M6-059-00071 0.07108782231807709 5891.50 3683.53 6042.90 3695.35 6031.65 3839.43 5880.25 3827.60
26071-500-M6-059-00071 0.06835860759019852 1341.20 3602.92 2041.96 3697.56 1995.88 4038.72 1295.12 3944.08
26071-500-M6-059-00071 0.06817423552274704 7279.55 3552.68 7371.58 3590.68 7345.14 3654.71 7253.11 3616.71
26071-500-M6-059-00071 0.06663546711206436 4320.46 1875.12 4466.72 1854.80 4488.20 2009.40 4341.93 2029.72
26071-500-M6-059-00071 0.06617674231529236 4121.36 1854.53 4273.08 1862.50 4264.35 2028.70 4112.63 2020.73
26071-500-M6-059-00071 0.06606566160917282 891.73 5167.00 1035.94 5196.15 1005.54 5346.56 861.32 5317.41
26071-500-M6-059-00071 0.05370458588004112 4533.13 3721.34 4686.02 3727.26 4680.05 3881.45 4527.16 3875.53
26071-500-M6-059-00071 0.05356922000646591 3851.17 2341.49 4102.25 2304.26 4119.93 2423.53 3868.85 2460.76
26071-500-M6-059-00071 0.05275926738977432 6395.25 3352.85 6549.99 3345.89 6556.77 3496.65 6402.02 3503.60
26071-500-M6-059-00071 0.05070677772164345 1517.40 387.71 1821.34 384.19 1821.96 437.81 1518.03 441.33
26071-203-M6-320-00008 0.16210946440696716 4503.31 4074.27 4602.19 4061.30 4614.56 4155.57 4515.67 4168.54
26071-203-M6-320-00008 0.12064706534147263 2114.34 4149.89 2210.98 4158.86 2201.97 4255.86 2105.34 4246.89
26071-203-M6-320-00008 0.07282865792512894 2159.00 3986.03 2317.18 4015.94 2285.46 4183.72 2127.28 4153.81
26071-203-M6-320-00008 0.06592157483100891 2323.20 4239.84 2613.13 4056.72 2912.36 4530.49 2622.44 4713.61
26071-203-M6-320-00008 0.06053151935338974 1819.15 3993.08 1977.83 4011.65 1960.18 4162.57 1801.50 4144.00
26071-203-M6-320-00008 0.057365912944078445 7055.53 2612.13 7116.20 2629.22 7104.21 2671.77 7043.55 2654.68
26071-203-M6-320-00008 0.05423423647880554 3370.06 322.30 3535.37 311.50 3546.29 478.67 3380.99 489.48
26071-203-M6-320-00008 0.05062048137187958 4685.46 965.66 4839.01 963.86 4840.86 1121.29 4687.30 1123.09
26071-203-M6-320-00008 0.05023937299847603 4181.99 3898.85 4342.77 3925.10 4318.65 4072.80 4157.88 4046.54
26071-500-M6-059-00116 0.09173662215471268 3810.42 4028.52 4823.59 4063.54 4813.96 4341.92 3800.79 4306.90
26071-500-M6-059-00116 0.08120711892843246 4447.88 3071.00 4607.44 3073.07 4605.33 3234.88 4445.77 3232.81
26071-500-M6-059-00116 0.06892313063144684 6412.91 3889.51 6462.12 3891.36 6458.09 3998.74 6408.87 3996.89
26071-500-M6-059-00116 0.06262240558862686 2897.82 3892.36 3054.06 3892.58 3053.97 3961.62 2897.72 3961.39
26071-500-M6-059-00116 0.055204086005687714 3085.96 4433.03 3229.87 4433.30 3229.59 4583.66 3085.68 4583.39
26071-500-M6-059-00116 0.0510823093354702 6087.91 6306.28 6136.80 6257.74 6213.57 6335.06 6164.68 6383.60
26071-550-M6-084-00026 0.10360605269670486 2882.08 2472.35 3030.53 2475.01 3027.57 2640.20 2879.12 2637.54
26071-550-M6-084-00026 0.09922748059034348 5229.84 2489.12 5379.48 2463.53 5405.91 2618.07 5256.27 2643.67
26071-550-M6-084-00026 0.06816183030605316 5874.90 3430.18 6116.36 3429.17 6116.98 3577.18 5875.52 3578.19
26071-550-M6-084-00026 0.06732092052698135 6363.58 2866.53 6432.02 2847.79 6464.04 2964.73 6395.60 2983.47
26071-550-M6-084-00026 0.0648994892835617 5930.53 4190.66 6132.67 4223.28 6114.25 4337.48 5912.10 4304.86
26071-550-M6-084-00026 0.06407871097326279 6307.01 3370.40 6608.77 3434.03 6511.80 3893.89 6210.04 3830.26
26071-550-M6-084-00026 0.06198715791106224 7643.47 3333.31 7934.59 3355.66 7922.75 3509.77 7631.64 3487.42
26071-550-M6-084-00026 0.055825818330049515 1937.77 3237.89 2240.39 3220.23 2246.03 3316.93 1943.42 3334.59
26071-550-M6-084-00026 0.051168303936719894 7339.75 3327.66 7454.71 3332.78 7452.19 3389.29 7337.23 3384.16
26071-203-M6-337-00007 0.0791466012597084 4230.64 4909.34 4479.30 5058.63 4423.27 5151.97 4174.61 5002.67
26071-203-M6-337-00007 0.07173969596624374 4237.59 2203.88 4476.35 2372.56 4414.84 2459.62 4176.08 2290.94
26071-203-M6-337-00007 0.0607321560382843 2460.61 1256.56 2586.76 1261.00 2584.56 1323.42 2458.41 1318.98
26071-203-M6-337-00007 0.06059920787811279 4343.43 1408.07 4405.26 1403.99 4411.28 1495.29 4349.45 1499.37
26071-200-M6-052-00090 0.1831226944923401 5967.96 1585.02 6057.57 1587.37 6055.15 1679.68 5965.55 1677.34
26071-200-M6-052-00090 0.17703035473823547 3010.33 1568.34 3171.48 1580.28 3159.21 1745.92 2998.06 1733.98
26071-200-M6-052-00090 0.13417690992355347 4019.56 4772.24 4107.55 4793.23 4085.35 4886.31 3997.36 4865.32
26071-200-M6-052-00090 0.12264543026685715 995.24 4770.76 1085.60 4795.02 1061.40 4885.18 971.04 4860.92
26071-200-M6-052-00090 0.09837760776281357 2426.44 3380.85 3273.76 3370.52 3277.06 3641.43 2429.74 3651.76
26071-200-M6-052-00090 0.09751961380243301 2745.29 2348.28 2893.14 2345.95 2895.47 2493.65 2747.63 2495.99
26071-200-M6-052-00090 0.09285198152065277 5430.33 3387.61 6324.19 3364.56 6330.89 3624.28 5437.03 3647.33
26071-200-M6-052-00090 0.09012437611818314 6912.46 3974.54 7060.34 3963.38 7071.06 4105.47 6923.19 4116.63
26071-200-M6-052-00090 0.08694474399089813 1732.97 2390.86 2043.43 2388.26 2044.31 2493.35 1733.85 2495.95
26071-200-M6-052-00090 0.0750841274857521 3229.20 4178.52 3404.36 4195.08 3393.82 4306.59 3218.66 4290.03
26071-200-M6-052-00090 0.07292485237121582 5233.25 4153.85 5388.48 4175.94 5367.60 4322.70 5212.37 4300.62
26071-200-M6-052-00090 0.07263562828302383 2221.01 4152.48 2377.91 4175.79 2356.09 4322.69 2199.18 4299.38
26071-200-M6-052-00090 0.06940305978059769 2077.49 3424.05 2223.45 3431.64 2215.60 3582.66 2069.64 3575.07
26071-200-M6-052-00090 0.0673626959323883 6259.04 4166.31 6430.04 4219.76 6393.89 4335.43 6222.89 4281.97
26071-200-M6-052-00090 0.06734592467546463 5077.18 3423.83 5222.41 3434.36 5211.82 3580.36 5066.59 3569.83
26071-200-M6-052-00090 0.062238659709692 5752.14 2376.52 5888.81 2368.92 5897.03 2516.78 5760.36 2524.37
26071-200-M6-052-00090 0.06116703897714615 3154.36 4018.74 3229.57 4034.67 3211.75 4118.82 3136.53 4102.89
26071-200-M6-052-00090 0.05949939787387848 6184.54 5151.50 6333.35 5173.94 6310.95 5322.49 6162.14 5300.06
26071-200-M6-052-00090 0.05525203049182892 2695.11 1563.28 2850.77 1594.31 2821.79 1739.67 2666.13 1708.64
26071-200-M6-052-00090 0.05318545922636986 7293.98 4539.26 7394.49 4538.96 7395.00 4709.01 7294.49 4709.31
26071-200-M6-052-00090 0.05174142122268677 6529.60 2096.86 6692.91 2096.38 6693.20 2191.81 6529.88 2192.30
26071-200-M6-052-00090 0.05045498162508011 3777.82 3960.68 3825.60 3958.78 3828.29 4026.31 3780.51 4028.21
26071-200-M6-052-00090 0.050018902868032455 2695.11 2063.97 2845.31 2086.08 2823.23 2236.09 2673.03 2213.97
26071-203-M6-320-00061 0.3026949465274811 6059.46 4604.19 6257.34 4606.05 6255.87 4763.45 6057.99 4761.59
26071-203-M6-320-00061 0.24136006832122803 2809.65 4612.14 3022.59 4607.53 3025.81 4756.32 2812.86 4760.92
26071-203-M6-320-00061 0.21551726758480072 5790.79 4603.58 5970.85 4612.03 5963.78 4762.52 5783.72 4754.06
26071-203-M6-320-00061 0.18872392177581787 4147.30 4615.45 4333.49 4607.33 4339.84 4752.76 4153.64 4760.88
26071-203-M6-320-00061 0.18706446886062622 4699.79 4601.93 4917.95 4597.32 4920.38 4712.57 4702.22 4717.18
26071-203-M6-320-00061 0.17059527337551117 2554.22 4607.72 2726.60 4611.92 2722.92 4762.93 2550.54 4758.73
26071-203-M6-320-00061 0.1668190360069275 6321.94 4594.74 6540.78 4602.53 6536.37 4726.38 6317.53 4718.59
26071-203-M6-320-00061 0.1647346466779709 3886.56 4618.28 4080.70 4606.35 4089.64 4751.83 3895.49 4763.75
26071-203-M6-320-00061 0.16029968857765198 2745.73 1705.02 2965.10 1709.90 2963.09 1800.37 2743.71 1795.49
26071-203-M6-320-00061 0.15452708303928375 3294.75 1695.05 3502.40 1706.30 3497.01 1805.79 3289.36 1794.54
26071-203-M6-320-00061 0.14925087988376617 3343.87 4610.65 3565.76 4605.94 3567.95 4709.14 3346.06 4713.84
26071-203-M6-320-00061 0.14795458316802979 7123.26 4595.18 7357.90 4605.56 7353.06 4714.92 7118.43 4704.54
26071-203-M6-320-00061 0.14631424844264984 3076.96 4605.28 3314.80 4614.82 3310.69 4717.42 3072.84 4707.88
26071-203-M6-320-00061 0.14424636960029602 4411.52 4614.37 4658.44 4615.58 4657.96 4712.95 4411.04 4711.74
26071-203-M6-320-00061 0.14282269775867462 3012.07 1702.37 3243.37 1703.32 3242.95 1805.89 3011.65 1804.93
26071-203-M6-320-00061 0.14189358055591583 4909.33 1689.44 5117.49 1701.50 5112.09 1794.59 4903.94 1782.53
26071-203-M6-320-00061 0.12740658223628998 4346.19 1693.21 4589.48 1702.89 4585.79 1795.53 4342.51 1785.85
26071-203-M6-320-00061 0.12519703805446625 5229.43 4608.57 5470.21 4613.59 5468.13 4713.06 5227.36 4708.04
26071-203-M6-320-00061 0.11875386536121368 6251.42 1687.09 6488.62 1705.23 6481.03 1804.51 6243.83 1786.38
26071-203-M6-320-00061 0.11853806674480438 4612.92 1691.99 4850.37 1703.71 4845.75 1797.45 4608.29 1785.74
26071-203-M6-320-00061 0.11581215262413025 5506.39 4609.10 5721.14 4592.51 5729.89 4705.78 5515.15 4722.38
26071-203-M6-320-00061 0.11176905035972595 3835.46 1666.62 4014.56 1676.70 4006.62 1817.70 3827.52 1807.62
26071-203-M6-320-00061 0.10908816009759903 5967.24 1691.84 6200.48 1704.27 6195.44 1798.73 5962.20 1786.29
26071-203-M6-320-00061 0.10243382304906845 3575.90 1688.06 3786.46 1695.11 3782.17 1823.21 3571.61 1816.16
26071-203-M6-320-00061 0.10068615525960922 5741.32 1690.79 5925.24 1701.48 5918.98 1809.20 5735.06 1798.51
26071-203-M6-320-00061 0.10062895715236664 5453.27 1687.52 5651.21 1696.62 5646.01 1809.61 5448.08 1800.50
26071-203-M6-320-00061 0.0980786457657814 3627.40 4593.60 3840.78 4597.58 3838.27 4732.27 3624.88 4728.30
26071-203-M6-320-00061 0.09616108983755112 6540.14 1691.70 6752.78 1714.30 6742.02 1815.52 6529.38 1792.92
26071-203-M6-320-00061 0.09347926080226898 2215.71 1664.01 2402.57 1668.27 2399.44 1805.54 2212.58 1801.28
26071-203-M6-320-00061 0.0917126014828682 2260.30 4585.30 2486.29 4600.59 2477.29 4733.77 2251.29 4718.49
26071-203-M6-320-00061 0.0868726372718811 6848.65 4591.48 7074.93 4596.78 7071.74 4733.09 6845.45 4727.79
26071-203-M6-320-00061 0.08537580072879791 4118.94 1658.40 4289.46 1666.78 4282.81 1802.02 4112.30 1793.64
26071-203-M6-320-00061 0.08164545148611069 5179.68 1701.35 5363.92 1696.30 5366.46 1788.80 5182.22 1793.85
26071-203-M6-320-00061 0.0757841020822525 6583.03 4595.82 6791.38 4602.90 6787.62 4713.57 6579.27 4706.49
26071-203-M6-320-00061 0.07248947769403458 2480.77 1663.79 2650.50 1663.57 2650.68 1801.09 2480.95 1801.31
26071-203-M6-320-00061 0.07164844125509262 4951.95 4587.00 5183.37 4600.79 5175.60 4731.11 4944.19 4717.33
26071-203-M6-320-00061 0.07094389945268631 4620.55 4780.50 4737.20 4806.29 4711.01 4924.71 4594.37 4898.92
26071-203-M6-320-00061 0.0684385821223259 7321.74 4779.66 7437.95 4807.23 7409.78 4925.94 7293.57 4898.36
26071-203-M6-320-00061 0.06460744887590408 2374.98 1329.30 2525.87 1341.19 2515.21 1476.44 2364.31 1464.54
26071-203-M6-320-00061 0.06432344019412994 1957.70 1703.21 2121.54 1701.11 2122.89 1806.47 1959.05 1808.57
26071-203-M6-320-00061 0.05687277764081955 1998.56 4589.15 2205.96 4599.25 2199.64 4729.03 1992.24 4718.93
26071-203-M6-320-00061 0.055080872029066086 3868.72 1852.91 3991.84 1855.64 3989.17 1976.46 3866.05 1973.73
26071-203-M6-320-00061 0.053858522325754166 297.80 4004.01 406.05 4003.82 406.29 4135.03 298.04 4135.23
26071-203-M6-320-00061 0.05182299017906189 2993.61 4788.34 3113.47 4802.00 3100.24 4918.15 2980.38 4904.50
26071-203-M6-320-00061 0.051757458597421646 4015.50 1519.38 4130.85 1537.33 4112.26 1656.76 3996.91 1638.81
26071-203-M6-320-00061 0.05154156684875488 6568.89 1852.29 6691.63 1855.56 6688.38 1977.34 6565.64 1974.06
26071-203-M6-320-00061 0.05115146189928055 3991.48 1320.76 4147.43 1328.49 4140.79 1462.68 3984.84 1454.95
26071-203-M6-320-00061 0.05009486526250839 5691.40 4790.06 5811.74 4800.83 5801.28 4917.76 5680.94 4906.99
26071-600-M6-065-00037 0.11850718408823013 5713.05 2914.18 5864.88 2907.98 5871.07 3059.70 5719.25 3065.90
26071-600-M6-065-00037 0.09192536026239395 5358.57 3579.79 5690.88 3671.68 5514.06 4311.12 5181.75 4219.24
26071-600-M6-065-00037 0.09051090478897095 1306.73 6257.83 1810.61 6195.32 1845.34 6475.21 1341.45 6537.72
26071-600-M6-065-00037 0.08752047270536423 1075.58 2775.62 1226.43 2721.53 1281.58 2875.33 1130.74 2929.43
26071-600-M6-065-00037 0.08483706414699554 2917.49 2911.85 3059.84 2919.35 3051.41 3079.47 2909.06 3071.97
26071-600-M6-065-00037 0.08143025636672974 4171.18 6249.54 4323.93 6230.84 4342.10 6379.18 4189.35 6397.88
26071-600-M6-065-00037 0.07602061331272125 5983.87 3922.45 6202.07 4124.52 6118.69 4214.55 5900.49 4012.48
26071-600-M6-065-00037 0.07583815604448318 2050.63 3369.14 2395.10 3404.42 2328.32 4056.39 1983.85 4021.11
26071-600-M6-065-00037 0.07253280282020569 1539.77 5982.15 1670.88 6008.45 1659.23 6066.56 1528.12 6040.26
26071-600-M6-065-00037 0.0725170150399208 7494.35 5062.03 7643.07 5057.94 7647.32 5212.40 7498.60 5216.50
26071-600-M6-065-00037 0.06588790565729141 7308.77 2461.86 7464.51 2448.68 7477.55 2602.69 7321.81 2615.88
26071-600-M6-065-00037 0.0651944950222969 4450.57 4162.84 4713.14 4214.59 4690.30 4330.46 4427.74 4278.72
26071-600-M6-065-00037 0.06434153765439987 2607.05 4002.96 2689.84 3922.49 2894.29 4132.85 2811.50 4213.32
26071-600-M6-065-00037 0.06350354850292206 4354.34 6360.38 4410.16 6352.69 4422.73 6443.98 4366.92 6451.67
26071-600-M6-065-00037 0.06298226118087769 6129.45 2243.73 6280.33 2254.65 6269.46 2404.78 6118.58 2393.86
26071-600-M6-065-00037 0.06104139983654022 2492.19 2150.09 2637.31 2159.00 2628.13 2308.59 2483.00 2299.68
26071-600-M6-065-00037 0.06060323119163513 6294.77 2285.31 6421.30 2294.17 6416.83 2358.02 6290.30 2349.16
26071-600-M6-065-00037 0.05579997971653938 1343.93 6058.50 1621.44 6050.29 1625.68 6193.73 1348.17 6201.94
26071-600-M6-065-00037 0.050301648676395416 5811.63 1807.36 5948.30 1844.86 5898.18 2027.56 5761.51 1990.06
26071-300-M6-053-00010 0.08933117240667343 3202.50 4120.74 3572.34 4114.20 3583.39 4739.46 3213.55 4746.00
26071-300-M6-053-00010 0.08135636895895004 7049.12 3127.16 7132.90 3134.78 7124.81 3223.77 7041.03 3216.16
26071-300-M6-053-00010 0.07208818197250366 5312.47 2487.91 5456.87 2417.14 5524.21 2554.54 5379.80 2625.31
26071-300-M6-053-00010 0.06936442106962204 2039.50 4314.22 2705.54 4342.69 2694.14 4609.34 2028.10 4580.86
26071-300-M6-053-00010 0.0585392564535141 7627.04 3288.19 7744.67 3300.28 7732.24 3421.19 7614.61 3409.10
26071-300-M6-053-00010 0.058422256261110306 5728.78 1814.97 5853.44 1821.12 5850.97 1871.18 5726.31 1865.02
26071-300-M6-053-00010 0.056797534227371216 3883.89 3024.90 4030.52 3028.70 4026.35 3189.89 3879.72 3186.10
26071-300-M6-053-00010 0.055476848036050797 5026.86 2452.33 5180.90 2448.92 5184.59 2615.46 5030.55 2618.88
26071-300-M6-053-00010 0.05328629910945892 3206.61 4160.00 3245.53 4159.02 3247.12 4221.76 3208.20 4222.74
26071-300-M6-053-00010 0.053048502653837204 4731.23 6358.36 5064.46 6397.81 5046.66 6548.16 4713.43 6508.71
26071-300-M6-053-00010 0.052580662071704865 4118.00 3242.56 4165.57 3242.38 4165.93 3339.50 4118.37 3339.68
26071-300-M6-053-00010 0.051338959485292435 5815.67 294.60 5955.46 308.55 5939.41 469.32 5799.63 455.36
26071-203-M6-320-00042 0.13442379236221313 4798.43 5397.49 5121.59 5397.24 5121.65 5465.91 4798.48 5466.15
26071-203-M6-320-00042 0.059762466698884964 4813.19 5316.34 5114.62 5329.99 5111.39 5401.21 4809.97 5387.55
26071-203-M6-320-00042 0.052288174629211426 3968.10 3057.94 4118.59 3075.53 4100.75 3228.23 3950.26 3210.64
26071-200-M6-052-00540 0.08944190293550491 1859.56 370.77 2606.39 407.54 2589.55 749.73 1842.72 712.96
26071-200-M6-052-00540 0.08638309687376022 5085.99 5860.11 5773.06 5857.51 5774.16 6150.30 5087.09 6152.89
26071-200-M6-052-00540 0.06770191341638565 5240.92 5308.95 5305.01 5313.40 5276.58 5722.88 5212.49 5718.44
26071-200-M6-052-00540 0.0627870038151741 7030.65 5297.99 7093.84 5300.46 7077.56 5717.02 7014.37 5714.55
26071-200-M6-052-00540 0.05951858311891556 5546.88 388.45 6279.07 429.65 6262.49 724.20 5530.31 682.99
26071-200-M6-052-00540 0.05683235079050064 2528.12 387.43 3327.99 386.78 3328.23 687.35 2528.36 688.01
26071-200-M6-052-00540 0.054244812577962875 4659.26 5310.51 4719.91 5317.46 4675.22 5707.59 4614.57 5700.64
26071-200-M6-052-00540 0.05319057032465935 1724.81 5280.90 1791.36 5284.53 1768.05 5712.21 1701.49 5708.58
26071-200-M6-052-00540 0.050908032804727554 1349.45 5326.15 1406.35 5329.36 1386.19 5686.62 1329.29 5683.41
26071-200-M6-052-00540 0.05041534826159477 5972.77 4873.77 6042.04 4862.66 6069.66 5034.86 6000.39 5045.97
26071-200-M6-052-00540 0.05012449622154236 2556.75 5355.21 2615.26 5359.62 2591.28 5677.84 2532.78 5673.43
26071-203-M6-160-00291 0.1700712889432907 6181.10 3247.48 6462.36 3269.89 6450.38 3420.19 6169.13 3397.78
26071-203-M6-160-00291 0.12054886668920517 2906.58 2136.23 3521.41 2148.26 3515.62 2444.01 2900.79 2431.98
26071-203-M6-160-00291 0.10993820428848267 4277.18 3032.54 4428.40 3053.53 4408.31 3198.29 4257.09 3177.30
26071-203-M6-160-00291 0.10968398302793503 2872.50 3615.22 3707.33 3614.78 3707.46 3867.23 2872.63 3867.67
26071-203-M6-160-00291 0.0756562203168869 2106.82 3619.81 2894.81 3541.82 2916.99 3765.99 2129.00 3843.98
26071-203-M6-160-00291 0.06418353319168091 1189.01 3009.98 1523.21 2999.37 1526.52 3103.53 1192.32 3114.14
26071-203-M6-160-00291 0.06290758401155472 2532.14 5115.19 2593.84 5101.89 2632.05 5279.18 2570.35 5292.48
26071-203-M6-160-00291 0.06199076399207115 5488.28 5550.14 5650.56 5570.78 5633.39 5705.77 5471.11 5685.13
26071-203-M6-160-00291 0.057167623192071915 2153.44 4488.73 2221.49 4487.46 2223.21 4579.03 2155.15 4580.30
26071-203-M6-160-00291 0.056292302906513214 1868.63 1288.91 2022.41 1277.91 2033.90 1438.64 1880.12 1449.64
26071-203-M6-160-00291 0.05381856858730316 1436.56 1293.19 1589.29 1296.80 1585.75 1446.10 1433.03 1442.48
26071-203-M6-160-00291 0.052618786692619324 4878.75 5515.81 5202.75 5525.06 5199.55 5636.95 4875.56 5627.69
26071-203-M6-160-00291 0.052479974925518036 4656.23 4488.66 4712.68 4485.20 4718.64 4582.26 4662.19 4585.73
26071-203-M6-160-00291 0.0513027124106884 6207.07 3374.97 6562.50 3433.92 6547.52 3524.23 6192.09 3465.28
26071-203-M6-160-00291 0.05047451704740524 1570.46 2918.42 1719.03 2926.22 1711.18 3075.74 1562.60 3067.93
26071-203-M6-160-00291 0.05032983422279358 1859.37 2061.60 2010.50 2043.87 2027.88 2191.99 1876.75 2209.72
26071-600-M6-066-00002 0.10310196131467819 4278.90 2484.29 4429.58 2485.31 4428.40 2658.78 4277.72 2657.76
26071-600-M6-066-00002 0.10260217636823654 4287.77 3511.27 4448.84 3539.49 4422.15 3691.88 4261.08 3663.67
26071-600-M6-066-00002 0.09351075440645218 4766.80 2507.05 5088.86 2510.81 5088.03 2582.07 4765.97 2578.31
26071-600-M6-066-00002 0.07113707065582275 3768.90 2361.26 3813.72 2372.40 3794.07 2451.46 3749.26 2440.33
26071-600-M6-066-00002 0.06638863682746887 3766.37 4465.85 3811.10 4476.24 3793.37 4552.64 3748.64 4542.25
26071-300-M6-053-00008 0.15381962060928345 5229.07 1959.84 5934.68 2041.56 5896.15 2374.29 5190.53 2292.57
26071-300-M6-053-00008 0.08083982020616531 4860.24 667.06 5014.71 678.29 5004.41 820.05 4849.94 808.82
26071-300-M6-053-00008 0.06570091843605042 5262.06 4711.63 5871.08 4804.54 5831.35 5064.95 5222.33 4972.04
26071-300-M6-053-00008 0.05250748246908188 3601.51 380.80 3906.65 383.26 3906.19 440.74 3601.04 438.28
26071-300-M6-053-00008 0.050755031406879425 5679.90 942.45 5850.68 945.99 5848.59 1046.59 5677.81 1043.04
26071-300-M6-053-00008 0.050752438604831696 3577.44 3968.37 3720.46 3986.72 3700.64 4141.27 3557.61 4122.92
26071-203-M6-060-00001 0.0771879255771637 4296.05 1148.83 4451.99 1161.02 4440.22 1311.46 4284.29 1299.27
26071-203-M6-060-00001 0.058351580053567886 2066.72 4706.85 2384.58 4694.17 2389.44 4816.05 2071.58 4828.73
26071-203-M6-060-00001 0.05804465338587761 2070.42 5688.61 2398.79 5683.02 2400.03 5755.42 2071.66 5761.01
26071-203-M6-060-00001 0.05649936944246292 3614.36 4609.94 3704.05 4609.34 3704.68 4703.04 3614.98 4703.64
26071-203-M6-060-00001 0.055354245007038116 4609.84 1166.30 4730.12 1175.36 4721.01 1296.15 4600.73 1287.09
26071-203-M6-060-00001 0.05414184182882309 3419.25 1259.21 3581.11 1261.29 3579.09 1418.80 3417.22 1416.72
26071-203-M6-060-00001 0.05101548135280609 3411.37 5375.74 3567.31 5352.27 3589.33 5498.53 3433.39 5522.00
26071-200-M6-063-00010 0.1344045251607895 3985.37 3508.79 4023.81 3512.00 4017.95 3582.21 3979.51 3579.00
26071-200-M6-063-00010 0.13163204491138458 2667.20 3685.35 2955.31 3693.76 2951.98 3807.98 2663.87 3799.57
26071-200-M6-063-00010 0.10016012191772461 4285.08 2233.80 4441.44 2254.31 4422.74 2396.86 4266.39 2376.35
26071-200-M6-063-00010 0.07755330950021744 5091.69 2125.09 5257.79 2128.67 5254.89 2263.12 5088.79 2259.54
26071-200-M6-063-00010 0.07533495128154755 5062.60 1730.44 5214.26 1706.28 5238.94 1861.25 5087.28 1885.41
26071-200-M6-063-00010 0.07109226286411285 4935.06 1876.71 5016.56 1908.40 4984.31 1991.33 4902.81 1959.64
26071-200-M6-063-00010 0.06317200511693954 3954.45 3510.63 3989.44 3514.54 3980.49 3594.74 3945.49 3590.83
26071-200-M6-063-00010 0.06247587874531746 2752.34 4345.01 2875.32 4343.97 2875.73 4392.40 2752.75 4393.44
26071-200-M6-063-00010 0.06100436672568321 2560.67 3962.99 3094.82 3967.27 3093.16 4174.35 2559.01 4170.07
26071-200-M6-063-00010 0.05909125134348869 6795.93 1769.81 7091.46 1787.79 7083.82 1913.44 6788.28 1895.46
26071-203-M6-060-00006 0.21298784017562866 2905.50 3811.37 2971.32 3810.27 2973.80 3958.72 2907.98 3959.83
26071-203-M6-060-00006 0.18253469467163086 3331.89 4213.93 3758.41 4186.72 3771.97 4399.30 3345.45 4426.51
26071-203-M6-060-00006 0.16979624330997467 3454.99 3822.58 3528.84 3814.09 3545.92 3962.65 3472.07 3971.14
26071-203-M6-060-00006 0.14786124229431152 2711.45 4225.11 3145.35 4196.86 3158.68 4401.56 2724.78 4429.81
26071-203-M6-060-00006 0.11213111877441406 6356.28 4047.67 7294.80 3967.77 7318.58 4246.99 6380.05 4326.90
26071-203-M6-060-00006 0.1040143147110939 6620.71 4021.00 6973.15 4017.36 6973.89 4089.05 6621.45 4092.69
26071-203-M6-060-00006 0.07385098934173584 5471.33 2515.57 5644.15 2513.85 5645.17 2616.92 5472.35 2618.64
26071-203-M6-060-00006 0.06800533831119537 2748.94 3865.31 2884.94 3862.47 2885.87 3906.72 2749.86 3909.57
26071-203-M6-060-00006 0.06312759220600128 5914.82 4114.66 6432.30 4104.56 6436.42 4315.25 5918.93 4325.35
26071-203-M6-060-00006 0.05384277179837227 2962.67 2391.88 3144.92 2379.88 3152.45 2494.33 2970.20 2506.32
26071-675-M6-068-00041 0.05964179337024689 2672.65 4162.33 2790.99 4169.76 2783.46 4289.60 2665.12 4282.16
26071-675-M6-068-00041 0.05937911197543144 5673.62 4162.67 5792.53 4170.67 5784.44 4290.90 5665.53 4282.89
26071-300-M6-053-00012 0.0960385650396347 5098.92 2243.05 5689.20 2255.63 5684.22 2489.51 5093.94 2476.93
26071-300-M6-053-00012 0.0946059376001358 4161.45 3428.19 4404.02 3402.79 4458.27 3920.93 4215.70 3946.33
26071-300-M6-053-00012 0.08623144030570984 2377.74 3245.91 2506.02 3242.17 2507.74 3301.12 2379.46 3304.86
26071-300-M6-053-00012 0.07371900975704193 2416.73 1560.67 2569.55 1564.50 2565.71 1717.55 2412.89 1713.71
26071-300-M6-053-00012 0.06723961979150772 5520.17 1589.72 5606.31 1627.27 5575.32 1698.36 5489.18 1660.81
26071-300-M6-053-00012 0.0649634450674057 4364.69 4488.26 4534.19 4479.47 4539.29 4577.76 4369.79 4586.56
26071-300-M6-053-00012 0.0633530467748642 4992.37 4614.77 5168.42 4610.11 5171.15 4713.12 4995.10 4717.78
26071-300-M6-053-00012 0.05427545681595802 6958.52 1421.98 7110.74 1430.22 7102.90 1575.24 6950.67 1567.00
26071-300-M6-053-00012 0.05378498136997223 4015.56 4400.65 4189.59 4406.46 4186.48 4499.74 4012.45 4493.93
26071-450-M6-082-00221 0.10199853032827377 4573.05 2626.39 4658.52 2642.19 4640.92 2737.37 4555.45 2721.57
26071-450-M6-082-00221 0.09219605475664139 4579.44 3926.84 4661.42 3951.30 4634.62 4041.12 4552.64 4016.65
26071-450-M6-082-00221 0.08141256868839264 4568.95 5215.06 4657.74 5231.27 4641.45 5320.50 4552.66 5304.29
26071-450-M6-082-00221 0.07647807151079178 6676.42 1360.24 6804.22 1358.98 6804.81 1418.63 6677.01 1419.88
26071-450-M6-082-00221 0.07262483984231949 4672.55 3958.71 4795.81 3959.11 4795.63 4015.78 4672.37 4015.39
26071-450-M6-082-00221 0.06682444363832474 4671.08 2662.32 4795.84 2663.57 4795.29 2717.90 4670.53 2716.64
26071-450-M6-082-00221 0.06213730573654175 6586.04 1326.42 6666.63 1348.48 6640.29 1444.71 6559.70 1422.65
26071-450-M6-082-00221 0.053483765572309494 4667.28 5239.81 4800.11 5242.24 4798.74 5317.42 4665.90 5314.99
26071-675-M6-068-00034 0.5814539194107056 6738.07 2949.17 6952.05 2972.74 6938.28 3097.84 6724.30 3074.27
26071-675-M6-068-00034 0.5288138389587402 4928.59 3140.83 5163.21 3160.86 5153.27 3277.26 4918.65 3257.22
26071-675-M6-068-00034 0.07600650191307068 2685.05 4768.00 3117.82 4922.09 3038.37 5145.21 2605.61 4991.12
26071-675-M6-068-00034 0.06109583005309105 4059.51 669.78 4197.17 678.03 4188.39 824.47 4050.73 816.22
26071-675-M6-068-00034 0.05409863591194153 3471.60 4789.89 3943.09 4928.17 3874.77 5161.09 3403.29 5022.80
26071-675-M6-068-00034 0.050394874066114426 6595.67 3096.55 6931.16 3123.96 6919.02 3272.46 6583.54 3245.05
26071-450-M6-082-00031 0.11228185892105103 4287.95 1863.89 4428.21 1879.95 4411.61 2024.88 4271.35 2008.82
26071-450-M6-082-00031 0.08766381442546844 4731.59 3837.03 4960.33 3842.38 4958.11 3937.42 4729.37 3932.07
26071-450-M6-082-00031 0.08072584122419357 2713.14 1782.15 2884.14 1795.92 2875.63 1901.56 2704.64 1887.80
26071-450-M6-082-00031 0.07048787921667099 3053.73 3227.36 3582.00 3193.57 3597.68 3438.73 3069.42 3472.53
26071-450-M6-082-00031 0.06877337396144867 2989.58 1573.36 3133.71 1582.74 3124.06 1731.11 2979.92 1721.72
26071-450-M6-082-00031 0.05707903951406479 5467.88 3354.19 5527.72 3354.21 5527.69 3447.94 5467.85 3447.92
26071-450-M6-082-00031 0.0520344153046608 5160.97 5925.51 5326.73 5915.48 5335.51 6060.54 5169.75 6070.57
26071-450-M6-082-00031 0.05005393549799919 5599.15 2990.65 5977.11 2988.78 5977.52 3072.48 5599.56 3074.36
26071-200-M6-062-00276 0.06984628736972809 4044.96 4180.47 4206.39 4147.54 4273.52 4476.65 4112.09 4509.58
26071-200-M6-062-00276 0.06651660054922104 2928.33 5336.96 3854.10 5374.54 3846.29 5566.93 2920.52 5529.34
26071-200-M6-062-00276 0.066393181681633 4135.96 4793.50 4459.57 4917.62 4407.18 5054.21 4083.57 4930.09
26071-200-M6-062-00276 0.06619377434253693 1393.47 1901.42 1556.17 1892.63 1564.44 2045.72 1401.75 2054.51
26071-200-M6-062-00276 0.06265813857316971 2144.65 1766.12 2231.56 1776.90 2220.13 1868.97 2133.22 1858.18
26071-200-M6-062-00276 0.05538077652454376 3802.95 3706.17 3938.85 3667.25 3982.23 3818.74 3846.33 3857.65
26071-200-M6-062-00276 0.05414978787302971 6375.42 4466.26 6722.01 4464.02 6722.75 4578.66 6376.16 4580.90
26071-200-M6-062-00276 0.05249329283833504 3936.78 4555.91 4264.84 4603.85 4185.62 5145.96 3857.56 5098.02
26071-500-M6-059-00011 0.09787172824144363 3557.45 3418.15 4258.71 3483.73 4227.20 3820.67 3525.94 3755.09
26071-500-M6-059-00011 0.09674931317567825 4310.84 4752.43 4731.59 4796.17 4714.48 4960.74 4293.73 4917.00
26071-500-M6-059-00011 0.086737260222435 6604.28 2736.80 6750.19 2719.88 6767.91 2872.58 6622.00 2889.51
26071-500-M6-059-00011 0.08513341099023819 5249.14 2080.61 5300.47 2082.20 5297.11 2190.43 5245.79 2188.85
26071-500-M6-059-00011 0.08188366144895554 3451.68 3991.50 4204.56 4003.34 4200.32 4273.22 3447.44 4261.39
26071-500-M6-059-00011 0.0740460678935051 6315.09 2683.97 6366.55 2684.90 6364.80 2781.30 6313.34 2780.37
26071-500-M6-059-00011 0.07252765446901321 5782.50 2388.54 5833.46 2389.05 5832.45 2490.24 5781.49 2489.73
26071-500-M6-059-00011 0.07139820605516434 3738.51 365.06 4026.86 357.91 4028.69 431.51 3740.33 438.66
26071-500-M6-059-00011 0.06469950824975967 3545.64 5229.12 3847.27 5026.58 4209.31 5565.74 3907.68 5768.28
26071-500-M6-059-00011 0.063865065574646 4724.99 1788.71 4773.61 1787.70 4775.87 1896.75 4727.25 1897.75
26071-500-M6-059-00011 0.06377188116312027 6075.66 2439.92 6222.20 2424.79 6237.66 2574.56 6091.11 2589.68
26071-500-M6-059-00011 0.06255955249071121 4483.58 1548.32 4629.58 1557.29 4620.77 1700.67 4474.77 1691.70
26071-500-M6-059-00011 0.06072903797030449 5543.59 2150.42 5687.35 2127.67 5710.92 2276.50 5567.16 2299.26
26071-500-M6-059-00011 0.05793052539229393 6893.45 2958.34 7058.75 3013.59 7028.65 3103.62 6863.36 3048.37
26071-500-M6-059-00011 0.05585578829050064 6845.65 2985.44 6897.32 2985.66 6896.90 3083.75 6845.23 3083.53
26071-500-M6-059-00011 0.05511192977428436 5258.90 6202.70 5423.34 6200.80 5424.50 6301.11 5260.06 6303.01
26071-500-M6-059-00011 0.054097965359687805 4877.84 6199.29 5043.75 6193.47 5047.00 6285.98 4881.08 6291.80
26071-500-M6-059-00011 0.05333651229739189 6255.71 2679.57 6302.69 2691.24 6291.52 2736.19 6244.55 2724.52
26071-500-M6-059-00011 0.05220749229192734 6193.70 993.48 6341.62 1010.49 6323.79 1165.58 6175.87 1148.57
26071-600-M6-065-00021 0.1596759706735611 2098.44 1399.75 2733.77 1383.91 2740.70 1661.70 2105.37 1677.54
26071-600-M6-065-00021 0.07204172760248184 2234.08 1464.02 2343.42 1473.25 2334.15 1583.12 2224.81 1573.90
26071-600-M6-065-00021 0.07056260108947754 6294.00 6179.35 7004.54 6135.84 7022.15 6423.48 6311.61 6466.99
26071-600-M6-065-00021 0.06123616546392441 2868.61 4010.20 2957.93 4028.54 2938.85 4121.44 2849.54 4103.10
26071-600-M6-065-00021 0.057703301310539246 7147.02 5512.61 7500.97 5507.44 7502.17 5589.42 7148.22 5594.59
26071-600-M6-065-00021 0.056962694972753525 5155.15 2666.89 5279.44 2658.22 5282.43 2701.10 5158.14 2709.76
26071-600-M6-065-00021 0.05653532221913338 4504.63 1324.95 4653.70 1304.96 4673.07 1449.43 4524.00 1469.42
26071-600-M6-065-00021 0.054058194160461426 3936.94 5571.42 4011.96 5560.27 4025.31 5650.01 3950.28 5661.17
26071-600-M6-065-00021 0.05378207564353943 5672.86 5570.89 5748.44 5560.13 5761.30 5650.37 5685.71 5661.13
26071-600-M6-065-00021 0.05324455350637436 4781.08 1515.88 4946.24 1528.30 4938.58 1630.23 4773.42 1617.81
26071-600-M6-065-00021 0.05297977477312088 5034.73 4801.45 5546.10 4807.61 5544.11 4972.91 5032.73 4966.76
26071-600-M6-065-00021 0.052717696875333786 5677.35 3990.88 5828.87 3959.39 5861.87 4118.15 5710.35 4149.64
26071-500-M6-059-00013 0.19662605226039886 5166.26 5168.84 5319.34 5172.05 5316.18 5322.37 5163.10 5319.16
26071-500-M6-059-00013 0.12757368385791779 5303.31 1752.98 5555.50 1758.49 5553.16 1865.84 5300.97 1860.33
26071-500-M6-059-00013 0.09077243506908417 2884.15 4826.97 3436.69 4947.29 3383.82 5190.09 2831.28 5069.77
26071-500-M6-059-00013 0.06914908438920975 5467.01 2390.77 5518.89 2391.70 5517.06 2492.70 5465.18 2491.77
26071-500-M6-059-00013 0.05565234646201134 6175.19 3542.98 6227.22 3544.36 6224.69 3639.87 6172.66 3638.49
26071-500-M6-059-00013 0.05300740897655487 6927.97 2235.13 7138.27 2245.97 7133.37 2341.08 6923.07 2330.23
26071-500-M6-059-00013 0.050583548843860626 2663.38 5567.49 2828.20 5579.80 2816.79 5732.69 2651.96 5720.38
26071-500-M6-059-00044 0.7111087441444397 2842.01 1959.03 2927.93 2023.45 2868.66 2102.50 2782.75 2038.09
26071-500-M6-059-00044 0.14232192933559418 4295.22 2988.75 4575.39 2998.72 4568.90 3181.27 4288.72 3171.30
26071-500-M6-059-00044 0.1279170662164688 2747.03 2082.73 2955.42 2111.41 2938.20 2236.48 2729.81 2207.80
26071-500-M6-059-00044 0.11196720600128174 7284.70 6056.48 7343.06 6062.20 7332.38 6171.14 7274.02 6165.41
26071-500-M6-059-00044 0.10978933423757553 1880.32 3955.98 2038.34 3963.44 2031.19 4114.97 1873.17 4107.51
26071-500-M6-059-00044 0.10345900803804398 3420.85 3961.56 3577.34 3967.48 3571.42 4124.14 3414.92 4118.22
26071-500-M6-059-00044 0.09585242718458176 6998.82 3961.72 7151.63 3969.59 7143.59 4125.52 6990.78 4117.65
26071-500-M6-059-00044 0.08586790412664413 1061.07 2395.61 1376.67 2394.41 1377.09 2505.34 1061.49 2506.54
26071-500-M6-059-00044 0.08158832788467407 5466.78 3952.16 5621.52 3966.66 5606.11 4131.10 5451.36 4116.60
26071-500-M6-059-00044 0.080098457634449 1744.26 4356.44 1832.29 4333.72 1896.96 4584.29 1808.93 4607.01
26071-500-M6-059-00044 0.07076174020767212 7131.64 6129.62 7278.48 6128.69 7278.78 6176.92 7131.95 6177.84
26071-500-M6-059-00044 0.06916921585798264 5343.83 4323.74 5458.22 4315.15 5479.72 4601.40 5365.33 4609.99
26071-500-M6-059-00044 0.06849444657564163 6657.18 883.41 6708.75 882.74 6709.96 975.36 6658.39 976.03
26071-500-M6-059-00044 0.06623397022485733 6433.84 661.53 6581.65 653.42 6590.20 809.30 6442.39 817.41
26071-500-M6-059-00044 0.0625355914235115 4960.41 1939.20 5401.25 1906.30 5452.08 2587.49 5011.24 2620.39
26071-500-M6-059-00044 0.05827152729034424 1217.60 3379.70 1364.01 3386.23 1357.41 3534.22 1210.99 3527.68
26071-500-M6-059-00044 0.05570067837834358 4209.67 2263.21 4469.73 2261.68 4470.62 2412.34 4210.55 2413.87
26071-200-M6-052-00093 0.3097725212574005 5158.16 6218.97 5254.30 6207.91 5264.22 6294.19 5168.09 6305.25
26071-200-M6-052-00093 0.11534266173839569 3956.99 2261.34 4598.03 2197.85 4618.66 2406.14 3977.62 2469.63
26071-200-M6-052-00093 0.09690457582473755 3973.87 4480.47 4619.00 4408.97 4641.96 4616.13 3996.83 4687.63
26071-200-M6-052-00093 0.09668867290019989 3935.34 1414.96 4538.97 1398.62 4545.48 1639.06 3941.85 1655.40
26071-200-M6-052-00093 0.09147070348262787 3878.46 3736.99 4513.13 3714.47 4521.45 3948.82 3886.78 3971.34
26071-200-M6-052-00093 0.08707976341247559 4427.33 4051.07 4583.07 4050.15 4583.92 4193.25 4428.18 4194.18
26071-200-M6-052-00093 0.08274593204259872 6408.45 3574.96 6479.95 3584.24 6472.09 3644.81 6400.59 3635.53
26071-200-M6-052-00093 0.07443152368068695 4268.31 4173.30 4387.92 4188.49 4372.84 4307.25 4253.23 4292.06
26071-200-M6-052-00093 0.07322175055742264 4872.41 1486.09 5016.91 1459.77 5042.42 1599.86 4897.92 1626.17
26071-200-M6-052-00093 0.06645309180021286 2443.33 4542.10 2705.80 4550.61 2702.81 4643.04 2440.33 4634.52
26071-200-M6-052-00093 0.06306707113981247 2463.73 2184.05 2722.96 2185.92 2722.30 2277.65 2463.06 2275.78
26071-200-M6-052-00093 0.05871538445353508 3348.05 3980.18 3503.10 3988.19 3495.31 4138.87 3340.26 4130.86
26071-200-M6-052-00093 0.053344592452049255 4604.42 3842.85 4757.96 3856.88 4742.07 4030.84 4588.53 4016.82
26071-200-M6-052-00093 0.052645936608314514 6522.03 3357.05 6675.91 3374.79 6658.28 3527.61 6504.41 3509.87
26071-200-M6-052-00002 0.16670896112918854 4400.10 2663.07 4549.44 2663.10 4549.41 2808.05 4400.07 2808.02
26071-200-M6-052-00002 0.0801464095711708 5038.11 1886.30 5128.11 1892.72 5121.49 1985.59 5031.48 1979.17
26071-200-M6-052-00002 0.0758303552865982 2925.01 3127.61 3576.25 3084.10 3591.46 3311.81 2940.22 3355.32
26071-200-M6-052-00002 0.07321566343307495 6972.02 4171.15 7091.73 4185.68 7077.10 4306.25 6957.39 4291.72
26071-200-M6-052-00002 0.06883898377418518 4682.22 3745.52 4937.53 3742.05 4938.85 3839.18 4683.54 3842.65
26071-200-M6-052-00002 0.05568009614944458 7275.83 6181.33 7420.19 6174.23 7427.77 6328.30 7283.40 6335.40
26071-200-M6-052-00002 0.05263856425881386 1297.10 1180.25 1413.83 1177.33 1416.83 1296.91 1300.09 1299.83
26071-200-M6-052-00002 0.05131661891937256 4097.64 4062.37 4135.14 4067.94 4124.91 4136.91 4087.41 4131.35
26071-200-M6-052-00002 0.050842829048633575 4632.10 4471.04 5061.84 4449.82 5072.60 4667.78 4642.86 4689.00
26071-200-M6-052-00002 0.05024920031428337 7286.90 5578.00 7433.68 5584.64 7426.83 5736.18 7280.05 5729.55
26071-675-M6-068-10002 0.279457151889801 6827.70 5999.67 7344.65 6028.25 7329.96 6294.08 6813.01 6265.50
26071-675-M6-068-10002 0.24495787918567657 6445.57 6006.55 6740.42 5964.56 6754.39 6062.65 6459.54 6104.64
26071-675-M6-068-10002 0.12878011167049408 2020.19 4434.46 2878.89 4349.58 2897.77 4540.58 2039.07 4625.46
26071-675-M6-068-10002 0.0888151228427887 6843.09 6253.99 7360.17 6251.69 7361.42 6534.03 6844.35 6536.33
26071-675-M6-068-10002 0.08398470282554626 6938.78 967.82 7430.81 977.69 7425.91 1222.02 6933.88 1212.16
26071-675-M6-068-10002 0.07953883707523346 3477.51 4700.87 4207.83 4578.39 4258.19 4878.72 3527.88 5001.20
26071-675-M6-068-10002 0.07771621644496918 3382.08 4435.99 4136.53 4376.27 4153.25 4587.48 3398.80 4647.20
26071-675-M6-068-10002 0.07575728744268417 2129.91 4948.90 2870.93 4937.45 2877.64 5371.74 2136.62 5383.19
26071-675-M6-068-10002 0.07463843375444412 5475.45 2084.34 5746.41 2085.81 5745.92 2177.22 5474.95 2175.74
26071-675-M6-068-10002 0.07417751848697662 4666.52 2098.50 4948.94 2096.77 4949.45 2180.44 4667.03 2182.18
26071-675-M6-068-10002 0.0738823264837265 3705.20 5405.32 4069.15 5400.82 4071.17 5564.32 3707.22 5568.82
26071-675-M6-068-10002 0.07239328324794769 7505.20 980.60 8369.58 1000.87 8365.18 1188.58 7500.80 1168.32
26071-675-M6-068-10002 0.06767477095127106 1842.68 1305.83 1978.78 1301.63 1982.03 1407.07 1845.94 1411.28
26071-675-M6-068-10002 0.06447151303291321 7280.63 6019.14 7410.99 6009.68 7417.66 6101.59 7287.30 6111.04
26071-675-M6-068-10002 0.0638885647058487 7280.36 1748.57 7716.35 1736.26 7720.69 1889.94 7284.69 1902.25
26071-675-M6-068-10002 0.0635237768292427 2096.28 2158.44 2955.86 2051.71 2987.80 2308.89 2128.21 2415.62
26071-675-M6-068-10002 0.06153734028339386 4725.32 783.84 5467.23 787.17 5466.15 1029.16 4724.23 1025.83
26071-675-M6-068-10002 0.05872144177556038 4509.02 1578.49 5125.70 1562.04 5130.49 1741.67 4513.81 1758.11
26071-675-M6-068-10002 0.05834050849080086 4044.58 1884.48 4153.01 1945.23 4113.44 2015.87 4005.00 1955.12
26071-675-M6-068-10002 0.057616669684648514 3715.94 1579.36 4231.58 1575.80 4232.86 1760.47 3717.22 1764.03
26071-675-M6-068-10002 0.057546548545360565 2008.52 4705.19 2894.50 4692.63 2898.29 4960.30 2012.32 4972.86
26071-675-M6-068-10002 0.05730497092008591 7515.91 6150.97 7595.21 6179.08 7552.87 6298.52 7473.58 6270.42
26071-675-M6-068-10002 0.056848522275686264 6260.83 1753.41 6634.96 1755.60 6634.15 1895.23 6260.01 1893.04
26071-675-M6-068-10002 0.05627254769206047 3674.03 2655.65 4292.10 2890.46 4173.20 3203.42 3555.13 2968.61
26071-675-M6-068-10002 0.05319652706384659 6980.71 1839.58 7134.08 1839.66 7134.03 1944.06 6980.66 1943.98
26071-675-M6-068-10002 0.05291874334216118 2215.65 2681.80 2957.76 2708.32 2951.45 2884.94 2209.34 2858.42
26071-675-M6-068-10002 0.05281396210193634 766.10 5512.21 1051.39 5515.35 1050.45 5600.52 765.16 5597.38
26071-675-M6-068-10002 0.052616339176893234 3646.41 3725.44 4357.57 3673.88 4378.33 3960.27 3667.17 4011.83
26071-675-M6-068-10002 0.052355699241161346 3867.53 2103.87 4136.10 2099.94 4137.31 2182.06 3868.73 2186.00
26071-675-M6-068-10002 0.0515919029712677 766.86 2211.53 1052.11 2216.18 1050.73 2300.92 765.48 2296.27
26071-675-M6-068-10002 0.050132475793361664 8096.06 5974.98 8286.63 6043.66 8251.62 6140.82 8061.04 6072.14
26071-750-M6-085-00012 0.2604784071445465 3131.17 4066.64 3288.82 4062.53 3292.94 4220.61 3135.29 4224.73
26071-750-M6-085-00012 0.23846599459648132 5091.51 4257.67 5488.52 4257.41 5488.66 4461.53 5091.64 4461.79
26071-750-M6-085-00012 0.18924827873706818 7250.53 4253.68 7671.15 4246.19 7674.90 4456.80 7254.28 4464.29
26071-750-M6-085-00012 0.18344713747501373 3137.72 4485.57 3288.08 4487.94 3285.59 4645.33 3135.23 4642.96
26071-750-M6-085-00012 0.17493848502635956 1318.66 1668.03 1939.68 1664.70 1941.33 1972.16 1320.31 1975.48
26071-750-M6-085-00012 0.15679092705249786 3413.22 4944.15 3569.23 4962.32 3552.46 5106.30 3396.45 5088.13
26071-750-M6-085-00012 0.13396714627742767 7026.76 3553.88 7183.25 3560.39 7177.03 3710.07 7020.53 3703.56
26071-750-M6-085-00012 0.1312294453382492 4984.72 4490.09 5134.79 4492.19 5132.69 4642.37 4982.62 4640.27
26071-750-M6-085-00012 0.1279442012310028 2861.40 5373.82 3489.78 5340.19 3503.77 5601.65 2875.40 5635.29
26071-750-M6-085-00012 0.12453210353851318 6785.52 5420.84 7425.48 5419.23 7426.02 5635.49 6786.06 5637.10
26071-750-M6-085-00012 0.12415013462305069 4277.90 5426.40 4934.75 5422.83 4935.84 5623.42 4278.99 5626.99
26071-750-M6-085-00012 0.12184260785579681 1096.71 1753.28 1246.09 1753.44 1245.88 1956.67 1096.50 1956.52
26071-750-M6-085-00012 0.11995486915111542 1280.67 2096.25 1922.96 2200.84 1876.26 2487.64 1233.97 2383.06
26071-750-M6-085-00012 0.11231906712055206 3021.31 4206.49 3570.02 4220.59 3563.71 4466.04 3015.00 4451.94
26071-750-M6-085-00012 0.11219500750303268 695.98 2670.53 784.26 2667.10 786.91 2735.45 698.64 2738.88
26071-750-M6-085-00012 0.10196398198604584 1839.90 3679.12 1934.32 3671.17 1938.71 3723.42 1844.30 3731.36
26071-750-M6-085-00012 0.10167752206325531 7167.76 4486.80 7313.60 4489.16 7311.16 4640.13 7165.32 4637.77
26071-750-M6-085-00012 0.10156416893005371 7164.22 4071.65 7315.00 4067.75 7318.81 4215.01 7168.03 4218.91
26071-750-M6-085-00012 0.09886393696069717 5154.75 1977.86 5345.72 1974.82 5347.44 2083.15 5156.47 2086.18
26071-750-M6-085-00012 0.09785241633653641 2291.80 4455.33 2447.70 4468.48 2434.96 4619.64 2279.06 4606.49
26071-750-M6-085-00012 0.08779995888471603 690.54 1761.34 1142.73 1760.86 1142.94 1953.22 690.74 1953.69
26071-750-M6-085-00012 0.0861511155962944 1662.17 2423.30 1776.07 2433.28 1765.39 2555.25 1651.48 2545.28
26071-750-M6-085-00012 0.08444002270698547 2284.43 4075.16 2438.44 4068.63 2444.76 4217.69 2290.75 4224.22
26071-750-M6-085-00012 0.08187025785446167 707.76 2145.12 1169.84 2093.12 1187.19 2247.32 725.12 2299.33
26071-750-M6-085-00012 0.08077132701873779 1645.73 2046.64 1803.61 2078.04 1770.67 2243.65 1612.79 2212.25
26071-750-M6-085-00012 0.0807449147105217 1821.14 3441.71 1986.20 3467.36 1961.19 3628.23 1796.14 3602.58
26071-750-M6-085-00012 0.07798759639263153 3663.75 2263.80 3833.91 2265.83 3832.71 2366.50 3662.55 2364.47
26071-750-M6-085-00012 0.07728724926710129 2535.47 3444.64 2682.70 3438.10 2689.62 3593.75 2542.39 3600.29
26071-750-M6-085-00012 0.07389283180236816 6253.68 3264.03 6402.93 3281.58 6385.54 3429.50 6236.28 3411.95
26071-750-M6-085-00012 0.07385618984699249 860.17 2540.27 1637.47 2543.02 1636.50 2815.20 859.20 2812.44
26071-750-M6-085-00012 0.07245982438325882 4841.06 3561.72 4993.21 3568.72 4986.38 3716.95 4834.23 3709.94
26071-750-M6-085-00012 0.0721796378493309 7756.21 972.15 7912.14 952.19 7931.63 1104.46 7775.70 1124.42
26071-750-M6-085-00012 0.0684569850564003 7339.26 1974.15 7523.43 1971.00 7525.33 2081.81 7341.15 2084.96
26071-750-M6-085-00012 0.06581582874059677 7429.48 5417.88 7719.28 5417.48 7719.49 5566.36 7429.69 5566.76
26071-750-M6-085-00012 0.0649825930595398 3051.79 3801.37 3252.87 3926.03 3175.48 4050.85 2974.41 3926.19
26071-750-M6-085-00012 0.06412242352962494 3074.61 4271.63 3121.10 4273.12 3116.32 4422.76 3069.82 4421.27
26071-750-M6-085-00012 0.06392678618431091 2594.44 3603.01 2795.30 3450.53 3116.33 3873.43 2915.48 4025.91
26071-750-M6-085-00012 0.0634380355477333 3267.35 2152.84 3451.25 2151.50 3452.06 2262.48 3268.16 2263.82
26071-750-M6-085-00012 0.06261943280696869 7651.23 1174.93 7703.35 1184.18 7685.68 1283.75 7633.57 1274.51
26071-750-M6-085-00012 0.0625227689743042 4978.73 4086.09 5127.40 4072.76 5140.13 4214.84 4991.46 4228.17
26071-750-M6-085-00012 0.061378419399261475 2532.53 5509.06 2595.33 5508.57 2596.33 5636.41 2533.54 5636.91
26071-750-M6-085-00012 0.060717348009347916 2751.63 5037.60 3487.26 5057.31 3480.79 5298.80 2745.16 5279.09
26071-750-M6-085-00012 0.05866530165076256 7680.17 4918.32 7834.39 4924.35 7828.33 5079.39 7674.10 5073.35
26071-750-M6-085-00012 0.05754362419247627 7206.49 5042.51 7920.00 5034.74 7922.60 5273.71 7209.09 5281.48
26071-750-M6-085-00012 0.0565161257982254 1704.13 3568.65 1785.23 3574.83 1775.79 3698.81 1694.69 3692.64
26071-750-M6-085-00012 0.055282801389694214 4062.65 1896.59 4239.17 1908.96 4232.03 2010.82 4055.51 1998.45
26071-750-M6-085-00012 0.05473010614514351 1118.10 2137.98 1295.98 2116.64 1326.11 2367.79 1148.23 2389.13
26071-750-M6-085-00012 0.054469458758831024 6246.53 1897.54 6422.10 1907.13 6416.54 2009.00 6240.97 1999.41
26071-750-M6-085-00012 0.05302732437849045 4958.70 5039.84 5521.25 5045.57 5519.06 5261.22 4956.51 5255.49
26071-750-M6-085-00012 0.052782926708459854 385.90 2671.47 554.90 2664.28 558.17 2741.10 389.17 2748.28
26071-750-M6-085-00012 0.052730947732925415 2834.03 3917.02 3074.06 4040.73 3011.20 4162.71 2771.17 4039.00
26071-750-M6-085-00012 0.05226656794548035 1818.67 3758.87 1961.60 3749.59 1964.74 3797.99 1821.81 3807.26
26071-750-M6-085-00012 0.05212327837944031 5101.97 4178.96 5551.56 4184.86 5550.21 4288.22 5100.61 4282.33
26071-750-M6-085-00012 0.05170556157827377 1485.43 4505.45 1544.40 4506.06 1543.27 4614.82 1484.30 4614.21
26071-200-M6-062-00277 0.07674111425876617 4222.90 5310.76 4405.34 5300.99 4411.30 5412.45 4228.86 5422.22
26071-200-M6-062-00277 0.05962824821472168 1863.98 4245.12 2038.44 4244.60 2038.78 4358.35 1864.32 4358.86
26071-200-M6-062-00277 0.05911334976553917 4791.02 1870.26 4910.17 1882.51 4897.67 2004.29 4778.51 1992.05
26071-200-M6-062-00277 0.059077393263578415 3278.68 2367.20 3460.59 2370.50 3458.84 2466.96 3276.93 2463.65
26071-200-M6-062-00277 0.05789482221007347 5171.90 5295.29 5338.22 5308.25 5328.79 5429.28 5162.47 5416.32
26071-200-M6-062-00277 0.0572533942759037 1863.29 2352.23 2040.88 2353.92 2039.76 2471.99 1862.16 2470.29
26071-200-M6-062-00277 0.05715661123394966 754.60 3622.35 1111.95 3627.07 1111.08 3693.40 753.73 3688.69
26071-200-M6-062-00277 0.056167952716350555 4065.21 3031.98 4440.64 3041.00 4438.71 3121.43 4063.28 3112.41
26071-200-M6-062-00277 0.056081775575876236 7968.85 2815.26 8084.16 2814.91 8084.54 2940.70 7969.23 2941.05
26071-200-M6-062-00277 0.05412975326180458 2227.13 4239.85 2401.97 4241.77 2400.74 4354.62 2225.89 4352.70
26071-200-M6-062-00277 0.05352911725640297 4063.11 1968.35 4433.53 1974.91 4432.05 2058.78 4061.63 2052.22
26071-200-M6-062-00277 0.052604060620069504 4062.45 2674.68 4431.88 2682.77 4430.04 2766.63 4060.61 2758.55
26071-200-M6-062-00277 0.05077378451824188 4698.92 5306.07 4876.90 5307.56 4875.91 5426.10 4697.93 5424.61
26071-200-M6-062-00277 0.05019347742199898 4063.47 3388.51 4437.42 3394.44 4436.14 3475.26 4062.19 3469.34
26071-200-M6-062-00277 0.050004519522190094 2575.94 4243.40 2756.09 4246.47 2754.15 4360.18 2574.01 4357.12
26071-600-M6-065-00259 0.21597346663475037 1974.21 5420.52 2208.53 5423.70 2206.68 5560.36 1972.35 5557.18
26071-600-M6-065-00259 0.17482751607894897 1643.30 5420.23 1880.64 5415.92 1883.43 5569.48 1646.08 5573.79
26071-600-M6-065-00259 0.1590428352355957 6148.46 5655.80 6364.38 5649.81 6368.23 5788.52 6152.31 5794.51
26071-600-M6-065-00259 0.15131869912147522 6825.22 5664.15 7102.85 5653.02 7108.47 5793.11 6830.84 5804.24
26071-600-M6-065-00259 0.11105205863714218 2401.61 3675.85 3113.02 3720.96 3097.53 3965.30 2386.11 3920.19
26071-600-M6-065-00259 0.10997828841209412 3179.10 3267.35 4035.62 3254.35 4038.99 3476.13 3182.47 3489.13
26071-600-M6-065-00259 0.10715959221124649 1197.37 5404.21 1421.25 5419.02 1414.20 5525.68 1190.32 5510.88
26071-600-M6-065-00259 0.10639891773462296 2359.78 5393.94 2547.62 5397.53 2544.38 5567.08 2356.54 5563.49
26071-600-M6-065-00259 0.10303861647844315 7418.57 5282.07 7569.44 5286.00 7565.38 5442.14 7414.50 5438.21
26071-600-M6-065-00259 0.08905524760484695 2934.45 3452.49 3626.21 3501.58 3606.93 3773.19 2915.17 3724.10
26071-600-M6-065-00259 0.08494048565626144 4446.44 1070.62 4640.44 1072.61 4639.39 1174.37 4445.40 1172.38
26071-600-M6-065-00259 0.0834781602025032 4039.62 1072.12 4229.18 1074.88 4227.77 1171.97 4038.20 1169.20
26071-600-M6-065-00259 0.0803057849407196 847.15 1975.75 998.94 1975.07 999.64 2130.07 847.85 2130.75
26071-600-M6-065-00259 0.0793614313006401 6540.22 3877.77 6804.27 3882.56 6802.44 3983.33 6538.39 3978.54
26071-600-M6-065-00259 0.06691871583461761 1793.82 5778.17 2023.49 5775.00 2025.44 5916.69 1795.77 5919.86
26071-600-M6-065-00259 0.06625671684741974 6536.02 3594.43 6792.24 3589.97 6793.77 3677.61 6537.55 3682.07
26071-600-M6-065-00259 0.06142284348607063 1453.18 5770.19 1666.80 5770.27 1666.74 5913.44 1453.12 5913.35
26071-600-M6-065-00259 0.058615460991859436 2118.84 5777.39 2353.78 5772.28 2356.89 5915.02 2121.95 5920.13
26071-600-M6-065-00259 0.058348849415779114 5612.05 6009.45 5837.61 6008.17 5838.44 6154.99 5612.87 6156.26
26071-600-M6-065-00259 0.05716457590460777 6301.28 6011.23 6563.99 6008.66 6565.37 6150.68 6302.67 6153.25
26071-600-M6-065-00259 0.05664186179637909 5951.81 6009.67 6202.23 6008.63 6202.82 6153.23 5952.41 6154.26
26071-600-M6-065-00259 0.05640895292162895 7019.30 6011.26 7270.66 6003.62 7275.08 6148.90 7023.72 6156.54
26071-600-M6-065-00259 0.05620894581079483 7801.99 5273.26 7947.58 5306.80 7913.61 5454.24 7768.02 5420.70
26071-600-M6-065-00259 0.0536261647939682 4025.40 5589.33 4143.77 5608.73 4124.56 5726.00 4006.19 5706.60
26071-600-M6-065-00259 0.052578236907720566 6558.11 3713.64 6631.82 3660.94 6787.74 3879.03 6714.03 3931.73
26071-600-M6-065-00259 0.05198173224925995 5673.75 5829.55 5794.34 5840.73 5783.51 5957.43 5662.93 5946.24
26071-600-M6-065-00259 0.05106452479958534 485.16 1975.12 632.51 1979.51 628.08 2128.22 480.73 2123.83
26071-600-M6-065-00259 0.05049942433834076 2000.09 5044.43 2519.78 5517.98 2333.75 5722.14 1814.05 5248.59
26071-600-M6-065-00259 0.05033181980252266 6617.84 3402.46 6736.09 3416.27 6722.17 3535.43 6603.92 3521.62
26071-200-M6-052-00544 0.128309428691864 7856.65 4287.36 7908.64 4298.89 7897.73 4348.07 7845.75 4336.54
26071-200-M6-052-00544 0.07130496948957443 4339.92 4388.23 4455.69 4286.10 4640.47 4495.56 4524.70 4597.69
26071-200-M6-052-00544 0.06758272647857666 2795.21 2236.28 2886.60 2251.13 2871.14 2346.30 2779.74 2331.44
26071-200-M6-052-00544 0.06076999753713608 707.49 2939.86 825.35 2934.99 830.30 3054.95 712.44 3059.81
26071-200-M6-052-00544 0.06050390377640724 7642.19 3848.47 7970.98 3846.01 7972.07 3991.74 7643.28 3994.20
26071-200-M6-052-00544 0.0595250204205513 3344.75 5095.11 4224.69 5152.43 4212.98 5332.14 3333.04 5274.83
26071-200-M6-052-00544 0.055048998445272446 4531.39 5087.43 5415.71 5145.19 5404.03 5323.91 4519.72 5266.15
26071-200-M6-052-00544 0.05034980550408363 2678.22 5047.84 3042.75 5064.66 3037.01 5189.19 2672.47 5172.36
26071-200-M6-052-00544 0.05005870386958122 7444.67 2812.36 7560.06 2819.31 7552.55 2943.95 7437.16 2937.00
26071-600-M6-066-00003 0.2728087604045868 4675.04 6386.76 4767.50 6378.65 4774.90 6462.83 4682.43 6470.95
26071-600-M6-066-00003 0.10502827912569046 5466.75 1838.81 5627.27 1835.02 5630.72 1980.97 5470.19 1984.76
26071-600-M6-066-00003 0.08208725601434708 4795.33 6247.21 4967.40 6218.72 4993.01 6373.44 4820.94 6401.93
26071-600-M6-066-00003 0.06079660728573799 3898.68 1775.20 4709.55 1697.38 4732.62 1937.75 3921.76 2015.58
26071-600-M6-066-00003 0.06077971309423447 1472.82 4840.34 1587.79 4846.09 1583.65 4928.94 1468.68 4923.20
26071-600-M6-066-00003 0.06036863476037979 2403.77 5317.46 2568.82 5296.28 2587.53 5442.11 2422.48 5463.28
26071-600-M6-066-00003 0.05703912302851677 7644.40 5358.58 7883.58 5352.12 7885.57 5425.89 7646.39 5432.35
26071-600-M6-066-00003 0.05620099976658821 3472.17 1829.10 3625.33 1839.45 3615.07 1991.16 3461.92 1980.81
26071-600-M6-066-00003 0.054212987422943115 5319.86 4608.63 5544.16 4612.09 5542.86 4696.21 5318.56 4692.75
26071-600-M6-066-00003 0.053230270743370056 3236.46 1828.43 3388.93 1840.82 3376.63 1992.17 3224.16 1979.78
26071-600-M6-066-00003 0.05121402069926262 6984.91 247.20 7449.18 700.05 7302.37 850.56 6838.10 397.71
26071-750-M6-085-00309 0.5683731436729431 4984.84 3325.39 5147.19 3317.28 5150.64 3386.35 4988.28 3394.46
26071-750-M6-085-00309 0.5363879799842834 4465.12 3324.08 4624.26 3317.33 4627.23 3387.27 4468.08 3394.03
26071-750-M6-085-00309 0.4480864107608795 3934.20 3321.97 4095.38 3313.52 4099.33 3388.80 3938.15 3397.25
26071-750-M6-085-00309 0.44105079770088196 3368.20 3324.17 3528.33 3318.63 3530.57 3383.44 3370.44 3388.97
26071-750-M6-085-00309 0.2847115993499756 4451.99 2940.12 4644.65 2931.65 4650.28 3059.89 4457.62 3068.36
26071-750-M6-085-00309 0.2518603503704071 4980.79 2936.36 5164.96 2954.29 5153.49 3072.10 4969.32 3054.17
26071-750-M6-085-00309 0.22049853205680847 2898.12 3600.63 3228.64 3592.50 3241.60 4119.08 2911.08 4127.21
26071-750-M6-085-00309 0.21106259524822235 3655.28 2566.53 3808.85 2574.23 3804.02 2670.61 3650.45 2662.91
26071-750-M6-085-00309 0.20937247574329376 3348.94 2933.57 3540.66 2935.50 3539.34 3065.56 3347.63 3063.62
26071-750-M6-085-00309 0.2088664472103119 3087.13 2567.03 3240.88 2572.59 3237.40 2668.91 3083.64 2663.34
26071-750-M6-085-00309 0.1906876415014267 3347.73 2567.37 3604.21 2552.55 3611.05 2670.89 3354.57 2685.72
26071-750-M6-085-00309 0.183624729514122 3920.96 2559.78 4112.12 2550.22 4118.66 2680.91 3927.49 2690.47
26071-750-M6-085-00309 0.1824948638677597 4440.04 2553.57 4650.72 2548.84 4653.95 2692.86 4443.26 2697.58
26071-750-M6-085-00309 0.16920270025730133 3920.50 2928.17 4116.19 2947.10 4104.26 3070.47 3908.57 3051.54
26071-750-M6-085-00309 0.15808354318141937 3677.75 2428.53 4355.28 2378.48 4370.86 2589.42 3693.33 2639.47
26071-750-M6-085-00309 0.15468546748161316 4964.48 2564.27 5150.36 2555.92 5156.27 2687.36 4970.39 2695.71
26071-750-M6-085-00309 0.1394951492547989 5516.56 2559.29 5654.74 2576.51 5642.71 2673.05 5504.54 2655.83
26071-750-M6-085-00309 0.12423783540725708 5257.93 2569.25 5398.40 2575.03 5394.47 2670.48 5254.00 2664.70
26071-750-M6-085-00309 0.1169450506567955 4735.01 2568.72 4881.13 2574.49 4877.36 2669.94 4731.24 2664.16
26071-750-M6-085-00309 0.11611823737621307 5971.14 3089.13 6219.94 3143.70 6179.06 3330.13 5930.25 3275.56
26071-750-M6-085-00309 0.113999143242836 4155.20 2546.81 4385.28 2557.83 4379.33 2682.24 4149.24 2671.22
26071-750-M6-085-00309 0.1010933518409729 3068.11 2438.74 3803.38 2396.53 3815.20 2602.46 3079.94 2644.68
26071-750-M6-085-00309 0.09938768297433853 5063.88 2403.72 5747.46 2415.04 5744.30 2605.72 5060.72 2594.40
26071-750-M6-085-00309 0.09836212545633316 2984.63 3179.95 3122.41 3205.18 3097.04 3343.69 2959.26 3318.45
26071-750-M6-085-00309 0.09213283658027649 2950.80 4434.43 3849.16 4393.44 3861.07 4654.38 2962.71 4695.37
26071-750-M6-085-00309 0.08131815493106842 4274.50 2130.25 4492.90 2119.94 4499.52 2260.28 4281.12 2270.59
26071-750-M6-085-00309 0.07905281335115433 5793.33 2731.93 5890.85 2721.62 5902.17 2828.74 5804.65 2839.05
26071-750-M6-085-00309 0.0646752342581749 4946.63 4521.82 5984.22 4528.95 5982.96 4712.09 4945.37 4704.96
26071-750-M6-085-00309 0.06205914542078972 4280.66 2505.37 4700.60 2455.09 4713.58 2563.46 4293.64 2613.75
26071-750-M6-085-00309 0.057849105447530746 4961.83 3231.79 5177.44 3254.17 5169.11 3334.48 4953.50 3312.10
26071-750-M6-085-00309 0.05508197844028473 4045.72 4512.71 5102.28 4522.43 5100.46 4719.94 4043.90 4710.22
26071-750-M6-085-00309 0.05319681763648987 4449.30 3237.09 4647.47 3243.64 4644.75 3325.98 4446.58 3319.43
26071-750-M6-085-00309 0.05219374969601631 5271.58 4000.42 5368.36 4032.90 5341.11 4114.13 5244.33 4081.65
