26071-200-M6-052-00001 0.1377868503332138 2392.24 3357.69 2557.28 3365.65 2548.58 3546.31 2383.54 3538.36
26071-200-M6-052-00001 0.12559321522712708 4578.79 4635.65 4726.44 4644.70 4717.41 4791.94 4569.76 4782.88
26071-200-M6-052-00001 0.11605098098516464 4867.21 4621.98 5014.66 4651.50 4984.47 4802.29 4837.03 4772.77
26071-200-M6-052-00001 0.06871043145656586 7647.70 1870.15 7765.05 1885.30 7749.40 2006.51 7632.06 1991.36
26071-200-M6-052-00001 0.06687529385089874 5848.64 5770.24 5970.82 5776.51 5964.49 5899.72 5842.31 5893.45
26071-200-M6-052-00001 0.05426710471510887 4405.15 2723.91 4555.04 2732.36 4546.19 2889.31 4396.29 2880.86
26071-200-M6-052-00001 0.050306305289268494 3102.21 3331.26 3282.02 3334.89 3277.86 3540.36 3098.06 3536.73
26071-500-M6-059-00017 0.127096489071846 670.67 3048.64 822.55 3048.82 822.37 3198.48 670.49 3198.29
26071-500-M6-059-00017 0.07585688680410385 376.03 3197.53 531.40 3195.43 533.59 3356.94 378.21 3359.04
26071-500-M6-059-00017 0.07308889925479889 3078.79 3221.59 3223.68 3232.38 3212.90 3376.94 3068.02 3366.15
26071-500-M6-059-00017 0.07237517088651657 5368.77 3445.09 5512.67 3459.44 5498.35 3603.01 5354.45 3588.65
26071-500-M6-059-00017 0.06530584394931793 3393.30 4803.25 3540.42 4816.46 3525.98 4977.33 3378.86 4964.12
26071-500-M6-059-00017 0.0635940358042717 5090.33 3204.92 5240.16 3234.44 5210.95 3382.68 5061.12 3353.15
26071-500-M6-059-00017 0.056918755173683167 2080.23 4054.88 2229.92 4062.32 2222.20 4217.60 2072.51 4210.15
26071-500-M6-059-00017 0.0546952523291111 3355.57 3459.52 3507.33 3462.02 3505.01 3603.16 3353.24 3600.66
26071-500-M6-059-00017 0.053656987845897675 3371.44 1957.84 3519.57 1961.72 3515.84 2104.31 3367.71 2100.43
26071-500-M6-059-00017 0.05261072888970375 3355.53 3208.54 3510.13 3217.53 3500.93 3375.72 3346.34 3366.73
26071-500-M6-059-00017 0.05021427199244499 6095.65 4039.42 6255.28 4068.42 6227.53 4221.20 6067.90 4192.20
26071-600-M6-066-00012 0.0664684996008873 4186.20 3147.82 4333.30 3173.65 4307.13 3322.68 4160.03 3296.85
26071-600-M6-066-00012 0.06554239988327026 5378.67 4291.81 5499.31 4303.05 5488.19 4422.46 5367.55 4411.22
26071-200-M6-052-00539 0.12283814698457718 2759.49 4579.30 2908.23 4586.75 2900.79 4735.27 2752.06 4727.82
26071-200-M6-052-00539 0.10036902874708176 5181.00 6036.73 5331.70 6046.32 5321.53 6206.26 5170.83 6196.67
26071-200-M6-052-00539 0.10000565648078918 3352.58 3791.76 3504.00 3800.68 3495.03 3952.82 3343.62 3943.89
26071-200-M6-052-00539 0.09058186411857605 2778.69 4839.37 2929.41 4873.66 2895.44 5023.00 2744.72 4988.72
26071-200-M6-052-00539 0.08843071013689041 3925.08 5389.14 4104.55 5391.51 4101.78 5601.52 3922.31 5599.15
26071-200-M6-052-00539 0.08754485100507736 2766.56 4297.84 2919.32 4307.86 2909.51 4457.41 2756.75 4447.39
26071-200-M6-052-00539 0.08641748130321503 3210.99 5378.87 3406.27 5388.46 3396.38 5589.91 3201.10 5580.32
26071-200-M6-052-00539 0.08414807915687561 6896.99 5752.51 7052.61 5772.56 7033.20 5923.26 6877.57 5903.21
26071-200-M6-052-00539 0.07270956039428711 5914.40 5767.38 6032.42 5788.16 6011.34 5907.92 5893.32 5887.15
26071-200-M6-052-00539 0.06749562174081802 4765.15 5561.41 4919.19 5565.60 4915.02 5718.73 4760.98 5714.54
26071-200-M6-052-00539 0.0559525229036808 3001.06 4852.49 3153.98 4873.81 3134.07 5016.59 2981.15 4995.27
26071-200-M6-052-00539 0.05140352621674538 4596.33 4726.09 4746.62 4754.78 4719.47 4896.99 4569.18 4868.29
26071-500-M6-059-00248 0.1271195113658905 2167.92 2217.79 2323.15 2213.21 2328.03 2378.53 2172.80 2383.11
26071-500-M6-059-00248 0.11244569718837738 6076.31 4172.66 6222.85 4187.00 6208.35 4335.12 6061.81 4320.77
26071-500-M6-059-00248 0.09992779046297073 2184.53 2484.28 2335.45 2511.69 2307.77 2664.15 2156.85 2636.74
26071-500-M6-059-00248 0.08444593846797943 6064.29 4456.89 6218.95 4458.65 6217.16 4616.66 6062.49 4614.90
26071-500-M6-059-00248 0.07418471574783325 2181.18 750.08 2327.74 761.42 2315.96 913.72 2169.40 902.38
26071-500-M6-059-00248 0.07302560657262802 2165.55 1036.46 2320.78 1032.26 2324.97 1186.70 2169.73 1190.90
26071-500-M6-059-00248 0.07191342860460281 2176.78 1304.68 2330.78 1324.05 2311.63 1476.33 2157.63 1456.97
26071-500-M6-059-00248 0.06356638669967651 5709.98 4462.42 5869.40 4466.78 5865.10 4624.16 5705.68 4619.80
26071-500-M6-059-00248 0.06127217039465904 6069.01 4730.28 6226.69 4746.09 6211.35 4899.08 6053.67 4883.27
26071-500-M6-059-00248 0.060322992503643036 5717.47 4732.07 5864.99 4741.75 5855.42 4887.72 5707.90 4878.04
26071-500-M6-059-00248 0.05906960740685463 4187.13 1920.39 4338.31 1942.32 4316.74 2091.03 4165.56 2069.10
26071-203-M6-325-00012 0.08934365957975388 3265.16 1857.22 3431.08 1852.64 3435.69 2019.88 3269.78 2024.45
26071-203-M6-325-00012 0.08569225668907166 3022.03 5162.97 3171.91 5175.53 3159.35 5325.45 3009.46 5312.88
26071-203-M6-325-00012 0.0829206183552742 3290.73 911.09 3442.88 933.43 3420.61 1085.14 3268.46 1062.80
26071-203-M6-325-00012 0.08139948546886444 2534.41 3863.84 2683.88 3862.75 2684.97 4013.56 2535.51 4014.65
26071-203-M6-325-00012 0.08043045550584793 3096.29 5442.03 3243.46 5452.51 3232.61 5604.93 3085.44 5594.45
26071-203-M6-325-00012 0.07388714700937271 3269.94 5166.63 3434.84 5166.85 3434.61 5334.04 3269.71 5333.81
26071-203-M6-325-00012 0.07341250032186508 2548.33 2774.88 2692.26 2796.86 2670.92 2936.63 2526.99 2914.66
26071-203-M6-325-00012 0.07095573097467422 3095.99 4749.47 3242.81 4776.96 3216.34 4918.32 3069.53 4890.84
26071-203-M6-325-00012 0.0694810152053833 3091.96 3428.40 3242.39 3450.28 3221.57 3593.34 3071.15 3571.46
26071-203-M6-325-00012 0.06507443636655807 2544.75 4097.43 2692.07 4111.88 2677.28 4262.62 2529.96 4248.17
26071-203-M6-325-00012 0.06089635193347931 3966.23 1234.40 4130.35 1240.42 4124.81 1391.52 3960.69 1385.50
26071-203-M6-325-00012 0.06009542569518089 3091.18 1223.88 3245.10 1244.25 3225.50 1392.34 3071.59 1371.97
26071-203-M6-325-00012 0.058151114732027054 3095.02 2112.30 3246.34 2126.01 3232.84 2274.87 3081.53 2261.15
26071-203-M6-325-00012 0.0562044158577919 3276.47 4465.69 3441.50 4484.48 3423.29 4644.45 3258.26 4625.67
26071-203-M6-325-00012 0.0535132959485054 2964.98 4473.44 3126.60 4456.04 3144.61 4623.30 2982.99 4640.70
26071-203-M6-325-00012 0.05112289637327194 2542.19 1158.15 2689.92 1168.82 2678.91 1321.22 2531.18 1310.55
26071-203-M6-325-00012 0.050834838300943375 2543.46 2081.87 2693.34 2102.17 2673.93 2245.45 2524.06 2225.15
26071-700-M6-054-00246 0.057972487062215805 4534.58 2841.31 4581.78 2842.96 4581.17 2860.17 4533.97 2858.52
26071-700-M6-054-00246 0.05453713610768318 5508.25 4277.16 5650.13 4332.24 5595.90 4471.94 5454.01 4416.87
26071-500-M6-059-00040 0.10790783166885376 2488.01 4450.23 2636.95 4470.49 2617.19 4615.84 2468.24 4595.58
26071-500-M6-059-00040 0.06193603202700615 3780.63 4452.80 3932.53 4459.85 3925.24 4617.01 3773.33 4609.97
26071-500-M6-059-00040 0.057004984468221664 2288.11 1547.29 2446.46 1553.53 2440.33 1709.14 2281.98 1702.90
26071-750-M6-085-00286 0.059020791202783585 4462.01 3098.25 4584.49 3008.13 4677.88 3135.05 4555.41 3225.18
26071-750-M6-085-00286 0.05762765556573868 4294.39 2795.07 4453.14 2807.28 4441.55 2957.88 4282.81 2945.66
26071-750-M6-085-00286 0.05097835510969162 3590.60 2560.25 3743.96 2578.33 3726.42 2727.13 3573.06 2709.05
26071-550-M6-084-00248 0.14404289424419403 2169.28 1736.99 2324.73 1737.19 2324.51 1904.20 2169.06 1903.99
26071-550-M6-084-00248 0.14073260128498077 2765.69 4261.79 2916.21 4271.81 2906.03 4424.82 2755.50 4414.80
26071-550-M6-084-00248 0.13792847096920013 5476.43 3440.79 5631.61 3447.55 5625.20 3594.65 5470.02 3587.89
26071-550-M6-084-00248 0.11360315978527069 3140.16 4271.39 3287.87 4282.08 3277.29 4428.19 3129.58 4417.49
26071-550-M6-084-00248 0.07959766685962677 2177.53 2013.25 2333.67 2036.30 2311.05 2189.52 2154.90 2166.47
26071-550-M6-084-00248 0.07151105254888535 5484.04 3160.78 5634.55 3174.28 5621.05 3324.79 5470.55 3311.29
26071-550-M6-084-00248 0.07123918831348419 4190.29 1444.46 4341.38 1472.62 4313.73 1621.02 4162.64 1592.87
26071-550-M6-084-00248 0.06851281225681305 5148.47 3894.15 5196.36 3894.69 5196.18 3911.05 5148.28 3910.51
26071-550-M6-084-00248 0.06793928891420364 2172.27 5356.76 2329.58 5368.88 2317.74 5522.51 2160.43 5510.38
26071-550-M6-084-00248 0.06696237623691559 2173.56 5629.64 2327.78 5651.51 2306.59 5800.88 2152.37 5779.00
26071-550-M6-084-00248 0.06291084736585617 5136.78 3948.41 5312.00 3948.16 5312.29 4153.18 5137.07 4153.42
26071-550-M6-084-00248 0.057928431779146194 4193.94 1726.13 4343.63 1758.86 4310.90 1908.61 4161.20 1875.88
26071-550-M6-084-00248 0.05535203963518143 4239.07 1990.27 4362.11 2085.18 4268.66 2206.34 4145.61 2111.43
26071-203-M6-332-00008 0.12141641974449158 6285.00 3328.51 6440.83 3346.58 6424.18 3490.18 6268.35 3472.11
26071-203-M6-332-00008 0.11226928234100342 7564.00 3287.99 7713.61 3298.77 7702.48 3453.18 7552.88 3442.40
26071-203-M6-332-00008 0.09193162620067596 1566.72 4554.44 1717.97 4550.41 1722.05 4703.49 1570.81 4707.53
26071-203-M6-332-00008 0.09067735821008682 1437.27 3334.16 1585.40 3351.66 1567.99 3499.05 1419.87 3481.55
26071-203-M6-332-00008 0.08624964207410812 3863.54 3337.29 4011.09 3348.09 4000.07 3498.61 3852.52 3487.81
26071-203-M6-332-00008 0.08315352350473404 6300.12 3083.31 6457.65 3117.56 6423.49 3274.71 6265.95 3240.46
26071-203-M6-332-00008 0.07285824418067932 1874.99 4923.13 2034.90 4947.23 2010.83 5107.05 1850.91 5082.96
26071-203-M6-332-00008 0.06932773441076279 2747.98 3281.36 2890.91 3300.72 2869.59 3458.20 2726.66 3438.84
26071-203-M6-332-00008 0.060370877385139465 4306.51 6232.25 4461.31 6234.57 4459.02 6387.34 4304.22 6385.02
26071-203-M6-332-00008 0.05855598673224449 1666.10 3381.86 1809.49 3385.68 1805.66 3529.58 1662.27 3525.76
26071-203-M6-332-00008 0.05426262319087982 4095.48 3385.55 4237.40 3387.09 4235.87 3529.49 4093.95 3527.96
26071-200-M6-052-00080 0.12306955456733704 1884.34 6202.27 2033.09 6213.23 2021.80 6366.51 1873.05 6355.56
26071-200-M6-052-00080 0.10829730331897736 1881.09 5917.49 2034.20 5930.17 2021.71 6080.92 1868.60 6068.23
26071-200-M6-052-00080 0.09775109589099884 6972.46 1578.54 7092.92 1586.07 7085.32 1707.68 6964.86 1700.15
26071-200-M6-052-00080 0.0976763442158699 3085.03 1757.64 3241.62 1770.71 3229.01 1921.77 3072.42 1908.71
26071-200-M6-052-00080 0.08765104413032532 5974.10 1766.29 6125.92 1775.63 6116.93 1921.70 5965.11 1912.36
26071-200-M6-052-00080 0.0807921439409256 6900.09 5163.25 7050.05 5193.52 7021.18 5336.57 6871.22 5306.31
26071-200-M6-052-00080 0.07658402621746063 3086.33 2015.97 3238.65 2018.38 3236.25 2169.79 3083.94 2167.39
26071-200-M6-052-00080 0.07602006196975708 6243.09 1752.46 6396.12 1780.85 6368.43 1930.09 6215.40 1901.70
26071-200-M6-052-00080 0.07386373728513718 3521.55 4660.04 3662.16 4674.77 3646.51 4824.16 3505.90 4809.43
26071-200-M6-052-00080 0.0734524056315422 2468.94 3833.08 2623.19 3849.22 2607.81 3996.17 2453.56 3980.02
26071-200-M6-052-00080 0.07018964737653732 3548.25 1578.33 3667.57 1589.80 3655.95 1710.71 3536.63 1699.24
26071-200-M6-052-00080 0.06691422313451767 7327.32 3364.04 7478.77 3374.63 7468.42 3522.75 7316.97 3512.16
26071-200-M6-052-00080 0.06685462594032288 2819.41 1751.51 2970.60 1777.55 2945.36 1924.12 2794.17 1898.08
26071-200-M6-052-00080 0.06509260833263397 5497.98 2518.00 5617.33 2531.04 5604.21 2651.15 5484.86 2638.12
26071-200-M6-052-00080 0.06400419026613235 3905.64 3356.81 4059.42 3381.62 4036.12 3526.01 3882.34 3501.20
26071-200-M6-052-00080 0.06056080758571625 6944.82 4427.97 7096.34 4441.43 7082.73 4594.56 6931.21 4581.09
26071-200-M6-052-00080 0.06008882820606232 669.98 5178.61 788.99 5190.59 776.76 5312.05 657.75 5300.07
26071-200-M6-052-00080 0.05963940545916557 3095.32 2166.78 3242.34 2181.67 3227.03 2332.88 3080.00 2317.99
26071-200-M6-052-00080 0.05937177687883377 3889.58 5171.91 4037.19 5164.05 4045.62 5322.47 3898.01 5330.32
26071-200-M6-052-00080 0.05926734581589699 6872.09 4873.94 7035.22 4860.84 7048.58 5027.20 6885.45 5040.30
26071-200-M6-052-00080 0.05649014934897423 2068.38 2521.30 2188.69 2528.11 2181.97 2646.85 2061.66 2640.05
26071-200-M6-052-00080 0.0550810880959034 2364.77 840.98 2521.55 845.19 2517.44 997.95 2360.67 993.74
26071-200-M6-052-00080 0.054824098944664 4252.99 5181.76 4370.09 5184.95 4366.68 5310.17 4249.59 5306.98
26071-200-M6-052-00080 0.05481860041618347 6943.02 4657.75 7081.40 4660.05 7078.78 4817.46 6940.40 4815.17
26071-200-M6-052-00080 0.05452704429626465 2539.09 1764.55 2693.17 1777.47 2681.25 1919.65 2527.17 1906.73
26071-200-M6-052-00080 0.05431245267391205 3899.99 4880.90 4022.88 4892.49 4011.61 5012.00 3888.72 5000.40
26071-200-M6-052-00080 0.0518026240170002 3103.60 2337.30 3247.95 2363.95 3220.53 2512.52 3076.18 2485.87
26071-200-M6-052-00080 0.05166652426123619 6588.74 1894.21 6750.06 1867.06 6774.49 2012.18 6613.17 2039.33
26071-200-M6-052-00080 0.05068341642618179 5425.02 4834.87 5579.84 4833.01 5581.62 4981.15 5426.80 4983.01
26071-300-M6-053-00309 0.14606979489326477 6017.25 5081.88 6171.54 5098.48 6153.49 5266.26 5999.20 5249.67
26071-300-M6-053-00309 0.11123117059469223 6012.73 5470.34 6164.95 5482.55 6152.62 5636.32 6000.40 5624.11
26071-300-M6-053-00309 0.09532523900270462 7491.82 5735.85 7664.06 5789.44 7614.25 5949.51 7442.02 5895.92
26071-300-M6-053-00309 0.08724597841501236 4876.11 6148.59 5038.82 6170.71 5015.85 6339.65 4853.14 6317.53
26071-300-M6-053-00309 0.08308564871549606 6014.60 5287.48 6160.06 5298.09 6149.18 5447.24 6003.72 5436.63
26071-300-M6-053-00309 0.07432356476783752 7494.22 5984.99 7645.76 6012.31 7619.26 6159.33 7467.72 6132.01
26071-300-M6-053-00309 0.06970861554145813 5365.31 3023.85 5500.98 3024.96 5499.68 3184.21 5364.01 3183.11
26071-300-M6-053-00309 0.06103508174419403 5468.78 6153.81 5635.16 6178.82 5610.41 6343.48 5444.03 6318.47
26071-300-M6-053-00309 0.059035107493400574 3637.52 3757.92 3685.32 3758.93 3684.95 3776.47 3637.15 3775.46
26071-300-M6-053-00309 0.05594835430383682 4598.46 3551.34 4751.33 3578.40 4725.49 3724.39 4572.62 3697.33
26071-300-M6-053-00309 0.05513836443424225 7511.21 6217.86 7656.28 6269.23 7606.84 6408.83 7461.77 6357.47
26071-450-M6-082-00009 0.9852097630500793 915.17 5950.01 1065.42 5968.10 1047.25 6119.07 896.99 6100.98
26071-450-M6-082-00009 0.971407949924469 912.89 6107.14 1062.28 6123.98 1045.61 6271.91 896.22 6255.07
26071-450-M6-082-00009 0.782654345035553 2347.58 1877.24 2494.52 1890.95 2480.34 2042.92 2333.41 2029.21
26071-450-M6-082-00009 0.35564130544662476 5132.88 4442.15 5279.21 4464.99 5254.92 4620.66 5108.59 4597.83
26071-450-M6-082-00009 0.3476249575614929 2035.15 3249.57 2177.75 3272.81 2152.97 3424.92 2010.36 3401.68
26071-450-M6-082-00009 0.3364693224430084 5264.76 1848.76 5406.93 1890.89 5363.60 2037.14 5221.43 1995.01
26071-450-M6-082-00009 0.2974786162376404 1639.12 2714.53 1799.90 2728.78 1786.33 2881.89 1625.55 2867.64
26071-450-M6-082-00009 0.1423773169517517 1637.59 2579.30 1792.94 2576.05 1796.03 2723.75 1640.68 2727.00
26071-450-M6-082-00009 0.11722544580698013 5178.19 6066.36 5331.17 6071.48 5326.30 6217.10 5173.33 6211.98
26071-450-M6-082-00009 0.11127708852291107 4888.51 5906.74 5039.49 5910.34 5035.84 6063.45 4884.86 6059.85
26071-450-M6-082-00009 0.08746615052223206 4008.27 4260.93 4159.75 4280.81 4140.11 4430.43 3988.63 4410.55
26071-450-M6-082-00009 0.086964450776577 6886.30 5420.75 7037.97 5407.48 7050.39 5549.41 6898.72 5562.68
26071-450-M6-082-00009 0.08413132280111313 4501.55 3639.69 4618.90 3659.53 4598.62 3779.53 4481.27 3759.69
26071-450-M6-082-00009 0.07986722141504288 752.60 1914.30 903.11 1915.46 901.98 2061.32 751.47 2060.15
26071-450-M6-082-00009 0.07750861346721649 5117.58 4179.89 5273.31 4183.04 5270.33 4330.52 5114.60 4327.37
26071-450-M6-082-00009 0.06767038255929947 4646.65 4678.39 4794.81 4676.71 4796.60 4834.26 4648.44 4835.94
26071-450-M6-082-00009 0.06212161108851433 2199.79 2818.85 2346.91 2847.65 2318.29 2993.81 2171.17 2965.01
26071-450-M6-082-00009 0.06183148920536041 4893.08 4728.18 5043.69 4755.88 5017.79 4896.62 4867.19 4868.91
26071-450-M6-082-00009 0.05680350586771965 6605.28 5818.62 6756.21 5838.67 6736.36 5988.11 6585.43 5968.07
26071-450-M6-082-00009 0.05667782202363014 2575.52 4388.88 2622.33 4388.98 2622.29 4406.04 2575.49 4405.95
26071-450-M6-082-00009 0.055908601731061935 3346.36 4761.32 3501.44 4757.51 3505.83 4936.57 3350.76 4940.38
26071-450-M6-082-00009 0.0550403818488121 4299.66 4266.31 4448.14 4273.87 4440.30 4427.73 4291.82 4420.17
26071-200-M6-052-00552 0.11133179813623428 4173.09 4859.03 4325.37 4855.06 4329.38 5009.01 4177.10 5012.98
26071-200-M6-052-00552 0.07905618101358414 4189.17 4278.57 4341.03 4306.26 4314.01 4454.44 4162.15 4426.76
26071-200-M6-052-00552 0.05977333337068558 4186.63 4565.15 4339.97 4586.76 4318.99 4735.53 4165.66 4713.91
26071-200-M6-052-00552 0.054630838334560394 4531.11 4862.04 4679.26 4861.60 4679.71 5012.12 4531.55 5012.56
26071-200-M6-052-00552 0.05136323347687721 5673.77 3994.81 5793.06 4005.92 5781.95 4125.39 5662.65 4114.29
26071-750-M6-085-00007 0.16574665904045105 6665.23 5747.50 6818.01 5764.78 6800.61 5918.59 6647.83 5901.31
26071-750-M6-085-00007 0.1621813178062439 5054.68 2559.86 5199.66 2575.67 5182.78 2730.44 5037.80 2714.63
26071-750-M6-085-00007 0.15675711631774902 2761.42 1027.84 2914.64 1032.33 2910.09 1187.57 2756.87 1183.09
26071-750-M6-085-00007 0.11282581090927124 6373.29 3884.25 6525.88 3900.20 6510.22 4050.02 6357.63 4034.07
26071-750-M6-085-00007 0.10867741703987122 4773.80 2559.28 4926.38 2576.64 4909.01 2729.30 4756.43 2711.94
26071-750-M6-085-00007 0.09115368872880936 5290.07 5696.89 5337.43 5696.18 5337.70 5713.69 5290.33 5714.40
26071-750-M6-085-00007 0.08335507661104202 6367.17 3728.39 6519.90 3743.98 6504.22 3897.57 6351.50 3881.99
26071-750-M6-085-00007 0.07425466924905777 2665.20 3386.15 2813.94 3407.95 2791.58 3560.55 2642.83 3538.75
26071-750-M6-085-00007 0.0713011622428894 2060.56 2925.96 2205.85 2924.36 2207.51 3075.82 2062.23 3077.42
26071-750-M6-085-00007 0.07078047096729279 3255.64 2460.94 3399.55 2458.53 3402.10 2610.87 3258.19 2613.28
26071-750-M6-085-00007 0.07011111080646515 3750.92 4150.35 3899.94 4178.23 3871.82 4328.59 3722.79 4300.72
26071-750-M6-085-00007 0.06998546421527863 3964.76 4411.93 4121.83 4424.19 4109.89 4577.23 3952.82 4564.98
26071-750-M6-085-00007 0.058546602725982666 3685.32 2252.54 3826.09 2304.67 3772.85 2448.43 3632.08 2396.30
26071-750-M6-085-00007 0.057412728667259216 1588.96 3387.89 1737.07 3395.46 1729.01 3553.23 1580.90 3545.67
26071-750-M6-085-00007 0.056435007601976395 1661.60 2453.89 1814.87 2457.50 1811.31 2608.66 1658.04 2605.05
26071-750-M6-085-00007 0.05448192358016968 3671.01 2910.47 3817.85 2939.94 3788.02 3088.59 3641.18 3059.12
26071-750-M6-085-00007 0.05360884964466095 2060.12 2267.50 2211.71 2273.95 2205.16 2427.77 2053.58 2421.33
26071-750-M6-085-00007 0.052118849009275436 4178.55 4157.37 4330.04 4164.90 4322.51 4316.54 4171.02 4309.02
26071-750-M6-085-00007 0.050191156566143036 3173.38 3394.20 3332.29 3389.73 3336.68 3545.76 3177.77 3550.23
26071-203-M6-064-00271 0.13326065242290497 4169.15 6164.85 4287.88 6164.55 4288.39 6369.11 4169.66 6369.41
26071-203-M6-064-00271 0.09812292456626892 5073.57 1473.51 5193.83 1468.95 5201.31 1665.67 5081.04 1670.24
26071-203-M6-064-00271 0.07969268411397934 5371.95 1469.36 5491.51 1467.60 5494.46 1668.10 5374.89 1669.86
26071-203-M6-064-00271 0.07868820428848267 5666.04 1472.70 5786.12 1466.65 5796.01 1663.18 5675.93 1669.23
26071-203-M6-064-00271 0.07718062400817871 3278.21 3724.50 3399.91 3719.21 3408.63 3919.94 3286.93 3925.23
26071-203-M6-064-00271 0.07446533441543579 6558.58 3730.60 6677.06 3717.47 6698.56 3911.53 6580.08 3924.66
26071-203-M6-064-00271 0.07051820307970047 4774.97 1471.53 4896.87 1466.85 4904.49 1665.35 4782.58 1670.03
26071-203-M6-064-00271 0.06765970587730408 1888.09 3418.58 2011.83 3415.18 2017.64 3626.60 1893.90 3630.00
26071-203-M6-064-00271 0.06146160140633583 2382.98 3721.35 2504.78 3721.93 2503.83 3923.00 2382.03 3922.43
26071-203-M6-064-00271 0.0591389425098896 2130.45 6184.85 2256.31 6178.00 2266.41 6363.61 2140.55 6370.46
26071-203-M6-064-00271 0.057739537209272385 5961.62 1475.45 6078.35 1466.75 6092.60 1657.92 5975.88 1666.62
26071-203-M6-332-00001 0.09425898641347885 2190.32 3750.03 2344.14 3783.93 2312.46 3927.66 2158.64 3893.76
26071-203-M6-332-00001 0.08795268088579178 2452.06 261.46 2606.48 270.82 2597.30 422.36 2442.88 413.00
26071-203-M6-332-00001 0.08376039564609528 2182.08 3992.73 2332.54 4009.25 2316.40 4156.21 2165.94 4139.68
26071-203-M6-332-00001 0.08314131200313568 4893.76 1536.21 5043.46 1555.09 5024.90 1702.33 4875.20 1683.46
26071-203-M6-332-00001 0.08297979831695557 1493.63 3856.25 1645.90 3883.26 1617.94 4040.94 1465.67 4013.94
26071-203-M6-332-00001 0.07936286926269531 1276.18 5138.20 1432.29 5145.44 1425.56 5290.42 1269.46 5283.18
26071-203-M6-332-00001 0.07568603754043579 4463.74 1537.37 4629.89 1551.38 4615.74 1719.15 4449.60 1705.14
26071-203-M6-332-00001 0.06550274789333344 4885.19 2085.56 5033.75 2099.41 5019.60 2251.20 4871.05 2237.35
26071-203-M6-332-00001 0.05383748933672905 2056.77 5168.65 2208.36 5175.68 2201.33 5327.24 2049.73 5320.20
26071-203-M6-079-00001 0.094898521900177 3822.30 806.97 3974.42 809.57 3971.83 960.47 3819.72 957.87
26071-203-M6-079-00001 0.08562915772199631 3830.45 5646.04 3980.00 5662.64 3963.85 5808.16 3814.30 5791.56
26071-203-M6-079-00001 0.08149799704551697 4206.43 4141.13 4350.87 4192.42 4299.52 4336.99 4155.09 4285.70
26071-203-M6-079-00001 0.07426873594522476 4192.78 1195.92 4343.63 1227.92 4312.19 1376.18 4161.34 1344.18
26071-203-M6-079-00001 0.073410764336586 4223.01 5375.12 4357.36 5452.85 4280.84 5585.12 4146.48 5507.39
26071-203-M6-079-00001 0.06944717466831207 4529.05 269.81 4679.21 269.58 4679.44 419.69 4529.28 419.92
26071-203-M6-079-00001 0.06747133284807205 4189.26 4444.78 4342.03 4473.70 4313.73 4623.20 4160.97 4594.28
26071-203-M6-079-00001 0.06501217931509018 3822.82 3639.77 3974.39 3641.74 3972.37 3797.00 3820.80 3795.03
26071-203-M6-079-00001 0.06456039845943451 4897.19 3086.72 5046.29 3103.48 5028.80 3259.14 4879.69 3242.38
26071-203-M6-079-00001 0.06315205991268158 3825.56 4702.58 3976.71 4712.75 3966.77 4860.48 3815.62 4850.31
26071-203-M6-079-00001 0.06134235858917236 4898.88 5099.05 5042.56 5114.83 5025.71 5268.24 4882.04 5252.46
26071-203-M6-079-00001 0.06062322109937668 4527.88 4158.01 4683.13 4166.92 4674.00 4326.04 4518.74 4317.13
26071-203-M6-079-00001 0.06018911674618721 4184.49 1496.40 4337.77 1514.76 4319.64 1666.11 4166.36 1647.75
26071-203-M6-079-00001 0.05902158096432686 4198.85 248.17 4344.20 288.47 4303.24 436.22 4157.89 395.92
26071-203-M6-079-00001 0.058846861124038696 3820.57 562.14 3978.38 565.15 3975.35 724.37 3817.54 721.36
26071-203-M6-079-00001 0.05796495079994202 4229.48 1757.45 4359.66 1842.03 4277.06 1969.15 4146.89 1884.56
26071-203-M6-079-00001 0.057731643319129944 4884.67 4165.89 5029.51 4164.24 5031.32 4323.28 4886.49 4324.93
26071-203-M6-079-00001 0.057503342628479004 4883.46 268.16 5027.79 264.98 5031.31 424.33 4886.97 427.51
26071-203-M6-079-00001 0.05703815445303917 4227.25 813.03 4358.87 894.16 4279.09 1023.58 4147.48 942.46
26071-203-M6-079-00001 0.05595672130584717 4180.34 554.96 4334.58 564.84 4324.84 716.85 4170.60 706.97
26071-203-M6-079-00001 0.055509600788354874 4188.34 3382.39 4342.26 3409.78 4315.68 3559.13 4161.76 3531.74
26071-203-M6-079-00001 0.05531351640820503 2681.93 4152.91 2728.44 4153.40 2728.26 4171.13 2681.74 4170.64
26071-203-M6-079-00001 0.054128438234329224 4201.69 3080.43 4347.33 3124.82 4302.55 3271.74 4156.92 3227.35
26071-203-M6-079-00001 0.052857693284749985 4206.80 5085.65 4351.91 5138.16 4299.90 5281.87 4154.80 5229.36
26071-203-M6-079-00001 0.05013379454612732 3822.52 4460.54 3977.61 4462.81 3975.25 4624.33 3820.16 4622.07
26071-200-M6-052-00150 0.10588619112968445 5465.13 3974.90 5616.70 3995.87 5595.68 4147.77 5444.11 4126.80
26071-200-M6-052-00150 0.0855267271399498 1941.61 3976.05 2090.73 3991.97 2074.55 4143.51 1925.44 4127.60
26071-200-M6-052-00150 0.08139028400182724 2763.04 2847.08 2915.30 2849.01 2913.30 3006.99 2761.04 3005.06
26071-200-M6-052-00150 0.08110090345144272 2181.78 511.58 2328.90 527.13 2312.73 680.06 2165.62 664.51
26071-200-M6-052-00150 0.0796809196472168 5782.21 5067.97 5934.82 5079.19 5924.13 5224.55 5771.53 5213.33
26071-200-M6-052-00150 0.07289925962686539 2158.84 1075.19 2317.14 1065.59 2326.31 1216.96 2168.01 1226.56
26071-200-M6-052-00150 0.07027377933263779 355.94 1874.51 476.79 1881.37 469.93 2002.13 349.09 1995.27
26071-200-M6-052-00150 0.06490124017000198 6269.19 5581.79 6423.38 5591.27 6413.96 5744.59 6259.77 5735.12
26071-200-M6-052-00150 0.06441186368465424 6908.24 4494.78 7050.89 4514.18 7030.12 4666.95 6887.47 4647.55
26071-200-M6-052-00150 0.06319770961999893 6269.09 4495.31 6425.24 4508.06 6412.83 4659.89 6256.69 4647.13
26071-200-M6-052-00150 0.058868952095508575 996.54 1660.17 1146.18 1684.68 1122.05 1831.94 972.42 1807.42
26071-200-M6-052-00150 0.0577608160674572 7275.50 4549.02 7430.88 4551.76 7428.03 4713.03 7272.65 4710.28
26071-200-M6-052-00150 0.05376899242401123 5752.86 5871.77 5923.69 5862.72 5934.60 6068.70 5763.77 6077.75
26071-200-M6-052-00150 0.05334849655628204 2416.11 3976.59 2562.00 3991.50 2547.28 4135.56 2401.39 4120.65
26071-200-M6-052-00003 0.9751054644584656 5132.29 5211.26 5281.04 5230.73 5261.13 5382.85 5112.38 5363.39
26071-200-M6-052-00003 0.10133644193410873 4179.53 2634.25 4331.68 2640.73 4325.24 2792.12 4173.09 2785.64
26071-200-M6-052-00003 0.096579410135746 2022.68 4165.86 2174.33 4178.34 2162.38 4323.41 2010.74 4310.92
26071-200-M6-052-00003 0.09105651080608368 3272.20 4748.32 3420.43 4760.25 3408.73 4905.65 3260.50 4893.72
26071-200-M6-052-00003 0.08766677975654602 4183.72 2906.41 4336.02 2929.62 4313.31 3078.66 4161.01 3055.46
26071-200-M6-052-00003 0.0704168826341629 5960.44 4168.55 6113.29 4194.76 6088.91 4336.94 5936.06 4310.74
26071-200-M6-052-00003 0.06789126247167587 3097.28 4944.69 3250.16 4961.26 3233.61 5114.01 3080.73 5097.44
26071-200-M6-052-00003 0.061206184327602386 3433.47 2474.40 3589.65 2483.42 3580.60 2640.07 3424.42 2631.05
26071-200-M6-052-00003 0.06075352802872658 7566.73 1278.69 7687.39 1291.39 7674.51 1413.73 7553.86 1401.03
26071-200-M6-052-00003 0.05461384356021881 1901.97 2243.94 2021.95 2272.05 1994.27 2390.18 1874.29 2362.07
26071-200-M6-052-00003 0.052850909531116486 6858.53 4175.43 7005.32 4175.49 7005.26 4326.13 6858.46 4326.06
26071-200-M6-052-00003 0.05041126906871796 3421.49 2759.35 3575.06 2765.90 3568.60 2917.18 3415.04 2910.62
26071-700-M6-054-00013 0.09818495064973831 3592.69 3029.97 3741.68 3044.49 3726.18 3203.59 3577.19 3189.08
26071-700-M6-054-00013 0.07125946134328842 3608.86 1135.19 3756.75 1171.96 3718.48 1325.89 3570.59 1289.12
26071-700-M6-054-00013 0.07035418599843979 3189.67 1873.33 3313.01 1880.08 3306.19 2004.77 3182.85 1998.02
26071-700-M6-054-00013 0.060447849333286285 3187.14 1284.00 3309.64 1289.42 3304.24 1411.57 3181.74 1406.15
26071-700-M6-054-00013 0.060268085449934006 3568.90 2671.06 3733.38 2671.52 3732.90 2841.40 3568.41 2840.93
26071-700-M6-054-00013 0.05759100243449211 3570.50 4579.05 3731.25 4559.71 3752.55 4736.75 3591.81 4756.09
26071-700-M6-054-00013 0.055146850645542145 3586.69 4925.08 3738.07 4929.21 3733.93 5080.84 3582.56 5076.72
26071-203-M6-320-00060 0.06667494028806686 3869.76 2629.10 3990.07 2634.11 3985.01 2755.42 3864.71 2750.41
26071-700-M6-054-00036 0.10674986988306046 6076.61 3440.26 6229.47 3463.57 6206.07 3617.01 6053.21 3593.70
26071-700-M6-054-00036 0.0997581034898758 6074.42 4995.44 6228.19 5009.64 6213.96 5163.65 6060.20 5149.44
26071-700-M6-054-00036 0.09614605456590652 5079.28 2317.84 5228.84 2351.28 5196.05 2497.93 5046.49 2464.49
26071-700-M6-054-00036 0.09229546040296555 4586.64 4699.19 4736.26 4720.20 4709.61 4910.03 4559.99 4889.02
26071-700-M6-054-00036 0.08835688978433609 5478.71 2327.73 5631.00 2343.81 5615.23 2493.05 5462.94 2476.96
26071-700-M6-054-00036 0.07648018002510071 5061.09 2614.18 5211.96 2614.33 5211.82 2763.76 5060.94 2763.61
26071-700-M6-054-00036 0.06896396726369858 5482.29 2609.54 5635.49 2626.12 5619.99 2769.39 5466.79 2752.82
26071-700-M6-054-00036 0.06858976185321808 5304.55 2445.30 5434.80 2526.41 5354.05 2656.11 5223.79 2575.01
26071-700-M6-054-00036 0.06750964373350143 5479.58 2071.26 5636.78 2082.03 5626.47 2232.54 5469.27 2221.78
26071-700-M6-054-00036 0.06364084780216217 1770.85 4477.07 1888.63 4472.61 1893.25 4594.81 1775.47 4599.27
26071-700-M6-054-00036 0.060061264783144 3786.42 3474.62 3968.50 3501.01 3938.52 3707.80 3756.44 3681.41
26071-700-M6-054-00036 0.05490867793560028 4458.69 1552.70 4622.15 1534.62 4639.39 1690.47 4475.93 1708.55
26071-700-M6-054-00036 0.051882997155189514 4306.53 5161.10 4424.00 5164.42 4420.48 5288.62 4303.01 5285.29
26071-203-M6-320-00044 0.05777353420853615 4178.43 3152.74 4300.75 3171.75 4282.24 3290.87 4159.92 3271.86
26071-203-M6-320-00044 0.05583062022924423 3695.56 3150.66 3818.38 3169.71 3800.26 3286.56 3677.44 3267.52
26071-203-M6-320-00044 0.052855972200632095 1774.74 3156.12 1898.29 3171.21 1884.03 3287.98 1760.48 3272.89
26071-600-M6-065-00231 0.0681520625948906 6152.24 3666.90 6302.47 3693.46 6278.28 3830.30 6128.04 3803.73
26071-500-M6-059-00071 0.10635965317487717 5512.20 3133.28 5650.15 3194.56 5587.30 3336.03 5449.35 3274.75
26071-500-M6-059-00071 0.10106227546930313 4533.13 3721.34 4686.02 3727.26 4680.05 3881.45 4527.16 3875.53
26071-500-M6-059-00071 0.09766016155481339 7256.69 3053.33 7411.01 3068.73 7395.85 3220.74 7241.53 3205.34
26071-500-M6-059-00071 0.09478352963924408 874.08 5182.50 1030.31 5199.78 1013.69 5350.07 857.45 5332.78
26071-500-M6-059-00071 0.09157977998256683 879.80 4510.38 1030.92 4526.45 1014.08 4684.81 862.96 4668.74
26071-500-M6-059-00071 0.08859654515981674 4189.61 3442.28 4342.07 3471.11 4314.21 3618.48 4161.74 3589.65
26071-500-M6-059-00071 0.07126720994710922 2109.55 4066.75 2263.08 4076.39 2253.72 4225.45 2100.19 4215.81
26071-500-M6-059-00071 0.06848461925983429 2977.08 4062.32 3131.99 4073.23 3120.84 4231.61 2965.92 4220.70
26071-500-M6-059-00071 0.06179894134402275 4197.87 3704.93 4347.26 3743.82 4308.63 3892.19 4159.25 3853.30
26071-500-M6-059-00071 0.057173579931259155 7258.67 3310.32 7412.31 3335.66 7387.67 3485.10 7234.03 3459.76
26071-500-M6-059-00071 0.05611191317439079 6276.02 2462.34 6415.77 2495.08 6380.24 2646.78 6240.48 2614.04
26071-203-M6-320-00008 0.2363392412662506 1819.15 3993.08 1977.83 4011.65 1960.18 4162.57 1801.50 4144.00
26071-203-M6-320-00008 0.11039423197507858 4179.88 3899.13 4335.82 3916.76 4318.56 4069.48 4162.62 4051.85
26071-203-M6-320-00008 0.09101061522960663 4565.28 3390.98 4717.65 3403.16 4705.18 3559.13 4552.80 3546.95
26071-203-M6-320-00008 0.06482396274805069 6228.92 1760.51 6379.69 1771.58 6368.59 1922.77 6217.82 1911.70
26071-203-M6-320-00008 0.0627642348408699 4551.24 3889.14 4710.66 3915.90 4684.15 4073.88 4524.73 4047.13
26071-203-M6-320-00008 0.0581367164850235 6705.11 1766.28 6856.58 1767.30 6855.54 1921.66 6704.07 1920.65
26071-203-M6-320-00008 0.05740438401699066 2159.00 3986.03 2317.18 4015.94 2285.46 4183.72 2127.28 4153.81
26071-203-M6-320-00008 0.05124412477016449 6000.08 5980.28 6122.93 5986.16 6116.96 6110.89 5994.10 6105.00
26071-500-M6-059-00116 0.2108822613954544 3583.04 2407.13 3741.39 2417.94 3728.25 2610.28 3569.91 2599.47
26071-500-M6-059-00116 0.1075843945145607 2409.40 4752.69 2562.45 4772.27 2542.82 4925.65 2389.78 4906.07
26071-500-M6-059-00116 0.057576242834329605 2062.00 4758.70 2212.90 4780.22 2191.52 4930.18 2040.61 4908.66
26071-550-M6-084-00026 0.0570223294198513 6068.54 3559.56 6223.75 3583.11 6200.62 3735.50 6045.41 3711.95
26071-203-M6-337-00007 0.11495553702116013 5708.01 5162.52 5857.81 5178.16 5841.44 5335.00 5691.63 5319.37
26071-203-M6-337-00007 0.08595085889101028 5368.35 5165.92 5524.08 5175.17 5515.11 5326.05 5359.38 5316.79
26071-203-M6-337-00007 0.08506493270397186 5384.07 2488.25 5533.35 2521.99 5500.43 2667.63 5351.15 2633.89
26071-203-M6-337-00007 0.06283251941204071 2306.67 1137.12 2455.11 1158.92 2432.34 1313.96 2283.90 1292.16
26071-200-M6-052-00090 0.20406793057918549 2410.03 1747.33 2560.99 1746.14 2562.12 1891.05 2411.17 1892.23
26071-200-M6-052-00090 0.19017799198627472 1559.34 3817.20 1714.26 3827.31 1704.24 3980.97 1549.32 3970.86
26071-200-M6-052-00090 0.160120889544487 5467.73 1303.17 5620.04 1309.63 5613.70 1459.30 5461.38 1452.84
26071-200-M6-052-00090 0.1536591798067093 4567.18 3818.83 4722.03 3826.10 4714.81 3980.08 4559.96 3972.82
26071-200-M6-052-00090 0.14307591319084167 2433.08 1571.62 2590.30 1594.05 2569.17 1742.13 2411.96 1719.70
26071-200-M6-052-00090 0.13149328529834747 5228.42 3974.15 5372.72 3989.97 5356.85 4134.69 5212.56 4118.87
26071-200-M6-052-00090 0.11001883447170258 5482.28 1548.42 5628.59 1560.49 5616.19 1710.71 5469.88 1698.63
26071-200-M6-052-00090 0.10996932536363602 6411.63 5014.87 6459.35 5016.10 6458.89 5033.94 6411.17 5032.70
26071-200-M6-052-00090 0.10658498108386993 4573.90 4411.56 4725.19 4419.92 4716.24 4581.84 4564.95 4573.47
26071-200-M6-052-00090 0.10225065797567368 1557.24 4415.38 1712.48 4426.69 1701.35 4579.44 1546.11 4568.13
26071-200-M6-052-00090 0.09946645796298981 1859.51 3425.59 2011.23 3424.27 2012.51 3572.06 1860.80 3573.38
26071-200-M6-052-00090 0.09593860059976578 3401.06 1353.92 3447.80 1352.41 3448.35 1369.60 3401.62 1371.10
26071-200-M6-052-00090 0.09387949109077454 3999.26 4542.14 4146.24 4586.07 4103.36 4729.53 3956.39 4685.60
26071-200-M6-052-00090 0.08845646679401398 969.72 4542.01 1118.23 4577.32 1082.09 4729.30 933.59 4694.00
26071-200-M6-052-00090 0.08812585473060608 2404.65 1357.91 2556.54 1359.02 2555.50 1501.00 2403.62 1499.90
26071-200-M6-052-00090 0.08782774209976196 4582.57 3414.04 4727.38 3434.87 4705.56 3586.53 4560.75 3565.70
26071-200-M6-052-00090 0.0867011770606041 1567.56 3411.43 1719.95 3437.33 1694.25 3588.58 1541.85 3562.68
26071-200-M6-052-00090 0.08485718816518784 2229.29 3964.90 2372.28 3996.77 2340.52 4139.27 2197.53 4107.40
26071-200-M6-052-00090 0.0827450305223465 2683.02 1579.40 2840.28 1579.41 2840.27 1730.69 2683.02 1730.69
26071-200-M6-052-00090 0.07916195690631866 3875.76 2560.02 4024.36 2583.02 4002.00 2727.52 3853.40 2704.52
26071-200-M6-052-00090 0.07843010872602463 3866.49 2282.86 4020.39 2293.19 4010.17 2445.51 3856.27 2435.18
26071-200-M6-052-00090 0.07828138768672943 1359.27 2462.65 1480.82 2465.63 1477.71 2592.87 1356.16 2589.90
26071-200-M6-052-00090 0.07669632881879807 4846.11 2165.29 4964.45 2171.69 4957.63 2297.76 4839.30 2291.36
26071-200-M6-052-00090 0.07585727423429489 5474.64 4544.54 5616.58 4577.52 5582.52 4724.12 5440.58 4691.14
26071-200-M6-052-00090 0.07462459802627563 5132.98 3401.46 5255.78 3489.21 5168.29 3611.65 5045.49 3523.90
26071-200-M6-052-00090 0.07315734773874283 2144.21 3402.02 2254.43 3497.89 2155.39 3611.76 2045.16 3515.90
26071-200-M6-052-00090 0.07223191112279892 5823.02 3708.25 5869.54 3709.43 5869.12 3726.41 5822.59 3725.23
26071-200-M6-052-00090 0.07208462804555893 5736.96 1555.26 5902.21 1554.08 5903.29 1706.52 5738.05 1707.70
26071-200-M6-052-00090 0.06880372762680054 2811.41 3708.46 2857.89 3709.23 2857.61 3726.48 2811.12 3725.71
26071-200-M6-052-00090 0.06874212622642517 2775.10 5074.57 2894.73 5071.10 2898.22 5191.78 2778.59 5195.24
26071-200-M6-052-00090 0.06578332185745239 3369.49 4768.45 3490.08 4772.16 3486.24 4896.82 3365.65 4893.11
26071-200-M6-052-00090 0.05996888503432274 2683.85 1344.79 2840.27 1365.76 2821.17 1508.32 2664.74 1487.35
26071-200-M6-052-00090 0.05981266126036644 4851.30 3422.05 5004.26 3428.99 4997.51 3577.78 4844.55 3570.84
26071-200-M6-052-00090 0.0549321174621582 320.16 4767.60 440.77 4776.27 432.13 4896.41 311.52 4887.74
26071-200-M6-052-00090 0.054101672023534775 7000.06 4822.92 7119.48 4838.88 7103.74 4956.74 6984.32 4940.78
26071-200-M6-052-00090 0.05235815420746803 7313.79 2166.58 7434.54 2175.33 7425.59 2298.94 7304.84 2290.20
26071-200-M6-052-00090 0.05210717394948006 2472.07 4544.79 2606.57 4580.09 2569.18 4722.50 2434.69 4687.19
26071-200-M6-052-00090 0.051461029797792435 5799.09 4993.89 5917.84 5019.98 5891.69 5139.03 5772.94 5112.95
26071-203-M6-320-00061 0.08961020410060883 1000.26 3617.06 1144.25 3711.04 1044.55 3863.81 900.55 3769.83
26071-203-M6-320-00061 0.07577074319124222 6578.57 1843.27 6699.61 1863.71 6679.75 1981.35 6558.71 1960.91
26071-203-M6-320-00061 0.06807931512594223 5688.20 4789.47 5809.00 4799.46 5799.08 4919.42 5678.27 4909.42
26071-203-M6-320-00061 0.06479291617870331 3878.96 1842.55 4000.50 1863.59 3980.08 1981.55 3858.53 1960.50
26071-203-M6-320-00061 0.06128844991326332 2797.11 1845.06 2917.11 1861.37 2901.08 1979.32 2781.08 1963.00
26071-203-M6-320-00061 0.05919961258769035 2399.72 1514.99 2515.85 1544.00 2486.91 1659.86 2370.77 1630.85
26071-203-M6-320-00061 0.05894423648715019 5096.04 1515.54 5215.34 1541.17 5189.67 1660.65 5070.37 1635.02
26071-203-M6-320-00061 0.05775170400738716 2994.70 4787.10 3113.23 4804.09 3096.28 4922.39 2977.75 4905.41
26071-203-M6-320-00061 0.05750712752342224 7172.36 4431.26 7294.06 4437.33 7288.16 4555.65 7166.46 4549.58
26071-203-M6-320-00061 0.056647833436727524 300.85 3681.87 420.91 3686.37 416.35 3808.03 296.28 3803.52
26071-203-M6-320-00061 0.0557694174349308 2175.74 4791.41 2289.45 4777.47 2305.45 4907.97 2191.75 4921.92
26071-203-M6-320-00061 0.055466752499341965 3400.95 4426.64 3522.75 4449.64 3500.92 4565.19 3379.13 4542.18
26071-203-M6-320-00061 0.05480082705616951 4877.11 4791.44 4987.88 4778.05 5003.70 4908.95 4892.93 4922.34
26071-203-M6-320-00061 0.054451871663331985 5496.45 1845.69 5616.87 1862.34 5600.68 1979.43 5480.26 1962.78
26071-203-M6-320-00061 0.05414297804236412 6102.31 4425.34 6223.08 4450.55 6198.97 4566.04 6078.21 4540.83
26071-203-M6-320-00061 0.05176582932472229 4011.00 1520.55 4132.20 1530.95 4121.75 1652.71 4000.55 1642.31
26071-203-M6-320-00061 0.05120602622628212 4598.69 4792.03 4710.44 4777.09 4727.69 4906.12 4615.94 4921.05
26071-600-M6-065-00037 0.20031818747520447 6366.30 2756.74 6521.18 2760.13 6517.76 2916.30 6362.89 2912.91
26071-600-M6-065-00037 0.11719326674938202 2466.52 2344.63 2609.81 2366.60 2586.68 2517.43 2443.39 2495.46
26071-600-M6-065-00037 0.1145441010594368 6359.35 3029.21 6513.77 3035.45 6507.65 3186.93 6353.23 3180.69
26071-600-M6-065-00037 0.09770485013723373 1182.11 5438.68 1302.85 5441.34 1298.18 5653.13 1177.45 5650.47
26071-600-M6-065-00037 0.09014984220266342 2446.12 2949.34 2601.97 2939.29 2612.04 3095.48 2456.19 3105.53
26071-600-M6-065-00037 0.07082635164260864 2314.50 3294.51 2361.60 3294.01 2361.78 3311.65 2314.69 3312.14
26071-600-M6-065-00037 0.06660544872283936 4465.60 5462.15 4572.05 5445.47 4606.75 5667.03 4500.30 5683.70
26071-600-M6-065-00037 0.06226508319377899 6106.02 2651.24 6255.32 2678.86 6227.27 2830.44 6077.97 2802.81
26071-600-M6-065-00037 0.0614582896232605 3024.54 3292.43 3072.02 3292.92 3071.84 3310.27 3024.37 3309.79
26071-600-M6-065-00037 0.05733131617307663 1000.78 3883.33 1149.79 3907.63 1126.02 4053.35 977.01 4029.05
26071-600-M6-065-00037 0.05584409087896347 6111.19 2891.08 6260.83 2939.75 6211.51 3091.36 6061.87 3042.68
26071-600-M6-065-00037 0.05534464493393898 2479.07 2150.91 2624.18 2147.19 2628.19 2303.61 2483.08 2307.33
26071-600-M6-065-00037 0.05207037925720215 7308.77 2461.86 7464.51 2448.68 7477.55 2602.69 7321.81 2615.88
26071-300-M6-053-00010 0.1279616802930832 4773.25 4377.09 4924.70 4395.24 4906.41 4547.86 4754.96 4529.71
26071-300-M6-053-00010 0.12018674612045288 1580.93 3628.77 1737.08 3640.13 1725.96 3792.88 1569.82 3781.51
26071-300-M6-053-00010 0.08589161187410355 1910.53 4311.63 2052.20 4336.29 2018.46 4530.11 1876.79 4505.46
26071-300-M6-053-00010 0.07418248057365417 1861.83 3623.10 2016.72 3636.17 2003.74 3789.90 1848.85 3776.82
26071-300-M6-053-00010 0.06700439751148224 6380.72 6003.28 6502.55 6011.09 6494.73 6133.01 6372.90 6125.19
26071-300-M6-053-00010 0.06485560536384583 1871.21 3383.05 2022.36 3408.47 1997.14 3558.46 1845.99 3533.05
26071-300-M6-053-00010 0.06341077387332916 4548.73 2450.21 4707.00 2452.06 4705.26 2600.40 4547.00 2598.55
26071-203-M6-320-00042 0.08488447964191437 3965.26 3062.37 4120.51 3080.38 4102.43 3236.21 3947.18 3218.20
26071-203-M6-320-00042 0.06914955377578735 4215.28 2361.35 4378.12 2374.01 4366.03 2529.53 4203.19 2516.88
26071-203-M6-320-00042 0.05432848632335663 6377.49 2033.82 6520.71 2056.82 6492.53 2232.28 6349.32 2209.28
26071-203-M6-160-00291 0.12728159129619598 1273.89 1188.51 1432.13 1190.51 1430.26 1338.56 1272.01 1336.56
26071-203-M6-160-00291 0.12398193776607513 1279.48 908.20 1438.69 922.26 1424.79 1079.54 1265.59 1065.48
26071-203-M6-160-00291 0.12340662628412247 1279.58 641.32 1430.09 653.89 1417.56 803.92 1267.05 791.36
26071-203-M6-160-00291 0.10407652705907822 5488.28 5550.14 5650.56 5570.78 5633.39 5705.77 5471.11 5685.13
26071-203-M6-160-00291 0.10017857700586319 2183.73 3329.73 2334.94 3362.16 2302.99 3511.17 2151.77 3478.74
26071-203-M6-160-00291 0.08886373788118362 3358.43 5079.15 3516.31 5082.96 3512.78 5228.82 3354.91 5225.00
26071-203-M6-160-00291 0.07209419459104538 2475.47 5887.36 2626.87 5914.83 2598.84 6069.33 2447.43 6041.86
26071-203-M6-160-00291 0.06913556903600693 3027.64 5523.21 3167.89 5582.46 3109.41 5720.89 2969.16 5661.64
26071-203-M6-160-00291 0.06830327212810516 4750.83 5146.25 4894.13 5137.15 4904.44 5299.57 4761.14 5308.67
26071-203-M6-160-00291 0.06409472972154617 3137.90 2435.25 3282.05 2463.86 3251.76 2616.49 3107.61 2587.89
26071-600-M6-066-00002 0.10909581184387207 6672.86 3349.00 6818.43 3372.04 6794.07 3525.97 6648.50 3502.93
26071-600-M6-066-00002 0.0741538405418396 5135.20 2679.58 5284.07 2686.87 5276.47 2842.34 5127.59 2835.06
26071-600-M6-066-00002 0.05866921693086624 6666.93 3615.82 6819.94 3638.35 6797.72 3789.17 6644.71 3766.64
26071-300-M6-053-00008 0.0789780393242836 7385.72 6076.46 7505.38 6084.98 7496.76 6206.16 7377.10 6197.64
26071-300-M6-053-00008 0.07807457447052002 3571.31 3977.56 3720.74 3997.76 3700.54 4147.14 3551.11 4126.94
26071-300-M6-053-00008 0.07329939305782318 3353.08 4866.06 3500.50 4887.65 3478.13 5040.43 3330.71 5018.85
26071-300-M6-053-00008 0.0727897435426712 5700.51 5265.65 5847.37 5324.92 5791.35 5463.70 5644.49 5404.43
26071-300-M6-053-00008 0.06703909486532211 5023.23 5463.01 5176.54 5484.17 5155.92 5633.67 5002.60 5612.51
26071-300-M6-053-00008 0.06318026781082153 3007.23 2203.14 3156.44 2226.32 3132.89 2377.89 2983.68 2354.70
26071-300-M6-053-00008 0.059687450528144836 4522.57 604.92 4569.89 605.72 4569.59 623.34 4522.27 622.54
26071-300-M6-053-00008 0.059418387711048126 4184.65 1221.80 4336.82 1250.10 4308.92 1400.14 4156.75 1371.84
26071-300-M6-053-00008 0.05940159782767296 4473.40 2757.35 4633.91 2752.90 4638.47 2917.17 4477.96 2921.62
26071-300-M6-053-00008 0.05750225856900215 4223.49 4454.58 4373.06 4463.87 4363.67 4615.08 4214.10 4605.80
26071-300-M6-053-00008 0.05621195584535599 6741.02 4456.12 6890.42 4465.79 6880.46 4619.81 6731.05 4610.14
26071-300-M6-053-00008 0.05412545055150986 4554.51 4267.20 4709.81 4301.15 4677.76 4447.74 4522.47 4413.79
26071-300-M6-053-00008 0.053835686296224594 4863.16 657.72 5010.66 669.79 4997.91 825.71 4850.41 813.65
26071-300-M6-053-00008 0.05294405668973923 6854.35 5767.25 6973.21 5778.88 6961.20 5901.46 6842.35 5889.82
26071-300-M6-053-00008 0.05171676352620125 3197.15 4152.03 3349.82 4173.07 3329.10 4323.40 3176.43 4302.36
26071-203-M6-060-00001 0.13580182194709778 2755.91 4796.13 2906.47 4786.56 2916.20 4939.62 2765.64 4949.19
26071-203-M6-060-00001 0.11814165860414505 2752.33 5059.92 2908.43 5063.30 2905.10 5216.95 2749.01 5213.57
26071-203-M6-060-00001 0.11172450333833694 2759.02 3851.24 2917.56 3852.96 2915.93 4002.72 2757.39 4000.99
26071-203-M6-060-00001 0.10509593784809113 3879.19 635.38 4027.18 658.88 4002.62 813.53 3854.63 790.03
26071-203-M6-060-00001 0.09628425538539886 2764.49 4112.24 2915.25 4118.96 2908.43 4271.79 2757.68 4265.07
26071-203-M6-060-00001 0.09574426710605621 2756.55 1170.44 2909.37 1166.16 2913.70 1320.67 2760.88 1324.95
26071-203-M6-060-00001 0.07940289378166199 3595.09 1138.85 3746.69 1162.39 3723.74 1310.15 3572.15 1286.61
26071-203-M6-060-00001 0.07382329553365707 3593.85 4327.53 3744.27 4350.79 3721.45 4498.37 3571.03 4475.11
26071-203-M6-060-00001 0.07180493324995041 2760.56 4379.46 2915.63 4389.47 2905.90 4540.26 2750.83 4530.25
26071-203-M6-060-00001 0.06408670544624329 2774.76 2240.43 2925.90 2273.35 2892.49 2426.74 2741.35 2393.82
26071-203-M6-060-00001 0.0629655197262764 3243.54 2653.43 3393.24 2674.53 3371.77 2826.89 3222.07 2805.79
26071-203-M6-060-00001 0.0581987202167511 2772.65 3193.65 2923.20 3213.76 2902.35 3369.84 2751.80 3349.73
26071-203-M6-060-00001 0.055141519755125046 3588.62 5272.88 3738.70 5279.42 3732.11 5430.73 3582.02 5424.19
26071-203-M6-060-00001 0.05396505072712898 2759.44 5319.46 2916.27 5331.51 2904.32 5487.11 2747.49 5475.07
26071-203-M6-060-00001 0.05313771590590477 3000.09 1163.37 3156.81 1181.67 3139.28 1331.86 2982.56 1313.56
26071-200-M6-063-00010 0.1419171839952469 3092.13 3965.96 3277.41 3969.57 3273.45 4172.57 3088.18 4168.96
26071-200-M6-063-00010 0.08283895254135132 4890.36 1378.30 5043.90 1391.25 5031.21 1541.69 4877.67 1528.74
26071-200-M6-063-00010 0.0778920128941536 3379.68 5428.09 3521.39 5475.45 3470.82 5626.76 3329.11 5579.40
26071-200-M6-063-00010 0.07132428884506226 7678.40 1873.21 7800.01 1879.69 7793.53 2001.20 7671.92 1994.72
26071-200-M6-063-00010 0.06389021873474121 2431.62 3949.82 2610.45 3944.54 2616.74 4157.76 2437.91 4163.03
26071-200-M6-063-00010 0.058451294898986816 4890.27 1655.27 5042.56 1680.03 5017.96 1831.34 4865.67 1806.58
26071-203-M6-060-00006 0.989179253578186 1339.43 4228.43 1490.72 4245.78 1473.70 4394.18 1322.42 4376.84
26071-203-M6-060-00006 0.9861615896224976 4205.52 4757.26 4349.12 4807.08 4299.40 4950.38 4155.80 4900.56
26071-203-M6-060-00006 0.9807125329971313 2155.17 4772.26 2314.59 4782.97 2304.28 4936.39 2144.86 4925.68
26071-203-M6-060-00006 0.1023026555776596 2963.97 3330.29 3117.39 3342.43 3105.31 3495.20 2951.89 3483.06
26071-203-M6-060-00006 0.09808756411075592 2958.16 2980.98 3109.80 2980.36 3110.43 3136.14 2958.79 3136.76
26071-203-M6-060-00006 0.09212513267993927 2686.34 2970.09 2838.38 2991.41 2817.34 3141.49 2665.30 3120.17
26071-203-M6-060-00006 0.08859119564294815 2670.44 5459.10 2834.10 5453.80 2839.52 5621.38 2675.85 5626.67
26071-203-M6-060-00006 0.07135430723428726 3647.51 5448.67 3795.99 5448.68 3795.99 5608.14 3647.50 5608.14
26071-203-M6-060-00006 0.07129042595624924 3359.58 3456.49 3508.49 3451.91 3513.18 3604.49 3364.26 3609.06
26071-203-M6-060-00006 0.06653617322444916 831.54 1870.81 952.41 1881.12 942.13 2001.58 821.26 1991.26
26071-203-M6-060-00006 0.056955303996801376 2414.46 5451.60 2574.85 5462.56 2563.95 5621.94 2403.57 5610.97
26071-203-M6-325-00013 0.1545628309249878 6025.26 2465.38 6210.19 2410.42 6256.02 2564.63 6071.08 2619.59
26071-203-M6-325-00013 0.10885094851255417 3403.51 3632.28 3547.20 3652.11 3526.29 3803.61 3382.60 3783.78
26071-203-M6-325-00013 0.05088994279503822 6061.53 1865.55 6242.88 1819.27 6282.97 1976.40 6101.62 2022.68
26071-675-M6-068-00041 0.06359899044036865 2676.33 4159.67 2795.64 4172.98 2782.47 4291.02 2663.16 4277.70
26071-675-M6-068-00041 0.06267084181308746 5679.52 4158.57 5798.94 4176.96 5780.96 4293.74 5661.54 4275.35
26071-675-M6-068-00041 0.06132610887289047 2678.41 2627.14 2796.45 2643.19 2780.21 2762.59 2662.17 2746.54
26071-675-M6-068-00041 0.0599081814289093 6667.65 4160.12 6788.19 4178.61 6769.67 4299.29 6649.13 4280.80
26071-675-M6-068-00041 0.05891799181699753 5674.24 2642.09 5794.68 2648.91 5787.87 2769.21 5667.44 2762.39
26071-675-M6-068-00041 0.058208294212818146 6341.07 4158.64 6460.81 4181.13 6438.71 4298.78 6318.98 4276.30
26071-675-M6-068-00041 0.05808214470744133 1687.64 4161.47 1807.24 4177.92 1790.78 4297.56 1671.18 4281.10
26071-675-M6-068-00041 0.054934702813625336 2016.62 4161.59 2138.13 4178.94 2121.25 4297.18 1999.74 4279.83
26071-675-M6-068-00041 0.0549289807677269 5346.97 4160.66 5467.04 4176.92 5450.84 4296.53 5330.77 4280.27
26071-675-M6-068-00041 0.054125700145959854 2346.77 4160.40 2467.03 4176.51 2450.97 4296.43 2330.70 4280.31
26071-675-M6-068-00041 0.054123226553201675 6008.92 4159.54 6129.69 4181.57 6108.47 4297.88 5987.69 4275.85
26071-675-M6-068-00041 0.05389324575662613 6999.81 4159.45 7119.50 4180.97 7098.39 4298.38 6978.70 4276.86
26071-675-M6-068-00041 0.051792845129966736 3999.99 4158.75 4119.77 4180.32 4098.67 4297.50 3978.88 4275.92
26071-675-M6-068-00041 0.05157436057925224 3011.50 4156.57 3130.67 4181.01 3106.62 4298.32 2987.44 4273.89
26071-675-M6-068-00041 0.05076272040605545 7663.13 4156.77 7781.84 4182.29 7757.00 4297.81 7638.29 4272.29
26071-675-M6-068-00041 0.0502651147544384 4004.58 2626.39 4121.53 2652.24 4096.49 2765.54 3979.54 2739.70
26071-300-M6-053-00012 0.9816872477531433 5320.89 3883.47 5473.38 3902.78 5454.42 4052.54 5301.93 4033.23
26071-300-M6-053-00012 0.13423609733581543 5295.30 1560.57 5447.75 1583.86 5423.95 1739.66 5271.50 1716.37
26071-300-M6-053-00012 0.13195925951004028 2758.69 4580.23 2917.24 4580.92 2916.57 4733.35 2758.03 4732.66
26071-300-M6-053-00012 0.11852481216192245 6270.92 6422.04 6389.81 6421.87 6390.11 6631.34 6271.23 6631.51
26071-300-M6-053-00012 0.10429265350103378 1773.43 4094.01 1927.87 4112.89 1909.45 4263.54 1755.02 4244.66
26071-300-M6-053-00012 0.10228601843118668 2773.76 4841.75 2925.62 4872.58 2895.25 5022.14 2743.40 4991.31
26071-300-M6-053-00012 0.06763974577188492 3323.27 5446.12 3456.42 5528.70 3375.78 5658.71 3242.63 5576.13
26071-300-M6-053-00012 0.06534399837255478 4271.70 4777.46 4393.42 4773.90 4396.97 4895.10 4275.25 4898.66
26071-300-M6-053-00012 0.06452807784080505 5020.76 1562.12 5171.84 1573.07 5160.96 1723.15 5009.88 1712.20
26071-300-M6-053-00012 0.061500564217567444 5716.33 2098.54 5763.20 2098.51 5763.21 2115.99 5716.34 2116.02
26071-300-M6-053-00012 0.059033557772636414 5168.69 5471.31 5320.04 5486.90 5305.59 5627.31 5154.24 5611.73
26071-300-M6-053-00012 0.0581141859292984 5526.70 4684.06 5573.14 4681.74 5573.99 4698.83 5527.56 4701.15
26071-300-M6-053-00012 0.05348122864961624 2762.79 5235.14 2917.60 5246.94 2905.97 5399.42 2751.16 5387.61
26071-300-M6-053-00012 0.051410313695669174 6104.67 1750.75 6223.99 1771.31 6203.69 1889.13 6084.37 1868.57
26071-300-M6-053-00012 0.05106951668858528 3895.11 5637.55 3912.61 5637.48 3912.79 5685.00 3895.29 5685.07
26071-450-M6-082-00221 0.05669226869940758 5846.24 2760.62 5968.03 2764.62 5963.94 2889.22 5842.15 2885.23
26071-675-M6-068-00034 0.07931263744831085 6375.73 1812.44 6535.72 1828.61 6519.70 1987.17 6359.70 1971.00
26071-675-M6-068-00034 0.0708838626742363 6098.54 2026.07 6249.10 2047.34 6227.76 2198.37 6077.20 2177.09
26071-675-M6-068-00034 0.0676267072558403 3336.03 5702.57 3383.07 5702.67 3383.03 5720.26 3336.00 5720.16
26071-675-M6-068-00034 0.05183030664920807 4763.64 4027.84 4915.25 4038.71 4904.22 4192.65 4752.61 4181.78
26071-675-M6-068-00034 0.05063745006918907 3095.73 4797.38 3144.15 4796.27 3144.48 4810.61 3096.06 4811.71
26071-450-M6-082-00031 0.11376824975013733 5371.27 1570.57 5519.37 1590.02 5499.37 1742.33 5351.26 1722.88
26071-450-M6-082-00031 0.11225663870573044 2516.33 3971.97 2667.71 4001.55 2638.75 4149.72 2487.38 4120.14
26071-450-M6-082-00031 0.1054878681898117 3281.14 2445.25 3432.77 2461.94 3415.55 2618.42 3263.91 2601.73
26071-450-M6-082-00031 0.0997002050280571 2780.63 4213.69 2932.95 4228.06 2918.89 4377.13 2766.57 4362.77
26071-450-M6-082-00031 0.08049993962049484 2798.02 3973.68 2942.28 3996.94 2918.79 4142.57 2774.53 4119.31
26071-450-M6-082-00031 0.07846247404813766 5363.32 1263.58 5514.37 1273.85 5503.83 1428.75 5352.78 1418.47
26071-450-M6-082-00031 0.06945755332708359 6601.19 3642.96 6718.01 3657.10 6702.94 3781.66 6586.12 3767.52
26071-450-M6-082-00031 0.06322358548641205 5373.54 902.14 5518.96 927.24 5493.03 1077.51 5347.60 1052.41
26071-450-M6-082-00031 0.061374444514513016 3618.62 3248.87 3791.01 3242.75 3797.29 3419.90 3624.90 3426.02
26071-450-M6-082-00031 0.05742260813713074 3283.11 2678.54 3434.44 2697.19 3415.78 2848.60 3264.46 2829.95
26071-450-M6-082-00031 0.055940743535757065 5370.39 1847.44 5518.86 1869.50 5496.40 2020.66 5347.94 1998.60
26071-450-M6-082-00031 0.05321172997355461 7634.15 2095.07 8092.69 2092.41 8093.02 2149.82 7634.48 2152.48
26071-450-M6-082-00031 0.05168808251619339 2988.17 2673.07 3156.39 2683.91 3146.03 2844.62 2977.81 2833.78
26071-200-M6-062-00276 0.11163049191236496 4763.78 3041.49 4910.03 3035.89 4916.21 3197.20 4769.96 3202.80
26071-200-M6-062-00276 0.09928678721189499 4585.07 3284.90 4732.60 3316.40 4700.26 3467.85 4552.73 3436.35
26071-200-M6-062-00276 0.09896613657474518 4761.25 2750.87 4911.10 2743.10 4919.18 2898.89 4769.33 2906.66
26071-200-M6-062-00276 0.08052871376276016 3354.60 3519.74 3508.71 3527.42 3501.03 3681.81 3346.91 3674.14
26071-200-M6-062-00276 0.07309466600418091 594.02 2467.45 714.37 2473.54 707.97 2599.89 587.62 2593.80
26071-200-M6-062-00276 0.0687813013792038 5829.83 2729.18 5985.26 2738.70 5976.03 2889.41 5820.60 2879.89
26071-200-M6-062-00276 0.06480935215950012 1458.52 3675.47 1608.98 3678.85 1605.69 3825.15 1455.23 3821.77
26071-200-M6-062-00276 0.05773724243044853 4764.48 3796.75 4918.05 3794.81 4919.94 3944.82 4766.36 3946.75
26071-200-M6-062-00276 0.051749225705862045 3340.29 3793.57 3495.30 3785.56 3503.51 3944.30 3348.49 3952.32
26071-500-M6-059-00011 0.12329957634210587 4986.44 4572.31 5135.04 4597.32 5110.35 4744.03 4961.75 4719.02
26071-500-M6-059-00011 0.09601269662380219 4776.73 6430.42 4902.58 6426.84 4908.47 6633.82 4782.62 6637.40
26071-500-M6-059-00011 0.06252662092447281 4667.66 4561.98 4812.05 4590.55 4783.64 4734.12 4639.25 4705.55
26071-500-M6-059-00011 0.054461073130369186 6187.69 721.71 6343.83 729.18 6336.59 880.49 6180.45 873.02
26071-600-M6-065-00021 0.12004249542951584 7265.74 3638.44 7419.57 3652.59 7405.38 3806.85 7251.55 3792.69
26071-600-M6-065-00021 0.11279476433992386 7262.23 3387.84 7413.95 3392.26 7409.57 3542.88 7257.84 3538.46
26071-600-M6-065-00021 0.08824170380830765 2506.28 2080.73 2647.65 2115.07 2611.30 2264.73 2469.92 2230.39
26071-600-M6-065-00021 0.08475121110677719 5401.81 3888.96 5536.20 3956.72 5468.48 4091.01 5334.10 4023.25
26071-600-M6-065-00021 0.08158090710639954 3862.29 1563.33 4010.67 1580.07 3993.94 1728.35 3845.57 1711.61
26071-600-M6-065-00021 0.07937441766262054 7270.54 3907.47 7422.46 3926.36 7403.43 4079.42 7251.51 4060.53
26071-600-M6-065-00021 0.07490143924951553 5355.96 3646.58 5501.69 3643.43 5505.07 3799.81 5359.34 3802.96
26071-600-M6-065-00021 0.07270828634500504 2483.76 2995.71 2605.04 3005.69 2595.35 3123.52 2474.07 3113.55
26071-600-M6-065-00021 0.06144629418849945 4417.58 3864.23 4563.29 3876.09 4551.49 4020.99 4405.78 4009.13
26071-600-M6-065-00021 0.06141207367181778 6443.80 2150.20 6592.38 2162.78 6579.70 2312.60 6431.12 2300.02
26071-600-M6-065-00021 0.05969122052192688 4689.47 3858.10 4836.24 3883.85 4810.67 4029.60 4663.89 4003.85
26071-600-M6-065-00021 0.05679364129900932 6868.64 2567.71 7023.66 2572.70 7018.77 2724.62 6863.75 2719.62
26071-600-M6-065-00021 0.05574597045779228 3870.81 1277.78 4023.74 1293.72 4008.04 1444.42 3855.10 1428.48
26071-600-M6-065-00021 0.05251062661409378 6581.63 2155.89 6749.34 2161.70 6743.26 2337.26 6575.54 2331.45
26071-600-M6-065-00021 0.05102936178445816 2288.41 3666.26 2441.11 3673.24 2434.27 3822.83 2281.57 3815.85
26071-600-M6-065-00021 0.05095483362674713 3886.11 2007.94 4026.97 2054.63 3979.84 2196.83 3838.98 2150.14
26071-600-M6-065-00021 0.05027105659246445 7787.69 6469.47 7910.83 6471.39 7907.54 6682.91 7784.40 6680.99
26071-500-M6-059-00013 0.9738275408744812 2364.02 4370.36 2514.59 4384.65 2500.25 4535.80 2349.68 4521.52
26071-500-M6-059-00013 0.3236578404903412 2693.96 4211.88 2850.02 4238.03 2825.48 4384.50 2669.42 4358.35
26071-500-M6-059-00013 0.2544470727443695 3356.30 4257.98 3509.22 4273.30 3493.90 4426.28 3340.97 4410.96
26071-500-M6-059-00013 0.2191900610923767 2685.50 5550.85 2838.36 5565.76 2823.65 5716.62 2670.79 5701.71
26071-500-M6-059-00013 0.11268041282892227 2689.00 5272.09 2839.62 5296.05 2816.53 5441.13 2665.91 5417.16
26071-500-M6-059-00013 0.09073324501514435 2783.56 4465.19 2933.18 4491.64 2907.15 4638.95 2757.52 4612.51
26071-500-M6-059-00013 0.08905915170907974 2691.44 3921.55 2842.27 3930.76 2832.86 4084.79 2682.03 4075.57
26071-500-M6-059-00013 0.08357766270637512 2361.72 5283.19 2514.23 5286.12 2511.33 5436.72 2358.82 5433.78
26071-500-M6-059-00013 0.0781562477350235 2370.86 5467.39 2518.74 5488.68 2497.17 5638.45 2349.30 5617.16
26071-500-M6-059-00013 0.07354258000850677 2775.80 4729.26 2924.89 4748.45 2905.26 4900.94 2756.17 4881.75
26071-500-M6-059-00013 0.06741533428430557 5378.12 2637.80 5500.26 2650.41 5487.82 2770.88 5365.69 2758.27
26071-500-M6-059-00013 0.06515397131443024 2809.26 5136.42 2964.72 5134.31 2966.82 5289.28 2811.36 5291.39
26071-500-M6-059-00013 0.05414349585771561 6971.69 3283.80 7082.36 3275.07 7092.98 3409.68 6982.30 3418.41
26071-500-M6-059-00044 0.08463017642498016 2446.27 4564.71 2601.82 4560.26 2606.09 4709.36 2450.53 4713.81
26071-500-M6-059-00044 0.08105060458183289 7564.05 4558.17 7719.96 4559.15 7719.01 4710.40 7563.09 4709.41
26071-500-M6-059-00044 0.059797659516334534 5449.16 3965.88 5607.26 3948.16 5624.91 4105.58 5466.80 4123.31
26071-500-M6-059-00044 0.05609280988574028 1219.22 3371.43 1366.68 3380.94 1356.06 3545.62 1208.60 3536.10
26071-500-M6-059-00044 0.055028095841407776 3989.44 4549.67 4138.39 4552.93 4134.82 4716.22 3985.87 4712.97
26071-500-M6-059-00044 0.05445219948887825 1871.83 3953.51 2026.97 3943.72 2037.11 4104.55 1881.97 4114.34
26071-200-M6-052-00093 0.11119344830513 3845.72 2057.33 3997.20 2072.81 3982.17 2219.84 3830.69 2204.36
26071-200-M6-052-00093 0.10668034106492996 996.13 1803.49 1149.08 1822.14 1131.16 1969.12 978.22 1950.47
26071-200-M6-052-00093 0.103571318089962 3508.95 1865.74 3661.71 1875.97 3651.96 2021.54 3499.20 2011.32
26071-200-M6-052-00093 0.08764031529426575 4440.40 2047.44 4601.44 2078.74 4573.22 2223.93 4412.18 2192.63
26071-200-M6-052-00093 0.0865289643406868 6359.28 3316.97 6511.84 3318.11 6510.69 3471.68 6358.13 3470.54
26071-200-M6-052-00093 0.0827566459774971 2779.38 941.79 2927.98 976.49 2894.37 1120.43 2745.77 1085.73
26071-200-M6-052-00093 0.07526640594005585 1000.78 2076.98 1145.78 2100.84 1121.21 2250.23 976.20 2226.37
26071-200-M6-052-00093 0.073545441031456 4296.26 2440.94 4441.83 2449.50 4432.43 2609.21 4286.87 2600.64
26071-200-M6-052-00093 0.07243794202804565 6981.49 3353.02 7134.10 3367.10 7119.77 3522.37 6967.16 3508.29
26071-200-M6-052-00093 0.06910789757966995 1540.66 2167.08 1662.42 2176.87 1652.58 2299.24 1530.81 2289.45
26071-200-M6-052-00093 0.06461413949728012 991.88 2363.50 1143.87 2382.05 1125.93 2529.03 973.94 2510.47
26071-200-M6-052-00093 0.06344340741634369 5324.01 6172.41 5476.87 6191.99 5457.94 6339.74 5305.09 6320.17
26071-200-M6-052-00093 0.06253284960985184 6061.40 3877.34 6180.94 3888.08 6169.88 4011.19 6050.34 4000.45
26071-200-M6-052-00093 0.05417119339108467 4290.15 4698.48 4435.03 4695.00 4438.72 4848.60 4293.84 4852.08
26071-200-M6-052-00093 0.052652325481176376 4340.10 1867.43 4460.30 1881.64 4446.18 2001.07 4325.98 1986.87
26071-200-M6-052-00093 0.051841989159584045 6187.82 3288.95 6313.42 3298.31 6304.53 3417.58 6178.94 3408.22
26071-200-M6-052-00093 0.050220295786857605 4273.17 4171.11 4395.33 4183.51 4382.82 4306.77 4260.66 4294.38
26071-200-M6-052-00002 0.1805814653635025 5222.03 4261.74 5365.88 4302.73 5326.04 4442.54 5182.19 4401.55
26071-200-M6-052-00002 0.16118457913398743 1941.64 5655.44 2088.65 5675.29 2068.01 5828.09 1921.00 5808.24
26071-200-M6-052-00002 0.1075691282749176 7279.52 5578.83 7432.18 5584.94 7426.14 5735.77 7273.48 5729.66
26071-200-M6-052-00002 0.09594585746526718 1473.15 4999.75 1595.66 5003.78 1591.59 5127.50 1469.08 5123.47
26071-200-M6-052-00002 0.09491678327322006 2844.55 3110.11 3016.63 3094.80 3034.07 3290.85 2861.99 3306.15
26071-200-M6-052-00002 0.09205041080713272 7312.48 5288.79 7454.98 5344.33 7400.89 5483.08 7258.40 5427.54
26071-200-M6-052-00002 0.07712533324956894 5475.20 4277.16 5628.78 4283.22 5622.64 4438.71 5469.06 4432.65
26071-200-M6-052-00002 0.06614181399345398 2165.53 3209.76 2319.61 3203.71 2325.87 3362.78 2171.79 3368.84
26071-200-M6-052-00002 0.0646476224064827 7954.35 1871.46 8075.11 1879.03 8067.50 2000.34 7946.75 1992.77
26071-200-M6-052-00002 0.06056434288620949 3955.05 2129.56 4105.23 2165.95 4070.06 2311.07 3919.88 2274.67
26071-200-M6-052-00002 0.058889735490083694 4134.57 2173.26 4259.17 2179.35 4253.20 2301.54 4128.60 2295.45
26071-200-M6-052-00002 0.058852437883615494 8102.93 3248.05 8221.40 3270.42 8197.96 3394.57 8079.49 3372.19
26071-200-M6-052-00002 0.05620177835226059 7624.96 5661.96 7743.31 5673.07 7732.07 5792.79 7613.72 5781.68
26071-200-M6-052-00002 0.05570307746529579 6975.61 4172.08 7095.66 4184.02 7083.28 4308.46 6963.23 4296.52
26071-200-M6-052-00002 0.05232399329543114 4919.55 4270.96 5066.08 4289.56 5047.03 4439.60 4900.51 4421.00
26071-200-M6-052-00002 0.0518135130405426 4666.62 4258.51 4816.16 4293.56 4781.40 4441.85 4631.86 4406.79
26071-200-M6-052-00002 0.05044521391391754 2200.87 5694.20 2316.83 5724.50 2283.96 5850.31 2167.99 5820.01
26071-200-M6-052-00002 0.050103042274713516 1297.10 1180.25 1413.83 1177.33 1416.83 1296.91 1300.09 1299.83
26071-750-M6-085-00012 0.226026251912117 1819.18 3440.09 1982.11 3454.88 1967.32 3617.76 1804.39 3602.97
26071-750-M6-085-00012 0.13153958320617676 3793.37 3260.19 3937.47 3274.34 3923.19 3419.85 3779.09 3405.71
26071-750-M6-085-00012 0.0818404033780098 979.70 3400.00 1026.89 3400.30 1026.78 3417.76 979.59 3417.46
26071-750-M6-085-00012 0.07787038385868073 7476.85 3493.33 7637.35 3501.77 7629.31 3654.62 7468.82 3646.18
26071-750-M6-085-00012 0.0774664506316185 7454.08 3269.96 7603.65 3290.08 7584.61 3431.61 7435.04 3411.49
26071-750-M6-085-00012 0.07739601284265518 5326.45 3264.30 5474.15 3284.33 5454.58 3428.68 5306.88 3408.66
26071-750-M6-085-00012 0.07651344686746597 4608.13 3282.22 4757.46 3317.55 4722.22 3466.51 4572.89 3431.19
26071-750-M6-085-00012 0.07288731634616852 6244.00 3266.14 6398.43 3273.11 6391.66 3423.26 6237.23 3416.29
26071-750-M6-085-00012 0.0684393122792244 4015.86 4282.11 4168.17 4294.56 4155.87 4445.14 4003.56 4432.69
26071-750-M6-085-00012 0.06257017701864243 4058.69 3264.52 4208.71 3271.73 4201.42 3423.57 4051.40 3416.36
26071-750-M6-085-00012 0.05914090946316719 2961.90 4875.31 3118.50 4876.85 3116.95 5034.54 2960.35 5033.00
26071-750-M6-085-00012 0.058721233159303665 7017.15 3564.34 7165.22 3552.82 7177.60 3711.79 7029.52 3723.32
26071-750-M6-085-00012 0.05755801498889923 1173.45 4979.07 1324.49 4998.92 1304.36 5152.03 1153.32 5132.17
26071-750-M6-085-00012 0.05665505677461624 2304.09 4739.04 2454.41 4759.38 2433.12 4916.70 2282.80 4896.36
26071-750-M6-085-00012 0.05467965453863144 4436.10 5987.38 4587.80 6003.85 4571.78 6151.42 4420.08 6134.96
26071-750-M6-085-00012 0.05372326076030731 1809.43 3208.67 1967.18 3214.18 1961.86 3366.51 1804.12 3361.00
26071-750-M6-085-00012 0.05346084013581276 7715.46 3269.09 7861.85 3288.13 7843.06 3432.60 7696.67 3413.57
26071-200-M6-062-00277 0.11352724581956863 4791.02 1870.26 4910.17 1882.51 4897.67 2004.29 4778.51 1992.05
26071-200-M6-062-00277 0.069175586104393 4788.07 1518.52 4907.87 1527.44 4898.94 1647.34 4779.14 1638.42
26071-200-M6-062-00277 0.06880338490009308 4788.85 3289.55 4909.43 3301.66 4897.36 3421.78 4776.79 3409.67
26071-200-M6-062-00277 0.0659119263291359 4787.43 2227.30 4907.05 2235.94 4898.37 2356.16 4778.75 2347.53
26071-200-M6-062-00277 0.06442108750343323 6321.32 1872.19 6442.46 1877.40 6437.16 2000.67 6316.01 1995.45
26071-200-M6-062-00277 0.06242474168539047 4788.09 2580.77 4908.46 2590.84 4898.42 2710.91 4778.05 2700.85
26071-200-M6-062-00277 0.05819888785481453 4788.29 2933.26 4906.42 2943.08 4896.47 3062.78 4778.34 3052.96
26071-600-M6-065-00259 0.15897078812122345 996.20 2253.07 1142.75 2284.36 1103.30 2469.13 956.75 2437.84
26071-600-M6-065-00259 0.08791143447160721 7274.91 5471.60 7393.25 5491.81 7372.70 5612.13 7254.36 5591.92
26071-600-M6-065-00259 0.08262520283460617 6670.20 871.84 6792.64 870.26 6794.26 995.73 6671.81 997.30
26071-600-M6-065-00259 0.07953154295682907 4502.93 1217.60 4619.19 1244.51 4592.46 1359.99 4476.20 1333.08
26071-600-M6-065-00259 0.0773855596780777 6558.22 5475.68 6679.70 5484.76 6670.64 5605.86 6549.17 5596.78
26071-600-M6-065-00259 0.0756203830242157 5849.32 5475.50 5970.70 5484.46 5961.78 5605.21 5840.39 5596.24
26071-600-M6-065-00259 0.06965367496013641 7779.62 4748.75 7930.50 4775.19 7905.15 4919.86 7754.27 4893.42
26071-600-M6-065-00259 0.06811941415071487 6910.66 5475.98 7031.98 5482.02 7025.98 5602.44 6904.67 5596.40
26071-600-M6-065-00259 0.06789229810237885 5318.85 5473.20 5439.35 5484.64 5427.82 5606.12 5307.31 5594.68
26071-600-M6-065-00259 0.060935210436582565 5025.75 862.29 5147.82 881.13 5128.96 1003.35 5006.89 984.51
26071-600-M6-065-00259 0.060896649956703186 7968.44 4942.50 8121.95 4956.32 8103.24 5164.14 7949.73 5150.32
26071-600-M6-065-00259 0.059104546904563904 653.93 864.07 776.92 882.16 759.10 1003.41 636.10 985.33
26071-600-M6-065-00259 0.05842410773038864 623.21 2247.83 775.32 2242.66 782.14 2443.40 630.04 2448.57
26071-600-M6-065-00259 0.05815251171588898 4317.84 861.90 4438.80 881.18 4419.27 1003.73 4298.31 984.45
26071-600-M6-065-00259 0.057618383318185806 6205.33 5470.94 6327.82 5485.80 6313.20 5606.24 6190.72 5591.38
26071-600-M6-065-00259 0.05436737835407257 4212.33 5230.82 4312.84 5246.50 4292.32 5378.04 4191.80 5362.35
26071-600-M6-065-00259 0.05432436242699623 3901.37 865.13 4025.02 878.48 4011.74 1001.55 3888.09 988.20
26071-600-M6-065-00259 0.05281788110733032 1009.22 866.91 1128.79 881.04 1114.91 998.51 995.34 984.37
26071-600-M6-065-00259 0.05229565501213074 2387.80 5243.20 2507.82 5246.14 2505.00 5361.30 2384.98 5358.35
26071-600-M6-065-00259 0.05018526315689087 2193.55 5590.42 2314.31 5609.49 2295.73 5727.11 2174.97 5708.03
26071-200-M6-052-00544 0.08763444423675537 2773.62 2011.12 2926.66 2038.10 2900.37 2187.23 2747.32 2160.24
26071-200-M6-052-00544 0.07399652898311615 2769.02 1696.57 2917.45 1708.67 2905.30 1857.65 2756.88 1845.55
26071-200-M6-052-00544 0.06478796154260635 4230.48 3281.47 4397.31 3274.68 4403.71 3431.76 4236.88 3438.55
26071-200-M6-052-00544 0.054175954312086105 1166.71 3791.38 1318.04 3798.38 1311.03 3949.89 1159.70 3942.89
26071-200-M6-052-00544 0.05343133211135864 3584.27 3872.01 3740.99 3879.66 3733.43 4034.49 3576.71 4026.84
26071-600-M6-066-00003 0.15545426309108734 1878.04 3860.07 2033.98 3875.61 2018.35 4032.36 1862.41 4016.82
26071-600-M6-066-00003 0.12356019020080566 6068.57 4181.29 6220.30 4188.43 6213.24 4338.52 6061.50 4331.38
26071-600-M6-066-00003 0.09692389518022537 5798.71 4172.03 5948.50 4197.56 5922.14 4352.17 5772.36 4326.64
26071-600-M6-066-00003 0.09575215727090836 1875.10 4617.97 2029.14 4628.59 2019.04 4775.05 1865.00 4764.44
26071-600-M6-066-00003 0.0939667597413063 2646.60 5164.85 2801.03 5187.14 2780.57 5328.96 2626.14 5306.68
26071-600-M6-066-00003 0.07228823751211166 3595.35 5038.97 3744.23 5058.85 3724.25 5208.45 3575.37 5188.56
26071-600-M6-066-00003 0.06683161854743958 2753.45 1622.00 2911.10 1621.87 2911.23 1775.72 2753.57 1775.85
26071-600-M6-066-00003 0.06627288460731506 1865.78 4337.26 2027.76 4340.44 2024.78 4492.43 1862.80 4489.25
26071-600-M6-066-00003 0.057230014353990555 5035.02 3681.35 5184.07 3696.17 5169.24 3845.36 5020.19 3830.54
26071-600-M6-066-00003 0.05184994637966156 2509.26 1322.11 2659.87 1364.55 2618.52 1511.31 2467.91 1468.88
26071-750-M6-085-00309 0.05158562958240509 6064.59 3855.79 6220.06 3851.90 6224.67 4035.79 6069.20 4039.69
