26071-200-M6-052-00001 0.9971677660942078 4877.93 5811.09 4971.59 5812.17 4971.05 5859.10 4877.39 5858.03
26071-200-M6-052-00001 0.9965078234672546 6531.47 1913.10 6624.06 1912.24 6624.50 1959.67 6531.91 1960.52
26071-200-M6-052-00001 0.9958651065826416 4878.34 5999.49 4970.12 5998.99 4970.38 6046.49 4878.61 6046.99
26071-200-M6-052-00001 0.9945092797279358 6294.64 2150.14 6386.97 2150.29 6386.89 2197.58 6294.57 2197.43
26071-200-M6-052-00001 0.07284433394670486 4901.05 5855.03 4951.22 5855.90 4950.38 5904.38 4900.21 5903.50
26071-200-M6-052-00001 0.05604128912091255 4963.89 5815.01 5005.59 5810.49 5010.12 5852.29 4968.41 5856.81
26071-200-M6-052-00001 0.05052747204899788 6296.97 2102.92 6383.97 2102.99 6383.92 2152.18 6296.92 2152.10
26071-500-M6-059-00017 0.9943246245384216 4697.90 3688.86 4744.34 3686.43 4749.20 3779.42 4702.76 3781.85
26071-500-M6-059-00017 0.9903448224067688 4534.21 2175.91 4582.16 2175.80 4582.39 2268.90 4534.43 2269.02
26071-500-M6-059-00017 0.9892449378967285 7062.63 4807.37 7109.48 4806.35 7111.43 4896.12 7064.59 4897.14
26071-500-M6-059-00017 0.9890813827514648 3046.48 4804.46 3093.83 4804.11 3094.52 4898.06 3047.17 4898.41
26071-500-M6-059-00017 0.9867451786994934 6544.62 2175.54 6592.00 2176.61 6589.90 2270.13 6542.51 2269.07
26071-500-M6-059-00017 0.9867150187492371 6543.56 3686.43 6591.12 3686.70 6590.58 3780.65 6543.03 3780.38
26071-500-M6-059-00017 0.9866676330566406 5055.10 4805.25 5102.97 4805.33 5102.82 4898.17 5054.96 4898.10
26071-500-M6-059-00017 0.1551409363746643 6979.16 4887.01 7112.37 4890.64 7111.49 4922.95 6978.28 4919.32
26071-500-M6-059-00017 0.10448804497718811 2964.36 4885.05 3096.07 4892.89 3094.17 4924.85 2962.45 4917.00
26071-500-M6-059-00017 0.09207415580749512 4325.32 3144.44 4417.36 3140.87 4419.16 3187.32 4327.12 3190.89
26071-500-M6-059-00017 0.09145093709230423 4969.31 4886.10 5103.79 4892.12 5102.39 4923.30 4967.91 4917.28
26071-500-M6-059-00017 0.08384519815444946 2996.82 4829.40 3054.92 4829.13 3055.14 4876.75 2997.04 4877.01
26071-500-M6-059-00017 0.0780724287033081 6463.32 2148.14 6595.03 2159.94 6592.03 2193.43 6460.32 2181.64
26071-500-M6-059-00017 0.07733681052923203 5001.17 4829.22 5058.17 4825.83 5061.02 4873.82 5004.02 4877.21
26071-500-M6-059-00017 0.07612118124961853 3897.11 1062.48 3990.63 1063.31 3990.21 1110.27 3896.69 1109.44
26071-500-M6-059-00017 0.07599718868732452 674.42 3472.00 828.82 3487.91 812.71 3644.28 658.31 3628.37
26071-500-M6-059-00017 0.07166818529367447 4452.16 2150.99 4584.11 2154.76 4583.18 2187.26 4451.23 2183.49
26071-500-M6-059-00017 0.06257899850606918 1720.31 4636.95 1873.91 4637.64 1873.23 4787.34 1719.64 4786.65
26071-500-M6-059-00017 0.06105777993798256 3753.69 1957.75 3802.43 1956.59 3804.63 2049.55 3755.90 2050.70
26071-500-M6-059-00017 0.05606219172477722 7020.87 4820.43 7077.98 4835.05 7065.80 4882.58 7008.70 4867.96
26071-500-M6-059-00017 0.05496544390916824 4671.00 3714.42 4700.42 3709.89 4708.02 3759.21 4678.60 3763.75
26071-500-M6-059-00017 0.054453521966934204 3732.35 4636.23 3880.50 4640.95 3875.79 4788.47 3727.65 4783.75
26071-500-M6-059-00017 0.050812978297472 4620.80 3660.51 4748.17 3669.29 4745.88 3702.55 4618.51 3693.77
26071-600-M6-066-00012 0.997348427772522 5171.90 5812.68 5219.35 5811.46 5221.72 5903.67 5174.27 5904.89
26071-600-M6-066-00012 0.9958229064941406 5407.13 2173.42 5454.57 2171.57 5458.18 2264.54 5410.74 2266.38
26071-600-M6-066-00012 0.9950366616249084 5858.76 5102.47 5950.54 5101.47 5951.06 5149.08 5859.28 5150.08
26071-600-M6-066-00012 0.21748597919940948 5091.81 5787.12 5220.10 5791.73 5218.92 5824.52 5090.63 5819.91
26071-600-M6-066-00012 0.08958213776350021 5976.71 3922.82 6067.78 3919.20 6069.71 3967.58 5978.63 3971.20
26071-600-M6-066-00012 0.06776797771453857 5815.73 3918.09 5907.74 3924.17 5904.62 3971.30 5812.61 3965.22
26071-600-M6-066-00012 0.060378361493349075 3354.24 1776.47 3506.34 1785.18 3497.98 1931.13 3345.88 1922.42
26071-600-M6-066-00012 0.05627633258700371 2405.19 1781.38 2556.97 1781.25 2557.10 1929.15 2405.32 1929.29
26071-600-M6-066-00012 0.053198475390672684 5887.26 5147.13 5927.83 5152.72 5921.46 5198.96 5880.89 5193.37
26071-200-M6-052-00539 0.998405396938324 6378.27 6284.26 6468.99 6281.58 6470.38 6328.76 6379.66 6331.44
26071-200-M6-052-00539 0.9975785613059998 4463.81 2194.57 4510.93 2194.99 4510.11 2287.82 4462.99 2287.41
26071-200-M6-052-00539 0.996228814125061 6380.70 6518.74 6472.79 6520.14 6472.06 6567.81 6379.98 6566.41
26071-200-M6-052-00539 0.11137223243713379 6232.61 6065.10 6383.12 6068.62 6379.66 6216.71 6229.16 6213.19
26071-200-M6-052-00539 0.09885437041521072 3533.40 1635.47 3659.76 1635.02 3659.88 1669.26 3533.53 1669.71
26071-200-M6-052-00539 0.0970742329955101 5056.39 5433.09 5103.70 5435.06 5099.88 5526.69 5052.57 5524.72
26071-200-M6-052-00539 0.08467046916484833 6395.08 6330.19 6451.28 6328.30 6452.82 6374.02 6396.62 6375.91
26071-200-M6-052-00539 0.07776695489883423 2577.65 1507.27 2622.65 1513.93 2616.45 1555.86 2571.45 1549.20
26071-200-M6-052-00539 0.06279119849205017 6412.83 6483.51 6442.28 6482.90 6443.27 6530.42 6413.81 6531.03
26071-200-M6-052-00539 0.061035118997097015 2408.35 1276.85 2556.70 1283.28 2550.11 1435.44 2401.76 1429.01
26071-200-M6-052-00539 0.0606611967086792 4417.36 2232.04 4440.31 2211.09 4474.14 2248.14 4451.19 2269.09
26071-200-M6-052-00539 0.05759112909436226 6473.17 6279.54 6520.16 6287.94 6511.92 6334.01 6464.93 6325.61
26071-200-M6-052-00539 0.054045919328927994 3640.71 1507.46 3685.68 1514.81 3678.90 1556.30 3633.93 1548.96
26071-200-M6-052-00539 0.050681985914707184 6697.63 6285.04 6790.02 6282.61 6791.26 6330.13 6698.88 6332.55
26071-200-M6-052-00539 0.05009442940354347 3454.56 1277.05 3606.19 1282.11 3600.98 1438.42 3449.35 1433.36
26071-500-M6-059-00248 0.9975433945655823 2834.53 6282.06 2928.46 6283.49 2927.73 6331.42 2833.81 6329.99
26071-500-M6-059-00248 0.9962815642356873 2834.91 6048.47 2926.71 6046.72 2927.61 6093.82 2835.81 6095.57
26071-500-M6-059-00248 0.9924490451812744 2569.82 3769.93 2617.95 3765.32 2626.59 3855.36 2578.46 3859.98
26071-500-M6-059-00248 0.13565294444561005 2504.93 3768.78 2569.14 3765.08 2571.89 3812.85 2507.67 3816.54
26071-500-M6-059-00248 0.09055540710687637 3752.66 3381.36 3801.33 3378.94 3805.66 3466.35 3757.00 3468.76
26071-500-M6-059-00248 0.08567845076322556 2717.49 4063.77 2810.55 4062.57 2811.16 4109.90 2718.11 4111.10
26071-203-M6-325-00012 0.08383550494909286 1626.26 3720.19 1721.32 3727.70 1717.65 3774.17 1622.59 3766.66
26071-203-M6-325-00012 0.056116290390491486 1652.69 2485.25 1701.71 2483.48 1704.99 2574.41 1655.97 2576.18
26071-700-M6-054-00246 0.9941313862800598 4533.43 4939.82 4580.72 4937.41 4585.43 5030.11 4538.14 5032.52
26071-700-M6-054-00246 0.9918690919876099 2984.95 2008.04 3032.32 2005.65 3036.98 2097.80 2989.61 2100.20
26071-700-M6-054-00246 0.3118392825126648 4325.45 4509.18 4418.52 4511.67 4417.25 4559.02 4324.19 4556.54
26071-700-M6-054-00246 0.18444769084453583 2904.03 2089.93 3034.16 2088.74 3034.45 2121.24 2904.32 2122.42
26071-700-M6-054-00246 0.06999067217111588 4195.86 4036.80 4286.04 4040.29 4284.20 4087.81 4194.02 4084.32
26071-700-M6-054-00246 0.06941930949687958 4077.42 1649.07 4227.44 1644.37 4232.20 1796.44 4082.19 1801.14
26071-700-M6-054-00246 0.05492605268955231 3660.50 1797.14 3753.40 1794.80 3754.60 1842.58 3661.70 1844.91
26071-500-M6-059-00040 0.9873384237289429 5032.73 2858.30 5124.63 2858.59 5124.48 2905.78 5032.58 2905.48
26071-500-M6-059-00040 0.23078778386116028 6234.73 4015.73 6280.76 4013.26 6285.82 4107.45 6239.79 4109.92
26071-500-M6-059-00040 0.13175833225250244 6474.35 4015.38 6521.27 4016.85 6518.35 4109.85 6471.43 4108.38
26071-500-M6-059-00040 0.10767248272895813 6094.29 2857.98 6187.42 2856.42 6188.23 2904.74 6095.10 2906.30
26071-500-M6-059-00040 0.08606652170419693 1606.41 1795.94 1700.11 1793.02 1701.59 1840.51 1607.89 1843.43
26071-500-M6-059-00040 0.08290694653987885 4320.92 2857.83 4414.92 2857.13 4415.27 2904.24 4321.26 2904.93
26071-500-M6-059-00040 0.08141327649354935 6963.36 2099.83 7115.21 2101.34 7113.76 2247.76 6961.90 2246.25
26071-500-M6-059-00040 0.07190440595149994 2078.60 1795.44 2168.89 1791.07 2171.23 1839.55 2080.94 1843.91
26071-500-M6-059-00040 0.06093056499958038 2639.68 3907.45 2793.89 3907.43 2793.91 4053.27 2639.70 4053.28
26071-500-M6-059-00040 0.052201513200998306 362.22 3398.84 889.77 3370.61 892.32 3418.19 364.77 3446.42
26071-500-M6-059-00040 0.05145248770713806 3938.77 3905.98 4088.73 3904.48 4090.22 4053.46 3940.26 4054.96
26071-750-M6-085-00286 0.9934369921684265 5344.87 2009.61 5392.74 2005.92 5399.84 2098.07 5351.97 2101.76
26071-750-M6-085-00286 0.9927905797958374 6175.48 2010.89 6223.14 2009.60 6225.60 2100.07 6177.93 2101.36
26071-550-M6-084-00248 0.9967586398124695 2788.36 5360.73 2881.22 5361.52 2880.82 5409.36 2787.95 5408.57
26071-550-M6-084-00248 0.9962506890296936 2788.63 5102.08 2880.77 5101.99 2880.82 5149.48 2788.68 5149.57
26071-550-M6-084-00248 0.9929424524307251 2575.61 3291.22 2622.88 3292.71 2619.91 3387.25 2572.63 3385.76
26071-550-M6-084-00248 0.10333985090255737 1782.42 2269.47 1875.35 2265.43 1877.41 2312.77 1784.48 2316.81
26071-550-M6-084-00248 0.0960853174328804 2489.46 3374.04 2620.41 3376.72 2619.73 3410.07 2488.78 3407.39
26071-550-M6-084-00248 0.07092223316431046 2793.29 5147.46 2876.73 5149.99 2875.24 5199.13 2791.80 5196.61
26071-550-M6-084-00248 0.059700656682252884 2636.98 4895.97 2788.42 4895.86 2788.53 5047.14 2637.10 5047.25
26071-550-M6-084-00248 0.05398859083652496 3752.47 2906.31 3800.55 2903.20 3806.42 2993.76 3758.33 2996.88
26071-200-M6-052-00080 0.9984925985336304 5457.11 5219.53 5548.50 5219.73 5548.40 5266.96 5457.01 5266.76
26071-200-M6-052-00080 0.9983749389648438 2030.76 5220.33 2126.29 5219.56 2126.67 5266.80 2031.14 5267.56
26071-200-M6-052-00080 0.997003972530365 5692.98 5456.79 5784.84 5458.00 5784.22 5504.85 5692.36 5503.64
26071-200-M6-052-00080 0.9968463778495789 2267.61 5455.89 2360.33 5457.06 2359.72 5505.09 2267.01 5503.92
26071-200-M6-052-00080 0.9940633177757263 6706.17 5128.59 6752.58 5126.97 6755.84 5220.53 6709.43 5222.15
26071-200-M6-052-00080 0.9939071536064148 7001.77 2206.69 7048.81 2205.60 7051.00 2299.60 7003.95 2300.69
26071-200-M6-052-00080 0.9938749670982361 3281.89 5176.99 3328.46 5175.46 3331.54 5269.07 3284.97 5270.60
26071-200-M6-052-00080 0.9927520751953125 3755.05 5630.77 3802.46 5629.86 3804.24 5722.37 3756.82 5723.28
26071-200-M6-052-00080 0.9914662837982178 3576.79 2206.40 3623.95 2206.02 3624.71 2300.55 3577.55 2300.93
26071-200-M6-052-00080 0.9912627935409546 7182.48 5628.68 7230.11 5631.39 7224.83 5724.37 7177.19 5721.66
26071-200-M6-052-00080 0.29873350262641907 6781.81 1507.80 6899.26 1505.97 6899.76 1537.99 6782.30 1539.82
26071-200-M6-052-00080 0.29793381690979004 3358.15 1506.03 3476.72 1507.59 3476.30 1539.30 3357.73 1537.73
26071-200-M6-052-00080 0.17582392692565918 6753.58 1404.85 6802.63 1405.37 6801.64 1497.89 6752.59 1497.37
26071-200-M6-052-00080 0.11327839642763138 2779.19 6460.39 2871.05 6460.06 2871.22 6507.80 2779.36 6508.12
26071-200-M6-052-00080 0.09546059370040894 5551.22 5216.46 5597.79 5225.62 5588.58 5272.45 5542.01 5263.29
26071-200-M6-052-00080 0.09386249631643295 2285.77 6461.02 2380.44 6459.95 2380.98 6507.49 2286.31 6508.56
26071-200-M6-052-00080 0.09225057065486908 3603.01 2427.16 3723.34 2428.29 3723.02 2462.04 3602.69 2460.92
26071-200-M6-052-00080 0.09089434891939163 3756.22 5399.29 3803.74 5401.73 3799.05 5493.15 3751.53 5490.72
26071-200-M6-052-00080 0.08634516596794128 3753.66 3250.23 3802.35 3250.85 3801.19 3341.70 3752.50 3341.08
26071-200-M6-052-00080 0.08624672889709473 7029.12 2609.43 7151.17 2623.39 7147.29 2657.33 7025.24 2643.36
26071-200-M6-052-00080 0.08595003932714462 6672.70 5163.54 6713.30 5168.80 6700.67 5266.23 6660.07 5260.97
26071-200-M6-052-00080 0.08486948162317276 3604.33 2612.48 3723.90 2620.39 3721.72 2653.46 3602.15 2645.54
26071-200-M6-052-00080 0.07938728481531143 6754.47 1546.09 6803.38 1546.22 6803.13 1638.83 6754.21 1638.70
26071-200-M6-052-00080 0.07373374700546265 7031.64 2423.37 7150.97 2431.99 7148.59 2464.91 7029.27 2456.29
26071-200-M6-052-00080 0.07016099244356155 5219.23 5222.42 5313.36 5219.47 5314.84 5266.62 5220.71 5269.58
26071-200-M6-052-00080 0.07000616937875748 6613.98 1879.76 6761.96 1884.69 6756.99 2033.66 6609.01 2028.73
26071-200-M6-052-00080 0.061591777950525284 2117.26 5219.37 2167.00 5216.76 2169.75 5269.09 2120.00 5271.70
26071-200-M6-052-00080 0.06035802140831947 5724.72 5422.32 5755.25 5420.64 5757.83 5467.42 5727.30 5469.10
26071-200-M6-052-00080 0.05556374415755272 5692.47 5220.93 5786.47 5221.46 5786.21 5267.64 5692.22 5267.12
26071-200-M6-052-00080 0.05541812628507614 2136.19 5011.52 2285.29 5016.09 2280.70 5166.10 2131.60 5161.54
26071-200-M6-052-00080 0.055071789771318436 3579.04 5452.15 3727.07 5457.50 3721.72 5605.58 3573.68 5600.23
26071-200-M6-052-00080 0.05486863851547241 2300.50 5418.87 2330.01 5418.98 2329.84 5465.47 2300.33 5465.37
26071-200-M6-052-00080 0.05486346036195755 3255.18 5204.80 3298.78 5213.14 3279.32 5314.87 3235.72 5306.53
26071-200-M6-052-00080 0.05304861441254616 1606.99 5219.80 1699.51 5220.43 1699.19 5267.95 1606.67 5267.32
26071-200-M6-052-00080 0.05258805677294731 3186.81 1878.98 3338.11 1887.30 3330.04 2034.02 3178.74 2025.70
26071-200-M6-052-00080 0.0515507273375988 2049.28 5267.50 2105.28 5266.44 2106.16 5313.05 2050.16 5314.12
26071-203-M6-321-00604 0.08100199699401855 4351.79 5611.45 4402.31 5610.81 4405.59 5869.91 4355.07 5870.55
26071-203-M6-321-00604 0.07533438503742218 4645.13 603.72 4694.13 600.27 4712.65 863.18 4663.65 866.64
26071-203-M6-321-00604 0.06502499431371689 2252.02 5476.01 2302.37 5475.13 2306.97 5737.64 2256.62 5738.52
26071-300-M6-053-00309 0.9969185590744019 3932.29 1949.03 3979.75 1948.58 3980.65 2042.77 3933.18 2043.22
26071-300-M6-053-00309 0.9948705434799194 1725.10 4511.09 1818.93 4513.48 1817.72 4560.83 1723.89 4558.44
26071-300-M6-053-00309 0.993719220161438 5859.76 2974.52 5951.70 2977.20 5950.30 3025.03 5858.37 3022.35
26071-300-M6-053-00309 0.993463397026062 1488.68 2505.18 1580.39 2503.58 1581.21 2550.48 1489.50 2552.08
26071-300-M6-053-00309 0.15724271535873413 6295.61 1653.17 6367.30 1659.08 6359.89 1748.96 6288.20 1743.05
26071-300-M6-053-00309 0.15405723452568054 4327.81 2086.62 4415.94 2097.79 4408.21 2158.81 4320.08 2147.65
26071-300-M6-053-00309 0.14606831967830658 5695.82 1654.45 5759.80 1657.22 5755.86 1748.37 5691.87 1745.60
26071-300-M6-053-00309 0.13055013120174408 5477.63 5755.18 5631.28 5756.03 5630.44 5907.79 5476.79 5906.94
26071-300-M6-053-00309 0.08912288397550583 1521.49 2549.05 1551.83 2550.49 1549.56 2598.47 1519.22 2597.04
26071-300-M6-053-00309 0.07390104979276657 4621.65 2090.41 4714.11 2090.78 4713.92 2138.33 4621.46 2137.97
26071-300-M6-053-00309 0.07083732634782791 5760.67 1482.04 5912.67 1485.19 5909.52 1636.99 5757.52 1633.84
26071-300-M6-053-00309 0.060729581862688065 5364.45 3924.77 5512.80 3914.33 5523.45 4065.62 5375.09 4076.06
26071-300-M6-053-00309 0.05234605073928833 7613.19 3439.08 8087.24 3442.80 8086.75 3505.06 7612.70 3501.34
26071-450-M6-082-00009 0.9967367053031921 5730.20 5171.66 5821.34 5173.87 5820.18 5221.58 5729.05 5219.37
26071-450-M6-082-00009 0.9964518547058105 7111.98 1795.67 7205.41 1793.49 7206.53 1841.56 7113.10 1843.74
26071-450-M6-082-00009 0.9952471852302551 1842.62 5515.40 1934.77 5515.50 1934.71 5562.96 1842.56 5562.85
26071-450-M6-082-00009 0.994860053062439 4915.57 6518.32 5008.15 6520.62 5006.97 6568.16 4914.39 6565.85
26071-450-M6-082-00009 0.9939901828765869 4546.42 1758.25 4593.67 1758.43 4593.31 1850.86 4546.06 1850.68
26071-450-M6-082-00009 0.9932364821434021 3872.29 3954.58 3919.79 3953.56 3921.82 4047.35 3874.31 4048.38
26071-450-M6-082-00009 0.17230594158172607 4465.77 1838.74 4594.95 1842.97 4593.88 1875.65 4464.70 1871.43
26071-450-M6-082-00009 0.13326647877693176 3789.78 4037.85 3923.84 4038.84 3923.59 4071.49 3789.53 4070.50
26071-450-M6-082-00009 0.12614862620830536 2077.55 5282.85 2169.29 5277.07 2172.29 5324.57 2080.55 5330.35
26071-450-M6-082-00009 0.06735014915466309 3834.96 3976.84 3865.26 3978.01 3863.39 4026.48 3833.08 4025.31
26071-450-M6-082-00009 0.06392979621887207 4914.50 6283.53 5010.22 6282.42 5010.77 6330.09 4915.05 6331.20
26071-450-M6-082-00009 0.06117013469338417 4321.44 2233.28 4412.83 2231.63 4413.68 2279.01 4322.29 2280.66
26071-450-M6-082-00009 0.05899112671613693 5196.81 6283.74 5288.65 6283.49 5288.78 6330.60 5196.94 6330.85
26071-450-M6-082-00009 0.05878526344895363 4630.13 6284.57 4720.14 6280.09 4722.50 6327.53 4632.50 6332.01
26071-450-M6-082-00009 0.055177267640829086 6693.46 2384.51 6786.43 2385.68 6785.83 2433.68 6692.86 2432.51
26071-450-M6-082-00009 0.05255059525370598 4507.04 1782.23 4537.54 1780.53 4540.25 1829.29 4509.75 1830.98
26071-450-M6-082-00009 0.05200051888823509 3663.01 2115.21 3753.38 2115.49 3753.23 2163.05 3662.86 2162.77
26071-450-M6-082-00009 0.05132508650422096 6136.52 4790.36 6287.93 4789.65 6288.63 4940.37 6137.23 4941.08
26071-200-M6-052-00552 0.993036687374115 4558.17 4038.24 4652.23 4039.09 4651.80 4086.82 4557.74 4085.97
26071-200-M6-052-00552 0.08283954858779907 4546.04 3993.36 4662.58 3989.96 4664.01 4038.81 4547.46 4042.21
26071-200-M6-052-00552 0.0740102231502533 4278.20 4038.88 4370.31 4037.75 4370.89 4084.98 4278.78 4086.11
26071-200-M6-052-00552 0.06255444139242172 5032.34 4039.21 5124.56 4038.46 5124.95 4085.65 5032.73 4086.40
26071-750-M6-085-00007 0.9965417981147766 5289.22 5809.56 5337.76 5808.39 5339.99 5901.08 5291.46 5902.25
26071-750-M6-085-00007 0.9963401556015015 2785.88 1735.45 2878.20 1736.99 2877.41 1784.33 2785.09 1782.79
26071-750-M6-085-00007 0.9962504506111145 2789.02 1498.40 2880.09 1501.13 2878.67 1548.75 2787.60 1546.02
26071-750-M6-085-00007 0.9961678385734558 6683.00 6518.65 6776.44 6520.73 6775.38 6568.18 6681.94 6566.09
26071-750-M6-085-00007 0.9947850108146667 6686.35 6283.47 6778.56 6282.85 6778.88 6329.81 6686.67 6330.43
26071-750-M6-085-00007 0.9940146803855896 7003.31 2406.24 7050.83 2407.02 7049.30 2500.61 7001.78 2499.83
26071-750-M6-085-00007 0.44229015707969666 5766.20 5307.29 5813.28 5308.97 5809.94 5402.24 5762.86 5400.55
26071-750-M6-085-00007 0.17122842371463776 5784.41 2571.46 5906.07 2568.45 5906.88 2601.05 5785.22 2604.06
26071-750-M6-085-00007 0.16259895265102386 5787.82 2359.21 5908.38 2356.44 5909.12 2388.88 5788.56 2391.65
26071-750-M6-085-00007 0.16130834817886353 6315.30 3041.02 6436.75 3043.15 6436.18 3075.68 6314.73 3073.54
26071-750-M6-085-00007 0.13936403393745422 6921.48 2490.06 7051.41 2488.62 7051.78 2522.07 6921.85 2523.51
26071-750-M6-085-00007 0.10704832524061203 7180.90 6282.94 7273.23 6284.00 7272.69 6330.90 7180.36 6329.85
26071-750-M6-085-00007 0.09083061665296555 6618.09 2529.97 6650.86 2528.35 6655.23 2616.84 6622.47 2618.46
26071-750-M6-085-00007 0.08329872041940689 3283.29 1500.32 3377.05 1500.34 3377.05 1546.99 3283.29 1546.98
26071-750-M6-085-00007 0.0821189358830452 5678.92 5393.33 5807.15 5390.99 5807.75 5423.56 5679.52 5425.91
26071-750-M6-085-00007 0.07095194607973099 6704.12 6330.10 6758.40 6329.73 6758.72 6377.35 6704.44 6377.72
26071-750-M6-085-00007 0.07063983380794525 6315.19 2829.89 6439.02 2828.63 6439.35 2861.82 6315.53 2863.08
26071-750-M6-085-00007 0.05438033491373062 6992.15 6284.95 7084.16 6282.74 7085.30 6330.18 6993.29 6332.39
26071-750-M6-085-00007 0.0541064590215683 2893.82 1253.75 3036.65 1258.19 3031.80 1414.11 2888.97 1409.67
26071-750-M6-085-00007 0.050623901188373566 6413.52 3117.08 6460.38 3118.28 6457.97 3212.08 6411.11 3210.88
26071-203-M6-337-00031 0.18689307570457458 3959.94 2255.93 4052.95 2252.13 4054.87 2299.21 3961.87 2303.01
26071-203-M6-337-00031 0.145107701420784 4802.13 607.93 4892.31 607.44 4892.59 658.35 4802.41 658.85
26071-203-M6-337-00031 0.13506582379341125 3843.62 2470.33 3890.87 2468.87 3893.73 2561.49 3846.48 2562.95
26071-203-M6-337-00031 0.1160501018166542 1994.28 2595.50 2084.64 2598.45 2083.08 2646.16 1992.72 2643.21
26071-203-M6-337-00031 0.11064355820417404 7165.50 5254.44 7259.85 5250.02 7262.09 5297.71 7167.73 5302.13
26071-203-M6-337-00031 0.08399106562137604 3476.98 761.57 3570.38 756.55 3572.93 804.03 3479.53 809.06
26071-203-M6-337-00031 0.05129588395357132 4199.28 728.41 4291.25 730.36 4290.25 777.71 4198.28 775.77
26071-203-M6-332-00001 0.06874049454927444 1917.86 5445.58 2067.59 5439.10 2074.15 5590.68 1924.43 5597.17
26071-203-M6-079-00001 0.21715645492076874 2808.74 2497.73 2857.21 2494.85 2862.70 2587.13 2814.23 2590.02
26071-203-M6-079-00001 0.07972017675638199 4681.20 5753.44 4826.06 5764.82 4814.20 5915.83 4669.34 5904.44
26071-203-M6-079-00001 0.05691177025437355 2941.04 5999.61 2987.68 6000.07 2986.75 6093.30 2940.11 6092.83
26071-203-M6-079-00001 0.05532229319214821 2607.14 2103.50 2654.40 2101.45 2658.48 2195.52 2611.21 2197.56
26071-203-M6-079-00001 0.050395797938108444 4698.26 4814.03 4845.28 4813.08 4846.27 4966.01 4699.25 4966.95
26071-200-M6-052-00150 0.9984330534934998 7440.45 4747.13 7532.74 4748.22 7532.19 4795.18 7439.90 4794.10
26071-200-M6-052-00150 0.9976420998573303 6000.11 3565.79 6092.25 3566.13 6092.07 3613.16 5999.94 3612.81
26071-200-M6-052-00150 0.9968885779380798 6012.47 3801.86 6104.68 3802.59 6104.30 3850.35 6012.09 3849.62
26071-200-M6-052-00150 0.9959592223167419 7453.10 4985.09 7545.97 4983.78 7546.64 5031.24 7453.77 5032.55
26071-200-M6-052-00150 0.9889894127845764 1489.04 1557.05 1581.76 1559.60 1580.47 1606.55 1487.75 1604.00
26071-200-M6-052-00150 0.18679781258106232 6097.77 3561.78 6143.76 3572.45 6132.92 3619.15 6086.94 3608.48
26071-200-M6-052-00150 0.10806135088205338 7536.80 4743.11 7583.79 4754.33 7572.48 4801.70 7525.48 4790.47
26071-200-M6-052-00150 0.09954323619604111 7486.30 4949.22 7516.19 4948.73 7516.97 4996.25 7487.07 4996.73
26071-200-M6-052-00150 0.08768399804830551 5839.55 3376.65 5988.75 3371.18 5994.28 3522.04 5845.09 3527.52
26071-200-M6-052-00150 0.07598172128200531 6019.33 3613.75 6074.93 3614.41 6074.37 3661.78 6018.77 3661.13
26071-200-M6-052-00150 0.06772952526807785 7284.83 4552.75 7434.14 4552.91 7433.98 4700.55 7284.67 4700.39
26071-200-M6-052-00150 0.0659964382648468 6046.29 3766.49 6076.22 3768.24 6073.52 3814.41 6043.59 3812.66
26071-200-M6-052-00150 0.061805352568626404 3984.67 1439.23 4139.23 1457.08 4121.81 1607.93 3967.25 1590.07
26071-200-M6-052-00150 0.06020042300224304 1606.35 1320.38 1700.17 1323.14 1698.74 1371.67 1604.93 1368.91
26071-200-M6-052-00003 0.9979817867279053 6096.11 2100.58 6188.79 2101.31 6188.41 2149.29 6095.73 2148.55
26071-200-M6-052-00003 0.9976397752761841 5990.19 3329.46 6082.43 3329.98 6082.16 3377.64 5989.92 3377.12
26071-200-M6-052-00003 0.997541069984436 6095.32 1321.95 6187.98 1322.96 6187.47 1370.05 6094.80 1369.04
26071-200-M6-052-00003 0.9962813258171082 6345.54 1534.21 6437.60 1535.28 6437.05 1582.56 6344.99 1581.49
26071-200-M6-052-00003 0.9947410821914673 6092.98 2315.73 6186.49 2314.40 6187.16 2361.56 6093.64 2362.88
26071-200-M6-052-00003 0.23978620767593384 6189.41 1320.20 6235.76 1325.48 6230.35 1372.94 6183.99 1367.66
26071-200-M6-052-00003 0.19029538333415985 6188.67 2100.51 6235.65 2105.25 6230.85 2152.82 6183.87 2148.08
26071-200-M6-052-00003 0.09834396094083786 6021.85 3292.15 6051.75 3293.59 6049.45 3341.27 6019.55 3339.83
26071-200-M6-052-00003 0.08624032139778137 5409.76 2562.84 5502.98 2559.71 5504.57 2606.91 5411.34 2610.04
26071-200-M6-052-00003 0.08522769063711166 6111.95 2144.62 6168.57 2146.32 6167.15 2193.66 6110.53 2191.97
26071-200-M6-052-00003 0.07888535410165787 5944.84 1919.46 6095.61 1920.14 6094.94 2069.93 5944.17 2069.26
26071-200-M6-052-00003 0.0740765929222107 6382.77 1498.68 6413.71 1500.23 6411.37 1546.80 6380.44 1545.25
26071-200-M6-052-00003 0.06176526099443436 5171.81 2796.52 5219.20 2795.61 5220.99 2888.75 5173.60 2889.66
26071-200-M6-052-00003 0.06054035946726799 4969.08 5733.81 5115.04 5738.19 5110.53 5888.68 4964.56 5884.30
26071-200-M6-052-00003 0.06003676727414131 5855.95 3116.76 5900.26 3113.22 5907.68 3205.98 5863.37 3209.52
26071-200-M6-052-00003 0.059514597058296204 1607.40 2507.13 1696.41 2499.94 1700.26 2547.60 1611.25 2554.80
26071-200-M6-052-00003 0.05881215259432793 6136.12 2277.86 6165.47 2281.40 6159.71 2329.12 6130.36 2325.58
26071-700-M6-054-00013 0.996665894985199 3615.23 1559.07 3707.27 1558.67 3707.48 1606.20 3615.44 1606.60
26071-700-M6-054-00013 0.9966313242912292 3614.32 3449.34 3706.64 3449.20 3706.71 3496.52 3614.39 3496.66
26071-700-M6-054-00013 0.9966145157814026 3614.64 5928.47 3706.73 5929.01 3706.45 5976.27 3614.36 5975.73
26071-700-M6-054-00013 0.9965740442276001 3614.31 4038.79 3707.01 4040.29 3706.24 4087.72 3613.54 4086.22
26071-700-M6-054-00013 0.9959101676940918 3614.92 2149.33 3706.35 2149.31 3706.36 2197.40 3614.93 2197.42
26071-700-M6-054-00013 0.9942381381988525 3614.80 5338.75 3707.27 5338.53 3707.38 5385.71 3614.92 5385.94
26071-700-M6-054-00013 0.07714544236660004 3447.35 5814.04 3493.53 5812.49 3496.60 5904.06 3450.42 5905.60
26071-700-M6-054-00013 0.074803926050663 3632.09 5976.70 3687.57 5975.73 3688.39 6023.21 3632.91 6024.18
26071-700-M6-054-00013 0.07272208482027054 3633.20 1606.49 3687.75 1605.96 3688.20 1653.60 3633.66 1654.12
26071-700-M6-054-00013 0.0718105137348175 3450.25 5219.68 3497.49 5221.36 3494.19 5314.60 3446.94 5312.92
26071-700-M6-054-00013 0.0685686394572258 3632.71 4085.78 3687.98 4086.22 3687.60 4133.86 3632.33 4133.41
26071-700-M6-054-00013 0.06725970655679703 3635.91 5384.32 3688.30 5386.16 3686.60 5434.53 3634.20 5432.69
26071-700-M6-054-00013 0.0661432296037674 3631.59 3496.66 3687.76 3496.01 3688.31 3543.29 3632.13 3543.94
26071-700-M6-054-00013 0.0660950317978859 4069.91 1581.34 4103.09 1581.85 4101.20 1704.15 4068.02 1703.63
26071-700-M6-054-00013 0.059020865708589554 3636.27 2193.22 3689.20 2198.87 3684.11 2246.58 3631.18 2240.93
26071-700-M6-054-00013 0.056173354387283325 3716.79 3279.93 3868.16 3282.44 3865.72 3429.84 3714.35 3427.33
26071-700-M6-054-00036 0.9964492321014404 6094.84 5764.46 6187.96 5763.12 6188.64 5810.23 6095.52 5811.57
26071-700-M6-054-00036 0.9963881969451904 6450.35 3093.05 6542.49 3094.10 6541.95 3141.64 6449.81 3140.60
26071-700-M6-054-00036 0.9961102604866028 6095.25 5526.39 6186.94 5527.53 6186.35 5574.74 6094.66 5573.59
26071-700-M6-054-00036 0.9929043650627136 4695.38 2600.53 4742.72 2596.36 4750.83 2688.50 4703.49 2692.67
26071-700-M6-054-00036 0.10376032441854477 5822.60 5528.62 5915.18 5525.07 5916.98 5571.99 5824.40 5575.54
26071-700-M6-054-00036 0.09400356560945511 4229.23 2138.44 4373.42 2121.23 4391.43 2272.24 4247.25 2289.44
26071-700-M6-054-00036 0.08143000304698944 6861.74 2858.17 6952.87 2859.66 6952.08 2907.37 6860.96 2905.88
26071-700-M6-054-00036 0.06525745987892151 3376.72 4038.94 3468.18 4038.00 3468.67 4085.21 3377.20 4086.15
26071-700-M6-054-00036 0.06022898480296135 6114.58 5570.30 6167.87 5570.53 6167.67 5618.26 6114.38 5618.03
26071-700-M6-054-00036 0.05262373015284538 3376.22 5280.15 3468.80 5276.62 3470.63 5324.54 3378.05 5328.07
26071-600-M6-065-00231 0.09759917110204697 6723.27 2030.83 6814.16 2027.61 6815.95 2078.06 6725.06 2081.28
26071-600-M6-065-00231 0.08771255612373352 4356.08 1959.69 4404.03 1958.86 4405.61 2050.72 4357.67 2051.55
26071-600-M6-065-00231 0.07785162329673767 6721.88 1557.47 6813.92 1553.28 6816.21 1603.46 6724.16 1607.65
26071-600-M6-065-00231 0.055092424154281616 6458.13 3213.89 6505.14 3212.78 6507.34 3305.39 6460.32 3306.50
26071-500-M6-059-00071 0.9972280859947205 6568.34 3564.91 6660.41 3566.19 6659.76 3613.16 6567.69 3611.88
26071-500-M6-059-00071 0.9963885545730591 6094.97 2740.35 6187.86 2738.58 6188.76 2785.63 6095.88 2787.41
26071-500-M6-059-00071 0.9946868419647217 3955.08 3354.41 4002.42 3352.98 4005.22 3445.83 3957.89 3447.26
26071-500-M6-059-00071 0.13613948225975037 3872.34 3434.29 4003.30 3436.01 4002.87 3468.60 3871.91 3466.89
26071-500-M6-059-00071 0.11646633595228195 3460.67 3615.61 3507.57 3617.46 3503.89 3710.92 3456.99 3709.08
26071-500-M6-059-00071 0.11217725276947021 6550.88 2468.44 6702.06 2480.55 6689.65 2635.34 6538.48 2623.23
26071-500-M6-059-00071 0.10471830517053604 3214.70 2853.14 3307.85 2861.63 3303.47 2909.68 3210.32 2901.19
26071-500-M6-059-00071 0.08763400465250015 4543.51 3445.22 4694.89 3468.97 4671.33 3619.19 4519.95 3595.45
26071-500-M6-059-00071 0.08719855546951294 6283.34 3568.90 6377.67 3566.95 6378.61 3612.95 6284.29 3614.90
26071-500-M6-059-00071 0.07779306918382645 1218.76 4510.29 1369.43 4520.84 1358.64 4674.92 1207.97 4664.37
26071-500-M6-059-00071 0.07536711543798447 5477.94 3441.13 5630.40 3451.47 5619.97 3605.28 5467.51 3594.95
26071-500-M6-059-00071 0.07162586599588394 3750.99 1956.88 3900.36 1954.46 3902.80 2105.53 3753.43 2107.95
26071-500-M6-059-00071 0.07098148763179779 5343.80 3800.96 5491.92 3795.81 5497.19 3947.26 5349.07 3952.41
26071-500-M6-059-00071 0.06591981649398804 1225.29 5174.70 1373.46 5200.86 1346.90 5351.30 1198.72 5325.13
26071-500-M6-059-00071 0.05811898037791252 1412.37 5062.17 1559.16 5058.03 1563.50 5212.03 1416.71 5216.16
26071-500-M6-059-00071 0.05786683037877083 5508.84 3967.56 5597.22 3970.60 5595.60 4017.52 5507.23 4014.48
26071-500-M6-059-00071 0.05228408798575401 1633.95 5217.89 1680.34 5223.11 1669.80 5316.83 1623.42 5311.61
26071-500-M6-059-00071 0.05093121901154518 3265.78 3185.05 3413.92 3180.63 3418.40 3330.69 3270.25 3335.11
26071-203-M6-320-00008 0.9956963062286377 4587.28 1173.38 4679.42 1168.28 4682.08 1216.39 4589.94 1221.49
26071-203-M6-320-00008 0.9927674531936646 4589.08 1440.57 4680.48 1442.03 4679.72 1489.44 4588.32 1487.98
26071-203-M6-320-00008 0.15133395791053772 3417.22 5252.23 3510.67 5251.53 3511.02 5298.76 3417.57 5299.46
26071-203-M6-320-00008 0.13235868513584137 4618.54 1213.11 4647.42 1201.63 4665.19 1246.37 4636.31 1257.84
26071-203-M6-320-00008 0.10602889209985733 6881.54 2436.62 6973.12 2427.33 6977.94 2474.92 6886.37 2484.21
26071-500-M6-059-00116 0.9900984168052673 4158.91 3566.16 4250.10 3566.31 4250.02 3613.69 4158.83 3613.54
26071-500-M6-059-00116 0.9897308349609375 4043.74 5573.80 4134.98 5574.90 4134.40 5622.46 4043.17 5621.36
26071-500-M6-059-00116 0.1510126292705536 3280.67 4607.33 3327.83 4605.67 3331.08 4697.80 3283.92 4699.46
26071-500-M6-059-00116 0.07497816532850266 4657.65 1687.31 4806.49 1705.67 4788.06 1855.09 4639.22 1836.74
26071-500-M6-059-00116 0.06915343552827835 4444.97 3081.06 4593.46 3073.51 4601.15 3224.69 4452.66 3232.24
26071-550-M6-084-00026 0.06594515591859818 2882.08 2472.35 3030.53 2475.01 3027.57 2640.20 2879.12 2637.54
26071-203-M6-337-00007 0.051471296697854996 5218.93 5536.79 5311.46 5538.02 5310.83 5586.13 5218.29 5584.90
26071-200-M6-052-00090 0.9975760579109192 1582.65 4805.75 1675.99 4805.97 1675.88 4853.11 1582.54 4852.90
26071-200-M6-052-00090 0.9974495768547058 4594.47 4805.84 4686.58 4806.21 4686.39 4853.54 4594.28 4853.17
26071-200-M6-052-00090 0.996691107749939 6237.79 2218.52 6285.23 2220.10 6282.19 2311.53 6234.75 2309.95
26071-200-M6-052-00090 0.9966848492622375 6094.61 1403.24 6186.63 1405.79 6185.33 1452.73 6093.31 1450.18
26071-200-M6-052-00090 0.9957512617111206 2810.33 4184.92 2856.79 4183.49 2859.66 4276.29 2813.20 4277.73
26071-200-M6-052-00090 0.9949865341186523 5821.84 4184.51 5868.33 4183.01 5871.34 4275.96 5824.85 4277.47
26071-200-M6-052-00090 0.9945873022079468 1914.88 1347.00 2005.90 1344.98 2006.96 1393.07 1915.95 1395.08
26071-200-M6-052-00090 0.9935742020606995 3000.99 4042.51 3047.86 4042.96 3046.97 4135.45 3000.09 4135.00
26071-200-M6-052-00090 0.9931703805923462 4831.88 5042.14 4923.28 5042.67 4923.01 5090.05 4831.61 5089.53
26071-200-M6-052-00090 0.9928393363952637 1819.04 5042.39 1911.59 5042.28 1911.64 5090.00 1819.09 5090.10
26071-200-M6-052-00090 0.9924353957176208 3165.41 2111.85 3213.06 2112.42 3211.96 2205.51 3164.30 2204.94
26071-200-M6-052-00090 0.25265833735466003 6801.51 1279.65 6835.90 1282.00 6827.14 1409.99 6792.74 1407.64
26071-200-M6-052-00090 0.2132628858089447 1673.63 4803.65 1721.17 4809.53 1715.04 4859.03 1667.50 4853.14
26071-200-M6-052-00090 0.2088383138179779 6445.25 2842.16 6562.13 2842.17 6562.13 2874.81 6445.25 2874.81
26071-200-M6-052-00090 0.20735445618629456 4689.31 4802.73 4737.15 4810.91 4729.10 4857.99 4681.26 4849.81
26071-200-M6-052-00090 0.1565103381872177 3164.37 4145.32 3209.07 4145.50 3208.62 4259.84 3163.93 4259.67
26071-200-M6-052-00090 0.145903080701828 6258.32 2535.68 6377.96 2532.41 6378.83 2564.34 6259.20 2567.60
26071-200-M6-052-00090 0.13390731811523438 3191.81 2237.33 3311.13 2240.06 3310.34 2274.56 3191.02 2271.82
26071-200-M6-052-00090 0.1262214481830597 3163.41 2485.93 3204.94 2483.58 3211.85 2605.76 3170.32 2608.10
26071-200-M6-052-00090 0.12297817319631577 3165.58 3869.87 3212.91 3870.92 3210.76 3967.26 3163.43 3966.21
26071-200-M6-052-00090 0.11657629162073135 2955.93 4032.16 3003.96 4031.50 3005.48 4143.02 2957.44 4143.67
26071-200-M6-052-00090 0.11433375626802444 3163.13 2300.92 3210.23 2300.66 3210.80 2401.20 3163.70 2401.47
26071-200-M6-052-00090 0.10334638506174088 4860.92 5009.21 4893.41 5008.07 4895.18 5058.38 4862.69 5059.52
26071-200-M6-052-00090 0.0947369858622551 3190.14 2423.56 3310.11 2432.20 3307.76 2464.89 3187.78 2456.25
26071-200-M6-052-00090 0.09081287682056427 6275.53 2351.17 6378.64 2339.54 6382.41 2373.00 6279.30 2384.62
26071-200-M6-052-00090 0.08602605760097504 5808.91 5290.62 5902.68 5291.44 5902.26 5339.05 5808.49 5338.22
26071-200-M6-052-00090 0.07185899466276169 6004.75 5860.31 6107.93 5856.85 6109.48 5903.08 6006.30 5906.53
26071-200-M6-052-00090 0.06673191487789154 7323.25 4098.07 7416.09 4097.64 7416.31 4145.17 7323.47 4145.60
26071-200-M6-052-00090 0.0648995190858841 7063.39 4618.27 7110.45 4618.99 7109.07 4710.42 7062.00 4709.71
26071-200-M6-052-00090 0.0648466944694519 1951.48 1309.16 1981.85 1316.27 1971.75 1359.38 1941.38 1352.27
26071-200-M6-052-00090 0.06312547624111176 6129.98 1369.82 6160.74 1375.40 6152.71 1419.67 6121.95 1414.09
26071-200-M6-052-00090 0.060602087527513504 4613.73 4850.15 4668.52 4849.86 4668.78 4898.22 4613.98 4898.50
26071-200-M6-052-00090 0.058894556015729904 6200.10 2195.33 6241.52 2194.77 6242.93 2300.17 6201.51 2300.73
26071-200-M6-052-00090 0.05561089515686035 5885.27 5859.45 5981.12 5853.23 5984.22 5900.93 5888.37 5907.15
26071-200-M6-052-00090 0.05528930202126503 4689.60 4598.81 4839.86 4610.51 4828.37 4758.15 4678.11 4746.46
26071-200-M6-052-00090 0.052858609706163406 1601.74 4850.52 1657.67 4850.32 1657.84 4898.14 1601.91 4898.34
26071-200-M6-052-00090 0.051028236746788025 6176.60 4162.08 6221.87 4161.82 6222.38 4251.26 6177.12 4251.52
26071-200-M6-052-00090 0.05000624433159828 6840.83 1261.90 6933.24 1263.48 6932.42 1311.28 6840.01 1309.71
26071-203-M6-320-00061 0.9961071610450745 1677.42 3722.51 1770.90 3723.38 1770.46 3770.00 1676.98 3769.12
26071-203-M6-320-00061 0.994759738445282 1678.49 4050.98 1770.72 4051.48 1770.46 4099.19 1678.23 4098.68
26071-203-M6-320-00061 0.0813569724559784 567.03 4050.64 658.75 4053.18 657.43 4101.14 565.70 4098.60
26071-203-M6-320-00061 0.061923373490571976 1696.08 3676.27 1753.67 3677.49 1752.64 3725.92 1695.05 3724.70
26071-600-M6-065-00037 0.9964224100112915 1229.77 3234.36 1321.73 3236.97 1320.38 3284.64 1228.42 3282.03
26071-600-M6-065-00037 0.9964140057563782 7429.92 2681.54 7521.53 2681.08 7521.77 2728.59 7430.16 2729.05
26071-600-M6-065-00037 0.9960641264915466 5761.27 2186.09 5807.51 2185.08 5809.56 2279.06 5763.32 2280.07
26071-600-M6-065-00037 0.9954637885093689 1229.74 2998.35 1322.07 3001.79 1320.32 3048.82 1227.98 3045.38
26071-600-M6-065-00037 0.9950077533721924 7429.98 2916.62 7523.47 2917.32 7523.12 2964.74 7429.62 2964.04
26071-600-M6-065-00037 0.9935139417648315 2927.90 2067.90 2975.53 2067.43 2976.46 2160.52 2928.82 2161.00
26071-600-M6-065-00037 0.9897283315658569 2686.70 2069.83 2733.60 2064.40 2744.14 2155.40 2697.24 2160.83
26071-600-M6-065-00037 0.9886931777000427 5998.67 2188.15 6045.97 2186.55 6049.15 2279.97 6001.84 2281.58
26071-600-M6-065-00037 0.10255641490221024 2494.10 2150.33 2642.08 2160.25 2631.85 2313.01 2483.87 2303.10
26071-600-M6-065-00037 0.08999016135931015 1097.06 2747.49 1250.79 2748.57 1249.74 2897.26 1096.01 2896.18
26071-600-M6-065-00037 0.07188117504119873 5805.99 2207.43 5836.53 2206.98 5837.26 2257.29 5806.73 2257.74
26071-600-M6-065-00037 0.06341930478811264 3295.25 4805.21 3385.91 4805.63 3385.68 4853.73 3295.02 4853.31
26071-600-M6-065-00037 0.061558302491903305 3327.30 5569.02 3478.11 5568.23 3478.91 5720.16 3328.09 5720.95
26071-600-M6-065-00037 0.0607648640871048 7309.21 2452.39 7460.33 2449.59 7463.11 2599.77 7311.99 2602.57
26071-600-M6-065-00037 0.06020185351371765 7450.52 2726.84 7502.55 2729.57 7500.06 2777.06 7448.02 2774.32
26071-600-M6-065-00037 0.05848722159862518 5934.52 2174.66 5996.14 2173.77 5996.82 2220.31 5935.20 2221.21
26071-600-M6-065-00037 0.05460203066468239 7415.77 4960.33 7462.88 4958.87 7465.81 5053.80 7418.70 5055.25
26071-600-M6-065-00037 0.05285709723830223 2986.78 2089.67 3015.84 2091.53 3012.83 2138.57 2983.77 2136.71
26071-600-M6-065-00037 0.0520535409450531 3586.15 4513.84 3678.68 4509.36 3680.87 4554.73 3588.34 4559.21
26071-300-M6-053-00010 0.9978316426277161 6921.66 1558.90 7014.03 1558.88 7014.04 1606.14 6921.67 1606.16
26071-300-M6-053-00010 0.997159481048584 4797.72 6045.69 4889.53 6047.75 4888.47 6094.87 4796.66 6092.81
26071-300-M6-053-00010 0.9970561265945435 6920.70 1795.47 7015.07 1794.76 7015.43 1842.29 6921.06 1842.99
26071-300-M6-053-00010 0.9962103366851807 4797.26 6329.30 4888.45 6331.80 4887.14 6379.34 4795.95 6376.83
26071-300-M6-053-00010 0.9940349459648132 6710.27 2738.48 6802.34 2741.80 6800.63 2789.16 6708.57 2785.84
26071-300-M6-053-00010 0.09501893073320389 4559.53 2451.30 4709.67 2454.21 4706.74 2605.40 4556.61 2602.49
26071-300-M6-053-00010 0.08451289683580399 4323.07 6049.61 4413.79 6043.70 4416.89 6091.17 4326.16 6097.07
26071-300-M6-053-00010 0.07680614292621613 4815.51 6093.46 4868.79 6092.52 4869.64 6140.87 4816.36 6141.81
26071-300-M6-053-00010 0.06604485958814621 4635.92 5829.06 4787.43 5830.25 4786.24 5981.21 4634.74 5980.02
26071-300-M6-053-00010 0.056218355894088745 6710.39 2620.07 6803.28 2621.88 6802.36 2669.16 6709.47 2667.36
26071-203-M6-320-00042 0.9940013289451599 5997.66 2101.09 6090.58 2101.76 6090.23 2149.18 5997.32 2148.50
26071-203-M6-320-00042 0.07370194792747498 5817.69 2102.71 5911.31 2103.13 5911.10 2150.66 5817.48 2150.24
26071-203-M6-320-00042 0.05956526845693588 2218.82 4111.51 2313.55 4111.36 2313.63 4162.74 2218.90 4162.88
26071-200-M6-052-00540 0.13450387120246887 6459.74 4610.77 6506.08 4610.38 6506.83 4699.19 6460.49 4699.58
26071-200-M6-052-00540 0.12488651275634766 5266.21 1891.99 5312.97 1892.07 5312.81 1983.86 5266.05 1983.78
26071-200-M6-052-00540 0.11397379636764526 6753.96 4610.03 6800.89 4608.44 6803.87 4696.49 6756.94 4698.08
26071-200-M6-052-00540 0.10819411277770996 1360.79 1890.91 1407.55 1893.60 1402.46 1982.44 1355.69 1979.76
26071-200-M6-052-00540 0.10786301642656326 1655.50 1891.54 1703.29 1893.27 1700.05 1982.69 1652.26 1980.96
26071-200-M6-052-00540 0.1040998250246048 1348.68 779.14 1399.48 776.35 1413.25 1027.35 1362.46 1030.14
26071-200-M6-052-00540 0.10014241188764572 1649.38 1248.65 1699.95 1247.84 1704.00 1500.35 1653.43 1501.16
26071-200-M6-052-00540 0.09937813878059387 5564.13 1891.31 5611.42 1892.84 5608.51 1982.76 5561.22 1981.23
26071-200-M6-052-00540 0.09885959327220917 6743.52 4987.33 6794.75 4982.47 6818.03 5227.62 6766.79 5232.48
26071-200-M6-052-00540 0.09343887120485306 4051.75 1892.36 4099.75 1894.13 4096.47 1983.52 4048.47 1981.75
26071-200-M6-052-00540 0.08752141147851944 2548.64 4609.31 2595.21 4607.25 2599.16 4696.65 2552.59 4698.70
26071-200-M6-052-00540 0.067782923579216 1948.13 1893.10 1995.97 1893.78 1994.71 1983.33 1946.86 1982.65
26071-200-M6-052-00540 0.06530442088842392 4362.16 4612.85 4410.41 4607.41 4421.57 4706.39 4373.32 4711.83
26071-200-M6-052-00540 0.06385897099971771 5560.04 1237.60 5610.13 1238.64 5604.49 1508.78 5554.39 1507.73
26071-200-M6-052-00540 0.061020441353321075 6454.22 5439.02 6505.27 5438.25 6509.48 5714.12 6458.43 5714.90
26071-200-M6-052-00540 0.06087793782353401 1344.58 4608.93 1389.33 4606.47 1394.36 4698.20 1349.61 4700.65
26071-200-M6-052-00540 0.0600883886218071 4938.45 4607.05 4984.12 4607.21 4983.81 4697.79 4938.14 4697.63
26071-200-M6-052-00540 0.05734497308731079 4042.46 775.91 4092.53 773.48 4104.66 1023.40 4054.59 1025.83
26071-200-M6-052-00540 0.05580982565879822 1340.18 5442.19 1389.26 5439.83 1402.11 5707.19 1353.03 5709.55
26071-200-M6-052-00540 0.05574103817343712 1943.22 1246.41 1992.41 1244.73 2000.97 1496.56 1951.78 1498.23
26071-200-M6-052-00540 0.05342371389269829 5174.16 1889.54 5221.00 1891.14 5217.84 1983.68 5171.00 1982.08
26071-200-M6-052-00540 0.05328512564301491 4638.75 4610.08 4681.80 4606.26 4690.08 4699.69 4647.04 4703.51
26071-200-M6-052-00540 0.052723392844200134 2542.20 5448.22 2591.79 5445.98 2603.18 5698.30 2553.60 5700.54
26071-200-M6-052-00540 0.051420219242572784 4341.20 1242.32 4389.84 1240.37 4400.55 1507.10 4351.92 1509.05
26071-200-M6-052-00540 0.05010006204247475 1638.95 4609.67 1682.11 4606.06 1689.85 4698.86 1646.70 4702.46
26071-203-M6-160-00291 0.9967053532600403 1772.11 2267.59 1864.38 2267.27 1864.55 2314.76 1772.28 2315.08
26071-203-M6-160-00291 0.9961821436882019 1772.16 2444.79 1864.53 2443.88 1865.00 2491.83 1772.63 2492.74
26071-203-M6-160-00291 0.9960479140281677 1772.23 1501.35 1864.34 1498.77 1865.65 1545.77 1773.54 1548.34
26071-203-M6-160-00291 0.9953847527503967 3143.03 1971.18 3235.64 1971.79 3235.33 2019.29 3142.72 2018.68
26071-203-M6-160-00291 0.994087815284729 1772.67 1676.38 1864.33 1676.40 1864.32 1724.04 1772.66 1724.02
26071-203-M6-160-00291 0.9937653541564941 1183.57 3590.85 1276.49 3590.43 1276.70 3637.77 1183.78 3638.19
26071-203-M6-160-00291 0.08673826605081558 6980.22 2858.95 7072.79 2857.05 7073.78 2905.14 6981.21 2907.04
26071-203-M6-160-00291 0.08259904384613037 1238.49 2118.07 1385.60 2116.78 1386.91 2266.49 1239.80 2267.78
26071-203-M6-160-00291 0.08149097859859467 1869.29 2058.57 2020.07 2054.40 2024.10 2200.25 1873.32 2204.42
26071-203-M6-160-00291 0.07662275433540344 1489.34 1496.19 1584.17 1505.47 1579.67 1551.49 1484.84 1542.21
26071-203-M6-160-00291 0.07635819911956787 1486.32 2268.24 1580.81 2266.46 1581.70 2313.46 1487.20 2315.24
26071-203-M6-160-00291 0.07614772021770477 1873.85 1289.83 2025.82 1292.77 2023.06 1435.37 1871.09 1432.43
26071-203-M6-160-00291 0.06470310688018799 6768.66 2924.37 6815.72 2925.29 6813.80 3023.71 6766.74 3022.79
26071-203-M6-160-00291 0.06354571133852005 7509.36 3756.64 7600.51 3752.85 7602.53 3801.37 7511.37 3805.16
26071-203-M6-160-00291 0.05519339442253113 3325.38 4636.64 3475.09 4636.12 3475.61 4786.99 3325.90 4787.51
26071-600-M6-066-00002 0.9965200424194336 7030.66 2031.53 7123.39 2031.37 7123.47 2079.19 7030.74 2079.35
26071-600-M6-066-00002 0.07064101845026016 7009.04 1949.24 7041.05 1949.90 7038.28 2083.25 7006.26 2082.58
26071-300-M6-053-00008 0.9967942833900452 6571.82 5809.96 6663.56 5812.41 6662.30 5859.63 6570.56 5857.18
26071-300-M6-053-00008 0.9960169196128845 5526.45 987.63 5573.57 988.17 5572.51 1081.20 5525.38 1080.66
26071-300-M6-053-00008 0.994690477848053 4841.14 6518.90 4932.80 6518.68 4932.92 6566.22 4841.26 6566.45
26071-300-M6-053-00008 0.9919512271881104 2691.48 1693.62 2738.87 1692.85 2740.36 1784.10 2692.98 1784.87
26071-300-M6-053-00008 0.14830811321735382 5441.15 1071.53 5573.93 1073.22 5573.50 1106.46 5440.73 1104.77
26071-300-M6-053-00008 0.10929524898529053 5488.76 1011.94 5519.10 1012.45 5518.27 1061.80 5487.93 1061.29
26071-300-M6-053-00008 0.07754647731781006 5267.72 1641.24 5358.62 1641.06 5358.71 1688.02 5267.81 1688.20
26071-300-M6-053-00008 0.06443240493535995 6603.37 5856.71 6633.30 5857.94 6631.27 5907.28 6601.34 5906.04
26071-300-M6-053-00008 0.06397475302219391 5387.45 6520.60 5478.85 6519.62 5479.35 6565.99 5387.95 6566.98
26071-300-M6-053-00008 0.056259963661432266 6154.45 5811.49 6246.42 5808.99 6247.70 5856.03 6155.72 5858.52
26071-300-M6-053-00008 0.050821080803871155 5786.51 5573.26 5877.47 5575.37 5876.37 5622.95 5785.41 5620.84
26071-300-M6-053-00008 0.050786539912223816 4862.29 665.34 5013.83 671.17 5008.09 820.45 4856.55 814.62
26071-300-M6-053-00008 0.05000622943043709 7580.16 5483.52 8119.22 5491.76 8118.00 5572.14 7578.93 5563.91
26071-203-M6-060-00001 0.9940565824508667 2137.91 992.19 2184.49 992.49 2183.89 1085.80 2137.32 1085.51
26071-203-M6-060-00001 0.3531951606273651 2136.12 757.18 2182.92 755.05 2187.13 847.57 2140.33 849.70
26071-203-M6-060-00001 0.07644277065992355 2135.02 1322.68 2182.33 1319.54 2188.65 1414.91 2141.34 1418.04
26071-203-M6-060-00001 0.06663152575492859 2042.11 926.03 2160.80 928.58 2160.09 961.84 2041.39 959.29
26071-203-M6-060-00001 0.06659550219774246 1621.20 3450.14 1714.77 3447.50 1716.09 3494.42 1622.53 3497.06
26071-203-M6-060-00001 0.06549746543169022 2151.12 3970.37 2196.43 3971.16 2194.82 4063.53 2149.51 4062.74
26071-203-M6-060-00001 0.052933383733034134 1620.82 2505.83 1716.05 2503.16 1717.37 2550.08 1622.14 2552.76
26071-200-M6-063-00010 0.9960528612136841 6876.51 1735.87 6969.46 1735.01 6969.91 1782.60 6876.95 1783.46
26071-200-M6-063-00010 0.9948225021362305 5622.80 5692.43 5715.47 5693.04 5715.16 5740.46 5622.49 5739.85
26071-200-M6-063-00010 0.9943341016769409 5624.62 5928.62 5716.03 5927.45 5716.64 5975.19 5625.22 5976.35
26071-200-M6-063-00010 0.09259751439094543 6875.84 1913.94 6967.88 1913.77 6967.96 1960.85 6875.93 1961.02
26071-200-M6-063-00010 0.08666721731424332 5723.88 5519.49 5876.14 5524.76 5870.96 5674.47 5718.70 5669.20
26071-203-M6-060-00006 0.34908241033554077 2812.83 2460.57 2860.26 2463.64 2854.21 2556.96 2806.78 2553.89
26071-203-M6-060-00006 0.2885790169239044 5415.32 2578.04 5462.30 2583.17 5452.12 2676.20 5405.14 2671.06
26071-203-M6-060-00006 0.06582018733024597 2174.37 4228.44 2326.11 4240.00 2314.41 4393.58 2162.66 4382.02
26071-203-M6-060-00006 0.055138103663921356 2728.90 2437.07 2858.77 2443.42 2857.19 2475.66 2727.32 2469.31
26071-203-M6-325-00013 0.9954193830490112 5338.46 2491.48 5430.29 2491.33 5430.37 2538.56 5338.53 2538.70
26071-203-M6-325-00013 0.9948440790176392 5338.64 1891.73 5430.20 1891.84 5430.14 1939.15 5338.58 1939.04
26071-203-M6-325-00013 0.07847248762845993 3417.72 4862.59 3511.35 4862.59 3511.35 4911.07 3417.72 4911.07
26071-203-M6-325-00013 0.07316983491182327 6717.65 2495.01 6809.70 2488.25 6813.15 2535.38 6721.11 2542.13
26071-203-M6-325-00013 0.05756600946187973 4678.68 4951.02 4770.05 4952.87 4769.09 5000.38 4677.71 4998.53
26071-300-M6-053-00012 0.9970499277114868 4932.24 4575.25 4979.26 4571.04 4987.54 4663.54 4940.52 4667.74
26071-300-M6-053-00012 0.9960412979125977 2552.15 1795.22 2643.94 1795.67 2643.71 1842.63 2551.92 1842.18
26071-300-M6-053-00012 0.9952491521835327 7443.66 908.02 7535.54 908.37 7535.35 955.95 7443.47 955.60
26071-300-M6-053-00012 0.9949736595153809 2555.79 2030.55 2647.27 2031.97 2646.54 2079.29 2555.06 2077.87
26071-300-M6-053-00012 0.9948967099189758 6108.17 1146.15 6199.43 1144.50 6200.28 1191.64 6109.02 1193.29
26071-300-M6-053-00012 0.9948581457138062 1797.25 5336.45 1889.56 5339.14 1888.18 5386.83 1795.87 5384.14
26071-300-M6-053-00012 0.9945768117904663 1796.11 5102.17 1888.72 5102.34 1888.63 5149.60 1796.03 5149.43
26071-300-M6-053-00012 0.9941230416297913 2138.86 2562.38 2230.43 2562.45 2230.39 2609.80 2138.83 2609.72
26071-300-M6-053-00012 0.9931140542030334 4309.32 4444.09 4356.09 4442.22 4359.79 4534.52 4313.02 4536.39
26071-300-M6-053-00012 0.9915226697921753 6107.98 1321.95 6201.05 1324.46 6199.79 1371.31 6106.72 1368.80
26071-300-M6-053-00012 0.15751749277114868 2881.95 2565.61 2976.28 2560.92 2978.65 2608.59 2884.32 2613.29
26071-300-M6-053-00012 0.08495551347732544 1477.19 5102.62 1569.13 5103.46 1568.70 5150.47 1476.76 5149.63
26071-300-M6-053-00012 0.07702947407960892 1816.61 5148.94 1869.52 5150.56 1868.04 5198.61 1815.14 5196.99
26071-300-M6-053-00012 0.07440879195928574 3872.43 4426.77 4000.69 4432.22 3999.31 4464.64 3871.05 4459.19
26071-300-M6-053-00012 0.0726451724767685 6329.48 1028.39 6377.27 1027.45 6379.05 1118.22 6331.27 1119.16
26071-300-M6-053-00012 0.07050567120313644 6425.31 1559.91 6516.37 1555.80 6518.51 1603.27 6427.45 1607.38
26071-300-M6-053-00012 0.0684865266084671 4431.33 5819.80 4478.54 5823.62 4471.15 5915.09 4423.93 5911.28
26071-300-M6-053-00012 0.06680377572774887 6099.29 1273.61 6199.16 1272.59 6199.66 1322.15 6099.79 1323.17
26071-300-M6-053-00012 0.06414458900690079 4271.47 4466.77 4301.68 4467.25 4300.93 4515.18 4270.71 4514.71
26071-300-M6-053-00012 0.05917486548423767 2570.57 1842.63 2624.54 1842.67 2624.51 1890.15 2570.54 1890.11
26071-300-M6-053-00012 0.058268629014492035 6126.35 1190.14 6180.08 1192.09 6178.35 1240.02 6124.62 1238.08
26071-300-M6-053-00012 0.05803504213690758 6423.78 1148.68 6515.71 1143.14 6518.55 1190.34 6426.63 1195.88
26071-300-M6-053-00012 0.05411580204963684 2906.20 4928.50 3054.97 4935.63 3047.84 5084.53 2899.06 5077.40
26071-300-M6-053-00012 0.05264035239815712 6308.85 5820.75 6356.12 5823.64 6350.48 5915.90 6303.21 5913.01
26071-675-M6-068-00034 0.9962475895881653 2494.00 5108.45 2541.34 5107.36 2543.46 5199.77 2496.13 5200.86
26071-675-M6-068-00034 0.9949954748153687 3244.77 5108.56 3291.78 5107.85 3293.19 5201.13 3246.18 5201.84
26071-675-M6-068-00034 0.9945709109306335 3484.86 6113.58 3532.57 6112.77 3534.13 6204.36 3486.42 6205.18
26071-675-M6-068-00034 0.9921510219573975 2734.60 6114.38 2782.26 6113.50 2783.98 6206.11 2736.32 6206.99
26071-675-M6-068-00034 0.15095792710781097 3454.87 1317.49 3502.71 1318.09 3501.58 1408.28 3453.75 1407.68
26071-675-M6-068-00034 0.13297636806964874 3998.25 1312.95 4046.05 1315.93 4040.36 1407.26 3992.56 1404.28
26071-675-M6-068-00034 0.08837419003248215 3148.94 3348.90 3194.23 3343.71 3202.79 3418.33 3157.49 3423.52
26071-675-M6-068-00034 0.07479123771190643 2489.55 2851.37 2582.23 2850.97 2582.43 2898.62 2489.76 2899.02
26071-675-M6-068-00034 0.07108108699321747 3238.71 2854.71 3330.40 2850.27 3332.66 2896.93 3240.97 2901.37
26071-675-M6-068-00034 0.06475558131933212 2855.57 2983.31 2902.61 2983.26 2902.70 3074.81 2855.67 3074.86
26071-675-M6-068-00034 0.05801224708557129 2855.22 2723.54 2903.25 2723.80 2902.75 2814.70 2854.72 2814.44
26071-675-M6-068-00034 0.056122999638319016 4052.40 670.13 4198.71 672.90 4195.82 825.58 4049.51 822.82
26071-675-M6-068-00034 0.05220494419336319 6389.71 2222.92 6480.11 2222.00 6480.59 2269.27 6390.19 2270.19
26071-450-M6-082-00031 0.9947408437728882 4206.03 2337.83 4298.28 2337.71 4298.35 2385.22 4206.09 2385.34
26071-450-M6-082-00031 0.9946011304855347 2218.57 1918.57 2266.45 1916.88 2269.72 2009.60 2221.84 2011.29
26071-450-M6-082-00031 0.9918438792228699 3260.75 4925.57 3308.06 4926.73 3305.82 5018.46 3258.51 5017.30
26071-450-M6-082-00031 0.07718050479888916 4484.14 2101.33 4579.79 2102.60 4579.18 2148.67 4483.53 2147.40
26071-450-M6-082-00031 0.07050658017396927 3014.19 4926.13 3062.94 4920.66 3073.62 5015.84 3024.87 5021.30
26071-450-M6-082-00031 0.06255844980478287 5059.47 2253.67 5213.99 2230.97 5235.19 2375.32 5080.68 2398.02
26071-450-M6-082-00031 0.05254422500729561 5301.79 4068.66 5448.31 4074.31 5442.70 4219.66 5296.19 4214.01
26071-450-M6-082-00031 0.05120989680290222 4206.45 2097.74 4300.25 2099.91 4299.12 2148.44 4205.33 2146.28
26071-450-M6-082-00031 0.05035196617245674 2135.35 2001.21 2266.81 1997.84 2267.66 2030.66 2136.19 2034.03
26071-200-M6-062-00276 0.9968242645263672 1984.63 2858.54 2076.67 2857.44 2077.24 2905.08 1985.20 2906.18
26071-200-M6-062-00276 0.9953629970550537 1655.08 3920.56 1747.56 3920.76 1747.45 3968.42 1654.98 3968.22
26071-200-M6-062-00276 0.9947289824485779 1015.68 3566.30 1108.36 3565.77 1108.63 3613.39 1015.96 3613.92
26071-200-M6-062-00276 0.9944835305213928 3638.33 2421.69 3686.20 2423.26 3683.18 2515.50 3635.31 2513.94
26071-200-M6-062-00276 0.9913779497146606 1548.50 2384.29 1640.32 2385.78 1639.55 2433.20 1547.73 2431.71
26071-200-M6-062-00276 0.13350605964660645 1960.86 2770.15 1992.44 2769.36 1995.93 2907.98 1964.35 2908.77
26071-200-M6-062-00276 0.07094897329807281 6393.17 2976.25 6482.96 2975.44 6483.38 3022.32 6393.59 3023.13
26071-200-M6-062-00276 0.06703045964241028 2516.74 4628.87 2609.54 4630.54 2608.69 4677.87 2515.89 4676.20
26071-200-M6-062-00276 0.0665479451417923 1544.33 2860.04 1636.73 2856.22 1638.70 2903.86 1546.30 2907.68
26071-200-M6-062-00276 0.05553407594561577 1399.95 1902.65 1546.18 1898.71 1550.24 2049.41 1404.01 2053.35
26071-200-M6-062-00276 0.052858106791973114 1607.21 3209.15 1700.41 3214.48 1697.74 3261.02 1604.55 3255.69
26071-500-M6-059-00011 0.9959946870803833 7308.61 3129.30 7356.16 3127.85 7358.99 3220.11 7311.43 3221.56
26071-500-M6-059-00011 0.16873513162136078 7224.77 3208.74 7357.45 3212.63 7356.48 3245.70 7223.80 3241.80
26071-500-M6-059-00011 0.12448065727949142 7356.81 3149.85 7387.50 3150.92 7385.81 3199.55 7355.12 3198.48
26071-500-M6-059-00011 0.07738211750984192 7064.78 2856.00 7157.07 2860.23 7154.88 2907.93 7062.59 2903.69
26071-500-M6-059-00011 0.07390456646680832 4650.84 2172.83 4699.29 2170.98 4702.86 2264.77 4654.41 2266.62
26071-500-M6-059-00011 0.06420934200286865 4651.70 1962.81 4699.71 1961.02 4703.13 2052.59 4655.12 2054.39
26071-500-M6-059-00011 0.0595882423222065 5011.56 1837.02 5161.19 1831.85 5166.42 1983.11 5016.79 1988.28
26071-500-M6-059-00011 0.05600949749350548 6532.60 2562.06 6624.99 2562.06 6624.99 2609.79 6532.60 2609.79
26071-500-M6-059-00011 0.05452004820108414 6074.28 2432.73 6223.92 2424.33 6232.25 2572.91 6082.62 2581.30
26071-600-M6-065-00021 0.9970801472663879 2314.55 4040.11 2406.69 4037.49 2408.03 4084.70 2315.89 4087.32
26071-600-M6-065-00021 0.9968194961547852 6450.48 4157.24 6541.13 4154.92 6542.33 4202.16 6451.69 4204.47
26071-600-M6-065-00021 0.996762752532959 5172.07 1650.78 5219.30 1650.96 5218.93 1745.55 5171.70 1745.37
26071-600-M6-065-00021 0.9960384368896484 3282.56 5066.88 3330.00 5066.54 3330.65 5159.58 3283.22 5159.91
26071-600-M6-065-00021 0.995789110660553 6406.27 3212.26 6498.07 3212.21 6498.09 3259.85 6406.30 3259.90
26071-600-M6-065-00021 0.9954132437705994 2630.42 1003.63 2677.88 1001.46 2682.09 1093.19 2634.62 1095.36
26071-600-M6-065-00021 0.9951909780502319 6450.06 4393.89 6543.24 4393.03 6543.68 4440.11 6450.50 4440.97
26071-600-M6-065-00021 0.994733452796936 2316.70 4274.84 2408.55 4277.28 2407.29 4324.52 2315.44 4322.07
26071-600-M6-065-00021 0.99444180727005 5506.38 2089.69 5599.18 2090.45 5598.79 2138.26 5505.99 2137.50
26071-600-M6-065-00021 0.9929619431495667 5030.09 5067.64 5077.55 5067.43 5077.94 5159.52 5030.48 5159.72
26071-600-M6-065-00021 0.9881234765052795 2101.40 2213.16 2149.11 2213.06 2149.32 2305.48 2101.60 2305.59
26071-600-M6-065-00021 0.9812658429145813 2351.78 1757.22 2443.65 1759.59 2442.41 1807.61 2350.54 1805.23
26071-600-M6-065-00021 0.22715455293655396 4587.33 1638.75 4704.22 1634.82 4705.33 1667.80 4588.44 1671.73
26071-600-M6-065-00021 0.11660447716712952 4913.29 1853.45 5006.63 1855.85 5005.43 1902.71 4912.08 1900.32
26071-600-M6-065-00021 0.081036277115345 5090.79 1730.47 5225.12 1736.60 5223.60 1769.94 5089.27 1763.81
26071-600-M6-065-00021 0.07750539481639862 4521.52 1313.47 4671.92 1318.50 4666.85 1470.21 4516.45 1465.18
26071-600-M6-065-00021 0.07686462253332138 3163.30 4616.43 3210.56 4616.68 3210.07 4709.56 3162.81 4709.31
26071-600-M6-065-00021 0.07259178161621094 3884.92 5515.55 3931.92 5515.61 3931.80 5609.44 3884.80 5609.37
26071-600-M6-065-00021 0.07038001716136932 6470.30 4204.32 6522.59 4205.94 6521.11 4253.79 6468.82 4252.17
26071-600-M6-065-00021 0.06436565518379211 2587.53 4038.59 2679.54 4037.84 2679.92 4084.90 2587.92 4085.66
26071-600-M6-065-00021 0.05948466807603836 2845.66 5520.67 2892.55 5519.67 2894.49 5610.66 2847.60 5611.66
26071-600-M6-065-00021 0.05920432135462761 2045.10 4039.75 2136.05 4037.25 2137.36 4084.63 2046.40 4087.13
26071-600-M6-065-00021 0.058507535606622696 2978.79 2905.99 3068.44 2905.00 3068.96 2952.14 2979.32 2953.14
26071-600-M6-065-00021 0.05572660639882088 5082.34 4939.67 5171.54 4933.82 5174.59 4980.36 5085.39 4986.20
26071-600-M6-065-00021 0.0542202927172184 2333.41 4086.57 2388.63 4085.69 2389.38 4133.23 2334.16 4134.11
26071-600-M6-065-00021 0.05406893789768219 2786.53 1501.64 2878.53 1498.54 2880.14 1546.33 2788.14 1549.42
26071-600-M6-065-00021 0.05310786888003349 3587.85 3332.45 3683.80 3329.84 3685.04 3375.43 3589.09 3378.04
26071-600-M6-065-00021 0.05174364149570465 2382.33 1789.81 2413.74 1788.98 2415.06 1839.01 2383.65 1839.84
26071-600-M6-065-00021 0.051575493067502975 2099.79 2120.43 2147.04 2118.57 2150.55 2207.60 2103.30 2209.47
26071-600-M6-065-00021 0.05022783577442169 2347.89 1712.47 2464.86 1709.69 2466.02 1758.22 2349.04 1761.00
26071-500-M6-059-00013 0.056988853961229324 5838.85 1829.45 5986.73 1822.51 5993.76 1972.37 5845.88 1979.31
26071-500-M6-059-00013 0.05127515643835068 346.29 6405.13 883.36 6382.58 885.95 6444.42 348.88 6466.97
26071-500-M6-059-00044 0.9925608038902283 7039.58 952.31 7086.42 953.18 7084.68 1047.93 7037.83 1047.06
26071-500-M6-059-00044 0.9903746247291565 4773.00 2006.96 4865.52 2008.75 4864.61 2056.00 4772.08 2054.20
26071-500-M6-059-00044 0.1939392387866974 6955.48 1038.76 7085.16 1037.31 7085.53 1070.25 6955.85 1071.71
26071-500-M6-059-00044 0.1375845968723297 5528.49 1298.47 5620.12 1296.68 5621.11 1347.12 5529.47 1348.91
26071-500-M6-059-00044 0.10054043680429459 4803.69 2043.33 4834.23 2041.66 4836.76 2087.70 4806.22 2089.38
26071-500-M6-059-00044 0.06913582235574722 1923.60 2007.77 2016.89 2006.22 2017.68 2053.58 1924.39 2055.13
26071-500-M6-059-00044 0.06738518178462982 2125.84 2101.38 2172.19 2101.40 2172.15 2194.49 2125.80 2194.47
26071-500-M6-059-00044 0.057718344032764435 1217.60 3379.70 1364.01 3386.23 1357.41 3534.22 1210.99 3527.68
26071-500-M6-059-00044 0.05617989972233772 7310.10 5514.50 7405.34 5516.47 7404.35 5564.18 7309.11 5562.21
26071-500-M6-059-00044 0.05392618849873543 7015.90 5622.46 7099.28 5573.91 7123.39 5615.32 7040.00 5663.87
26071-200-M6-052-00093 0.9946734309196472 2656.65 4747.93 2749.80 4747.10 2750.23 4794.57 2657.07 4795.40
26071-200-M6-052-00093 0.9942272901535034 5170.40 5565.59 5217.73 5563.64 5221.55 5656.48 5174.22 5658.43
26071-200-M6-052-00093 0.9921820163726807 4938.05 5324.41 4985.61 5325.92 4982.65 5418.87 4935.09 5417.36
26071-200-M6-052-00093 0.9859616160392761 2658.11 2385.13 2750.27 2384.76 2750.46 2432.68 2658.30 2433.05
26071-200-M6-052-00093 0.33816349506378174 6885.87 3568.53 6975.89 3563.35 6978.59 3610.45 6888.57 3615.62
26071-200-M6-052-00093 0.18611247837543488 5408.35 3796.11 5457.20 3794.86 5459.57 3887.50 5410.72 3888.75
26071-200-M6-052-00093 0.1557019203901291 2107.04 2346.96 2154.86 2353.17 2143.02 2444.34 2095.20 2438.13
26071-200-M6-052-00093 0.13982902467250824 5124.24 5582.49 5172.00 5582.15 5172.36 5633.41 5124.60 5633.75
26071-200-M6-052-00093 0.10474734008312225 2103.84 2850.73 2150.31 2850.51 2150.73 2941.69 2104.26 2941.90
26071-200-M6-052-00093 0.08673582226037979 4961.95 2856.85 5054.41 2860.34 5052.63 2907.36 4960.17 2903.87
26071-200-M6-052-00093 0.08181609958410263 5514.29 2160.23 5606.51 2161.68 5605.77 2208.83 5513.55 2207.38
26071-200-M6-052-00093 0.07396342605352402 5277.14 6017.37 5424.60 6019.11 5422.81 6170.81 5275.35 6169.07
26071-200-M6-052-00093 0.07053383439779282 4747.49 2857.58 4841.16 2858.46 4840.72 2905.40 4747.05 2904.52
26071-200-M6-052-00093 0.06658973544836044 5178.09 5515.35 5225.16 5524.55 5216.07 5571.02 5169.01 5561.82
26071-200-M6-052-00093 0.06561755388975143 4908.83 5351.40 4938.29 5350.62 4939.51 5397.16 4910.04 5397.93
26071-200-M6-052-00093 0.06534454971551895 4886.62 1470.08 5035.19 1471.44 5033.81 1622.18 4885.24 1620.82
26071-200-M6-052-00093 0.056876566261053085 6990.14 3359.18 7138.68 3363.67 7134.12 3514.52 6985.57 3510.02
26071-200-M6-052-00093 0.05138556659221649 5174.28 5650.15 5222.80 5655.75 5217.31 5703.32 5168.79 5697.72
26071-200-M6-052-00002 0.9986760020256042 5503.69 5455.85 5596.00 5455.54 5596.16 5502.98 5503.85 5503.29
26071-200-M6-052-00002 0.997718095779419 6851.45 1367.74 6945.07 1370.19 6943.85 1417.03 6850.22 1414.57
26071-200-M6-052-00002 0.9951137900352478 6611.93 1607.02 6705.34 1606.66 6705.52 1653.90 6612.11 1654.26
26071-200-M6-052-00002 0.9948943853378296 1960.08 6046.66 2054.16 6047.50 2053.74 6094.17 1959.66 6093.33
26071-200-M6-052-00002 0.9919284582138062 5729.43 5657.80 5821.44 5657.08 5821.81 5704.35 5729.80 5705.08
26071-200-M6-052-00002 0.1849878430366516 7061.33 6144.21 7109.27 6144.73 7108.29 6236.83 7060.35 6236.32
26071-200-M6-052-00002 0.09254755824804306 5523.46 5500.37 5578.35 5500.76 5578.01 5547.59 5523.13 5547.20
26071-200-M6-052-00002 0.08995771408081055 6423.10 1370.94 6514.64 1368.72 6515.80 1416.67 6424.26 1418.88
26071-200-M6-052-00002 0.08618373423814774 3167.79 5787.67 3215.97 5792.13 3207.58 5882.86 3159.40 5878.40
26071-200-M6-052-00002 0.07704119384288788 6946.67 1365.96 6993.03 1375.11 6983.95 1421.09 6937.59 1411.94
26071-200-M6-052-00002 0.06576590240001678 6870.81 1413.99 6922.94 1415.97 6921.14 1463.36 6869.01 1461.38
26071-200-M6-052-00002 0.0580713152885437 5328.03 5258.95 5477.31 5253.82 5482.50 5404.80 5333.22 5409.94
26071-200-M6-052-00002 0.05296429619193077 6705.43 1152.05 6856.02 1145.28 6862.80 1296.26 6712.21 1303.02
26071-675-M6-068-10002 0.05787266790866852 695.30 5670.62 787.80 5672.65 786.76 5720.21 694.26 5718.19
26071-750-M6-085-00012 0.9964904189109802 7238.91 2185.97 7286.32 2185.33 7287.57 2278.97 7240.16 2279.61
26071-750-M6-085-00012 0.9956598877906799 5053.38 2187.55 5100.75 2185.80 5104.14 2277.66 5056.77 2279.41
26071-750-M6-085-00012 0.994716227054596 3164.64 2365.25 3212.09 2365.43 3211.73 2458.49 3164.28 2458.30
26071-750-M6-085-00012 0.9946734309196472 1076.77 3340.97 1168.26 3341.99 1167.73 3389.62 1076.24 3388.60
26071-750-M6-085-00012 0.9927788376808167 1569.65 4461.01 1617.26 4461.58 1616.15 4554.20 1568.54 4553.63
26071-750-M6-085-00012 0.992074728012085 6059.14 2215.91 6106.24 2216.83 6104.43 2309.37 6057.33 2308.45
26071-750-M6-085-00012 0.9918688535690308 922.46 4460.20 968.13 4460.72 967.09 4552.57 921.42 4552.06
26071-750-M6-085-00012 0.9915207028388977 7118.08 1347.41 7165.39 1343.76 7172.49 1435.96 7125.18 1439.60
26071-750-M6-085-00012 0.9902944564819336 3873.48 2215.77 3920.83 2216.34 3919.73 2308.13 3872.38 2307.56
26071-750-M6-085-00012 0.2769749164581299 7038.61 1425.06 7171.36 1428.63 7170.47 1461.83 7037.72 1458.26
26071-750-M6-085-00012 0.228655606508255 3163.52 2209.51 3211.19 2210.40 3209.52 2299.71 3161.85 2298.82
26071-750-M6-085-00012 0.18876716494560242 1489.61 4432.32 1619.79 4441.86 1617.43 4474.07 1487.25 4464.53
26071-750-M6-085-00012 0.1689218133687973 848.04 4429.10 976.57 4446.96 971.96 4480.16 843.43 4462.30
26071-750-M6-085-00012 0.1610075980424881 7025.45 1504.58 7146.46 1509.29 7145.19 1541.98 7024.18 1537.27
26071-750-M6-085-00012 0.15364833176136017 1228.68 3585.02 1261.70 3587.45 1252.88 3707.42 1219.86 3704.99
26071-750-M6-085-00012 0.14987672865390778 7612.87 1539.50 7719.35 1542.88 7718.32 1575.55 7611.83 1572.18
26071-750-M6-085-00012 0.14023035764694214 3166.46 2847.63 3213.59 2849.83 3209.22 2943.24 3162.09 2941.03
26071-750-M6-085-00012 0.1379278153181076 5984.42 2185.72 6114.18 2204.12 6109.54 2236.83 5979.78 2218.43
26071-750-M6-085-00012 0.13058249652385712 7611.35 1327.26 7722.09 1330.60 7721.10 1363.46 7610.36 1360.12
26071-750-M6-085-00012 0.13036644458770752 5082.67 2594.95 5196.38 2594.62 5196.48 2628.19 5082.76 2628.51
26071-750-M6-085-00012 0.12819181382656097 6696.25 2856.26 6791.88 2855.87 6792.07 2903.42 6696.45 2903.81
26071-750-M6-085-00012 0.11338489502668381 3188.27 2763.62 3308.67 2781.38 3303.86 2814.00 3183.46 2796.23
26071-750-M6-085-00012 0.1012255847454071 1568.62 4101.79 1616.15 4100.23 1619.22 4193.50 1571.69 4195.06
26071-750-M6-085-00012 0.09999570995569229 4524.50 2859.20 4618.48 2856.59 4619.79 2903.78 4525.81 2906.40
26071-750-M6-085-00012 0.09035735577344894 3794.96 2187.92 3922.91 2200.08 3919.79 2232.97 3791.84 2220.81
26071-750-M6-085-00012 0.07691856473684311 5337.65 2859.61 5429.16 2856.41 5430.82 2903.98 5339.32 2907.18
26071-750-M6-085-00012 0.0673559308052063 7266.08 2582.76 7382.54 2602.71 7377.19 2633.98 7260.72 2614.02
26071-750-M6-085-00012 0.06472966820001602 916.44 4102.72 964.15 4098.90 971.47 4190.29 923.75 4194.11
26071-750-M6-085-00012 0.05947527661919594 7641.20 2860.13 7732.86 2856.70 7734.63 2904.16 7642.97 2907.59
26071-750-M6-085-00012 0.057844437658786774 3873.26 1701.72 3920.90 1701.41 3921.50 1794.14 3873.87 1794.45
26071-750-M6-085-00012 0.05554025247693062 1192.47 2472.71 1281.32 2472.01 1281.62 2510.93 1192.78 2511.62
26071-750-M6-085-00012 0.055283501744270325 3056.00 6419.33 3087.93 6420.37 3084.05 6539.55 3052.11 6538.51
26071-750-M6-085-00012 0.05379379540681839 7760.98 972.72 7909.12 961.04 7920.83 1109.42 7772.68 1121.10
26071-600-M6-065-00259 0.9954981803894043 8007.65 4288.84 8055.11 4289.09 8054.62 4381.08 8007.16 4380.82
26071-600-M6-065-00259 0.9950090646743774 7649.99 4289.92 7697.18 4287.02 7702.73 4377.02 7655.54 4379.93
26071-600-M6-065-00259 0.9943355917930603 1038.16 3036.23 1085.73 3036.19 1085.81 3127.96 1038.24 3128.00
26071-600-M6-065-00259 0.9916572570800781 681.78 3037.80 729.08 3035.09 734.34 3126.95 687.05 3129.66
26071-200-M6-052-00544 0.9966387748718262 1332.95 4724.55 1380.63 4724.52 1380.70 4816.61 1333.02 4816.65
26071-200-M6-052-00544 0.9958838820457458 1606.78 4215.21 1698.04 4216.09 1697.58 4263.80 1606.32 4262.92
26071-200-M6-052-00544 0.9956323504447937 1016.64 4038.45 1108.98 4038.92 1108.74 4086.72 1016.39 4086.25
26071-200-M6-052-00544 0.9938173890113831 4048.44 2479.91 4095.95 2477.84 4100.00 2570.51 4052.49 2572.58
26071-200-M6-052-00544 0.9874309301376343 2080.22 3329.27 2173.09 3331.41 2172.00 3379.04 2079.13 3376.91
26071-200-M6-052-00544 0.08141221106052399 6625.67 2858.81 6719.22 2858.86 6719.19 2906.52 6625.65 2906.47
26071-200-M6-052-00544 0.06692669540643692 2986.99 4051.30 3032.58 4049.95 3035.38 4144.36 2989.78 4145.71
26071-200-M6-052-00544 0.0564381442964077 1291.97 4755.96 1319.84 4735.79 1354.36 4783.50 1326.49 4803.67
26071-600-M6-066-00003 0.051847927272319794 2423.59 5297.88 2574.25 5302.63 2569.53 5452.16 2418.87 5447.41
26071-750-M6-085-00309 0.06606704741716385 6366.47 3875.19 6518.71 3869.76 6524.23 4024.49 6371.98 4029.92
26071-750-M6-085-00309 0.06100456416606903 7015.31 1918.01 7171.93 1926.84 7163.40 2078.12 7006.78 2069.28
