26071-200-M6-052-00001 0.09768775850534439 5804.11 2477.25 6078.31 2480.40 6077.16 2580.28 5802.96 2577.12
26071-200-M6-052-00001 0.06673812866210938 2264.86 5782.94 2381.00 5777.69 2388.16 5936.28 2272.02 5941.52
26071-500-M6-059-00017 0.05853108689188957 660.14 3485.28 823.29 3464.53 842.22 3613.38 679.07 3634.13
26071-500-M6-059-00017 0.05524834990501404 666.71 3192.83 819.79 3192.98 819.63 3347.57 666.55 3347.42
26071-600-M6-066-00012 0.05683291330933571 3673.17 3152.47 3826.74 3165.06 3813.93 3321.22 3660.36 3308.63
26071-600-M6-066-00012 0.05113931745290756 4673.93 4598.68 4735.87 4659.95 4674.84 4721.63 4612.91 4660.36
26071-500-M6-059-00248 0.06417053937911987 3724.53 3022.76 3811.75 3028.27 3803.15 3164.53 3715.93 3159.02
26071-700-M6-054-00246 0.06534808874130249 3960.73 1762.01 4051.19 1772.01 4040.15 1871.99 3949.68 1861.99
26071-500-M6-059-00040 0.6444749236106873 6832.41 2152.98 6940.99 2149.24 6946.60 2311.70 6838.01 2315.45
26071-500-M6-059-00040 0.6234259605407715 2075.86 1680.88 2182.22 1680.92 2182.15 1841.59 2075.79 1841.54
26071-500-M6-059-00040 0.08336083590984344 2812.58 3965.91 2900.30 3969.54 2894.23 4116.31 2806.51 4112.69
26071-500-M6-059-00040 0.055198781192302704 3678.71 2331.37 3826.66 2328.56 3829.51 2479.10 3681.57 2481.91
26071-500-M6-059-00040 0.05090213939547539 4112.66 3968.98 4198.58 3968.79 4198.90 4110.81 4112.98 4111.00
26071-500-M6-059-00040 0.050644874572753906 4182.80 2084.07 4268.63 2073.70 4285.03 2209.55 4199.20 2219.92
26071-750-M6-085-00286 0.056222159415483475 3884.28 2566.35 4037.18 2571.79 4031.91 2719.84 3879.01 2714.39
26071-550-M6-084-00248 0.05636169761419296 2795.76 4989.88 2873.09 4990.87 2871.37 5125.21 2794.05 5124.22
26071-203-M6-332-00008 0.08563405275344849 1876.84 4549.60 2026.62 4552.23 2023.96 4703.77 1874.17 4701.14
26071-203-M6-321-00604 0.06813739985227585 7625.29 501.11 7803.23 484.00 7816.07 617.51 7638.13 634.61
26071-300-M6-053-00309 0.14291629195213318 5504.53 4678.46 5599.97 4676.48 5603.36 4839.59 5507.92 4841.57
26071-300-M6-053-00309 0.10376570373773575 5447.52 5783.16 5591.32 5728.17 5648.43 5877.54 5504.63 5932.52
26071-300-M6-053-00309 0.10362307727336884 4320.09 2087.89 4412.41 2085.98 4413.93 2159.73 4321.61 2161.64
26071-300-M6-053-00309 0.10133280605077744 3608.68 3783.32 3679.75 3782.97 3680.24 3882.51 3609.17 3882.86
26071-300-M6-053-00309 0.1011015921831131 3935.99 3774.87 4009.30 3783.28 3998.42 3878.03 3925.12 3869.61
26071-300-M6-053-00309 0.09685787558555603 6281.08 1657.34 6348.99 1642.82 6371.51 1748.10 6303.61 1762.63
26071-300-M6-053-00309 0.08575911819934845 5682.85 1652.74 5745.91 1654.93 5742.54 1752.27 5679.48 1750.08
26071-300-M6-053-00309 0.08271423727273941 5533.73 3970.87 5621.36 3977.40 5611.45 4110.29 5523.82 4103.76
26071-300-M6-053-00309 0.08260941505432129 5870.25 2612.90 5943.74 2615.12 5939.17 2766.48 5865.68 2764.26
26071-300-M6-053-00309 0.06363949924707413 5612.76 2494.13 5683.96 2463.50 5717.08 2540.47 5645.88 2571.10
26071-450-M6-082-00009 0.17344620823860168 5735.10 4866.87 5812.71 4866.09 5814.17 5010.64 5736.56 5011.42
26071-450-M6-082-00009 0.1041794940829277 2641.18 1876.91 2794.02 1879.77 2791.19 2031.06 2638.35 2028.19
26071-450-M6-082-00009 0.1028357669711113 5240.75 1573.24 5392.70 1577.50 5388.40 1730.98 5236.45 1726.72
26071-450-M6-082-00009 0.10077165067195892 2045.59 3673.10 2192.80 3692.51 2172.82 3844.00 2025.61 3824.59
26071-450-M6-082-00009 0.09749072045087814 4890.40 5750.51 5037.12 5759.00 5028.31 5911.22 4881.60 5902.73
26071-450-M6-082-00009 0.09341791272163391 2759.79 4771.43 2904.45 4774.07 2901.54 4933.25 2756.88 4930.60
26071-450-M6-082-00009 0.08249309659004211 6304.96 4455.55 6454.80 4474.68 6435.72 4624.15 6285.88 4605.02
26071-450-M6-082-00009 0.07783060520887375 4928.19 6171.98 5006.22 6170.56 5008.67 6305.92 4930.64 6307.34
26071-450-M6-082-00009 0.07594503462314606 1750.32 3925.44 1895.06 3921.96 1898.66 4072.04 1753.92 4075.51
26071-450-M6-082-00009 0.06422971934080124 3406.32 3613.38 3493.70 3619.63 3483.77 3758.43 3396.40 3752.18
26071-450-M6-082-00009 0.06313551962375641 3400.85 1192.26 3478.52 1187.26 3487.96 1333.95 3410.29 1338.94
26071-450-M6-082-00009 0.05571120232343674 1236.29 6095.21 1370.53 6109.53 1355.95 6246.18 1221.71 6231.86
26071-450-M6-082-00009 0.05356359854340553 4300.99 4676.89 4453.27 4688.66 4441.31 4843.40 4289.03 4831.64
26071-750-M6-085-00007 0.15836359560489655 6696.07 6171.25 6775.70 6173.56 6771.75 6309.91 6692.12 6307.60
26071-750-M6-085-00007 0.10749419778585434 6362.28 4162.04 6509.15 4168.00 6502.85 4323.46 6355.98 4317.51
26071-750-M6-085-00007 0.08543069660663605 2799.63 1386.92 2876.84 1390.20 2871.18 1523.41 2793.97 1520.13
26071-750-M6-085-00007 0.08108843863010406 1250.70 2793.62 1537.56 2801.48 1536.26 2848.92 1249.40 2841.06
26071-750-M6-085-00007 0.07586466521024704 1785.65 2792.50 2061.19 2803.58 2059.28 2850.99 1783.74 2839.91
26071-750-M6-085-00007 0.07393508404493332 3379.67 2792.52 3658.01 2803.25 3656.16 2851.10 3377.83 2840.37
26071-750-M6-085-00007 0.07315577566623688 2850.38 2793.59 3128.40 2801.17 3127.12 2848.29 2849.10 2840.71
26071-750-M6-085-00007 0.05993771180510521 5879.02 2076.29 5967.83 2076.90 5966.88 2214.53 5878.07 2213.92
26071-750-M6-085-00007 0.05264466255903244 6414.94 2550.65 6499.36 2553.57 6494.49 2694.31 6410.07 2691.39
26071-203-M6-337-00031 0.0971841886639595 5356.69 687.05 5480.60 614.68 5599.39 818.07 5475.47 890.44
26071-203-M6-337-00031 0.06349442154169083 4872.58 435.10 5034.56 438.68 5031.29 586.93 4869.30 583.35
26071-203-M6-337-00031 0.05951136723160744 3378.76 994.44 3528.78 974.53 3548.44 1122.73 3398.42 1142.63
26071-203-M6-332-00001 0.17374800145626068 4271.84 3076.86 4395.81 3061.79 4416.78 3234.41 4292.81 3249.47
26071-203-M6-332-00001 0.0835592970252037 3037.36 3033.62 3166.05 2986.80 3232.72 3170.01 3104.03 3216.84
26071-203-M6-332-00001 0.08320973068475723 4877.42 2448.62 5027.83 2454.31 5022.07 2606.51 4871.67 2600.82
26071-203-M6-332-00001 0.08177195489406586 5138.20 3032.64 5267.18 2986.91 5332.40 3170.88 5203.42 3216.61
26071-203-M6-332-00001 0.07944445312023163 3864.99 3083.16 3997.68 3066.33 4019.50 3238.32 3886.81 3255.15
26071-203-M6-332-00001 0.07919203490018845 5965.61 3083.33 6098.24 3066.60 6119.87 3238.01 5987.24 3254.75
26071-203-M6-332-00001 0.07095068693161011 4444.62 2459.12 4611.98 2451.97 4619.08 2618.10 4451.72 2625.26
26071-203-M6-332-00001 0.06721988320350647 5461.97 3025.81 5618.84 3021.21 5624.67 3219.98 5467.79 3224.58
26071-203-M6-332-00001 0.06513399630784988 3363.90 3025.15 3520.93 3022.63 3524.12 3221.62 3367.09 3224.13
26071-203-M6-332-00001 0.06418973207473755 4775.70 3016.23 4927.80 3009.46 4936.87 3213.16 4784.76 3219.93
26071-203-M6-332-00001 0.06384214758872986 3594.64 2464.76 3754.82 2439.20 3781.40 2605.82 3621.23 2631.38
26071-203-M6-332-00001 0.060593411326408386 5263.65 2474.46 5428.22 2428.26 5475.81 2597.79 5311.24 2643.99
26071-203-M6-332-00001 0.05999719351530075 5691.19 2466.73 5848.95 2434.42 5883.70 2604.09 5725.94 2636.40
26071-203-M6-332-00001 0.05927044153213501 5995.75 2907.93 6228.20 3130.93 6156.39 3205.78 5923.94 2982.78
26071-203-M6-332-00001 0.05726021155714989 3891.55 2905.35 4129.07 3131.74 4057.90 3206.41 3820.38 2980.02
26071-203-M6-332-00001 0.056946855038404465 4024.95 2462.28 4168.09 2436.67 4198.72 2607.82 4055.57 2633.43
26071-200-M6-052-00150 0.09421514719724655 5028.25 3977.32 5184.62 3981.87 5180.24 4132.41 5023.87 4127.86
26071-200-M6-052-00150 0.09022442251443863 3562.69 2923.45 3792.97 2944.70 3767.74 3218.25 3537.45 3197.01
26071-200-M6-052-00150 0.05487649515271187 3974.76 1457.54 4122.76 1459.07 4121.17 1612.67 3973.17 1611.14
26071-200-M6-052-00150 0.0545954592525959 4861.52 5358.37 4997.08 5348.51 5007.56 5492.54 4872.00 5502.40
26071-200-M6-052-00150 0.05286452919244766 4465.32 1455.55 4584.52 1439.92 4603.77 1586.66 4484.57 1602.29
26071-200-M6-052-00003 0.0763702243566513 3479.56 1885.64 3600.76 1881.07 3606.67 2037.99 3485.48 2042.56
26071-200-M6-052-00003 0.07555777579545975 6106.04 1205.75 6185.04 1211.28 6175.60 1346.22 6096.60 1340.69
26071-200-M6-052-00003 0.07129965722560883 1568.11 2080.07 1720.03 2073.50 1726.72 2228.15 1574.80 2234.72
26071-200-M6-052-00003 0.06782586872577667 5131.60 5489.37 5273.79 5508.91 5254.94 5646.10 5112.75 5626.56
26071-200-M6-052-00003 0.05800884962081909 6247.45 4155.12 6350.90 4129.98 6387.40 4280.21 6283.95 4305.34
26071-200-M6-052-00003 0.05253790691494942 2790.75 4558.02 2916.54 4548.39 2922.95 4632.21 2797.17 4641.84
26071-200-M6-052-00003 0.05129032954573631 5855.95 3116.76 5900.26 3113.22 5907.68 3205.98 5863.37 3209.52
26071-700-M6-054-00036 0.12695851922035217 4622.08 5255.68 4694.57 5263.10 4684.81 5358.51 4612.31 5351.09
26071-700-M6-054-00036 0.12624157965183258 4373.43 4473.27 4464.41 4475.27 4461.93 4588.30 4370.95 4586.31
26071-700-M6-054-00036 0.06470298767089844 6105.31 5416.50 6180.16 5416.21 6180.67 5550.72 6105.83 5551.00
26071-600-M6-065-00231 0.653810441493988 6704.43 1926.36 6810.84 1918.63 6822.47 2078.73 6716.06 2086.46
26071-600-M6-065-00231 0.6443526744842529 6699.45 1447.39 6806.23 1436.63 6822.58 1598.96 6715.81 1609.72
26071-600-M6-065-00231 0.057936057448387146 7145.77 3950.11 7291.62 3879.31 7360.32 4020.86 7214.47 4091.66
26071-600-M6-065-00231 0.056532517075538635 7102.94 3492.90 7401.57 3500.64 7400.34 3548.15 7101.71 3540.42
26071-600-M6-065-00231 0.05448852479457855 6567.36 3489.79 6864.56 3502.18 6862.60 3549.24 6565.40 3536.86
26071-500-M6-059-00071 0.09563591331243515 5518.56 3853.67 5595.78 3853.02 5596.98 3995.79 5519.76 3996.44
26071-500-M6-059-00071 0.08464805781841278 3929.60 2046.47 4008.66 2034.50 4028.98 2168.75 3949.93 2180.72
26071-500-M6-059-00071 0.07102341204881668 1226.09 5170.71 1368.37 5196.16 1340.88 5349.84 1198.60 5324.39
26071-500-M6-059-00071 0.06441511958837509 6567.03 2465.05 6703.20 2482.97 6682.66 2639.02 6546.50 2621.10
26071-500-M6-059-00071 0.0563705749809742 2683.10 4055.25 2838.14 4071.01 2822.05 4229.35 2667.01 4213.59
26071-500-M6-059-00071 0.05621001869440079 3462.32 3264.82 3544.87 3266.68 3541.89 3399.14 3459.34 3397.29
26071-203-M6-320-00008 0.060940876603126526 4889.33 3385.41 5028.87 3399.63 5013.66 3548.93 4874.12 3534.71
26071-203-M6-320-00008 0.05535946786403656 3417.22 5252.23 3510.67 5251.53 3511.02 5298.76 3417.57 5299.46
26071-203-M6-320-00008 0.05134275555610657 4596.38 1059.58 4673.79 1059.69 4673.59 1193.11 4596.18 1192.99
26071-203-M6-320-00008 0.05055776983499527 2441.39 4182.42 2624.39 4166.90 2642.57 4381.40 2459.57 4396.91
26071-500-M6-059-00116 0.07055268436670303 5101.78 1323.03 5179.31 1323.83 5178.40 1412.00 5100.87 1411.19
26071-203-M6-337-00007 0.0800439640879631 2788.13 3693.09 2918.47 3689.44 2922.91 3847.90 2792.56 3851.55
26071-203-M6-337-00007 0.0612417571246624 3228.73 2639.29 3302.62 2641.75 3296.64 2821.00 3222.75 2818.53
26071-203-M6-337-00007 0.055668700486421585 3228.92 5339.93 3302.61 5341.98 3297.65 5520.46 3223.96 5518.41
26071-203-M6-337-00007 0.05155026912689209 5229.56 5630.11 5304.96 5631.56 5301.44 5814.11 5226.04 5812.65
26071-200-M6-052-00090 0.08930715918540955 5213.02 4367.71 5290.42 4367.66 5290.47 4464.59 5213.07 4464.64
26071-200-M6-052-00090 0.08414151519536972 4605.50 4692.78 4683.22 4693.46 4682.05 4828.36 4604.33 4827.69
26071-200-M6-052-00090 0.08091070502996445 3609.51 3413.48 3711.63 3418.61 3705.16 3547.32 3603.04 3542.19
26071-200-M6-052-00090 0.06510471552610397 3542.07 1583.16 3659.78 1579.44 3664.82 1738.84 3547.11 1742.57
26071-200-M6-052-00090 0.05757007747888565 2201.79 4369.49 2274.43 4363.33 2282.16 4454.54 2209.53 4460.70
26071-600-M6-065-00037 0.17616602778434753 6021.88 2193.99 6156.52 2197.95 6154.29 2273.53 6019.66 2269.57
26071-600-M6-065-00037 0.08956380188465118 1238.14 2892.16 1314.78 2891.21 1316.43 3024.38 1239.79 3025.33
26071-600-M6-065-00037 0.0790235847234726 2997.14 3090.63 3079.01 3089.31 3080.77 3198.48 2998.90 3199.81
26071-600-M6-065-00037 0.07484784722328186 5675.42 3083.45 5761.05 3074.53 5772.99 3189.10 5687.35 3198.02
26071-600-M6-065-00037 0.07191108912229538 7437.70 2571.72 7512.94 2574.98 7507.26 2706.34 7432.01 2703.08
26071-600-M6-065-00037 0.056388381868600845 2588.83 2083.87 2717.56 2077.11 2721.38 2150.01 2592.66 2156.76
26071-600-M6-065-00037 0.051910530775785446 4541.55 6097.05 4681.83 6111.63 4667.82 6246.45 4527.53 6231.86
26071-300-M6-053-00010 0.0669659972190857 5191.41 2085.62 5340.09 2104.08 5320.74 2259.94 5172.06 2241.49
26071-300-M6-053-00010 0.06634930521249771 4919.12 4312.42 4999.67 4315.13 4996.96 4395.95 4916.41 4393.25
26071-300-M6-053-00010 0.05861083045601845 6113.21 2590.41 6403.55 2604.91 6398.62 2703.56 6108.28 2689.06
26071-300-M6-053-00010 0.05530712753534317 5192.04 1787.74 5341.14 1808.20 5319.61 1965.09 5170.51 1944.63
26071-300-M6-053-00010 0.053918760269880295 6928.40 1451.11 7003.40 1445.89 7013.49 1591.04 6938.48 1596.25
26071-203-M6-160-00291 0.09157220274209976 2762.48 6183.13 2908.32 6190.41 2900.49 6347.19 2754.66 6339.92
26071-203-M6-160-00291 0.06636831164360046 3010.16 2208.59 3242.21 2198.41 3248.83 2349.53 3016.79 2359.71
26071-203-M6-160-00291 0.05753087252378464 2770.05 5888.55 2922.31 5909.82 2901.30 6060.20 2749.04 6038.92
26071-203-M6-160-00291 0.05520357936620712 5245.93 6180.68 5397.68 6200.15 5377.83 6354.90 5226.07 6335.43
26071-203-M6-160-00291 0.051013749092817307 1770.59 2160.36 1844.96 2150.96 1862.18 2287.16 1787.81 2296.56
26071-600-M6-066-00002 0.06496920436620712 4215.41 3735.39 4287.80 3731.03 4293.54 3826.25 4221.14 3830.61
26071-203-M6-060-00006 0.08469513803720474 2164.97 5052.21 2314.90 5058.67 2308.68 5202.97 2158.75 5196.51
26071-203-M6-060-00006 0.08105313032865524 2173.97 4225.16 2325.85 4244.22 2306.50 4398.37 2154.62 4379.30
26071-203-M6-060-00006 0.07044494897127151 4179.42 5045.96 4333.67 5054.89 4324.93 5205.87 4170.67 5196.94
26071-203-M6-060-00006 0.06466127187013626 6865.04 4276.59 7133.11 4271.06 7134.13 4320.88 6866.07 4326.41
26071-203-M6-060-00006 0.061829712241888046 6431.25 4271.09 6711.12 4280.85 6709.49 4327.64 6429.62 4317.88
26071-203-M6-325-00013 0.08927788585424423 3405.14 4762.36 3498.08 4752.30 3515.10 4909.57 3422.16 4919.63
26071-203-M6-325-00013 0.08829314261674881 1557.98 3981.74 1674.06 3971.13 1689.14 4136.10 1573.05 4146.71
26071-203-M6-325-00013 0.08483918756246567 3405.47 3982.39 3545.04 4005.55 3520.45 4153.72 3380.88 4130.56
26071-300-M6-053-00012 0.15590476989746094 6115.26 1027.93 6192.09 1029.87 6188.40 1176.36 6111.57 1174.43
26071-300-M6-053-00012 0.08888345211744308 6106.87 654.46 6260.65 668.69 6246.46 822.16 6092.67 807.94
26071-300-M6-053-00012 0.07689090073108673 3898.52 5680.91 4081.56 5644.26 4125.99 5866.08 3942.95 5902.74
26071-300-M6-053-00012 0.07405216246843338 3676.46 6324.58 3819.49 6334.95 3807.96 6493.83 3664.93 6483.45
26071-300-M6-053-00012 0.06957951933145523 5492.18 4844.95 5613.43 4842.68 5616.62 5012.56 5495.36 5014.83
26071-300-M6-053-00012 0.05784124135971069 5821.46 5647.51 6009.77 5650.63 6006.08 5872.96 5817.77 5869.83
26071-300-M6-053-00012 0.05479161813855171 3661.36 5973.97 3811.35 5970.18 3815.26 6124.91 3665.27 6128.70
26071-675-M6-068-00034 0.11206401139497757 4757.39 5196.77 4904.56 5198.57 4902.71 5348.94 4755.55 5347.13
26071-675-M6-068-00034 0.0848366916179657 5839.65 1852.82 5991.91 1866.76 5977.85 2020.23 5825.60 2006.29
26071-675-M6-068-00034 0.07996654510498047 5876.11 2108.00 5952.10 2108.89 5950.50 2245.00 5874.51 2244.10
26071-450-M6-082-00031 0.16682176291942596 5374.79 4916.46 5511.88 4921.92 5508.74 5000.75 5371.65 4995.30
26071-450-M6-082-00031 0.161756232380867 4207.29 1990.46 4287.00 1986.97 4293.34 2131.75 4213.63 2135.24
26071-450-M6-082-00031 0.11275704205036163 3671.63 5176.40 3793.22 5173.87 3796.49 5331.33 3674.91 5333.85
26071-450-M6-082-00031 0.10253594070672989 2904.96 4935.58 3046.46 4933.22 3047.74 5009.95 2906.24 5012.31
26071-450-M6-082-00031 0.054287221282720566 5241.21 2299.59 5326.60 2307.41 5313.74 2447.74 5228.35 2439.92
26071-200-M6-062-00276 0.6249590516090393 1546.19 2037.45 1650.68 2034.09 1655.71 2190.45 1551.22 2193.81
26071-500-M6-059-00011 0.09579828381538391 2965.59 4569.47 3100.12 4577.94 3090.60 4728.91 2956.08 4720.44
26071-500-M6-059-00011 0.05025613307952881 6783.61 2785.54 6870.35 2794.57 6856.46 2928.07 6769.72 2919.04
26071-600-M6-065-00021 0.09208475053310394 2239.43 1462.56 2536.66 1493.88 2523.22 1621.44 2225.99 1590.13
26071-600-M6-065-00021 0.060585133731365204 2950.33 5397.78 3094.82 5350.07 3148.38 5512.28 3003.88 5559.99
26071-600-M6-065-00021 0.056154925376176834 3458.79 5356.77 3654.65 5353.96 3657.79 5573.31 3461.94 5576.11
26071-600-M6-065-00021 0.05509829521179199 5197.42 5356.12 5391.93 5355.27 5392.89 5574.75 5198.38 5575.60
26071-600-M6-065-00021 0.05133073776960373 3701.23 5562.94 3828.92 5575.63 3821.48 5650.53 3693.79 5637.84
26071-500-M6-059-00013 0.6531556844711304 5720.59 1918.72 5828.95 1910.68 5841.11 2074.41 5732.75 2082.45
26071-500-M6-059-00013 0.10064466297626495 2361.48 4644.29 2510.02 4649.13 2504.95 4804.57 2356.41 4799.73
26071-500-M6-059-00013 0.08062559366226196 5791.78 1897.31 5864.26 1877.62 5917.37 2073.09 5844.89 2092.79
26071-500-M6-059-00013 0.0681401789188385 2362.41 4928.72 2513.84 4935.67 2506.67 5092.00 2355.24 5085.06
26071-500-M6-059-00013 0.05058511346578598 2505.64 2858.38 2661.75 2872.89 2646.78 3033.87 2490.67 3019.36
26071-500-M6-059-00044 0.6624206900596619 5509.70 1192.52 5613.84 1187.76 5621.14 1347.52 5517.01 1352.29
26071-500-M6-059-00044 0.6602577567100525 4638.11 1187.76 4742.27 1184.00 4748.09 1345.08 4643.93 1348.84
26071-500-M6-059-00044 0.07936032861471176 3266.46 5060.60 3421.43 5030.46 3450.94 5182.17 3295.98 5212.32
26071-500-M6-059-00044 0.07080627232789993 1756.45 5333.11 1903.92 5336.61 1900.46 5482.58 1752.99 5479.09
26071-500-M6-059-00044 0.060838181525468826 3282.76 5332.59 3441.94 5343.31 3431.83 5493.45 3272.65 5482.73
26071-500-M6-059-00044 0.05934680253267288 6843.41 5067.06 6996.39 5026.41 7037.16 5179.81 6884.18 5220.46
26071-200-M6-052-00093 0.08488105237483978 1837.28 3411.43 1944.67 3415.41 1939.81 3546.46 1832.42 3542.48
26071-200-M6-052-00002 0.10796359181404114 6170.84 1896.81 6444.82 1888.74 6447.60 1983.18 6173.62 1991.25
26071-200-M6-052-00002 0.060050807893276215 5515.17 5341.01 5591.83 5342.95 5588.37 5480.00 5511.71 5478.06
26071-200-M6-052-00002 0.05194802209734917 1644.18 881.38 1722.63 888.08 1710.14 1034.21 1631.69 1027.50
26071-750-M6-085-00012 0.10598760843276978 6013.04 4274.61 6165.70 4283.98 6156.61 4432.08 6003.95 4422.71
26071-750-M6-085-00012 0.09330888837575912 4013.59 4569.64 4165.42 4577.50 4157.56 4729.38 4005.73 4721.52
26071-750-M6-085-00012 0.08695097267627716 4064.97 5748.82 4218.25 5764.68 4202.27 5919.05 4048.99 5903.19
26071-750-M6-085-00012 0.06895888596773148 7180.06 2916.64 7334.60 2925.37 7325.92 3079.03 7171.38 3070.30
26071-750-M6-085-00012 0.06032426282763481 5057.36 2917.87 5197.06 2918.34 5196.57 3061.50 5056.87 3061.03
26071-750-M6-085-00012 0.05886361747980118 1593.91 2037.61 1667.30 2023.69 1711.96 2259.13 1638.56 2273.05
26071-750-M6-085-00012 0.057855043560266495 7939.34 2410.11 8010.25 2410.88 8009.15 2511.36 7938.24 2510.58
26071-200-M6-052-00544 0.05234755203127861 5987.44 5360.93 6118.38 5406.42 6093.14 5479.06 5962.21 5433.57
26071-200-M6-052-00544 0.05026288330554962 1313.20 4248.55 1409.82 4246.80 1413.25 4435.49 1316.63 4437.25
26071-600-M6-066-00003 0.06359764188528061 2765.09 1333.78 2918.21 1344.52 2907.44 1497.86 2754.33 1487.11
26071-750-M6-085-00309 0.16442658007144928 2953.88 3617.02 3141.56 3628.57 3130.43 3809.38 2942.75 3797.83
26071-750-M6-085-00309 0.052875861525535583 6366.47 3875.19 6518.71 3869.76 6524.23 4024.49 6371.98 4029.92
