26071-200-M6-052-00001 0.08848574012517929 5797.26 2485.58 5932.30 2471.29 5942.67 2569.24 5807.63 2583.53
26071-200-M6-052-00001 0.054301753640174866 2259.40 5814.36 2323.06 5809.07 2330.47 5898.13 2266.81 5903.42
26071-500-M6-059-00017 0.06507261842489243 3880.61 4686.62 3968.18 4693.47 3959.45 4805.12 3871.88 4798.27
26071-500-M6-059-00017 0.05300049111247063 4025.35 3312.73 4084.59 3276.16 4138.44 3363.40 4079.21 3399.96
26071-500-M6-059-00017 0.05291227623820305 6026.13 3322.23 6080.92 3276.77 6144.85 3353.84 6090.06 3399.29
26071-500-M6-059-00017 0.052636709064245224 2019.25 3310.12 2080.68 3278.62 2127.15 3369.25 2065.71 3400.75
26071-600-M6-066-00012 0.14362052083015442 6262.69 4662.71 6330.99 4663.48 6329.96 4754.96 6261.66 4754.19
26071-600-M6-066-00012 0.0657503604888916 4673.93 4598.68 4735.87 4659.95 4674.84 4721.63 4612.91 4660.36
26071-500-M6-059-00040 0.13693886995315552 4193.51 5694.71 4289.54 5688.37 4294.73 5767.03 4198.70 5773.37
26071-500-M6-059-00040 0.08344963192939758 2531.95 1322.77 2593.56 1316.04 2607.58 1444.42 2545.97 1451.15
26071-203-M6-332-00008 0.132536381483078 6658.60 3637.58 6706.76 3636.70 6708.54 3735.23 6660.39 3736.10
26071-203-M6-332-00008 0.10322289168834686 4225.22 3637.87 4273.67 3636.14 4277.20 3734.87 4228.74 3736.60
26071-203-M6-332-00008 0.08158929646015167 4944.52 3549.63 5004.37 3546.89 5008.60 3639.03 4948.75 3641.77
26071-203-M6-332-00008 0.071353480219841 2550.16 3557.23 2607.91 3544.96 2626.47 3632.27 2568.72 3644.55
26071-203-M6-332-00008 0.06736525893211365 7381.15 3555.32 7439.37 3539.14 7465.73 3634.03 7407.51 3650.20
26071-203-M6-332-00008 0.06654143333435059 1813.34 3633.57 1872.19 3630.64 1877.29 3733.10 1818.44 3736.03
26071-203-M6-332-00008 0.05460445582866669 6316.37 3653.46 6402.25 3660.97 6396.39 3727.94 6310.51 3720.42
26071-203-M6-332-00008 0.05267859250307083 3898.17 3643.44 3992.10 3674.27 3967.52 3749.17 3873.59 3718.34
26071-200-M6-052-00080 0.09435123950242996 6057.74 5023.06 6127.17 5017.82 6133.95 5107.66 6064.51 5112.90
26071-200-M6-052-00080 0.07750766724348068 2638.52 5018.29 2701.83 5018.55 2701.43 5116.77 2638.11 5116.51
26071-200-M6-052-00080 0.050109267234802246 7104.69 5101.60 7134.61 5103.48 7128.89 5194.78 7098.97 5192.91
26071-300-M6-053-00309 0.13548554480075836 5618.39 2482.01 5696.45 2466.56 5712.78 2549.09 5634.73 2564.54
26071-300-M6-053-00309 0.13539192080497742 3910.56 3774.12 3988.19 3763.65 4002.70 3871.21 3925.07 3881.68
26071-300-M6-053-00309 0.0970243290066719 3608.06 3785.15 3680.58 3779.00 3688.46 3871.87 3615.93 3878.02
26071-300-M6-053-00309 0.07170890271663666 4308.57 2084.76 4385.84 2060.22 4416.89 2158.04 4339.62 2182.57
26071-300-M6-053-00309 0.0644286721944809 5488.08 4672.21 5633.60 4678.97 5624.80 4868.36 5479.28 4861.60
26071-300-M6-053-00309 0.055836353451013565 6291.21 1654.21 6364.20 1653.67 6364.88 1745.83 6291.89 1746.36
26071-300-M6-053-00309 0.05294937640428543 3453.46 3043.91 4252.73 3061.58 4248.48 3253.75 3449.21 3236.08
26071-450-M6-082-00009 0.07391446828842163 4973.38 6213.25 5069.77 6209.15 5072.00 6261.51 4975.61 6265.61
26071-750-M6-085-00007 0.10337822884321213 3372.36 2799.59 3658.40 2799.77 3658.37 2845.53 3372.33 2845.35
26071-750-M6-085-00007 0.10124219954013824 1777.56 2799.87 2065.51 2799.45 2065.57 2845.22 1777.62 2845.64
26071-750-M6-085-00007 0.09818368405103683 1255.47 2799.91 1537.09 2799.92 1537.09 2848.63 1255.47 2848.63
26071-750-M6-085-00007 0.09308179467916489 2839.07 2791.68 3131.57 2807.70 3128.90 2856.43 2836.40 2840.42
26071-750-M6-085-00007 0.07553985714912415 4732.66 4752.73 4858.29 4741.59 4865.80 4826.24 4740.17 4837.38
26071-750-M6-085-00007 0.056971799582242966 6693.21 6178.57 6776.43 6171.22 6788.86 6311.96 6705.63 6319.30
26071-203-M6-064-00271 0.09882189333438873 1322.69 4795.89 1402.80 4785.80 1415.42 4886.02 1335.31 4896.10
26071-203-M6-337-00031 0.1050780713558197 4941.15 1110.63 5010.98 1106.92 5017.47 1228.88 4947.64 1232.59
26071-203-M6-337-00031 0.09520235657691956 4938.28 1828.69 5012.35 1824.50 5019.20 1945.76 4945.14 1949.95
26071-203-M6-337-00031 0.07691975682973862 4940.24 2610.73 5009.68 2605.51 5019.26 2732.82 4949.81 2738.05
26071-203-M6-337-00031 0.06509637087583542 2715.98 2241.83 2911.87 2235.22 2921.71 2526.79 2725.82 2533.40
26071-203-M6-337-00031 0.057316798716783524 2715.94 1872.14 2918.37 1863.98 2929.41 2137.82 2726.98 2145.98
26071-203-M6-337-00031 0.05362837389111519 6657.96 6146.93 6767.02 6130.71 6805.52 6389.55 6696.46 6405.77
26071-203-M6-337-00031 0.053195975720882416 5383.13 677.98 5510.24 594.41 5660.67 823.19 5533.56 906.77
26071-203-M6-332-00001 0.06469536572694778 5926.99 2542.67 6034.13 2554.07 6028.17 2610.07 5921.03 2598.66
26071-203-M6-332-00001 0.059976156800985336 5493.04 2552.45 5605.22 2547.80 5607.60 2605.28 5495.42 2609.93
26071-203-M6-332-00001 0.05939243361353874 2982.60 2554.20 3090.78 2558.20 3088.83 2611.06 2980.65 2607.06
26071-203-M6-332-00001 0.058193158358335495 4669.67 2535.05 4771.39 2547.79 4763.96 2607.18 4662.24 2594.45
26071-203-M6-332-00001 0.053917404264211655 5081.16 2548.11 5190.92 2544.56 5192.80 2602.74 5083.04 2606.29
26071-203-M6-332-00001 0.052676305174827576 3822.39 2551.35 3925.91 2557.67 3922.57 2612.38 3819.05 2606.06
26071-200-M6-052-00150 0.09477493911981583 2481.28 3077.35 2601.96 3076.52 2602.35 3132.95 2481.67 3133.78
26071-200-M6-052-00150 0.062432095408439636 4476.17 3068.36 4588.38 3080.82 4582.19 3136.64 4469.97 3124.18
26071-200-M6-052-00003 0.1589418351650238 4526.22 4533.79 4665.74 4509.12 4679.19 4585.21 4539.67 4609.88
26071-200-M6-052-00003 0.1299947202205658 2786.73 4548.64 2907.90 4537.02 2915.90 4620.41 2794.73 4632.03
26071-200-M6-052-00003 0.08488105237483978 2566.16 4432.36 2598.52 4430.61 2603.57 4523.55 2571.21 4525.31
26071-200-M6-052-00003 0.06790194660425186 2565.59 3958.01 2599.05 3957.17 2601.44 4052.78 2567.98 4053.62
26071-200-M6-052-00003 0.05872432887554169 4185.79 4975.09 4397.89 4944.68 4416.06 5071.44 4203.96 5101.85
26071-700-M6-054-00036 0.12490884214639664 4622.08 5255.68 4694.57 5263.10 4684.81 5358.51 4612.31 5351.09
26071-700-M6-054-00036 0.11822144687175751 4382.65 4487.22 4458.93 4493.93 4449.90 4596.71 4373.61 4590.00
26071-203-M6-320-00044 0.10846975445747375 5199.55 3289.09 5287.26 3284.02 5293.81 3397.55 5206.11 3402.61
26071-600-M6-065-00231 0.09907516092061996 6707.84 1436.60 6806.18 1429.91 6817.84 1601.29 6719.50 1607.98
26071-600-M6-065-00231 0.09866145253181458 6708.23 1909.02 6806.80 1900.22 6822.07 2071.29 6723.50 2080.09
26071-600-M6-065-00231 0.08712746202945709 3408.86 5500.12 3587.63 5544.78 3565.62 5632.89 3386.85 5588.22
26071-600-M6-065-00231 0.0802699476480484 7094.95 3492.62 7401.91 3500.79 7400.64 3548.38 7093.69 3540.21
26071-600-M6-065-00231 0.0673229843378067 6568.96 3498.61 6856.96 3496.26 6857.35 3543.75 6569.35 3546.10
26071-500-M6-059-00071 0.28918567299842834 3989.53 2085.41 4084.91 2084.88 4085.21 2138.41 3989.83 2138.94
26071-500-M6-059-00071 0.16887712478637695 5569.81 3906.22 5664.55 3904.74 5665.35 3955.95 5570.61 3957.43
26071-500-M6-059-00071 0.08413692563772202 1408.35 2396.50 1532.46 2343.27 1625.99 2561.35 1501.88 2614.57
26071-500-M6-059-00071 0.07056381553411484 1616.18 2542.55 1705.79 2550.19 1696.46 2659.58 1606.86 2651.94
26071-500-M6-059-00071 0.0608644001185894 1372.65 6198.29 1465.31 6135.96 1609.92 6350.95 1517.27 6413.27
26071-203-M6-320-00008 0.06336957216262817 4211.34 4144.16 4304.49 4142.36 4305.79 4209.80 4212.64 4211.59
26071-203-M6-320-00008 0.05083674564957619 1844.62 4230.15 1938.68 4237.17 1933.73 4303.51 1839.67 4296.50
26071-500-M6-059-00116 0.08132242411375046 5700.57 5558.34 5758.90 5544.86 5780.49 5638.29 5722.16 5651.77
26071-550-M6-084-00026 0.12208906561136246 7334.53 3468.35 7434.48 3466.40 7435.57 3522.73 7335.63 3524.67
26071-550-M6-084-00026 0.1061394065618515 7228.26 3462.62 7345.27 3471.86 7340.44 3533.08 7223.42 3523.84
26071-550-M6-084-00026 0.1000618189573288 7339.48 3324.48 7453.98 3330.95 7450.71 3388.79 7336.21 3382.31
26071-550-M6-084-00026 0.09433533996343613 4182.15 3406.63 4285.79 3415.88 4278.30 3499.81 4174.66 3490.56
26071-550-M6-084-00026 0.0853268951177597 1817.28 3410.68 1922.30 3416.44 1917.78 3498.94 1812.76 3493.18
26071-203-M6-337-00007 0.07396256178617477 4340.66 1402.32 4411.37 1400.28 4414.29 1500.93 4343.57 1502.98
26071-203-M6-337-00007 0.06108672544360161 3702.89 1727.65 3829.75 1755.32 3817.25 1812.63 3690.39 1784.95
26071-203-M6-337-00007 0.05860357731580734 3703.43 4427.14 3829.39 4457.73 3815.51 4514.87 3689.55 4484.28
26071-203-M6-337-00007 0.05697203427553177 3235.83 5385.01 3302.74 5386.20 3300.29 5523.95 3233.37 5522.76
26071-203-M6-337-00007 0.0563017763197422 3236.16 2685.11 3302.90 2686.27 3300.49 2825.24 3233.74 2824.08
26071-203-M6-337-00007 0.05421005189418793 4336.89 4090.93 4410.98 4094.03 4405.74 4219.25 4331.66 4216.15
26071-203-M6-337-00007 0.05232005938887596 5234.97 5628.11 5309.72 5632.25 5299.32 5819.86 5224.57 5815.72
26071-200-M6-052-00090 0.17608293890953064 5213.02 4367.71 5290.42 4367.66 5290.47 4464.59 5213.07 4464.64
26071-200-M6-052-00090 0.16479112207889557 8125.05 3608.19 8186.69 3620.57 8168.20 3712.63 8106.56 3700.26
26071-200-M6-052-00090 0.11851037293672562 2201.79 4369.49 2274.43 4363.33 2282.16 4454.54 2209.53 4460.70
26071-200-M6-052-00090 0.10809905081987381 2529.74 6510.24 2665.07 6530.62 2655.08 6596.98 2519.75 6576.61
26071-200-M6-052-00090 0.0830371305346489 8120.19 3809.80 8181.32 3813.94 8175.27 3903.16 8114.15 3899.02
26071-200-M6-052-00090 0.07798279821872711 6367.77 2930.50 6484.96 2920.36 6490.50 2984.43 6373.31 2994.57
26071-200-M6-052-00090 0.07369742542505264 6398.82 5045.96 6515.63 5061.80 6505.99 5132.94 6389.17 5117.11
26071-200-M6-052-00090 0.06480969488620758 6407.79 5226.47 6465.67 5225.91 6466.55 5317.50 6408.67 5318.06
26071-200-M6-052-00090 0.05159948766231537 4005.00 5946.46 4098.03 5947.03 4097.83 5979.13 4004.80 5978.56
26071-200-M6-052-00090 0.050601206719875336 6436.98 2718.88 6534.13 2801.28 6501.78 2839.42 6404.64 2757.02
26071-600-M6-065-00037 0.1015314906835556 6801.20 4486.18 6848.89 4486.18 6848.88 4579.71 6801.19 4579.70
26071-600-M6-065-00037 0.09843823313713074 5127.70 4136.13 5160.49 4136.94 5158.23 4228.31 5125.44 4227.50
26071-600-M6-065-00037 0.09839088469743729 1822.07 4136.50 1854.44 4137.13 1852.67 4228.49 1820.30 4227.87
26071-600-M6-065-00037 0.08681965619325638 3493.54 4485.70 3541.91 4485.49 3542.32 4580.47 3493.96 4580.68
26071-600-M6-065-00037 0.08134861290454865 1822.67 3723.60 1855.61 3724.94 1851.93 3815.34 1818.99 3814.00
26071-600-M6-065-00037 0.07138446718454361 5675.42 3083.45 5761.05 3074.53 5772.99 3189.10 5687.35 3198.02
26071-600-M6-065-00037 0.0639861598610878 5127.92 3723.43 5160.71 3723.93 5159.25 3818.27 5126.46 3817.76
26071-300-M6-053-00010 0.07079125940799713 6272.86 2571.03 6416.54 2609.22 6391.01 2705.29 6247.33 2667.10
26071-300-M6-053-00010 0.06485039740800858 4919.12 4312.42 4999.67 4315.13 4996.96 4395.95 4916.41 4393.25
26071-203-M6-320-00042 0.10908722877502441 2603.82 3563.48 2700.07 3561.83 2710.52 4171.39 2614.27 4173.04
26071-203-M6-320-00042 0.09579072147607803 2217.64 3574.68 2315.07 3576.28 2305.07 4185.24 2207.65 4183.64
26071-203-M6-320-00042 0.06640157848596573 3202.28 2867.07 3292.42 2885.71 3274.22 2973.70 3184.08 2955.06
26071-203-M6-160-00291 0.08341938257217407 6389.41 3070.79 6436.55 3071.52 6435.10 3165.86 6387.96 3165.13
26071-203-M6-160-00291 0.0771205797791481 6389.93 2829.86 6437.28 2831.53 6433.94 2926.18 6386.58 2924.51
26071-203-M6-160-00291 0.07268710434436798 3037.92 2220.13 3318.18 2208.62 3322.48 2313.38 3042.23 2324.90
26071-203-M6-160-00291 0.062133677303791046 4655.29 5431.04 4747.93 5436.05 4744.09 5507.04 4651.44 5502.02
26071-203-M6-160-00291 0.05504848062992096 2163.30 5433.04 2255.45 5434.32 2254.50 5502.87 2162.35 5501.58
26071-600-M6-066-00002 0.05905269458889961 4206.19 3773.47 4262.80 3721.60 4329.90 3794.83 4273.29 3846.70
26071-600-M6-066-00002 0.05728930979967117 4291.83 3760.80 4367.92 3749.40 4375.59 3800.55 4299.49 3811.95
26071-300-M6-053-00008 0.05253959074616432 5184.17 3160.93 5246.90 3151.65 5263.34 3262.82 5200.61 3272.10
26071-203-M6-060-00006 0.1355229914188385 2900.18 4722.95 2932.96 4722.96 2932.93 4815.36 2900.15 4815.34
26071-203-M6-060-00006 0.10940463095903397 3205.64 3030.48 3274.66 2998.17 3315.07 3084.51 3246.05 3116.82
26071-203-M6-060-00006 0.09921692311763763 7153.92 5994.82 7250.59 5994.83 7250.58 6027.43 7153.91 6027.41
26071-203-M6-060-00006 0.09654198586940765 3187.08 3366.00 3220.54 3369.08 3211.97 3462.37 3178.51 3459.30
26071-203-M6-060-00006 0.08529908210039139 6865.04 4276.59 7133.11 4271.06 7134.13 4320.88 6866.07 4326.41
26071-203-M6-060-00006 0.06925181299448013 3550.97 4722.91 3584.53 4724.09 3581.24 4818.26 3547.68 4817.09
26071-203-M6-060-00006 0.05569610744714737 6415.21 4279.28 6708.99 4276.83 6709.38 4323.43 6415.60 4325.88
26071-203-M6-325-00013 0.051843415945768356 3874.95 4794.50 3962.74 4792.12 3966.22 4920.14 3878.43 4922.52
26071-203-M6-325-00013 0.050437044352293015 3405.14 4762.36 3498.08 4752.30 3515.10 4909.57 3422.16 4919.63
26071-300-M6-053-00012 0.08166967332363129 6401.67 5720.00 6488.77 5746.88 6469.82 5808.27 6382.73 5781.39
26071-300-M6-053-00012 0.08102159202098846 4601.10 3380.62 4699.67 3364.47 4721.68 3498.77 4623.11 3514.93
26071-300-M6-053-00012 0.0751553475856781 4512.47 5722.84 4607.89 5739.46 4595.94 5808.01 4500.53 5791.39
26071-300-M6-053-00012 0.06652979552745819 5026.55 3406.58 5147.56 3397.92 5153.37 3479.04 5032.35 3487.70
26071-300-M6-053-00012 0.06426502019166946 4255.60 3865.16 4407.76 3868.49 4405.72 3961.96 4253.56 3958.63
26071-450-M6-082-00031 0.1179303303360939 5373.71 4912.13 5507.87 4925.59 5500.06 5003.42 5365.90 4989.96
26071-450-M6-082-00031 0.09553653001785278 5025.48 6091.81 5109.76 6072.08 5132.94 6171.12 5048.66 6190.85
26071-450-M6-082-00031 0.062486838549375534 2913.64 4936.46 3047.98 4931.64 3050.75 5009.06 2916.42 5013.88
26071-200-M6-062-00276 0.2548676133155823 6036.23 4120.11 6128.76 4124.64 6112.80 4451.00 6020.27 4446.48
26071-200-M6-062-00276 0.1759968101978302 6463.15 4116.66 6561.83 4120.93 6547.44 4453.66 6448.76 4449.39
26071-200-M6-062-00276 0.06404251605272293 2378.31 4607.86 2500.49 4587.14 2514.65 4670.61 2392.47 4691.33
26071-600-M6-065-00021 0.12928169965744019 5368.90 2918.48 5495.43 2919.45 5494.80 3001.36 5368.27 3000.39
26071-600-M6-065-00021 0.08255667239427567 2846.94 2907.16 2972.26 2901.09 2976.48 2988.21 2851.16 2994.27
26071-600-M6-065-00021 0.0668720006942749 2219.48 1485.36 2545.12 1467.31 2551.91 1589.84 2226.27 1607.89
26071-600-M6-065-00021 0.05907575041055679 5729.12 5417.66 5808.35 5450.77 5781.47 5515.09 5702.24 5481.97
26071-600-M6-065-00021 0.05395672097802162 3701.63 5549.65 3839.61 5574.66 3828.90 5633.76 3690.91 5608.75
26071-600-M6-065-00021 0.050850942730903625 4218.31 2888.41 4355.01 2914.79 4339.86 2993.30 4203.16 2966.92
26071-500-M6-059-00013 0.40203189849853516 7407.43 1996.25 7474.72 2016.86 7449.33 2099.73 7382.04 2079.12
26071-500-M6-059-00044 0.17839732766151428 1269.19 3590.03 1355.78 3598.35 1346.84 3691.43 1260.25 3683.11
26071-500-M6-059-00044 0.12703672051429749 5510.06 1190.33 5611.79 1178.75 5629.54 1334.66 5527.81 1346.24
26071-500-M6-059-00044 0.10126996785402298 1102.25 3578.03 1192.26 3645.54 1140.19 3714.96 1050.18 3647.46
26071-500-M6-059-00044 0.08012942969799042 1465.49 2003.61 1561.17 2007.89 1558.91 2058.29 1463.24 2054.02
26071-500-M6-059-00044 0.07762160897254944 3102.12 2002.63 3200.26 2000.69 3201.36 2056.61 3103.22 2058.54
26071-500-M6-059-00044 0.07730507105588913 4195.78 4972.51 4265.53 4962.59 4279.09 5057.92 4209.35 5067.84
26071-500-M6-059-00044 0.07365325838327408 1045.52 6365.16 1099.17 6357.27 1113.16 6452.33 1059.51 6460.23
26071-500-M6-059-00044 0.07318431884050369 5147.17 3148.02 5327.49 3162.88 5319.94 3254.50 5139.61 3239.64
26071-500-M6-059-00044 0.07039827853441238 1076.05 2118.19 1126.63 2133.85 1102.63 2211.40 1052.05 2195.75
26071-500-M6-059-00044 0.06438639760017395 7176.38 4058.16 7256.66 4061.23 7252.04 4181.96 7171.76 4178.89
26071-500-M6-059-00044 0.051472678780555725 4642.84 1200.83 4721.30 1196.77 4728.17 1329.45 4649.70 1333.51
26071-200-M6-052-00002 0.06923755258321762 6153.16 1900.89 6372.66 1884.59 6379.81 1980.95 6160.32 1997.25
26071-675-M6-068-10002 0.19061167538166046 3712.21 3739.81 3799.48 3746.51 3793.32 3826.67 3706.05 3819.96
26071-675-M6-068-10002 0.12504908442497253 2409.04 3749.32 2488.57 3755.42 2483.07 3827.25 2403.54 3821.15
26071-675-M6-068-10002 0.09101220965385437 3553.89 5351.39 3633.86 5362.51 3624.55 5429.48 3544.58 5418.37
26071-675-M6-068-10002 0.07604650408029556 4193.58 3779.63 4264.10 3723.11 4313.72 3785.01 4243.21 3841.53
26071-675-M6-068-10002 0.07525661587715149 2232.80 5361.22 2322.59 5358.33 2324.71 5424.21 2234.93 5427.10
26071-675-M6-068-10002 0.06819648295640945 5685.96 2027.05 5759.13 1987.94 5798.24 2061.10 5725.08 2100.21
26071-675-M6-068-10002 0.055571094155311584 2764.25 5357.17 2835.11 5352.46 2840.13 5428.02 2769.27 5432.73
26071-675-M6-068-10002 0.05319993942975998 7792.13 2160.90 7849.54 2120.96 7898.46 2191.27 7841.05 2231.21
26071-750-M6-085-00012 0.07951703667640686 7938.54 2389.00 8010.24 2388.77 8010.52 2473.71 7938.82 2473.94
26071-750-M6-085-00012 0.06111336499452591 4286.51 3290.27 4345.87 3301.14 4328.89 3393.84 4269.53 3382.97
26071-750-M6-085-00012 0.054468899965286255 5007.65 5099.99 5439.82 5088.24 5442.98 5204.25 5010.80 5216.01
26071-200-M6-052-00544 0.16883529722690582 2967.84 3921.86 3066.96 3982.67 3025.38 4050.45 2926.26 3989.65
26071-200-M6-052-00544 0.07349102944135666 1316.88 4240.58 1397.87 4239.50 1400.84 4463.33 1319.84 4464.40
26071-200-M6-052-00544 0.05917821079492569 5987.44 5360.93 6118.38 5406.42 6093.14 5479.06 5962.21 5433.57
26071-750-M6-085-00309 0.07681666314601898 2953.85 3626.86 3134.80 3635.96 3126.21 3806.73 2945.26 3797.64
26071-750-M6-085-00309 0.056716758757829666 4320.80 2270.91 4441.26 2272.71 4440.53 2321.55 4320.07 2319.75
