26071-200-M6-052-00001 0.06741254776716232 5656.30 1618.19 5738.52 1615.37 5741.35 1698.20 5659.14 1701.01
26071-200-M6-052-00001 0.05859861150383949 5829.11 2497.61 5907.15 2510.41 5899.25 2558.57 5821.21 2545.77
26071-200-M6-052-00001 0.05009689927101135 3893.20 3307.16 3955.42 3322.98 3936.58 3397.08 3874.36 3381.26
26071-500-M6-059-00017 0.05011994391679764 3885.45 4729.29 3948.93 4731.48 3946.10 4813.57 3882.62 4811.38
26071-600-M6-066-00012 0.05412296950817108 4646.06 4612.19 4705.83 4629.08 4682.06 4713.19 4622.29 4696.30
26071-600-M6-066-00012 0.053182169795036316 6283.27 4502.28 6339.59 4516.79 6322.44 4583.40 6266.11 4568.89
26071-500-M6-059-00040 0.06035243347287178 2580.27 1436.94 2627.59 1444.56 2619.74 1493.35 2572.42 1485.74
26071-500-M6-059-00040 0.050006162375211716 1480.01 2380.90 1589.52 2383.81 1588.10 2437.39 1478.58 2434.48
26071-203-M6-333-00010 0.05570630356669426 5587.14 4091.42 5659.32 4092.82 5657.36 4194.06 5585.18 4192.65
26071-203-M6-332-00008 0.059914931654930115 6625.30 3653.54 6669.67 3620.47 6734.03 3706.84 6689.66 3739.91
26071-203-M6-332-00008 0.05771121010184288 4219.20 3640.66 4271.95 3631.55 4288.08 3724.97 4235.33 3734.08
26071-203-M6-332-00008 0.05170776695013046 1818.12 3632.54 1872.97 3631.62 1874.67 3733.76 1819.82 3734.67
26071-200-M6-052-00080 0.1752893030643463 6062.54 5021.08 6132.66 5020.66 6133.19 5109.84 6063.06 5110.25
26071-200-M6-052-00080 0.1465020775794983 2634.05 5022.42 2703.10 5018.90 2707.68 5109.05 2638.64 5112.56
26071-203-M6-064-00271 0.08947787433862686 1338.83 4778.47 1412.41 4791.49 1396.28 4882.66 1322.69 4869.64
26071-203-M6-064-00271 0.05703853443264961 1765.50 2534.76 1814.37 2572.66 1775.65 2622.58 1726.78 2584.68
26071-203-M6-337-00031 0.050743743777275085 4938.31 1114.29 5009.24 1110.58 5015.27 1225.81 4944.34 1229.52
26071-200-M6-052-00150 0.07317128032445908 5508.10 5847.52 5572.29 5837.63 5592.99 5971.99 5528.79 5981.88
26071-200-M6-052-00150 0.06927019357681274 4219.70 5839.28 4282.06 5839.12 4282.42 5977.80 4220.07 5977.96
26071-200-M6-052-00150 0.05460141599178314 1372.73 2398.44 1466.06 2403.13 1461.29 2497.93 1367.96 2493.24
26071-200-M6-052-00003 0.05288180708885193 2566.72 4431.31 2599.75 4430.77 2601.23 4520.10 2568.20 4520.65
26071-500-M6-059-00071 0.07373090088367462 7286.66 3570.03 7369.68 3581.67 7360.77 3645.19 7277.75 3633.55
26071-500-M6-059-00071 0.053289636969566345 5521.32 3886.43 5602.06 3887.40 5600.79 3992.88 5520.05 3991.90
26071-500-M6-059-00116 0.07998495548963547 5112.69 1329.76 5187.98 1340.15 5177.44 1416.56 5102.15 1406.18
26071-500-M6-059-00116 0.05327427387237549 3289.32 4910.99 3336.80 4913.08 3332.89 5001.75 3285.41 4999.66
26071-200-M6-052-00090 0.130952388048172 5213.45 4371.08 5282.24 4375.65 5276.36 4464.05 5207.57 4459.48
26071-200-M6-052-00090 0.12282852083444595 2199.37 4372.34 2264.57 4372.98 2263.72 4460.12 2198.52 4459.49
26071-200-M6-052-00090 0.09287292510271072 3152.49 4015.75 3227.61 4027.86 3214.33 4110.32 3139.21 4098.22
26071-200-M6-052-00090 0.08964288234710693 6160.64 4011.21 6250.43 4021.47 6240.10 4111.95 6150.30 4101.70
26071-200-M6-052-00090 0.05676025524735451 8125.05 3608.19 8186.69 3620.57 8168.20 3712.63 8106.56 3700.26
26071-200-M6-052-00090 0.050737153738737106 2999.18 6047.81 3091.57 6048.97 3090.96 6097.37 2998.57 6096.21
26071-600-M6-065-00037 0.05249243602156639 5675.42 3083.45 5761.05 3074.53 5772.99 3189.10 5687.35 3198.02
26071-300-M6-053-00010 0.06921013444662094 4927.47 4308.45 5006.24 4326.00 4990.09 4398.50 4911.32 4380.95
26071-300-M6-053-00010 0.057665202766656876 7051.24 3125.44 7133.47 3131.02 7127.06 3225.50 7044.83 3219.92
26071-300-M6-053-00010 0.05388152599334717 2687.73 4039.45 2741.91 4049.82 2733.72 4092.59 2679.54 4082.21
26071-203-M6-320-00042 0.12644194066524506 3204.18 2866.54 3296.02 2888.09 3274.91 2978.03 3183.07 2956.47
26071-600-M6-066-00002 0.17951713502407074 4215.44 3736.16 4296.17 3734.47 4298.06 3824.98 4217.33 3826.67
26071-600-M6-066-00002 0.08971688151359558 4220.82 2708.29 4294.82 2718.42 4282.08 2811.42 4208.08 2801.28
26071-675-M6-068-00034 0.06355559825897217 4409.98 1591.80 4473.60 1609.18 4449.49 1697.47 4385.87 1680.09
26071-450-M6-082-00031 0.09493185579776764 5035.24 6087.71 5119.23 6078.44 5129.66 6172.97 5045.66 6182.23
26071-500-M6-059-00011 0.05153411626815796 6897.80 2853.11 6943.78 2857.85 6938.65 2907.46 6892.68 2902.72
26071-500-M6-059-00013 0.18580257892608643 7393.47 2008.99 7464.79 2011.25 7462.07 2096.70 7390.76 2094.43
26071-500-M6-059-00044 0.0984029471874237 1292.78 3591.38 1371.68 3635.77 1328.99 3711.63 1250.10 3667.24
26071-500-M6-059-00044 0.06439686566591263 2852.82 1951.15 2929.39 2017.74 2851.97 2106.76 2775.40 2040.18
26071-500-M6-059-00044 0.051542844623327255 1078.41 2104.36 1121.05 2123.31 1092.95 2186.52 1050.31 2167.57
26071-200-M6-052-00093 0.05209612101316452 6405.93 3569.63 6484.56 3581.84 6474.79 3644.82 6396.15 3632.62
26071-200-M6-052-00002 0.06890968233346939 6016.54 1019.35 6098.93 1033.47 6085.08 1114.27 6002.69 1100.15
26071-200-M6-052-00002 0.06333629041910172 5082.43 1898.64 5130.54 1898.15 5131.26 1969.20 5083.15 1969.69
26071-675-M6-068-10002 0.08186179399490356 2211.85 5374.53 2287.02 5330.40 2330.84 5405.05 2255.67 5449.17
26071-675-M6-068-10002 0.06253881752490997 2754.99 5384.93 2813.67 5347.99 2851.02 5407.33 2792.33 5444.26
26071-675-M6-068-10002 0.060383159667253494 3537.18 5382.68 3592.80 5338.62 3643.04 5402.03 3587.41 5446.09
26071-675-M6-068-10002 0.05280528962612152 2948.32 3751.83 3007.53 3766.20 2992.69 3827.38 2933.48 3813.01
26071-675-M6-068-10002 0.05194084718823433 3704.35 3740.08 3793.48 3755.02 3780.75 3830.95 3691.62 3816.01
26071-750-M6-085-00012 0.18199338018894196 4286.63 3310.45 4334.56 3309.76 4335.43 3370.93 4287.51 3371.62
26071-750-M6-085-00012 0.17781105637550354 6471.92 3309.84 6519.66 3308.83 6520.96 3370.44 6473.22 3371.45
26071-750-M6-085-00012 0.10089968889951706 1854.96 3684.85 1917.22 3685.12 1917.02 3730.73 1854.76 3730.46
26071-200-M6-052-00544 0.05031776800751686 2789.82 2250.07 2872.51 2245.73 2876.24 2316.70 2793.55 2321.04
26071-600-M6-066-00003 0.06930235773324966 7791.04 5217.33 7844.88 5245.52 7814.42 5303.70 7760.58 5275.50
