26071-200-M6-052-00001 0.05467068776488304 2458.52 3393.60 2979.56 3400.66 2977.21 3574.31 2456.17 3567.25
26071-500-M6-059-00017 0.0984344631433487 5767.23 3738.46 6258.52 3749.90 6253.89 3948.63 5762.60 3937.18
26071-500-M6-059-00017 0.09499021619558334 1804.05 3723.48 2265.13 3754.02 2252.02 3951.82 1790.95 3921.28
26071-500-M6-059-00017 0.09087277948856354 3804.75 3726.44 4270.93 3737.79 4266.02 3939.42 3799.84 3928.07
26071-600-M6-066-00012 0.12473545223474503 5384.15 1254.02 5475.54 1250.45 5496.44 1784.99 5405.05 1788.56
26071-200-M6-052-00539 0.055139943957328796 3185.00 5396.03 3382.97 5386.52 3393.68 5609.26 3195.71 5618.78
26071-200-M6-052-00539 0.05354135110974312 3387.00 5371.28 3930.85 5360.74 3935.15 5582.83 3391.31 5593.37
26071-200-M6-052-00539 0.050705309957265854 3925.08 5389.14 4104.55 5391.51 4101.78 5601.52 3922.31 5599.15
26071-500-M6-059-00248 0.09559950232505798 4605.52 4428.95 5156.14 4425.06 5157.64 4637.01 4607.02 4640.90
26071-500-M6-059-00040 0.06372954696416855 2536.15 1312.32 2592.77 1309.21 2599.90 1439.18 2543.28 1442.29
26071-750-M6-085-00286 0.05196740850806236 5035.44 3277.05 5183.21 3246.91 5232.20 3487.07 5084.43 3517.21
26071-550-M6-084-00248 0.09235583990812302 4632.21 3945.15 5178.89 3946.99 5178.19 4156.12 4631.51 4154.29
26071-200-M6-052-00080 0.053535096347332 2944.98 3883.00 3652.90 3867.19 3657.92 4091.81 2950.00 4107.63
26071-200-M6-052-00080 0.052792809903621674 6571.01 3896.27 7103.81 3890.60 7105.30 4030.40 6572.50 4036.07
26071-300-M6-053-00309 0.07330582290887833 5487.96 4685.12 5653.72 4705.86 5631.58 4882.86 5465.81 4862.12
26071-300-M6-053-00309 0.07116738706827164 3362.83 3040.58 4157.42 3056.07 4152.56 3305.47 3357.97 3289.98
26071-300-M6-053-00309 0.058460719883441925 3396.86 5197.15 4182.54 5154.65 4194.43 5374.50 3408.76 5417.00
26071-450-M6-082-00009 0.058055587112903595 3654.95 5148.77 3840.08 5146.67 3843.40 5440.22 3658.27 5442.31
26071-450-M6-082-00009 0.056505635380744934 2430.56 2545.32 2973.74 2517.09 2983.72 2709.10 2440.54 2737.33
26071-450-M6-082-00009 0.0561620257794857 3662.54 4510.86 3856.34 4496.57 3874.65 4744.77 3680.85 4759.06
26071-200-M6-052-00552 0.05034909397363663 3797.59 2386.90 4257.77 2455.67 4223.22 2686.88 3763.04 2618.11
26071-750-M6-085-00007 0.0824228897690773 2090.88 2602.37 2595.52 2614.78 2591.02 2798.08 2086.37 2785.67
26071-750-M6-085-00007 0.06385795027017593 3680.88 2614.12 4141.09 2616.82 4140.08 2788.67 3679.87 2785.97
26071-750-M6-085-00007 0.053144652396440506 1764.51 2784.27 2073.47 2807.65 2069.26 2863.20 1760.31 2839.83
26071-203-M6-337-00031 0.7756088376045227 2724.63 2232.37 2916.23 2233.31 2914.83 2521.53 2723.23 2520.59
26071-203-M6-337-00031 0.707183301448822 2727.74 1867.72 2920.83 1869.25 2918.54 2159.76 2725.45 2158.24
26071-203-M6-337-00031 0.08607349544763565 5349.18 699.17 5616.09 671.41 5628.61 791.86 5361.71 819.62
26071-203-M6-337-00031 0.059690337628126144 1980.08 1009.87 2536.67 1003.12 2538.28 1136.07 1981.70 1142.82
26071-203-M6-337-00031 0.05684121325612068 3655.90 574.84 4044.38 579.25 4041.72 812.71 3653.24 808.30
26071-203-M6-337-00031 0.05538661777973175 6420.31 1162.44 6610.01 1171.56 6599.79 1384.05 6410.09 1374.93
26071-203-M6-337-00031 0.05449549853801727 3550.55 1630.25 3731.67 1610.53 3756.11 1834.96 3574.98 1854.68
26071-203-M6-332-00001 0.07348144054412842 5657.31 3043.33 5776.79 3035.06 5790.05 3226.53 5670.56 3234.80
26071-203-M6-332-00001 0.07324368506669998 3558.02 3043.63 3677.40 3035.89 3689.74 3226.19 3570.36 3233.93
26071-203-M6-332-00001 0.05257601663470268 3165.26 2852.24 3484.68 2747.80 3668.44 3309.85 3349.03 3414.28
26071-203-M6-332-00001 0.05222427472472191 5266.38 2851.55 5584.72 2746.91 5769.13 3307.97 5450.80 3412.60
26071-203-M6-332-00001 0.05095124989748001 4599.12 3027.36 4741.47 3030.12 4737.75 3222.05 4595.41 3219.29
26071-200-M6-052-00150 0.06386949121952057 4460.04 5857.29 4639.97 5846.38 4653.16 6063.76 4473.23 6074.67
26071-200-M6-052-00150 0.06307040899991989 3519.00 2965.24 3722.59 2909.83 3791.81 3164.20 3588.22 3219.61
26071-200-M6-052-00150 0.062168169766664505 3507.23 1822.84 3844.64 1946.92 3761.01 2174.33 3423.60 2050.25
26071-200-M6-052-00150 0.0618627592921257 5769.90 5845.19 5952.43 5858.77 5936.37 6074.59 5753.84 6061.01
26071-200-M6-052-00150 0.05170215293765068 2960.19 2610.96 3220.43 2607.09 3221.44 2674.78 2961.19 2678.65
26071-200-M6-052-00003 0.05645002797245979 2781.69 4546.01 2900.07 4531.65 2910.48 4617.42 2792.09 4631.78
26071-200-M6-052-00003 0.052352700382471085 4094.75 4751.58 4203.95 4668.78 4453.95 4998.49 4344.75 5081.28
26071-700-M6-054-00036 0.11793806403875351 4659.68 1380.03 4761.13 1374.31 4788.74 1864.01 4687.29 1869.73
26071-700-M6-054-00036 0.057268183678388596 4024.22 3468.70 4569.03 3510.51 4553.89 3707.73 4009.08 3665.92
26071-600-M6-065-00231 0.08142868429422379 6022.99 3310.01 6511.36 3317.55 6508.70 3489.68 6020.34 3482.14
26071-500-M6-059-00116 0.07331554591655731 5929.17 5560.62 6111.09 5565.40 6105.57 5775.37 5923.65 5770.59
26071-500-M6-059-00116 0.06322792172431946 3582.04 2394.19 3737.50 2386.04 3748.47 2595.37 3593.01 2603.52
26071-500-M6-059-00116 0.05473821610212326 3872.65 4074.15 4467.48 4078.61 4466.09 4263.92 3871.27 4259.47
26071-300-M6-053-00010 0.07711309939622879 2096.95 4312.47 2612.14 4303.06 2616.14 4522.31 2100.95 4531.72
26071-203-M6-320-00042 0.06737598031759262 2603.82 3563.48 2700.07 3561.83 2710.52 4171.39 2614.27 4173.04
26071-203-M6-320-00042 0.053416553884744644 2216.43 3558.56 2315.55 3559.10 2312.24 4172.33 2213.12 4171.79
26071-203-M6-160-00291 0.0573309026658535 2927.00 3564.40 3667.08 3584.65 3660.57 3822.64 2920.49 3802.39
26071-600-M6-066-00002 0.051721248775720596 3771.37 2857.64 3797.57 2856.82 3799.03 2903.58 3772.83 2904.40
26071-200-M6-063-00010 0.05833609402179718 2431.12 3948.24 2619.07 3949.58 2617.57 4159.40 2429.63 4158.06
26071-203-M6-060-00006 0.12286821007728577 5916.56 4081.77 6383.94 4085.23 6382.58 4268.51 5915.20 4265.04
26071-203-M6-060-00006 0.07490016520023346 3285.30 4193.92 3762.29 4210.02 3755.40 4414.17 3278.41 4398.07
26071-203-M6-060-00006 0.05932405963540077 2690.81 4207.56 3152.85 4194.06 3159.08 4407.27 2697.04 4420.76
26071-300-M6-053-00012 0.10050521045923233 3919.29 5678.10 4099.78 5680.44 4097.14 5884.08 3916.64 5881.74
26071-300-M6-053-00012 0.09859149158000946 5117.03 2280.44 5652.14 2257.60 5661.02 2465.48 5125.90 2488.32
26071-300-M6-053-00012 0.06572282314300537 5026.55 3406.58 5147.56 3397.92 5153.37 3479.04 5032.35 3487.70
26071-300-M6-053-00012 0.05500677600502968 5825.66 5642.77 6008.67 5667.01 5980.23 5881.77 5797.22 5857.53
26071-675-M6-068-00034 0.08171454817056656 2641.72 4849.55 3095.43 4846.47 3096.80 5048.95 2643.10 5052.03
26071-675-M6-068-00034 0.07704383879899979 3392.97 4850.71 3842.66 4853.20 3841.56 5052.18 3391.87 5049.70
26071-450-M6-082-00031 0.07711900770664215 2992.06 3256.43 3561.70 3247.90 3564.71 3448.83 2995.07 3457.37
26071-200-M6-062-00276 0.08695278316736221 6040.65 4116.75 6143.88 4113.67 6154.31 4462.34 6051.08 4465.43
26071-200-M6-062-00276 0.07125933468341827 1213.06 3907.51 1349.17 3886.42 1388.36 4139.33 1252.25 4160.42
26071-200-M6-062-00276 0.06068134680390358 6452.52 4145.64 6548.34 4143.05 6557.25 4473.67 6461.43 4476.25
26071-200-M6-062-00276 0.05351061373949051 2388.56 4601.04 2507.40 4594.25 2511.93 4673.51 2393.09 4680.30
26071-200-M6-062-00276 0.050040896981954575 1378.28 3921.09 1395.49 3920.61 1396.80 3967.83 1379.58 3968.31
26071-600-M6-065-00021 0.08305347710847855 2221.35 1477.08 2543.79 1473.22 2545.27 1596.96 2222.83 1600.82
26071-600-M6-065-00021 0.05980785936117172 5212.51 5349.08 5402.23 5364.07 5384.99 5582.32 5195.28 5567.34
26071-600-M6-065-00021 0.05684134364128113 3470.38 5354.24 3662.68 5362.32 3653.60 5578.29 3461.31 5570.21
26071-600-M6-065-00021 0.05503670498728752 5386.34 2902.51 5511.20 2931.00 5491.29 3018.26 5366.43 2989.77
26071-500-M6-059-00013 0.10139917582273483 7398.65 2303.56 7491.52 2304.34 7486.90 2861.38 7394.02 2860.61
26071-500-M6-059-00013 0.06692961603403091 2878.58 4893.75 3316.12 4882.81 3321.90 5114.19 2884.36 5125.13
26071-500-M6-059-00044 0.09748902916908264 1794.82 4333.88 1866.97 4339.51 1848.64 4574.21 1776.49 4568.58
26071-500-M6-059-00044 0.09262297302484512 3883.92 4341.95 3964.47 4346.50 3951.92 4568.93 3871.37 4564.38
26071-500-M6-059-00044 0.08142123371362686 6904.71 4331.68 6979.54 4337.25 6961.67 4577.30 6886.84 4571.73
26071-500-M6-059-00044 0.07895029336214066 5373.45 4352.05 5449.03 4352.37 5448.21 4548.47 5372.64 4548.15
26071-500-M6-059-00044 0.05803327634930611 5583.81 4670.32 5767.33 4677.71 5755.65 4968.00 5572.13 4960.62
26071-500-M6-059-00044 0.055547598749399185 7469.07 4353.01 7548.56 4352.17 7550.77 4560.85 7471.28 4561.70
26071-500-M6-059-00044 0.05236847698688507 3528.48 4706.09 3717.53 4691.45 3738.57 4963.14 3549.52 4977.78
26071-200-M6-052-00093 0.07701728492975235 3968.90 1425.09 4565.09 1415.67 4568.87 1654.95 3972.68 1664.37
26071-200-M6-052-00093 0.07152196019887924 3985.60 3834.32 4600.18 3801.07 4611.38 4008.09 3996.80 4041.34
26071-200-M6-052-00093 0.056257087737321854 3942.40 4511.65 4459.92 4508.81 4460.78 4665.77 3943.26 4668.61
26071-200-M6-052-00002 0.054458409547805786 3575.25 3101.15 3754.75 3100.37 3755.70 3321.94 3576.21 3322.72
26071-200-M6-052-00002 0.0535249225795269 6222.66 1888.38 6459.54 1895.22 6456.90 1986.63 6220.02 1979.79
26071-750-M6-085-00012 0.2339392900466919 7211.90 5118.82 7680.01 5116.05 7680.72 5237.23 7212.62 5239.99
26071-750-M6-085-00012 0.22797074913978577 2715.49 3633.88 3191.03 3641.26 3188.90 3778.82 2713.36 3771.45
26071-750-M6-085-00012 0.22735849022865295 2724.81 5120.44 3190.55 5120.88 3190.44 5243.89 2724.70 5243.46
26071-750-M6-085-00012 0.20287244021892548 7203.42 3759.50 7683.48 3767.54 7681.39 3892.61 7201.33 3884.57
26071-750-M6-085-00012 0.17891943454742432 5031.67 5123.14 5497.39 5121.10 5497.93 5244.86 5032.21 5246.90
26071-750-M6-085-00012 0.16412833333015442 5003.07 3756.44 5500.82 3770.00 5497.30 3899.28 4999.55 3885.73
26071-750-M6-085-00012 0.06285449117422104 2342.42 4252.91 2809.32 4269.33 2802.76 4455.84 2335.86 4439.42
26071-750-M6-085-00309 0.14455990493297577 2965.05 3631.11 3139.39 3634.33 3135.99 3818.39 2961.65 3815.17
