26071-200-M6-052-00001 0.06692306697368622 3059.75 3407.16 3215.17 3370.60 3255.95 3543.95 3100.53 3580.51
26071-200-M6-052-00001 0.05239110440015793 2203.88 4053.49 2356.05 4042.42 2366.84 4190.74 2214.67 4201.81
26071-200-M6-052-00001 0.051498737186193466 5881.46 2399.47 5930.72 2399.79 5930.62 2416.02 5881.36 2415.70
26071-500-M6-059-00017 0.8039976954460144 6376.38 3097.02 6495.77 3124.28 6469.86 3237.73 6350.47 3210.47
26071-500-M6-059-00017 0.7741507291793823 4534.21 3099.02 4652.64 3112.86 4638.83 3231.02 4520.41 3217.18
26071-500-M6-059-00017 0.7527499794960022 6363.20 1588.71 6493.67 1599.56 6483.65 1720.02 6353.18 1709.17
26071-500-M6-059-00017 0.6227313280105591 4352.17 1585.35 4473.66 1587.45 4471.44 1716.15 4349.95 1714.05
26071-500-M6-059-00017 0.08536449074745178 3693.91 3208.67 3849.06 3248.59 3811.76 3393.55 3656.61 3353.63
26071-500-M6-059-00017 0.07728909701108932 4090.90 4048.79 4240.38 4059.59 4229.11 4215.52 4079.63 4204.71
26071-500-M6-059-00017 0.0769384354352951 6081.86 4045.14 6252.72 4067.10 6233.75 4214.69 6062.90 4192.74
26071-500-M6-059-00017 0.07469702512025833 2080.23 4054.88 2229.92 4062.32 2222.20 4217.60 2072.51 4210.15
26071-500-M6-059-00017 0.06342429667711258 5408.09 4804.01 5554.63 4816.12 5541.84 4970.96 5395.30 4958.85
26071-500-M6-059-00017 0.061090923845767975 5760.35 3732.11 5923.27 3724.90 5933.10 3946.98 5770.18 3954.19
26071-500-M6-059-00017 0.057643741369247437 1391.87 4803.20 1536.46 4816.33 1522.54 4969.68 1377.95 4956.56
26071-500-M6-059-00017 0.052739791572093964 1748.21 3760.42 1879.68 3756.66 1884.53 3926.41 1753.05 3930.16
26071-500-M6-059-00017 0.050207097083330154 3355.53 3208.54 3510.13 3217.53 3500.93 3375.72 3346.34 3366.73
26071-600-M6-066-00012 0.08076183497905731 3359.16 3157.85 3517.68 3181.90 3494.96 3331.69 3336.44 3307.64
26071-600-M6-066-00012 0.07082614302635193 3660.54 2127.42 3814.59 2158.54 3784.55 2307.28 3630.50 2276.16
26071-600-M6-066-00012 0.06437228620052338 7137.88 1575.54 7294.04 1591.95 7275.59 1767.53 7119.44 1751.13
26071-600-M6-066-00012 0.05563611164689064 5614.83 3848.43 5766.57 3881.55 5733.24 4034.20 5581.50 4001.07
26071-200-M6-052-00539 0.1113530695438385 5195.73 6025.29 5339.94 6057.76 5305.49 6210.73 5161.28 6178.25
26071-200-M6-052-00539 0.08140518516302109 4776.09 5553.84 4930.32 5583.70 4901.61 5732.01 4747.38 5702.15
26071-200-M6-052-00539 0.07432038336992264 3911.11 5379.04 4098.83 5362.05 4119.10 5586.00 3931.38 5602.99
26071-200-M6-052-00539 0.06633101403713226 3001.06 4852.49 3153.98 4873.81 3134.07 5016.59 2981.15 4995.27
26071-200-M6-052-00539 0.05568573623895645 4596.33 4726.09 4746.62 4754.78 4719.47 4896.99 4569.18 4868.29
26071-200-M6-052-00539 0.05463455989956856 2769.45 4566.83 2924.51 4582.59 2908.50 4740.10 2753.44 4724.34
26071-200-M6-052-00539 0.05249719321727753 2753.12 4859.57 2906.99 4856.30 2910.21 5007.80 2756.33 5011.06
26071-200-M6-052-00539 0.05159565806388855 4306.51 5555.89 4455.40 5581.88 4428.77 5734.46 4279.88 5708.47
26071-500-M6-059-00248 0.05885595083236694 2172.75 2491.93 2325.08 2502.09 2315.08 2652.10 2162.74 2641.94
26071-500-M6-059-00248 0.05699476599693298 6059.28 4454.36 6213.16 4443.19 6226.29 4624.17 6072.41 4635.33
26071-500-M6-059-00248 0.050899751484394073 3658.01 4733.54 3804.17 4756.06 3781.22 4905.04 3635.06 4882.53
26071-500-M6-059-00248 0.05087687075138092 6069.01 4730.28 6226.69 4746.09 6211.35 4899.08 6053.67 4883.27
26071-500-M6-059-00248 0.050511233508586884 2172.91 1307.03 2324.88 1317.11 2315.02 1465.89 2163.04 1455.82
26071-203-M6-325-00012 0.15020151436328888 278.47 2391.03 818.46 2394.11 818.10 2457.78 278.11 2454.71
26071-203-M6-325-00012 0.14057908952236176 272.00 4347.38 807.07 4339.31 808.04 4403.35 272.97 4411.42
26071-203-M6-325-00012 0.11796491593122482 278.69 5033.75 817.67 5029.87 818.13 5094.11 279.15 5097.98
26071-203-M6-325-00012 0.10983177274465561 279.46 3027.11 821.86 3019.76 822.74 3084.75 280.34 3092.11
26071-203-M6-325-00012 0.09991319477558136 275.38 3705.29 810.67 3721.25 808.88 3781.31 273.59 3765.35
26071-203-M6-325-00012 0.0875593051314354 268.42 5711.91 813.25 5732.94 810.76 5797.24 265.94 5776.20
26071-203-M6-325-00012 0.0714116245508194 265.66 1467.00 809.42 1460.33 810.19 1522.92 266.42 1529.59
26071-203-M6-325-00012 0.06896309554576874 3091.18 1223.88 3245.10 1244.25 3225.50 1392.34 3071.59 1371.97
26071-203-M6-325-00012 0.0648067444562912 3285.26 5174.20 3438.07 5173.43 3438.83 5326.69 3286.02 5327.45
26071-203-M6-325-00012 0.06089155003428459 3092.50 5439.64 3243.34 5457.13 3226.71 5600.58 3075.87 5583.09
26071-203-M6-325-00012 0.06004162132740021 3091.84 2106.04 3241.96 2122.83 3225.13 2273.21 3075.01 2256.41
26071-203-M6-325-00012 0.05643283948302269 2838.70 2771.50 2990.94 2786.43 2976.39 2934.84 2824.15 2919.91
26071-203-M6-325-00012 0.056373223662376404 2266.15 2779.66 2414.08 2785.67 2408.24 2929.62 2260.30 2923.62
26071-203-M6-325-00012 0.05287636071443558 3286.36 4466.92 3436.56 4491.42 3411.56 4644.69 3261.36 4620.19
26071-203-M6-325-00012 0.051791928708553314 3085.74 4747.35 3224.79 4739.51 3235.18 4923.88 3096.13 4931.72
26071-500-M6-059-00040 0.20042337477207184 3633.24 2836.21 3780.67 2823.02 3796.55 3000.42 3649.12 3013.61
26071-500-M6-059-00040 0.13964973390102386 2483.34 4451.23 2630.75 4464.92 2617.13 4611.57 2469.72 4597.88
26071-500-M6-059-00040 0.1347993016242981 3791.33 4445.58 3941.69 4466.96 3921.00 4612.46 3770.64 4591.08
26071-500-M6-059-00040 0.13420584797859192 3700.42 2560.41 3807.76 2570.70 3786.48 2792.78 3679.13 2782.50
26071-500-M6-059-00040 0.10783246159553528 2537.01 2669.08 2675.93 2695.95 2641.97 2871.49 2503.05 2844.61
26071-500-M6-059-00040 0.09923847764730453 6307.90 3030.06 6455.57 3029.67 6456.01 3194.53 6308.33 3194.92
26071-500-M6-059-00040 0.08932742476463318 2826.57 4899.51 2944.25 4921.45 2903.25 5141.35 2785.57 5119.41
26071-500-M6-059-00040 0.07824035733938217 2288.11 1547.29 2446.46 1553.53 2440.33 1709.14 2281.98 1702.90
26071-500-M6-059-00040 0.06506983190774918 3946.38 2604.07 4105.41 2626.42 4083.86 2779.78 3924.83 2757.43
26071-500-M6-059-00040 0.061186760663986206 6594.45 2007.15 6747.14 2030.19 6723.31 2188.15 6570.62 2165.12
26071-500-M6-059-00040 0.05492686852812767 2498.10 1345.50 2550.27 1299.73 2640.57 1402.65 2588.41 1448.42
26071-500-M6-059-00040 0.052633434534072876 4149.51 4733.94 4271.17 4756.18 4244.45 4902.31 4122.80 4880.07
26071-203-M6-333-00010 0.0716824010014534 5457.43 3663.36 6017.17 3649.79 6018.65 3710.74 5458.90 3724.31
26071-750-M6-085-00286 0.5317547917366028 3026.12 1234.07 3174.75 1306.23 3101.65 1456.77 2953.03 1384.61
26071-750-M6-085-00286 0.08626116067171097 5069.59 3265.64 5195.57 3263.93 5198.47 3477.06 5072.48 3478.78
26071-750-M6-085-00286 0.07109063863754272 5908.74 3256.92 6031.40 3261.50 6022.87 3489.88 5900.21 3485.31
26071-750-M6-085-00286 0.06449691206216812 5954.73 2951.05 6096.06 2981.76 6063.82 3130.11 5922.49 3099.39
26071-750-M6-085-00286 0.06301625072956085 5115.73 2961.01 5265.50 2980.62 5245.88 3130.53 5096.10 3110.93
26071-750-M6-085-00286 0.05449100211262703 4774.89 2958.58 4930.11 2980.87 4908.37 3132.25 4753.15 3109.96
26071-550-M6-084-00248 0.058785051107406616 2170.82 5916.05 2331.20 5932.41 2315.87 6082.78 2155.49 6066.42
26071-550-M6-084-00248 0.057708531618118286 4422.66 3994.89 4576.80 3935.28 4649.21 4122.52 4495.07 4182.13
26071-550-M6-084-00248 0.056434717029333115 5483.99 3431.32 5636.36 3445.26 5622.20 3600.01 5469.83 3586.07
26071-550-M6-084-00248 0.054152220487594604 3665.60 4259.36 3804.65 4286.50 3775.77 4434.47 3636.72 4407.33
26071-203-M6-332-00008 0.09646506607532501 4586.26 3845.47 4710.78 3834.27 4733.13 4082.92 4608.61 4094.11
26071-203-M6-332-00008 0.09346906840801239 7564.00 3287.99 7713.61 3298.77 7702.48 3453.18 7552.88 3442.40
26071-203-M6-332-00008 0.09336274117231369 2185.66 3844.75 2309.71 3832.27 2334.58 4079.51 2210.53 4091.98
26071-203-M6-332-00008 0.07484616339206696 5125.30 3279.62 5272.80 3300.92 5250.72 3453.81 5103.22 3432.51
26071-203-M6-332-00008 0.06315161287784576 2747.98 3281.36 2890.91 3300.72 2869.59 3458.20 2726.66 3438.84
26071-203-M6-332-00008 0.052419401705265045 7019.83 3827.13 7122.04 3825.47 7126.03 4071.27 7023.82 4072.93
26071-203-M6-332-00008 0.05056735873222351 1672.91 3371.58 1823.21 3400.63 1795.76 3542.70 1645.45 3513.66
26071-200-M6-052-00080 0.12863631546497345 5990.21 4822.97 6146.33 4816.23 6152.62 4961.98 5996.50 4968.72
26071-200-M6-052-00080 0.1014837846159935 2568.46 4817.64 2720.04 4813.34 2724.38 4966.29 2572.80 4970.59
26071-200-M6-052-00080 0.09698890149593353 3650.52 3847.33 3841.88 3846.09 3843.40 4080.29 3652.04 4081.53
26071-200-M6-052-00080 0.09190771728754044 7327.32 3364.04 7478.77 3374.63 7468.42 3522.75 7316.97 3512.16
26071-200-M6-052-00080 0.0804719626903534 7131.65 3855.42 7299.67 3878.50 7269.01 4101.70 7100.98 4078.62
26071-200-M6-052-00080 0.07675954699516296 3905.64 3356.81 4059.42 3381.62 4036.12 3526.01 3882.34 3501.20
26071-200-M6-052-00080 0.07434744387865067 3094.08 4724.48 3249.46 4729.19 3244.10 4905.89 3088.72 4901.18
26071-200-M6-052-00080 0.06753836572170258 6521.89 4568.47 6679.47 4582.68 6665.41 4738.62 6507.83 4724.41
26071-200-M6-052-00080 0.0608924925327301 3108.41 4554.35 3262.10 4580.06 3236.00 4736.06 3082.31 4710.35
26071-200-M6-052-00080 0.05786410719156265 2478.46 3825.98 2627.18 3855.70 2597.33 4005.03 2448.61 3975.30
26071-200-M6-052-00080 0.055429842323064804 1513.89 5363.40 1586.91 5300.43 1755.30 5495.70 1682.28 5558.67
26071-203-M6-321-00604 0.09370630234479904 3593.26 5400.44 3656.78 5399.44 3665.09 5922.75 3601.57 5923.76
26071-203-M6-321-00604 0.06670225411653519 4351.09 5373.61 4409.37 5374.46 4401.35 5927.16 4343.08 5926.32
26071-203-M6-321-00604 0.06414718180894852 2493.69 5405.57 2557.48 5405.91 2554.51 5969.48 2490.72 5969.15
26071-203-M6-321-00604 0.0632530078291893 3873.64 5391.00 3935.60 5385.58 3983.88 5936.97 3921.92 5942.39
26071-300-M6-053-00309 0.9701522588729858 2697.70 2450.62 2848.58 2451.30 2847.89 2604.28 2697.00 2603.59
26071-300-M6-053-00309 0.965376615524292 2469.67 4452.02 2617.87 4466.45 2603.35 4615.56 2455.15 4601.13
26071-300-M6-053-00309 0.09755361825227737 5490.42 4904.46 5625.49 4906.56 5622.33 5108.86 5487.26 5106.75
26071-300-M6-053-00309 0.08534249663352966 4753.88 4571.97 4901.37 4581.34 4892.02 4728.57 4744.53 4719.20
26071-300-M6-053-00309 0.0772920623421669 3121.33 3253.39 3271.43 3278.69 3246.42 3427.10 3096.32 3401.80
26071-300-M6-053-00309 0.06429893523454666 3318.16 3053.21 3504.64 3054.85 3502.58 3290.10 3316.10 3288.46
26071-300-M6-053-00309 0.06246879696846008 4078.12 5162.03 4232.74 5162.47 4232.13 5378.47 4077.51 5378.04
26071-300-M6-053-00309 0.060500890016555786 3355.73 5167.79 3521.43 5173.67 3514.36 5373.03 3348.66 5367.15
26071-300-M6-053-00309 0.05652168020606041 3003.97 5387.54 3155.38 5409.58 3135.13 5548.63 2983.72 5526.58
26071-300-M6-053-00309 0.05647191405296326 4584.45 3552.86 4727.50 3547.68 4734.11 3730.27 4591.06 3735.45
26071-300-M6-053-00309 0.051754266023635864 4077.20 3060.87 4244.41 3057.58 4248.33 3256.48 4081.11 3259.77
26071-300-M6-053-00309 0.051466695964336395 5951.82 2030.65 6102.95 2033.45 6099.59 2214.87 5948.46 2212.07
26071-450-M6-082-00009 0.10481853783130646 5132.88 4442.15 5279.21 4464.99 5254.92 4620.66 5108.59 4597.83
26071-450-M6-082-00009 0.07488183677196503 3354.27 4771.41 3510.34 4782.48 3499.16 4940.18 3343.08 4929.12
26071-450-M6-082-00009 0.07472638040781021 2038.52 3235.49 2180.52 3266.28 2146.68 3422.35 2004.68 3391.56
26071-450-M6-082-00009 0.07025802135467529 4893.08 4728.18 5043.69 4755.88 5017.79 4896.62 4867.19 4868.91
26071-450-M6-082-00009 0.0629514828324318 5264.76 1848.76 5406.93 1890.89 5363.60 2037.14 5221.43 1995.01
26071-450-M6-082-00009 0.06173083558678627 5178.19 6066.36 5331.17 6071.48 5326.30 6217.10 5173.33 6211.98
26071-450-M6-082-00009 0.06149081885814667 3131.52 4766.61 3278.01 4793.19 3250.95 4942.36 3104.46 4915.79
26071-450-M6-082-00009 0.055860478430986404 6893.20 5402.17 7043.57 5407.36 7038.56 5552.58 6888.19 5547.39
26071-450-M6-082-00009 0.053219228982925415 2336.91 1879.84 2482.87 1886.09 2476.17 2042.35 2330.22 2036.10
26071-450-M6-082-00009 0.05012841150164604 5975.40 5016.87 6176.48 5097.49 6120.01 5238.35 5918.93 5157.73
26071-200-M6-052-00552 0.07153017818927765 4531.11 4862.04 4679.26 4861.60 4679.71 5012.12 4531.55 5012.56
26071-200-M6-052-00552 0.06523030996322632 4173.09 4859.03 4325.37 4855.06 4329.38 5009.01 4177.10 5012.98
26071-200-M6-052-00552 0.050157152116298676 4180.69 4580.84 4324.83 4587.24 4318.44 4731.32 4174.30 4724.93
26071-750-M6-085-00007 0.0950230285525322 3676.97 2915.22 3819.59 2948.08 3785.52 3096.02 3642.89 3063.17
26071-750-M6-085-00007 0.07209497690200806 1072.97 3386.26 1220.29 3414.15 1192.64 3560.21 1045.32 3532.32
26071-750-M6-085-00007 0.06941991299390793 2653.37 3396.56 2800.44 3400.60 2796.31 3551.38 2649.23 3547.35
26071-750-M6-085-00007 0.0676511898636818 5962.00 4160.49 6109.49 4186.40 6083.78 4332.77 5936.29 4306.86
26071-750-M6-085-00007 0.06264550983905792 3186.75 3396.09 3335.08 3404.68 3326.45 3553.89 3178.12 3545.31
26071-750-M6-085-00007 0.0625443086028099 4538.61 4163.50 4688.17 4174.84 4676.62 4327.04 4527.07 4315.70
26071-750-M6-085-00007 0.062442898750305176 1590.42 3391.58 1740.34 3397.15 1734.70 3548.89 1584.78 3543.31
26071-750-M6-085-00007 0.05715641751885414 5012.18 3566.94 5080.79 3571.27 5065.92 3806.74 4997.31 3802.40
26071-750-M6-085-00007 0.05668840557336807 5042.21 2327.24 5191.91 2327.07 5192.09 2485.26 5042.39 2485.44
26071-750-M6-085-00007 0.05538226291537285 4176.16 4150.19 4335.66 4179.49 4307.07 4335.15 4147.56 4305.85
26071-750-M6-085-00007 0.05515265092253685 2782.48 2620.25 2938.63 2627.41 2930.47 2805.16 2774.33 2797.99
26071-750-M6-085-00007 0.0522451251745224 3657.74 2267.18 3805.11 2274.62 3797.10 2433.04 3649.74 2425.60
26071-750-M6-085-00007 0.05091463401913643 1710.30 1780.82 1858.12 1806.88 1832.76 1950.71 1684.94 1924.65
26071-750-M6-085-00007 0.05042167007923126 5054.68 2559.86 5199.66 2575.67 5182.78 2730.44 5037.80 2714.63
26071-203-M6-064-00271 0.10734733939170837 355.43 4853.03 887.32 4859.48 886.54 4923.60 354.66 4917.15
26071-203-M6-064-00271 0.07809048891067505 351.97 2604.59 893.07 2621.85 891.08 2684.27 349.98 2667.00
26071-203-M6-064-00271 0.07688496261835098 4927.60 3714.47 5029.24 3720.50 5015.45 3953.02 4913.81 3946.99
26071-203-M6-064-00271 0.07643032819032669 4165.27 6159.34 4280.40 6151.87 4294.41 6367.75 4179.28 6375.22
26071-203-M6-064-00271 0.06814473122358322 4016.85 5785.36 4118.55 5791.20 4103.00 6062.05 4001.30 6056.22
26071-203-M6-064-00271 0.05747101455926895 2221.50 3413.62 2337.56 3411.57 2341.16 3616.56 2225.10 3618.60
26071-203-M6-064-00271 0.057305458933115005 1707.87 4607.52 1861.10 4629.22 1839.98 4778.36 1686.76 4756.66
26071-203-M6-064-00271 0.05572017282247543 2045.70 3731.37 2157.53 3721.99 2172.47 3900.22 2060.64 3909.60
26071-203-M6-064-00271 0.051059361547231674 6256.99 1478.31 6367.63 1469.76 6381.60 1650.33 6270.96 1658.89
26071-203-M6-064-00271 0.05042291432619095 5961.62 1475.45 6078.35 1466.75 6092.60 1657.92 5975.88 1666.62
26071-203-M6-337-00031 0.0945533961057663 3029.20 324.48 3169.91 342.27 3150.04 499.40 3009.33 481.61
26071-203-M6-337-00031 0.09363196045160294 3388.77 327.62 3531.36 336.50 3521.61 493.07 3379.02 484.19
26071-203-M6-337-00031 0.0736127570271492 5644.35 2097.38 5788.12 2075.15 5816.74 2260.25 5672.97 2282.48
26071-203-M6-337-00031 0.06760779023170471 5646.60 2873.83 5801.14 2861.84 5816.04 3053.84 5661.50 3065.84
26071-203-M6-337-00031 0.06553123891353607 5652.04 1099.24 5806.13 1098.97 5806.48 1292.54 5652.38 1292.81
26071-203-M6-337-00031 0.06455960124731064 3627.23 583.95 3815.43 632.66 3770.50 806.24 3582.30 757.52
26071-203-M6-337-00031 0.06287138909101486 5645.28 2515.79 5794.80 2500.01 5815.02 2691.67 5665.50 2707.44
26071-203-M6-337-00031 0.06100020930171013 5676.56 1399.74 5820.41 1431.49 5780.45 1612.52 5636.60 1580.78
26071-203-M6-337-00031 0.058965716511011124 4953.27 2204.50 5021.39 2205.13 5020.22 2331.29 4952.09 2330.66
26071-203-M6-337-00031 0.058911219239234924 5666.30 1751.17 5817.91 1763.86 5801.77 1956.74 5650.16 1944.05
26071-203-M6-337-00031 0.057938188314437866 3547.79 1276.71 3708.02 1266.77 3719.91 1458.32 3559.67 1468.26
26071-203-M6-337-00031 0.05688188225030899 4865.67 1290.56 5012.70 1225.98 5093.80 1410.60 4946.77 1475.19
26071-203-M6-337-00031 0.05390601232647896 4873.32 1979.65 5030.08 1961.92 5055.31 2185.06 4898.55 2202.79
26071-203-M6-337-00031 0.05093146115541458 2713.54 4474.02 3407.49 4464.95 3410.13 4667.13 2716.18 4676.20
26071-203-M6-337-00031 0.05069875717163086 2256.53 2490.82 2377.51 2491.29 2376.89 2650.24 2255.91 2649.77
26071-203-M6-332-00001 0.09813656657934189 4300.43 2713.30 4435.91 2728.77 4408.05 2972.87 4272.57 2957.41
26071-203-M6-332-00001 0.09433294832706451 2698.73 1362.86 2844.81 1387.57 2820.56 1531.00 2674.47 1506.29
26071-203-M6-332-00001 0.07944554090499878 2645.39 3333.32 2854.57 3323.38 2864.25 3527.03 2655.07 3536.97
26071-203-M6-332-00001 0.07925485074520111 3968.45 2800.51 4144.14 2828.39 4116.31 3003.79 3940.62 2975.92
26071-203-M6-332-00001 0.07837911695241928 6070.40 2800.06 6245.48 2828.51 6217.01 3003.71 6041.94 2975.26
26071-203-M6-332-00001 0.07672596722841263 4893.76 1536.21 5043.46 1555.09 5024.90 1702.33 4875.20 1683.46
26071-203-M6-332-00001 0.07022634893655777 3843.03 2747.15 3979.56 2736.87 3995.94 2954.30 3859.42 2964.59
26071-203-M6-332-00001 0.06982447952032089 5653.67 2820.22 5810.58 2815.56 5816.04 2999.70 5659.13 3004.35
26071-203-M6-332-00001 0.0665917694568634 3547.37 2832.89 3695.55 2834.15 3693.66 3055.71 3545.48 3054.44
26071-203-M6-332-00001 0.06408155709505081 5959.61 2729.83 6077.63 2723.87 6088.79 2945.14 5970.77 2951.09
26071-203-M6-332-00001 0.0630936473608017 5248.64 2787.72 5403.24 2831.89 5351.30 3013.71 5196.70 2969.54
26071-203-M6-332-00001 0.05778326839208603 3147.03 2788.99 3303.52 2834.54 3250.93 3015.25 3094.44 2969.71
26071-203-M6-332-00001 0.0560968853533268 5724.61 1545.90 5872.81 1539.05 5879.89 1692.22 5731.69 1699.07
26071-203-M6-332-00001 0.05483822152018547 3624.53 1544.97 3773.47 1539.01 3779.66 1693.76 3630.72 1699.73
26071-203-M6-332-00001 0.05452736094594002 4588.44 3003.47 4748.68 3023.25 4722.73 3233.36 4562.50 3213.58
26071-203-M6-332-00001 0.0544525682926178 3438.81 2726.07 3575.14 2713.11 3598.22 2955.82 3461.88 2968.78
26071-203-M6-332-00001 0.053852953016757965 4463.74 1537.37 4629.89 1551.38 4615.74 1719.15 4449.60 1705.14
26071-203-M6-332-00001 0.053815457969903946 5539.36 2726.34 5674.45 2713.24 5697.94 2955.51 5562.85 2968.61
26071-203-M6-332-00001 0.05145924165844917 4691.36 2731.12 4822.61 2718.80 4846.05 2968.38 4714.80 2980.71
26071-203-M6-079-00001 0.10670359432697296 351.65 3916.27 899.43 3912.90 899.81 3974.12 352.02 3977.49
26071-203-M6-079-00001 0.08917132019996643 350.07 2021.55 897.30 2024.19 897.00 2086.00 349.77 2083.35
26071-203-M6-079-00001 0.078604556620121 353.76 2966.62 899.48 2971.88 898.89 3033.29 353.17 3028.04
26071-203-M6-079-00001 0.06892801821231842 349.83 4975.90 890.77 4974.57 890.92 5037.23 349.98 5038.56
26071-200-M6-052-00150 0.12193291634321213 6898.94 4491.29 7053.01 4499.71 7044.25 4660.00 6890.18 4651.58
26071-200-M6-052-00150 0.11334946751594543 4177.92 2839.09 4333.72 2872.35 4302.52 3018.50 4146.72 2985.25
26071-200-M6-052-00150 0.10294509679079056 5807.80 5615.32 5903.77 5619.74 5892.83 5857.23 5796.87 5852.81
26071-200-M6-052-00150 0.08822166174650192 3007.16 2848.74 3149.52 2861.71 3136.17 3008.28 2993.80 2995.30
26071-200-M6-052-00150 0.0802321806550026 2760.17 2846.53 2913.43 2846.48 2913.48 2999.17 2760.22 2999.22
26071-200-M6-052-00150 0.07694881409406662 996.54 1660.17 1146.18 1684.68 1122.05 1831.94 972.42 1807.42
26071-200-M6-052-00150 0.07067948579788208 3900.36 3479.49 4048.53 3497.46 4030.14 3649.10 3881.97 3631.12
26071-200-M6-052-00150 0.06425075232982635 2403.63 3974.19 2553.86 3980.38 2547.49 4135.10 2397.26 4128.91
26071-200-M6-052-00150 0.06306949257850647 6273.21 5577.36 6423.42 5599.58 6401.34 5748.83 6251.14 5726.61
26071-200-M6-052-00150 0.06302652508020401 4495.33 5628.98 4608.97 5624.35 4618.69 5863.22 4505.05 5867.84
26071-200-M6-052-00150 0.06018953025341034 2166.87 1061.14 2326.80 1070.84 2317.59 1222.76 2157.66 1213.06
26071-200-M6-052-00150 0.05966693535447121 6725.15 4868.28 6877.39 4889.87 6856.41 5037.84 6704.16 5016.25
26071-200-M6-052-00150 0.059412285685539246 5574.13 5929.73 5591.65 5929.25 5592.96 5976.65 5575.45 5977.14
26071-200-M6-052-00150 0.05754120275378227 6267.15 4498.04 6416.57 4504.98 6409.63 4654.34 6260.21 4647.40
26071-200-M6-052-00150 0.053602807223796844 5777.85 5059.55 5916.43 5048.83 5930.23 5227.37 5791.65 5238.09
26071-200-M6-052-00003 0.060827694833278656 3264.73 4755.63 3417.48 4751.66 3421.44 4904.17 3268.70 4908.14
26071-200-M6-052-00003 0.05570177361369133 3761.26 4759.84 3917.57 4765.73 3911.96 4914.38 3755.66 4908.48
26071-200-M6-052-00003 0.05320243909955025 2513.79 4175.08 2672.64 4174.23 2673.45 4325.65 2514.60 4326.50
26071-200-M6-052-00003 0.05145874246954918 4178.83 3155.82 4329.13 3164.33 4320.99 3308.08 4170.69 3299.57
26071-203-M6-320-00060 0.11411505937576294 275.52 4103.69 812.14 4102.83 812.23 4164.73 275.62 4165.59
26071-203-M6-321-00225 0.10500016063451767 293.39 5457.07 839.25 5463.25 838.57 5523.61 292.70 5517.43
26071-700-M6-054-00036 0.07960917800664902 3768.51 3491.35 3955.20 3490.69 3955.95 3700.23 3769.26 3700.89
26071-700-M6-054-00036 0.07429368048906326 4586.72 4697.06 4747.55 4705.17 4738.00 4894.72 4577.17 4886.62
26071-700-M6-054-00036 0.0706842690706253 4312.03 4880.84 4445.16 4894.51 4426.37 5077.49 4293.24 5063.82
26071-700-M6-054-00036 0.05257611349225044 3933.11 3550.73 4050.09 3462.18 4185.73 3641.38 4068.74 3729.93
26071-600-M6-065-00231 0.08702228218317032 6044.12 3316.73 6199.73 3312.70 6204.15 3483.19 6048.53 3487.22
26071-600-M6-065-00231 0.0694543793797493 7186.58 3546.10 7308.07 3548.30 7303.78 3786.06 7182.28 3783.86
26071-600-M6-065-00231 0.0656331405043602 6657.88 3544.70 6773.95 3528.82 6809.79 3790.89 6693.72 3806.77
26071-600-M6-065-00231 0.05552488937973976 6152.24 3666.90 6302.47 3693.46 6278.28 3830.30 6128.04 3803.73
26071-600-M6-065-00231 0.05377371236681938 6260.14 3751.01 6405.26 3746.16 6410.85 3913.54 6265.73 3918.39
26071-600-M6-065-00231 0.05025047808885574 3599.25 3047.95 3749.85 3041.86 3756.12 3196.71 3605.52 3202.81
26071-500-M6-059-00071 0.060278356075286865 7277.67 3303.86 7419.82 3343.93 7377.27 3494.87 7235.12 3454.80
26071-500-M6-059-00071 0.05570227652788162 4533.13 3721.34 4686.02 3727.26 4680.05 3881.45 4527.16 3875.53
26071-203-M6-320-00008 0.09567563980817795 4874.75 3853.54 5006.20 3852.92 5007.26 4077.50 4875.80 4078.12
26071-203-M6-320-00008 0.09523160010576248 267.54 2756.62 809.61 2752.03 810.13 2814.08 268.06 2818.66
26071-203-M6-320-00008 0.07034242898225784 7716.73 2426.79 8277.05 2416.81 8278.17 2479.96 7717.86 2489.94
26071-203-M6-320-00008 0.07015694677829742 4551.24 3889.14 4710.66 3915.90 4684.15 4073.88 4524.73 4047.13
26071-203-M6-320-00008 0.06789272278547287 2449.30 3922.13 2580.14 3917.30 2589.16 4161.60 2458.33 4166.43
26071-203-M6-320-00008 0.06780939549207687 243.71 1166.18 794.65 1163.49 794.95 1224.70 244.01 1227.40
26071-203-M6-320-00008 0.05823569744825363 2136.34 3999.62 2290.49 3992.99 2297.40 4153.69 2143.26 4160.32
26071-203-M6-320-00008 0.05059649050235748 4872.46 4136.27 5024.23 4116.70 5051.85 4330.81 4900.07 4350.39
26071-500-M6-059-00116 0.18589141964912415 3585.77 2400.21 3752.60 2422.14 3726.78 2618.61 3559.95 2596.69
26071-500-M6-059-00116 0.07269670069217682 6592.44 2358.61 6781.49 2309.62 6821.41 2463.69 6632.36 2512.68
26071-500-M6-059-00116 0.05475601181387901 5958.26 5785.48 6083.19 5782.82 6088.27 6021.27 5963.34 6023.93
26071-500-M6-059-00116 0.05058049410581589 5841.83 1779.52 5993.86 1800.79 5973.74 1944.64 5821.71 1923.38
26071-550-M6-084-00026 0.23601363599300385 4564.61 3268.70 4730.17 3304.01 4692.19 3482.07 4526.64 3446.76
26071-550-M6-084-00026 0.16961412131786346 2204.56 3290.18 2357.88 3327.76 2315.77 3499.57 2162.46 3461.99
26071-550-M6-084-00026 0.08003611117601395 4605.17 3478.57 4722.45 3477.51 4724.63 3717.93 4607.34 3718.99
26071-550-M6-084-00026 0.07907892763614655 4626.25 3004.66 4771.11 3020.62 4754.24 3173.80 4609.38 3157.84
26071-550-M6-084-00026 0.07538093626499176 2255.62 3007.29 2407.22 3018.44 2395.92 3172.07 2244.33 3160.93
26071-550-M6-084-00026 0.07398030906915665 6068.54 3559.56 6223.75 3583.11 6200.62 3735.50 6045.41 3711.95
26071-550-M6-084-00026 0.07206221669912338 2640.84 3064.28 2796.58 3067.50 2793.21 3230.57 2637.47 3227.34
26071-550-M6-084-00026 0.05379291996359825 5870.79 4256.93 5962.64 4265.46 5947.50 4428.39 5855.65 4419.85
26071-550-M6-084-00026 0.0527501180768013 4880.88 2896.28 4959.92 2905.06 4942.93 3057.88 4863.89 3049.09
26071-203-M6-337-00007 0.056575898081064224 5408.99 5141.01 5541.86 5209.97 5471.48 5345.58 5338.60 5276.62
26071-200-M6-052-00090 0.1901857852935791 5255.59 4144.50 5390.57 4177.34 5353.47 4329.89 5218.48 4297.05
26071-200-M6-052-00090 0.16597771644592285 2234.20 4148.54 2385.91 4179.29 2355.14 4331.06 2203.44 4300.30
26071-200-M6-052-00090 0.11036796122789383 3306.90 3446.21 3492.84 3441.21 3498.98 3669.18 3313.04 3674.19
26071-200-M6-052-00090 0.1073281317949295 6334.20 3458.90 6511.55 3465.41 6503.94 3672.49 6326.59 3665.97
26071-200-M6-052-00090 0.10065560787916183 3708.57 3786.67 3863.05 3795.49 3854.24 3949.72 3699.76 3940.90
26071-200-M6-052-00090 0.10013676434755325 5228.42 3974.15 5372.72 3989.97 5356.85 4134.69 5212.56 4118.87
26071-200-M6-052-00090 0.0881488174200058 5291.07 4538.72 5435.83 4569.78 5402.95 4722.99 5258.19 4691.92
26071-200-M6-052-00090 0.08758745342493057 2691.36 2058.26 2842.07 2076.77 2823.28 2229.81 2672.56 2211.30
26071-200-M6-052-00090 0.08421771973371506 2216.93 3971.24 2362.43 3986.35 2346.86 4136.38 2201.35 4121.27
26071-200-M6-052-00090 0.07940376549959183 5465.87 4555.46 5616.70 4554.44 5617.75 4709.59 5466.92 4710.62
26071-200-M6-052-00090 0.06581924855709076 2283.17 4542.29 2428.49 4574.09 2394.89 4727.64 2249.57 4695.84
26071-200-M6-052-00090 0.06346999108791351 3541.06 2992.17 3692.49 2994.43 3690.21 3147.33 3538.78 3145.06
26071-200-M6-052-00090 0.06268144398927689 6551.84 4533.02 6703.62 4537.57 6699.21 4684.53 6547.44 4679.98
26071-200-M6-052-00090 0.06167030334472656 2690.18 1728.01 2839.67 1754.45 2813.57 1902.03 2664.07 1875.59
26071-200-M6-052-00090 0.06091320514678955 3875.76 2560.02 4024.36 2583.02 4002.00 2727.52 3853.40 2704.52
26071-200-M6-052-00090 0.0604172945022583 3032.02 4138.99 3157.26 4159.72 3131.07 4317.99 3005.82 4297.25
26071-200-M6-052-00090 0.06032735854387283 2462.48 4560.92 2603.50 4584.74 2578.12 4734.94 2437.11 4711.12
26071-200-M6-052-00090 0.059507180005311966 2070.56 3435.03 2213.02 3423.53 2224.50 3565.79 2082.05 3577.29
26071-200-M6-052-00090 0.058342862874269485 3982.70 4554.10 4132.55 4576.29 4109.70 4730.57 3959.85 4708.38
26071-200-M6-052-00090 0.05792684480547905 2775.10 5074.57 2894.73 5071.10 2898.22 5191.78 2778.59 5195.24
26071-200-M6-052-00090 0.05253654345870018 4809.38 5802.25 4953.61 5799.81 4956.13 5948.75 4811.91 5951.19
26071-200-M6-052-00090 0.05221102386713028 5077.18 3423.83 5222.41 3434.36 5211.82 3580.36 5066.59 3569.83
26071-200-M6-052-00090 0.05162212625145912 951.44 4555.81 1107.87 4557.50 1106.15 4716.82 949.72 4715.13
26071-203-M6-320-00061 0.1897735297679901 1001.11 3626.68 1143.25 3710.21 1048.42 3871.55 906.29 3788.02
26071-203-M6-320-00061 0.10911200940608978 966.03 3937.05 1118.91 4002.73 1050.42 4162.18 897.53 4096.50
26071-203-M6-320-00061 0.05006697401404381 5660.63 4742.86 5748.27 4724.81 5800.48 4978.21 5712.84 4996.26
26071-600-M6-065-00037 0.06790909916162491 6111.19 2891.08 6260.83 2939.75 6211.51 3091.36 6061.87 3042.68
26071-600-M6-065-00037 0.06294543296098709 989.42 3871.63 1145.61 3899.00 1118.86 4051.65 962.67 4024.28
26071-600-M6-065-00037 0.05358552932739258 6373.35 3018.56 6525.12 3040.57 6503.04 3192.87 6351.27 3170.86
26071-600-M6-065-00037 0.05226542428135872 2453.89 2944.58 2613.74 2952.03 2606.45 3108.51 2446.59 3101.06
26071-300-M6-053-00010 0.08305549621582031 3592.62 2365.35 3740.84 2392.01 3712.88 2547.50 3564.66 2520.84
26071-300-M6-053-00010 0.07168392091989517 1862.80 3392.98 2007.35 3398.61 2001.41 3551.27 1856.87 3545.65
26071-300-M6-053-00010 0.05561114847660065 2456.23 5398.43 2606.74 5412.97 2592.62 5559.08 2442.12 5544.54
26071-300-M6-053-00010 0.053414665162563324 5903.27 2369.66 6051.54 2390.74 6030.75 2536.93 5882.48 2515.85
26071-300-M6-053-00010 0.050065670162439346 1580.93 3628.77 1737.08 3640.13 1725.96 3792.88 1569.82 3781.51
26071-203-M6-320-00042 0.5809928178787231 6374.68 2026.88 6529.72 2067.59 6485.84 2234.72 6330.79 2194.00
26071-203-M6-320-00042 0.07905767112970352 7696.12 2096.09 8270.39 2092.02 8270.85 2156.77 7696.58 2160.83
26071-203-M6-320-00042 0.06235421076416969 5279.08 3288.63 5396.44 3288.28 5397.19 3543.04 5279.83 3543.39
26071-203-M6-320-00042 0.051362454891204834 5272.75 2459.47 5428.08 2484.28 5404.01 2634.99 5248.68 2610.18
26071-200-M6-052-00540 0.06446622312068939 7783.92 743.70 7850.66 739.17 7877.94 1140.66 7811.20 1145.19
26071-200-M6-052-00540 0.050226546823978424 2725.54 5284.35 2791.73 5288.77 2763.10 5717.45 2696.91 5713.03
26071-200-M6-052-00540 0.05018412321805954 7211.66 5282.90 7275.97 5285.89 7256.19 5710.40 7191.88 5707.41
26071-203-M6-160-00291 0.24489574134349823 2736.79 5316.06 2915.81 5290.19 2941.26 5466.37 2762.24 5492.24
26071-203-M6-160-00291 0.10757321864366531 4262.37 3040.84 4415.73 3041.75 4414.84 3190.98 4261.49 3190.07
26071-203-M6-160-00291 0.09932897239923477 3364.46 5089.19 3522.35 5092.59 3519.19 5239.45 3361.29 5236.04
26071-203-M6-160-00291 0.08720281720161438 5226.76 5297.26 5402.53 5300.14 5399.69 5473.00 5223.92 5470.11
26071-203-M6-160-00291 0.078446164727211 2774.90 5495.72 2904.64 5499.20 2899.06 5707.08 2769.31 5703.59
26071-203-M6-160-00291 0.07097437977790833 4755.14 5140.34 4909.04 5144.65 4904.47 5308.04 4750.56 5303.72
26071-203-M6-160-00291 0.0604163222014904 2181.82 3336.74 2334.04 3361.86 2309.14 3512.65 2156.93 3487.52
26071-203-M6-160-00291 0.05998405069112778 2548.31 5103.65 2616.55 5099.30 2625.79 5243.97 2557.55 5248.32
26071-203-M6-160-00291 0.05563639849424362 6306.18 3195.47 6500.44 3322.58 6410.43 3460.14 6216.17 3333.03
26071-203-M6-160-00291 0.05447125434875488 1269.75 1180.18 1430.74 1179.02 1431.93 1345.37 1270.94 1346.52
26071-203-M6-160-00291 0.05423733964562416 3090.05 5051.62 3167.20 5060.43 3148.19 5226.86 3071.04 5218.05
26071-203-M6-160-00291 0.05395893007516861 2469.08 5899.82 2620.06 5914.30 2606.50 6055.72 2455.53 6041.24
26071-203-M6-160-00291 0.051709260791540146 5578.74 5035.49 5654.41 5041.15 5642.09 5205.68 5566.42 5200.01
26071-203-M6-160-00291 0.05050589516758919 2258.51 5140.35 2414.04 5136.60 2417.95 5298.76 2262.42 5302.51
26071-600-M6-066-00002 0.05765196308493614 6670.67 3612.30 6823.97 3641.85 6793.85 3798.10 6640.54 3768.54
26071-600-M6-066-00002 0.05744193494319916 4845.80 2685.68 5000.38 2680.46 5005.81 2841.36 4851.23 2846.58
26071-600-M6-066-00002 0.05106658488512039 4847.10 3510.67 5001.59 3511.29 5000.95 3668.89 4846.46 3668.27
26071-300-M6-053-00008 0.9365416169166565 5516.96 1186.07 5652.12 1253.79 5584.63 1388.51 5449.47 1320.79
26071-300-M6-053-00008 0.09829153120517731 349.37 2734.61 888.64 2732.01 888.93 2793.89 349.67 2796.49
26071-300-M6-053-00008 0.06266501545906067 7362.96 5830.89 7523.81 5842.50 7513.75 5981.76 7352.90 5970.14
26071-300-M6-053-00008 0.05669701471924782 4629.70 3255.11 4775.94 3280.51 4749.99 3429.96 4603.74 3404.56
26071-300-M6-053-00008 0.05322689563035965 5712.20 5260.31 5848.01 5334.41 5775.67 5466.99 5639.85 5392.89
26071-300-M6-053-00008 0.051576659083366394 4155.51 1242.45 4329.05 1244.31 4327.21 1416.30 4153.67 1414.44
26071-203-M6-060-00001 0.16105037927627563 4315.20 1126.43 4452.78 1153.76 4422.75 1304.90 4285.17 1277.56
26071-203-M6-060-00001 0.09189188480377197 344.32 4625.34 883.57 4620.20 884.15 4681.83 344.91 4686.97
26071-203-M6-060-00001 0.0818227231502533 2757.36 1161.64 2911.42 1157.63 2916.04 1335.31 2761.98 1339.31
26071-203-M6-060-00001 0.0760917216539383 350.96 2490.97 892.92 2500.60 891.80 2563.41 349.84 2553.78
26071-203-M6-060-00001 0.07078345119953156 2768.22 2244.60 2920.43 2263.02 2900.80 2425.27 2748.59 2406.86
26071-203-M6-060-00001 0.06374406814575195 344.81 5568.09 889.33 5565.36 889.64 5627.71 345.12 5630.43
26071-203-M6-060-00001 0.062360137701034546 2753.98 5058.92 2912.09 5049.00 2923.16 5225.50 2765.05 5235.41
26071-203-M6-060-00001 0.059794120490550995 2772.65 3193.65 2923.20 3213.76 2902.35 3369.84 2751.80 3349.73
26071-203-M6-060-00001 0.05659053102135658 2997.86 2249.64 3156.81 2262.05 3144.14 2424.23 2985.20 2411.82
26071-200-M6-063-00010 0.07425889372825623 3101.95 3946.06 3259.23 3985.64 3209.30 4184.06 3052.02 4144.48
26071-200-M6-063-00010 0.06985251605510712 4892.39 1655.39 5044.58 1680.02 5019.76 1833.40 4867.57 1808.77
26071-200-M6-063-00010 0.06677519530057907 3361.37 5431.84 3512.82 5454.44 3488.88 5614.83 3337.44 5592.23
26071-200-M6-063-00010 0.0585009939968586 1934.49 4259.18 2088.96 4276.42 2071.58 4432.10 1917.12 4414.86
26071-200-M6-063-00010 0.05521035194396973 4540.71 5441.29 4694.61 5461.42 4674.94 5611.73 4521.04 5591.59
26071-203-M6-060-00006 0.08863990753889084 7179.13 4100.50 7330.70 4107.57 7323.00 4272.69 7171.43 4265.62
26071-203-M6-060-00006 0.05844993144273758 7191.73 4445.40 7338.50 4449.86 7334.12 4594.12 7187.34 4589.66
26071-203-M6-060-00006 0.05414203926920891 3023.27 4187.57 3186.85 4202.15 3166.95 4425.51 3003.36 4410.93
26071-203-M6-060-00006 0.052651528269052505 2418.04 5451.16 2571.25 5461.66 2561.05 5610.37 2407.85 5599.87
26071-203-M6-060-00006 0.052289512008428574 3275.00 4229.90 3402.62 4236.36 3393.80 4410.71 3266.18 4404.25
26071-203-M6-060-00006 0.05199382081627846 2692.05 4696.43 2842.57 4708.21 2831.38 4851.06 2680.87 4839.27
26071-203-M6-060-00006 0.05120629444718361 2967.70 3334.82 3106.85 3346.45 3093.47 3506.43 2954.33 3494.79
26071-203-M6-060-00006 0.05116095021367073 2461.18 4201.29 2588.39 4219.60 2559.13 4422.98 2431.92 4404.68
26071-203-M6-325-00013 0.11004810780286789 271.86 3134.48 815.27 3154.27 813.00 3216.56 269.59 3196.77
26071-203-M6-325-00013 0.09245757758617401 6041.50 2446.48 6241.07 2428.83 6253.76 2572.27 6054.19 2589.93
26071-203-M6-325-00013 0.07980375736951828 6063.83 1852.05 6262.30 1819.82 6285.81 1964.58 6087.34 1996.81
26071-300-M6-053-00012 0.17421135306358337 6088.31 1489.45 6235.63 1515.95 6210.22 1657.19 6062.90 1630.69
26071-300-M6-053-00012 0.11583275347948074 5670.33 2273.07 5857.56 2259.75 5872.56 2470.60 5685.34 2483.92
26071-300-M6-053-00012 0.07832253724336624 5154.01 5488.35 5306.63 5477.49 5316.62 5617.98 5164.00 5628.83
26071-300-M6-053-00012 0.07144927233457565 3661.09 5648.46 3822.78 5628.16 3852.10 5861.74 3690.41 5882.04
26071-300-M6-053-00012 0.07144581526517868 4871.07 4764.41 4972.49 4733.71 5042.03 4963.44 4940.61 4994.14
26071-300-M6-053-00012 0.06803145259618759 6275.26 6415.54 6382.18 6413.15 6386.97 6627.41 6280.05 6629.80
26071-300-M6-053-00012 0.06413746625185013 5791.35 5646.94 5961.99 5656.24 5950.26 5871.45 5779.63 5862.15
26071-300-M6-053-00012 0.06314186751842499 6318.27 1774.90 6467.44 1805.29 6437.02 1954.57 6287.85 1924.18
26071-300-M6-053-00012 0.06193655729293823 5295.30 1560.57 5447.75 1583.86 5423.95 1739.66 5271.50 1716.37
26071-300-M6-053-00012 0.059733979403972626 3882.42 3623.61 4037.88 3643.19 4019.13 3792.03 3863.67 3772.44
26071-300-M6-053-00012 0.05928509682416916 6175.57 5470.14 6327.32 5486.68 6310.97 5636.76 6159.21 5620.22
26071-300-M6-053-00012 0.05891048535704613 6321.36 2478.28 6467.07 2515.47 6430.73 2657.84 6285.02 2620.64
26071-300-M6-053-00012 0.05772852525115013 3339.88 5440.73 3449.18 5527.41 3349.51 5653.09 3240.21 5566.40
26071-300-M6-053-00012 0.05491761118173599 4723.06 2368.19 4871.70 2397.52 4843.60 2539.95 4694.97 2510.63
26071-300-M6-053-00012 0.05211808159947395 4296.41 5477.14 4444.08 5482.65 4438.51 5631.85 4290.84 5626.34
26071-675-M6-068-00034 0.08686555922031403 6773.56 2712.68 6925.42 2732.10 6906.56 2879.55 6754.71 2860.13
26071-675-M6-068-00034 0.06828822195529938 4992.90 2847.08 5139.06 2900.79 5087.18 3041.97 4941.01 2988.26
26071-675-M6-068-00034 0.055823810398578644 3453.73 4819.07 3570.72 4851.12 3505.26 5090.13 3388.27 5058.09
26071-675-M6-068-00034 0.05159967020153999 2855.76 4797.16 2905.81 4797.02 2905.86 4812.32 2855.80 4812.46
26071-675-M6-068-00034 0.05037633702158928 3788.42 4920.19 3906.53 4924.05 3904.55 4984.54 3786.45 4980.68
26071-450-M6-082-00031 0.32827866077423096 3701.09 6228.17 3851.34 6242.77 3836.95 6390.86 3686.70 6376.26
26071-450-M6-082-00031 0.0767383798956871 3281.14 2445.25 3432.77 2461.94 3415.55 2618.42 3263.91 2601.73
26071-450-M6-082-00031 0.07340192794799805 3928.13 2685.10 4078.97 2699.99 4064.10 2850.58 3913.26 2835.69
26071-450-M6-082-00031 0.06948491185903549 3614.21 3254.29 3791.14 3238.54 3808.42 3432.74 3631.50 3448.49
26071-450-M6-082-00031 0.0670790821313858 2990.58 2687.67 3152.84 2688.41 3152.15 2838.88 2989.90 2838.15
26071-450-M6-082-00031 0.056249961256980896 3762.39 6429.32 3863.56 6460.24 3795.80 6682.02 3694.63 6651.10
26071-450-M6-082-00031 0.05241410806775093 4096.91 2674.31 4238.87 2695.03 4218.23 2836.46 4076.27 2815.74
26071-450-M6-082-00031 0.05003611743450165 5378.06 1836.81 5517.37 1869.26 5481.15 2024.74 5341.84 1992.30
26071-200-M6-062-00276 0.06964945048093796 2116.80 1907.70 2267.00 1926.07 2249.73 2067.25 2099.54 2048.88
26071-200-M6-062-00276 0.06468884646892548 1466.03 3662.70 1616.40 3680.61 1598.06 3834.50 1447.69 3816.58
26071-200-M6-062-00276 0.05982388183474541 4770.75 3794.98 4927.67 3806.73 4915.98 3962.67 4759.07 3950.91
26071-200-M6-062-00276 0.05975523218512535 3804.41 3689.95 3990.92 3709.56 3971.36 3895.57 3784.85 3875.96
26071-500-M6-059-00011 0.06958211213350296 4409.81 4576.63 4560.39 4575.98 4561.07 4732.28 4410.49 4732.94
26071-500-M6-059-00011 0.054945167154073715 3251.07 4555.49 3395.75 4586.11 3362.53 4743.05 3217.85 4712.42
26071-600-M6-065-00021 0.0632701888680458 6868.64 2567.71 7023.66 2572.70 7018.77 2724.62 6863.75 2719.62
26071-600-M6-065-00021 0.06229136139154434 5172.59 5364.36 5348.28 5360.27 5353.30 5576.36 5177.61 5580.44
26071-600-M6-065-00021 0.06049374118447304 3862.29 1563.33 4010.67 1580.07 3993.94 1728.35 3845.57 1711.61
26071-600-M6-065-00021 0.0583411380648613 7266.72 3631.66 7424.19 3644.87 7410.69 3805.87 7253.22 3792.67
26071-600-M6-065-00021 0.056367579847574234 5555.30 5174.16 5705.97 5199.45 5681.61 5344.56 5530.95 5319.27
26071-600-M6-065-00021 0.056154053658246994 5365.41 3898.21 5514.33 3932.10 5478.36 4090.16 5329.44 4056.27
26071-600-M6-065-00021 0.05554278567433357 7270.54 3907.47 7422.46 3926.36 7403.43 4079.42 7251.51 4060.53
26071-600-M6-065-00021 0.05404546856880188 3815.66 5178.47 3967.69 5192.89 3953.65 5340.92 3801.62 5326.50
26071-500-M6-059-00013 0.18299947679042816 2804.07 5154.04 2964.99 5132.63 2985.40 5285.99 2824.48 5307.41
26071-500-M6-059-00013 0.1513390988111496 5168.90 5170.85 5319.64 5170.27 5320.22 5320.01 5169.48 5320.59
26071-500-M6-059-00013 0.09858106821775436 2687.77 3466.49 2841.70 3470.82 2837.45 3621.81 2683.52 3617.48
26071-500-M6-059-00013 0.09507409483194351 2775.78 4710.57 2936.42 4731.52 2914.98 4895.98 2754.33 4875.03
26071-500-M6-059-00013 0.058008644729852676 2792.03 4964.75 2998.53 4852.20 3146.53 5123.74 2940.03 5236.29
26071-500-M6-059-00013 0.057407788932323456 7402.90 2364.80 7469.74 2358.38 7482.77 2494.04 7415.93 2500.46
26071-500-M6-059-00013 0.05152592808008194 6973.25 2957.76 7049.93 2938.46 7088.04 3089.87 7011.36 3109.17
26071-500-M6-059-00044 0.1528969556093216 3562.78 4431.62 3710.88 4458.82 3683.46 4608.11 3535.36 4580.91
26071-500-M6-059-00044 0.11556784808635712 5604.36 4433.57 5751.94 4458.68 5726.42 4608.68 5578.85 4583.57
26071-500-M6-059-00044 0.10435657203197479 2023.25 4432.73 2172.42 4453.58 2151.77 4601.35 2002.59 4580.49
26071-500-M6-059-00044 0.10115675628185272 7144.30 4430.60 7289.37 4458.31 7260.25 4610.73 7115.18 4583.01
26071-500-M6-059-00044 0.08596909046173096 2445.62 4557.89 2604.37 4553.95 2608.20 4708.40 2449.46 4712.34
26071-500-M6-059-00044 0.08366285264492035 7558.21 4557.95 7720.20 4562.26 7716.18 4713.20 7554.20 4708.89
26071-500-M6-059-00044 0.08161461353302002 4511.66 2840.57 4651.13 2858.92 4630.95 3012.29 4491.48 2993.94
26071-500-M6-059-00044 0.08096052706241608 6033.51 4562.14 6186.61 4567.06 6181.50 4726.19 6028.40 4721.27
26071-500-M6-059-00044 0.07372497022151947 3264.48 1757.08 3407.73 1770.24 3393.35 1926.78 3250.09 1913.61
26071-500-M6-059-00044 0.07346627861261368 4900.59 4505.90 5046.79 4526.62 5025.26 4678.52 4879.06 4657.80
26071-500-M6-059-00044 0.06413773447275162 4004.37 4543.27 4156.74 4581.84 4120.45 4725.21 3968.08 4686.64
26071-500-M6-059-00044 0.06280093640089035 3888.48 4390.01 3967.74 4404.72 3934.35 4584.59 3855.09 4569.88
26071-500-M6-059-00044 0.06175321340560913 5919.36 4392.44 5997.42 4398.42 5983.52 4579.98 5905.46 4574.01
26071-500-M6-059-00044 0.059476543217897415 3599.87 4679.25 3727.89 4694.00 3695.42 4975.99 3567.39 4961.24
26071-500-M6-059-00044 0.05822873115539551 2340.96 4396.62 2421.14 4403.16 2407.08 4575.49 2326.90 4568.95
26071-500-M6-059-00044 0.056623876094818115 7466.31 4392.03 7544.25 4404.63 7515.50 4582.51 7437.57 4569.92
26071-500-M6-059-00044 0.05391547083854675 6471.85 4960.64 6542.20 4964.32 6535.89 5084.88 6465.54 5081.19
26071-500-M6-059-00044 0.05326782539486885 6896.56 4413.12 6966.15 4411.18 6970.69 4574.34 6901.10 4576.27
26071-500-M6-059-00044 0.05225108936429024 1296.65 2018.17 1430.71 2020.32 1428.01 2189.44 1293.95 2187.30
26071-500-M6-059-00044 0.050306934863328934 3562.93 4958.50 3679.81 4953.96 3688.38 5174.31 3571.50 5178.86
26071-200-M6-052-00093 0.20924898982048035 4428.91 1710.90 4579.10 1706.87 4583.31 1863.73 4433.11 1867.76
26071-200-M6-052-00093 0.11349298804998398 4306.70 2440.64 4457.87 2475.12 4424.27 2622.47 4273.09 2588.00
26071-200-M6-052-00093 0.09814687818288803 3855.28 1707.07 3997.08 1729.27 3974.57 1873.05 3832.78 1850.86
26071-200-M6-052-00093 0.09384580701589584 992.25 2365.23 1144.12 2385.15 1124.75 2532.80 972.89 2512.89
26071-200-M6-052-00093 0.09019636362791061 3845.72 2057.33 3997.20 2072.81 3982.17 2219.84 3830.69 2204.36
26071-200-M6-052-00093 0.08907466381788254 4271.10 4693.51 4443.96 4678.86 4458.32 4848.26 4285.46 4862.92
26071-200-M6-052-00093 0.0812608003616333 6363.52 3322.90 6516.38 3325.01 6514.34 3472.89 6361.48 3470.78
26071-200-M6-052-00093 0.08062805235385895 4300.49 4845.42 4446.11 4854.71 4434.98 5029.00 4289.36 5019.70
26071-200-M6-052-00093 0.08056079596281052 5321.80 6174.10 5472.80 6190.05 5457.03 6339.30 5306.03 6323.34
26071-200-M6-052-00093 0.07975222915410995 3868.14 4051.27 4008.47 4087.04 3969.91 4238.34 3829.58 4202.58
26071-200-M6-052-00093 0.07869062572717667 4432.28 4041.87 4586.83 4040.89 4587.79 4193.38 4433.25 4194.36
26071-200-M6-052-00093 0.07257048040628433 5242.54 2365.67 5396.51 2386.97 5376.11 2534.46 5222.13 2513.16
26071-200-M6-052-00093 0.07067837566137314 3508.95 1865.74 3661.71 1875.97 3651.96 2021.54 3499.20 2011.32
26071-200-M6-052-00093 0.07019095122814178 3837.14 4296.55 3998.55 4304.13 3991.18 4461.32 3829.77 4453.74
26071-200-M6-052-00093 0.06807498633861542 4639.15 3830.58 4793.18 3875.44 4741.95 4051.35 4587.92 4006.49
26071-200-M6-052-00093 0.06629463285207748 4440.40 2047.44 4601.44 2078.74 4573.22 2223.93 4412.18 2192.63
26071-200-M6-052-00093 0.06490633636713028 4430.68 4299.77 4586.62 4296.41 4590.13 4459.22 4434.18 4462.57
26071-200-M6-052-00093 0.05919705331325531 2590.20 3317.69 2742.21 3316.40 2743.56 3473.99 2591.54 3475.28
26071-200-M6-052-00093 0.05873259902000427 1000.78 2076.98 1145.78 2100.84 1121.21 2250.23 976.20 2226.37
26071-200-M6-052-00093 0.05630801245570183 4567.92 1431.01 4749.70 1433.51 4746.34 1677.39 4564.56 1674.88
26071-200-M6-052-00093 0.05596143752336502 2769.07 945.81 2920.90 963.59 2902.73 1118.79 2750.89 1101.01
26071-200-M6-052-00093 0.053788796067237854 3901.79 3812.28 4059.84 3851.00 4011.33 4048.96 3853.29 4010.24
26071-200-M6-052-00093 0.05376773327589035 4576.74 4432.92 4756.53 4451.05 4731.68 4697.48 4551.89 4679.35
26071-200-M6-052-00093 0.053572170436382294 5828.71 3320.06 5977.96 3317.90 5980.18 3470.71 5830.92 3472.87
26071-200-M6-052-00093 0.05323972553014755 4297.84 2680.28 4445.51 2690.36 4435.11 2842.72 4287.44 2832.64
26071-200-M6-052-00093 0.05179751664400101 2522.03 962.89 2672.88 965.60 2670.20 1114.70 2519.34 1111.98
26071-200-M6-052-00093 0.051051557064056396 2645.98 1917.02 2714.66 1918.84 2711.34 2044.00 2642.66 2042.18
26071-200-M6-052-00093 0.05091136693954468 4025.34 4442.74 4107.31 4473.79 4020.12 4703.95 3938.15 4672.89
26071-200-M6-052-00093 0.050101522356271744 5560.59 4394.67 5712.81 4426.83 5679.29 4585.47 5527.07 4553.31
26071-200-M6-052-00002 0.08456387370824814 3942.08 2136.92 4092.02 2143.46 4085.20 2299.80 3935.27 2293.26
26071-200-M6-052-00002 0.08076156675815582 2167.45 3206.12 2320.42 3208.41 2318.15 3360.34 2165.17 3358.05
26071-200-M6-052-00002 0.07322027534246445 6975.61 4172.08 7095.66 4184.02 7083.28 4308.46 6963.23 4296.52
26071-200-M6-052-00002 0.05965959653258324 1297.10 1180.25 1413.83 1177.33 1416.83 1296.91 1300.09 1299.83
26071-200-M6-052-00002 0.05758721008896828 3592.25 3097.27 3774.84 3136.70 3732.02 3334.97 3549.43 3295.53
26071-675-M6-068-10002 0.06175778806209564 4566.90 1592.21 4728.85 1569.29 4753.65 1744.50 4591.70 1767.42
26071-675-M6-068-10002 0.05558285489678383 3425.25 4407.39 3540.02 4433.55 3478.90 4701.75 3364.12 4675.59
26071-675-M6-068-10002 0.05474225804209709 7566.01 2016.00 7721.36 1995.01 7744.03 2162.77 7588.68 2183.76
26071-675-M6-068-10002 0.052808284759521484 5426.16 1874.05 5589.31 1835.49 5630.16 2008.34 5467.01 2046.90
26071-750-M6-085-00012 0.9182665348052979 873.80 3749.86 1031.81 3765.74 1016.04 3922.58 858.04 3906.70
26071-750-M6-085-00012 0.8916878700256348 6185.47 1558.13 6338.43 1569.42 6327.07 1723.29 6174.12 1712.00
26071-750-M6-085-00012 0.8866854906082153 1539.32 3735.42 1688.96 3781.32 1640.45 3939.50 1490.80 3893.60
26071-750-M6-085-00012 0.8814615607261658 4013.08 1561.35 4163.55 1569.42 4155.29 1723.40 4004.82 1715.33
26071-750-M6-085-00012 0.13642284274101257 1094.80 1791.02 1169.32 1790.87 1169.55 1909.78 1095.04 1909.93
26071-750-M6-085-00012 0.08556278795003891 1812.65 3448.74 1968.79 3459.34 1958.28 3614.09 1802.14 3603.49
26071-750-M6-085-00012 0.07562278211116791 3012.14 3363.75 3160.55 3398.85 3124.54 3551.11 2976.13 3516.01
26071-750-M6-085-00012 0.07111088931560516 3472.78 4568.11 3617.00 4590.41 3591.28 4756.72 3447.06 4734.42
26071-750-M6-085-00012 0.06617024540901184 3051.79 3801.37 3252.87 3926.03 3175.48 4050.85 2974.41 3926.19
26071-750-M6-085-00012 0.06318210065364838 7240.00 4872.86 7406.33 4875.81 7403.52 5033.42 7237.20 5030.46
26071-750-M6-085-00012 0.060726575553417206 5110.39 4849.14 5241.45 4923.54 5167.08 5054.56 5036.02 4980.17
26071-750-M6-085-00012 0.060014206916093826 6967.66 4236.01 7121.60 4242.99 7111.76 4460.17 6957.82 4453.20
26071-750-M6-085-00012 0.0595998615026474 2960.50 4877.34 3108.98 4874.87 3111.50 5026.22 2963.02 5028.70
26071-750-M6-085-00012 0.057032354176044464 2803.71 4875.27 2955.85 4893.61 2937.06 5049.52 2784.92 5031.18
26071-750-M6-085-00012 0.05692905932664871 6257.40 3264.65 6400.41 3274.15 6391.08 3414.74 6248.06 3405.25
26071-750-M6-085-00012 0.05487601086497307 5148.72 3486.33 5294.08 3509.53 5269.93 3660.87 5124.56 3637.67
26071-750-M6-085-00012 0.05412041395902634 5275.82 4860.27 5430.36 4883.24 5407.78 5035.09 5253.24 5012.11
26071-750-M6-085-00012 0.05111183226108551 5596.29 3269.74 5740.45 3291.64 5718.84 3433.88 5574.67 3411.98
26071-750-M6-085-00012 0.05080702528357506 7457.98 4868.05 7609.58 4877.64 7599.37 5039.22 7447.76 5029.63
26071-750-M6-085-00012 0.05057438835501671 2665.12 4260.50 2811.48 4273.14 2795.77 4455.13 2649.41 4442.49
26071-600-M6-065-00259 0.11165963858366013 7958.04 4955.34 8111.59 4967.39 8096.00 5166.03 7942.45 5153.98
26071-600-M6-065-00259 0.09640185534954071 619.38 2260.39 773.48 2242.78 795.74 2437.55 641.65 2455.17
26071-600-M6-065-00259 0.08744238317012787 7606.04 4950.77 7748.29 4974.41 7717.26 5161.14 7575.01 5137.50
26071-600-M6-065-00259 0.0746740773320198 973.69 2259.39 1129.42 2247.75 1144.91 2455.01 989.17 2466.64
26071-600-M6-065-00259 0.058101724833250046 7779.62 4748.75 7930.50 4775.19 7905.15 4919.86 7754.27 4893.42
26071-600-M6-065-00259 0.052874162793159485 998.81 881.57 1119.59 880.32 1120.83 1000.41 1000.05 1001.66
26071-200-M6-052-00544 0.08747619390487671 4235.13 3849.00 4374.30 3824.35 4414.21 4049.61 4275.04 4074.27
26071-200-M6-052-00544 0.07597720623016357 4515.85 3550.36 4675.20 3570.14 4655.80 3726.43 4496.45 3706.65
26071-200-M6-052-00544 0.06657011061906815 3124.96 3860.75 3276.12 3884.72 3252.03 4036.67 3100.87 4012.70
26071-200-M6-052-00544 0.06096087023615837 3773.25 2683.61 3921.55 2688.54 3916.42 2843.15 3768.11 2838.23
26071-200-M6-052-00544 0.05685991421341896 1459.70 3963.01 1614.40 3967.50 1609.85 4124.20 1455.15 4119.71
26071-200-M6-052-00544 0.05564830079674721 1160.97 3788.02 1315.31 3790.09 1313.24 3944.08 1158.90 3942.01
26071-200-M6-052-00544 0.054071228951215744 4772.16 3868.21 4923.49 3882.55 4909.49 4030.33 4758.16 4016.00
26071-200-M6-052-00544 0.0528380461037159 2244.03 3060.80 2393.45 3101.91 2353.00 3248.93 2203.58 3207.83
26071-200-M6-052-00544 0.052525993436574936 3590.28 3863.75 3739.39 3883.43 3718.79 4039.41 3569.68 4019.72
26071-600-M6-066-00003 0.12274686247110367 5491.98 1816.58 5641.34 1842.80 5615.15 1991.96 5465.79 1965.74
26071-600-M6-066-00003 0.10264024138450623 3226.49 1835.96 3384.60 1834.38 3386.06 1980.75 3227.96 1982.33
26071-600-M6-066-00003 0.09768795222043991 3474.55 1825.40 3623.57 1838.45 3610.86 1983.61 3461.84 1970.56
26071-600-M6-066-00003 0.09231196343898773 5245.55 1822.36 5401.39 1842.27 5383.56 1981.85 5227.72 1961.95
26071-600-M6-066-00003 0.057297512888908386 6356.74 4175.46 6512.48 4199.36 6489.88 4346.67 6334.13 4322.78
26071-600-M6-066-00003 0.05434262380003929 6069.29 4171.69 6226.23 4171.65 6226.27 4347.41 6069.33 4347.45
26071-750-M6-085-00309 0.16317898035049438 5828.62 3134.61 5949.98 3153.87 5930.00 3279.73 5808.64 3260.47
26071-750-M6-085-00309 0.1146467998623848 5808.18 2648.29 5950.62 2659.27 5935.58 2854.37 5793.14 2843.39
26071-750-M6-085-00309 0.09841877222061157 6066.68 3861.04 6225.83 3873.95 6213.44 4026.73 6054.29 4013.81
26071-750-M6-085-00309 0.07310692220926285 2696.50 4147.81 2846.34 4184.50 2808.19 4340.28 2658.35 4303.59
26071-750-M6-085-00309 0.06549053639173508 6073.16 2196.27 6222.29 2206.45 6212.00 2357.23 6062.87 2347.05
