26071-200-M6-052-00001 0.19764964282512665 5662.98 1612.75 5743.03 1624.14 5732.35 1699.22 5652.29 1687.83
26071-200-M6-052-00001 0.08344022184610367 1778.96 1089.59 1869.05 1087.35 1870.24 1135.62 1780.16 1137.85
26071-200-M6-052-00001 0.08275498449802399 5002.54 4558.39 5079.12 4564.80 5072.82 4640.20 4996.23 4633.79
26071-500-M6-059-00017 0.08032408356666565 674.26 3476.35 827.95 3486.88 817.53 3639.06 663.84 3628.54
26071-500-M6-059-00017 0.05698361247777939 671.76 3188.61 826.98 3195.03 820.74 3345.81 665.52 3339.38
26071-600-M6-066-00012 0.05872081220149994 4629.46 4638.27 4695.73 4625.19 4711.14 4703.34 4644.87 4716.41
26071-600-M6-066-00012 0.054694656282663345 5977.08 3924.10 6067.39 3919.15 6070.01 3967.09 5979.70 3972.04
26071-600-M6-066-00012 0.053972698748111725 3674.91 3155.25 3827.56 3164.68 3818.09 3318.07 3665.43 3308.64
26071-600-M6-066-00012 0.05167355388402939 6276.43 2033.75 6363.04 2026.21 6367.17 2073.54 6280.56 2081.08
26071-500-M6-059-00248 0.056601110845804214 2960.35 4665.60 3034.99 4672.58 3027.86 4748.81 2953.22 4741.83
26071-500-M6-059-00040 0.06622908264398575 4193.83 5682.59 4300.14 5687.56 4296.33 5769.09 4190.02 5764.12
26071-500-M6-059-00040 0.05145447701215744 4320.92 2857.83 4414.92 2857.13 4415.27 2904.24 4321.26 2904.93
26071-500-M6-059-00040 0.050171878188848495 1623.50 2386.01 1722.50 2385.40 1722.78 2431.73 1623.78 2432.34
26071-750-M6-085-00286 0.05908040329813957 3883.55 2564.89 4036.68 2570.54 4031.15 2720.42 3878.03 2714.78
26071-550-M6-084-00248 0.16737283766269684 2910.16 4190.40 2990.73 4195.71 2985.73 4271.54 2905.16 4266.23
26071-203-M6-332-00008 0.09954392164945602 1860.28 4562.89 2006.88 4539.24 2031.86 4694.09 1885.26 4717.74
26071-203-M6-332-00008 0.06917721033096313 1956.75 3670.13 2003.29 3677.42 1995.86 3724.83 1949.32 3717.54
26071-203-M6-332-00008 0.05474090203642845 4361.40 3665.97 4405.11 3682.57 4388.47 3726.39 4344.75 3709.79
26071-203-M6-332-00008 0.05288173258304596 1884.00 4925.45 2034.75 4963.21 1995.61 5119.46 1844.86 5081.70
26071-200-M6-052-00080 0.1737290769815445 5576.83 4161.11 5656.02 4163.10 5653.97 4244.82 5574.78 4242.84
26071-200-M6-052-00080 0.15479883551597595 2157.27 4159.17 2234.51 4167.96 2225.33 4248.59 2148.09 4239.80
26071-200-M6-052-00080 0.08774217218160629 6757.31 1704.57 6804.92 1705.77 6802.60 1797.34 6755.00 1796.14
26071-200-M6-052-00080 0.053099360316991806 2779.19 6460.39 2871.05 6460.06 2871.22 6507.80 2779.36 6508.12
26071-300-M6-053-00309 0.1455971598625183 5447.52 5783.16 5591.32 5728.17 5648.43 5877.54 5504.63 5932.52
26071-300-M6-053-00309 0.09840881824493408 4984.15 909.36 5142.83 850.42 5201.42 1008.17 5042.74 1067.11
26071-300-M6-053-00309 0.05466300994157791 7471.22 5984.88 7635.98 5991.80 7628.96 6158.85 7464.20 6151.93
26071-300-M6-053-00309 0.05295465141534805 5381.71 3450.77 5477.46 3448.53 5478.55 3495.24 5382.80 3497.48
26071-300-M6-053-00309 0.051883090287446976 4308.57 2084.76 4385.84 2060.22 4416.89 2158.04 4339.62 2182.57
26071-450-M6-082-00009 0.1067575067281723 2765.74 4774.36 2916.75 4782.99 2908.31 4930.74 2757.29 4922.11
26071-450-M6-082-00009 0.08720194548368454 4890.40 5750.51 5037.12 5759.00 5028.31 5911.22 4881.60 5902.73
26071-450-M6-082-00009 0.07048047333955765 6079.70 5738.55 6198.67 5733.43 6205.98 5903.32 6087.01 5908.44
26071-450-M6-082-00009 0.06798116862773895 2043.25 3682.92 2191.47 3694.60 2179.45 3847.26 2031.22 3835.58
26071-450-M6-082-00009 0.05566944181919098 2641.18 1876.91 2794.02 1879.77 2791.19 2031.06 2638.35 2028.19
26071-450-M6-082-00009 0.05278492346405983 5240.75 1573.24 5392.70 1577.50 5388.40 1730.98 5236.45 1726.72
26071-450-M6-082-00009 0.05010387673974037 6307.25 4452.40 6456.38 4468.75 6440.14 4616.88 6291.01 4600.53
26071-750-M6-085-00007 0.13910791277885437 6798.45 5682.50 6885.74 5679.08 6888.63 5753.03 6801.35 5756.44
26071-750-M6-085-00007 0.09283404797315598 6362.28 4162.04 6509.15 4168.00 6502.85 4323.46 6355.98 4317.51
26071-203-M6-337-00031 0.06543517857789993 5383.13 677.98 5510.24 594.41 5660.67 823.19 5533.56 906.77
26071-203-M6-332-00001 0.20129333436489105 2098.87 3863.31 2172.42 3876.93 2158.16 3953.98 2084.61 3940.36
26071-203-M6-332-00001 0.06913572549819946 4877.42 2448.62 5027.83 2454.31 5022.07 2606.51 4871.67 2600.82
26071-203-M6-332-00001 0.056345269083976746 7292.46 4231.71 7414.43 4232.79 7412.86 4409.32 7290.89 4408.23
26071-203-M6-332-00001 0.05629732087254524 2083.27 5644.56 2168.53 5641.55 2170.21 5689.15 2084.95 5692.16
26071-200-M6-052-00150 0.09573078900575638 3960.29 1460.72 4115.38 1440.03 4134.82 1585.69 3979.73 1606.39
26071-200-M6-052-00150 0.0694257915019989 4502.12 3066.21 4592.90 3101.30 4572.42 3154.26 4481.65 3119.17
26071-200-M6-052-00150 0.06641652435064316 5514.53 5827.92 5572.23 5807.57 5608.16 5909.44 5550.47 5929.79
26071-200-M6-052-00150 0.0538577139377594 5032.66 3980.36 5185.49 3985.30 5180.55 4138.14 5027.72 4133.20
26071-200-M6-052-00003 0.08531740307807922 1570.41 2076.60 1727.69 2074.61 1729.63 2227.84 1572.35 2229.83
26071-200-M6-052-00003 0.05647438019514084 5858.96 3112.75 5903.62 3114.33 5900.19 3211.12 5855.52 3209.54
26071-200-M6-052-00003 0.05474794656038284 3478.82 1888.42 3600.44 1885.76 3603.77 2038.18 3482.15 2040.83
26071-700-M6-054-00013 0.0613308846950531 4068.54 2181.40 4101.35 2181.02 4102.63 2291.37 4069.83 2291.76
26071-700-M6-054-00013 0.05885312333703041 4069.91 1581.34 4103.09 1581.85 4101.20 1704.15 4068.02 1703.63
26071-700-M6-054-00036 0.12508879601955414 6215.22 3378.19 6291.22 3382.99 6286.00 3465.66 6210.00 3460.86
26071-700-M6-054-00036 0.08211388438940048 6466.23 2845.87 6522.98 2875.11 6500.23 2919.25 6443.49 2890.01
26071-700-M6-054-00036 0.053635597229003906 4365.60 5302.02 4398.56 5302.51 4396.74 5424.93 4363.78 5424.44
26071-600-M6-065-00231 0.054696016013622284 6458.13 3213.89 6505.14 3212.78 6507.34 3305.39 6460.32 3306.50
26071-600-M6-065-00231 0.05165476351976395 4176.43 1490.13 4336.78 1478.36 4347.81 1628.71 4187.46 1640.47
26071-600-M6-065-00231 0.051403746008872986 6682.79 1935.96 6768.81 1893.16 6825.47 2007.05 6739.44 2049.85
26071-500-M6-059-00071 0.0896981805562973 1226.09 5170.71 1368.37 5196.16 1340.88 5349.84 1198.60 5324.39
26071-500-M6-059-00071 0.0840185135602951 5478.23 3443.62 5629.99 3448.74 5624.83 3601.95 5473.07 3596.83
26071-500-M6-059-00071 0.059731584042310715 3462.23 3447.79 3505.05 3448.50 3504.27 3494.84 3461.45 3494.12
26071-500-M6-059-00071 0.059679195284843445 2678.94 4069.55 2831.46 4071.65 2829.38 4223.60 2676.85 4221.50
26071-500-M6-059-00071 0.05203485116362572 6550.26 2463.94 6701.49 2478.18 6686.90 2633.06 6535.67 2618.82
26071-203-M6-320-00008 0.08052773773670197 3417.22 5252.23 3510.67 5251.53 3511.02 5298.76 3417.57 5299.46
26071-203-M6-320-00008 0.05785505473613739 4889.33 3385.41 5028.87 3399.63 5013.66 3548.93 4874.12 3534.71
26071-203-M6-320-00008 0.05362351983785629 5428.02 4054.46 5520.41 4051.45 5521.95 4098.77 5429.56 4101.79
26071-500-M6-059-00116 0.9762358069419861 5108.27 1334.30 5187.05 1342.95 5178.74 1418.56 5099.97 1409.91
26071-500-M6-059-00116 0.09517504274845123 3293.02 4907.81 3339.98 4914.46 3326.80 5007.56 3279.84 5000.91
26071-550-M6-084-00026 0.08363111317157745 2976.44 3332.76 3066.14 3328.96 3068.15 3376.32 2978.44 3380.12
26071-203-M6-337-00007 0.06264149397611618 2788.13 3693.09 2918.47 3689.44 2922.91 3847.90 2792.56 3851.55
26071-200-M6-052-00090 0.14324188232421875 6405.07 5230.51 6454.51 5221.59 6470.54 5310.44 6421.10 5319.36
26071-200-M6-052-00090 0.1368628889322281 1707.43 3750.07 1787.05 3756.86 1780.23 3836.82 1700.61 3830.03
26071-200-M6-052-00090 0.13247263431549072 6156.98 4013.87 6244.04 4027.24 6231.01 4112.13 6143.95 4098.76
26071-200-M6-052-00090 0.1322409063577652 4718.59 3749.13 4796.32 3754.57 4790.78 3833.80 4713.04 3828.36
26071-200-M6-052-00090 0.12295694649219513 3149.37 4008.86 3237.37 4021.77 3223.12 4118.85 3135.12 4105.94
26071-200-M6-052-00090 0.10105530172586441 8124.62 3815.79 8174.63 3816.05 8174.14 3908.51 8124.13 3908.25
26071-200-M6-052-00090 0.07605531811714172 8123.17 3615.55 8173.76 3614.45 8175.76 3706.67 8125.17 3707.77
26071-200-M6-052-00090 0.06616950780153275 3851.64 6049.05 3946.19 6044.96 3948.26 6092.78 3853.71 6096.87
26071-200-M6-052-00090 0.061117637902498245 3660.65 6048.83 3753.42 6043.00 3756.43 6090.98 3663.67 6096.80
26071-200-M6-052-00090 0.05869268998503685 3424.64 6044.19 3516.82 6042.53 3517.68 6090.57 3425.50 6092.23
26071-200-M6-052-00090 0.05013555288314819 3187.34 6049.01 3282.78 6043.06 3285.79 6091.41 3190.35 6097.35
26071-203-M6-320-00061 0.05665115267038345 1467.24 4055.22 1559.97 4051.28 1561.99 4098.82 1469.26 4102.75
26071-203-M6-320-00061 0.0545555055141449 1471.32 3727.89 1562.48 3721.57 1565.68 3767.73 1474.53 3774.05
26071-600-M6-065-00037 0.07879659533500671 6875.78 4809.68 6965.48 4803.86 6968.53 4850.83 6878.83 4856.65
26071-600-M6-065-00037 0.07827914506196976 1780.86 3000.36 1870.69 2997.28 1872.33 3044.97 1782.50 3048.05
26071-600-M6-065-00037 0.05774597451090813 1536.27 754.75 1630.24 755.06 1630.09 802.57 1536.12 802.27
26071-600-M6-065-00037 0.052633702754974365 7660.77 2585.29 7693.76 2585.68 7692.36 2706.23 7659.37 2705.85
26071-300-M6-053-00010 0.19792777299880981 4920.49 4315.27 4995.36 4311.36 4999.40 4388.87 4924.53 4392.77
26071-300-M6-053-00010 0.14510145783424377 6040.89 1725.09 6117.95 1733.68 6109.37 1810.71 6032.30 1802.13
26071-300-M6-053-00010 0.1248348131775856 7049.12 3127.16 7132.90 3134.78 7124.81 3223.77 7041.03 3216.16
26071-300-M6-053-00010 0.0840301662683487 5184.45 2095.51 5336.07 2105.22 5326.49 2254.85 5174.88 2245.15
26071-300-M6-053-00010 0.07614386081695557 5186.96 1797.60 5337.96 1811.13 5324.37 1962.77 5173.37 1949.24
26071-300-M6-053-00010 0.061515629291534424 6763.01 1578.92 6795.46 1579.44 6793.48 1703.62 6761.02 1703.10
26071-200-M6-052-00540 0.05208493396639824 4362.16 4612.85 4410.41 4607.41 4421.57 4706.39 4373.32 4711.83
26071-203-M6-160-00291 0.11157074570655823 2762.48 6183.13 2908.32 6190.41 2900.49 6347.19 2754.66 6339.92
26071-203-M6-160-00291 0.10774437338113785 2694.70 2114.67 2741.61 2116.12 2738.73 2208.77 2691.82 2207.31
26071-203-M6-160-00291 0.07689780741930008 3593.48 4945.52 3640.05 4948.48 3634.24 5039.94 3587.67 5036.99
26071-203-M6-160-00291 0.06638622283935547 2870.98 2268.70 2965.92 2261.86 2969.34 2309.43 2874.41 2316.27
26071-203-M6-160-00291 0.05566142126917839 3413.34 2270.38 3508.28 2259.59 3513.62 2306.54 3418.67 2317.33
26071-203-M6-160-00291 0.05298221483826637 5240.75 6184.36 5393.34 6193.89 5383.82 6346.24 5231.23 6336.70
26071-600-M6-066-00002 0.17326869070529938 4215.41 3735.39 4287.80 3731.03 4293.54 3826.25 4221.14 3830.61
26071-300-M6-053-00008 0.05998393893241882 2693.73 1524.68 2740.39 1525.30 2739.17 1616.07 2692.50 1615.44
26071-300-M6-053-00008 0.05587850883603096 4863.16 657.72 5010.66 669.79 4997.91 825.71 4850.41 813.65
26071-203-M6-060-00001 0.08302797377109528 1924.13 3449.25 2016.39 3447.96 2017.06 3495.46 1924.79 3496.75
26071-203-M6-060-00006 0.09380695223808289 2173.97 4225.16 2325.85 4244.22 2306.50 4398.37 2154.62 4379.30
26071-203-M6-060-00006 0.06559624522924423 2167.62 5043.82 2318.73 5058.47 2304.29 5207.34 2153.19 5192.69
26071-203-M6-060-00006 0.05130545794963837 4173.18 5048.68 4324.63 5048.15 4325.16 5199.76 4173.71 5200.29
26071-203-M6-325-00013 0.06008287891745567 3392.99 3995.11 3546.88 4004.48 3537.53 4157.98 3383.65 4148.61
26071-203-M6-325-00013 0.05951910838484764 1557.98 3981.74 1674.06 3971.13 1689.14 4136.10 1573.05 4146.71
26071-300-M6-053-00012 0.07812228053808212 3934.38 5661.15 4125.07 5672.49 4111.60 5898.94 3920.91 5887.60
26071-300-M6-053-00012 0.07123354077339172 3676.46 6324.58 3819.49 6334.95 3807.96 6493.83 3664.93 6483.45
26071-300-M6-053-00012 0.06887184083461761 5492.18 4844.95 5613.43 4842.68 5616.62 5012.56 5495.36 5014.83
26071-300-M6-053-00012 0.05811924859881401 3661.36 5973.97 3811.35 5970.18 3815.26 6124.91 3665.27 6128.70
26071-675-M6-068-00034 0.09818963706493378 6368.68 1810.65 6528.60 1830.20 6509.84 1983.60 6349.93 1964.05
26071-675-M6-068-00034 0.0655338242650032 4400.21 1579.47 4475.28 1592.41 4462.14 1668.67 4387.07 1655.73
26071-675-M6-068-00034 0.054245252162218094 4758.73 5195.88 4907.42 5198.77 4904.56 5346.20 4755.87 5343.31
26071-450-M6-082-00031 0.08015218377113342 3671.63 5176.40 3793.22 5173.87 3796.49 5331.33 3674.91 5333.85
26071-200-M6-062-00276 0.07358584553003311 4772.75 3035.05 4923.69 3048.82 4910.06 3198.31 4759.12 3184.54
26071-200-M6-062-00276 0.07234599441289902 2376.05 2152.33 2465.69 2148.23 2467.84 2195.40 2378.21 2199.50
26071-200-M6-062-00276 0.0650070533156395 1725.65 2858.98 1819.48 2857.98 1819.98 2905.00 1726.15 2906.00
26071-500-M6-059-00011 0.05203642323613167 2951.37 4573.73 3103.78 4580.18 3097.30 4733.40 2944.89 4726.95
26071-600-M6-065-00021 0.08830373734235764 3163.88 5067.50 3211.03 5068.09 3209.89 5158.83 3162.74 5158.24
26071-600-M6-065-00021 0.07857327163219452 1656.60 1344.68 1704.32 1347.04 1699.72 1440.14 1652.00 1437.79
26071-600-M6-065-00021 0.057626985013484955 5671.21 3982.57 5819.58 3952.70 5854.09 4124.15 5705.72 4154.01
26071-600-M6-065-00021 0.05113117769360542 2950.33 5397.78 3094.82 5350.07 3148.38 5512.28 3003.88 5559.99
26071-500-M6-059-00013 0.08374049514532089 2329.97 4978.04 2481.32 4906.52 2548.95 5049.66 2397.60 5121.18
26071-500-M6-059-00013 0.06426627933979034 2357.11 4649.60 2506.79 4647.14 2509.29 4798.91 2359.61 4801.37
26071-500-M6-059-00044 0.14522993564605713 1296.34 3584.11 1372.40 3632.25 1323.80 3709.03 1247.74 3660.89
26071-500-M6-059-00044 0.07513021677732468 4782.63 2244.34 4872.75 2244.36 4872.74 2292.55 4782.62 2292.53
26071-500-M6-059-00044 0.05785766616463661 4783.56 2720.30 4873.79 2713.13 4877.57 2760.70 4787.34 2767.86
26071-500-M6-059-00044 0.054615460336208344 3874.92 2010.19 3965.22 2006.88 3966.93 2053.74 3876.64 2057.04
26071-500-M6-059-00044 0.05061139911413193 3283.30 5334.17 3435.31 5340.31 3429.32 5488.45 3277.32 5482.31
26071-200-M6-052-00002 0.33980923891067505 6017.59 1020.00 6092.42 1027.03 6084.21 1114.40 6009.38 1107.36
26071-200-M6-052-00002 0.09622642397880554 5628.74 4198.13 5708.61 4203.86 5702.93 4283.05 5623.06 4277.32
26071-200-M6-052-00002 0.09005359560251236 7062.29 6335.34 7109.10 6335.34 7109.10 6425.94 7062.30 6425.94
26071-675-M6-068-10002 0.05238574370741844 2235.75 5339.32 2323.78 5355.70 2307.99 5440.54 2219.96 5424.15
26071-750-M6-085-00012 0.10195700824260712 3165.55 2635.01 3213.13 2636.65 3209.94 2729.40 3162.36 2727.76
26071-750-M6-085-00012 0.06543726474046707 6013.04 4274.61 6165.70 4283.98 6156.61 4432.08 6003.95 4422.71
26071-750-M6-085-00012 0.05874185264110565 7177.76 2921.68 7329.48 2924.59 7326.61 3074.12 7174.88 3071.21
26071-750-M6-085-00012 0.056432317942380905 7948.45 2373.93 8000.08 2376.60 7995.40 2467.46 7943.76 2464.79
26071-750-M6-085-00012 0.050653036683797836 6632.89 3878.62 6787.86 3886.49 6780.15 4038.43 6625.18 4030.56
26071-750-M6-085-00012 0.05008960887789726 4013.59 4569.64 4165.42 4577.50 4157.56 4729.38 4005.73 4721.52
26071-200-M6-052-00544 0.08021031320095062 4230.78 3284.79 4402.70 3293.41 4395.64 3434.35 4223.71 3425.73
26071-200-M6-052-00544 0.06489089876413345 2987.35 4052.44 3034.05 4052.66 3033.63 4143.72 2986.93 4143.50
26071-600-M6-066-00003 0.055825792253017426 2766.06 1334.29 2918.51 1347.71 2905.32 1497.60 2752.86 1484.18
26071-750-M6-085-00309 0.1090100109577179 6345.57 3892.35 6496.69 3851.72 6541.50 4018.36 6390.37 4059.00
