26071-200-M6-052-00001 0.17366530001163483 6534.04 1909.35 6624.95 1915.63 6621.67 1963.15 6530.75 1956.87
26071-200-M6-052-00001 0.14789500832557678 4876.98 5811.56 4967.17 5808.67 4968.68 5855.85 4878.49 5858.74
26071-200-M6-052-00001 0.08556757867336273 6659.12 1704.52 6812.74 1731.95 6784.65 1889.25 6631.03 1861.82
26071-200-M6-052-00001 0.08409562706947327 6487.77 1913.91 6536.04 1914.66 6535.29 1961.92 6487.03 1961.16
26071-200-M6-052-00001 0.05848832428455353 5677.32 1616.48 5742.51 1615.56 5743.78 1705.84 5678.60 1706.76
26071-200-M6-052-00001 0.053470857441425323 4880.23 6001.13 4971.56 5999.63 4972.31 6045.06 4880.98 6046.57
26071-200-M6-052-00001 0.052867479622364044 3808.84 3083.51 3956.73 3093.90 3946.18 3244.04 3798.29 3233.65
26071-200-M6-052-00001 0.05285188928246498 2922.43 2686.49 3082.18 2707.28 3063.85 2848.06 2904.10 2827.27
26071-200-M6-052-00001 0.05232162028551102 1507.47 5982.16 1556.70 5979.43 1561.75 6070.27 1512.52 6073.00
26071-200-M6-052-00001 0.05115481838583946 4835.13 5809.07 4882.88 5812.79 4879.28 5859.09 4831.52 5855.37
26071-500-M6-059-00017 0.11885343492031097 2965.59 4889.31 3094.69 4889.23 3094.71 4921.52 2965.61 4921.59
26071-500-M6-059-00017 0.08774140477180481 1634.29 6221.08 1681.47 6230.10 1672.56 6276.73 1625.38 6267.71
26071-500-M6-059-00017 0.08561157435178757 6378.52 1559.77 6507.40 1595.42 6469.29 1733.19 6340.41 1697.53
26071-500-M6-059-00017 0.0752767026424408 3393.30 4803.25 3540.42 4816.46 3525.98 4977.33 3378.86 4964.12
26071-500-M6-059-00017 0.07456769794225693 4698.20 3688.22 4746.03 3687.12 4748.14 3778.82 4700.31 3779.92
26071-500-M6-059-00017 0.06932016462087631 6545.40 3687.24 6592.64 3689.47 6588.32 3781.14 6541.08 3778.91
26071-500-M6-059-00017 0.06674127280712128 3643.35 6221.67 3690.19 6230.49 3681.59 6276.14 3634.76 6267.33
26071-500-M6-059-00017 0.06520513445138931 4537.60 2176.31 4586.34 2178.94 4581.31 2272.29 4532.57 2269.66
26071-500-M6-059-00017 0.06468969583511353 7606.02 644.53 8143.67 621.42 8146.29 682.34 7608.64 705.45
26071-500-M6-059-00017 0.06427017599344254 7063.64 4798.95 7106.48 4798.91 7106.58 4902.50 7063.74 4902.54
26071-500-M6-059-00017 0.0597563162446022 5952.73 4050.05 5999.33 4052.11 5997.29 4098.16 5950.69 4096.10
26071-500-M6-059-00017 0.056437838822603226 7598.31 6351.59 8142.79 6344.83 8143.56 6406.69 7599.08 6413.44
26071-500-M6-059-00017 0.05415340140461922 360.14 1271.86 901.95 1266.82 902.53 1329.36 360.72 1334.40
26071-500-M6-059-00017 0.053452081978321075 1938.60 4049.97 1991.74 4052.57 1989.56 4097.16 1936.43 4094.57
26071-500-M6-059-00017 0.05190707743167877 3944.20 4050.22 3991.04 4051.71 3989.57 4097.81 3942.73 4096.32
26071-500-M6-059-00017 0.051559239625930786 4480.24 2157.54 4587.92 2149.99 4590.21 2182.61 4482.53 2190.17
26071-600-M6-066-00012 0.10213988274335861 2400.73 1774.86 2546.88 1768.71 2553.31 1921.35 2407.16 1927.50
26071-600-M6-066-00012 0.08498317003250122 3330.98 1793.19 3472.67 1753.34 3518.44 1916.10 3376.75 1955.95
26071-600-M6-066-00012 0.07663499563932419 352.43 5210.69 900.31 5208.76 900.53 5271.99 352.65 5273.92
26071-600-M6-066-00012 0.05442880839109421 352.65 4861.24 900.86 4856.06 901.44 4917.46 353.23 4922.65
26071-600-M6-066-00012 0.05244362726807594 5614.83 3848.43 5766.57 3881.55 5733.24 4034.20 5581.50 4001.07
26071-200-M6-052-00539 0.9952163696289062 4559.43 5809.48 4652.51 5809.03 4652.74 5856.84 4559.66 5857.29
26071-200-M6-052-00539 0.9950518012046814 5053.40 5434.82 5100.19 5433.68 5102.46 5527.20 5055.67 5528.34
26071-200-M6-052-00539 0.9917799830436707 5208.98 4984.11 5302.21 4983.52 5302.51 5031.12 5209.28 5031.72
26071-200-M6-052-00539 0.11639858782291412 6378.49 6282.95 6468.96 6283.81 6468.52 6331.31 6378.04 6330.45
26071-200-M6-052-00539 0.10926156491041183 5181.00 6036.73 5331.70 6046.32 5321.53 6206.26 5170.83 6196.67
26071-200-M6-052-00539 0.09871683269739151 2577.05 1508.62 2621.20 1513.11 2616.81 1556.25 2572.66 1551.75
26071-200-M6-052-00539 0.08346708863973618 2778.69 4839.37 2929.41 4873.66 2895.44 5023.00 2744.72 4988.72
26071-200-M6-052-00539 0.08295135945081711 2407.98 1284.85 2560.20 1271.89 2573.79 1431.38 2421.57 1444.35
26071-200-M6-052-00539 0.07782639563083649 4822.00 4339.56 4869.10 4345.18 4863.60 4391.24 4816.50 4385.62
26071-200-M6-052-00539 0.07503124326467514 2769.28 4557.18 2915.39 4579.29 2891.69 4735.86 2745.59 4713.75
26071-200-M6-052-00539 0.07219399511814117 6220.02 6078.32 6381.65 6063.36 6395.74 6215.64 6234.11 6230.59
26071-200-M6-052-00539 0.07068979740142822 3640.82 1508.39 3684.40 1512.99 3679.88 1555.82 3636.29 1551.21
26071-200-M6-052-00539 0.06217078119516373 3448.34 1296.79 3604.26 1266.59 3634.15 1420.92 3478.22 1451.12
26071-200-M6-052-00539 0.05849967896938324 7715.50 2718.78 8264.42 2747.04 8261.21 2809.55 7712.28 2781.29
26071-200-M6-052-00539 0.05315283685922623 6000.97 4343.78 6050.86 4350.76 6044.64 4395.19 5994.75 4388.21
26071-200-M6-052-00539 0.05283800885081291 3854.45 5725.93 3901.33 5732.07 3895.25 5778.50 3848.37 5772.37
26071-500-M6-059-00248 0.07977648079395294 2661.57 5854.69 2819.19 5843.97 2829.01 5988.21 2671.38 5998.93
26071-500-M6-059-00248 0.07804980129003525 349.29 1557.96 899.24 1546.73 900.49 1608.21 350.54 1619.43
26071-500-M6-059-00248 0.0745609700679779 2834.04 6050.10 2926.23 6044.73 2928.98 6092.01 2836.80 6097.38
26071-500-M6-059-00248 0.062608502805233 5074.26 4655.92 5197.91 4661.25 5196.56 4692.65 5072.91 4687.32
26071-500-M6-059-00248 0.059531815350055695 3200.49 3388.22 3347.50 3398.73 3337.13 3543.82 3190.11 3533.31
26071-500-M6-059-00248 0.052353374660015106 6059.28 4454.36 6213.16 4443.19 6226.29 4624.17 6072.41 4635.33
26071-203-M6-325-00012 0.9921396374702454 1503.71 5729.83 1597.37 5729.93 1597.31 5777.58 1503.66 5777.48
26071-203-M6-325-00012 0.9914178848266602 1507.82 5042.86 1599.88 5040.53 1601.09 5088.33 1509.03 5090.66
26071-203-M6-325-00012 0.0874590128660202 3966.23 1234.40 4130.35 1240.42 4124.81 1391.52 3960.69 1385.50
26071-203-M6-325-00012 0.06770459562540054 3959.10 2803.76 4108.80 2800.18 4112.46 2953.03 3962.75 2956.61
26071-203-M6-325-00012 0.06157633289694786 3096.29 5442.03 3243.46 5452.51 3232.61 5604.93 3085.44 5594.45
26071-203-M6-325-00012 0.05622486025094986 3091.18 1223.88 3245.10 1244.25 3225.50 1392.34 3071.59 1371.97
26071-203-M6-325-00012 0.052686356008052826 3449.05 4351.03 3495.42 4353.74 3492.68 4400.43 3446.32 4397.72
26071-700-M6-054-00246 0.13560783863067627 2990.02 2006.74 3036.01 2008.33 3032.85 2099.72 2986.87 2098.14
26071-700-M6-054-00246 0.09786440432071686 2894.46 2200.52 3011.59 2207.28 3009.68 2240.31 2892.55 2233.55
26071-700-M6-054-00246 0.09539636224508286 4324.92 4513.89 4415.97 4508.62 4418.71 4555.83 4327.66 4561.10
26071-700-M6-054-00246 0.08501046895980835 4011.67 2001.36 4131.61 2004.45 4130.79 2036.45 4010.84 2033.36
26071-700-M6-054-00246 0.05725729465484619 2990.03 2312.40 3037.76 2315.14 3032.46 2407.39 2984.73 2404.65
26071-700-M6-054-00246 0.052951011806726456 3989.81 2081.26 4038.25 2079.82 4041.04 2173.95 3992.60 2175.39
26071-700-M6-054-00246 0.051374975591897964 4177.45 3566.05 4268.62 3568.11 4267.54 3615.61 4176.37 3613.55
26071-500-M6-059-00040 0.09226485341787338 2498.58 1347.98 2555.11 1299.23 2637.92 1395.24 2581.38 1443.99
26071-500-M6-059-00040 0.09074852615594864 5033.91 2856.94 5125.96 2859.90 5124.45 2906.81 5032.40 2903.85
26071-500-M6-059-00040 0.07124146074056625 6234.78 4016.03 6282.16 4014.90 6284.35 4107.07 6236.98 4108.20
26071-500-M6-059-00040 0.06664945185184479 6474.35 4015.38 6521.27 4016.85 6518.35 4109.85 6471.43 4108.38
26071-500-M6-059-00040 0.06593404710292816 6958.87 2088.31 7102.47 2075.52 7117.92 2248.92 6974.32 2261.72
26071-500-M6-059-00040 0.06354758143424988 2482.44 4452.88 2634.38 4461.47 2625.65 4615.83 2473.71 4607.23
26071-500-M6-059-00040 0.05519751459360123 3780.63 4452.80 3932.53 4459.85 3925.24 4617.01 3773.33 4609.97
26071-500-M6-059-00040 0.05163925141096115 3943.42 3894.59 4101.00 3904.98 4090.77 4059.99 3933.20 4049.59
26071-203-M6-333-00010 0.0572686605155468 2215.69 1626.07 2294.29 1607.53 2317.44 1705.66 2238.84 1724.20
26071-203-M6-333-00010 0.050105731934309006 5476.08 3651.81 6014.33 3651.94 6014.32 3715.13 5476.07 3715.00
26071-750-M6-085-00286 0.08950994908809662 3048.14 1229.32 3178.47 1329.78 3076.12 1462.56 2945.79 1362.09
26071-750-M6-085-00286 0.08919595181941986 351.68 1316.64 897.20 1310.65 897.88 1373.14 352.36 1379.13
26071-550-M6-084-00248 0.07390111684799194 3639.98 4272.56 3793.23 4263.09 3802.81 4418.06 3649.56 4427.53
26071-550-M6-084-00248 0.06692288815975189 2787.65 5101.92 2880.50 5100.57 2881.19 5147.68 2788.34 5149.03
26071-550-M6-084-00248 0.06475509703159332 5476.43 3440.79 5631.61 3447.55 5625.20 3594.65 5470.02 3587.89
26071-550-M6-084-00248 0.05946334823966026 3847.21 2476.80 3994.29 2477.00 3994.08 2627.29 3847.01 2627.09
26071-550-M6-084-00248 0.057683367282152176 2329.81 2083.34 2477.39 2050.94 2511.42 2205.92 2363.84 2238.32
26071-550-M6-084-00248 0.05723254010081291 1782.12 2388.42 1880.34 2390.31 1879.49 2434.39 1781.27 2432.50
26071-550-M6-084-00248 0.055154889822006226 2788.08 5360.11 2882.19 5361.80 2881.33 5409.45 2787.23 5407.76
26071-203-M6-332-00008 0.9941144585609436 8045.39 2557.53 8092.40 2557.92 8091.61 2651.84 8044.60 2651.45
26071-203-M6-332-00008 0.9939395189285278 5526.95 2558.18 5574.78 2560.71 5569.86 2653.55 5522.04 2651.01
26071-203-M6-332-00008 0.9930579662322998 3157.71 2558.27 3205.41 2560.91 3200.36 2652.14 3152.66 2649.49
26071-203-M6-332-00008 0.9913014769554138 5922.70 3661.11 6014.92 3662.47 6014.22 3709.79 5922.00 3708.44
26071-203-M6-332-00008 0.9911346435546875 3522.70 3661.11 3614.86 3662.44 3614.18 3709.78 3522.02 3708.44
26071-203-M6-332-00008 0.9862877130508423 1092.64 3661.56 1183.93 3661.54 1183.94 3709.41 1092.65 3709.43
26071-203-M6-332-00008 0.16765683889389038 5472.67 2637.80 5571.82 2643.22 5570.03 2676.00 5470.88 2670.58
26071-203-M6-332-00008 0.14446905255317688 3099.03 2640.81 3200.90 2642.14 3200.46 2675.21 3098.60 2673.88
26071-203-M6-332-00008 0.14193783700466156 7992.23 2639.72 8091.96 2642.15 8091.16 2674.91 7991.43 2672.48
26071-203-M6-332-00008 0.1122664287686348 3602.04 3606.59 3633.63 3604.20 3641.44 3707.50 3609.85 3709.89
26071-203-M6-332-00008 0.11011751741170883 6002.27 3606.46 6033.77 3604.20 6041.18 3707.55 6009.68 3709.81
26071-203-M6-332-00008 0.10953821986913681 1173.01 3608.56 1205.04 3606.71 1210.81 3706.11 1178.78 3707.97
26071-203-M6-332-00008 0.0830354169011116 290.33 6124.11 842.46 6104.23 844.73 6167.38 292.61 6187.26
26071-203-M6-332-00008 0.07468799501657486 1576.74 4544.91 1729.25 4567.16 1707.35 4717.29 1554.84 4695.04
26071-203-M6-332-00008 0.05886729806661606 7564.00 3287.99 7713.61 3298.77 7702.48 3453.18 7552.88 3442.40
26071-203-M6-332-00008 0.05179750919342041 1860.28 4562.89 2006.88 4539.24 2031.86 4694.09 1885.26 4717.74
26071-200-M6-052-00080 0.9921214580535889 2550.43 6698.48 2643.88 6697.13 2644.56 6744.28 2551.12 6745.63
26071-200-M6-052-00080 0.9785622954368591 2551.56 6459.78 2644.17 6462.17 2642.96 6509.24 2550.35 6506.85
26071-200-M6-052-00080 0.20139069855213165 7181.70 5653.85 7228.36 5651.46 7233.17 5745.27 7186.51 5747.66
26071-200-M6-052-00080 0.19863806664943695 3756.64 5627.70 3803.96 5629.76 3799.80 5725.27 3752.48 5723.21
26071-200-M6-052-00080 0.11985822767019272 3889.58 5171.91 4037.19 5164.05 4045.62 5322.47 3898.01 5330.32
26071-200-M6-052-00080 0.11151004582643509 2031.33 5219.94 2124.52 5218.33 2125.35 5266.28 2032.16 5267.89
26071-200-M6-052-00080 0.10508916527032852 3757.77 5721.13 3805.74 5727.58 3799.47 5774.17 3751.51 5767.73
26071-200-M6-052-00080 0.08866731822490692 7315.44 5181.30 7465.71 5170.65 7476.37 5321.08 7326.11 5331.74
26071-200-M6-052-00080 0.08298402279615402 5457.60 5217.12 5551.14 5220.91 5549.21 5268.42 5455.67 5264.63
26071-200-M6-052-00080 0.07308191806077957 6900.09 5163.25 7050.05 5193.52 7021.18 5336.57 6871.22 5306.31
26071-200-M6-052-00080 0.0730414092540741 6755.15 1700.70 6803.23 1700.19 6804.22 1794.14 6756.14 1794.65
26071-200-M6-052-00080 0.0703945979475975 6604.32 1889.87 6768.46 1888.88 6769.34 2033.46 6605.20 2034.45
26071-200-M6-052-00080 0.06783177703619003 3085.03 1757.64 3241.62 1770.71 3229.01 1921.77 3072.42 1908.71
26071-200-M6-052-00080 0.06421899795532227 3105.41 2781.61 3251.78 2788.62 3244.69 2936.70 3098.32 2929.69
26071-200-M6-052-00080 0.06322034448385239 6530.37 2780.17 6680.81 2792.24 6668.95 2939.96 6518.51 2927.89
26071-200-M6-052-00080 0.062474723905324936 3573.46 5448.62 3722.28 5453.65 3717.21 5604.03 3568.38 5599.01
26071-200-M6-052-00080 0.05883966386318207 6237.53 3289.90 6285.45 3294.94 6280.64 3340.61 6232.72 3335.57
26071-200-M6-052-00080 0.057690031826496124 2814.43 3289.41 2860.15 3294.58 2854.96 3340.53 2809.24 3335.37
26071-200-M6-052-00080 0.054716724902391434 3186.81 1878.98 3338.11 1887.30 3330.04 2034.02 3178.74 2025.70
26071-200-M6-052-00080 0.05138101428747177 2639.83 6462.72 2685.50 6462.51 2685.73 6510.37 2640.06 6510.58
26071-200-M6-052-00080 0.051198553293943405 2512.75 6451.79 2558.27 6461.52 2548.16 6508.79 2502.64 6499.06
26071-200-M6-052-00080 0.05064623802900314 3906.09 4167.65 4050.30 4186.80 4030.20 4338.18 3885.99 4319.03
26071-203-M6-321-00604 0.05672242119908333 302.01 1613.36 839.01 1613.03 839.05 1676.29 302.05 1676.62
26071-300-M6-053-00309 0.9965033531188965 1254.22 4511.25 1345.09 4510.88 1345.29 4558.87 1254.42 4559.24
26071-300-M6-053-00309 0.9952319264411926 2669.54 3565.59 2762.63 3566.43 2762.19 3614.24 2669.11 3613.40
26071-300-M6-053-00309 0.9951961636543274 1253.61 5691.98 1344.91 5692.57 1344.61 5740.53 1253.30 5739.94
26071-300-M6-053-00309 0.9939310550689697 1959.69 5691.56 2052.81 5690.18 2053.52 5738.35 1960.40 5739.73
26071-300-M6-053-00309 0.12473706901073456 5751.28 1474.63 5916.23 1482.11 5909.18 1637.55 5744.22 1630.06
26071-300-M6-053-00309 0.1189965009689331 5357.63 3036.44 5500.18 3027.22 5510.19 3182.06 5367.65 3191.27
26071-300-M6-053-00309 0.08536476641893387 1488.92 2506.93 1580.34 2501.88 1582.91 2548.32 1491.48 2553.37
26071-300-M6-053-00309 0.06409751623868942 338.61 4511.64 890.81 4499.45 892.16 4560.44 339.96 4572.63
26071-300-M6-053-00309 0.06227462366223335 4348.70 2230.59 4395.91 2234.47 4392.09 2280.99 4344.88 2277.11
26071-300-M6-053-00309 0.05818049609661102 7613.19 3439.08 8087.24 3442.80 8086.75 3505.06 7612.70 3501.34
26071-300-M6-053-00309 0.056471433490514755 5383.55 3452.32 5474.74 3443.29 5479.49 3491.24 5388.29 3500.26
26071-300-M6-053-00309 0.050821904093027115 2474.45 4443.94 2622.63 4462.55 2600.54 4638.35 2452.37 4619.74
26071-300-M6-053-00309 0.05039692670106888 5364.45 3924.77 5512.80 3914.33 5523.45 4065.62 5375.09 4076.06
26071-300-M6-053-00309 0.05004178732633591 5447.52 5783.16 5591.32 5728.17 5648.43 5877.54 5504.63 5932.52
26071-450-M6-082-00009 0.07945038378238678 5176.93 6057.90 5327.43 6061.56 5323.74 6213.42 5173.24 6209.76
26071-450-M6-082-00009 0.07899576425552368 4914.04 6520.23 5006.88 6519.10 5007.45 6566.26 4914.61 6567.39
26071-450-M6-082-00009 0.07495860755443573 7587.86 6286.04 8137.28 6265.94 8139.54 6327.75 7590.12 6347.86
26071-450-M6-082-00009 0.0661323219537735 4467.65 1840.50 4596.39 1840.46 4596.40 1873.51 4467.66 1873.55
26071-450-M6-082-00009 0.05664272978901863 6884.19 5394.22 7036.47 5398.89 7031.36 5565.65 6879.08 5560.98
26071-450-M6-082-00009 0.05586540326476097 5428.97 6090.53 5581.92 6094.64 5578.04 6239.03 5425.09 6234.92
26071-450-M6-082-00009 0.05493548512458801 6861.62 2385.06 6954.80 2386.08 6954.28 2433.58 6861.10 2432.56
26071-450-M6-082-00009 0.05437557026743889 3346.36 4761.32 3501.44 4757.51 3505.83 4936.57 3350.76 4940.38
26071-450-M6-082-00009 0.05431303754448891 2580.35 3904.06 2626.16 3914.10 2615.77 3961.51 2569.96 3951.47
26071-200-M6-052-00552 0.07024338096380234 4558.83 4038.50 4653.38 4037.31 4653.98 4085.12 4559.43 4086.30
26071-200-M6-052-00552 0.0695054829120636 4771.14 3795.09 4913.61 3804.38 4903.85 3954.14 4761.37 3944.85
26071-200-M6-052-00552 0.06399459391832352 4173.09 4859.03 4325.37 4855.06 4329.38 5009.01 4177.10 5012.98
26071-750-M6-085-00007 0.1246495395898819 6340.10 6192.66 6373.09 6194.15 6367.83 6310.28 6334.83 6308.78
26071-750-M6-085-00007 0.11273115128278732 5784.41 2571.46 5906.07 2568.45 5906.88 2601.05 5785.22 2604.06
26071-750-M6-085-00007 0.11196483671665192 5787.82 2359.21 5908.38 2356.44 5909.12 2388.88 5788.56 2391.65
26071-750-M6-085-00007 0.1108483076095581 6915.83 6189.58 6947.84 6189.78 6947.06 6311.02 6915.05 6310.81
26071-750-M6-085-00007 0.08938999474048615 7105.80 6196.56 7137.32 6189.95 7160.78 6301.89 7129.26 6308.50
26071-750-M6-085-00007 0.08276526629924774 6317.36 3038.56 6438.23 3043.44 6436.90 3076.40 6316.03 3071.52
26071-750-M6-085-00007 0.08192165940999985 6908.14 2604.27 7030.56 2603.93 7030.64 2636.24 6908.23 2636.57
26071-750-M6-085-00007 0.06929968297481537 7003.31 2406.24 7050.83 2407.02 7049.30 2500.61 7001.78 2499.83
26071-750-M6-085-00007 0.06498116999864578 6684.33 6520.54 6776.18 6518.31 6777.32 6565.63 6685.47 6567.86
26071-750-M6-085-00007 0.061882443726062775 7596.71 5801.05 8142.95 5804.34 8142.57 5866.25 7596.34 5862.96
26071-750-M6-085-00007 0.06158970296382904 7588.34 6285.50 8128.59 6268.08 8130.58 6329.76 7590.33 6347.18
26071-750-M6-085-00007 0.0539366751909256 6662.56 5751.61 6816.27 5770.49 6797.48 5923.46 6643.77 5904.58
26071-203-M6-064-00271 0.07964783161878586 5706.70 2229.13 5755.32 2235.48 5749.23 2282.10 5700.61 2275.75
26071-203-M6-064-00271 0.07737661153078079 6002.30 2230.26 6051.12 2236.78 6044.93 2283.09 5996.11 2276.56
26071-203-M6-064-00271 0.07571142911911011 6595.12 2228.91 6641.20 2236.22 6633.68 2283.58 6587.60 2276.27
26071-203-M6-064-00271 0.062184158712625504 2095.05 4472.78 2141.48 4479.90 2134.25 4527.06 2087.82 4519.94
26071-203-M6-064-00271 0.05939887836575508 5410.06 2230.28 5456.94 2233.67 5453.57 2280.22 5406.69 2276.82
26071-203-M6-064-00271 0.05419348180294037 2591.82 4472.80 2637.25 4481.07 2628.81 4527.44 2583.38 4519.17
26071-203-M6-064-00271 0.05224473774433136 2754.87 2229.05 2801.12 2235.87 2794.22 2282.63 2747.98 2275.81
26071-203-M6-064-00271 0.051175281405448914 4822.16 2228.92 4868.28 2236.07 4861.00 2282.97 4814.89 2275.81
26071-203-M6-064-00271 0.050590865314006805 3344.90 2229.48 3392.00 2235.15 3386.39 2281.69 3339.29 2276.01
26071-203-M6-337-00031 0.9959291815757751 3957.74 2253.62 4051.40 2253.78 4051.32 2300.63 3957.66 2300.46
26071-203-M6-337-00031 0.9933966398239136 7169.61 5253.03 7260.73 5251.52 7261.53 5299.49 7170.40 5301.00
26071-203-M6-337-00031 0.9925664663314819 1348.73 5221.17 1441.52 5222.86 1440.67 5269.58 1347.88 5267.89
26071-203-M6-337-00031 0.9923536777496338 7169.16 540.54 7260.82 542.61 7259.75 589.80 7168.10 587.73
26071-203-M6-337-00031 0.9919303059577942 3954.78 946.36 4001.64 948.84 3996.81 1040.55 3949.94 1038.08
26071-203-M6-337-00031 0.9915288686752319 4443.64 944.66 4490.99 942.99 4494.23 1035.37 4446.89 1037.03
26071-203-M6-337-00031 0.9908498525619507 1349.27 4771.74 1441.49 4773.04 1440.83 4820.10 1348.61 4818.80
26071-203-M6-337-00031 0.9891276955604553 1348.28 4322.33 1441.06 4322.54 1440.95 4369.50 1348.17 4369.29
26071-203-M6-337-00031 0.9873685240745544 1348.37 2597.10 1440.48 2597.80 1440.12 2645.10 1348.01 2644.40
26071-203-M6-337-00031 0.9856581091880798 1349.14 3870.92 1441.73 3873.02 1440.65 3920.39 1348.07 3918.28
26071-203-M6-337-00031 0.9819309711456299 4800.35 611.63 4891.89 607.92 4893.83 655.76 4802.29 659.48
26071-203-M6-337-00031 0.9799739122390747 1994.47 2597.45 2086.28 2595.90 2087.08 2643.45 1995.27 2645.00
26071-203-M6-337-00031 0.9788549542427063 3148.92 580.50 3240.86 579.27 3241.50 626.63 3149.55 627.86
26071-203-M6-337-00031 0.9583160281181335 3837.21 2473.42 3883.76 2467.35 3895.79 2559.68 3849.24 2565.75
26071-203-M6-337-00031 0.9576436877250671 3307.89 887.71 3354.25 890.13 3349.47 981.73 3303.11 979.31
26071-203-M6-337-00031 0.0737866461277008 3331.41 907.15 3490.77 904.00 3491.91 961.75 3332.55 964.90
26071-203-M6-337-00031 0.0732450783252716 1667.00 4714.53 1699.17 4716.55 1692.62 4820.81 1660.45 4818.79
26071-203-M6-337-00031 0.062251605093479156 3385.86 976.66 3541.39 976.32 3541.71 1122.69 3386.18 1123.03
26071-203-M6-337-00031 0.05959528684616089 7722.88 5252.18 8264.23 5233.58 8266.36 5295.58 7725.01 5314.18
26071-203-M6-337-00031 0.058366306126117706 1661.34 5375.83 1694.81 5373.34 1702.82 5480.75 1669.35 5483.25
26071-203-M6-337-00031 0.05786260962486267 4886.17 447.53 5037.85 448.35 5036.99 604.57 4885.31 603.74
26071-203-M6-337-00031 0.05660383030772209 1662.84 5616.66 1694.85 5615.49 1698.61 5718.01 1666.60 5719.18
26071-203-M6-337-00031 0.053754743188619614 1663.35 4267.73 1695.66 4266.43 1699.82 4369.66 1667.51 4370.97
26071-203-M6-337-00031 0.052828025072813034 4478.21 806.82 4634.25 794.33 4646.76 950.72 4490.73 963.21
26071-203-M6-337-00031 0.052613403648138046 2103.02 2386.37 2252.02 2394.15 2243.72 2552.76 2094.73 2544.97
26071-203-M6-337-00031 0.05245213210582733 1668.33 3816.22 1700.23 3818.04 1694.28 3922.30 1662.38 3920.48
26071-203-M6-332-00001 0.9964017868041992 2081.94 5941.83 2174.24 5941.97 2174.17 5989.63 2081.87 5989.50
26071-203-M6-332-00001 0.9960415363311768 5947.37 1313.67 5994.56 1314.73 5992.49 1406.87 5945.31 1405.82
26071-203-M6-332-00001 0.9946979284286499 5528.73 1312.80 5575.64 1315.27 5570.78 1407.33 5523.87 1404.85
26071-203-M6-332-00001 0.9940811991691589 2734.75 4021.09 2827.81 4020.48 2828.11 4067.53 2735.06 4068.14
26071-203-M6-332-00001 0.9940106272697449 3429.61 1312.60 3476.42 1315.47 3470.77 1407.55 3423.96 1404.68
26071-203-M6-332-00001 0.9934669137001038 6477.82 3811.43 6570.55 3812.99 6569.76 3860.37 6477.02 3858.82
26071-203-M6-332-00001 0.9932686686515808 5108.57 1311.42 5155.85 1315.39 5148.02 1408.61 5100.74 1404.64
26071-203-M6-332-00001 0.9932055473327637 4265.86 1313.97 4312.90 1314.16 4312.53 1407.06 4265.48 1406.87
26071-203-M6-332-00001 0.9931663870811462 4685.55 1313.96 4732.72 1314.09 4732.47 1407.16 4685.30 1407.03
26071-203-M6-332-00001 0.9928604960441589 3848.38 1313.76 3895.33 1315.85 3891.24 1407.95 3844.29 1405.86
26071-203-M6-332-00001 0.9927045106887817 2352.20 5640.95 2445.01 5642.49 2444.23 5689.54 2351.42 5688.00
26071-203-M6-332-00001 0.9919740557670593 3008.47 1311.63 3055.81 1315.55 3048.11 1408.52 3000.77 1404.59
26071-203-M6-332-00001 0.9917673468589783 1796.57 5643.03 1890.51 5639.98 1892.06 5687.75 1798.12 5690.80
26071-203-M6-332-00001 0.9849686622619629 2081.79 5641.88 2174.46 5641.88 2174.46 5689.01 2081.79 5689.01
26071-203-M6-332-00001 0.9826573729515076 1775.34 894.61 1821.53 893.00 1824.78 986.31 1778.59 987.92
26071-203-M6-332-00001 0.09960715472698212 7709.08 4839.24 8249.73 4866.30 8246.48 4931.31 7705.83 4904.24
26071-203-M6-332-00001 0.08894466608762741 7710.56 6041.22 8254.83 6061.33 8252.43 6126.21 7708.16 6106.10
26071-203-M6-332-00001 0.080293670296669 2798.65 3970.77 2832.73 3963.10 2855.64 4064.90 2821.56 4072.57
26071-203-M6-332-00001 0.07501398772001266 1276.18 5138.20 1432.29 5145.44 1425.56 5290.42 1269.46 5283.18
26071-203-M6-332-00001 0.06905592232942581 262.63 3654.23 807.18 3646.67 808.05 3709.52 263.50 3717.08
26071-203-M6-332-00001 0.0628301203250885 7727.76 5808.76 8257.47 5815.90 8256.60 5880.68 7726.88 5873.54
26071-203-M6-332-00001 0.05876282602548599 264.78 3046.56 805.86 3060.38 804.25 3123.51 263.17 3109.69
26071-203-M6-332-00001 0.05821530148386955 269.35 2817.74 821.20 2816.68 821.32 2878.12 269.47 2879.18
26071-203-M6-332-00001 0.05581704527139664 4630.45 1823.62 4728.93 1827.84 4727.53 1860.40 4629.06 1856.18
26071-203-M6-079-00001 0.057255808264017105 4160.25 5657.16 4315.82 5653.10 4320.74 5841.64 4165.17 5845.70
26071-203-M6-079-00001 0.05672009661793709 4159.38 1758.29 4315.06 1753.54 4320.82 1942.56 4165.14 1947.31
26071-203-M6-079-00001 0.05615496262907982 7599.25 3923.13 8147.74 3906.06 8149.63 3966.73 7601.13 3983.79
26071-200-M6-052-00150 0.09002777189016342 2151.90 1477.43 2298.74 1451.11 2329.58 1623.13 2182.74 1649.45
26071-200-M6-052-00150 0.07909967750310898 7275.50 4549.02 7430.88 4551.76 7428.03 4713.03 7272.65 4710.28
26071-200-M6-052-00150 0.07041853666305542 5782.21 5067.97 5934.82 5079.19 5924.13 5224.55 5771.53 5213.33
26071-200-M6-052-00150 0.06416961550712585 996.54 1660.17 1146.18 1684.68 1122.05 1831.94 972.42 1807.42
26071-200-M6-052-00150 0.05813410505652428 5514.53 5827.92 5572.23 5807.57 5608.16 5909.44 5550.47 5929.79
26071-200-M6-052-00150 0.05463714525103569 7440.52 4748.97 7534.10 4747.20 7535.02 4795.60 7441.44 4797.38
26071-200-M6-052-00150 0.05294603109359741 5830.95 3370.82 5987.11 3358.25 6000.08 3519.37 5843.92 3531.94
26071-200-M6-052-00150 0.05286035314202309 6249.50 4469.76 6410.31 4470.84 6409.03 4660.15 6248.22 4659.07
26071-200-M6-052-00003 0.24389198422431946 6099.57 2098.08 6186.92 2107.07 6182.08 2154.05 6094.73 2145.05
26071-200-M6-052-00003 0.10382344573736191 6095.24 1322.97 6187.78 1321.63 6188.47 1368.98 6095.92 1370.32
26071-200-M6-052-00003 0.0895085260272026 6188.67 2100.51 6235.65 2105.25 6230.85 2152.82 6183.87 2148.08
26071-200-M6-052-00003 0.07519111037254333 5674.25 2790.60 5816.98 2788.27 5819.55 2945.88 5676.82 2948.21
26071-200-M6-052-00003 0.05712498724460602 5960.44 4168.55 6113.29 4194.76 6088.91 4336.94 5936.06 4310.74
26071-200-M6-052-00003 0.056298594921827316 3280.83 4742.14 3427.04 4761.33 3408.16 4905.12 3261.95 4885.93
26071-200-M6-052-00003 0.05600113049149513 5177.73 2627.63 5223.79 2636.35 5214.99 2682.81 5168.93 2674.09
26071-200-M6-052-00003 0.05175803229212761 4527.97 4657.66 4627.21 4655.58 4627.90 4688.55 4528.66 4690.63
26071-200-M6-052-00003 0.050724007189273834 5858.46 2946.71 5904.80 2950.76 5900.67 2998.08 5854.32 2994.03
26071-200-M6-052-00003 0.050684604793787 6052.98 2100.27 6098.98 2105.11 6093.96 2152.80 6047.96 2147.96
26071-700-M6-054-00013 0.0721772164106369 349.79 1553.36 902.28 1547.61 902.92 1608.81 350.42 1614.55
26071-700-M6-054-00013 0.06751646846532822 3760.36 3445.63 3805.93 3450.95 3800.65 3496.17 3755.08 3490.85
26071-700-M6-054-00013 0.062399622052907944 354.85 3445.92 899.84 3436.35 900.94 3498.81 355.94 3508.38
26071-700-M6-054-00013 0.06113116443157196 3615.44 5927.69 3706.62 5929.14 3705.85 5977.03 3614.67 5975.57
26071-700-M6-054-00013 0.055584680289030075 3617.29 2147.97 3707.34 2149.59 3706.48 2197.48 3616.43 2195.86
26071-700-M6-054-00013 0.054872773587703705 5289.89 5173.41 5432.27 5169.41 5436.46 5318.68 5294.08 5322.68
26071-700-M6-054-00013 0.05402153357863426 3615.06 3448.67 3706.97 3448.14 3707.24 3495.42 3615.33 3495.94
26071-700-M6-054-00013 0.05252724513411522 3720.75 5167.87 3863.10 5168.15 3862.78 5325.74 3720.43 5325.46
26071-700-M6-054-00013 0.05097405984997749 3614.70 5338.99 3706.36 5337.73 3707.02 5385.35 3615.35 5386.61
26071-203-M6-321-00225 0.05925557017326355 7678.53 4583.75 8218.88 4584.34 8218.81 4646.19 7678.46 4645.60
26071-700-M6-054-00036 0.07374222576618195 4048.86 3779.98 4097.00 3780.35 4096.28 3874.51 4048.14 3874.14
26071-700-M6-054-00036 0.06043534725904465 4467.70 1546.15 4618.47 1538.45 4626.29 1691.70 4475.52 1699.39
26071-700-M6-054-00036 0.05503254383802414 4241.36 2136.31 4376.93 2131.73 4382.46 2295.25 4246.88 2299.83
26071-700-M6-054-00036 0.05500943958759308 6666.82 5346.38 6818.04 5346.48 6817.95 5500.73 6666.72 5500.64
26071-700-M6-054-00036 0.05454450100660324 3557.38 4033.98 3649.39 4039.62 3646.50 4086.79 3554.49 4081.15
26071-600-M6-065-00231 0.07901474833488464 3412.17 3468.57 3515.57 3469.03 3515.43 3502.08 3412.02 3501.63
26071-600-M6-065-00231 0.07637077569961548 3300.67 1743.59 3347.16 1753.39 3337.40 1799.69 3290.90 1789.89
26071-500-M6-059-00071 0.14081236720085144 6567.92 3565.26 6657.82 3564.20 6658.37 3611.03 6568.47 3612.09
26071-500-M6-059-00071 0.1098499521613121 3462.23 3447.79 3505.05 3448.50 3504.27 3494.84 3461.45 3494.12
26071-500-M6-059-00071 0.10467005521059036 6395.25 3352.85 6549.99 3345.89 6556.77 3496.65 6402.02 3503.60
26071-500-M6-059-00071 0.08088121563196182 7598.67 3961.55 8143.60 3958.28 8143.96 4019.15 7599.03 4022.43
26071-500-M6-059-00071 0.06220584735274315 7593.12 4511.81 8139.39 4495.85 8141.18 4557.07 7594.91 4573.03
26071-500-M6-059-00071 0.06179622933268547 7427.50 3350.72 7594.30 3370.06 7576.24 3525.79 7409.44 3506.45
26071-500-M6-059-00071 0.054315149784088135 1481.59 5238.49 1655.38 5237.78 1655.63 5299.84 1481.84 5300.55
26071-500-M6-059-00071 0.05407650023698807 6006.58 2737.21 6052.03 2746.38 6042.45 2793.87 5997.01 2784.71
26071-500-M6-059-00071 0.05209946259856224 4118.08 1870.64 4268.85 1874.60 4264.94 2023.67 4114.16 2019.71
26071-500-M6-059-00071 0.05084275081753731 1411.97 5063.73 1556.45 5057.63 1562.87 5209.54 1418.38 5215.64
26071-500-M6-059-00071 0.05004194378852844 7600.81 2146.68 8140.38 2139.22 8141.24 2201.84 7601.67 2209.30
26071-203-M6-320-00008 0.08496630191802979 5867.99 5079.85 5900.19 5078.70 5904.51 5199.71 5872.31 5200.86
26071-500-M6-059-00116 0.9758381247520447 3285.48 4605.14 3332.59 4607.51 3328.04 4698.12 3280.92 4695.75
26071-500-M6-059-00116 0.9641318917274475 4347.91 3242.72 4394.75 3244.30 4391.63 3337.06 4344.80 3335.49
26071-500-M6-059-00116 0.16846635937690735 3289.01 4910.83 3332.94 4910.91 3332.78 5008.26 3288.85 5008.19
26071-500-M6-059-00116 0.08298063278198242 4448.91 3083.80 4604.64 3076.12 4612.45 3234.57 4456.72 3242.25
26071-500-M6-059-00116 0.0787261500954628 4348.08 3151.13 4395.96 3153.97 4393.19 3200.72 4345.31 3197.88
26071-500-M6-059-00116 0.0668131560087204 349.13 6050.26 894.15 6038.68 895.46 6100.44 350.44 6112.03
26071-500-M6-059-00116 0.059374623000621796 3085.96 4433.03 3229.87 4433.30 3229.59 4583.66 3085.68 4583.39
26071-550-M6-084-00026 0.07266169786453247 2882.08 2472.35 3030.53 2475.01 3027.57 2640.20 2879.12 2637.54
26071-550-M6-084-00026 0.05935230478644371 5240.81 2482.96 5394.37 2493.45 5384.19 2642.44 5230.63 2631.95
26071-550-M6-084-00026 0.057397034019231796 2824.57 2853.89 2939.27 2852.32 2939.74 2886.48 2825.03 2888.05
26071-203-M6-337-00007 0.05174732953310013 3068.52 2575.00 3210.92 2587.85 3196.95 2742.69 3054.55 2729.84
26071-200-M6-052-00090 0.36284300684928894 6444.51 2839.65 6558.69 2843.20 6557.62 2877.58 6443.44 2874.03
26071-200-M6-052-00090 0.19116732478141785 3423.33 6045.97 3518.06 6041.09 3520.56 6089.73 3425.83 6094.61
26071-200-M6-052-00090 0.1550222933292389 1583.81 4808.80 1675.74 4801.87 1679.31 4849.17 1587.38 4856.11
26071-200-M6-052-00090 0.11950365453958511 1918.36 1347.36 2009.44 1347.26 2009.49 1394.25 1918.41 1394.35
26071-200-M6-052-00090 0.11799187958240509 7094.69 4358.15 7209.06 4368.61 7205.87 4403.42 7091.51 4392.96
26071-200-M6-052-00090 0.11210609972476959 7088.00 4554.74 7208.22 4554.29 7208.34 4587.16 7088.12 4587.60
26071-200-M6-052-00090 0.10884806513786316 6404.64 5231.55 6454.49 5222.87 6469.36 5308.33 6419.51 5317.01
26071-200-M6-052-00090 0.09893634170293808 4592.82 4807.72 4686.70 4805.75 4687.68 4852.84 4593.81 4854.80
26071-200-M6-052-00090 0.0964101254940033 3663.13 6045.59 3756.52 6047.11 3755.75 6094.44 3662.36 6092.92
26071-200-M6-052-00090 0.09551890194416046 5474.64 4544.54 5616.58 4577.52 5582.52 4724.12 5440.58 4691.14
26071-200-M6-052-00090 0.09477420151233673 8027.01 3750.75 8147.17 3750.05 8147.36 3783.07 8027.20 3783.77
26071-200-M6-052-00090 0.08983847498893738 969.72 4542.01 1118.23 4577.32 1082.09 4729.30 933.59 4694.00
26071-200-M6-052-00090 0.08589407056570053 6409.79 2730.17 6456.74 2727.27 6462.37 2818.19 6415.41 2821.09
26071-200-M6-052-00090 0.0851275771856308 3982.00 4547.47 4136.14 4572.15 4111.26 4727.50 3957.12 4702.83
26071-200-M6-052-00090 0.08057672530412674 7061.53 4435.37 7107.69 4434.68 7109.04 4525.33 7062.87 4526.01
26071-200-M6-052-00090 0.08047102391719818 7059.01 4621.11 7106.80 4619.57 7109.86 4715.09 7062.07 4716.62
26071-200-M6-052-00090 0.07862391322851181 3006.01 1583.93 3159.34 1582.64 3160.57 1728.42 3007.24 1729.72
26071-200-M6-052-00090 0.07673986256122589 6801.51 1279.65 6835.90 1282.00 6827.14 1409.99 6792.74 1407.64
26071-200-M6-052-00090 0.0750628262758255 5809.34 5293.22 5901.41 5289.82 5903.15 5337.01 5811.09 5340.41
26071-200-M6-052-00090 0.07382825762033463 2682.60 2069.21 2840.56 2088.28 2823.65 2228.27 2665.69 2209.19
26071-200-M6-052-00090 0.07306147366762161 2227.90 4154.20 2381.88 4170.92 2365.50 4321.67 2211.52 4304.94
26071-200-M6-052-00090 0.07263123989105225 5747.89 1550.30 5895.64 1550.89 5895.00 1711.32 5747.25 1710.73
26071-200-M6-052-00090 0.07226383686065674 2575.09 6522.64 2623.62 6523.85 2621.45 6610.88 2572.91 6609.67
26071-200-M6-052-00090 0.07147154957056046 3160.90 2094.28 3195.53 2089.75 3211.19 2209.57 3176.56 2214.10
26071-200-M6-052-00090 0.06771251559257507 5236.32 4156.42 5394.87 4170.93 5380.91 4323.43 5222.36 4308.92
26071-200-M6-052-00090 0.06754311174154282 6706.86 1731.53 6833.22 1732.46 6832.99 1764.71 6706.62 1763.78
26071-200-M6-052-00090 0.06710758060216904 5739.62 2389.98 5874.22 2353.65 5917.21 2512.96 5782.61 2549.28
26071-200-M6-052-00090 0.06606416404247284 5470.57 1301.40 5622.43 1306.92 5616.90 1458.99 5465.03 1453.47
26071-200-M6-052-00090 0.0652182474732399 7067.47 4162.86 7115.88 4170.71 7108.21 4217.99 7059.81 4210.15
26071-200-M6-052-00090 0.06382368505001068 2739.39 2370.69 2868.53 2337.76 2913.71 2514.96 2784.57 2547.88
26071-200-M6-052-00090 0.0633149966597557 2472.07 4544.79 2606.57 4580.09 2569.18 4722.50 2434.69 4687.19
26071-200-M6-052-00090 0.06205891817808151 3851.56 6049.04 3944.68 6047.61 3945.38 6093.30 3852.26 6094.73
26071-200-M6-052-00090 0.060453806072473526 3397.45 1077.35 3443.93 1075.18 3448.38 1170.27 3401.89 1172.44
26071-200-M6-052-00090 0.05995975807309151 3402.52 1243.60 3448.97 1242.86 3450.39 1331.54 3403.94 1332.28
26071-200-M6-052-00090 0.05868503078818321 5764.67 2113.67 5904.07 2139.95 5875.70 2290.42 5736.30 2264.13
26071-200-M6-052-00090 0.05735532566905022 7323.25 4098.07 7416.09 4097.64 7416.31 4145.17 7323.47 4145.60
26071-200-M6-052-00090 0.05559788644313812 6922.32 3960.69 7069.23 3967.68 7061.92 4121.01 6915.02 4114.01
26071-200-M6-052-00090 0.054877493530511856 7259.73 3998.37 7292.78 3999.03 7290.44 4117.02 7257.39 4116.36
26071-200-M6-052-00090 0.05414149537682533 5228.42 3974.15 5372.72 3989.97 5356.85 4134.69 5212.56 4118.87
26071-200-M6-052-00090 0.05291120335459709 5932.98 5191.81 5966.45 5191.53 5967.47 5312.10 5933.99 5312.39
26071-200-M6-052-00090 0.05224768817424774 6241.53 2215.99 6288.97 2220.14 6280.53 2316.70 6233.08 2312.55
26071-200-M6-052-00090 0.05223184823989868 3196.66 2236.19 3310.15 2241.98 3308.46 2275.28 3194.96 2269.50
26071-200-M6-052-00090 0.051875289529561996 1542.47 4803.11 1589.40 4809.75 1582.81 4856.34 1535.88 4849.70
26071-200-M6-052-00090 0.05163596197962761 5706.08 2546.08 5752.38 2549.46 5749.00 2595.77 5702.70 2592.39
26071-200-M6-052-00090 0.05062523111701012 6004.58 5860.20 6106.75 5858.19 6107.66 5904.02 6005.48 5906.03
26071-203-M6-320-00061 0.1372239738702774 1679.71 4049.27 1770.86 4053.92 1768.47 4100.80 1677.32 4096.14
26071-203-M6-320-00061 0.07160905003547668 1000.26 3617.06 1144.25 3711.04 1044.55 3863.81 900.55 3769.83
26071-203-M6-320-00061 0.05418562889099121 568.11 4051.62 661.14 4051.10 661.41 4098.49 568.38 4099.02
26071-600-M6-065-00037 0.15375784039497375 2692.27 2077.90 2740.35 2078.68 2738.96 2163.98 2690.88 2163.19
26071-600-M6-065-00037 0.08812917023897171 7308.77 2461.86 7464.51 2448.68 7477.55 2602.69 7321.81 2615.88
26071-600-M6-065-00037 0.07813481241464615 352.49 5748.69 900.47 5741.25 901.30 5803.01 353.33 5810.45
26071-600-M6-065-00037 0.07810241729021072 7498.95 5056.80 7647.06 5072.08 7631.55 5222.35 7483.45 5207.07
26071-600-M6-065-00037 0.07483088225126266 1228.83 2999.40 1319.63 2998.89 1319.89 3046.19 1229.09 3046.70
26071-600-M6-065-00037 0.07190623879432678 2700.49 2203.34 2746.65 2214.54 2735.31 2261.27 2689.14 2250.06
26071-600-M6-065-00037 0.07084303349256516 7597.08 5747.77 8138.98 5741.20 8139.73 5803.04 7597.83 5809.61
26071-600-M6-065-00037 0.07057871669530869 5998.48 2089.77 6049.02 2092.04 6046.95 2138.16 5996.40 2135.89
26071-600-M6-065-00037 0.06513461470603943 6372.70 2747.56 6523.31 2776.91 6494.73 2923.57 6344.12 2894.22
26071-600-M6-065-00037 0.06344801187515259 2496.71 2137.70 2640.12 2161.52 2612.58 2327.30 2469.17 2303.47
26071-600-M6-065-00037 0.061074692755937576 7414.96 4960.81 7462.02 4957.96 7467.71 5051.86 7420.65 5054.71
26071-600-M6-065-00037 0.05963674932718277 2697.23 1970.41 2745.81 1978.62 2738.38 2022.59 2689.80 2014.38
26071-600-M6-065-00037 0.05918362736701965 7432.65 2682.87 7521.86 2685.00 7520.74 2732.04 7431.53 2729.91
26071-600-M6-065-00037 0.058277249336242676 5764.07 2187.11 5810.63 2187.48 5809.90 2280.17 5763.34 2279.81
26071-600-M6-065-00037 0.05567815899848938 1781.75 2999.45 1872.18 2999.68 1872.06 3047.46 1781.63 3047.23
26071-600-M6-065-00037 0.05556711554527283 4172.41 6244.20 4327.10 6237.51 4333.60 6387.93 4178.91 6394.62
26071-600-M6-065-00037 0.055355753749608994 6001.78 2324.79 6050.30 2330.36 6044.93 2377.14 5996.41 2371.58
26071-600-M6-065-00037 0.05139981210231781 6359.35 3029.21 6513.77 3035.45 6507.65 3186.93 6353.23 3180.69
26071-300-M6-053-00010 0.11640938371419907 4548.73 2450.21 4707.00 2452.06 4705.26 2600.40 4547.00 2598.55
26071-300-M6-053-00010 0.10470874607563019 4908.67 2623.79 5008.89 2619.87 5010.72 2666.70 4910.50 2670.62
26071-300-M6-053-00010 0.0757947713136673 2698.98 4743.39 2743.76 4752.69 2734.11 4799.14 2689.34 4789.84
26071-300-M6-053-00010 0.0733625665307045 7049.12 3127.16 7132.90 3134.78 7124.81 3223.77 7041.03 3216.16
26071-300-M6-053-00010 0.07262042164802551 4794.18 6046.99 4886.14 6046.88 4886.19 6094.02 4794.24 6094.13
26071-300-M6-053-00010 0.06974126398563385 6711.04 2737.70 6803.54 2742.09 6801.31 2789.05 6708.82 2784.67
26071-300-M6-053-00010 0.06943785399198532 2697.92 4033.73 2744.16 4042.75 2735.08 4089.34 2688.83 4080.32
26071-300-M6-053-00010 0.06938593834638596 1580.93 3628.77 1737.08 3640.13 1725.96 3792.88 1569.82 3781.51
26071-300-M6-053-00010 0.06081678345799446 6920.41 1559.43 7013.57 1558.99 7013.79 1605.86 6920.63 1606.30
26071-203-M6-320-00042 0.0759071633219719 3966.73 3057.02 4109.98 3072.85 4092.75 3228.69 3949.51 3212.87
26071-203-M6-320-00042 0.05755304545164108 5998.45 2101.40 6088.76 2103.39 6087.72 2150.55 5997.40 2148.55
26071-200-M6-052-00540 0.0507296547293663 1886.71 5329.91 1951.36 5324.65 1984.43 5731.17 1919.78 5736.43
26071-200-M6-052-00540 0.05065428465604782 7715.15 3307.27 8263.73 3337.64 8260.13 3402.61 7711.55 3372.25
26071-203-M6-160-00291 0.1073366031050682 1772.94 1500.41 1864.94 1499.00 1865.66 1545.92 1773.66 1547.33
26071-203-M6-160-00291 0.10593440383672714 1772.01 2269.69 1862.74 2265.47 1864.93 2312.56 1774.20 2316.78
26071-203-M6-160-00291 0.09542068839073181 1873.85 1289.83 2025.82 1292.77 2023.06 1435.37 1871.09 1432.43
26071-203-M6-160-00291 0.092684805393219 1183.92 3589.94 1275.02 3589.77 1275.11 3637.56 1184.01 3637.73
26071-203-M6-160-00291 0.08778887987136841 3355.38 5078.91 3509.84 5069.14 3520.57 5238.65 3366.11 5248.42
26071-203-M6-160-00291 0.08688852190971375 2185.25 3335.02 2334.31 3361.21 2308.29 3509.28 2159.23 3483.08
26071-203-M6-160-00291 0.08666282147169113 1869.29 2058.57 2020.07 2054.40 2024.10 2200.25 1873.32 2204.42
26071-203-M6-160-00291 0.08188219368457794 1269.75 1180.18 1430.74 1179.02 1431.93 1345.37 1270.94 1346.52
26071-203-M6-160-00291 0.0790642648935318 1775.44 1675.49 1866.20 1679.30 1864.21 1726.75 1773.45 1722.95
26071-203-M6-160-00291 0.07757780700922012 1776.80 2441.31 1866.18 2449.07 1862.10 2496.08 1772.72 2488.32
26071-203-M6-160-00291 0.06976115703582764 7599.37 1023.18 8153.92 1018.08 8154.48 1078.74 7599.93 1083.84
26071-203-M6-160-00291 0.06758201867341995 6271.30 6062.50 6398.89 6057.84 6400.06 6089.80 6272.47 6094.46
26071-203-M6-160-00291 0.058348532766103745 4286.63 3024.76 4438.10 3055.94 4407.33 3205.43 4255.86 3174.25
26071-203-M6-160-00291 0.05795935541391373 2247.39 2266.62 2339.65 2268.04 2338.92 2315.56 2246.66 2314.14
26071-203-M6-160-00291 0.052279066294431686 1223.58 2140.01 1360.75 2111.52 1390.49 2254.69 1253.32 2283.18
26071-600-M6-066-00002 0.12032968550920486 4213.87 2716.47 4283.25 2717.03 4282.51 2809.28 4213.13 2808.73
26071-600-M6-066-00002 0.10303451865911484 4214.67 3741.15 4283.65 3742.42 4281.87 3839.12 4212.89 3837.85
26071-600-M6-066-00002 0.09735649079084396 6657.15 3353.55 6811.72 3368.67 6796.81 3521.20 6642.24 3506.09
26071-600-M6-066-00002 0.08608278632164001 7028.92 2029.51 7121.42 2033.65 7119.30 2080.92 7026.80 2076.78
26071-600-M6-066-00002 0.06438163667917252 7589.80 4868.23 8126.66 4851.48 8128.60 4913.50 7591.73 4930.26
26071-600-M6-066-00002 0.06091442331671715 4287.58 2477.70 4434.43 2491.14 4420.60 2642.28 4273.75 2628.85
26071-600-M6-066-00002 0.05609723925590515 4287.77 3511.27 4448.84 3539.49 4422.15 3691.88 4261.08 3663.67
26071-600-M6-066-00002 0.0542173758149147 6670.67 3612.30 6823.97 3641.85 6793.85 3798.10 6640.54 3768.54
26071-300-M6-053-00008 0.11122545599937439 4863.16 657.72 5010.66 669.79 4997.91 825.71 4850.41 813.65
26071-300-M6-053-00008 0.0743553563952446 351.81 727.38 900.75 717.07 901.90 778.35 352.96 788.66
26071-300-M6-053-00008 0.05291692540049553 4554.51 4267.20 4709.81 4301.15 4677.76 4447.74 4522.47 4413.79
26071-300-M6-053-00008 0.05136488378047943 349.37 2734.61 888.64 2732.01 888.93 2793.89 349.67 2796.49
26071-203-M6-060-00001 0.08030960708856583 2757.36 1161.64 2911.42 1157.63 2916.04 1335.31 2761.98 1339.31
26071-203-M6-060-00001 0.07527616620063782 2067.65 3858.67 2199.65 3860.79 2199.13 3892.97 2067.13 3890.84
26071-203-M6-060-00001 0.06719719618558884 7596.37 4626.01 8147.54 4619.13 8148.29 4679.68 7597.12 4686.56
26071-203-M6-060-00001 0.06269565224647522 1924.13 3449.25 2016.39 3447.96 2017.06 3495.46 1924.79 3496.75
26071-203-M6-060-00001 0.059969812631607056 2134.76 757.58 2182.64 755.69 2186.26 847.21 2138.38 849.10
26071-203-M6-060-00001 0.05708189308643341 4345.41 1332.60 4392.19 1331.12 4395.18 1425.68 4348.40 1427.15
26071-203-M6-060-00001 0.0567602775990963 2043.55 924.78 2160.62 931.14 2158.79 964.79 2041.73 958.44
26071-203-M6-060-00001 0.05256131291389465 2753.98 5058.92 2912.09 5049.00 2923.16 5225.50 2765.05 5235.41
26071-200-M6-063-00010 0.09210138022899628 6879.81 1735.41 6968.04 1736.63 6967.37 1784.76 6879.14 1783.53
26071-200-M6-063-00010 0.07751322537660599 5975.08 1913.95 6066.52 1911.78 6067.63 1958.86 5976.20 1961.03
26071-200-M6-063-00010 0.057018980383872986 4288.59 2230.37 4442.36 2256.53 4418.86 2394.63 4265.09 2368.47
26071-200-M6-063-00010 0.05393141135573387 336.14 4505.57 890.57 4507.02 890.41 4568.57 335.98 4567.12
26071-203-M6-060-00006 0.0883868858218193 5410.63 2579.89 5458.10 2581.64 5454.65 2675.36 5407.18 2673.61
26071-203-M6-060-00006 0.06911099702119827 2460.04 2541.81 2609.30 2538.49 2612.45 2679.85 2463.19 2683.17
26071-203-M6-060-00006 0.06418875604867935 2813.94 2459.72 2861.12 2463.76 2853.15 2556.89 2805.97 2552.85
26071-203-M6-060-00006 0.05766360089182854 3647.51 5448.67 3795.99 5448.68 3795.99 5608.14 3647.50 5608.14
26071-203-M6-060-00006 0.050743043422698975 2945.53 2966.10 3095.58 2956.21 3107.58 3138.33 2957.54 3148.22
26071-203-M6-325-00013 0.06853411346673965 5502.57 2396.64 5535.23 2398.79 5527.42 2516.97 5494.77 2514.82
26071-203-M6-325-00013 0.06654160469770432 6716.39 2496.47 6808.28 2488.74 6812.23 2535.71 6720.34 2543.44
26071-203-M6-325-00013 0.053019456565380096 5338.77 2492.60 5430.53 2492.70 5430.48 2539.80 5338.72 2539.70
26071-203-M6-325-00013 0.05052346736192703 6374.25 1648.27 6527.08 1651.14 6524.38 1795.05 6371.55 1792.18
26071-203-M6-325-00013 0.05007462948560715 6375.73 2247.14 6528.51 2251.93 6523.99 2396.08 6371.21 2391.29
26071-675-M6-068-00041 0.05013858526945114 1717.53 4341.88 1764.93 4346.42 1760.41 4393.60 1713.01 4389.06
26071-300-M6-053-00012 0.9950821399688721 7570.33 2030.54 7662.63 2031.96 7661.90 2079.65 7569.60 2078.23
26071-300-M6-053-00012 0.9950651526451111 7099.38 2739.63 7191.79 2740.71 7191.24 2788.48 7098.83 2787.41
26071-300-M6-053-00012 0.9906476140022278 7240.29 2361.19 7287.41 2362.14 7285.54 2454.72 7238.41 2453.76
26071-300-M6-053-00012 0.9850859642028809 4627.76 3917.45 4674.85 3916.25 4677.24 4010.36 4630.15 4011.56
26071-300-M6-053-00012 0.10563011467456818 6095.19 1491.19 6242.50 1520.08 6213.75 1666.66 6066.44 1637.77
26071-300-M6-053-00012 0.10112985968589783 6108.17 1146.15 6199.43 1144.50 6200.28 1191.64 6109.02 1193.29
26071-300-M6-053-00012 0.09204631298780441 2387.59 1699.23 2419.40 1695.89 2431.14 1807.72 2399.33 1811.06
26071-300-M6-053-00012 0.08258036524057388 3661.36 5973.97 3811.35 5970.18 3815.26 6124.91 3665.27 6128.70
26071-300-M6-053-00012 0.07737628370523453 354.34 4623.82 900.18 4616.46 901.01 4678.28 355.18 4685.64
26071-300-M6-053-00012 0.07646426558494568 1795.22 5103.28 1886.88 5100.76 1888.19 5148.39 1796.53 5150.92
26071-300-M6-053-00012 0.07002247124910355 2773.76 4841.75 2925.62 4872.58 2895.25 5022.14 2743.40 4991.31
26071-300-M6-053-00012 0.06790453940629959 6958.53 1412.73 7104.59 1426.64 7090.21 1577.68 6944.15 1563.77
26071-300-M6-053-00012 0.06353303790092468 7446.25 907.29 7537.50 910.93 7535.65 957.27 7444.40 953.64
26071-300-M6-053-00012 0.05487026274204254 331.43 958.53 885.73 958.80 885.70 1020.94 331.40 1020.67
26071-300-M6-053-00012 0.0538349486887455 3872.43 4426.77 4000.69 4432.22 3999.31 4464.64 3871.05 4459.19
26071-300-M6-053-00012 0.05314338207244873 2994.44 1704.10 3026.77 1703.67 3028.28 1814.93 2995.94 1815.37
26071-300-M6-053-00012 0.050799816846847534 2553.75 1793.98 2644.04 1796.26 2642.85 1843.30 2552.57 1841.02
26071-300-M6-053-00012 0.0500977486371994 4937.85 4485.04 4984.60 4485.43 4983.82 4579.86 4937.08 4579.48
26071-675-M6-068-00034 0.9877730011940002 4782.27 4562.74 4876.17 4561.77 4876.66 4609.04 4782.76 4610.02
26071-675-M6-068-00034 0.9772975444793701 4784.53 3872.12 4877.99 3873.29 4877.40 3920.00 4783.94 3918.83
26071-675-M6-068-00034 0.12072500586509705 3454.87 1317.49 3502.71 1318.09 3501.58 1408.28 3453.75 1407.68
26071-675-M6-068-00034 0.06345032155513763 4060.25 662.68 4204.01 663.01 4203.61 832.40 4059.85 832.07
26071-675-M6-068-00034 0.056257933378219604 315.95 4285.00 859.80 4288.50 859.37 4354.61 315.52 4351.11
26071-675-M6-068-00034 0.05477451905608177 7680.31 3448.55 8220.31 3437.17 8221.58 3497.39 7681.58 3508.77
26071-675-M6-068-00034 0.05391063541173935 303.25 6037.00 858.47 6064.75 855.41 6125.90 300.20 6098.14
26071-675-M6-068-00034 0.05143093317747116 3098.35 4508.33 3146.19 4513.88 3140.87 4559.69 3093.04 4554.15
26071-450-M6-082-00031 0.9930762052536011 5411.98 3309.19 5458.62 3312.24 5452.59 3404.62 5405.94 3401.57
26071-450-M6-082-00031 0.9929198622703552 4987.29 3683.05 5079.43 3685.69 5078.08 3733.04 4985.94 3730.40
26071-450-M6-082-00031 0.9911826848983765 5696.21 2929.07 5787.94 2930.21 5787.35 2977.38 5695.63 2976.25
26071-450-M6-082-00031 0.09725677222013474 2982.60 1566.49 3133.67 1565.95 3134.23 1723.72 2983.16 1724.26
26071-450-M6-082-00031 0.0782315582036972 2780.63 4213.69 2932.95 4228.06 2918.89 4377.13 2766.57 4362.77
26071-450-M6-082-00031 0.07265008240938187 332.61 962.53 886.45 958.35 886.91 1020.02 333.08 1024.19
26071-450-M6-082-00031 0.07229183614253998 7588.16 969.86 8133.96 952.27 8135.97 1014.62 7590.17 1032.22
26071-450-M6-082-00031 0.06891467422246933 4282.23 1853.68 4436.38 1866.92 4422.28 2031.22 4268.12 2017.98
26071-450-M6-082-00031 0.06109974533319473 5160.97 5925.51 5326.73 5915.48 5335.51 6060.54 5169.75 6070.57
26071-450-M6-082-00031 0.060447417199611664 3259.22 2661.82 3422.82 2661.45 3423.24 2844.38 3259.64 2844.76
26071-450-M6-082-00031 0.057820260524749756 5065.78 2246.71 5223.46 2237.12 5232.59 2387.10 5074.90 2396.69
26071-450-M6-082-00031 0.05274484306573868 2219.65 1916.56 2268.04 1917.07 2267.08 2008.65 2218.69 2008.14
26071-450-M6-082-00031 0.05205691605806351 3281.14 2445.25 3432.77 2461.94 3415.55 2618.42 3263.91 2601.73
26071-450-M6-082-00031 0.05179181322455406 2798.02 3973.68 2942.28 3996.94 2918.79 4142.57 2774.53 4119.31
26071-450-M6-082-00031 0.05153099447488785 350.19 1318.60 899.29 1312.42 899.98 1374.17 350.89 1380.35
26071-450-M6-082-00031 0.05007234215736389 7605.17 3955.57 8129.78 3944.92 8130.94 4001.88 7606.32 4012.52
26071-200-M6-062-00276 0.08825493603944778 1984.51 2855.62 2075.84 2858.55 2074.32 2905.89 1982.99 2902.95
26071-200-M6-062-00276 0.08671052008867264 1016.17 3568.45 1109.46 3565.90 1110.74 3612.98 1017.46 3615.53
26071-200-M6-062-00276 0.06546632945537567 4577.25 3294.65 4727.12 3314.07 4708.44 3458.21 4558.57 3438.79
26071-200-M6-062-00276 0.05173767730593681 1404.68 1895.36 1543.28 1898.05 1540.49 2042.02 1401.89 2039.34
26071-500-M6-059-00011 0.08653025329113007 6080.37 2423.09 6233.11 2434.80 6221.99 2579.87 6069.25 2568.16
26071-500-M6-059-00011 0.05329439789056778 5185.52 2089.43 5237.11 2094.46 5232.67 2139.98 5181.07 2134.95
26071-600-M6-065-00021 0.11839038133621216 4913.13 1854.40 5006.83 1854.73 5006.66 1901.77 4912.96 1901.43
26071-600-M6-065-00021 0.10760584473609924 1306.73 1501.87 1399.82 1497.49 1402.06 1545.10 1308.97 1549.48
26071-600-M6-065-00021 0.10244922339916229 1393.90 1502.22 1485.20 1497.44 1487.72 1545.67 1396.42 1550.46
26071-600-M6-065-00021 0.08926067501306534 1654.30 1346.69 1702.68 1347.54 1701.08 1438.78 1652.70 1437.93
26071-600-M6-065-00021 0.0837520882487297 4587.33 1638.75 4704.22 1634.82 4705.33 1667.80 4588.44 1671.73
26071-600-M6-065-00021 0.08120923489332199 6450.48 4157.24 6541.13 4154.92 6542.33 4202.16 6451.69 4204.47
26071-600-M6-065-00021 0.08058134466409683 3165.75 5063.05 3211.33 5065.30 3206.69 5159.33 3161.12 5157.08
26071-600-M6-065-00021 0.06679835170507431 1889.25 1499.44 1984.30 1499.53 1984.25 1547.48 1889.20 1547.39
26071-600-M6-065-00021 0.06552610546350479 5064.31 1873.41 5096.89 1874.17 5093.93 2001.55 5061.35 2000.79
26071-600-M6-065-00021 0.06385350972414017 7267.82 3633.42 7421.97 3657.37 7399.16 3804.24 7245.01 3780.29
26071-600-M6-065-00021 0.06164019927382469 4773.07 2262.76 4905.10 2265.47 4904.44 2297.46 4772.41 2294.74
26071-600-M6-065-00021 0.06153669208288193 2102.38 1582.45 2150.67 1583.48 2148.67 1677.16 2100.39 1676.13
26071-600-M6-065-00021 0.06084591895341873 3556.01 2196.06 3603.29 2197.79 3599.87 2291.10 3552.59 2289.37
26071-600-M6-065-00021 0.05804361402988434 5691.19 3972.42 5842.07 3978.21 5836.37 4126.86 5685.49 4121.08
26071-600-M6-065-00021 0.05308052897453308 5197.09 3953.83 5344.56 3963.17 5335.13 4112.14 5187.66 4102.80
26071-600-M6-065-00021 0.052860409021377563 6933.77 4783.21 7026.03 4784.49 7025.38 4831.83 6933.12 4830.56
26071-600-M6-065-00021 0.05257265269756317 6408.54 3203.06 6500.46 3221.83 6491.10 3267.72 6399.17 3248.95
26071-500-M6-059-00013 0.0833059772849083 5153.71 5169.49 5301.91 5158.77 5313.93 5325.09 5165.73 5335.80
26071-500-M6-059-00013 0.07650188356637955 4656.49 4453.09 4689.77 4454.14 4686.56 4555.80 4653.29 4554.75
26071-500-M6-059-00013 0.07221601903438568 342.07 5452.49 898.19 5443.95 899.11 5503.56 342.99 5512.11
26071-500-M6-059-00013 0.058882247656583786 346.29 6405.13 883.36 6382.58 885.95 6444.42 348.88 6466.97
26071-500-M6-059-00013 0.05283891037106514 2779.93 4729.95 2931.05 4753.14 2907.44 4907.02 2756.31 4883.83
26071-500-M6-059-00044 0.10782521218061447 2446.27 4564.71 2601.82 4560.26 2606.09 4709.36 2450.53 4713.81
26071-500-M6-059-00044 0.10559163242578506 5449.16 3965.88 5607.26 3948.16 5624.91 4105.58 5466.80 4123.31
26071-500-M6-059-00044 0.088441863656044 7564.05 4558.17 7719.96 4559.15 7719.01 4710.40 7563.09 4709.41
26071-500-M6-059-00044 0.07776884734630585 1217.60 3379.70 1364.01 3386.23 1357.41 3534.22 1210.99 3527.68
26071-500-M6-059-00044 0.07024618238210678 6596.09 904.08 6642.13 913.83 6632.12 961.10 6586.08 951.35
26071-500-M6-059-00044 0.07011139392852783 1871.83 3953.51 2026.97 3943.72 2037.11 4104.55 1881.97 4114.34
26071-500-M6-059-00044 0.06557668000459671 4776.01 2007.88 4864.95 2008.68 4864.52 2056.40 4775.58 2055.60
26071-500-M6-059-00044 0.06474082916975021 7036.36 954.29 7084.75 954.47 7084.41 1046.12 7036.02 1045.94
26071-500-M6-059-00044 0.05544835701584816 1800.34 4614.95 1847.86 4624.41 1838.71 4670.36 1791.19 4660.90
26071-500-M6-059-00044 0.0535409189760685 3989.44 4549.67 4138.39 4552.93 4134.82 4716.22 3985.87 4712.97
26071-200-M6-052-00093 0.1590016931295395 5174.74 5650.78 5222.31 5655.92 5217.24 5702.99 5169.66 5697.86
26071-200-M6-052-00093 0.15591701865196228 6885.67 3567.73 6976.85 3563.23 6979.19 3610.73 6888.02 3615.23
26071-200-M6-052-00093 0.11403132975101471 5171.10 5557.76 5217.43 5556.28 5220.49 5652.30 5174.17 5653.78
26071-200-M6-052-00093 0.09035696089267731 3348.05 3980.18 3503.10 3988.19 3495.31 4138.87 3340.26 4130.86
26071-200-M6-052-00093 0.08969815075397491 6981.49 3353.02 7134.10 3367.10 7119.77 3522.37 6967.16 3508.29
26071-200-M6-052-00093 0.08605972677469254 2779.38 941.79 2927.98 976.49 2894.37 1120.43 2745.77 1085.73
26071-200-M6-052-00093 0.08378467708826065 2659.41 2387.13 2751.49 2385.78 2752.18 2432.85 2660.10 2434.21
26071-200-M6-052-00093 0.08358725160360336 5260.74 1632.77 5292.78 1632.40 5294.12 1750.20 5262.09 1750.56
26071-200-M6-052-00093 0.07766633480787277 1000.78 2076.98 1145.78 2100.84 1121.21 2250.23 976.20 2226.37
26071-200-M6-052-00093 0.07310032099485397 5514.45 2160.93 5606.10 2162.89 5605.10 2209.46 5513.45 2207.50
26071-200-M6-052-00093 0.06851716339588165 2105.85 2348.06 2152.90 2352.04 2144.91 2446.39 2097.86 2442.40
26071-200-M6-052-00093 0.06815946847200394 6359.28 3316.97 6511.84 3318.11 6510.69 3471.68 6358.13 3470.54
26071-200-M6-052-00093 0.06576646119356155 5324.01 6172.41 5476.87 6191.99 5457.94 6339.74 5305.09 6320.17
26071-200-M6-052-00093 0.06455374509096146 4860.07 1485.70 5004.35 1449.95 5044.78 1613.16 4900.50 1648.90
26071-200-M6-052-00093 0.06436896324157715 4296.26 2440.94 4441.83 2449.50 4432.43 2609.21 4286.87 2600.64
26071-200-M6-052-00093 0.06422300636768341 7059.06 3589.18 7091.56 3589.18 7091.55 3708.70 7059.05 3708.69
26071-200-M6-052-00093 0.06328272074460983 5408.35 3796.11 5457.20 3794.86 5459.57 3887.50 5410.72 3888.75
26071-200-M6-052-00093 0.06321189552545547 3518.27 4167.26 3668.94 4188.66 3648.82 4330.36 3498.15 4308.96
26071-200-M6-052-00093 0.05976337939500809 4956.58 1906.70 5081.54 1908.63 5081.03 1941.59 4956.07 1939.65
26071-200-M6-052-00093 0.0595644973218441 4290.15 4698.48 4435.03 4695.00 4438.72 4848.60 4293.84 4852.08
26071-200-M6-052-00093 0.057587455958127975 2694.47 1888.23 2741.49 1891.42 2738.34 1937.84 2691.32 1934.65
26071-200-M6-052-00093 0.05488657206296921 2695.15 4249.81 2742.78 4253.74 2738.91 4300.60 2691.29 4296.67
26071-200-M6-052-00093 0.05445456504821777 3845.72 2057.33 3997.20 2072.81 3982.17 2219.84 3830.69 2204.36
26071-200-M6-052-00093 0.05343083292245865 4291.21 4870.67 4443.60 4879.21 4435.12 5030.75 4282.72 5022.22
26071-200-M6-052-00093 0.05169227719306946 4282.48 2670.33 4418.15 2657.88 4434.78 2839.06 4299.12 2851.51
26071-200-M6-052-00093 0.050911471247673035 4471.44 3781.66 4582.73 3773.67 4585.04 3805.84 4473.75 3813.84
26071-200-M6-052-00002 0.18107378482818604 5503.39 5456.32 5596.16 5455.06 5596.80 5502.65 5504.04 5503.91
26071-200-M6-052-00002 0.16339533030986786 1962.16 6047.13 2057.42 6048.63 2056.68 6095.59 1961.43 6094.10
26071-200-M6-052-00002 0.11429570615291595 7279.52 5578.83 7432.18 5584.94 7426.14 5735.77 7273.48 5729.66
26071-200-M6-052-00002 0.11284974217414856 7063.57 6328.31 7110.59 6330.59 7106.04 6424.11 7059.02 6421.83
26071-200-M6-052-00002 0.08364494144916534 1635.94 1031.36 1683.38 1040.99 1673.93 1087.58 1626.48 1077.94
26071-200-M6-052-00002 0.06983386725187302 7256.07 6191.13 7399.30 6151.78 7447.05 6325.60 7303.82 6364.94
26071-200-M6-052-00002 0.06366781890392303 4390.10 2670.25 4536.94 2653.78 4553.80 2804.04 4406.96 2820.51
26071-200-M6-052-00002 0.0624978169798851 7306.48 3982.78 7352.93 3993.70 7342.00 4040.16 7295.56 4029.24
26071-200-M6-052-00002 0.0611717626452446 2165.53 3209.76 2319.61 3203.71 2325.87 3362.78 2171.79 3368.84
26071-200-M6-052-00002 0.0575152151286602 6852.32 1368.58 6944.45 1368.66 6944.41 1415.62 6852.28 1415.53
26071-200-M6-052-00002 0.0516141876578331 3389.98 3753.87 3536.94 3750.46 3540.48 3903.35 3393.52 3906.76
26071-200-M6-052-00002 0.05074980854988098 5493.72 4256.59 5643.31 4294.77 5603.95 4448.99 5454.36 4410.81
26071-750-M6-085-00012 0.16328652203083038 1223.94 3586.60 1256.68 3586.82 1255.89 3708.13 1223.15 3707.92
26071-750-M6-085-00012 0.13703520596027374 5082.67 2594.95 5196.38 2594.62 5196.48 2628.19 5082.76 2628.51
26071-750-M6-085-00012 0.12842482328414917 1571.72 4459.18 1617.28 4459.82 1615.96 4553.88 1570.40 4553.24
26071-750-M6-085-00012 0.12779630720615387 7024.46 1510.25 7147.05 1503.48 7148.78 1534.81 7026.19 1541.59
26071-750-M6-085-00012 0.12407256662845612 922.42 4459.56 968.54 4460.97 965.68 4554.35 919.56 4552.93
26071-750-M6-085-00012 0.11763462424278259 7160.90 4486.64 7314.85 4488.34 7313.19 4638.88 7159.24 4637.18
26071-750-M6-085-00012 0.1146177351474762 3870.81 2214.37 3917.96 2212.23 3922.30 2308.03 3875.15 2310.17
26071-750-M6-085-00012 0.10486619174480438 7174.09 2349.35 7285.92 2340.88 7288.34 2372.94 7176.52 2381.40
26071-750-M6-085-00012 0.10423542559146881 7520.37 990.71 7553.56 991.81 7549.72 1107.75 7516.53 1106.65
26071-750-M6-085-00012 0.09344032406806946 6056.97 2213.83 6103.68 2211.95 6107.58 2308.92 6060.86 2310.79
26071-750-M6-085-00012 0.08894793689250946 3054.77 6420.56 3087.62 6421.32 3084.85 6541.07 3051.99 6540.31
26071-750-M6-085-00012 0.08641874045133591 7953.74 2536.95 8000.68 2541.45 7991.65 2635.56 7944.71 2631.06
26071-750-M6-085-00012 0.0817030593752861 7902.45 2267.00 8010.82 2270.52 8009.75 2303.50 7901.38 2299.97
26071-750-M6-085-00012 0.079708993434906 3184.31 2772.45 3304.80 2772.55 3304.77 2805.30 3184.29 2805.20
26071-750-M6-085-00012 0.07857299596071243 4839.37 3561.38 4995.01 3566.85 4989.62 3720.21 4833.98 3714.74
26071-750-M6-085-00012 0.07425440847873688 7765.55 967.99 7908.40 960.42 7916.34 1110.27 7773.49 1117.84
26071-750-M6-085-00012 0.07300940155982971 3164.82 2362.83 3214.34 2366.24 3208.02 2458.01 3158.50 2454.60
26071-750-M6-085-00012 0.07025355845689774 7160.19 4069.87 7311.36 4059.51 7321.63 4209.35 7170.46 4219.71
26071-750-M6-085-00012 0.06908110529184341 2282.52 4467.69 2432.68 4466.13 2434.21 4612.50 2284.05 4614.06
26071-750-M6-085-00012 0.06633902341127396 7017.15 3564.34 7165.22 3552.82 7177.60 3711.79 7029.52 3723.32
26071-750-M6-085-00012 0.06600125879049301 7613.46 1541.24 7724.36 1543.72 7723.64 1576.20 7612.73 1573.72
26071-750-M6-085-00012 0.06257475167512894 350.88 6396.64 894.92 6391.65 895.47 6452.35 351.44 6457.35
26071-750-M6-085-00012 0.057138510048389435 7120.77 1344.14 7167.77 1343.59 7168.87 1437.80 7121.88 1438.35
26071-750-M6-085-00012 0.05643352493643761 7968.99 2036.08 8087.09 2040.62 8085.84 2073.16 7967.74 2068.62
26071-750-M6-085-00012 0.05573791638016701 7252.69 4871.23 7404.05 4883.87 7391.03 5039.60 7239.68 5026.95
26071-750-M6-085-00012 0.05454552173614502 4967.74 4493.68 5137.51 4492.12 5138.87 4640.60 4969.10 4642.16
26071-750-M6-085-00012 0.05162172019481659 1163.43 3139.99 1309.09 3135.54 1313.66 3285.35 1168.00 3289.80
26071-750-M6-085-00012 0.050556499511003494 7616.07 1331.91 7739.38 1326.63 7740.80 1359.83 7617.49 1365.11
26071-200-M6-062-00277 0.08236439526081085 352.15 1313.17 898.60 1312.36 898.70 1374.97 352.25 1375.78
26071-600-M6-065-00259 0.144039586186409 7653.63 4290.81 7703.01 4292.54 7699.90 4381.31 7650.52 4379.58
26071-600-M6-065-00259 0.08494804799556732 704.29 1717.24 825.63 1721.24 824.56 1753.80 703.22 1749.80
26071-600-M6-065-00259 0.0804499089717865 703.88 2948.21 826.29 2948.52 826.21 2981.11 703.80 2980.80
26071-600-M6-065-00259 0.06806912273168564 7660.21 4520.40 7704.59 4522.89 7699.11 4620.53 7654.73 4618.04
26071-600-M6-065-00259 0.055885665118694305 7786.61 5277.91 7935.83 5293.13 7919.92 5449.21 7770.70 5433.99
26071-200-M6-052-00544 0.19843235611915588 2080.03 3327.29 2172.38 3332.86 2169.54 3379.96 2077.19 3374.40
26071-200-M6-052-00544 0.09298818558454514 4047.45 2482.40 4096.33 2481.59 4097.83 2572.37 4048.95 2573.18
26071-200-M6-052-00544 0.07624388486146927 1019.50 4042.84 1112.35 4038.74 1114.46 4086.50 1021.61 4090.60
26071-200-M6-052-00544 0.07262516021728516 3571.36 3861.54 3730.37 3864.76 3726.88 4037.42 3567.87 4034.21
26071-200-M6-052-00544 0.061503853648900986 2763.81 2019.56 2920.07 2029.83 2910.31 2178.20 2754.05 2167.93
26071-200-M6-052-00544 0.05310874432325363 3118.05 3867.11 3269.41 3877.65 3258.69 4031.52 3107.33 4020.98
26071-600-M6-066-00003 0.9839575290679932 3615.40 5454.02 3708.64 5458.85 3706.21 5505.56 3612.98 5500.72
26071-600-M6-066-00003 0.9755085706710815 2345.01 5195.89 2391.28 5200.61 2381.87 5292.79 2335.60 5288.07
26071-600-M6-066-00003 0.07183511555194855 6068.57 4181.29 6220.30 4188.43 6213.24 4338.52 6061.50 4331.38
26071-600-M6-066-00003 0.0649537518620491 5486.71 1822.38 5646.34 1849.21 5621.01 1999.91 5461.39 1973.08
26071-600-M6-066-00003 0.05683319643139839 7596.22 6391.83 8144.50 6395.50 8144.08 6457.15 7595.80 6453.48
26071-600-M6-066-00003 0.053984470665454865 7597.06 1202.06 8139.29 1190.94 8140.56 1252.76 7598.33 1263.89
26071-600-M6-066-00003 0.050634756684303284 3284.35 2032.02 3332.15 2031.75 3332.65 2122.10 3284.85 2122.37
26071-750-M6-085-00309 0.07608724385499954 353.65 3679.79 896.98 3674.34 897.58 3734.82 354.26 3740.27
26071-750-M6-085-00309 0.07504235953092575 2962.27 3185.06 3110.63 3183.77 3111.91 3331.04 2963.55 3332.33
