26071-200-M6-052-00001 0.3120330274105072 5665.88 1614.90 5743.70 1623.82 5734.91 1700.46 5657.09 1691.53
26071-500-M6-059-00040 0.053567927330732346 1483.46 2384.90 1599.96 2386.24 1599.40 2435.14 1482.89 2433.79
26071-203-M6-332-00008 0.05777692049741745 4361.40 3665.97 4405.11 3682.57 4388.47 3726.39 4344.75 3709.79
26071-200-M6-052-00080 0.2954023480415344 2155.88 4157.67 2235.15 4167.91 2224.62 4249.41 2145.35 4239.17
26071-200-M6-052-00080 0.273240864276886 5579.35 4157.60 5657.30 4164.36 5650.24 4245.73 5572.29 4238.97
26071-450-M6-082-00009 0.05245904251933098 1843.84 5254.75 1937.11 5258.85 1933.06 5350.85 1839.79 5346.75
26071-200-M6-052-00150 0.05519385263323784 1377.85 2394.75 1468.17 2410.48 1452.56 2500.16 1362.23 2484.43
26071-700-M6-054-00036 0.2686903774738312 6216.33 3377.23 6294.34 3384.57 6286.89 3463.81 6208.88 3456.48
26071-500-M6-059-00116 0.07668633759021759 5105.49 1331.15 5185.27 1341.20 5175.54 1418.46 5095.76 1408.41
26071-200-M6-052-00090 0.301292359828949 1704.36 3749.16 1783.00 3752.73 1779.30 3834.23 1700.66 3830.66
26071-200-M6-052-00090 0.30127859115600586 4715.78 3749.23 4795.05 3752.88 4791.27 3834.81 4712.00 3831.15
26071-200-M6-052-00090 0.07600153982639313 3151.15 4005.37 3240.92 4024.60 3221.18 4116.73 3131.41 4097.50
26071-200-M6-052-00090 0.0750594288110733 6150.64 4014.91 6218.49 4017.68 6214.87 4106.58 6147.01 4103.81
26071-300-M6-053-00010 0.2424452006816864 6041.74 1724.31 6119.58 1730.43 6113.54 1807.29 6035.70 1801.18
26071-300-M6-053-00010 0.06839694082736969 7048.05 3128.04 7126.07 3132.52 7120.95 3221.61 7042.92 3217.12
26071-200-M6-052-00002 0.30642133951187134 6018.66 1023.98 6095.31 1032.25 6086.63 1112.69 6009.99 1104.43
