26071-200-M6-052-00001 0.28897181153297424 3084.56 3373.32 3268.78 3364.42 3279.11 3578.14 3094.89 3587.04
26071-200-M6-052-00001 0.0853518396615982 2379.13 3379.12 2561.75 3354.23 2590.84 3567.69 2408.22 3592.57
26071-200-M6-052-00001 0.08175890892744064 2764.55 3298.01 3167.68 3422.29 3110.50 3607.74 2707.38 3483.45
26071-500-M6-059-00017 0.1009107157588005 3730.86 3785.57 3888.52 3684.92 4025.06 3898.80 3867.40 3999.45
26071-500-M6-059-00017 0.09792117029428482 5737.15 3751.49 5912.41 3701.29 5973.37 3914.13 5798.12 3964.33
26071-500-M6-059-00017 0.0681845024228096 1849.68 3667.28 2079.80 3874.63 1951.07 4017.49 1720.95 3810.14
26071-500-M6-059-00017 0.06063283607363701 3568.84 3691.32 3919.14 3916.64 3809.00 4087.87 3458.70 3862.55
26071-500-M6-059-00017 0.0546700693666935 3987.23 3710.42 4379.74 3809.94 4330.13 4005.62 3937.62 3906.10
26071-200-M6-052-00539 0.24739807844161987 3915.61 5379.66 4104.28 5380.09 4103.79 5589.87 3915.13 5589.44
26071-200-M6-052-00539 0.07919568568468094 3666.22 5305.58 4011.18 5478.92 3919.28 5661.81 3574.32 5488.47
26071-200-M6-052-00539 0.07599086314439774 3193.49 5384.53 3388.48 5379.08 3394.10 5580.03 3199.11 5585.48
26071-500-M6-059-00248 0.11570882052183151 4614.07 4440.76 5166.83 4404.82 5181.39 4628.78 4628.63 4664.71
26071-500-M6-059-00248 0.08320005238056183 4428.75 4425.16 4634.41 4388.25 4678.51 4633.99 4472.84 4670.89
26071-500-M6-059-00248 0.06684351712465286 5074.61 4459.36 5232.84 4361.77 5372.97 4588.95 5214.74 4686.55
26071-550-M6-084-00248 0.2174324244260788 4418.48 3954.70 4624.36 3970.72 4608.82 4170.55 4402.93 4154.54
26071-550-M6-084-00248 0.13236795365810394 4619.06 3912.58 5030.64 4034.81 4969.86 4239.47 4558.28 4117.24
26071-550-M6-084-00248 0.08653763681650162 5024.47 3853.64 5301.57 4055.56 5194.02 4203.14 4916.93 4001.23
26071-200-M6-052-00080 0.21014085412025452 3656.14 3866.23 3853.08 3854.04 3866.23 4066.46 3669.28 4078.65
26071-200-M6-052-00080 0.2026810497045517 7078.62 3872.41 7273.66 3851.92 7296.06 4065.14 7101.01 4085.62
26071-200-M6-052-00080 0.10050883144140244 3431.62 3771.26 3737.72 3975.37 3633.69 4131.39 3327.58 3927.28
26071-200-M6-052-00080 0.09670983254909515 6878.13 3763.45 7166.48 3980.12 7054.08 4129.70 6765.73 3913.02
26071-300-M6-053-00309 0.1316438466310501 6011.80 5280.52 6162.06 5292.51 6149.80 5446.11 5999.55 5434.13
26071-300-M6-053-00309 0.11259008198976517 6013.94 5092.78 6164.02 5105.48 6151.30 5255.88 6001.22 5243.19
26071-300-M6-053-00309 0.10281050950288773 5457.78 6141.24 5656.19 6158.63 5639.32 6351.01 5440.92 6333.61
26071-300-M6-053-00309 0.10001971572637558 6012.18 5471.97 6162.88 5483.26 6151.63 5633.46 6000.93 5622.17
26071-300-M6-053-00309 0.09941203147172928 5167.68 6142.91 5360.00 6162.11 5341.13 6351.24 5148.80 6332.05
26071-300-M6-053-00309 0.0851188451051712 4872.29 6145.80 5065.94 6163.30 5049.04 6350.32 4855.39 6332.82
26071-300-M6-053-00309 0.05136086046695709 3338.62 3062.66 3543.92 3048.39 3560.75 3290.51 3355.45 3304.78
26071-450-M6-082-00009 0.1273459643125534 1644.80 2562.76 1797.01 2579.38 1780.47 2730.82 1628.26 2714.19
26071-450-M6-082-00009 0.11338381469249725 1638.47 2709.43 1796.33 2723.68 1782.44 2877.64 1624.57 2863.40
26071-450-M6-082-00009 0.053904224187135696 757.33 1900.80 909.27 1917.58 892.73 2067.41 740.79 2050.63
26071-450-M6-082-00009 0.050521351397037506 910.36 6106.25 1063.34 6121.92 1047.76 6274.04 894.78 6258.37
26071-203-M6-337-00031 0.05202249810099602 4991.14 4847.68 5485.57 4886.67 5468.14 5107.74 4973.71 5068.76
26071-203-M6-337-00031 0.051968928426504135 4991.96 3946.78 5485.29 3987.01 5467.24 4208.42 4973.91 4168.19
26071-200-M6-052-00150 0.06600119173526764 5783.91 5841.55 5959.76 5874.54 5918.79 6092.91 5742.94 6059.91
26071-200-M6-052-00003 0.05300971120595932 5647.21 4180.53 5696.79 4183.23 5688.63 4332.86 5639.05 4330.15
26071-700-M6-054-00036 0.12565860152244568 3767.60 3476.52 3955.67 3478.88 3953.18 3677.55 3765.12 3675.19
26071-700-M6-054-00036 0.05840122327208519 3951.89 3427.78 4540.17 3395.02 4554.68 3655.51 3966.40 3688.27
26071-500-M6-059-00071 0.070086769759655 2000.03 3789.29 2116.05 3817.22 2104.00 3867.28 1987.98 3839.35
26071-200-M6-052-00090 0.1723383516073227 6314.41 3453.80 6502.23 3435.69 6522.40 3644.84 6334.57 3662.96
26071-200-M6-052-00090 0.14832590520381927 3303.40 3460.62 3493.52 3444.70 3510.62 3648.79 3320.50 3664.71
26071-200-M6-052-00090 0.0711006224155426 6135.31 3331.69 6388.19 3553.58 6254.91 3705.48 6002.03 3483.59
26071-200-M6-052-00090 0.06219813600182533 2828.04 3406.43 3305.02 3502.39 3266.35 3694.61 2789.36 3598.64
26071-300-M6-053-00010 0.20544204115867615 2585.42 4347.55 2792.71 4297.14 2839.54 4489.71 2632.25 4540.12
26071-300-M6-053-00010 0.1105094850063324 2107.55 4275.02 2635.99 4328.97 2614.56 4538.91 2086.12 4484.97
26071-300-M6-053-00010 0.07793354988098145 1882.46 4359.51 2043.97 4267.31 2171.02 4489.87 2009.51 4582.07
26071-300-M6-053-00010 0.059398017823696136 2336.27 4063.24 2776.49 4247.75 2695.63 4440.66 2255.41 4256.16
26071-300-M6-053-00008 0.06799716502428055 5471.73 1757.39 5569.56 1765.37 5565.10 1820.09 5467.26 1812.11
26071-200-M6-063-00010 0.4288056492805481 3091.95 3969.87 3277.26 3961.85 3285.92 4162.12 3100.62 4170.14
26071-200-M6-063-00010 0.11891427636146545 2759.25 3866.60 3114.32 4031.85 3031.02 4210.84 2675.95 4045.59
26071-200-M6-063-00010 0.08470020443201065 2377.33 3958.70 2571.20 3943.30 2588.24 4157.81 2394.37 4173.21
26071-300-M6-053-00012 0.09046405553817749 5287.40 2167.53 5698.03 2326.80 5621.19 2524.90 5210.56 2365.64
26071-300-M6-053-00012 0.085439033806324 5679.07 2256.07 5863.14 2258.96 5859.80 2471.63 5675.74 2468.74
26071-300-M6-053-00012 0.05776103213429451 4963.07 2272.01 5150.39 2276.71 5145.56 2469.37 4958.24 2464.68
26071-675-M6-068-00034 0.05042620003223419 2992.23 4853.36 3159.12 4837.69 3176.93 5027.32 3010.04 5042.99
26071-450-M6-082-00031 0.1260482668876648 3008.64 3237.24 3593.27 3227.82 3596.67 3438.72 3012.04 3448.14
26071-450-M6-082-00031 0.09605446457862854 3610.91 3227.20 3801.80 3219.22 3810.73 3432.80 3619.83 3440.78
26071-500-M6-059-00013 0.14599892497062683 2684.64 5269.10 2843.42 5300.32 2812.27 5458.79 2653.48 5427.57
26071-500-M6-059-00013 0.13187725841999054 2692.36 4213.34 2843.53 4230.84 2825.99 4382.35 2674.82 4364.85
26071-500-M6-059-00013 0.10453658550977707 3363.48 4252.68 3512.99 4281.67 3483.78 4432.36 3334.27 4403.37
26071-200-M6-052-00093 0.09783270955085754 4575.53 1454.78 4752.90 1458.11 4749.00 1665.46 4571.63 1662.12
26071-200-M6-052-00093 0.09235063195228577 4416.02 3828.99 4590.68 3747.54 4698.88 3979.54 4524.21 4061.00
26071-200-M6-052-00093 0.07069778442382812 4564.95 4489.10 4750.27 4484.61 4754.94 4677.42 4569.61 4681.90
26071-200-M6-052-00093 0.06692123413085938 4164.87 1436.68 4634.07 1492.99 4611.32 1682.50 4142.12 1626.20
26071-200-M6-052-00093 0.06180551275610924 4585.06 2241.19 4762.53 2238.84 4765.17 2438.52 4587.71 2440.87
26071-200-M6-052-00002 0.25296440720558167 3553.83 3113.87 3740.95 3100.53 3756.33 3316.40 3569.21 3329.74
26071-200-M6-052-00002 0.0854354053735733 2845.25 3105.95 3038.24 3113.67 3030.18 3315.38 2837.18 3307.66
26071-200-M6-052-00002 0.06674846261739731 3047.56 3125.36 3562.46 3095.14 3574.73 3304.21 3059.82 3334.43
26071-750-M6-085-00012 0.06865669041872025 2960.35 5130.94 3083.20 5039.63 3227.54 5233.82 3104.69 5325.13
26071-750-M6-085-00012 0.05516887828707695 5014.12 3713.40 5353.68 3844.84 5307.36 3964.51 4967.80 3833.08
26071-750-M6-085-00012 0.05380478873848915 2765.34 3617.29 2997.92 3768.88 2927.96 3876.21 2695.39 3724.62
26071-750-M6-085-00012 0.05346567556262016 2746.76 5063.63 2938.48 5181.67 2874.93 5284.89 2683.21 5166.86
26071-750-M6-085-00012 0.05198736861348152 7511.23 5115.01 7630.71 5066.41 7739.57 5334.09 7620.10 5382.68
26071-750-M6-085-00012 0.05129710212349892 7159.74 3739.07 7269.92 3679.61 7411.03 3941.10 7300.85 4000.55
26071-750-M6-085-00012 0.050343044102191925 5218.61 5020.34 5549.47 5184.79 5496.36 5291.63 5165.50 5127.18
26071-600-M6-066-00003 0.07313334196805954 3760.51 2157.84 3884.41 2149.63 3887.46 2195.76 3763.56 2203.96
26071-600-M6-066-00003 0.051868949085474014 1465.56 4861.95 1578.69 4866.93 1576.25 4922.38 1463.11 4917.40
