26071-200-M6-052-00001 0.10794858634471893 5001.90 4560.38 5077.41 4568.06 5069.82 4642.68 4994.31 4635.00
26071-600-M6-066-00012 0.05887358635663986 4641.57 4621.96 4705.67 4641.11 4684.23 4712.92 4620.12 4693.77
26071-600-M6-066-00012 0.05834655836224556 6277.27 4501.24 6336.97 4507.42 6328.61 4588.03 6268.91 4581.85
26071-500-M6-059-00248 0.11665504425764084 2956.39 4668.39 3036.32 4670.61 3034.28 4744.02 2954.35 4741.79
26071-500-M6-059-00040 0.05177619680762291 6833.99 2158.02 6938.29 2151.53 6948.03 2308.15 6843.74 2314.64
26071-550-M6-084-00248 0.0929788127541542 2910.37 4196.39 2990.07 4201.25 2985.66 4273.52 2905.96 4268.66
26071-200-M6-052-00080 0.0846121534705162 6065.39 5019.20 6133.01 5020.47 6131.30 5111.96 6063.68 5110.69
26071-200-M6-052-00080 0.07887710630893707 2634.60 5022.26 2699.85 5019.37 2703.84 5109.58 2638.59 5112.47
26071-300-M6-053-00309 0.15100006759166718 5619.46 2481.18 5712.68 2477.90 5715.17 2548.76 5621.95 2552.04
26071-300-M6-053-00309 0.11402741074562073 4319.57 2086.87 4413.51 2087.93 4412.68 2160.37 4318.74 2159.30
26071-300-M6-053-00309 0.09809638559818268 3935.54 3777.52 4009.89 3784.42 4001.02 3880.09 3926.67 3873.20
26071-300-M6-053-00309 0.09764555096626282 6280.94 1655.27 6349.01 1641.51 6369.66 1743.64 6301.59 1757.39
26071-300-M6-053-00309 0.08654939383268356 5682.85 1652.74 5745.91 1654.93 5742.54 1752.27 5679.48 1750.08
26071-300-M6-053-00309 0.07329881191253662 3609.17 3780.57 3688.04 3782.09 3686.25 3875.36 3607.38 3873.85
26071-750-M6-085-00007 0.09158295392990112 2917.53 954.49 2994.66 971.01 2979.17 1043.35 2902.04 1026.83
26071-750-M6-085-00007 0.08423257619142532 6808.41 5685.56 6887.36 5689.46 6883.72 5763.32 6804.77 5759.43
26071-700-M6-054-00036 0.08781253546476364 4378.19 4493.84 4450.12 4484.09 4462.98 4578.89 4391.05 4588.64
26071-700-M6-054-00036 0.08629674464464188 4619.17 5257.32 4690.61 5255.69 4692.72 5348.13 4621.28 5349.76
26071-500-M6-059-00071 0.05298096314072609 5515.38 3877.71 5602.53 3876.65 5604.09 4005.01 5516.95 4006.07
26071-200-M6-052-00090 0.09166047722101212 5217.30 4364.55 5284.33 4368.38 5279.08 4460.40 5212.05 4456.57
26071-200-M6-052-00090 0.08255289494991302 2205.96 4364.72 2277.02 4372.80 2266.86 4462.24 2195.79 4454.17
26071-300-M6-053-00010 0.11123403906822205 4919.28 4310.21 4995.37 4315.25 4990.20 4393.28 4914.12 4388.24
26071-203-M6-320-00042 0.09080418199300766 3203.50 2868.28 3295.52 2885.92 3278.03 2977.12 3186.02 2959.49
26071-200-M6-063-00010 0.10954376310110092 5741.75 3854.95 5820.55 3855.69 5819.84 3931.19 5741.04 3930.45
26071-200-M6-063-00010 0.051689017564058304 4444.60 2362.46 4503.38 2366.00 4497.71 2460.27 4438.93 2456.74
26071-675-M6-068-00034 0.1142483800649643 4398.28 1581.72 4474.62 1590.32 4466.12 1665.83 4389.77 1657.22
26071-675-M6-068-00034 0.05796487629413605 3147.91 3354.94 3194.05 3351.81 3198.31 3414.68 3152.17 3417.81
26071-500-M6-059-00013 0.08217928558588028 7412.78 1992.60 7477.77 2011.33 7452.11 2100.35 7387.12 2081.62
26071-500-M6-059-00013 0.05211656540632248 5724.91 1921.93 5828.53 1917.35 5835.44 2073.50 5731.83 2078.09
26071-200-M6-052-00002 0.11170939356088638 5625.59 4205.20 5701.97 4206.38 5700.79 4282.20 5624.41 4281.02
