26071-500-M6-059-00017 0.05936703830957413 675.87 3774.33 921.83 3777.68 920.18 3899.34 674.21 3896.00
26071-600-M6-066-00012 0.07881090044975281 5599.40 3861.39 5747.77 3873.22 5735.30 4029.63 5586.94 4017.81
26071-600-M6-066-00012 0.07361318171024323 7145.46 1587.99 7299.93 1616.00 7272.38 1767.93 7117.91 1739.92
26071-200-M6-052-00539 0.0531691312789917 6084.56 4227.36 6161.43 4223.49 6172.56 4444.80 6095.69 4448.67
26071-700-M6-054-00246 0.053943488746881485 5234.40 2605.35 5390.94 2608.89 5387.68 2753.43 5231.13 2749.89
26071-500-M6-059-00040 0.18258154392242432 2080.59 1677.82 2187.53 1681.31 2182.28 1842.20 2075.34 1838.71
26071-500-M6-059-00040 0.1003318801522255 6840.83 2157.96 6949.74 2160.58 6945.96 2317.90 6837.05 2315.28
26071-500-M6-059-00040 0.07175417989492416 2536.15 1312.32 2592.77 1309.21 2599.90 1439.18 2543.28 1442.29
26071-500-M6-059-00040 0.05762443318963051 4116.11 4887.80 4236.88 4894.99 4222.71 5132.83 4101.94 5125.64
26071-500-M6-059-00040 0.05401306971907616 2812.92 4893.51 2931.09 4894.72 2928.68 5129.27 2810.52 5128.06
26071-750-M6-085-00286 0.09525473415851593 3494.33 3349.69 3596.46 3341.33 3606.66 3465.97 3504.54 3474.33
26071-203-M6-332-00008 0.14874601364135742 7031.97 3817.28 7148.67 3827.74 7128.67 4050.93 7011.97 4040.47
26071-203-M6-332-00008 0.09544192254543304 2186.24 3821.84 2301.26 3814.71 2315.52 4044.86 2200.50 4051.98
26071-203-M6-332-00008 0.09420518577098846 4587.65 3821.83 4701.73 3815.95 4713.57 4045.55 4599.49 4051.43
26071-300-M6-053-00309 0.7311452627182007 5481.09 4672.14 5652.86 4697.24 5627.09 4873.61 5455.32 4848.51
26071-300-M6-053-00309 0.09699743241071701 5492.49 4854.09 5611.47 4855.49 5608.68 5091.38 5489.71 5089.98
26071-300-M6-053-00309 0.06796859949827194 5328.54 4697.46 5490.81 4674.32 5528.97 4941.96 5366.69 4965.09
26071-450-M6-082-00009 0.05546426400542259 3669.84 4497.22 3848.75 4509.32 3832.48 4749.86 3653.58 4737.76
26071-200-M6-052-00552 0.06525162607431412 5262.26 4301.10 5332.15 4316.44 5308.88 4422.48 5238.99 4407.14
26071-750-M6-085-00007 0.09796073287725449 2931.70 2828.48 3050.12 2826.03 3054.86 3055.10 2936.44 3057.55
26071-750-M6-085-00007 0.07792311906814575 1297.99 2855.43 1411.34 2818.55 1480.11 3029.89 1366.76 3066.77
26071-750-M6-085-00007 0.053527895361185074 1845.95 2859.73 1968.91 2831.03 2019.57 3048.06 1896.61 3076.76
26071-203-M6-337-00031 0.1879126876592636 6402.87 534.80 6588.23 527.92 6596.78 758.08 6411.42 764.96
26071-203-M6-337-00031 0.11236244440078735 6405.42 1160.17 6594.06 1155.08 6600.12 1380.11 6411.49 1385.20
26071-203-M6-337-00031 0.10109276324510574 4952.58 2213.66 5031.97 2226.43 5014.94 2332.31 4935.55 2319.54
26071-203-M6-337-00031 0.07770924270153046 2194.16 2522.64 2381.85 2520.78 2384.08 2745.97 2196.39 2747.83
26071-203-M6-337-00031 0.06352100521326065 3531.21 1651.52 3725.05 1628.61 3749.24 1833.31 3555.40 1856.22
26071-203-M6-337-00031 0.060941003262996674 5370.63 679.28 5486.95 588.29 5663.20 813.62 5546.88 904.61
26071-203-M6-337-00031 0.05613164231181145 3537.05 1288.13 3729.55 1273.29 3744.96 1473.22 3552.45 1488.06
26071-203-M6-337-00031 0.05428013205528259 4951.87 1820.85 5024.54 1830.46 5008.40 1952.55 4935.73 1942.94
26071-203-M6-337-00031 0.051102954894304276 4952.16 2601.06 5024.69 2610.27 5008.61 2736.93 4936.08 2727.72
26071-203-M6-332-00001 0.10382629185914993 4301.70 2736.14 4405.33 2739.02 4398.19 2995.27 4294.56 2992.38
26071-203-M6-332-00001 0.09521422535181046 3556.99 3026.31 3680.09 3022.94 3685.48 3220.15 3562.38 3223.51
26071-203-M6-332-00001 0.09101656079292297 5656.73 3024.91 5779.73 3021.51 5785.25 3221.07 5662.25 3224.47
26071-203-M6-332-00001 0.06154097616672516 4221.29 3026.52 4340.67 2982.61 4421.52 3202.46 4302.14 3246.36
26071-200-M6-052-00150 0.07342544198036194 3568.19 2989.08 3785.45 3001.14 3772.26 3238.85 3555.00 3226.79
26071-200-M6-052-00150 0.05835464224219322 3433.06 1867.23 3811.06 1876.81 3805.14 2110.11 3427.15 2100.53
26071-700-M6-054-00036 0.0766388401389122 4294.50 4909.66 4449.35 4926.88 4432.53 5078.16 4277.67 5060.94
26071-203-M6-320-00044 0.15754243731498718 5220.64 3271.02 5315.46 3290.55 5290.98 3409.39 5196.16 3389.86
26071-600-M6-065-00231 0.1296001821756363 6699.80 1907.51 6799.27 1904.97 6802.66 2037.67 6703.19 2040.21
26071-600-M6-065-00231 0.12710259854793549 6707.66 1442.95 6814.15 1446.76 6808.50 1604.82 6702.01 1601.02
26071-600-M6-065-00231 0.11391846835613251 7171.12 3524.65 7301.65 3513.63 7321.27 3746.03 7190.74 3757.05
26071-600-M6-065-00231 0.08337180316448212 6652.07 3532.53 6773.31 3520.21 6796.65 3749.83 6675.41 3762.16
26071-203-M6-320-00008 0.06019306182861328 4889.47 3836.47 5005.86 3834.04 5011.02 4080.55 4894.63 4082.99
26071-203-M6-320-00008 0.05606510862708092 2437.32 4151.42 2622.91 4150.09 2624.43 4362.15 2438.84 4363.48
26071-500-M6-059-00116 0.09778592735528946 5962.32 5760.09 6082.00 5765.68 6070.92 6002.53 5951.25 5996.94
26071-500-M6-059-00116 0.07581327855587006 6804.50 5171.88 6908.69 5182.80 6894.30 5320.05 6790.11 5309.13
26071-500-M6-059-00116 0.06720452010631561 5965.61 6159.62 6111.76 6191.48 6079.05 6341.52 5932.90 6309.66
26071-500-M6-059-00116 0.06337269395589828 5917.21 5566.51 6101.54 5556.72 6113.59 5783.57 5929.25 5793.36
26071-550-M6-084-00026 0.09830868989229202 5903.83 4119.85 5998.04 4122.28 5995.00 4240.30 5900.79 4237.87
26071-550-M6-084-00026 0.07493318617343903 4879.77 2828.36 4948.17 2829.04 4945.75 3071.63 4877.35 3070.95
26071-550-M6-084-00026 0.07403295487165451 2505.75 2828.50 2575.40 2829.29 2572.69 3068.77 2503.04 3067.98
26071-550-M6-084-00026 0.05940333381295204 4549.99 3328.46 4713.63 3300.42 4739.93 3453.89 4576.29 3481.93
26071-550-M6-084-00026 0.05533098801970482 4594.24 3825.84 4743.21 3838.17 4730.82 3987.80 4581.85 3975.47
26071-203-M6-337-00007 0.07863322645425797 4330.74 4097.02 4433.14 4100.79 4428.73 4220.41 4326.33 4216.63
26071-203-M6-337-00007 0.07669585943222046 4332.65 1398.70 4428.24 1395.25 4432.70 1518.68 4337.10 1522.13
26071-203-M6-337-00007 0.0652637779712677 3223.51 2642.04 3292.34 2637.29 3303.96 2805.93 3235.13 2810.67
26071-203-M6-337-00007 0.061140771955251694 3230.02 5342.99 3298.74 5341.64 3302.06 5510.21 3233.35 5511.57
26071-203-M6-337-00007 0.05865306407213211 5231.46 2937.68 5305.99 2938.78 5303.41 3112.90 5228.88 3111.80
26071-203-M6-337-00007 0.056845773011446 5224.26 5638.00 5300.09 5635.71 5305.27 5806.90 5229.43 5809.19
26071-600-M6-065-00037 0.05223221704363823 1890.69 4587.46 2013.76 4585.70 2015.47 4705.26 1892.41 4707.03
26071-203-M6-320-00042 0.11664733290672302 3143.44 2639.30 3241.44 2642.51 3237.65 2758.12 3139.65 2754.91
26071-203-M6-320-00042 0.1148117333650589 3205.31 2865.80 3293.81 2887.43 3271.59 2978.37 3183.08 2956.74
26071-203-M6-160-00291 0.1132580041885376 2552.62 5101.76 2621.61 5102.51 2618.99 5344.09 2550.00 5343.34
26071-203-M6-160-00291 0.08881672471761703 5049.33 5099.77 5115.88 5102.92 5104.60 5342.09 5038.04 5338.95
26071-203-M6-160-00291 0.08751191198825836 3089.23 4992.05 3156.34 4995.37 3144.43 5236.24 3077.32 5232.92
26071-203-M6-160-00291 0.07705103605985641 5574.48 4985.68 5643.94 4985.39 5644.91 5217.78 5575.45 5218.07
26071-203-M6-160-00291 0.06780894845724106 5609.82 1640.42 5704.84 1643.57 5700.91 1762.37 5605.89 1759.22
26071-203-M6-060-00006 0.11444807052612305 6946.77 4296.79 7071.33 4297.55 7069.96 4523.30 6945.40 4522.55
26071-203-M6-060-00006 0.10808030515909195 6519.10 4303.47 6631.96 4309.19 6620.61 4533.27 6507.75 4527.55
26071-300-M6-053-00012 0.1620165854692459 3911.96 5670.65 4092.82 5662.29 4102.63 5874.43 3921.76 5882.79
26071-300-M6-053-00012 0.10709450393915176 5808.98 5664.03 5988.68 5650.10 6005.14 5862.32 5825.44 5876.25
26071-300-M6-053-00012 0.08162377774715424 5026.55 3406.58 5147.56 3397.92 5153.37 3479.04 5032.35 3487.70
26071-300-M6-053-00012 0.05102933570742607 5574.55 5689.17 5812.96 5693.06 5810.99 5813.35 5572.59 5809.46
26071-300-M6-053-00012 0.05037744715809822 3688.40 5693.61 3923.28 5687.53 3926.43 5809.42 3691.55 5815.49
26071-200-M6-062-00276 0.0881088450551033 1547.27 2038.71 1656.36 2040.55 1653.71 2198.19 1544.61 2196.35
26071-200-M6-062-00276 0.0658075362443924 2378.17 4604.62 2500.99 4587.58 2512.75 4672.40 2389.93 4689.44
26071-200-M6-062-00276 0.06241718307137489 1252.96 3912.41 1330.36 3909.37 1338.73 4122.86 1261.34 4125.90
26071-600-M6-065-00021 0.09248072654008865 3461.47 5355.62 3644.64 5351.41 3649.74 5573.16 3466.57 5577.37
26071-600-M6-065-00021 0.08358673751354218 5202.84 5352.21 5384.59 5357.48 5378.21 5577.50 5196.46 5572.23
26071-600-M6-065-00021 0.07525277137756348 3231.38 5395.51 3467.47 5400.02 3465.14 5521.80 3229.05 5517.29
26071-600-M6-065-00021 0.07296387851238251 4966.55 5395.41 5203.34 5400.09 5200.93 5522.01 4964.14 5517.34
26071-600-M6-065-00021 0.05240588262677193 6438.00 4509.90 6589.78 4535.83 6563.19 4691.49 6411.41 4665.56
26071-600-M6-065-00021 0.05164525285363197 2265.61 1412.32 2538.20 1549.82 2481.84 1661.54 2209.25 1524.04
26071-500-M6-059-00013 0.08147689700126648 5724.86 1911.90 5835.20 1911.15 5836.32 2077.13 5725.98 2077.88
26071-500-M6-059-00013 0.07316238433122635 2775.70 2916.59 2955.17 2918.62 2954.31 2994.89 2774.84 2992.85
26071-500-M6-059-00044 0.13818107545375824 4640.99 1187.39 4748.74 1188.33 4747.36 1345.76 4639.61 1344.82
26071-500-M6-059-00044 0.1298551857471466 5512.69 1185.28 5619.87 1189.18 5614.09 1348.07 5506.91 1344.17
26071-500-M6-059-00044 0.07713044434785843 5929.14 4338.49 5998.59 4343.54 5980.40 4593.69 5910.95 4588.64
26071-500-M6-059-00044 0.07513901591300964 7459.79 4338.50 7530.75 4341.52 7520.22 4588.96 7449.26 4585.93
26071-500-M6-059-00044 0.07504052668809891 3885.44 4338.23 3955.85 4343.24 3938.21 4591.53 3867.79 4586.52
26071-500-M6-059-00044 0.07436428964138031 5604.79 4941.99 5729.25 4941.01 5731.16 5183.73 5606.71 5184.72
26071-500-M6-059-00044 0.07226096093654633 2349.17 4336.88 2420.20 4342.17 2401.91 4587.89 2330.87 4582.60
26071-500-M6-059-00044 0.0632125735282898 5360.05 4339.25 5432.06 4338.99 5432.97 4586.50 5360.96 4586.76
26071-500-M6-059-00044 0.06305737793445587 3314.64 4337.14 3386.47 4336.15 3389.83 4582.31 3318.00 4583.29
26071-500-M6-059-00044 0.060674864798784256 1780.94 4339.52 1852.26 4339.14 1853.58 4585.80 1782.26 4586.19
26071-500-M6-059-00044 0.059831418097019196 2020.86 4946.38 2145.72 4939.76 2158.45 5179.79 2033.59 5186.41
26071-500-M6-059-00044 0.05542948096990585 6896.73 4339.52 6968.15 4339.96 6966.65 4583.74 6895.23 4583.30
26071-500-M6-059-00044 0.0542016364634037 1760.16 5040.44 1910.94 5072.77 1878.22 5225.34 1727.45 5193.01
26071-500-M6-059-00044 0.052135199308395386 3567.00 4947.60 3688.47 4951.32 3681.16 5189.87 3559.69 5186.15
26071-500-M6-059-00044 0.050411876291036606 7156.51 4930.06 7280.43 4946.29 7248.77 5188.05 7124.85 5171.81
26071-200-M6-052-00093 0.056434400379657745 1837.28 3411.43 1944.67 3415.41 1939.81 3546.46 1832.42 3542.48
26071-200-M6-052-00002 0.058783549815416336 6242.92 1848.84 6491.45 1930.59 6464.61 2012.19 6216.08 1930.44
26071-675-M6-068-10002 0.07457507401704788 4833.02 1927.59 4903.55 1871.11 4979.62 1966.11 4909.08 2022.59
26071-675-M6-068-10002 0.05413350090384483 5688.09 1868.91 5784.38 1948.58 5727.53 2017.30 5631.23 1937.63
26071-750-M6-085-00012 0.2551038861274719 1633.62 2036.92 1800.96 2070.57 1764.35 2252.65 1597.01 2219.01
26071-750-M6-085-00012 0.11188037693500519 752.88 2104.73 878.87 2180.07 800.87 2310.51 674.88 2235.16
26071-750-M6-085-00012 0.0627613514661789 6968.47 4297.97 7218.44 4292.03 7221.26 4410.35 6971.28 4416.30
26071-200-M6-052-00544 0.10974383354187012 4242.77 3549.76 4393.13 3570.21 4372.37 3722.89 4222.01 3702.44
26071-750-M6-085-00309 0.6980603337287903 2990.79 3618.36 3101.85 3620.18 3098.95 3797.69 2987.88 3795.87
26071-750-M6-085-00309 0.06080250069499016 2962.92 3747.71 3205.74 3835.52 3164.62 3949.24 2921.80 3861.43
26071-750-M6-085-00309 0.05163760855793953 3047.65 4380.37 3536.00 4373.25 3537.44 4472.00 3049.09 4479.11
