26071-200-M6-052-00001 0.9856939315795898 2492.45 6098.50 2618.36 6103.37 2617.12 6135.45 2491.21 6130.58
26071-200-M6-052-00001 0.1658574938774109 3079.91 3597.00 3211.57 3594.68 3212.14 3626.56 3080.47 3628.88
26071-200-M6-052-00001 0.13402105867862701 2575.63 6126.29 2622.53 6126.92 2621.32 6217.30 2574.42 6216.67
26071-200-M6-052-00001 0.0990058183670044 4876.94 5809.94 4967.38 5810.56 4967.06 5858.12 4876.61 5857.51
26071-200-M6-052-00001 0.06303135305643082 3672.07 4001.11 3800.58 3999.29 3801.03 4030.90 3672.51 4032.71
26071-200-M6-052-00001 0.06281937658786774 6532.28 1907.60 6625.90 1917.23 6621.05 1964.40 6527.43 1954.77
26071-500-M6-059-00017 0.9836527109146118 6462.17 2151.19 6589.55 2155.90 6588.35 2188.28 6460.97 2183.57
26071-500-M6-059-00017 0.9828643798828125 6461.21 3663.64 6589.13 3666.75 6588.34 3699.37 6460.42 3696.26
26071-500-M6-059-00017 0.9816679358482361 4618.41 3663.37 4746.56 3666.72 4745.71 3699.10 4617.56 3695.75
26071-500-M6-059-00017 0.9783534407615662 4451.75 2153.57 4582.61 2153.66 4582.58 2185.79 4451.73 2185.71
26071-500-M6-059-00017 0.9771415591239929 6979.61 4888.51 7110.62 4888.18 7110.70 4920.23 6979.69 4920.56
26071-500-M6-059-00017 0.9757854342460632 2964.92 4887.37 3094.70 4889.73 3094.11 4922.03 2964.33 4919.67
26071-500-M6-059-00017 0.973980188369751 4970.51 4890.11 5100.82 4887.21 5101.54 4919.41 4971.22 4922.31
26071-500-M6-059-00017 0.5865784287452698 4541.01 2174.44 4587.76 2178.32 4579.84 2273.87 4533.08 2269.99
26071-500-M6-059-00017 0.5807300806045532 6542.06 3689.42 6589.78 3687.67 6593.23 3781.72 6545.51 3783.47
26071-500-M6-059-00017 0.5792794227600098 7064.10 4803.85 7108.03 4804.17 7107.35 4900.11 7063.41 4899.79
26071-500-M6-059-00017 0.5613033771514893 6545.24 2174.40 6592.32 2175.21 6590.67 2271.25 6543.59 2270.44
26071-500-M6-059-00017 0.5350807309150696 4699.99 3687.25 4748.07 3688.28 4746.10 3780.52 4698.02 3779.49
26071-500-M6-059-00017 0.370857298374176 5056.96 4803.69 5104.49 4804.75 5102.37 4898.85 5054.85 4897.78
26071-500-M6-059-00017 0.3548221290111542 3049.58 4805.98 3095.93 4807.72 3092.45 4900.91 3046.09 4899.18
26071-500-M6-059-00017 0.09990647435188293 5787.53 5171.84 5908.37 5168.55 5909.24 5200.30 5788.40 5203.60
26071-500-M6-059-00017 0.09960728138685226 5783.93 4969.88 5906.98 4965.68 5908.09 4998.09 5785.04 5002.30
26071-500-M6-059-00017 0.09718222916126251 6574.68 3349.88 6684.24 3350.58 6684.04 3382.81 6574.48 3382.11
26071-500-M6-059-00017 0.08485618233680725 7026.16 4818.89 7079.58 4849.83 7056.50 4889.67 7003.08 4858.73
26071-500-M6-059-00017 0.07471773773431778 6573.33 1862.08 6682.76 1861.07 6683.06 1893.70 6573.63 1894.70
26071-500-M6-059-00017 0.06933611631393433 5004.61 4824.73 5060.92 4827.79 5058.33 4875.50 5002.02 4872.44
26071-500-M6-059-00017 0.06932170689105988 5712.05 872.64 5745.07 873.42 5742.30 990.59 5709.29 989.81
26071-500-M6-059-00017 0.06714673340320587 3763.46 1092.64 3795.46 1092.61 3795.56 1204.02 3763.56 1204.05
26071-500-M6-059-00017 0.06311730295419693 1765.37 4968.42 1889.62 4967.07 1889.99 5001.35 1765.74 5002.69
26071-500-M6-059-00017 0.061891064047813416 7594.33 4269.19 8129.14 4253.12 8131.11 4318.82 7596.31 4334.90
26071-500-M6-059-00017 0.06066916510462761 7606.02 644.53 8143.67 621.42 8146.29 682.34 7608.64 705.45
26071-500-M6-059-00017 0.05765485391020775 7598.31 6351.59 8142.79 6344.83 8143.56 6406.69 7599.08 6413.44
26071-500-M6-059-00017 0.056581877171993256 3775.75 4969.25 3898.03 4967.10 3898.63 5001.34 3776.35 5003.49
26071-500-M6-059-00017 0.05418160930275917 4722.54 3347.95 4842.07 3350.21 4841.45 3383.00 4721.92 3380.74
26071-500-M6-059-00017 0.05351899936795235 2991.49 4828.05 3051.17 4826.06 3052.74 4872.99 2993.06 4874.98
26071-600-M6-066-00012 0.9497493505477905 5327.25 2466.01 5456.80 2465.76 5456.86 2498.52 5327.31 2498.77
26071-600-M6-066-00012 0.940327525138855 5089.65 5788.89 5219.84 5789.56 5219.67 5821.88 5089.48 5821.21
26071-600-M6-066-00012 0.25904107093811035 6033.43 2267.52 6164.38 2268.19 6164.21 2300.44 6033.26 2299.76
26071-600-M6-066-00012 0.20852117240428925 5173.48 5707.19 5220.49 5709.44 5216.10 5801.42 5169.08 5799.18
26071-600-M6-066-00012 0.15665261447429657 5174.74 5813.82 5223.98 5816.30 5219.38 5907.68 5170.14 5905.19
26071-600-M6-066-00012 0.08225106447935104 3079.39 3737.89 3207.63 3739.78 3207.16 3771.48 3078.92 3769.58
26071-600-M6-066-00012 0.07276548445224762 350.61 4621.77 896.98 4622.54 896.89 4684.36 350.53 4683.59
26071-600-M6-066-00012 0.06305435299873352 7599.60 5214.54 8147.16 5207.65 8147.92 5268.46 7600.37 5275.35
26071-600-M6-066-00012 0.061382584273815155 345.63 3918.08 891.55 3911.01 892.36 3973.51 346.44 3980.58
26071-600-M6-066-00012 0.057720836251974106 6034.12 3746.69 6164.38 3735.93 6167.11 3769.04 6036.86 3779.79
26071-600-M6-066-00012 0.05558250844478607 5408.97 2494.05 5438.47 2482.73 5456.32 2529.26 5426.82 2540.58
26071-600-M6-066-00012 0.054724257439374924 352.65 4861.24 900.86 4856.06 901.44 4917.46 353.23 4922.65
26071-600-M6-066-00012 0.054531633853912354 357.86 3440.66 902.64 3440.71 902.63 3503.72 357.86 3503.66
26071-600-M6-066-00012 0.05439060926437378 352.43 5210.69 900.31 5208.76 900.53 5271.99 352.65 5273.92
26071-200-M6-052-00539 0.14591212570667267 2135.77 3151.90 2267.15 3151.99 2267.13 3183.64 2135.75 3183.55
26071-200-M6-052-00539 0.13540276885032654 2480.59 1638.47 2601.63 1638.96 2601.49 1672.03 2480.46 1671.55
26071-200-M6-052-00539 0.09776841849088669 6379.93 6278.82 6472.60 6288.44 6467.73 6335.44 6375.06 6325.83
26071-200-M6-052-00539 0.05226776748895645 3764.83 5602.46 3896.66 5606.08 3895.77 5638.51 3763.94 5634.89
26071-500-M6-059-00248 0.9498650431632996 2491.87 3849.55 2619.23 3848.34 2619.53 3880.23 2492.17 3881.44
26071-500-M6-059-00248 0.40800851583480835 2576.81 3766.68 2624.44 3768.61 2620.74 3859.94 2573.11 3858.01
26071-500-M6-059-00248 0.07707257568836212 343.03 1543.75 889.67 1558.19 888.01 1621.03 341.37 1606.59
26071-500-M6-059-00248 0.07513657957315445 5074.26 4655.92 5197.91 4661.25 5196.56 4692.65 5072.91 4687.32
26071-500-M6-059-00248 0.0717402845621109 3128.59 3755.67 3250.09 3748.21 3252.06 3780.29 3130.56 3787.75
26071-500-M6-059-00248 0.06620816141366959 2835.95 6043.39 2927.75 6050.78 2924.04 6096.86 2832.24 6089.47
26071-203-M6-325-00012 0.07921180129051208 1586.51 4269.97 1619.38 4269.11 1622.72 4397.95 1589.85 4398.81
26071-700-M6-054-00246 0.9780599474906921 4305.71 4429.38 4338.20 4430.24 4334.77 4559.84 4302.27 4558.98
26071-700-M6-054-00246 0.8698933720588684 2901.57 2089.73 3037.28 2088.89 3037.47 2119.99 2901.76 2120.84
26071-700-M6-054-00246 0.2082265466451645 2986.76 2006.56 3034.25 2005.35 3036.66 2099.56 2989.18 2100.77
26071-700-M6-054-00246 0.1976976841688156 4324.30 4506.57 4416.56 4518.08 4410.86 4563.84 4318.59 4552.33
26071-500-M6-059-00040 0.06633748859167099 5867.20 3731.34 5900.06 3726.41 5917.46 3842.29 5884.61 3847.22
26071-500-M6-059-00040 0.05832963436841965 5032.92 2855.29 5124.51 2859.90 5122.11 2907.39 5030.53 2902.78
26071-500-M6-059-00040 0.05695885047316551 5406.17 2775.94 5438.98 2776.17 5438.04 2904.76 5405.24 2904.53
26071-500-M6-059-00040 0.053306836634874344 4249.83 2270.42 4369.72 2279.25 4367.29 2312.18 4247.40 2303.34
26071-203-M6-333-00010 0.05269836634397507 5476.08 3651.81 6014.33 3651.94 6014.32 3715.13 5476.07 3715.00
26071-750-M6-085-00286 0.058327604085206985 345.51 4027.96 877.64 4022.25 878.32 4085.45 346.19 4091.16
26071-750-M6-085-00286 0.05600854754447937 351.68 1316.64 897.20 1310.65 897.88 1373.14 352.36 1379.13
26071-550-M6-084-00248 0.8735594749450684 2492.80 3375.94 2622.93 3376.34 2622.83 3409.10 2492.71 3408.70
26071-550-M6-084-00248 0.3151448965072632 2575.89 3295.70 2623.94 3296.17 2623.07 3386.35 2575.02 3385.89
26071-550-M6-084-00248 0.07198968529701233 4582.00 4187.77 4707.35 4185.14 4708.01 4216.70 4582.66 4219.33
26071-200-M6-052-00080 0.19589629769325256 2730.13 4092.60 2871.46 4090.27 2871.99 4122.63 2730.66 4124.95
26071-200-M6-052-00080 0.13645638525485992 6153.04 4087.41 6243.69 4095.43 6240.74 4128.78 6150.09 4120.76
26071-200-M6-052-00080 0.12600134313106537 2863.34 4094.89 2996.69 4088.08 2998.33 4120.23 2864.98 4127.03
26071-200-M6-052-00080 0.12236448377370834 6599.75 3704.41 6732.53 3706.72 6731.97 3738.97 6599.19 3736.66
26071-200-M6-052-00080 0.11258994787931442 6288.86 4094.08 6423.09 4088.94 6424.32 4121.16 6290.09 4126.31
26071-200-M6-052-00080 0.10254006087779999 3756.00 5628.98 3803.51 5630.04 3801.42 5723.68 3753.90 5722.62
26071-200-M6-052-00080 0.06286267191171646 2031.33 5219.94 2124.52 5218.33 2125.35 5266.28 2032.16 5267.89
26071-200-M6-052-00080 0.056237634271383286 5455.90 5222.53 5548.15 5217.02 5550.98 5264.32 5458.73 5269.84
26071-200-M6-052-00080 0.05201268941164017 7730.06 1309.05 8275.24 1318.83 8274.10 1382.02 7728.92 1372.24
26071-200-M6-052-00080 0.05072873830795288 3228.04 5217.97 3276.05 5219.17 3273.23 5332.11 3225.22 5330.91
26071-203-M6-321-00604 0.30550479888916016 4604.43 1217.56 4703.85 1216.71 4704.11 1247.66 4604.69 1248.52
26071-203-M6-321-00604 0.06815622746944427 7362.06 689.37 7394.87 688.93 7396.41 803.38 7363.60 803.82
26071-203-M6-321-00604 0.057235218584537506 4642.57 604.43 4691.66 600.19 4713.79 856.68 4664.71 860.91
26071-300-M6-053-00309 0.11439458280801773 2183.16 4166.62 2304.59 4164.50 2305.16 4196.93 2183.73 4199.05
26071-300-M6-053-00309 0.0884641632437706 5722.75 3367.78 5755.70 3370.22 5746.26 3497.30 5713.31 3494.86
26071-300-M6-053-00309 0.08108127862215042 7595.47 2781.56 8135.55 2756.68 8137.91 2807.94 7597.83 2832.83
26071-300-M6-053-00309 0.07982213795185089 6008.47 4774.29 6041.25 4775.37 6037.44 4891.53 6004.67 4890.46
26071-300-M6-053-00309 0.07028926908969879 6429.76 4666.55 6462.70 4668.06 6456.81 4796.77 6423.86 4795.26
26071-300-M6-053-00309 0.06554200500249863 4958.07 4221.49 5076.59 4224.83 5075.66 4257.69 4957.14 4254.34
26071-300-M6-053-00309 0.06209813803434372 7613.19 3439.08 8087.24 3442.80 8086.75 3505.06 7612.70 3501.34
26071-300-M6-053-00309 0.05703757330775261 338.61 4511.64 890.81 4499.45 892.16 4560.44 339.96 4572.63
26071-300-M6-053-00309 0.05081704258918762 340.74 5705.83 890.99 5681.05 893.72 5741.83 343.47 5766.61
26071-450-M6-082-00009 0.9861082434654236 2387.29 4131.51 2419.10 4130.47 2423.41 4261.31 2391.59 4262.35
26071-450-M6-082-00009 0.9769436717033386 6329.66 2579.50 6461.31 2578.80 6461.48 2611.06 6329.83 2611.76
26071-450-M6-082-00009 0.8890929222106934 3789.43 4037.86 3921.00 4037.87 3921.00 4070.61 3789.43 4070.60
26071-450-M6-082-00009 0.8557248115539551 4470.64 1835.22 4594.52 1842.27 4592.60 1876.07 4468.72 1869.02
26071-450-M6-082-00009 0.31192490458488464 4546.85 1759.35 4592.33 1759.27 4592.49 1853.40 4547.01 1853.47
26071-450-M6-082-00009 0.2543366551399231 3878.03 3954.29 3925.21 3957.53 3918.82 4050.71 3871.64 4047.48
26071-450-M6-082-00009 0.16674642264842987 2307.73 4216.50 2399.00 4217.60 2398.44 4264.03 2307.17 4262.93
26071-450-M6-082-00009 0.12423904240131378 6414.98 2600.08 6462.65 2601.47 6459.97 2693.54 6412.30 2692.15
26071-450-M6-082-00009 0.09569313377141953 3308.71 1469.10 3425.64 1472.60 3424.66 1505.35 3307.73 1501.85
26071-450-M6-082-00009 0.07336105406284332 2490.86 2484.80 2629.90 2495.80 2627.37 2527.82 2488.33 2516.82
26071-450-M6-082-00009 0.06964154541492462 2491.64 2766.89 2621.04 2772.19 2619.71 2804.49 2490.31 2799.18
26071-450-M6-082-00009 0.06825468689203262 7587.86 6286.04 8137.28 6265.94 8139.54 6327.75 7590.12 6347.86
26071-450-M6-082-00009 0.0638623908162117 4914.04 6520.23 5006.88 6519.10 5007.45 6566.26 4914.61 6567.39
26071-450-M6-082-00009 0.06082799658179283 3876.88 4901.66 3909.43 4900.70 3913.29 5032.51 3880.75 5033.47
26071-450-M6-082-00009 0.057616669684648514 3309.59 1669.14 3425.22 1673.32 3424.03 1706.25 3308.40 1702.08
26071-450-M6-082-00009 0.057607438415288925 342.77 4228.90 899.16 4199.33 902.44 4261.09 346.05 4290.66
26071-450-M6-082-00009 0.05612388253211975 7606.89 2929.60 8149.74 2944.47 8148.39 2993.50 7605.55 2978.63
26071-450-M6-082-00009 0.053220320492982864 7605.34 2378.83 8149.57 2376.67 8149.82 2438.95 7605.59 2441.12
26071-450-M6-082-00009 0.05277207866311073 7598.89 5302.21 8143.44 5291.27 8144.68 5353.33 7600.14 5364.27
26071-750-M6-085-00007 0.8056341409683228 5682.21 5389.38 5810.52 5395.07 5809.05 5428.08 5680.75 5422.39
26071-750-M6-085-00007 0.8032882213592529 6919.93 2490.29 7052.09 2488.80 7052.46 2521.67 6920.30 2523.17
26071-750-M6-085-00007 0.21451163291931152 5787.82 2359.21 5908.38 2356.44 5909.12 2388.88 5788.56 2391.65
26071-750-M6-085-00007 0.17303331196308136 7003.37 2408.50 7050.67 2408.24 7051.18 2501.06 7003.87 2501.32
26071-750-M6-085-00007 0.15789847075939178 6618.92 2527.93 6652.61 2527.19 6654.67 2621.12 6620.98 2621.86
26071-750-M6-085-00007 0.14972460269927979 5786.01 2568.93 5908.28 2569.44 5908.15 2601.38 5785.87 2600.87
26071-750-M6-085-00007 0.1435292512178421 6316.63 2833.22 6437.11 2826.92 6438.81 2859.43 6318.32 2865.73
26071-750-M6-085-00007 0.11019953340291977 2934.05 1642.30 2967.48 1641.66 2969.09 1725.22 2935.66 1725.86
26071-750-M6-085-00007 0.1039891466498375 3020.46 1406.30 3053.53 1407.50 3049.21 1525.55 3016.15 1524.34
26071-750-M6-085-00007 0.10142558068037033 6316.73 3047.67 6438.69 3037.72 6441.34 3070.18 6319.38 3080.13
26071-750-M6-085-00007 0.10001467168331146 6834.89 6424.48 6867.19 6426.25 6863.18 6499.08 6830.89 6497.31
26071-750-M6-085-00007 0.09222517907619476 6908.16 2606.30 7027.19 2602.82 7028.13 2635.14 6909.11 2638.62
26071-750-M6-085-00007 0.08503875136375427 6089.38 2054.93 6122.78 2054.80 6123.21 2171.34 6089.81 2171.46
26071-750-M6-085-00007 0.07987963408231735 7600.48 1319.74 8147.14 1308.28 8148.43 1369.84 7601.77 1381.30
26071-750-M6-085-00007 0.07827609777450562 6912.96 6187.62 6945.62 6186.94 6948.11 6305.77 6915.46 6306.46
26071-750-M6-085-00007 0.0727972462773323 3220.81 1402.60 3253.87 1403.29 3251.43 1519.84 3218.36 1519.15
26071-750-M6-085-00007 0.0663253664970398 7588.34 6285.50 8128.59 6268.08 8130.58 6329.76 7590.33 6347.18
26071-750-M6-085-00007 0.06553921848535538 5765.43 5308.90 5814.24 5309.43 5813.23 5402.66 5764.42 5402.13
26071-750-M6-085-00007 0.06546802073717117 2441.40 1403.17 2475.04 1404.04 2472.05 1519.24 2438.41 1518.37
26071-750-M6-085-00007 0.06045060604810715 5207.54 5710.58 5335.52 5714.37 5334.60 5745.72 5206.61 5741.93
26071-750-M6-085-00007 0.05771841108798981 7115.37 6189.47 7147.41 6188.80 7149.92 6310.02 7117.87 6310.68
26071-750-M6-085-00007 0.0552460215985775 357.68 1976.99 895.37 1990.34 894.13 2040.33 356.44 2026.98
26071-750-M6-085-00007 0.050706829875707626 330.48 1499.80 893.84 1489.32 894.97 1549.95 331.61 1560.43
26071-750-M6-085-00007 0.0502704493701458 7596.71 5801.05 8142.95 5804.34 8142.57 5866.25 7596.34 5862.96
26071-203-M6-337-00031 0.07156768441200256 7182.36 5245.59 7270.32 5267.85 7259.14 5312.04 7171.18 5289.77
26071-203-M6-337-00031 0.0671122670173645 7176.23 536.39 7262.75 550.40 7255.52 595.02 7169.00 581.02
26071-203-M6-337-00031 0.06457171589136124 3849.83 2467.74 3895.36 2471.78 3887.45 2560.92 3841.92 2556.88
26071-203-M6-337-00031 0.061186254024505615 7064.33 5279.09 7095.49 5279.57 7093.74 5394.36 7062.58 5393.88
26071-203-M6-337-00031 0.06032703071832657 4449.89 944.10 4496.19 947.68 4489.25 1037.36 4442.95 1033.78
26071-203-M6-337-00031 0.057772599160671234 270.08 5220.50 818.63 5206.26 820.31 5270.87 271.75 5285.10
26071-203-M6-337-00031 0.05522903800010681 7058.37 567.76 7089.86 565.23 7099.10 680.34 7067.61 682.87
26071-203-M6-337-00031 0.05484334006905556 271.22 4320.25 818.89 4306.25 820.55 4371.06 272.88 4385.05
26071-203-M6-332-00001 0.05369289219379425 3847.34 1317.07 3895.01 1319.55 3890.45 1407.10 3842.78 1404.62
26071-203-M6-332-00001 0.050304293632507324 7709.08 4839.24 8249.73 4866.30 8246.48 4931.31 7705.83 4904.24
26071-203-M6-079-00001 0.9787852168083191 2599.18 4167.94 2728.42 4167.34 2728.57 4199.56 2599.33 4200.16
26071-203-M6-079-00001 0.9779775142669678 2858.97 6164.10 2990.07 6163.43 2990.23 6195.63 2859.13 6196.30
26071-203-M6-079-00001 0.9734321236610413 2526.67 2278.78 2658.31 2277.78 2658.56 2310.01 2526.92 2311.01
26071-203-M6-079-00001 0.9697657823562622 2587.10 5228.36 2716.90 5231.89 2716.02 5264.33 2586.22 5260.80
26071-203-M6-079-00001 0.9644999504089355 3294.96 5242.67 3425.29 5244.56 3424.83 5276.83 3294.49 5274.95
26071-203-M6-079-00001 0.961286723613739 2857.74 1330.49 2983.68 1335.69 2982.34 1368.14 2856.40 1362.93
26071-203-M6-079-00001 0.8985413908958435 2727.78 2578.03 2858.41 2579.67 2858.00 2611.90 2727.38 2610.26
26071-203-M6-079-00001 0.25669094920158386 2940.13 6189.21 2986.90 6189.03 2987.25 6278.50 2940.48 6278.68
26071-203-M6-079-00001 0.25319021940231323 2567.60 4900.07 2599.82 4899.49 2602.28 5035.30 2570.07 5035.88
26071-203-M6-079-00001 0.20434361696243286 2663.99 5255.20 2711.96 5250.93 2719.84 5339.53 2671.87 5343.79
26071-203-M6-079-00001 0.19636276364326477 2940.64 1356.99 2987.76 1357.30 2987.17 1446.87 2940.05 1446.56
26071-203-M6-079-00001 0.16909389197826385 2606.12 2300.34 2652.44 2296.96 2659.06 2387.58 2612.74 2390.96
26071-203-M6-079-00001 0.16858746111392975 3378.87 5263.07 3424.21 5261.79 3426.81 5354.13 3381.48 5355.41
26071-203-M6-079-00001 0.12145370244979858 2681.81 4189.71 2729.26 4193.21 2722.61 4283.31 2675.15 4279.80
26071-203-M6-079-00001 0.0878671333193779 2570.39 3867.96 2601.52 3868.62 2599.19 3978.10 2568.05 3977.43
26071-203-M6-079-00001 0.08539476990699768 2808.74 2497.73 2857.21 2494.85 2862.70 2587.13 2814.23 2590.02
26071-203-M6-079-00001 0.06670865416526794 7599.25 3923.13 8147.74 3906.06 8149.63 3966.73 7601.13 3983.79
26071-203-M6-079-00001 0.06620058417320251 3399.27 5169.71 3515.36 5167.96 3515.86 5201.04 3399.77 5202.79
26071-203-M6-079-00001 0.06489020586013794 2477.20 5847.69 2509.47 5847.45 2510.39 5975.31 2478.13 5975.54
26071-200-M6-052-00150 0.32239192724227905 2703.42 1231.23 2734.99 1232.68 2728.82 1367.10 2697.26 1365.65
26071-200-M6-052-00150 0.14407706260681152 5178.47 5577.44 5306.94 5573.67 5307.86 5605.34 5179.40 5609.10
26071-200-M6-052-00150 0.09955623000860214 6001.37 3564.02 6094.39 3569.14 6091.78 3616.57 5998.76 3611.45
26071-200-M6-052-00150 0.07291864603757858 7442.09 4748.05 7532.65 4747.66 7532.86 4795.29 7442.30 4795.68
26071-200-M6-052-00150 0.06562407314777374 6475.53 5569.29 6602.91 5574.34 6601.61 5607.00 6474.24 5601.95
26071-200-M6-052-00150 0.05563531816005707 4112.26 5574.37 4239.29 5571.05 4240.15 5603.77 4113.11 5607.10
26071-200-M6-052-00150 0.05500532686710358 5411.42 5570.40 5539.77 5574.07 5538.83 5606.80 5410.48 5603.12
26071-200-M6-052-00150 0.05047599598765373 1487.99 1560.77 1580.97 1558.15 1582.29 1605.23 1489.32 1607.84
26071-200-M6-052-00003 0.07550929486751556 6095.56 1322.84 6185.90 1322.38 6186.13 1369.06 6095.80 1369.51
26071-200-M6-052-00003 0.06558170169591904 4196.84 5100.42 4325.18 5096.77 4326.09 5128.70 4197.75 5132.35
26071-200-M6-052-00003 0.060550570487976074 6095.71 2099.62 6189.37 2101.89 6188.22 2149.67 6094.56 2147.40
26071-200-M6-052-00003 0.059466924518346786 230.77 2488.44 774.55 2502.26 772.96 2565.13 229.17 2551.32
26071-200-M6-052-00003 0.05020831152796745 7716.78 3446.69 8254.49 3429.63 8256.49 3492.82 7718.78 3509.89
26071-700-M6-054-00013 0.06417299062013626 3775.21 5922.80 3815.50 5939.77 3797.05 5983.58 3756.76 5966.61
26071-700-M6-054-00013 0.06234201416373253 3778.34 2145.14 3815.58 2162.51 3795.82 2204.89 3758.58 2187.52
26071-700-M6-054-00013 0.06162400171160698 354.85 3445.92 899.84 3436.35 900.94 3498.81 355.94 3508.38
26071-700-M6-054-00013 0.05933523178100586 348.42 2730.11 895.21 2733.26 894.85 2795.65 348.06 2792.49
26071-700-M6-054-00013 0.05698423832654953 3777.10 4033.19 3815.68 4052.40 3794.79 4094.33 3756.22 4075.11
26071-700-M6-054-00013 0.056190188974142075 349.08 4624.30 899.93 4620.25 900.38 4682.32 349.54 4686.37
26071-700-M6-054-00013 0.05483225733041763 340.83 1554.62 887.97 1548.28 888.69 1610.62 341.56 1616.96
26071-203-M6-321-00225 0.05723818764090538 7678.53 4583.75 8218.88 4584.34 8218.81 4646.19 7678.46 4645.60
26071-203-M6-321-00225 0.05096634104847908 308.26 5454.88 862.88 5442.90 864.25 5505.93 309.63 5517.91
26071-700-M6-054-00036 0.24473778903484344 3536.07 3960.61 3568.29 3962.44 3561.18 4087.53 3528.95 4085.70
26071-700-M6-054-00036 0.06152912974357605 4563.47 3757.16 4689.32 3758.03 4689.09 3790.41 4563.24 3789.54
26071-700-M6-054-00036 0.059111468493938446 357.10 4031.70 898.22 4033.77 897.98 4096.70 356.86 4094.63
26071-700-M6-054-00036 0.05352046713232994 7602.08 6394.17 8146.01 6397.37 8145.66 6458.25 7601.72 6455.06
26071-600-M6-065-00231 0.0784621313214302 3376.10 5685.23 3503.21 5682.61 3503.87 5714.65 3376.76 5717.27
26071-600-M6-065-00231 0.07061219960451126 7608.12 4539.93 8144.31 4538.42 8144.48 4600.45 7608.29 4601.96
26071-500-M6-059-00071 0.9473921656608582 3875.12 3433.13 4004.10 3435.94 4003.38 3468.96 3874.40 3466.15
26071-500-M6-059-00071 0.2981549799442291 3957.33 3353.25 4004.71 3354.67 4001.92 3448.20 3954.54 3446.78
26071-500-M6-059-00071 0.12327225506305695 6569.43 3559.88 6662.79 3567.27 6659.05 3614.53 6565.69 3607.15
26071-500-M6-059-00071 0.06985501945018768 7604.15 2143.36 8146.86 2141.22 8147.11 2203.32 7604.40 2205.46
26071-500-M6-059-00071 0.06410224735736847 7593.12 4511.81 8139.39 4495.85 8141.18 4557.07 7594.91 4573.03
26071-500-M6-059-00071 0.06273259222507477 6093.82 2738.88 6186.89 2739.14 6186.76 2786.62 6093.69 2786.36
26071-500-M6-059-00071 0.06093334034085274 7594.79 4856.75 8138.26 4853.83 8138.61 4917.82 7595.14 4920.74
26071-500-M6-059-00071 0.05889851972460747 7590.41 3962.86 8125.46 3943.10 8127.88 4008.54 7592.83 4028.30
26071-500-M6-059-00071 0.054726261645555496 2287.16 3709.78 2319.57 3709.72 2319.77 3825.43 2287.36 3825.49
26071-500-M6-059-00071 0.05034995079040527 2833.93 3053.80 2953.01 3054.53 2952.80 3087.78 2833.72 3087.05
26071-203-M6-320-00008 0.9835422039031982 3500.50 5169.23 3532.92 5168.37 3536.32 5296.06 3503.90 5296.93
26071-203-M6-320-00008 0.9819269776344299 5868.91 5078.04 5901.44 5076.13 5909.02 5205.46 5876.49 5207.37
26071-203-M6-320-00008 0.12517674267292023 5790.97 5160.88 5880.65 5166.12 5877.90 5213.13 5788.23 5207.89
26071-203-M6-320-00008 0.11659754812717438 3424.20 5244.91 3517.55 5262.97 3508.93 5307.49 3415.59 5289.43
26071-203-M6-320-00008 0.07580265402793884 5824.12 3970.36 5856.47 3969.96 5858.05 4099.23 5825.69 4099.62
26071-203-M6-320-00008 0.07367704808712006 3411.97 4056.30 3444.60 4057.10 3441.43 4186.68 3408.80 4185.88
26071-203-M6-320-00008 0.07262702286243439 5808.09 5110.59 5871.03 5114.54 5868.30 5157.95 5805.37 5154.00
26071-203-M6-320-00008 0.0661376342177391 4590.99 1172.89 4679.36 1171.68 4680.01 1218.76 4591.64 1219.98
26071-203-M6-320-00008 0.0651228278875351 3445.00 5196.55 3519.14 5214.21 3509.80 5253.43 3435.66 5235.77
26071-500-M6-059-00116 0.050426021218299866 349.41 6041.54 895.54 6038.01 895.95 6100.52 349.82 6104.05
26071-550-M6-084-00026 0.07914000004529953 3195.61 3242.99 3228.01 3245.54 3217.61 3377.70 3185.21 3375.15
26071-550-M6-084-00026 0.07496929913759232 5552.77 3246.65 5585.03 3246.57 5585.33 3374.92 5553.07 3374.99
26071-550-M6-084-00026 0.054727137088775635 1598.62 3329.31 1630.48 3326.66 1641.16 3455.08 1609.31 3457.73
26071-203-M6-337-00007 0.057223767042160034 7610.62 2828.47 8156.91 2826.01 8157.18 2887.94 7610.90 2890.39
26071-203-M6-337-00007 0.05206681042909622 7608.06 3036.30 8138.68 3030.47 8139.28 3085.30 7608.67 3091.13
26071-200-M6-052-00090 0.9766140580177307 1450.10 1360.07 1482.28 1361.11 1478.08 1491.42 1445.89 1490.39
26071-200-M6-052-00090 0.9714189767837524 6707.78 1732.42 6836.29 1731.73 6836.46 1763.33 6707.95 1764.03
26071-200-M6-052-00090 0.20378437638282776 2844.78 3286.06 2976.57 3299.82 2973.02 3333.85 2841.23 3320.10
26071-200-M6-052-00090 0.12394257634878159 5907.30 3290.89 6037.84 3297.50 6036.20 3329.86 5905.66 3323.24
26071-200-M6-052-00090 0.12286896258592606 5515.73 3680.29 5633.40 3678.39 5633.92 3710.40 5516.25 3712.30
26071-200-M6-052-00090 0.12263298034667969 3080.04 3678.58 3209.70 3678.09 3209.82 3710.29 3080.16 3710.77
26071-200-M6-052-00090 0.08973651379346848 3160.90 2094.28 3195.53 2089.75 3211.19 2209.57 3176.56 2214.10
26071-200-M6-052-00090 0.08888771384954453 1584.78 4806.60 1673.05 4805.10 1673.86 4852.47 1585.59 4853.98
26071-200-M6-052-00090 0.07823105901479721 2365.90 3684.68 2511.30 3676.15 2513.11 3706.95 2367.71 3715.48
26071-200-M6-052-00090 0.06520786881446838 5738.20 3680.04 5867.99 3675.81 5869.02 3707.58 5739.23 3711.82
26071-200-M6-052-00090 0.06182129681110382 4595.20 4806.94 4684.44 4806.51 4684.67 4853.49 4595.43 4853.93
26071-200-M6-052-00090 0.05786178261041641 2725.61 3678.06 2857.48 3677.94 2857.51 3710.19 2725.63 3710.31
26071-200-M6-052-00090 0.05578261986374855 1915.49 1347.98 2007.82 1345.58 2009.05 1392.88 1916.72 1395.29
26071-200-M6-052-00090 0.05490867793560028 7719.92 1238.03 8259.57 1263.51 8256.55 1327.42 7716.90 1301.94
26071-200-M6-052-00090 0.05340233072638512 5381.21 3680.47 5523.22 3679.41 5523.46 3710.61 5381.44 3711.67
26071-200-M6-052-00090 0.05326129123568535 2512.96 3678.22 2641.73 3678.38 2641.69 3710.76 2512.92 3710.60
26071-203-M6-320-00061 0.11723293364048004 648.84 3967.90 680.29 3967.00 684.14 4100.54 652.68 4101.45
26071-203-M6-320-00061 0.1015821322798729 649.57 3644.71 682.51 3644.04 685.02 3768.05 652.09 3768.72
26071-600-M6-065-00037 0.98775315284729 3720.64 4724.40 3752.90 4723.66 3755.91 4854.87 3723.65 4855.61
26071-600-M6-065-00037 0.9865548610687256 7169.39 4723.55 7201.84 4722.73 7205.00 4848.49 7172.55 4849.31
26071-600-M6-065-00037 0.9491444826126099 5236.14 3419.87 5364.93 3419.64 5364.99 3452.38 5236.20 3452.62
26071-600-M6-065-00037 0.4045783579349518 3745.90 4801.12 3836.23 4814.16 3829.73 4859.18 3739.40 4846.14
26071-600-M6-065-00037 0.16241584718227386 5323.89 3441.67 5361.28 3443.42 5358.21 3508.93 5320.82 3507.18
26071-600-M6-065-00037 0.1443653255701065 7191.28 4807.00 7284.37 4805.28 7285.24 4852.31 7192.15 4854.03
26071-600-M6-065-00037 0.08500918745994568 6000.51 2183.70 6045.61 2183.96 6045.07 2278.64 5999.98 2278.39
26071-600-M6-065-00037 0.07106620818376541 352.31 1020.66 897.36 1016.76 897.80 1078.02 352.75 1081.92
26071-600-M6-065-00037 0.06986675411462784 1865.45 3439.95 1992.84 3440.74 1992.63 3473.72 1865.25 3472.94
26071-600-M6-065-00037 0.06716404110193253 2225.47 3311.71 2341.47 3308.26 2342.44 3340.95 2226.44 3344.41
26071-600-M6-065-00037 0.06432263553142548 7600.07 5753.96 8136.95 5737.44 8138.83 5798.48 7601.95 5814.99
26071-600-M6-065-00037 0.06295885145664215 5440.75 3344.43 5573.32 3340.41 5574.31 3372.86 5441.73 3376.88
26071-600-M6-065-00037 0.059120215475559235 2609.49 3171.95 2747.26 3174.78 2746.58 3207.99 2608.81 3205.16
26071-600-M6-065-00037 0.057032689452171326 345.19 2441.24 889.02 2431.55 890.13 2494.27 346.31 2503.96
26071-600-M6-065-00037 0.05441506579518318 5917.47 3170.57 6051.71 3176.08 6050.33 3209.59 5916.10 3204.07
26071-600-M6-065-00037 0.05287276580929756 3667.89 4428.58 3699.81 4428.23 3701.24 4557.11 3669.31 4557.47
26071-600-M6-065-00037 0.05197356268763542 2692.27 2077.90 2740.35 2078.68 2738.96 2163.98 2690.88 2163.19
26071-300-M6-053-00010 0.05825246125459671 361.65 6036.14 905.84 6050.23 904.23 6112.47 360.04 6098.38
26071-300-M6-053-00010 0.05646780505776405 6711.04 2737.70 6803.54 2742.09 6801.31 2789.05 6708.82 2784.67
26071-200-M6-052-00540 0.062069762498140335 1348.68 779.14 1399.48 776.35 1413.25 1027.35 1362.46 1030.14
26071-200-M6-052-00540 0.056747376918792725 6438.49 5446.83 6488.17 5440.21 6523.88 5708.08 6474.20 5714.70
26071-200-M6-052-00540 0.056298356503248215 227.76 6139.18 765.52 6155.19 763.87 6210.41 226.12 6194.40
26071-200-M6-052-00540 0.05032269284129143 223.69 6395.25 758.29 6395.60 758.25 6457.93 223.65 6457.58
26071-203-M6-160-00291 0.9596148133277893 3778.40 6059.51 3908.47 6059.21 3908.55 6091.78 3778.47 6092.08
26071-203-M6-160-00291 0.9508889317512512 6272.46 6060.41 6401.39 6059.82 6401.54 6092.15 6272.60 6092.74
26071-203-M6-160-00291 0.11734558641910553 6464.70 3011.99 6497.55 3011.25 6500.37 3138.15 6467.52 3138.89
26071-203-M6-160-00291 0.096677266061306 6469.27 2775.38 6501.93 2776.75 6496.67 2902.26 6464.02 2900.89
26071-203-M6-160-00291 0.07663199305534363 6351.36 5978.58 6399.20 5977.04 6402.15 6068.39 6354.31 6069.94
26071-203-M6-160-00291 0.071955606341362 1775.44 1675.49 1866.20 1679.30 1864.21 1726.75 1773.45 1722.95
26071-203-M6-160-00291 0.06737568974494934 3857.25 5981.04 3903.82 5978.94 3908.10 6073.78 3861.54 6075.89
26071-203-M6-160-00291 0.06463391333818436 1776.90 2253.95 1870.07 2274.25 1860.48 2318.28 1767.31 2297.98
26071-203-M6-160-00291 0.06336013227701187 1773.78 1497.40 1866.46 1501.40 1864.38 1549.60 1771.70 1545.59
26071-203-M6-160-00291 0.06268500536680222 7599.37 1023.18 8153.92 1018.08 8154.48 1078.74 7599.93 1083.84
26071-203-M6-160-00291 0.06141612306237221 337.25 1497.83 893.45 1492.52 894.04 1553.81 337.84 1559.12
26071-203-M6-160-00291 0.05915769189596176 1776.80 2441.31 1866.18 2449.07 1862.10 2496.08 1772.72 2488.32
26071-203-M6-160-00291 0.05748363956809044 4500.00 4614.30 4628.79 4618.21 4627.80 4651.08 4499.00 4647.17
26071-600-M6-066-00002 0.9862072467803955 7007.26 1948.51 7039.65 1948.46 7039.85 2079.01 7007.45 2079.05
26071-600-M6-066-00002 0.23841550946235657 7031.01 2029.46 7119.56 2035.55 7116.38 2081.65 7027.84 2075.55
26071-600-M6-066-00002 0.07096181809902191 7600.57 3917.30 8147.39 3908.07 8148.41 3968.31 7601.59 3977.54
26071-600-M6-066-00002 0.06850647181272507 7589.80 4868.23 8126.66 4851.48 8128.60 4913.50 7591.73 4930.26
26071-600-M6-066-00002 0.06428591161966324 342.13 3914.68 893.31 3913.00 893.50 3974.47 342.31 3976.16
26071-600-M6-066-00002 0.0640980452299118 7598.21 5213.78 8146.49 5208.77 8147.05 5270.28 7598.77 5275.29
26071-300-M6-053-00008 0.9849226474761963 6233.98 5728.03 6266.15 5726.88 6270.79 5856.42 6238.61 5857.57
26071-300-M6-053-00008 0.9795008897781372 6125.42 5490.23 6157.72 5490.46 6156.82 5622.04 6124.52 5621.82
26071-300-M6-053-00008 0.9613925814628601 2608.38 1344.88 2738.99 1349.24 2737.92 1381.49 2607.30 1377.13
26071-300-M6-053-00008 0.945165753364563 4441.29 621.47 4571.82 621.18 4571.89 653.49 4441.36 653.78
26071-300-M6-053-00008 0.9273643493652344 2021.16 1387.24 2148.76 1391.66 2147.66 1423.46 2020.06 1419.04
26071-300-M6-053-00008 0.8444517254829407 5445.90 1072.75 5575.65 1074.37 5575.25 1106.19 5445.50 1104.57
26071-300-M6-053-00008 0.2630252242088318 5529.12 990.21 5575.57 991.44 5573.02 1087.42 5526.57 1086.19
26071-300-M6-053-00008 0.21668966114521027 6152.68 5813.53 6244.12 5809.07 6246.38 5855.58 6154.95 5860.03
26071-300-M6-053-00008 0.20055393874645233 2690.81 1266.32 2737.30 1264.16 2741.72 1359.49 2695.24 1361.64
26071-300-M6-053-00008 0.07344718277454376 2019.52 5346.09 2149.57 5346.43 2149.48 5378.94 2019.44 5378.60
26071-300-M6-053-00008 0.06910662353038788 4960.95 1019.02 5081.52 1026.24 5079.52 1059.70 4958.95 1052.49
26071-300-M6-053-00008 0.06841844320297241 351.81 727.38 900.75 717.07 901.90 778.35 352.96 788.66
26071-300-M6-053-00008 0.06024600937962532 2348.50 963.21 2380.87 964.15 2377.06 1096.63 2344.69 1095.69
26071-300-M6-053-00008 0.05642027035355568 357.44 1043.24 899.69 1040.85 899.97 1103.37 357.72 1105.75
26071-300-M6-053-00008 0.05333356559276581 355.19 988.42 895.09 1005.54 893.48 1056.33 353.57 1039.21
26071-300-M6-053-00008 0.05166451632976532 6573.76 5810.41 6665.70 5812.52 6664.63 5859.15 6572.69 5857.05
26071-300-M6-053-00008 0.050194185227155685 2122.76 4578.91 2239.45 4577.93 2239.73 4611.06 2123.04 4612.03
26071-203-M6-060-00001 0.9562588930130005 2065.36 3859.88 2195.21 3857.87 2195.71 3890.03 2065.86 3892.05
26071-203-M6-060-00001 0.9517937898635864 1689.97 5971.19 1819.90 5974.97 1818.96 6007.53 1689.02 6003.75
26071-203-M6-060-00001 0.7442482709884644 2054.26 838.71 2186.32 838.63 2186.34 870.92 2054.28 871.00
26071-203-M6-060-00001 0.2510868012905121 2142.56 3882.97 2189.85 3876.28 2202.38 3964.82 2155.10 3971.52
26071-203-M6-060-00001 0.16556422412395477 2043.55 924.78 2160.62 931.14 2158.79 964.79 2041.73 958.44
26071-203-M6-060-00001 0.13544918596744537 2045.41 1112.92 2163.27 1120.90 2161.04 1153.95 2043.17 1145.97
26071-203-M6-060-00001 0.12094230949878693 1771.25 5995.77 1818.28 5996.42 1817.05 6085.57 1770.02 6084.92
26071-203-M6-060-00001 0.10851913690567017 1869.85 1353.73 1906.92 1353.06 1908.00 1413.45 1870.93 1414.11
26071-203-M6-060-00001 0.08751874417066574 1611.90 5494.50 1644.77 5492.70 1651.78 5619.96 1618.90 5621.77
26071-203-M6-060-00001 0.06636980921030045 7596.37 4626.01 8147.54 4619.13 8148.29 4679.68 7597.12 4686.56
26071-203-M6-060-00001 0.06241321563720703 1704.53 3367.09 1736.91 3366.44 1739.51 3495.82 1707.13 3496.48
26071-203-M6-060-00001 0.05741795524954796 7599.62 2495.83 8144.64 2497.88 8144.41 2558.68 7599.39 2556.62
26071-200-M6-063-00010 0.97137850522995 6853.94 1654.94 6886.02 1654.76 6886.76 1785.87 6854.67 1786.05
26071-200-M6-063-00010 0.297067254781723 6877.77 1733.02 6968.61 1739.37 6965.32 1786.46 6874.48 1780.10
26071-200-M6-063-00010 0.06493253260850906 6857.16 1824.14 6889.46 1825.66 6883.24 1957.87 6850.94 1956.35
26071-200-M6-063-00010 0.06170405447483063 336.14 4505.57 890.57 4507.02 890.41 4568.57 335.98 4567.12
26071-203-M6-060-00006 0.9442940950393677 5325.17 2556.53 5457.77 2557.05 5457.65 2588.18 5325.05 2587.66
26071-203-M6-060-00006 0.8914084434509277 2728.94 2439.31 2857.29 2440.06 2857.11 2472.38 2728.75 2471.63
26071-203-M6-060-00006 0.06089019775390625 7595.39 6042.56 8138.72 6037.44 8139.29 6098.69 7595.97 6103.82
26071-203-M6-060-00006 0.05601947382092476 349.64 2734.41 898.91 2729.82 899.43 2791.35 350.15 2795.94
26071-203-M6-060-00006 0.05502380430698395 2134.25 1827.75 2167.41 1831.33 2153.56 1959.34 2120.41 1955.76
26071-203-M6-325-00013 0.08872988075017929 1489.34 3062.93 1520.77 3061.79 1525.71 3198.13 1494.29 3199.27
26071-203-M6-325-00013 0.053838640451431274 3184.50 4781.56 3216.88 4780.95 3219.25 4908.44 3186.88 4909.04
26071-300-M6-053-00012 0.980340838432312 7421.13 829.23 7453.56 829.04 7454.28 955.34 7421.84 955.53
26071-300-M6-053-00012 0.9755329489707947 2743.36 2478.01 2775.08 2478.69 2772.26 2610.51 2740.55 2609.83
26071-300-M6-053-00012 0.9737686514854431 3873.12 4430.35 4002.72 4428.48 4003.18 4460.39 3873.58 4462.25
26071-300-M6-053-00012 0.9669641256332397 5443.97 4654.68 5573.59 4652.09 5574.23 4684.03 5444.61 4686.62
26071-300-M6-053-00012 0.9613259434700012 6801.02 2894.45 6931.71 2893.03 6932.06 2925.59 6801.37 2927.02
26071-300-M6-053-00012 0.2437034249305725 6885.81 2812.25 6933.47 2811.34 6935.23 2903.72 6887.57 2904.63
26071-300-M6-053-00012 0.18543928861618042 3957.61 4346.29 4003.23 4347.18 4001.43 4439.59 3955.80 4438.70
26071-300-M6-053-00012 0.1812547892332077 7443.85 910.72 7533.14 907.55 7534.82 954.73 7445.52 957.90
26071-300-M6-053-00012 0.1741679459810257 4228.36 4328.66 4358.43 4335.99 4356.60 4368.55 4226.53 4361.22
26071-300-M6-053-00012 0.1638062596321106 4850.01 4462.88 4980.95 4461.70 4981.23 4493.37 4850.29 4494.55
26071-300-M6-053-00012 0.14137132465839386 5530.11 4567.99 5576.46 4568.68 5575.07 4662.85 5528.71 4662.17
26071-300-M6-053-00012 0.09821682423353195 2659.79 2563.72 2751.87 2562.23 2752.62 2608.63 2660.54 2610.11
26071-300-M6-053-00012 0.09183601289987564 2387.59 1699.23 2419.40 1695.89 2431.14 1807.72 2399.33 1811.06
26071-300-M6-053-00012 0.07030830532312393 354.34 4623.82 900.18 4616.46 901.01 4678.28 355.18 4685.64
26071-300-M6-053-00012 0.06666292250156403 331.43 958.53 885.73 958.80 885.70 1020.94 331.40 1020.67
26071-300-M6-053-00012 0.05697192996740341 6109.61 1315.04 6200.08 1327.92 6193.30 1375.57 6102.83 1362.69
26071-300-M6-053-00012 0.05438403785228729 2191.99 1703.04 2224.87 1703.09 2224.69 1824.91 2191.81 1824.86
26071-300-M6-053-00012 0.05401568487286568 5148.56 2217.65 5280.06 2217.72 5280.04 2250.04 5148.55 2249.97
26071-300-M6-053-00012 0.05291798338294029 5444.82 2214.74 5576.31 2220.81 5574.82 2253.05 5443.33 2246.98
26071-300-M6-053-00012 0.05217699334025383 6104.24 1149.98 6200.12 1143.61 6203.29 1191.34 6107.41 1197.72
26071-300-M6-053-00012 0.05118763446807861 7378.17 2026.14 7413.01 2041.67 7394.33 2083.56 7359.49 2068.02
26071-450-M6-082-00221 0.07835885882377625 346.16 5439.89 893.11 5456.79 891.17 5519.75 344.21 5502.85
26071-450-M6-082-00221 0.05292554199695587 7546.32 4890.02 7578.99 4892.08 7571.54 5010.17 7538.86 5008.10
26071-675-M6-068-00034 0.9915657043457031 1949.05 1659.11 1981.03 1659.58 1979.07 1791.93 1947.09 1791.45
26071-675-M6-068-00034 0.9859857559204102 3216.02 2769.10 3248.30 2768.92 3249.05 2899.33 3216.76 2899.52
26071-675-M6-068-00034 0.9857591390609741 1617.27 5978.61 1649.58 5978.32 1650.75 6109.25 1618.44 6109.53
26071-675-M6-068-00034 0.9857332706451416 2467.38 2769.41 2499.44 2770.13 2496.50 2899.23 2464.45 2898.50
26071-675-M6-068-00034 0.9848570823669434 3067.36 5889.86 3099.48 5890.36 3097.49 6019.52 3065.38 6019.02
26071-675-M6-068-00034 0.978807806968689 2315.67 5889.28 2347.82 5888.87 2349.50 6020.04 2317.35 6020.45
26071-675-M6-068-00034 0.9477488994598389 5226.17 1902.28 5355.59 1900.07 5356.15 1932.51 5226.73 1934.73
26071-675-M6-068-00034 0.2373868077993393 3246.15 2844.57 3332.66 2863.63 3322.83 2908.27 3236.32 2889.22
26071-675-M6-068-00034 0.17106081545352936 2495.93 2845.63 2583.38 2860.29 2575.66 2906.32 2488.21 2891.66
26071-675-M6-068-00034 0.15325458347797394 5217.06 1927.10 5262.80 1919.04 5278.94 2010.58 5233.20 2018.65
26071-675-M6-068-00034 0.15283197164535522 1862.16 1745.62 1954.62 1740.95 1957.02 1788.51 1864.56 1793.17
26071-675-M6-068-00034 0.09197981655597687 2501.09 5716.16 2631.84 5718.95 2631.18 5749.58 2500.43 5746.79
26071-675-M6-068-00034 0.08823556452989578 1540.75 6053.86 1630.46 6070.81 1621.88 6116.25 1532.16 6099.31
26071-675-M6-068-00034 0.07869315147399902 5711.73 2245.52 5744.18 2244.95 5746.21 2360.67 5713.75 2361.24
26071-675-M6-068-00034 0.06330401450395584 3088.71 5969.42 3181.02 5974.16 3178.66 6020.16 3086.34 6015.41
26071-675-M6-068-00034 0.061560846865177155 2340.89 5967.15 2432.41 5977.77 2427.10 6023.55 2335.58 6012.93
26071-675-M6-068-00034 0.055112533271312714 7682.61 1809.65 8234.82 1840.41 8231.33 1902.98 7679.13 1872.22
26071-675-M6-068-00034 0.05246381089091301 303.25 6037.00 858.47 6064.75 855.41 6125.90 300.20 6098.14
26071-675-M6-068-00034 0.052076444029808044 7683.53 1507.68 8233.84 1541.38 8229.97 1604.65 7679.65 1570.95
26071-450-M6-082-00031 0.7082664966583252 2135.10 1997.47 2266.72 2000.16 2266.05 2032.89 2134.43 2030.20
26071-450-M6-082-00031 0.16570506989955902 2221.52 1916.69 2269.00 1918.29 2265.90 2010.92 2218.41 2009.33
26071-450-M6-082-00031 0.10687413066625595 2937.18 3450.24 3067.64 3458.05 3065.71 3490.39 2935.25 3482.59
26071-450-M6-082-00031 0.09423828125 3438.19 3176.76 3568.10 3171.75 3569.34 3203.96 3439.44 3208.97
26071-450-M6-082-00031 0.08419379591941833 7605.17 3955.57 8129.78 3944.92 8130.94 4001.88 7606.32 4012.52
26071-450-M6-082-00031 0.08102560043334961 7600.94 1626.47 8149.87 1618.19 8150.79 1679.20 7601.86 1687.49
26071-450-M6-082-00031 0.0700598880648613 7588.16 969.86 8133.96 952.27 8135.97 1014.62 7590.17 1032.22
26071-450-M6-082-00031 0.06362273544073105 7587.71 2105.70 8154.43 2081.64 8157.23 2147.65 7590.51 2171.71
26071-450-M6-082-00031 0.061175502836704254 350.19 1318.60 899.29 1312.42 899.98 1374.17 350.89 1380.35
26071-450-M6-082-00031 0.05840387940406799 332.61 962.53 886.45 958.35 886.91 1020.02 333.08 1024.19
26071-450-M6-082-00031 0.05494353175163269 358.04 2206.43 894.41 2225.90 892.58 2276.38 356.21 2256.91
26071-450-M6-082-00031 0.05379624664783478 7606.43 6367.29 8140.35 6358.45 8141.28 6414.15 7607.36 6422.99
26071-450-M6-082-00031 0.05243098735809326 7604.74 6097.06 8144.70 6098.26 8144.56 6159.60 7604.61 6158.40
26071-450-M6-082-00031 0.051354486495256424 354.76 5888.94 892.64 5901.43 891.40 5955.05 353.51 5942.56
26071-200-M6-062-00276 0.9834870100021362 1960.63 2775.51 1992.96 2774.81 1995.73 2901.35 1963.40 2902.06
26071-200-M6-062-00276 0.9824262857437134 1690.35 3129.08 1722.04 3129.01 1722.36 3260.47 1690.67 3260.55
26071-200-M6-062-00276 0.2938631772994995 1601.50 3219.33 1696.32 3207.60 1701.99 3253.38 1607.16 3265.11
26071-200-M6-062-00276 0.27032479643821716 1988.44 2852.85 2078.13 2861.18 2073.93 2906.46 1984.23 2898.13
26071-200-M6-062-00276 0.2522824704647064 996.55 3478.02 1028.88 3479.92 1021.18 3610.77 988.86 3608.87
26071-200-M6-062-00276 0.07870566844940186 5462.27 4051.26 5491.83 4058.17 5478.82 4113.84 5449.27 4106.94
26071-200-M6-062-00276 0.06478922069072723 7590.60 1797.68 8136.26 1780.84 8138.19 1843.31 7592.52 1860.15
26071-200-M6-062-00276 0.059612907469272614 1017.73 3564.99 1109.12 3567.74 1107.71 3614.51 1016.32 3611.76
26071-200-M6-062-00276 0.056748103350400925 1710.44 3213.89 1804.06 3211.70 1805.16 3258.54 1711.54 3260.73
26071-200-M6-062-00276 0.05585665628314018 334.90 1793.03 892.23 1788.42 892.74 1850.48 335.41 1855.09
26071-200-M6-062-00276 0.05254216492176056 5265.07 4035.88 5394.50 4041.72 5393.01 4074.58 5263.58 4068.74
26071-500-M6-059-00011 0.9885125160217285 5111.81 6225.84 5243.84 6223.88 5244.32 6255.86 5112.29 6257.82
26071-500-M6-059-00011 0.9177401065826416 7227.18 3211.79 7356.51 3210.77 7356.77 3242.98 7227.43 3244.01
26071-500-M6-059-00011 0.30202677845954895 5199.50 6139.33 5245.69 6141.57 5241.02 6238.04 5194.83 6235.80
26071-500-M6-059-00011 0.24320241808891296 7312.28 3127.24 7360.38 3129.70 7355.61 3222.92 7307.52 3220.46
26071-500-M6-059-00011 0.15935418009757996 4737.29 6031.69 4866.15 6033.12 4865.79 6065.62 4736.93 6064.19
26071-500-M6-059-00011 0.09617936611175537 6687.95 3069.18 6807.65 3065.30 6808.71 3097.93 6689.01 3101.81
26071-500-M6-059-00011 0.0950571820139885 6688.82 3281.36 6807.60 3277.85 6808.57 3310.63 6689.79 3314.14
26071-500-M6-059-00011 0.0813564881682396 4862.24 1585.04 4895.52 1586.09 4891.81 1703.97 4858.54 1702.92
26071-500-M6-059-00011 0.06673774123191833 7599.94 4627.10 8145.72 4616.66 8146.89 4678.07 7601.12 4688.51
26071-500-M6-059-00011 0.06260717660188675 349.64 1836.61 891.40 1829.10 892.28 1892.29 350.52 1899.80
26071-500-M6-059-00011 0.06174297630786896 6457.69 2464.11 6490.10 2465.45 6484.96 2589.15 6452.55 2587.80
26071-500-M6-059-00011 0.05585421621799469 350.44 4022.71 887.66 4010.75 889.16 4077.80 351.94 4089.76
26071-500-M6-059-00011 0.05148332566022873 5924.83 2178.01 5959.11 2178.37 5957.82 2301.49 5923.53 2301.13
26071-600-M6-065-00021 0.9865411520004272 1871.96 5254.23 1904.84 5253.75 1906.73 5383.85 1873.85 5384.32
26071-600-M6-065-00021 0.9833305478096008 7000.68 5373.13 7032.69 5374.21 7028.31 5504.67 6996.29 5503.60
26071-600-M6-065-00021 0.9717824459075928 3730.28 6108.46 3860.63 6105.95 3861.25 6138.36 3730.91 6140.87
26071-600-M6-065-00021 0.9534722566604614 5502.92 6142.59 5633.55 6140.04 5634.17 6171.99 5503.54 6174.54
26071-600-M6-065-00021 0.8499150276184082 5085.92 1730.93 5223.72 1735.47 5222.64 1768.28 5084.84 1763.74
26071-600-M6-065-00021 0.24823957681655884 3817.23 6022.81 3863.02 6024.10 3860.32 6120.01 3814.52 6118.72
26071-600-M6-065-00021 0.22871705889701843 3766.80 3251.52 3798.20 3252.48 3794.40 3376.30 3763.00 3375.34
26071-600-M6-065-00021 0.19716905057430267 4582.91 1637.64 4697.71 1633.50 4698.92 1666.94 4584.11 1671.07
26071-600-M6-065-00021 0.18131119012832642 5164.38 1656.40 5211.07 1648.32 5227.34 1742.42 5180.65 1750.49
26071-600-M6-065-00021 0.17565922439098358 3081.26 4698.96 3210.71 4700.88 3210.23 4733.27 3080.78 4731.36
26071-600-M6-065-00021 0.15259312093257904 4772.54 2266.67 4903.47 2262.14 4904.61 2294.89 4773.67 2299.42
26071-600-M6-065-00021 0.14417503774166107 5798.30 5936.38 5928.10 5935.23 5928.39 5967.94 5798.59 5969.09
26071-600-M6-065-00021 0.1411125510931015 5586.79 6059.36 5632.49 6058.92 5633.40 6154.31 5587.70 6154.75
26071-600-M6-065-00021 0.11514370888471603 4025.52 5937.51 4156.23 5936.48 4156.48 5968.71 4025.78 5969.73
26071-600-M6-065-00021 0.11319426447153091 4381.14 2266.84 4512.27 2264.16 4512.93 2296.25 4381.80 2298.93
26071-600-M6-065-00021 0.11257260292768478 5063.71 1877.33 5095.54 1877.43 5095.13 2001.29 5063.30 2001.19
26071-600-M6-065-00021 0.10691141337156296 1971.65 1415.47 2004.01 1413.18 2012.72 1536.23 1980.35 1538.52
26071-600-M6-065-00021 0.10374997556209564 2019.22 1666.53 2149.77 1664.67 2150.23 1697.25 2019.68 1699.10
26071-600-M6-065-00021 0.08474207669496536 3235.54 2265.56 3365.25 2262.77 3365.96 2295.70 3236.25 2298.49
26071-600-M6-065-00021 0.0797671377658844 3163.83 4615.78 3210.50 4615.72 3210.60 4707.21 3163.94 4707.26
26071-600-M6-065-00021 0.07611728459596634 7594.22 1023.89 8146.20 1013.80 8147.33 1075.37 7595.35 1085.46
26071-600-M6-065-00021 0.07442677766084671 7601.03 5453.63 8145.30 5442.78 8146.52 5504.06 7602.26 5514.91
26071-600-M6-065-00021 0.06172981485724449 7128.15 4688.76 7160.15 4688.38 7161.56 4807.50 7129.55 4807.88
26071-600-M6-065-00021 0.061674583703279495 334.80 1501.50 895.99 1488.87 897.38 1550.61 336.19 1563.24
26071-600-M6-065-00021 0.05746474489569664 347.34 3324.16 895.30 3323.08 895.42 3384.15 347.46 3385.24
26071-600-M6-065-00021 0.05745453014969826 4818.63 4695.58 4948.65 4702.57 4946.92 4734.81 4816.89 4727.82
26071-600-M6-065-00021 0.05595150589942932 4176.41 2996.79 4311.74 2989.83 4313.42 3022.48 4178.09 3029.44
26071-600-M6-065-00021 0.053810860961675644 340.20 1201.66 892.97 1193.13 893.93 1255.10 341.16 1263.63
26071-500-M6-059-00013 0.9934647679328918 5643.48 2893.78 5675.62 2892.88 5679.32 3025.24 5647.19 3026.14
26071-500-M6-059-00013 0.9896955490112305 5644.23 3248.91 5676.21 3248.36 5678.45 3378.71 5646.47 3379.26
26071-500-M6-059-00013 0.986692488193512 5797.96 3582.49 5928.41 3581.11 5928.75 3613.24 5798.30 3614.63
26071-500-M6-059-00013 0.9805461764335632 6034.30 3582.69 6163.73 3580.85 6164.19 3613.31 6034.76 3615.15
26071-500-M6-059-00013 0.17698934674263 5877.70 3606.03 5925.80 3601.04 5935.50 3694.57 5887.40 3699.55
26071-500-M6-059-00013 0.1584482491016388 6120.76 3604.99 6169.10 3606.93 6165.44 3698.13 6117.10 3696.18
26071-500-M6-059-00013 0.1270092874765396 5561.87 3329.67 5653.02 3331.31 5652.17 3378.66 5561.02 3377.03
26071-500-M6-059-00013 0.10451440513134003 5560.98 2979.23 5651.73 2973.09 5654.94 3020.56 5564.19 3026.70
26071-500-M6-059-00044 0.9680625796318054 4724.26 3485.63 4852.66 3484.30 4852.99 3516.27 4724.59 3517.60
26071-500-M6-059-00044 0.9621447324752808 4978.65 3250.82 5011.10 3250.65 5011.78 3379.06 4979.33 3379.23
26071-500-M6-059-00044 0.8477599620819092 6955.72 1037.44 7082.72 1037.51 7082.70 1071.02 6955.70 1070.95
26071-500-M6-059-00044 0.24643337726593018 7041.79 954.38 7088.95 957.10 7083.59 1049.80 7036.44 1047.07
26071-500-M6-059-00044 0.14558088779449463 4727.54 3404.90 4772.99 3403.71 4775.52 3500.61 4730.07 3501.80
26071-500-M6-059-00044 0.06509360671043396 7600.14 3623.84 8150.07 3614.01 8151.14 3673.92 7601.21 3683.75
26071-500-M6-059-00044 0.06083621829748154 340.01 3635.77 910.25 3608.01 913.32 3671.07 343.08 3698.83
26071-500-M6-059-00044 0.06047847121953964 6800.78 696.92 6832.98 698.16 6828.53 813.73 6796.33 812.49
26071-200-M6-052-00093 0.9715517163276672 2019.67 2327.39 2147.79 2325.84 2148.18 2357.96 2020.06 2359.51
26071-200-M6-052-00093 0.9696589708328247 4451.02 3777.35 4579.82 3776.53 4580.03 3809.34 4451.23 3810.16
26071-200-M6-052-00093 0.9403245449066162 2019.13 2932.22 2149.31 2932.32 2149.28 2964.78 2019.10 2964.68
26071-200-M6-052-00093 0.9358790516853333 5407.56 3879.53 5541.49 3876.58 5542.20 3908.95 5408.28 3911.90
26071-200-M6-052-00093 0.35363802313804626 5414.51 3269.26 5543.99 3271.03 5543.53 3304.47 5414.06 3302.71
26071-200-M6-052-00093 0.05930168926715851 5174.56 5560.63 5219.63 5561.22 5218.36 5658.15 5173.30 5657.56
26071-200-M6-052-00002 0.9882223010063171 6744.26 5756.50 6874.22 5753.85 6874.87 5785.90 6744.91 5788.54
26071-200-M6-052-00002 0.9876042604446411 3082.85 5767.16 3212.96 5765.77 3213.30 5797.80 3083.19 5799.18
26071-200-M6-052-00002 0.9838407635688782 954.62 5838.12 1084.68 5837.97 1084.72 5870.20 954.65 5870.35
26071-200-M6-052-00002 0.2566763460636139 3153.42 5793.80 3201.99 5783.83 3219.84 5870.81 3171.28 5880.78
26071-200-M6-052-00002 0.20511792600154877 1033.45 5859.85 1079.21 5852.58 1094.14 5946.54 1048.39 5953.82
26071-200-M6-052-00002 0.1415020227432251 6820.42 5777.24 6867.11 5770.82 6879.76 5862.94 6833.08 5869.35
26071-200-M6-052-00002 0.09967392683029175 6851.34 1359.25 6944.46 1367.90 6940.17 1414.10 6847.05 1405.45
26071-200-M6-052-00002 0.06915973126888275 7720.98 6031.32 8265.90 6044.08 8264.41 6107.56 7719.49 6094.80
26071-200-M6-052-00002 0.06632135063409805 2909.87 5966.25 2942.17 5967.31 2938.00 6095.59 2905.70 6094.54
26071-200-M6-052-00002 0.06353705376386642 4264.57 3588.70 4394.27 3586.67 4394.78 3618.62 4265.07 3620.66
26071-200-M6-052-00002 0.062413230538368225 5505.64 5455.13 5597.34 5459.34 5595.18 5506.31 5503.48 5502.10
26071-200-M6-052-00002 0.05705815553665161 238.21 1897.99 780.64 1914.28 778.74 1977.31 236.32 1961.02
26071-750-M6-085-00012 0.9692028760910034 897.57 3415.38 1026.65 3414.51 1026.87 3447.28 897.79 3448.15
26071-750-M6-085-00012 0.95530766248703 3083.33 2523.85 3211.69 2524.81 3211.45 2557.23 3083.08 2556.27
26071-750-M6-085-00012 0.9515119194984436 4972.63 2344.78 5101.93 2345.46 5101.76 2377.90 4972.46 2377.22
26071-750-M6-085-00012 0.9507728219032288 7158.14 2345.75 7288.05 2345.30 7288.17 2378.00 7158.25 2378.44
26071-750-M6-085-00012 0.9281996488571167 3791.47 2191.63 3921.82 2192.93 3921.49 2225.31 3791.15 2224.00
26071-750-M6-085-00012 0.9147610068321228 5977.27 2191.53 6107.35 2193.08 6106.96 2225.43 5976.89 2223.88
26071-750-M6-085-00012 0.9020830392837524 838.23 4437.53 968.34 4438.35 968.14 4470.19 838.03 4469.37
26071-750-M6-085-00012 0.9012222290039062 1487.76 4436.68 1618.12 4438.28 1617.72 4471.02 1487.36 4469.41
26071-750-M6-085-00012 0.8166381120681763 7037.08 1428.50 7165.59 1426.11 7166.18 1458.14 7037.68 1460.53
26071-750-M6-085-00012 0.3288083076477051 3874.90 2217.28 3921.52 2217.34 3921.40 2308.21 3874.78 2308.15
26071-750-M6-085-00012 0.29677268862724304 6058.58 2217.86 6105.13 2216.26 6108.24 2306.48 6061.69 2308.08
26071-750-M6-085-00012 0.27512824535369873 914.56 4460.12 959.00 4450.82 978.11 4542.13 933.67 4551.43
26071-750-M6-085-00012 0.26683127880096436 7120.96 1346.23 7168.71 1344.94 7171.22 1437.84 7123.46 1439.13
26071-750-M6-085-00012 0.23309136927127838 7027.50 1504.34 7122.76 1507.50 7121.62 1542.06 7026.35 1538.90
26071-750-M6-085-00012 0.20389719307422638 7613.23 1327.33 7718.47 1333.44 7716.57 1366.24 7611.33 1360.13
26071-750-M6-085-00012 0.1996055245399475 7613.46 1541.24 7724.36 1543.72 7723.64 1576.20 7612.73 1573.72
26071-750-M6-085-00012 0.1599906086921692 5077.65 2594.53 5193.40 2593.65 5193.65 2626.59 5077.90 2627.47
26071-750-M6-085-00012 0.13642533123493195 7521.09 988.02 7553.34 989.59 7547.51 1109.64 7515.26 1108.07
26071-750-M6-085-00012 0.12991032004356384 3053.40 6417.48 3086.30 6418.07 3084.08 6541.77 3051.18 6541.18
26071-750-M6-085-00012 0.11818088591098785 981.33 3435.53 1027.96 3437.14 1024.76 3529.94 978.13 3528.33
26071-750-M6-085-00012 0.10634546726942062 1572.66 4459.83 1620.32 4462.56 1615.04 4554.74 1567.39 4552.01
26071-750-M6-085-00012 0.0977110043168068 1223.54 3589.95 1256.77 3590.46 1255.05 3703.31 1221.82 3702.80
26071-750-M6-085-00012 0.08687177300453186 3171.95 2450.02 3211.18 2450.71 3209.56 2542.29 3170.33 2541.60
26071-750-M6-085-00012 0.0839550718665123 6264.21 6661.30 6297.47 6660.44 6300.39 6773.40 6267.13 6774.26
26071-750-M6-085-00012 0.08283776789903641 3184.31 2772.45 3304.80 2772.55 3304.77 2805.30 3184.29 2805.20
26071-750-M6-085-00012 0.07242608815431595 338.61 959.04 890.05 959.66 889.98 1021.67 338.54 1021.05
26071-750-M6-085-00012 0.06950293481349945 988.99 3244.14 1023.03 3245.44 1018.79 3356.25 984.75 3354.95
26071-750-M6-085-00012 0.062331151217222214 7266.08 2582.76 7382.54 2602.71 7377.19 2633.98 7260.72 2614.02
26071-750-M6-085-00012 0.05645883083343506 3885.15 2138.93 3921.12 2144.23 3911.20 2211.52 3875.23 2206.22
26071-750-M6-085-00012 0.05233491212129593 6071.61 2141.03 6107.34 2147.06 6096.59 2210.74 6060.87 2204.71
26071-750-M6-085-00012 0.051614340394735336 358.11 1320.27 903.31 1312.66 904.17 1373.84 358.96 1381.45
26071-200-M6-062-00277 0.0555666908621788 352.15 1313.17 898.60 1312.36 898.70 1374.97 352.25 1375.78
26071-600-M6-065-00259 0.07095406949520111 7924.70 5613.81 8054.86 5612.40 8055.21 5644.61 7925.04 5646.01
26071-200-M6-052-00544 0.9895129799842834 1690.69 2656.67 1722.88 2655.99 1725.62 2786.49 1693.42 2787.16
26071-200-M6-052-00544 0.9878568649291992 1689.57 3482.98 1721.86 3482.90 1722.19 3613.48 1689.90 3613.56
26071-200-M6-052-00544 0.97352534532547 2056.44 3250.03 2088.83 3249.78 2089.85 3379.28 2057.45 3379.54
26071-200-M6-052-00544 0.39353781938552856 2081.20 3324.99 2173.03 3335.19 2167.90 3381.34 2076.07 3371.15
26071-200-M6-052-00544 0.22110600769519806 761.77 3961.10 793.84 3963.18 785.60 4090.32 753.53 4088.24
26071-200-M6-052-00544 0.21820738911628723 1607.70 2743.13 1698.61 2737.55 1701.51 2784.77 1610.60 2790.36
26071-200-M6-052-00544 0.19890308380126953 1711.44 2737.75 1806.94 2740.37 1805.67 2786.79 1710.16 2784.17
26071-200-M6-052-00544 0.11688872426748276 3346.86 2179.21 3379.28 2177.88 3384.87 2313.69 3352.44 2315.03
26071-200-M6-052-00544 0.10927102714776993 1608.07 3564.91 1700.46 3568.70 1698.55 3615.35 1606.16 3611.56
26071-200-M6-052-00544 0.10444776713848114 1712.20 3568.39 1803.19 3563.61 1805.66 3610.57 1714.67 3615.36
26071-600-M6-066-00003 0.07808763533830643 349.52 6039.29 891.05 6036.93 891.32 6100.30 349.80 6102.66
26071-600-M6-066-00003 0.07330958545207977 7598.46 2144.55 8142.96 2140.19 8143.45 2201.09 7598.95 2205.46
26071-600-M6-066-00003 0.06711916625499725 334.23 4857.74 888.70 4859.25 888.53 4921.16 334.06 4919.65
26071-600-M6-066-00003 0.06437590718269348 7597.06 1202.06 8139.29 1190.94 8140.56 1252.76 7598.33 1263.89
26071-600-M6-066-00003 0.06006494536995888 343.89 3921.76 894.84 3906.58 896.49 3966.54 345.54 3981.73
26071-750-M6-085-00309 0.053530238568782806 348.88 2496.31 897.52 2498.13 897.32 2558.15 348.68 2556.34
