26071-200-M6-052-00001 0.10050089657306671 2397.88 3355.25 2578.92 3391.16 2543.32 3570.70 2362.27 3534.79
26071-200-M6-052-00001 0.07803662866353989 2262.28 5783.55 2383.50 5780.13 2388.00 5939.87 2266.78 5943.28
26071-500-M6-059-00017 0.09510530531406403 2038.58 3780.86 2209.69 3707.69 2294.71 3906.53 2123.60 3979.69
26071-600-M6-066-00012 0.06506819278001785 7371.09 1767.60 7491.66 1757.69 7506.10 1933.34 7385.53 1943.26
26071-600-M6-066-00012 0.06173166260123253 7147.89 1583.08 7296.91 1607.69 7270.76 1766.03 7121.74 1741.42
26071-200-M6-052-00539 0.11009993404150009 3218.69 5382.71 3397.83 5402.76 3376.46 5593.77 3197.32 5573.72
26071-700-M6-054-00246 0.0605829656124115 5234.40 2605.35 5390.94 2608.89 5387.68 2753.43 5231.13 2749.89
26071-700-M6-054-00246 0.05653684213757515 4138.51 5469.11 4259.64 5474.47 4252.51 5635.60 4131.38 5630.24
26071-700-M6-054-00246 0.05125162750482559 4321.81 3217.30 4437.70 3219.30 4435.20 3363.95 4319.31 3361.94
26071-500-M6-059-00040 0.08960644900798798 3678.71 2331.37 3826.66 2328.56 3829.51 2479.10 3681.57 2481.91
26071-500-M6-059-00040 0.07931270450353622 3810.77 4992.81 3960.78 4975.56 3979.01 5134.15 3829.00 5151.39
26071-500-M6-059-00040 0.06958717107772827 2557.71 4971.96 2703.27 5023.88 2652.02 5167.56 2506.45 5115.63
26071-500-M6-059-00040 0.0668477863073349 3617.69 2839.39 3776.49 2823.37 3793.20 2989.04 3634.40 3005.06
26071-500-M6-059-00040 0.05551908537745476 2536.15 1312.32 2592.77 1309.21 2599.90 1439.18 2543.28 1442.29
26071-750-M6-085-00286 0.0828397125005722 4765.40 3242.37 4912.83 3224.97 4931.03 3379.24 4783.60 3396.63
26071-750-M6-085-00286 0.05583798140287399 3497.92 3354.51 3594.68 3345.02 3606.51 3465.64 3509.75 3475.13
26071-550-M6-084-00248 0.09406547248363495 1971.95 5075.90 2061.61 5088.27 2048.59 5182.70 1958.93 5170.33
26071-203-M6-332-00008 0.08746016025543213 1876.35 4553.13 2023.13 4553.58 2022.68 4702.28 1875.90 4701.83
26071-203-M6-332-00008 0.06380592286586761 6743.78 4546.16 6892.44 4560.52 6877.94 4710.69 6729.28 4696.34
26071-203-M6-332-00008 0.06061553582549095 4312.47 4548.70 4461.92 4560.99 4449.55 4711.45 4300.10 4699.17
26071-200-M6-052-00080 0.05437079444527626 7315.44 5181.30 7465.71 5170.65 7476.37 5321.08 7326.11 5331.74
26071-200-M6-052-00080 0.052007898688316345 2571.29 4806.71 2732.16 4825.03 2714.06 4983.98 2553.19 4965.66
26071-200-M6-052-00080 0.051865652203559875 4868.42 5206.41 4959.94 5205.40 4960.93 5294.27 4869.40 5295.28
26071-200-M6-052-00080 0.050735533237457275 3889.58 5171.91 4037.19 5164.05 4045.62 5322.47 3898.01 5330.32
26071-203-M6-321-00604 0.06660176068544388 7648.01 477.78 7824.79 504.18 7804.25 641.66 7627.47 615.25
26071-300-M6-053-00309 0.3171115517616272 5481.09 4672.14 5652.86 4697.24 5627.09 4873.61 5455.32 4848.51
26071-300-M6-053-00309 0.0657363086938858 5923.08 2042.53 6101.44 2019.81 6123.42 2192.31 5945.06 2215.03
26071-300-M6-053-00309 0.0597195141017437 3318.14 5225.00 3497.35 5188.40 3539.37 5394.15 3360.16 5430.75
26071-300-M6-053-00309 0.05705808103084564 3317.65 3090.48 3519.61 3068.73 3540.74 3264.94 3338.78 3286.69
26071-300-M6-053-00309 0.051759008318185806 5447.52 5783.16 5591.32 5728.17 5648.43 5877.54 5504.63 5932.52
26071-450-M6-082-00009 0.09112545102834702 3662.54 4510.86 3856.34 4496.57 3874.65 4744.77 3680.85 4759.06
26071-450-M6-082-00009 0.053276751190423965 6000.87 5432.16 6169.13 5464.43 6136.99 5632.00 5968.73 5599.73
26071-200-M6-052-00552 0.054635826498270035 4898.02 3161.45 5027.90 3163.56 5025.13 3333.81 4895.26 3331.70
26071-200-M6-052-00552 0.05120142921805382 5265.85 4299.63 5333.33 4316.54 5306.67 4422.92 5239.19 4406.01
26071-750-M6-085-00007 0.06936826556921005 1868.06 3144.12 2017.11 3177.16 1984.86 3322.65 1835.81 3289.61
26071-750-M6-085-00007 0.06503932923078537 2914.93 3167.96 3060.94 3155.16 3074.73 3312.34 2928.71 3325.14
26071-750-M6-085-00007 0.06386492401361465 3450.83 3164.12 3594.23 3161.79 3596.68 3312.17 3453.27 3314.50
26071-750-M6-085-00007 0.05790324509143829 1321.90 3168.61 1464.87 3156.02 1478.53 3311.01 1335.56 3323.60
26071-750-M6-085-00007 0.053086843341588974 2781.40 2622.97 2932.95 2617.46 2939.32 2792.48 2787.76 2797.99
26071-203-M6-064-00271 0.05666075646877289 1332.27 4790.83 1419.84 4784.55 1427.83 4895.87 1340.26 4902.15
26071-203-M6-337-00031 0.2671023905277252 5605.59 2089.21 5798.61 2098.90 5789.57 2279.28 5596.54 2269.59
26071-203-M6-337-00031 0.22657926380634308 5604.77 2503.95 5797.72 2516.49 5785.29 2707.71 5592.34 2695.17
26071-203-M6-337-00031 0.21985915303230286 5615.32 1747.62 5795.30 1756.51 5785.74 1950.05 5605.76 1941.16
26071-203-M6-337-00031 0.2136755883693695 5614.61 1095.43 5799.36 1121.09 5774.23 1301.98 5589.49 1276.32
26071-203-M6-337-00031 0.2037860006093979 5606.91 2856.02 5805.94 2883.15 5781.43 3062.92 5582.40 3035.78
26071-203-M6-337-00031 0.15284286439418793 5612.51 1407.58 5805.75 1415.03 5798.74 1596.84 5605.51 1589.39
26071-203-M6-337-00031 0.12131524831056595 4721.69 2368.98 5031.18 2365.27 5033.25 2537.48 4723.75 2541.19
26071-203-M6-337-00031 0.12114113569259644 6404.39 521.87 6589.84 522.60 6588.91 755.88 6403.46 755.14
26071-203-M6-337-00031 0.12028471380472183 6396.76 1165.04 6582.86 1147.93 6602.96 1366.58 6416.87 1383.69
26071-203-M6-337-00031 0.11552471667528152 4721.81 1618.85 5036.26 1614.93 5038.41 1787.84 4723.97 1791.77
26071-203-M6-337-00031 0.10566233843564987 4700.97 3122.84 5043.19 3118.63 5045.29 3288.90 4703.07 3293.12
26071-203-M6-337-00031 0.09112488478422165 4710.21 1979.28 5017.56 1984.75 5014.51 2156.49 4707.16 2151.03
26071-203-M6-337-00031 0.08962234109640121 2194.16 2522.64 2381.85 2520.78 2384.08 2745.97 2196.39 2747.83
26071-203-M6-337-00031 0.08763007074594498 4716.12 1256.40 5025.73 1275.23 5015.62 1441.50 4706.00 1422.67
26071-203-M6-337-00031 0.07982327044010162 5356.69 687.05 5480.60 614.68 5599.39 818.07 5475.47 890.44
26071-203-M6-337-00031 0.07785559445619583 4952.58 2213.66 5031.97 2226.43 5014.94 2332.31 4935.55 2319.54
26071-203-M6-337-00031 0.07175378501415253 4718.22 2756.28 5033.45 2775.83 5022.69 2949.32 4707.46 2929.77
26071-203-M6-337-00031 0.05696460232138634 4942.21 1825.29 5017.97 1826.98 5015.34 1944.63 4939.58 1942.94
26071-203-M6-337-00031 0.05464048683643341 2448.73 2706.35 2577.82 2697.02 2590.93 2878.27 2461.84 2887.61
26071-203-M6-337-00031 0.054491691291332245 4887.48 431.12 5045.87 461.80 5016.14 615.22 4857.76 584.53
26071-203-M6-337-00031 0.05414050444960594 3370.40 984.27 3524.41 967.17 3541.16 1118.07 3387.16 1135.16
26071-203-M6-337-00031 0.05371343344449997 3519.17 1293.37 3688.43 1265.46 3717.48 1441.62 3548.22 1469.53
26071-203-M6-337-00031 0.0526990182697773 3553.81 1629.33 3742.27 1620.71 3751.99 1833.29 3563.53 1841.90
26071-203-M6-337-00031 0.05153481662273407 4948.03 1105.59 5021.38 1111.63 5011.87 1227.16 4938.51 1221.11
26071-203-M6-332-00001 0.10945788770914078 4463.84 2449.22 4605.06 2455.43 4598.23 2610.60 4457.02 2604.39
26071-203-M6-332-00001 0.09645435959100723 4046.34 2445.43 4193.70 2466.05 4172.69 2616.25 4025.32 2595.64
26071-203-M6-332-00001 0.09431733936071396 6147.29 2445.49 6293.65 2466.43 6272.13 2616.87 6125.77 2595.93
26071-203-M6-332-00001 0.09176019579172134 4884.30 2446.03 5033.74 2462.96 5016.62 2614.05 4867.18 2597.11
26071-203-M6-332-00001 0.08893129974603653 5308.31 2444.07 5456.52 2466.29 5433.81 2617.78 5285.60 2595.56
26071-203-M6-332-00001 0.08878928422927856 3208.17 2443.54 3356.30 2466.23 3333.08 2617.75 3184.95 2595.06
26071-203-M6-332-00001 0.08609461784362793 3626.54 2444.91 3775.21 2463.47 3756.28 2615.07 3607.61 2596.51
26071-203-M6-332-00001 0.08605638146400452 5726.92 2445.97 5876.66 2465.81 5856.57 2617.39 5706.84 2597.56
26071-203-M6-332-00001 0.08188656717538834 2700.64 2157.90 2822.59 2159.56 2820.41 2319.83 2698.46 2318.17
26071-203-M6-332-00001 0.0695001482963562 5657.31 3043.33 5776.79 3035.06 5790.05 3226.53 5670.56 3234.80
26071-203-M6-332-00001 0.06909984350204468 3558.02 3043.63 3677.40 3035.89 3689.74 3226.19 3570.36 3233.93
26071-203-M6-332-00001 0.06694495677947998 7292.46 4231.71 7414.43 4232.79 7412.86 4409.32 7290.89 4408.23
26071-203-M6-332-00001 0.05924172326922417 4191.18 3069.45 4312.07 2993.03 4437.18 3190.93 4316.29 3267.36
26071-200-M6-052-00150 0.07065240293741226 1374.32 2393.58 1469.81 2406.94 1457.21 2497.08 1361.71 2483.72
26071-200-M6-052-00150 0.0648898258805275 4475.62 5336.29 4627.52 5328.29 4636.03 5489.85 4484.12 5497.85
26071-200-M6-052-00150 0.05527177080512047 3442.62 1878.24 3804.85 1873.95 3807.44 2092.43 3445.21 2096.73
26071-200-M6-052-00150 0.05202749744057655 5788.55 5340.72 5933.60 5357.64 5916.12 5507.49 5771.08 5490.58
26071-200-M6-052-00003 0.06713736802339554 3478.82 1888.42 3600.44 1885.76 3603.77 2038.18 3482.15 2040.83
26071-700-M6-054-00013 0.05817776918411255 5159.22 3414.82 5248.54 3436.70 5225.98 3528.80 5136.66 3506.93
26071-700-M6-054-00036 0.1201886460185051 4909.35 2059.42 5028.69 2054.33 5035.81 2221.24 4916.47 2226.33
26071-700-M6-054-00036 0.08230403065681458 4306.86 4905.62 4464.48 4931.51 4439.17 5085.66 4281.54 5059.78
26071-700-M6-054-00036 0.07413901388645172 4458.69 1552.70 4622.15 1534.62 4639.39 1690.47 4475.93 1708.55
26071-700-M6-054-00036 0.05931275710463524 6866.79 5503.51 6956.38 5510.72 6948.82 5604.73 6859.22 5597.52
26071-203-M6-320-00044 0.08290718495845795 5212.24 3277.39 5307.94 3287.88 5294.29 3412.49 5198.58 3402.01
26071-600-M6-065-00231 0.06863127648830414 7153.85 3929.76 7307.08 3886.39 7352.46 4046.74 7199.24 4090.11
26071-600-M6-065-00231 0.06581652164459229 6655.49 3911.81 6807.89 3922.87 6795.76 4090.11 6643.36 4079.05
26071-600-M6-065-00231 0.055242277681827545 6699.80 1907.51 6799.27 1904.97 6802.66 2037.67 6703.19 2040.21
26071-203-M6-320-00008 0.0728573203086853 4883.78 3390.68 5032.17 3406.12 5016.57 3556.01 4868.18 3540.57
26071-203-M6-320-00008 0.06448394060134888 2437.24 3485.65 2587.47 3478.70 2594.51 3630.93 2444.28 3637.88
26071-500-M6-059-00116 0.1238301619887352 6802.78 5174.46 6907.50 5183.93 6895.72 5314.22 6791.00 5304.75
26071-500-M6-059-00116 0.07437022775411606 5959.18 6160.24 6101.33 6177.32 6083.61 6324.79 5941.46 6307.70
26071-500-M6-059-00116 0.06496933847665787 3579.49 2404.79 3751.00 2412.31 3742.06 2616.18 3570.55 2608.66
26071-550-M6-084-00026 0.21306924521923065 2208.52 3289.47 2373.78 3316.67 2345.37 3489.24 2180.12 3462.04
26071-550-M6-084-00026 0.2107764184474945 4575.76 3296.70 4742.89 3314.07 4725.04 3485.74 4557.92 3468.36
26071-550-M6-084-00026 0.054966412484645844 4586.70 3841.01 4738.81 3827.18 4752.59 3978.80 4600.49 3992.63
26071-203-M6-337-00007 0.0597255676984787 2786.71 3692.11 2912.97 3693.15 2911.63 3855.18 2785.37 3854.14
26071-200-M6-052-00090 0.14380963146686554 6156.98 4013.87 6244.04 4027.24 6231.01 4112.13 6143.95 4098.76
26071-200-M6-052-00090 0.11600182950496674 3145.53 4013.39 3235.51 4024.33 3224.96 4111.11 3134.98 4100.17
26071-200-M6-052-00090 0.05864286050200462 4024.82 4772.97 4113.69 4800.42 4085.88 4890.49 3997.00 4863.04
26071-200-M6-052-00090 0.05666009709239006 3542.07 1583.16 3659.78 1579.44 3664.82 1738.84 3547.11 1742.57
26071-200-M6-052-00090 0.05395859107375145 5973.51 1580.10 6067.20 1588.17 6059.16 1681.50 5965.47 1673.44
26071-600-M6-065-00037 0.06308095157146454 1890.69 4587.46 2013.76 4585.70 2015.47 4705.26 1892.41 4707.03
26071-600-M6-065-00037 0.056218456476926804 5200.89 4587.39 5318.55 4593.04 5312.58 4717.46 5194.92 4711.81
26071-600-M6-065-00037 0.0537586584687233 1168.18 5434.95 1284.29 5425.69 1300.83 5633.09 1184.72 5642.35
26071-300-M6-053-00010 0.08900659531354904 7049.12 3127.16 7132.90 3134.78 7124.81 3223.77 7041.03 3216.16
26071-300-M6-053-00010 0.061854951083660126 6245.34 2605.63 6407.83 2572.08 6430.55 2682.11 6268.06 2715.66
26071-300-M6-053-00010 0.050468314439058304 3854.39 3037.33 4009.49 3003.63 4047.20 3177.16 3892.10 3210.86
26071-203-M6-320-00042 0.06741569936275482 5275.51 2798.89 5428.81 2819.69 5407.65 2975.67 5254.35 2954.87
26071-203-M6-320-00042 0.05447309836745262 3200.87 2868.10 3290.72 2887.79 3271.71 2974.55 3181.86 2954.86
26071-203-M6-160-00291 0.21676689386367798 2743.16 5305.44 2916.75 5295.62 2927.25 5481.37 2753.66 5491.19
26071-203-M6-160-00291 0.18661436438560486 5239.94 5300.58 5412.65 5291.10 5422.81 5476.37 5250.10 5485.84
26071-203-M6-160-00291 0.07336694002151489 2777.19 5892.50 2928.83 5919.52 2903.43 6062.02 2751.79 6035.00
26071-203-M6-160-00291 0.057399749755859375 5238.78 5908.73 5397.00 5898.55 5406.93 6052.86 5248.71 6063.05
26071-203-M6-160-00291 0.053515370935201645 3280.77 2233.58 3348.33 2244.92 3332.65 2338.27 3265.10 2326.92
26071-203-M6-160-00291 0.052914705127477646 2546.73 5101.56 2618.38 5099.28 2626.00 5338.89 2554.35 5341.17
26071-203-M6-160-00291 0.051820311695337296 6196.28 3240.28 6472.97 3254.76 6463.94 3427.23 6187.25 3412.75
26071-600-M6-066-00002 0.0718412846326828 4223.22 3734.55 4296.22 3736.78 4293.37 3830.01 4220.36 3827.78
26071-600-M6-066-00002 0.05474265664815903 4215.19 2715.53 4290.06 2714.19 4291.70 2805.29 4216.83 2806.64
26071-300-M6-053-00008 0.07167531549930573 2066.14 6294.27 2169.03 6288.30 2179.60 6470.29 2076.71 6476.26
26071-203-M6-060-00001 0.10151339322328568 3618.06 4607.34 3708.77 4609.07 3706.93 4705.84 3616.22 4704.11
26071-200-M6-063-00010 0.05779244750738144 4907.18 1896.14 4999.48 1889.78 5005.59 1978.35 4913.29 1984.72
26071-200-M6-063-00010 0.05105757340788841 2363.35 3970.10 2555.97 3969.71 2556.37 4166.57 2363.74 4166.96
26071-203-M6-060-00006 0.09741458296775818 3533.79 4259.85 3705.41 4184.71 3783.20 4362.40 3611.59 4437.54
26071-203-M6-060-00006 0.09036093950271606 2940.89 4276.35 3111.98 4180.23 3201.14 4338.92 3030.05 4435.04
26071-203-M6-060-00006 0.06439416110515594 6937.28 4669.26 7096.46 4695.29 7072.01 4844.84 6912.82 4818.81
26071-203-M6-060-00006 0.05739174038171768 6504.46 4678.06 6645.89 4687.93 6635.16 4841.69 6493.73 4831.82
26071-203-M6-325-00013 0.06381630897521973 1556.89 3978.95 1678.64 3979.26 1678.24 4139.62 1556.48 4139.31
26071-300-M6-053-00012 0.08381186425685883 3661.36 5973.97 3811.35 5970.18 3815.26 6124.91 3665.27 6128.70
26071-300-M6-053-00012 0.06764281541109085 5586.36 5955.07 5723.20 5990.00 5685.98 6135.83 5549.14 6100.90
26071-300-M6-053-00012 0.060231585055589676 6568.78 6448.91 6665.46 6449.16 6664.97 6640.97 6568.29 6640.73
26071-300-M6-053-00012 0.05852676182985306 5492.18 4844.95 5613.43 4842.68 5616.62 5012.56 5495.36 5014.83
26071-300-M6-053-00012 0.05813160911202431 3898.52 5680.91 4081.56 5644.26 4125.99 5866.08 3942.95 5902.74
26071-675-M6-068-00034 0.059956975281238556 3049.36 4880.59 3158.40 4881.42 3157.27 5029.88 3048.23 5029.05
26071-675-M6-068-00034 0.05652164667844772 3804.68 4877.61 3905.41 4879.29 3902.97 5025.53 3802.24 5023.85
26071-450-M6-082-00031 0.10938771814107895 5025.48 6091.81 5109.76 6072.08 5132.94 6171.12 5048.66 6190.85
26071-450-M6-082-00031 0.07849987596273422 4599.96 2652.62 4721.15 2644.27 4732.71 2812.11 4611.52 2820.46
26071-450-M6-082-00031 0.0657133087515831 3676.42 5168.29 3795.61 5164.51 3800.82 5328.69 3681.62 5332.47
26071-450-M6-082-00031 0.056340526789426804 5953.12 5145.81 6065.85 5130.34 6089.80 5304.96 5977.07 5320.43
26071-200-M6-062-00276 0.0808192566037178 3826.54 3694.24 3979.03 3688.41 3984.85 3840.73 3832.36 3846.57
26071-200-M6-062-00276 0.05766502767801285 3815.55 3486.47 3963.67 3454.87 3997.60 3613.88 3849.47 3645.48
26071-500-M6-059-00011 0.055445194244384766 4458.18 1557.74 4614.71 1526.02 4648.15 1691.07 4491.62 1722.79
26071-600-M6-065-00021 0.1105814054608345 6438.00 4509.90 6589.78 4535.83 6563.19 4691.49 6411.41 4665.56
26071-600-M6-065-00021 0.07722820341587067 2969.11 5375.18 3113.52 5384.67 3103.52 5536.74 2959.11 5527.24
26071-600-M6-065-00021 0.06258263438940048 2240.32 1459.67 2544.56 1506.13 2526.28 1625.83 2222.04 1579.37
26071-600-M6-065-00021 0.06246793270111084 2862.67 4011.96 2951.45 4020.20 2942.59 4115.53 2853.82 4107.28
26071-600-M6-065-00021 0.058931779116392136 4693.48 5385.23 4838.04 5361.97 4864.32 5525.24 4719.76 5548.51
26071-500-M6-059-00013 0.0675714910030365 5355.28 1718.95 5563.80 1788.20 5523.79 1908.66 5315.28 1839.40
26071-500-M6-059-00044 0.15237079560756683 2841.07 1951.65 2931.41 2021.08 2863.96 2108.84 2773.62 2039.42
26071-500-M6-059-00044 0.15022584795951843 1748.71 5039.49 1895.79 5041.13 1894.07 5195.86 1746.99 5194.22
26071-500-M6-059-00044 0.11609809845685959 3284.47 5039.87 3432.93 5039.68 3433.12 5191.97 3284.66 5192.15
26071-500-M6-059-00044 0.09870079159736633 5314.92 5044.29 5467.27 5033.34 5478.56 5190.31 5326.21 5201.27
26071-500-M6-059-00044 0.09755797684192657 1292.78 3591.38 1371.68 3635.77 1328.99 3711.63 1250.10 3667.24
26071-500-M6-059-00044 0.08733213692903519 6843.41 5067.06 6996.39 5026.41 7037.16 5179.81 6884.18 5220.46
26071-500-M6-059-00044 0.06600574404001236 3861.67 4325.14 3951.63 4317.15 3969.01 4512.74 3879.04 4520.73
26071-500-M6-059-00044 0.05764041095972061 5516.83 1189.94 5616.54 1184.05 5625.58 1337.14 5525.87 1343.03
26071-200-M6-052-00002 0.08900554478168488 2846.80 3122.77 2988.23 3088.47 3022.28 3228.92 2880.85 3263.22
26071-675-M6-068-10002 0.06737472862005234 4624.36 1838.70 4722.79 1841.62 4715.82 2076.86 4617.39 2073.94
26071-675-M6-068-10002 0.06142411753535271 5662.94 1880.95 5782.61 1926.70 5750.18 2011.51 5630.51 1965.76
26071-675-M6-068-10002 0.05194421857595444 4833.02 1927.59 4903.55 1871.11 4979.62 1966.11 4909.08 2022.59
26071-750-M6-085-00012 0.31021666526794434 1639.04 2043.20 1806.99 2066.03 1781.32 2254.79 1613.38 2231.96
26071-750-M6-085-00012 0.2293943464756012 752.88 2104.73 878.87 2180.07 800.87 2310.51 674.88 2235.16
26071-750-M6-085-00012 0.05867238715291023 2310.21 4293.72 2444.99 4286.88 2452.32 4431.43 2317.55 4438.27
26071-750-M6-085-00012 0.05450519174337387 7156.65 4495.46 7302.53 4487.13 7311.24 4639.74 7165.36 4648.07
26071-750-M6-085-00012 0.05261865258216858 3463.28 5160.91 3497.27 5162.04 3495.73 5208.04 3461.74 5206.91
26071-750-M6-085-00012 0.052529316395521164 3496.03 4300.09 3612.05 4299.26 3612.99 4430.68 3496.97 4431.52
26071-750-M6-085-00012 0.05076742172241211 5009.30 4290.13 5141.04 4292.45 5138.61 4430.04 5006.88 4427.71
26071-750-M6-085-00012 0.0506058894097805 7155.49 4078.61 7301.20 4061.04 7319.19 4210.34 7173.48 4227.90
26071-200-M6-052-00544 0.09113220870494843 4246.76 3551.19 4393.68 3567.72 4376.50 3720.31 4229.59 3703.78
26071-750-M6-085-00309 0.26858291029930115 2947.38 3616.31 3125.31 3613.16 3128.40 3787.60 2950.47 3790.76
26071-750-M6-085-00309 0.08079168200492859 3076.36 4377.81 3557.79 4376.76 3558.00 4475.01 3076.58 4476.06
