26071-200-M6-052-00001 0.08732883632183075 3793.66 3101.61 3947.93 3071.76 3978.25 3228.46 3823.98 3258.31
26071-200-M6-052-00001 0.06728582084178925 6659.12 1704.52 6812.74 1731.95 6784.65 1889.25 6631.03 1861.82
26071-200-M6-052-00001 0.06103190779685974 2922.43 2686.49 3082.18 2707.28 3063.85 2848.06 2904.10 2827.27
26071-200-M6-052-00001 0.054994478821754456 3110.35 3328.52 3286.45 3350.12 3260.70 3560.08 3084.60 3538.49
26071-500-M6-059-00017 0.13243421912193298 4374.27 1564.59 4502.17 1605.90 4459.17 1739.05 4331.27 1697.75
26071-500-M6-059-00017 0.1228976920247078 6379.95 1560.49 6512.19 1596.59 6475.63 1730.53 6343.39 1694.43
26071-500-M6-059-00017 0.08704923838376999 5368.77 3445.09 5512.67 3459.44 5498.35 3603.01 5354.45 3588.65
26071-500-M6-059-00017 0.08645433187484741 2080.23 4054.88 2229.92 4062.32 2222.20 4217.60 2072.51 4210.15
26071-500-M6-059-00017 0.08492949604988098 6377.30 3067.96 6509.24 3110.06 6461.69 3259.10 6329.75 3217.01
26071-500-M6-059-00017 0.07718043029308319 4518.45 3074.41 4663.63 3105.85 4632.69 3248.75 4487.50 3217.31
26071-500-M6-059-00017 0.07690397650003433 5736.88 4632.49 5889.46 4630.70 5891.26 4783.79 5738.68 4785.57
26071-500-M6-059-00017 0.06790876388549805 3393.30 4803.25 3540.42 4816.46 3525.98 4977.33 3378.86 4964.12
26071-500-M6-059-00017 0.06210726127028465 3694.77 3207.64 3844.30 3242.35 3810.50 3387.96 3660.97 3353.24
26071-600-M6-066-00012 0.09497857093811035 7150.91 1570.56 7294.47 1595.51 7265.64 1761.37 7122.08 1736.41
26071-600-M6-066-00012 0.07437026500701904 5614.83 3848.43 5766.57 3881.55 5733.24 4034.20 5581.50 4001.07
26071-600-M6-066-00012 0.05484594777226448 2416.55 1761.91 2548.52 1769.19 2539.43 1933.97 2407.46 1926.70
26071-200-M6-052-00539 0.17361392080783844 5181.00 6036.73 5331.70 6046.32 5321.53 6206.26 5170.83 6196.67
26071-200-M6-052-00539 0.0979754775762558 2763.84 4574.21 2915.28 4580.48 2908.85 4735.46 2757.42 4729.19
26071-200-M6-052-00539 0.09713444113731384 2761.13 4853.63 2912.51 4854.70 2911.42 5009.05 2760.04 5007.97
26071-200-M6-052-00539 0.08814634382724762 5207.96 4986.85 5300.11 4976.33 5305.43 5023.00 5213.28 5033.52
26071-200-M6-052-00539 0.08770956099033356 3935.47 5354.09 4110.35 5386.66 4070.26 5601.89 3895.38 5569.31
26071-200-M6-052-00539 0.07935865968465805 4773.68 5560.91 4923.24 5581.35 4902.47 5733.31 4752.91 5712.86
26071-200-M6-052-00539 0.07933036983013153 6889.90 5759.74 7038.77 5757.12 7041.50 5912.77 6892.63 5915.38
26071-200-M6-052-00539 0.07417348772287369 2374.88 1292.64 2512.98 1250.55 2564.70 1420.22 2426.60 1462.32
26071-200-M6-052-00539 0.07028043270111084 2995.00 4855.52 3143.49 4856.85 3142.11 5011.51 2993.62 5010.19
26071-200-M6-052-00539 0.05639101192355156 4596.33 4726.09 4746.62 4754.78 4719.47 4896.99 4569.18 4868.29
26071-200-M6-052-00539 0.05150238424539566 3455.25 1285.67 3604.89 1282.16 3608.41 1432.65 3458.78 1436.15
26071-200-M6-052-00539 0.05104491487145424 3352.58 3791.76 3504.00 3800.68 3495.03 3952.82 3343.62 3943.89
26071-500-M6-059-00248 0.0705973356962204 2165.55 1036.46 2320.78 1032.26 2324.97 1186.70 2169.73 1190.90
26071-500-M6-059-00248 0.06798270344734192 2661.57 5854.69 2819.19 5843.97 2829.01 5988.21 2671.38 5998.93
26071-500-M6-059-00248 0.06276258081197739 6064.29 4456.89 6218.95 4458.65 6217.16 4616.66 6062.49 4614.90
26071-500-M6-059-00248 0.06041133031249046 2184.53 2484.28 2335.45 2511.69 2307.77 2664.15 2156.85 2636.74
26071-500-M6-059-00248 0.059230901300907135 3198.63 3389.43 3342.39 3394.54 3337.09 3543.71 3193.33 3538.60
26071-500-M6-059-00248 0.05752764269709587 2176.78 1304.68 2330.78 1324.05 2311.63 1476.33 2157.63 1456.97
26071-500-M6-059-00248 0.0547214150428772 3845.49 2958.86 3988.37 2955.11 3992.37 3107.30 3849.49 3111.05
26071-203-M6-325-00012 0.06757745146751404 3269.06 2060.40 3424.59 2063.46 3420.80 2256.57 3265.27 2253.51
26071-203-M6-325-00012 0.06497132033109665 3265.83 4464.77 3428.20 4464.76 3428.22 4640.69 3265.85 4640.71
26071-203-M6-325-00012 0.06439769268035889 3269.94 5166.63 3434.84 5166.85 3434.61 5334.04 3269.71 5333.81
26071-203-M6-325-00012 0.05800624564290047 3973.19 1246.12 4121.78 1240.58 4127.43 1391.87 3978.84 1397.42
26071-203-M6-325-00012 0.05657397583127022 3091.18 1223.88 3245.10 1244.25 3225.50 1392.34 3071.59 1371.97
26071-203-M6-325-00012 0.054053112864494324 3265.16 1857.22 3431.08 1852.64 3435.69 2019.88 3269.78 2024.45
26071-203-M6-325-00012 0.05363961309194565 3090.26 5438.16 3241.30 5454.71 3224.39 5609.06 3073.35 5592.52
26071-203-M6-325-00012 0.05194612592458725 3290.55 3136.60 3441.71 3157.44 3421.76 3302.17 3270.60 3281.32
26071-700-M6-054-00246 0.05157892033457756 5250.17 2594.19 5412.60 2625.27 5385.09 2769.08 5222.65 2738.00
26071-500-M6-059-00040 0.13644851744174957 3677.18 2331.54 3828.66 2329.40 3830.77 2479.03 3679.29 2481.17
26071-500-M6-059-00040 0.1085534542798996 2488.01 4450.23 2636.95 4470.49 2617.19 4615.84 2468.24 4595.58
26071-500-M6-059-00040 0.09133656322956085 3780.63 4452.80 3932.53 4459.85 3925.24 4617.01 3773.33 4609.97
26071-500-M6-059-00040 0.08686996251344681 6958.87 2088.31 7102.47 2075.52 7117.92 2248.92 6974.32 2261.72
26071-500-M6-059-00040 0.07191163301467896 2539.63 2667.42 2685.58 2700.62 2647.70 2867.16 2501.74 2833.95
26071-500-M6-059-00040 0.0668627917766571 2288.11 1547.29 2446.46 1553.53 2440.33 1709.14 2281.98 1702.90
26071-500-M6-059-00040 0.05303080752491951 6342.15 2030.93 6503.19 2027.46 6506.62 2186.59 6345.58 2190.06
26071-500-M6-059-00040 0.052761029452085495 3953.04 2604.38 4105.94 2626.86 4083.33 2780.71 3930.43 2758.23
26071-500-M6-059-00040 0.052740421146154404 3943.75 3902.81 4103.76 3906.75 4100.06 4057.15 3940.05 4053.22
26071-203-M6-333-00010 0.07776536792516708 356.59 5605.40 882.71 5596.35 883.84 5661.88 357.72 5670.94
26071-203-M6-333-00010 0.07542987912893295 4565.30 286.24 4627.76 287.93 4613.19 829.05 4550.73 827.37
26071-203-M6-333-00010 0.06812392175197601 309.74 4222.06 835.83 4225.05 835.47 4288.58 309.38 4285.59
26071-203-M6-333-00010 0.056119654327631 2344.90 329.82 2406.12 331.03 2395.83 848.91 2334.61 847.70
26071-750-M6-085-00286 0.9906731247901917 2944.58 1279.04 3140.39 1258.87 3155.95 1409.97 2960.15 1430.14
26071-750-M6-085-00286 0.10830052942037582 4776.20 3229.44 4925.52 3241.97 4912.64 3395.46 4763.32 3382.93
26071-750-M6-085-00286 0.05748011916875839 3861.62 3254.37 4020.25 3249.30 4026.11 3432.56 3867.48 3437.64
26071-550-M6-084-00248 0.08122850209474564 5476.43 3440.79 5631.61 3447.55 5625.20 3594.65 5470.02 3587.89
26071-550-M6-084-00248 0.05755152553319931 3639.98 4272.56 3793.23 4263.09 3802.81 4418.06 3649.56 4427.53
26071-550-M6-084-00248 0.05330032855272293 3843.57 2476.48 3997.11 2471.02 4002.53 2623.18 3848.98 2628.65
26071-550-M6-084-00248 0.05146889016032219 4430.49 3993.78 4586.27 3959.93 4623.86 4132.90 4468.08 4166.75
26071-550-M6-084-00248 0.05057445541024208 5127.66 3977.97 5283.31 3929.73 5342.60 4121.03 5186.96 4169.27
26071-203-M6-332-00008 0.09765954315662384 1874.57 4552.59 2031.78 4558.94 2025.54 4713.67 1868.32 4707.32
26071-203-M6-332-00008 0.0964338555932045 7564.00 3287.99 7713.61 3298.77 7702.48 3453.18 7552.88 3442.40
26071-203-M6-332-00008 0.0766042098402977 1566.72 4554.44 1717.97 4550.41 1722.05 4703.49 1570.81 4707.53
26071-203-M6-332-00008 0.06370379775762558 1872.03 4941.98 2022.18 4941.42 2022.75 5094.02 1872.60 5094.58
26071-203-M6-332-00008 0.06090901792049408 6291.27 3325.75 6445.36 3357.30 6415.76 3501.92 6261.66 3470.37
26071-203-M6-332-00008 0.06014946475625038 2750.46 3285.55 2891.49 3308.74 2865.47 3467.06 2724.44 3443.87
26071-203-M6-332-00008 0.058303166180849075 4300.92 4557.67 4444.37 4552.66 4449.91 4711.37 4306.46 4716.38
26071-203-M6-332-00008 0.056435778737068176 6749.61 4542.81 6895.76 4563.60 6873.56 4719.64 6727.41 4698.85
26071-200-M6-052-00080 0.23685477674007416 5998.32 4818.03 6151.09 4822.88 6146.52 4966.87 5993.75 4962.02
26071-200-M6-052-00080 0.20056568086147308 2584.42 4803.61 2735.59 4831.78 2706.52 4987.76 2555.36 4959.60
26071-200-M6-052-00080 0.17130903899669647 3890.39 5170.51 4041.12 5169.60 4042.02 5319.30 3891.28 5320.20
26071-200-M6-052-00080 0.16969120502471924 7313.15 5171.09 7466.15 5166.12 7471.05 5316.56 7318.04 5321.54
26071-200-M6-052-00080 0.1232592761516571 5989.36 4616.80 6141.28 4622.12 6135.66 4782.66 5983.75 4777.35
26071-200-M6-052-00080 0.09800916165113449 2575.57 4609.40 2729.30 4629.72 2707.64 4793.54 2553.91 4773.21
26071-200-M6-052-00080 0.08736720681190491 3563.14 5461.89 3714.60 5444.70 3732.14 5599.13 3580.68 5616.33
26071-200-M6-052-00080 0.07538660615682602 3905.64 3356.81 4059.42 3381.62 4036.12 3526.01 3882.34 3501.20
26071-200-M6-052-00080 0.07090330123901367 6900.09 5163.25 7050.05 5193.52 7021.18 5336.57 6871.22 5306.31
26071-200-M6-052-00080 0.06992434710264206 3087.68 2163.96 3239.69 2179.38 3224.16 2332.48 3072.15 2317.05
26071-200-M6-052-00080 0.06587055325508118 3096.72 2327.63 3247.94 2354.96 3221.35 2502.05 3070.14 2474.73
26071-200-M6-052-00080 0.06547212600708008 3906.09 4167.65 4050.30 4186.80 4030.20 4338.18 3885.99 4319.03
26071-200-M6-052-00080 0.06351680308580399 3100.52 2484.12 3241.92 2508.37 3212.74 2678.50 3071.35 2654.25
26071-200-M6-052-00080 0.06334130465984344 6604.32 1889.87 6768.46 1888.88 6769.34 2033.46 6605.20 2034.45
26071-200-M6-052-00080 0.062413930892944336 3180.49 1886.61 3337.41 1886.38 3337.63 2036.20 3180.71 2036.43
26071-200-M6-052-00080 0.061090171337127686 7327.32 3364.04 7478.77 3374.63 7468.42 3522.75 7316.97 3512.16
26071-200-M6-052-00080 0.060611091554164886 6507.08 2794.29 6651.99 2762.28 6684.35 2908.77 6539.44 2940.78
26071-200-M6-052-00080 0.060319896787405014 3466.02 5165.51 3618.52 5174.30 3609.84 5324.99 3457.34 5316.20
26071-200-M6-052-00080 0.058884065598249435 2473.16 3835.24 2619.47 3848.47 2606.60 3990.78 2460.29 3977.55
26071-200-M6-052-00080 0.05293011665344238 3685.85 3859.94 3868.98 3878.25 3848.51 4082.97 3665.38 4064.66
26071-200-M6-052-00080 0.05280013754963875 3085.03 1757.64 3241.62 1770.71 3229.01 1921.77 3072.42 1908.71
26071-200-M6-052-00080 0.05260099843144417 7008.80 5445.37 7155.88 5458.66 7142.05 5611.65 6994.98 5598.36
26071-200-M6-052-00080 0.052169907838106155 3086.45 2020.43 3235.39 2023.68 3231.95 2181.07 3083.01 2177.82
26071-203-M6-321-00604 0.10603348165750504 6807.27 952.95 6958.46 950.63 6960.83 1104.81 6809.64 1107.13
26071-300-M6-053-00309 0.20271161198616028 5357.63 3036.44 5500.18 3027.22 5510.19 3182.06 5367.65 3191.27
26071-300-M6-053-00309 0.18023233115673065 2476.26 4440.57 2620.69 4467.07 2592.38 4621.34 2447.96 4594.85
26071-300-M6-053-00309 0.1646769940853119 2696.67 2447.03 2852.99 2459.80 2840.28 2615.43 2683.96 2602.66
26071-300-M6-053-00309 0.11300425976514816 5753.23 1486.69 5909.43 1477.51 5918.37 1629.51 5762.17 1638.70
26071-300-M6-053-00309 0.05903603136539459 4286.78 1915.42 4428.29 1903.88 4439.80 2044.85 4298.29 2056.40
26071-300-M6-053-00309 0.050102680921554565 4764.24 4567.57 4907.57 4588.13 4886.17 4737.27 4742.84 4716.71
26071-450-M6-082-00009 0.30995193123817444 5248.69 1851.05 5402.13 1871.02 5382.14 2024.66 5228.69 2004.69
26071-450-M6-082-00009 0.1716335117816925 5132.88 4442.15 5279.21 4464.99 5254.92 4620.66 5108.59 4597.83
26071-450-M6-082-00009 0.16579924523830414 910.92 5954.07 1056.93 5951.63 1059.72 6118.55 913.71 6120.99
26071-450-M6-082-00009 0.11970490962266922 2331.96 1885.62 2485.57 1886.96 2484.25 2039.40 2330.63 2038.07
26071-450-M6-082-00009 0.10848578810691833 6886.00 5394.58 7037.70 5400.91 7031.16 5557.82 6879.46 5551.49
26071-450-M6-082-00009 0.08916772156953812 2014.79 3257.27 2161.48 3254.51 2164.35 3406.51 2017.65 3409.27
26071-450-M6-082-00009 0.08427299559116364 5178.19 6066.36 5331.17 6071.48 5326.30 6217.10 5173.33 6211.98
26071-450-M6-082-00009 0.08037621527910233 4646.65 4678.39 4794.81 4676.71 4796.60 4834.26 4648.44 4835.94
26071-450-M6-082-00009 0.05863628163933754 4754.69 6069.19 4905.30 6064.18 4910.25 6213.02 4759.64 6218.03
26071-450-M6-082-00009 0.054624155163764954 5425.96 6090.51 5578.70 6091.87 5577.38 6240.33 5424.64 6238.97
26071-450-M6-082-00009 0.05203814432024956 919.55 6089.45 1060.61 6113.28 1033.28 6275.04 892.22 6251.21
26071-200-M6-052-00552 0.08188802003860474 4173.09 4859.03 4325.37 4855.06 4329.38 5009.01 4177.10 5012.98
26071-200-M6-052-00552 0.07374296337366104 4771.62 3786.94 4918.30 3800.30 4903.75 3960.08 4757.07 3946.72
26071-750-M6-085-00007 0.07386767119169235 3676.97 2915.22 3819.59 2948.08 3785.52 3096.02 3642.89 3063.17
26071-750-M6-085-00007 0.0651998445391655 6761.82 6060.86 6913.45 6056.62 6917.66 6207.38 6766.03 6211.62
26071-750-M6-085-00007 0.05221118777990341 3964.76 4411.93 4121.83 4424.19 4109.89 4577.23 3952.82 4564.98
26071-203-M6-064-00271 0.11966006457805634 1888.71 3410.63 2013.24 3409.67 2014.98 3633.70 1890.45 3634.66
26071-203-M6-064-00271 0.09740971773862839 4927.60 3714.47 5029.24 3720.50 5015.45 3953.02 4913.81 3946.99
26071-203-M6-064-00271 0.0932508334517479 6404.33 3427.18 6520.83 3427.38 6520.49 3628.52 6403.99 3628.33
26071-203-M6-064-00271 0.08344423025846481 5047.59 1468.42 5160.97 1442.32 5212.19 1664.91 5098.81 1691.00
26071-203-M6-064-00271 0.08323775976896286 4591.84 3723.89 4703.06 3725.47 4700.05 3938.01 4588.83 3936.44
26071-203-M6-064-00271 0.07083965837955475 5334.89 1462.35 5441.59 1431.48 5510.55 1669.84 5403.85 1700.70
26071-203-M6-064-00271 0.06773637235164642 3991.67 5841.00 4121.29 5839.44 4123.80 6047.33 3994.18 6048.89
26071-203-M6-064-00271 0.06600083410739899 4143.60 6155.16 4241.62 6137.19 4287.93 6389.76 4189.91 6407.73
26071-203-M6-064-00271 0.06313546001911163 4742.62 1468.95 4853.12 1438.79 4917.63 1675.16 4807.13 1705.32
26071-203-M6-064-00271 0.05884315073490143 5624.39 1458.42 5730.56 1421.08 5816.13 1664.36 5709.96 1701.71
26071-203-M6-064-00271 0.053480733186006546 3861.46 1465.62 3970.52 1442.90 4019.75 1679.23 3910.68 1701.95
26071-203-M6-064-00271 0.053226079791784286 4152.44 1466.81 4264.57 1441.04 4318.51 1675.85 4206.39 1701.61
26071-203-M6-064-00271 0.05242554843425751 4446.28 1468.22 4558.43 1439.87 4618.58 1677.82 4506.43 1706.17
26071-203-M6-064-00271 0.05197901651263237 2467.47 6156.61 2582.86 6155.03 2585.76 6366.45 2470.37 6368.03
26071-203-M6-337-00031 0.11481648683547974 3370.40 984.27 3524.41 967.17 3541.16 1118.07 3387.16 1135.16
26071-203-M6-337-00031 0.08242407441139221 4899.79 430.46 5031.01 439.46 5018.87 616.48 4887.64 607.48
26071-203-M6-337-00031 0.07932645827531815 2099.64 2391.94 2250.51 2399.44 2243.23 2546.14 2092.36 2538.65
26071-203-M6-337-00031 0.07786431908607483 3550.55 1630.25 3731.67 1610.53 3756.11 1834.96 3574.98 1854.68
26071-203-M6-337-00031 0.0703459233045578 2205.18 2538.54 2358.42 2567.22 2325.25 2744.42 2172.01 2715.73
26071-203-M6-337-00031 0.07027039676904678 4478.21 806.82 4634.25 794.33 4646.76 950.72 4490.73 963.21
26071-203-M6-337-00031 0.06800144165754318 5095.01 344.48 5241.76 364.94 5221.57 509.79 5074.81 489.34
26071-203-M6-337-00031 0.06640128046274185 3547.81 1290.91 3718.46 1265.33 3753.10 1496.43 3582.45 1522.01
26071-203-M6-337-00031 0.06312049180269241 7182.36 5245.59 7270.32 5267.85 7259.14 5312.04 7171.18 5289.77
26071-203-M6-337-00031 0.05208933725953102 6423.74 1154.71 6612.76 1177.53 6587.22 1389.08 6398.21 1366.26
26071-203-M6-332-00001 0.13353607058525085 3208.17 2443.54 3356.30 2466.23 3333.08 2617.75 3184.95 2595.06
26071-203-M6-332-00001 0.13351845741271973 4874.60 2451.05 5023.83 2456.38 5018.31 2611.08 4869.08 2605.75
26071-203-M6-332-00001 0.13134492933750153 4467.24 2443.62 4616.26 2464.68 4594.81 2616.42 4445.80 2595.36
26071-203-M6-332-00001 0.13104656338691711 5725.46 2445.25 5874.57 2462.56 5856.98 2614.11 5707.87 2596.80
26071-203-M6-332-00001 0.13022398948669434 3626.54 2444.91 3775.21 2463.47 3756.28 2615.07 3607.61 2596.51
26071-203-M6-332-00001 0.12468717247247696 5308.31 2444.07 5456.52 2466.29 5433.81 2617.78 5285.60 2595.56
26071-203-M6-332-00001 0.11891763657331467 4049.05 2444.89 4198.84 2467.70 4175.85 2618.72 4026.06 2595.92
26071-203-M6-332-00001 0.11792641878128052 6149.39 2445.04 6299.20 2467.95 6276.11 2618.93 6126.30 2596.02
26071-203-M6-332-00001 0.11775990575551987 2682.54 1363.10 2833.74 1365.10 2831.66 1522.51 2680.47 1520.51
26071-203-M6-332-00001 0.10307083278894424 6077.83 2822.36 6233.82 2830.12 6226.08 2985.49 6070.09 2977.73
26071-203-M6-332-00001 0.10145556926727295 3977.99 2821.92 4133.96 2829.87 4126.02 2985.59 3970.05 2977.64
26071-203-M6-332-00001 0.08808504045009613 4478.49 1531.94 4633.53 1556.81 4609.05 1709.40 4454.01 1684.52
26071-203-M6-332-00001 0.07159449905157089 1276.18 5138.20 1432.29 5145.44 1425.56 5290.42 1269.46 5283.18
26071-203-M6-332-00001 0.06784628331661224 2083.27 5644.56 2168.53 5641.55 2170.21 5689.15 2084.95 5692.16
26071-203-M6-332-00001 0.059418145567178726 7709.08 4839.24 8249.73 4866.30 8246.48 4931.31 7705.83 4904.24
26071-203-M6-332-00001 0.05899578705430031 4599.04 3007.59 4759.72 3035.53 4723.98 3241.09 4563.30 3213.15
26071-203-M6-332-00001 0.05166582018136978 4893.76 1536.21 5043.46 1555.09 5024.90 1702.33 4875.20 1683.46
26071-203-M6-079-00001 0.0735415667295456 4159.38 1758.29 4315.06 1753.54 4320.82 1942.56 4165.14 1947.31
26071-203-M6-079-00001 0.0734395682811737 4160.25 5657.16 4315.82 5653.10 4320.74 5841.64 4165.17 5845.70
26071-203-M6-079-00001 0.05233814939856529 4155.03 5366.63 4301.66 5352.58 4321.22 5556.88 4174.60 5570.92
26071-200-M6-052-00150 0.16279469430446625 2763.04 2847.08 2915.30 2849.01 2913.30 3006.99 2761.04 3005.06
26071-200-M6-052-00150 0.1283014416694641 5752.86 5871.77 5923.69 5862.72 5934.60 6068.70 5763.77 6077.75
26071-200-M6-052-00150 0.10730084031820297 4465.14 5856.69 4646.51 5858.19 4644.75 6070.71 4463.38 6069.21
26071-200-M6-052-00150 0.10668623447418213 6278.28 5578.58 6426.06 5603.39 6401.33 5750.66 6253.55 5725.85
26071-200-M6-052-00150 0.09660371392965317 2171.60 1468.77 2323.39 1476.41 2315.76 1627.80 2163.97 1620.15
26071-200-M6-052-00150 0.09455901384353638 6269.09 4495.31 6425.24 4508.06 6412.83 4659.89 6256.69 4647.13
26071-200-M6-052-00150 0.08938900381326675 5784.06 5341.02 5934.19 5346.37 5928.80 5497.66 5778.66 5492.31
26071-200-M6-052-00150 0.07983797043561935 996.54 1660.17 1146.18 1684.68 1122.05 1831.94 972.42 1807.42
26071-200-M6-052-00150 0.07473224401473999 4176.22 2843.22 4330.00 2864.67 4309.01 3015.22 4155.22 2993.77
26071-200-M6-052-00150 0.0662086084485054 5782.21 5067.97 5934.82 5079.19 5924.13 5224.55 5771.53 5213.33
26071-200-M6-052-00150 0.06389753520488739 6882.40 4469.31 7028.86 4464.98 7034.69 4662.14 6888.24 4666.47
26071-200-M6-052-00150 0.0632554218173027 2158.84 1075.19 2317.14 1065.59 2326.31 1216.96 2168.01 1226.56
26071-200-M6-052-00150 0.062416233122348785 7281.40 4554.77 7429.74 4549.23 7435.46 4702.17 7287.12 4707.71
26071-200-M6-052-00150 0.05716077610850334 2409.89 3985.56 2560.86 3996.22 2550.45 4143.58 2399.49 4132.92
26071-200-M6-052-00150 0.05456496402621269 3974.76 1457.54 4122.76 1459.07 4121.17 1612.67 3973.17 1611.14
26071-200-M6-052-00150 0.05056590586900711 3519.00 2965.24 3722.59 2909.83 3791.81 3164.20 3588.22 3219.61
26071-200-M6-052-00003 0.15171758830547333 3280.83 4742.14 3427.04 4761.33 3408.16 4905.12 3261.95 4885.93
26071-200-M6-052-00003 0.12087319046258926 5126.11 5210.32 5276.42 5227.38 5258.77 5382.88 5108.46 5365.82
26071-200-M6-052-00003 0.07499440014362335 4183.72 2906.41 4336.02 2929.62 4313.31 3078.66 4161.01 3055.46
26071-200-M6-052-00003 0.06702490895986557 5675.03 2796.31 5822.16 2795.75 5822.74 2947.01 5675.61 2947.57
26071-200-M6-052-00003 0.06496814638376236 4180.70 3147.07 4334.50 3165.51 4316.52 3315.38 4162.73 3296.94
26071-200-M6-052-00003 0.06282009184360504 3760.01 4771.45 3898.50 4762.25 3908.31 4909.92 3769.82 4919.12
26071-200-M6-052-00003 0.05713406577706337 5960.44 4168.55 6113.29 4194.76 6088.91 4336.94 5936.06 4310.74
26071-200-M6-052-00003 0.05215072259306908 2522.21 4166.58 2674.79 4173.90 2667.66 4322.49 2515.09 4315.17
26071-700-M6-054-00013 0.07118833810091019 3715.30 5170.40 3864.53 5167.12 3867.92 5321.40 3718.69 5324.68
26071-700-M6-054-00013 0.066628098487854 5289.89 5173.41 5432.27 5169.41 5436.46 5318.68 5294.08 5322.68
26071-700-M6-054-00036 0.9798493385314941 4591.89 4694.15 4742.35 4699.43 4735.60 4891.62 4585.14 4886.34
26071-700-M6-054-00036 0.08079767227172852 4458.69 1552.70 4622.15 1534.62 4639.39 1690.47 4475.93 1708.55
26071-700-M6-054-00036 0.08034645766019821 4298.55 4917.76 4434.63 4921.38 4430.50 5076.82 4294.42 5073.21
26071-700-M6-054-00036 0.051329053938388824 4251.24 2138.88 4377.76 2144.65 4370.52 2303.10 4244.00 2297.32
26071-600-M6-065-00231 0.0791349709033966 7182.00 3904.98 7330.36 3916.76 7318.36 4067.77 7170.01 4055.99
26071-600-M6-065-00231 0.06530202180147171 4160.23 4458.63 4316.66 4459.79 4315.25 4649.70 4158.82 4648.54
26071-500-M6-059-00071 0.07601682841777802 5689.22 3675.88 5841.91 3691.38 5826.81 3840.18 5674.11 3824.68
26071-500-M6-059-00071 0.06858213245868683 4194.02 3706.49 4341.66 3738.99 4309.41 3885.49 4161.77 3852.99
26071-500-M6-059-00071 0.06852052360773087 6263.06 2467.15 6411.54 2478.33 6399.63 2636.44 6251.15 2625.25
26071-500-M6-059-00071 0.06080501899123192 7427.22 3363.71 7574.58 3362.13 7576.19 3512.66 7428.83 3514.23
26071-500-M6-059-00071 0.054305315017700195 891.73 5167.00 1035.94 5196.15 1005.54 5346.56 861.32 5317.41
26071-500-M6-059-00071 0.053592748939991 4118.08 1870.64 4268.85 1874.60 4264.94 2023.67 4114.16 2019.71
26071-500-M6-059-00071 0.05157020688056946 4329.39 1871.60 4480.98 1871.30 4481.27 2021.01 4329.68 2021.30
26071-500-M6-059-00071 0.05155307799577713 7253.64 3316.26 7407.32 3329.94 7393.91 3480.59 7240.22 3466.91
26071-203-M6-320-00008 0.07661212235689163 4874.82 3394.45 5026.79 3399.70 5021.63 3549.21 4869.65 3543.96
26071-203-M6-320-00008 0.07152488827705383 4181.99 3898.85 4342.77 3925.10 4318.65 4072.80 4157.88 4046.54
26071-203-M6-320-00008 0.06461122632026672 4688.42 968.46 4831.96 965.30 4835.26 1114.98 4691.72 1118.14
26071-203-M6-320-00008 0.05829780921339989 2431.82 4176.97 2613.48 4145.81 2650.94 4364.24 2469.29 4395.39
26071-203-M6-320-00008 0.052713923156261444 4868.58 3863.74 5013.58 3859.99 5019.38 4083.74 4874.38 4087.50
26071-500-M6-059-00116 0.9904946088790894 6605.53 2341.67 6803.04 2322.78 6817.40 2472.95 6619.89 2491.84
26071-500-M6-059-00116 0.981410562992096 3588.96 2404.69 3734.61 2407.75 3730.40 2608.20 3584.75 2605.14
26071-500-M6-059-00116 0.06690715998411179 3284.17 4605.84 3330.54 4604.99 3332.22 4696.61 3285.86 4697.46
26071-500-M6-059-00116 0.06421799212694168 5971.38 6158.87 6116.07 6200.72 6075.94 6339.44 5931.25 6297.58
26071-500-M6-059-00116 0.05481767654418945 4446.04 3082.92 4594.84 3075.48 4602.24 3223.35 4453.43 3230.79
26071-550-M6-084-00026 0.06884054094552994 4589.00 3831.90 4744.04 3838.52 4737.47 3992.14 4582.44 3985.52
26071-550-M6-084-00026 0.05053405091166496 4549.99 3328.46 4713.63 3300.42 4739.93 3453.89 4576.29 3481.93
26071-203-M6-337-00007 0.05940395966172218 5376.07 5164.17 5537.52 5190.01 5513.25 5341.62 5351.81 5315.79
26071-203-M6-337-00007 0.05057351663708687 3065.50 2578.68 3214.63 2585.93 3207.30 2736.71 3058.16 2729.45
26071-200-M6-052-00090 0.18542228639125824 2227.90 4154.20 2381.88 4170.92 2365.50 4321.67 2211.52 4304.94
26071-200-M6-052-00090 0.1654527187347412 5246.04 4152.02 5396.47 4178.17 5369.87 4331.26 5219.44 4305.12
26071-200-M6-052-00090 0.12180411070585251 953.94 4557.41 1105.45 4562.12 1100.58 4718.71 949.08 4714.00
26071-200-M6-052-00090 0.11756783723831177 3003.20 1579.31 3155.94 1576.23 3158.98 1726.92 3006.24 1730.00
26071-200-M6-052-00090 0.11202159523963928 5228.42 3974.15 5372.72 3989.97 5356.85 4134.69 5212.56 4118.87
26071-200-M6-052-00090 0.10638929903507233 5070.61 3437.67 5211.44 3425.98 5222.92 3564.28 5082.09 3575.97
26071-200-M6-052-00090 0.1056157723069191 2263.52 4561.23 2417.03 4564.39 2413.86 4718.53 2260.35 4715.37
26071-200-M6-052-00090 0.10547023266553879 5474.64 4544.54 5616.58 4577.52 5582.52 4724.12 5440.58 4691.14
26071-200-M6-052-00090 0.10062943398952484 2070.56 3435.03 2213.02 3423.53 2224.50 3565.79 2082.05 3577.29
26071-200-M6-052-00090 0.0930548906326294 5769.47 2366.78 5905.54 2380.42 5890.38 2531.76 5754.31 2518.12
26071-200-M6-052-00090 0.09240725636482239 3878.85 2280.68 4026.51 2300.71 4006.73 2446.53 3859.07 2426.50
26071-200-M6-052-00090 0.08689364790916443 3982.70 4554.10 4132.55 4576.29 4109.70 4730.57 3959.85 4708.38
26071-200-M6-052-00090 0.08463176339864731 2666.86 2050.74 2819.03 2038.45 2833.93 2223.08 2681.76 2235.36
26071-200-M6-052-00090 0.0841364860534668 5470.57 1301.40 5622.43 1306.92 5616.90 1458.99 5465.03 1453.47
26071-200-M6-052-00090 0.08405175060033798 5747.89 1550.30 5895.64 1550.89 5895.00 1711.32 5747.25 1710.73
26071-200-M6-052-00090 0.0813615545630455 2680.66 1575.07 2842.65 1583.28 2835.24 1729.44 2673.25 1721.23
26071-200-M6-052-00090 0.07837800681591034 3872.59 2554.79 4027.31 2582.90 4000.74 2729.15 3846.02 2701.04
26071-200-M6-052-00090 0.07192624360322952 2472.07 4544.79 2606.57 4580.09 2569.18 4722.50 2434.69 4687.19
26071-200-M6-052-00090 0.07032512128353119 6349.24 3435.71 6512.40 3455.88 6485.54 3673.14 6322.38 3652.96
26071-200-M6-052-00090 0.06809835880994797 2746.22 2347.83 2894.66 2349.36 2893.12 2498.93 2744.68 2497.40
26071-200-M6-052-00090 0.06694477051496506 5764.67 2113.67 5904.07 2139.95 5875.70 2290.42 5736.30 2264.13
26071-200-M6-052-00090 0.06351793557405472 2683.85 1344.79 2840.27 1365.76 2821.17 1508.32 2664.74 1487.35
26071-200-M6-052-00090 0.059124868363142014 6922.32 3960.69 7069.23 3967.68 7061.92 4121.01 6915.02 4114.01
26071-200-M6-052-00090 0.058239080011844635 2216.93 3971.24 2362.43 3986.35 2346.86 4136.38 2201.35 4121.27
26071-200-M6-052-00090 0.05820978805422783 6174.88 5165.60 6324.43 5167.98 6322.08 5315.51 6172.53 5313.12
26071-203-M6-320-00061 0.9851486682891846 914.66 4006.97 1108.08 3995.98 1116.96 4152.37 923.55 4163.35
26071-203-M6-320-00061 0.980655312538147 925.39 3676.43 1124.65 3669.14 1130.05 3816.39 930.78 3823.68
26071-203-M6-320-00061 0.0616641528904438 794.88 3481.74 937.65 3497.24 920.49 3655.32 777.72 3639.82
26071-203-M6-320-00061 0.05606013536453247 789.61 3805.84 934.41 3831.84 907.58 3981.28 762.77 3955.28
26071-600-M6-065-00037 0.08238080888986588 7495.92 5059.87 7643.72 5060.06 7643.52 5211.60 7495.72 5211.40
26071-600-M6-065-00037 0.08000950515270233 4168.29 6246.88 4320.83 6239.24 4328.20 6386.54 4175.67 6394.18
26071-600-M6-065-00037 0.07995147258043289 7322.75 2447.56 7467.57 2459.70 7454.62 2614.33 7309.80 2602.20
26071-600-M6-065-00037 0.07125601172447205 6359.35 3029.21 6513.77 3035.45 6507.65 3186.93 6353.23 3180.69
26071-600-M6-065-00037 0.06760718673467636 2446.12 2949.34 2601.97 2939.29 2612.04 3095.48 2456.19 3105.53
26071-600-M6-065-00037 0.06211547181010246 1168.18 5434.95 1284.29 5425.69 1300.83 5633.09 1184.72 5642.35
26071-600-M6-065-00037 0.05243304744362831 4471.26 5450.09 4594.20 5437.24 4614.53 5631.72 4491.59 5644.57
26071-600-M6-065-00037 0.0523969903588295 2492.19 2150.09 2637.31 2159.00 2628.13 2308.59 2483.00 2299.68
26071-300-M6-053-00010 0.08338466286659241 2186.69 5088.14 2307.69 5089.45 2305.42 5298.83 2184.42 5297.52
26071-300-M6-053-00010 0.07253863662481308 3572.45 2356.75 3735.92 2364.23 3727.59 2546.51 3564.12 2539.03
26071-300-M6-053-00010 0.07189761102199554 1910.53 4311.63 2052.20 4336.29 2018.46 4530.11 1876.79 4505.46
26071-300-M6-053-00010 0.062070995569229126 1580.93 3628.77 1737.08 3640.13 1725.96 3792.88 1569.82 3781.51
26071-300-M6-053-00010 0.06142305210232735 4559.53 2451.30 4709.67 2454.21 4706.74 2605.40 4556.61 2602.49
26071-203-M6-320-00042 0.987431526184082 6335.89 2046.75 6528.13 2044.89 6529.62 2199.94 6337.38 2201.80
26071-203-M6-320-00042 0.06417780369520187 3974.00 3053.85 4122.01 3081.75 4093.67 3232.05 3945.66 3204.14
26071-200-M6-052-00540 0.06881597638130188 2725.54 5284.35 2791.73 5288.77 2763.10 5717.45 2696.91 5713.03
26071-200-M6-052-00540 0.06120627000927925 4831.07 5281.81 4896.02 5286.28 4866.70 5712.21 4801.75 5707.74
26071-200-M6-052-00540 0.059094078838825226 7211.66 5282.90 7275.97 5285.89 7256.19 5710.40 7191.88 5707.41
26071-200-M6-052-00540 0.05764072760939598 1535.98 5283.96 1602.88 5289.31 1568.61 5717.06 1501.72 5711.71
26071-200-M6-052-00540 0.05407325550913811 5410.74 5289.78 5476.32 5295.08 5442.22 5717.31 5376.64 5712.01
26071-200-M6-052-00540 0.05298391729593277 4621.27 5309.09 4690.89 5306.95 4702.71 5691.74 4633.09 5693.88
26071-200-M6-052-00540 0.05226387456059456 1329.25 5306.58 1397.47 5306.16 1399.83 5683.81 1331.61 5684.24
26071-203-M6-160-00291 0.09574819356203079 4286.63 3024.76 4438.10 3055.94 4407.33 3205.43 4255.86 3174.25
26071-203-M6-160-00291 0.08245942741632462 3149.29 2434.01 3289.34 2467.04 3253.19 2620.32 3113.14 2587.29
26071-203-M6-160-00291 0.07759161293506622 2185.25 3335.02 2334.31 3361.21 2308.29 3509.28 2159.23 3483.08
26071-203-M6-160-00291 0.07387633621692657 1273.89 1188.51 1432.13 1190.51 1430.26 1338.56 1272.01 1336.56
26071-203-M6-160-00291 0.07299094647169113 3355.38 5078.91 3509.84 5069.14 3520.57 5238.65 3366.11 5248.42
26071-203-M6-160-00291 0.0638231709599495 2979.02 3504.62 3734.79 3514.84 3731.45 3762.52 2975.68 3752.30
26071-203-M6-160-00291 0.06013733521103859 2768.29 5887.85 2923.43 5908.44 2903.29 6060.15 2748.15 6039.56
26071-203-M6-160-00291 0.05816933512687683 1873.85 1289.83 2025.82 1292.77 2023.06 1435.37 1871.09 1432.43
26071-203-M6-160-00291 0.05754253640770912 4741.13 5148.14 4903.90 5136.66 4916.66 5317.61 4753.89 5329.09
26071-203-M6-160-00291 0.05566364899277687 1869.29 2058.57 2020.07 2054.40 2024.10 2200.25 1873.32 2204.42
26071-203-M6-160-00291 0.05388738587498665 1560.60 2930.58 1707.99 2915.68 1723.50 3069.11 1576.12 3084.01
26071-600-M6-066-00002 0.09424185007810593 6672.86 3349.00 6818.43 3372.04 6794.07 3525.97 6648.50 3502.93
26071-600-M6-066-00002 0.05823119357228279 4230.32 2478.12 4391.92 2425.86 4450.22 2606.18 4288.63 2658.43
26071-300-M6-053-00008 0.34651750326156616 5505.24 1177.00 5645.09 1219.19 5595.31 1384.18 5455.46 1341.99
26071-300-M6-053-00008 0.061734847724437714 4870.62 662.78 5014.64 675.71 5001.42 822.82 4857.40 809.88
26071-300-M6-053-00008 0.06097905710339546 4467.16 2365.16 4623.80 2363.11 4626.23 2549.03 4469.59 2551.08
26071-300-M6-053-00008 0.05878012627363205 5696.15 5276.00 5838.43 5323.52 5791.44 5464.23 5649.15 5416.71
26071-300-M6-053-00008 0.05614308640360832 4554.51 4267.20 4709.81 4301.15 4677.76 4447.74 4522.47 4413.79
26071-300-M6-053-00008 0.05613851174712181 4179.71 1231.13 4337.38 1251.69 4317.47 1404.33 4159.80 1383.77
26071-203-M6-060-00001 0.07934104651212692 4304.92 1152.39 4455.42 1169.17 4438.83 1318.02 4288.33 1301.25
26071-203-M6-060-00001 0.06235954537987709 2756.55 1170.44 2909.37 1166.16 2913.70 1320.67 2760.88 1324.95
26071-203-M6-060-00001 0.05606292933225632 2752.33 5059.92 2908.43 5063.30 2905.10 5216.95 2749.01 5213.57
26071-203-M6-060-00001 0.051394909620285034 2771.58 2249.28 2921.99 2268.94 2901.58 2425.10 2751.17 2405.44
26071-200-M6-063-00010 0.06582950800657272 4288.59 2230.37 4442.36 2256.53 4418.86 2394.63 4265.09 2368.47
26071-200-M6-063-00010 0.06484360247850418 5069.34 1724.37 5221.14 1717.75 5227.69 1867.99 5075.89 1874.61
26071-200-M6-063-00010 0.05968375504016876 3379.68 5428.09 3521.39 5475.45 3470.82 5626.76 3329.11 5579.40
26071-200-M6-063-00010 0.05237903445959091 6393.65 1776.08 6522.70 1715.29 6602.88 1885.50 6473.84 1946.29
26071-200-M6-063-00010 0.0520097017288208 6034.29 1784.80 6154.95 1706.43 6269.12 1882.22 6148.45 1960.59
26071-203-M6-060-00006 0.1413181722164154 2169.90 4760.27 2316.45 4783.99 2292.37 4932.76 2145.82 4909.04
26071-203-M6-060-00006 0.08975448459386826 4192.08 4766.99 4339.67 4794.30 4313.41 4936.19 4165.83 4908.88
26071-203-M6-060-00006 0.08116574585437775 7192.74 4443.20 7344.58 4457.25 7331.07 4603.35 7179.22 4589.30
26071-203-M6-060-00006 0.0706331804394722 3647.51 5448.67 3795.99 5448.68 3795.99 5608.14 3647.50 5608.14
26071-203-M6-060-00006 0.06992731988430023 1343.30 4233.39 1488.13 4247.86 1472.91 4400.19 1328.07 4385.71
26071-203-M6-060-00006 0.0683731809258461 2963.62 2977.04 3114.77 2989.24 3102.82 3137.29 2951.67 3125.09
26071-203-M6-060-00006 0.059637609869241714 2954.16 3336.93 3107.21 3336.47 3107.69 3492.90 2954.63 3493.36
26071-203-M6-060-00006 0.05216400325298309 2670.44 5459.10 2834.10 5453.80 2839.52 5621.38 2675.85 5626.67
26071-203-M6-325-00013 0.9917775392532349 6034.96 2449.70 6232.56 2423.36 6252.95 2576.27 6055.34 2602.62
26071-203-M6-325-00013 0.9917552471160889 6062.03 1846.45 6260.37 1826.92 6275.19 1977.39 6076.85 1996.93
26071-300-M6-053-00012 0.1607581526041031 6095.19 1491.19 6242.50 1520.08 6213.75 1666.66 6066.44 1637.77
26071-300-M6-053-00012 0.09704551100730896 3661.36 5973.97 3811.35 5970.18 3815.26 6124.91 3665.27 6128.70
26071-300-M6-053-00012 0.09560073912143707 3898.52 5680.91 4081.56 5644.26 4125.99 5866.08 3942.95 5902.74
26071-300-M6-053-00012 0.09366419166326523 2762.04 4854.24 2912.14 4854.16 2912.23 5008.01 2762.13 5008.09
26071-300-M6-053-00012 0.08572695404291153 5325.53 3882.91 5480.69 3914.57 5450.73 4061.43 5295.56 4029.77
26071-300-M6-053-00012 0.06515410542488098 4871.07 4764.41 4972.49 4733.71 5042.03 4963.44 4940.61 4994.14
26071-300-M6-053-00012 0.05951885133981705 6947.05 1431.19 7099.05 1421.23 7109.46 1579.97 6957.46 1589.93
26071-300-M6-053-00012 0.055471014231443405 3289.03 5464.93 3439.09 5499.76 3406.86 5638.63 3256.79 5603.80
26071-300-M6-053-00012 0.05238497629761696 3882.42 3623.61 4037.88 3643.19 4019.13 3792.03 3863.67 3772.44
26071-300-M6-053-00012 0.05009094998240471 5154.01 5488.35 5306.63 5477.49 5316.62 5617.98 5164.00 5628.83
26071-450-M6-082-00221 0.06737291067838669 352.65 4980.50 895.18 4970.57 896.34 5033.96 353.81 5043.89
26071-675-M6-068-00034 0.0658344104886055 6372.67 1820.90 6523.37 1821.34 6522.92 1974.14 6372.21 1973.70
26071-450-M6-082-00031 0.08374964445829391 3722.49 6217.99 3862.58 6250.24 3826.91 6405.15 3686.82 6372.89
26071-450-M6-082-00031 0.08134017139673233 2992.43 1567.40 3127.52 1580.72 3113.05 1727.53 2977.95 1714.21
26071-450-M6-082-00031 0.08132143318653107 3259.22 2661.82 3422.82 2661.45 3423.24 2844.38 3259.64 2844.76
26071-450-M6-082-00031 0.07205532491207123 2780.63 4213.69 2932.95 4228.06 2918.89 4377.13 2766.57 4362.77
26071-450-M6-082-00031 0.06571532785892487 3281.14 2445.25 3432.77 2461.94 3415.55 2618.42 3263.91 2601.73
26071-450-M6-082-00031 0.06329503655433655 4280.70 1875.37 4429.27 1867.64 4437.13 2018.71 4288.57 2026.44
26071-450-M6-082-00031 0.05774809792637825 2988.82 2654.65 3137.85 2658.96 3132.38 2848.15 2983.36 2843.84
26071-200-M6-062-00276 0.15300020575523376 4763.78 3041.49 4910.03 3035.89 4916.21 3197.20 4769.96 3202.80
26071-200-M6-062-00276 0.06677641719579697 4764.24 3790.60 4920.83 3796.71 4914.78 3951.60 4758.19 3945.48
26071-200-M6-062-00276 0.05509541928768158 4577.25 3294.65 4727.12 3314.07 4708.44 3458.21 4558.57 3438.79
26071-500-M6-059-00011 0.05654820799827576 6085.35 2421.87 6234.55 2441.10 6216.00 2585.06 6066.80 2565.83
26071-500-M6-059-00011 0.051381174474954605 4659.32 4573.01 4802.78 4582.05 4792.88 4739.21 4649.41 4730.17
26071-600-M6-065-00021 0.15120340883731842 6438.00 4509.90 6589.78 4535.83 6563.19 4691.49 6411.41 4665.56
26071-600-M6-065-00021 0.14245334267616272 2972.59 5366.11 3119.70 5385.78 3099.54 5536.60 2952.42 5516.93
26071-600-M6-065-00021 0.07906864583492279 7258.67 3646.02 7414.73 3644.20 7416.49 3794.87 7260.43 3796.69
26071-600-M6-065-00021 0.06975976377725601 5172.59 5364.36 5348.28 5360.27 5353.30 5576.36 5177.61 5580.44
26071-600-M6-065-00021 0.057546913623809814 5687.05 3979.66 5837.32 3973.04 5843.96 4123.56 5693.68 4130.19
26071-600-M6-065-00021 0.05268792808055878 7270.54 3907.47 7422.46 3926.36 7403.43 4079.42 7251.51 4060.53
26071-600-M6-065-00021 0.05170651152729988 5192.83 3966.43 5341.45 3966.38 5341.49 4111.48 5192.87 4111.53
26071-500-M6-059-00013 0.22602152824401855 2688.59 3455.63 2833.32 3462.97 2825.23 3622.32 2680.51 3614.98
26071-500-M6-059-00013 0.19518324732780457 5190.57 5153.82 5336.74 5187.10 5300.92 5344.47 5154.74 5311.20
26071-500-M6-059-00013 0.12118099629878998 2779.93 4729.95 2931.05 4753.14 2907.44 4907.02 2756.31 4883.83
26071-500-M6-059-00013 0.08813001215457916 2373.61 4360.41 2523.88 4391.44 2491.50 4548.25 2341.23 4517.22
26071-500-M6-059-00013 0.08325207978487015 2807.70 5133.74 2971.64 5129.40 2975.97 5293.06 2812.04 5297.40
26071-500-M6-059-00013 0.07455242425203323 2689.48 3916.67 2849.04 3938.13 2828.12 4093.68 2668.57 4072.22
26071-500-M6-059-00013 0.06692809611558914 3357.52 4256.03 3509.80 4276.41 3489.83 4425.63 3337.55 4405.25
26071-500-M6-059-00013 0.053635284304618835 6312.96 1769.45 6462.79 1797.00 6433.76 1954.91 6283.93 1927.36
26071-500-M6-059-00044 0.10688154399394989 2446.27 4564.71 2601.82 4560.26 2606.09 4709.36 2450.53 4713.81
26071-500-M6-059-00044 0.09393006563186646 7564.05 4558.17 7719.96 4559.15 7719.01 4710.40 7563.09 4709.41
26071-500-M6-059-00044 0.06822265684604645 5451.93 3967.24 5611.02 3949.37 5628.89 4108.46 5469.80 4126.33
26071-500-M6-059-00044 0.06555414199829102 6865.23 5046.43 7011.71 5052.35 7005.51 5205.98 6859.03 5200.07
26071-500-M6-059-00044 0.06259413808584213 3280.01 5039.44 3406.85 5050.33 3393.37 5207.43 3266.53 5196.55
26071-500-M6-059-00044 0.061555586755275726 1208.07 3385.83 1362.81 3381.95 1366.61 3533.07 1211.87 3536.96
26071-500-M6-059-00044 0.05806084722280502 6033.51 4562.14 6186.61 4567.06 6181.50 4726.19 6028.40 4721.27
26071-500-M6-059-00044 0.0575169138610363 3989.44 4549.67 4138.39 4552.93 4134.82 4716.22 3985.87 4712.97
26071-500-M6-059-00044 0.054979145526885986 3423.56 3968.30 3572.25 3968.83 3571.73 4115.10 3423.04 4114.57
26071-200-M6-052-00093 0.1356661170721054 3508.95 1865.74 3661.71 1875.97 3651.96 2021.54 3499.20 2011.32
26071-200-M6-052-00093 0.11674824357032776 4422.05 2051.09 4588.08 2052.76 4586.41 2219.18 4420.38 2217.52
26071-200-M6-052-00093 0.11256738752126694 6359.28 3316.97 6511.84 3318.11 6510.69 3471.68 6358.13 3470.54
26071-200-M6-052-00093 0.10303469747304916 3845.72 2057.33 3997.20 2072.81 3982.17 2219.84 3830.69 2204.36
26071-200-M6-052-00093 0.10097822546958923 4427.33 4051.07 4583.07 4050.15 4583.92 4193.25 4428.18 4194.18
26071-200-M6-052-00093 0.09803364425897598 6977.21 3362.81 7134.77 3372.56 7125.57 3521.15 6968.02 3511.40
26071-200-M6-052-00093 0.09692039340734482 4271.10 4693.51 4443.96 4678.86 4458.32 4848.26 4285.46 4862.92
26071-200-M6-052-00093 0.09440495073795319 2779.38 941.79 2927.98 976.49 2894.37 1120.43 2745.77 1085.73
26071-200-M6-052-00093 0.09397205710411072 4296.26 2440.94 4441.83 2449.50 4432.43 2609.21 4286.87 2600.64
26071-200-M6-052-00093 0.09365198761224747 1000.78 2076.98 1145.78 2100.84 1121.21 2250.23 976.20 2226.37
26071-200-M6-052-00093 0.08814434707164764 992.25 2365.23 1144.12 2385.15 1124.75 2532.80 972.89 2512.89
26071-200-M6-052-00093 0.07946765422821045 3868.14 4051.27 4008.47 4087.04 3969.91 4238.34 3829.58 4202.58
26071-200-M6-052-00093 0.0742625743150711 4428.91 1710.90 4579.10 1706.87 4583.31 1863.73 4433.11 1867.76
26071-200-M6-052-00093 0.07145769149065018 3855.28 1707.07 3997.08 1729.27 3974.57 1873.05 3832.78 1850.86
26071-200-M6-052-00093 0.06537787616252899 5324.01 6172.41 5476.87 6191.99 5457.94 6339.74 5305.09 6320.17
26071-200-M6-052-00093 0.06505117565393448 6516.31 3371.03 6664.64 3367.14 6668.66 3520.66 6520.33 3524.55
26071-200-M6-052-00093 0.060284968465566635 3518.27 4167.26 3668.94 4188.66 3648.82 4330.36 3498.15 4308.96
26071-200-M6-052-00093 0.06017725169658661 4291.21 4870.67 4443.60 4879.21 4435.12 5030.75 4282.72 5022.22
26071-200-M6-052-00093 0.05930352583527565 3352.20 3988.57 3500.38 3990.66 3498.33 4136.53 3350.14 4134.44
26071-200-M6-052-00093 0.0568210668861866 4297.84 2680.28 4445.51 2690.36 4435.11 2842.72 4287.44 2832.64
26071-200-M6-052-00093 0.05411487817764282 2520.26 961.90 2675.57 962.69 2674.80 1112.97 2519.48 1112.17
26071-200-M6-052-00002 0.10789759457111359 2165.53 3209.76 2319.61 3203.71 2325.87 3362.78 2171.79 3368.84
26071-200-M6-052-00002 0.08922497183084488 7279.52 5578.83 7432.18 5584.94 7426.14 5735.77 7273.48 5729.66
26071-200-M6-052-00002 0.0814582034945488 3955.05 2129.56 4105.23 2165.95 4070.06 2311.07 3919.88 2274.67
26071-200-M6-052-00002 0.0659206211566925 3396.48 3739.04 3539.01 3756.04 3520.50 3911.26 3377.97 3894.26
26071-200-M6-052-00002 0.06018422171473503 3395.74 3518.74 3535.86 3529.66 3523.66 3686.29 3383.54 3675.37
26071-200-M6-052-00002 0.05372504144906998 7286.35 6175.59 7436.01 6178.30 7433.29 6328.28 7283.64 6325.57
26071-200-M6-052-00002 0.050334781408309937 4666.62 4258.51 4816.16 4293.56 4781.40 4441.85 4631.86 4406.79
26071-750-M6-085-00012 0.5855920314788818 1526.93 3742.48 1680.10 3760.98 1659.66 3930.13 1506.49 3911.63
26071-750-M6-085-00012 0.4379520118236542 880.45 3742.66 1032.58 3763.05 1010.52 3927.67 858.39 3907.28
26071-750-M6-085-00012 0.35981935262680054 6190.37 1551.71 6344.38 1568.09 6326.66 1734.69 6172.65 1718.31
26071-750-M6-085-00012 0.2000773847103119 4023.83 1551.47 4174.17 1585.65 4139.76 1736.98 3989.42 1702.80
26071-750-M6-085-00012 0.16751864552497864 7172.88 4061.79 7316.25 4062.31 7315.66 4224.74 7172.30 4224.22
26071-750-M6-085-00012 0.14298978447914124 7148.58 4513.17 7295.13 4482.85 7325.34 4628.92 7178.79 4659.23
26071-750-M6-085-00012 0.098188616335392 1819.18 3440.09 1982.11 3454.88 1967.32 3617.76 1804.39 3602.97
26071-750-M6-085-00012 0.08983272314071655 4983.59 4077.15 5124.82 4066.63 5135.90 4215.18 4994.66 4225.71
26071-750-M6-085-00012 0.08564113825559616 4847.84 3554.30 5002.22 3571.67 4985.52 3720.09 4831.14 3702.73
26071-750-M6-085-00012 0.08031017333269119 7017.15 3564.34 7165.22 3552.82 7177.60 3711.79 7029.52 3723.32
26071-750-M6-085-00012 0.0785835012793541 3137.72 4485.57 3288.08 4487.94 3285.59 4645.33 3135.23 4642.96
26071-750-M6-085-00012 0.07679728418588638 5259.30 4863.50 5425.19 4871.38 5417.58 5031.63 5251.69 5023.76
26071-750-M6-085-00012 0.06843313574790955 2289.82 4460.51 2432.01 4457.91 2434.83 4612.84 2292.64 4615.43
26071-750-M6-085-00012 0.06805511564016342 7472.89 3489.85 7644.55 3504.26 7630.80 3668.00 7459.14 3653.59
26071-750-M6-085-00012 0.06791667640209198 7469.76 5055.62 7573.82 4987.46 7742.20 5244.54 7638.14 5312.70
26071-750-M6-085-00012 0.0650823712348938 1642.47 2040.10 1798.93 2066.20 1768.62 2247.94 1612.15 2221.84
26071-750-M6-085-00012 0.06506077200174332 7436.13 4871.85 7610.98 4870.72 7612.07 5040.26 7437.23 5041.39
26071-750-M6-085-00012 0.0639159306883812 2961.90 4875.31 3118.50 4876.85 3116.95 5034.54 2960.35 5033.00
26071-750-M6-085-00012 0.06235671043395996 7179.00 4683.13 7323.47 4699.75 7305.93 4852.25 7161.45 4835.63
26071-750-M6-085-00012 0.06205395236611366 2958.13 5060.50 3052.07 4989.17 3246.15 5244.77 3152.21 5316.09
26071-750-M6-085-00012 0.05936732143163681 7740.92 986.25 7891.34 940.13 7941.77 1104.59 7791.34 1150.71
26071-750-M6-085-00012 0.0570087656378746 2284.43 4075.16 2438.44 4068.63 2444.76 4217.69 2290.75 4224.22
26071-750-M6-085-00012 0.05650688335299492 7252.69 4871.23 7404.05 4883.87 7391.03 5039.60 7239.68 5026.95
26071-750-M6-085-00012 0.05624309927225113 2971.89 3605.51 3056.58 3529.99 3258.99 3756.96 3174.30 3832.49
26071-750-M6-085-00012 0.05541326478123665 7174.41 3743.22 7310.69 3708.85 7386.37 4008.89 7250.09 4043.26
26071-750-M6-085-00012 0.0548027902841568 5484.12 4930.61 5635.38 4908.90 5656.09 5053.17 5504.83 5074.88
26071-750-M6-085-00012 0.053344450891017914 4993.18 4488.68 5137.71 4502.04 5124.07 4649.52 4979.55 4636.16
26071-750-M6-085-00012 0.05184825509786606 4990.21 5123.21 5440.42 5124.23 5440.13 5252.45 4989.92 5251.44
26071-750-M6-085-00012 0.05172010883688927 1163.43 3139.99 1309.09 3135.54 1313.66 3285.35 1168.00 3289.80
26071-600-M6-065-00259 0.9877187013626099 7598.01 4941.66 7751.60 4936.96 7757.98 5145.49 7604.39 5150.19
26071-600-M6-065-00259 0.9858710169792175 992.61 2258.83 1143.50 2266.15 1134.15 2458.99 983.26 2451.68
26071-600-M6-065-00259 0.9857262372970581 7951.70 4953.99 8104.78 4948.84 8111.77 5156.61 7958.69 5161.75
26071-600-M6-065-00259 0.9848341941833496 637.04 2255.33 788.57 2262.27 779.73 2455.37 628.19 2448.42
26071-600-M6-065-00259 0.07189180701971054 7778.01 4744.99 7929.61 4779.06 7897.59 4921.50 7745.99 4887.43
26071-600-M6-065-00259 0.07109002768993378 7786.61 5277.91 7935.83 5293.13 7919.92 5449.21 7770.70 5433.99
26071-600-M6-065-00259 0.06597645580768585 852.48 1971.01 999.84 1976.80 993.48 2138.87 846.12 2133.09
26071-600-M6-065-00259 0.055953770875930786 7418.57 5282.07 7569.44 5286.00 7565.38 5442.14 7414.50 5438.21
26071-200-M6-052-00544 0.09400555491447449 3571.36 3861.54 3730.37 3864.76 3726.88 4037.42 3567.87 4034.21
26071-200-M6-052-00544 0.0932033360004425 2773.62 2011.12 2926.66 2038.10 2900.37 2187.23 2747.32 2160.24
26071-200-M6-052-00544 0.09111496806144714 1470.29 3967.80 1617.47 3983.09 1602.39 4128.24 1455.21 4112.95
26071-200-M6-052-00544 0.07067267596721649 4257.38 3545.95 4403.24 3582.52 4367.68 3724.32 4221.82 3687.74
26071-200-M6-052-00544 0.06958234310150146 4774.28 3866.32 4930.81 3882.07 4915.42 4035.08 4758.89 4019.34
26071-200-M6-052-00544 0.06895273178815842 3778.30 2672.75 3932.43 2698.31 3907.52 2848.49 3753.39 2822.93
26071-200-M6-052-00544 0.058746714144945145 1182.52 3781.48 1332.56 3821.57 1293.90 3966.25 1143.86 3926.16
26071-200-M6-052-00544 0.056527771055698395 3124.96 3860.75 3276.12 3884.72 3252.03 4036.67 3100.87 4012.70
26071-600-M6-066-00003 0.14349614083766937 5491.98 1816.58 5641.34 1842.80 5615.15 1991.96 5465.79 1965.74
26071-600-M6-066-00003 0.1058557778596878 5245.91 1832.61 5404.53 1849.06 5389.30 1995.91 5230.69 1979.46
26071-600-M6-066-00003 0.07013775408267975 6068.57 4181.29 6220.30 4188.43 6213.24 4338.52 6061.50 4331.38
26071-600-M6-066-00003 0.06071118265390396 3468.78 1823.17 3623.23 1833.54 3612.58 1992.29 3458.12 1981.92
26071-600-M6-066-00003 0.06070808321237564 3233.85 1823.05 3387.82 1834.29 3376.25 1992.80 3222.28 1981.56
26071-600-M6-066-00003 0.053057294338941574 1875.10 4617.97 2029.14 4628.59 2019.04 4775.05 1865.00 4764.44
26071-750-M6-085-00309 0.13284525275230408 2962.27 3185.06 3110.63 3183.77 3111.91 3331.04 2963.55 3332.33
26071-750-M6-085-00309 0.0533098466694355 2663.65 4145.73 2827.62 4149.11 2823.73 4337.70 2659.76 4334.32
