26071-200-M6-052-00001 0.1261955052614212 2556.06 3377.75 3103.97 3361.05 3110.12 3562.55 2562.21 3579.24
26071-200-M6-052-00001 0.061876025050878525 4057.64 4191.41 4350.45 4245.49 4320.38 4408.34 4027.56 4354.26
26071-500-M6-059-00017 0.14906886219978333 3728.91 3737.25 4255.65 3732.12 4257.62 3934.49 3730.88 3939.62
26071-500-M6-059-00017 0.12874378263950348 1818.91 3735.23 2231.14 3726.10 2235.49 3922.39 1823.25 3931.51
26071-500-M6-059-00017 0.12060666084289551 3246.18 3983.62 4055.05 3907.85 4082.99 4206.14 3274.11 4281.90
26071-500-M6-059-00017 0.11619801819324493 5796.98 3742.21 6322.12 3730.04 6327.54 3964.11 5802.40 3976.27
26071-500-M6-059-00017 0.1006440594792366 5354.31 3891.42 5929.49 3870.70 5935.74 4044.26 5360.56 4064.97
26071-500-M6-059-00017 0.07387387007474899 5526.10 3999.66 5912.36 4025.22 5899.19 4224.25 5512.93 4198.69
26071-500-M6-059-00017 0.07186134904623032 3984.79 3529.46 4253.04 3653.10 4184.62 3801.54 3916.37 3677.90
26071-500-M6-059-00017 0.07083913683891296 5843.31 3962.68 6369.47 3945.25 6373.76 4074.71 5847.59 4092.14
26071-500-M6-059-00017 0.069008968770504 1994.67 3532.55 2212.57 3652.16 2138.22 3787.60 1920.32 3667.99
26071-500-M6-059-00017 0.068122498691082 6024.92 3517.88 6236.80 3729.74 6106.02 3860.52 5894.15 3648.66
26071-500-M6-059-00017 0.06553182750940323 1823.54 3927.49 2354.00 3963.13 2345.09 4095.79 1814.63 4060.15
26071-500-M6-059-00017 0.06470797955989838 4192.41 3758.53 4701.57 3844.87 4664.47 4063.67 4155.31 3977.34
26071-500-M6-059-00017 0.05985568091273308 2229.72 3666.51 2594.90 3973.22 2467.93 4124.40 2102.75 3817.69
26071-500-M6-059-00017 0.05326099321246147 6230.08 3540.31 6365.90 3521.12 6434.39 4005.91 6298.56 4025.09
26071-600-M6-066-00012 0.08501499146223068 4124.32 3527.71 4825.94 3583.84 4811.42 3765.28 4109.81 3709.15
26071-600-M6-066-00012 0.08464046567678452 5394.17 1412.07 5495.99 1413.17 5491.22 1852.62 5389.41 1851.52
26071-600-M6-066-00012 0.07282517105340958 5292.31 2496.73 5937.67 2517.63 5931.55 2706.55 5286.19 2685.65
26071-600-M6-066-00012 0.06855552643537521 3074.12 3551.41 3886.91 3572.00 3882.45 3748.06 3069.66 3727.47
26071-600-M6-066-00012 0.06588028371334076 4608.24 2902.53 4806.05 2897.53 4815.25 3261.95 4617.45 3266.94
26071-600-M6-066-00012 0.06357032805681229 4572.19 2494.76 5127.30 2528.36 5117.57 2689.19 4562.46 2655.58
26071-200-M6-052-00539 0.17477276921272278 3391.92 5390.29 3925.35 5389.80 3925.52 5575.61 3392.10 5576.10
26071-200-M6-052-00539 0.08195456117391586 1945.94 3517.04 2042.12 3513.56 2058.55 3967.56 1962.37 3971.04
26071-200-M6-052-00539 0.0633840560913086 1978.08 4376.73 2415.20 4372.88 2416.90 4566.37 1979.79 4570.22
26071-200-M6-052-00539 0.06254924833774567 2028.36 3669.24 2194.18 3676.07 2176.01 4117.73 2010.18 4110.91
26071-200-M6-052-00539 0.06070106849074364 2124.24 3695.15 2314.32 3668.44 2372.79 4084.60 2182.72 4111.31
26071-500-M6-059-00248 0.1941838562488556 4626.98 4431.65 5215.99 4422.74 5219.12 4629.98 4630.11 4638.89
26071-500-M6-059-00248 0.05976012349128723 4713.36 4268.85 5246.98 4300.71 5236.82 4470.99 4703.19 4439.13
26071-500-M6-059-00248 0.05282367393374443 5083.24 4594.47 5193.91 4494.15 5395.47 4716.52 5284.80 4816.84
26071-203-M6-325-00012 0.08331402391195297 4218.20 6230.76 4314.23 6218.23 4371.39 6656.21 4275.36 6668.74
26071-203-M6-325-00012 0.08189947158098221 3909.20 6246.22 4005.48 6229.73 4077.36 6649.37 3981.09 6665.87
26071-203-M6-325-00012 0.07818980515003204 4529.01 6273.72 4627.10 6268.97 4644.96 6637.83 4546.87 6642.58
26071-203-M6-325-00012 0.07147639244794846 6019.02 6287.64 6118.06 6274.83 6165.79 6644.04 6066.75 6656.84
26071-203-M6-325-00012 0.06881294399499893 4825.79 6278.19 4920.77 6273.61 4938.54 6641.62 4843.55 6646.21
26071-203-M6-325-00012 0.064189113676548 2115.78 3566.12 2670.89 3574.41 2668.16 3756.92 2113.06 3748.63
26071-203-M6-325-00012 0.05071679875254631 1342.98 5762.19 1677.84 5749.01 1687.75 6000.53 1352.88 6013.71
26071-700-M6-054-00246 0.1394950896501541 4245.49 3072.57 4906.24 3092.26 4897.86 3373.40 4237.11 3353.71
26071-700-M6-054-00246 0.07397522032260895 4299.97 3318.98 4841.71 3407.12 4813.18 3582.49 4271.44 3494.34
26071-700-M6-054-00246 0.06316579133272171 4307.31 2932.38 4797.60 2914.79 4803.80 3087.82 4313.51 3105.41
26071-500-M6-059-00040 0.09980428218841553 2175.08 1839.43 2497.85 1835.27 2499.58 1969.69 2176.82 1973.86
26071-500-M6-059-00040 0.07025269418954849 1813.08 2391.76 2237.70 2370.85 2245.48 2529.04 1820.87 2549.95
26071-203-M6-333-00010 0.09929992258548737 2421.15 2809.57 2516.11 2819.89 2477.77 3172.71 2382.81 3162.39
26071-203-M6-333-00010 0.08974990993738174 4186.95 1959.20 4642.08 1952.76 4644.90 2152.82 4189.78 2159.26
26071-203-M6-333-00010 0.07032894343137741 3881.99 2021.55 4206.46 2009.36 4210.19 2108.65 3885.72 2120.84
26071-203-M6-333-00010 0.06408678740262985 3889.37 2132.67 4219.40 2122.91 4222.28 2220.26 3892.25 2230.02
26071-203-M6-333-00010 0.05456742271780968 2502.44 2973.41 2867.30 2986.43 2864.44 3066.72 2499.58 3053.71
26071-203-M6-333-00010 0.05400782823562622 2512.77 2815.58 2826.43 2827.08 2822.02 2947.51 2508.35 2936.01
26071-203-M6-333-00010 0.051963746547698975 4191.18 1853.67 4650.68 1828.28 4658.80 1975.05 4199.29 2000.45
26071-203-M6-333-00010 0.050691161304712296 5089.31 4111.81 5247.60 4104.46 5253.41 4229.75 5095.12 4237.09
26071-550-M6-084-00248 0.17653828859329224 4648.86 3998.02 5174.23 3947.29 5194.11 4153.20 4668.75 4203.94
26071-550-M6-084-00248 0.06092410534620285 3262.20 3500.40 3680.22 3489.84 3683.04 3601.68 3265.02 3612.24
26071-550-M6-084-00248 0.05562562867999077 4691.94 4082.11 5432.03 4195.28 5382.20 4521.17 4642.10 4407.99
26071-203-M6-332-00008 0.05901528149843216 4602.47 4150.61 4729.01 4111.82 4838.59 4469.29 4712.05 4508.08
26071-200-M6-052-00080 0.14487193524837494 6180.65 3814.95 7083.82 3779.67 7094.34 4049.13 6191.18 4084.41
26071-200-M6-052-00080 0.13334643840789795 2928.50 3755.72 3398.93 3771.22 3393.11 3947.99 2922.68 3932.50
26071-200-M6-052-00080 0.10436445474624634 2747.43 3777.30 2966.22 3735.21 3035.73 4096.46 2816.93 4138.56
26071-200-M6-052-00080 0.06809946894645691 2811.75 3580.38 3358.78 3642.03 3343.48 3777.83 2796.45 3716.19
26071-200-M6-052-00080 0.06456666439771652 6252.77 3572.16 6787.44 3664.44 6764.30 3798.53 6229.63 3706.26
26071-200-M6-052-00080 0.05007890239357948 6518.80 4042.08 7060.08 4038.02 7061.19 4185.62 6519.90 4189.68
26071-203-M6-321-00604 0.06408519297838211 5420.95 2886.94 6368.41 2934.26 6358.40 3134.57 5410.94 3087.25
26071-300-M6-053-00309 0.1544678509235382 3418.34 3034.87 3980.88 3202.23 3914.98 3423.73 3352.44 3256.37
26071-300-M6-053-00309 0.11590421944856644 3365.96 5188.00 4219.74 5170.09 4224.48 5396.14 3370.70 5414.05
26071-300-M6-053-00309 0.07548625767230988 4741.82 4785.72 5526.46 4788.23 5525.50 5088.14 4740.86 5085.63
26071-300-M6-053-00309 0.07021965086460114 3558.28 3289.49 3661.96 3280.16 3715.68 3877.04 3612.01 3886.37
26071-300-M6-053-00309 0.06325385719537735 3142.37 3117.88 3398.30 3008.88 3599.32 3480.85 3343.39 3589.85
26071-450-M6-082-00009 0.15317516028881073 3647.71 4490.88 3848.06 4470.66 3883.19 4818.77 3682.84 4838.99
26071-450-M6-082-00009 0.08812610059976578 2432.08 2557.29 3014.79 2489.23 3038.64 2693.40 2455.93 2761.47
26071-450-M6-082-00009 0.08081991225481033 3660.86 5091.36 3839.72 5088.13 3844.85 5372.69 3665.99 5375.92
26071-200-M6-052-00552 0.14600786566734314 3774.74 2419.62 4252.29 2427.66 4247.93 2686.57 3770.38 2678.53
26071-200-M6-052-00552 0.07496798038482666 3960.95 2562.30 4251.97 2818.32 4084.04 3009.21 3793.02 2753.19
26071-200-M6-052-00552 0.05328109487891197 3659.48 2411.38 3929.95 2644.38 3823.83 2767.56 3553.36 2534.57
26071-750-M6-085-00007 0.09797109663486481 3656.93 2600.06 4175.10 2605.91 4173.00 2792.00 3654.83 2786.14
26071-750-M6-085-00007 0.09446943551301956 2065.80 2611.46 2550.23 2614.33 2549.19 2789.66 2064.76 2786.78
26071-750-M6-085-00007 0.09038149565458298 3276.09 2649.20 3685.78 2662.09 3682.57 2764.17 3272.88 2751.28
26071-750-M6-085-00007 0.08755283057689667 4918.73 3100.12 5784.08 3102.91 5783.15 3391.07 4917.80 3388.28
26071-750-M6-085-00007 0.08693630993366241 1675.95 2639.30 2076.21 2649.23 2073.39 2762.99 1673.12 2753.05
26071-750-M6-085-00007 0.07136242836713791 2764.79 2608.86 3298.74 2629.33 3291.83 2809.70 2757.88 2789.24
26071-750-M6-085-00007 0.06933292001485825 1178.91 2654.55 1636.59 2663.46 1634.03 2794.90 1176.36 2786.00
26071-750-M6-085-00007 0.062089961022138596 3296.91 2803.16 3668.14 2787.97 3670.86 2854.60 3299.63 2869.79
26071-750-M6-085-00007 0.05568933114409447 1681.58 2808.03 2048.63 2778.66 2053.72 2842.25 1686.67 2871.62
26071-750-M6-085-00007 0.05513028800487518 4744.18 4745.08 4865.42 4749.54 4862.31 4834.22 4741.06 4829.76
26071-750-M6-085-00007 0.05165636166930199 2046.64 2771.52 2529.34 2756.33 2533.79 2897.79 2051.09 2912.97
26071-203-M6-064-00271 0.09961894154548645 1788.01 2391.59 1974.05 2368.66 2008.62 2649.11 1822.58 2672.04
26071-203-M6-064-00271 0.05027956888079643 1438.76 4619.31 1511.55 4618.22 1515.39 4872.55 1442.60 4873.65
26071-203-M6-337-00031 0.17209680378437042 5413.33 1504.77 6067.54 1527.19 6059.22 1770.03 5405.01 1747.61
26071-203-M6-337-00031 0.16780874133110046 5468.77 1742.86 6106.85 1783.42 6088.38 2074.00 5450.30 2033.44
26071-203-M6-337-00031 0.1504959613084793 5509.56 2298.46 6136.98 2264.76 6151.31 2531.56 5523.89 2565.26
26071-203-M6-337-00031 0.14922304451465607 5460.91 1226.32 5971.30 1210.66 5979.67 1483.45 5469.28 1499.11
26071-203-M6-337-00031 0.13814038038253784 4900.70 3139.40 5689.03 3145.57 5686.99 3406.30 4898.66 3400.13
26071-203-M6-337-00031 0.12980929017066956 5618.34 2105.14 5794.79 2116.59 5783.93 2284.01 5607.49 2272.57
26071-203-M6-337-00031 0.12546177208423615 5618.93 2871.89 5801.94 2889.12 5785.38 3065.01 5602.36 3047.77
26071-203-M6-337-00031 0.1206420287489891 5617.37 1103.00 5800.00 1117.78 5785.64 1295.21 5603.02 1280.43
26071-203-M6-337-00031 0.11692648380994797 5620.52 2512.36 5800.38 2529.74 5783.33 2706.29 5603.47 2688.91
26071-203-M6-337-00031 0.11321696639060974 4795.55 1723.63 5575.58 1720.48 5576.86 2037.85 4796.83 2040.99
26071-203-M6-337-00031 0.11005546152591705 4821.72 2445.61 5565.47 2415.28 5578.79 2741.94 4835.04 2772.27
26071-203-M6-337-00031 0.10924721509218216 3659.85 586.32 4041.66 565.46 4054.36 797.91 3672.55 818.77
26071-203-M6-337-00031 0.10461579263210297 5635.18 1389.74 5808.59 1429.15 5769.37 1601.73 5595.96 1562.32
26071-203-M6-337-00031 0.09518986940383911 5465.32 2515.39 5967.38 2720.78 5855.63 2993.92 5353.58 2788.53
26071-203-M6-337-00031 0.09483539313077927 2009.47 1022.04 2627.73 1142.80 2555.66 1511.77 1937.40 1391.01
26071-203-M6-337-00031 0.09421265125274658 5221.04 656.67 5787.73 616.11 5811.38 946.52 5244.69 987.08
26071-203-M6-337-00031 0.08598006516695023 4815.67 1366.64 5157.87 1559.64 5019.33 1805.27 4677.13 1612.27
26071-203-M6-337-00031 0.08567330241203308 4653.93 2089.23 5113.80 2266.73 5049.71 2432.78 4589.84 2255.28
26071-203-M6-337-00031 0.08385077863931656 4974.36 4058.27 5455.72 4060.52 5454.67 4284.44 4973.32 4282.19
26071-203-M6-337-00031 0.08270501345396042 4973.00 4958.27 5456.11 4958.18 5456.15 5182.10 4973.05 5182.19
26071-203-M6-337-00031 0.08033822476863861 3529.66 4113.52 4484.72 4072.56 4497.53 4371.22 3542.47 4412.18
26071-203-M6-337-00031 0.07928436249494553 5436.61 2949.15 6052.11 2956.52 6048.61 3249.08 5433.11 3241.71
26071-203-M6-337-00031 0.07905302196741104 4747.09 1995.02 5034.67 2007.50 5029.15 2134.73 4741.56 2122.25
26071-203-M6-337-00031 0.07715978473424911 4650.20 2787.82 5074.79 2917.98 5011.24 3125.31 4586.65 2995.16
26071-203-M6-337-00031 0.07591562718153 3487.22 4937.74 4498.69 4910.52 4504.41 5123.01 3492.94 5150.23
26071-203-M6-337-00031 0.07483412325382233 4923.98 2189.78 5037.58 2103.32 5347.75 2510.84 5234.15 2597.31
26071-203-M6-337-00031 0.0731559544801712 6610.93 6181.08 6698.48 6153.39 6794.29 6456.34 6706.74 6484.02
26071-203-M6-337-00031 0.07209896296262741 4825.63 3064.85 5043.89 3171.03 4968.50 3326.00 4750.24 3219.82
26071-203-M6-337-00031 0.07081130892038345 2649.78 4097.27 3521.42 4071.18 3530.18 4363.83 2658.54 4389.92
26071-203-M6-337-00031 0.06970284879207611 4746.80 1230.47 4972.07 1317.58 4916.41 1461.52 4691.14 1374.42
26071-203-M6-337-00031 0.06551562249660492 4929.41 4461.01 5465.84 4447.42 5471.21 4659.41 4934.77 4672.99
26071-203-M6-337-00031 0.06514136493206024 4765.88 2287.96 5075.59 2422.18 5009.69 2574.24 4699.98 2440.03
26071-203-M6-337-00031 0.06497016549110413 3573.99 4561.48 4509.13 4516.71 4524.06 4828.47 3588.92 4873.25
26071-203-M6-337-00031 0.06489302217960358 6800.10 4481.88 6892.08 4482.41 6888.48 5110.69 6796.50 5110.16
26071-203-M6-337-00031 0.06276573985815048 2726.54 4749.09 3181.03 4966.35 3078.99 5179.81 2624.50 4962.55
26071-203-M6-337-00031 0.059812430292367935 2037.31 1552.08 2554.10 1543.36 2557.55 1747.91 2040.76 1756.63
26071-203-M6-337-00031 0.059409864246845245 2022.60 1159.92 2125.71 1166.65 2085.34 1785.21 1982.23 1778.48
26071-203-M6-337-00031 0.0572931244969368 4833.24 2722.82 4966.57 2641.86 5114.03 2884.74 4980.70 2965.70
26071-203-M6-337-00031 0.05654891952872276 2028.21 898.06 2640.85 875.87 2647.54 1060.37 2034.90 1082.57
26071-203-M6-337-00031 0.05524805188179016 3676.90 493.81 4055.28 460.57 4066.87 592.45 3688.48 625.69
26071-203-M6-337-00031 0.055221911519765854 3314.55 1388.11 3613.48 1173.60 4007.60 1722.84 3708.68 1937.34
26071-203-M6-337-00031 0.05364842712879181 2660.25 4504.00 3573.63 4525.66 3568.85 4727.40 2655.47 4705.74
26071-203-M6-337-00031 0.052573952823877335 3931.03 712.56 4130.06 701.72 4141.03 902.99 3942.00 913.83
26071-203-M6-337-00031 0.05005497857928276 1685.37 5485.98 2169.96 5496.57 2165.28 5710.80 1680.70 5700.21
26071-203-M6-332-00001 0.25076723098754883 3986.35 2929.59 4400.40 2765.01 4684.39 3479.52 4270.35 3644.09
26071-203-M6-332-00001 0.2418104112148285 3748.53 2770.10 4181.45 2832.37 4084.93 3503.45 3652.01 3441.18
26071-203-M6-332-00001 0.21972796320915222 2893.56 2719.84 3337.03 2779.79 3242.09 3482.07 2798.62 3422.12
26071-203-M6-332-00001 0.21737618744373322 5858.11 2785.16 6300.58 2869.93 6176.77 3516.21 5734.30 3431.44
26071-203-M6-332-00001 0.21264371275901794 4951.10 2728.37 5400.84 2765.37 5340.87 3494.37 4891.13 3457.37
26071-203-M6-332-00001 0.2093893438577652 3329.25 2739.14 3755.88 2794.06 3670.71 3455.71 3244.09 3400.79
26071-203-M6-332-00001 0.20591241121292114 5396.86 2715.79 5802.25 2802.00 5650.99 3513.28 5245.61 3427.08
26071-203-M6-332-00001 0.11702366173267365 4449.02 2609.05 4833.93 2607.88 4836.01 3293.49 4451.10 3294.66
26071-200-M6-052-00150 0.14144331216812134 3433.06 1867.23 3811.06 1876.81 3805.14 2110.11 3427.15 2100.53
26071-200-M6-052-00150 0.08564986288547516 3006.23 3091.94 3728.53 3025.49 3756.28 3327.07 3033.98 3393.52
26071-200-M6-052-00150 0.05233576148748398 3275.88 3960.69 4132.57 3939.62 4142.81 4355.77 3286.12 4376.85
26071-200-M6-052-00003 0.2829700708389282 4180.57 4640.07 4417.64 4632.53 4431.94 5082.16 4194.87 5089.70
26071-200-M6-052-00003 0.06920720636844635 3048.28 4073.38 3211.81 4093.33 3142.67 4660.16 2979.13 4640.21
26071-700-M6-054-00036 0.14911453425884247 3955.33 3456.30 4656.22 3451.39 4657.75 3670.05 3956.87 3674.96
26071-700-M6-054-00036 0.05538216605782509 4693.58 1446.01 4787.68 1446.65 4784.74 1876.27 4690.65 1875.63
26071-600-M6-065-00231 0.09473948180675507 6087.33 3313.55 6628.51 3297.76 6633.78 3478.40 6092.60 3494.19
26071-600-M6-065-00231 0.08839594572782516 6966.39 3288.21 7431.40 3325.29 7417.81 3495.69 6952.81 3458.61
26071-600-M6-065-00231 0.07086800783872604 3206.01 3494.05 3809.45 3518.98 3801.11 3720.84 3197.66 3695.90
26071-600-M6-065-00231 0.05921776220202446 3752.71 3897.08 3845.63 3894.89 3857.70 4409.13 3764.79 4411.31
26071-600-M6-065-00231 0.05253079906105995 3089.93 4145.12 3199.47 4137.30 3226.61 4517.37 3117.07 4525.20
26071-500-M6-059-00071 0.12734203040599823 1935.84 1635.76 2028.29 1641.43 1977.41 2469.93 1884.95 2464.25
26071-500-M6-059-00071 0.0964767336845398 1303.35 2022.48 1392.75 2012.77 1443.64 2481.12 1354.23 2490.84
26071-500-M6-059-00071 0.08742073178291321 1946.47 5491.66 2033.09 5499.01 1968.27 6262.79 1881.64 6255.44
26071-500-M6-059-00071 0.06521829962730408 1730.65 2357.75 1836.01 2298.53 1963.05 2524.52 1857.69 2583.75
26071-500-M6-059-00071 0.06467657536268234 1347.45 5952.37 1439.43 5946.19 1465.51 6334.47 1373.54 6340.65
26071-500-M6-059-00071 0.06284540891647339 1745.30 1957.67 1840.82 1935.91 1952.16 2424.76 1856.64 2446.52
26071-500-M6-059-00071 0.06115077808499336 1299.49 3699.58 2043.98 3855.55 1946.43 4321.21 1201.93 4165.23
26071-500-M6-059-00071 0.060015201568603516 1356.15 2398.08 1443.00 2318.44 1616.86 2508.06 1530.00 2587.69
26071-500-M6-059-00071 0.05545468628406525 1713.40 6201.77 1842.53 6146.24 1938.40 6369.18 1809.28 6424.71
26071-500-M6-059-00071 0.05374307557940483 1760.82 5786.72 1849.62 5771.32 1935.04 6263.89 1846.23 6279.29
26071-500-M6-059-00071 0.052857715636491776 1618.84 2417.30 1708.85 2343.19 1883.01 2554.72 1793.00 2628.83
26071-500-M6-059-00071 0.050442107021808624 1408.71 6193.24 1511.31 6157.57 1594.88 6397.93 1492.28 6433.61
26071-203-M6-320-00008 0.05659790337085724 2436.84 4471.06 2866.05 4465.93 2868.42 4664.90 2439.22 4670.02
26071-203-M6-320-00008 0.05338727682828903 4845.71 4416.04 5264.91 4407.10 5268.46 4573.60 4849.26 4582.53
26071-500-M6-059-00116 0.13762809336185455 3911.73 4082.36 4486.37 4078.28 4487.81 4280.65 3913.17 4284.73
26071-500-M6-059-00116 0.10442183911800385 4391.72 4080.60 4830.15 4058.07 4841.53 4279.60 4403.10 4302.13
26071-550-M6-084-00026 0.11198379844427109 6460.27 5672.12 6581.37 5674.51 6575.07 5994.14 6453.97 5991.75
26071-550-M6-084-00026 0.0680152103304863 7496.78 3349.62 7634.66 3254.46 7744.36 3413.41 7606.48 3508.57
26071-550-M6-084-00026 0.051822301000356674 6358.80 2847.16 6458.78 2852.31 6424.82 3511.76 6324.85 3506.61
26071-550-M6-084-00026 0.05092824622988701 7662.34 3255.13 8037.58 3367.41 8003.75 3480.46 7628.51 3368.18
26071-203-M6-337-00007 0.0731339231133461 3469.88 5378.47 3585.76 5384.45 3559.40 5894.93 3443.52 5888.95
26071-203-M6-337-00007 0.058224037289619446 5045.21 5560.81 5225.76 5557.52 5231.59 5877.04 5051.04 5880.33
26071-203-M6-337-00007 0.056006111204624176 3466.85 2679.11 3580.84 2682.49 3565.68 3193.40 3451.69 3190.01
26071-200-M6-052-00090 0.1897321492433548 2424.92 3375.69 3290.49 3315.09 3310.47 3600.51 2444.90 3661.10
26071-200-M6-052-00090 0.16455523669719696 5621.13 3421.88 6210.49 3385.82 6224.10 3608.31 5634.74 3644.37
26071-200-M6-052-00090 0.09442662447690964 5384.95 3376.72 5579.89 3284.68 5768.35 3683.87 5573.41 3775.90
26071-200-M6-052-00090 0.0703282579779625 2416.72 3377.47 2545.28 3392.53 2507.68 3713.50 2379.12 3698.44
26071-200-M6-052-00090 0.05261571332812309 2672.06 3225.34 3095.76 3360.48 3064.10 3459.75 2640.39 3324.61
26071-200-M6-052-00090 0.05095985159277916 5663.81 3074.11 6044.99 3295.01 5985.14 3398.29 5603.95 3177.39
26071-203-M6-320-00061 0.06616760790348053 928.96 3673.97 1124.64 3667.95 1129.19 3815.72 933.51 3821.75
26071-203-M6-320-00061 0.05705709010362625 920.81 4003.88 1115.64 3998.16 1120.01 4147.09 925.18 4152.80
26071-600-M6-065-00037 0.13776537775993347 1829.01 4536.48 1986.16 4509.40 2036.24 4799.95 1879.09 4827.03
26071-600-M6-065-00037 0.11332061141729355 5141.72 4547.39 5301.36 4522.65 5344.03 4798.05 5184.40 4822.79
26071-600-M6-065-00037 0.11010560393333435 5239.69 3398.03 5447.40 3429.56 5367.58 3955.43 5159.87 3923.90
26071-600-M6-065-00037 0.08468577265739441 1421.89 6066.54 1843.19 6059.34 1846.84 6273.01 1425.55 6280.21
26071-600-M6-065-00037 0.07390017062425613 1453.01 6269.72 1779.97 6277.62 1774.39 6508.43 1447.43 6500.52
26071-600-M6-065-00037 0.07054843008518219 1902.65 3428.17 2129.13 3435.40 2109.16 4061.31 1882.68 4054.09
26071-600-M6-065-00037 0.05954021215438843 6939.59 2720.63 7122.34 2641.69 7241.46 2917.47 7058.71 2996.41
26071-600-M6-065-00037 0.056961532682180405 5925.28 3975.01 6112.78 3934.53 6178.69 4239.86 5991.20 4280.33
26071-600-M6-065-00037 0.05609937757253647 2617.69 3980.41 2815.34 3932.60 2890.21 4242.07 2692.56 4289.89
26071-300-M6-053-00010 0.15800710022449493 2076.90 4322.10 2693.76 4290.73 2704.18 4495.44 2087.32 4526.82
26071-300-M6-053-00010 0.0832066759467125 3229.03 4247.67 3401.69 4142.87 3599.20 4468.27 3426.54 4573.07
26071-300-M6-053-00010 0.05919821187853813 3346.68 3929.88 3693.64 4188.73 3555.59 4373.76 3208.64 4114.91
26071-300-M6-053-00010 0.05381234362721443 6119.67 2588.61 6432.27 2648.85 6402.30 2804.37 6089.70 2744.12
26071-203-M6-320-00042 0.20158714056015015 2603.82 3563.48 2700.07 3561.83 2710.52 4171.39 2614.27 4173.04
26071-203-M6-320-00042 0.15157589316368103 2216.43 3558.56 2315.55 3559.10 2312.24 4172.33 2213.12 4171.79
26071-203-M6-320-00042 0.06344755738973618 2775.74 3488.29 2882.88 3496.39 2836.60 4109.08 2729.46 4100.98
26071-200-M6-052-00540 0.09127359837293625 3797.38 4372.68 4364.23 4367.89 4365.74 4545.52 3798.88 4550.30
26071-200-M6-052-00540 0.06687265634536743 5900.25 4422.83 6514.96 4413.33 6516.75 4529.50 5902.05 4539.00
26071-200-M6-052-00540 0.052220553159713745 4417.95 4432.15 5062.24 4419.44 5064.34 4525.90 4420.05 4538.62
26071-200-M6-052-00540 0.051439691334962845 607.78 5299.09 667.58 5300.51 656.54 5766.37 596.75 5764.95
26071-200-M6-052-00540 0.05061231926083565 6840.77 4430.78 7496.09 4400.86 7501.26 4514.07 6845.94 4544.00
26071-203-M6-160-00291 0.22600452601909637 2838.03 3547.53 3825.56 3608.10 3809.88 3863.87 2822.34 3803.29
26071-203-M6-160-00291 0.10243391990661621 7439.92 3542.64 7624.02 3509.56 7671.45 3773.47 7487.35 3806.56
26071-203-M6-160-00291 0.08352527022361755 6372.85 2903.76 6483.34 2899.82 6495.70 3246.63 6385.21 3250.56
26071-203-M6-160-00291 0.06722885370254517 2079.26 3621.40 2710.10 3576.47 2724.96 3785.14 2094.12 3830.07
26071-203-M6-160-00291 0.06336396932601929 2906.58 2136.23 3521.41 2148.26 3515.62 2444.01 2900.79 2431.98
26071-203-M6-160-00291 0.06071116775274277 2914.48 3666.53 3730.73 3925.59 3648.03 4186.18 2831.78 3927.12
26071-203-M6-160-00291 0.057624850422143936 3408.28 1960.32 3546.87 1943.60 3594.80 2340.81 3456.22 2357.53
26071-203-M6-160-00291 0.05171883478760719 3035.72 3130.87 3754.07 3229.11 3690.40 3694.66 2972.05 3596.41
26071-203-M6-160-00291 0.05064145103096962 2409.12 5501.28 2747.83 5493.18 2751.34 5640.33 2412.63 5648.42
26071-600-M6-066-00002 0.051588717848062515 4618.19 2349.75 4735.16 2353.30 4721.42 2805.80 4604.45 2802.24
26071-300-M6-053-00008 0.11411935836076736 5229.07 1959.84 5934.68 2041.56 5896.15 2374.29 5190.53 2292.57
26071-300-M6-053-00008 0.08034833520650864 5138.99 4852.45 5879.29 4815.23 5886.12 4951.19 5145.83 4988.41
26071-300-M6-053-00008 0.07390588521957397 5834.10 2383.67 5932.20 2385.58 5921.13 2957.19 5823.03 2955.29
26071-300-M6-053-00008 0.07350140810012817 5192.12 2761.48 5313.30 2766.75 5293.45 3223.66 5172.27 3218.40
26071-300-M6-053-00008 0.07159455865621567 5138.96 3249.61 5300.39 3251.01 5296.93 3651.72 5135.50 3650.33
26071-300-M6-053-00008 0.07018820196390152 5194.42 4464.68 5331.72 4475.14 5302.09 4864.14 5164.78 4853.68
26071-300-M6-053-00008 0.054512869566679 5182.41 3766.42 5295.95 3768.02 5289.63 4215.90 5176.09 4214.30
26071-200-M6-063-00010 0.10653296858072281 2543.47 3984.23 3085.24 3961.59 3093.45 4158.04 2551.68 4180.67
26071-200-M6-063-00010 0.09937530010938644 6786.04 1782.35 7090.23 1779.48 7091.42 1904.93 6787.22 1907.80
26071-200-M6-063-00010 0.08935504406690598 6792.40 1892.40 7124.37 1965.41 7086.32 2138.45 6754.34 2065.44
26071-200-M6-063-00010 0.05111353099346161 3967.60 3423.20 4535.98 3433.48 4532.34 3634.62 3963.96 3624.34
26071-203-M6-060-00006 0.23493552207946777 2677.91 4203.97 3179.36 4207.14 3178.14 4401.26 2676.68 4398.09
26071-203-M6-060-00006 0.212553471326828 3260.86 4195.14 3745.54 4196.46 3744.97 4408.03 3260.28 4406.71
26071-203-M6-060-00006 0.08984192460775375 6608.93 4074.92 7023.98 4081.52 7021.59 4232.14 6606.54 4225.54
26071-203-M6-060-00006 0.0888293907046318 5919.43 4096.86 6399.86 4078.50 6406.34 4248.12 5925.92 4266.49
26071-203-M6-060-00006 0.07675553858280182 2578.62 4344.82 3131.63 4423.65 3107.70 4591.48 2554.70 4512.65
26071-203-M6-060-00006 0.06655563414096832 3204.20 4333.50 3767.78 4476.75 3732.14 4616.98 3168.55 4473.72
26071-203-M6-060-00006 0.06383690983057022 3742.26 4231.19 4097.21 4372.67 4051.53 4487.27 3696.58 4345.79
26071-203-M6-325-00013 0.05672680214047432 6057.45 2429.71 6243.91 2447.43 6229.13 2602.91 6042.68 2585.19
26071-300-M6-053-00012 0.2454090118408203 4217.32 3447.17 4489.96 3458.20 4467.92 4003.18 4195.28 3992.16
26071-300-M6-053-00012 0.17442023754119873 5079.85 2343.66 5673.90 2343.23 5674.04 2547.38 5080.00 2547.81
26071-300-M6-053-00012 0.07523892819881439 4701.13 3238.01 4940.61 3438.96 4822.27 3580.00 4582.78 3379.04
26071-300-M6-053-00012 0.061038825660943985 5033.60 3398.90 5156.77 3404.25 5153.18 3487.00 5030.01 3481.65
26071-300-M6-053-00012 0.05744192376732826 5095.92 1918.08 5719.96 2093.49 5623.43 2436.90 4999.39 2261.48
26071-300-M6-053-00012 0.0570654459297657 3394.75 2793.62 3500.32 2801.75 3460.24 3322.62 3354.67 3314.49
26071-300-M6-053-00012 0.056311238557100296 4471.36 3404.95 4612.28 3420.48 4554.42 3945.40 4413.50 3929.87
26071-300-M6-053-00012 0.053171247243881226 2980.65 2846.50 3159.26 2871.49 3089.16 3372.46 2910.55 3347.47
26071-675-M6-068-00034 0.13663001358509064 3413.07 4846.83 3861.74 4844.16 3862.93 5043.72 3414.26 5046.39
26071-675-M6-068-00034 0.1279093325138092 2540.88 4855.83 3083.37 4840.27 3089.00 5036.75 2546.52 5052.30
26071-450-M6-082-00031 0.15881377458572388 2988.09 3246.71 3549.54 3212.67 3561.29 3406.44 2999.83 3440.48
26071-450-M6-082-00031 0.05320565402507782 3077.47 2888.52 3736.23 2991.94 3688.12 3298.41 3029.36 3194.99
26071-200-M6-062-00276 0.22980190813541412 6007.52 4118.55 6108.23 4118.10 6109.75 4456.68 6009.04 4457.13
26071-200-M6-062-00276 0.17517335712909698 6463.14 4130.11 6556.75 4127.47 6565.54 4440.05 6471.94 4442.68
26071-200-M6-062-00276 0.1550915241241455 4042.67 4194.06 4271.77 4195.10 4270.19 4544.46 4041.09 4543.42
26071-200-M6-062-00276 0.12651512026786804 3921.20 4431.62 4054.50 4467.14 3868.31 5165.88 3735.01 5130.36
26071-200-M6-062-00276 0.09331436455249786 6282.07 4149.94 6401.36 4108.78 6506.66 4413.93 6387.37 4455.09
26071-200-M6-062-00276 0.08584990352392197 5039.50 3954.66 5194.33 3951.03 5212.84 4740.14 5058.00 4743.77
26071-200-M6-062-00276 0.07619867473840714 5514.36 4267.19 5641.06 4273.40 5617.08 4762.66 5490.38 4756.45
26071-200-M6-062-00276 0.07597355544567108 5871.51 4170.65 5958.05 4165.38 5980.12 4527.63 5893.59 4532.90
26071-200-M6-062-00276 0.07544025033712387 3381.17 3955.78 3473.44 3954.32 3483.98 4620.32 3391.71 4621.78
26071-200-M6-062-00276 0.0698886588215828 3286.87 3967.18 3395.60 3969.16 3382.53 4687.56 3273.81 4685.58
26071-200-M6-062-00276 0.06885171681642532 3157.76 3909.27 3250.20 3910.91 3236.86 4661.01 3144.42 4659.37
26071-200-M6-062-00276 0.06849944591522217 3974.35 4597.68 4103.08 4589.20 4144.14 5212.37 4015.41 5220.85
26071-200-M6-062-00276 0.0637393593788147 2389.24 4594.26 2511.03 4586.41 2516.60 4672.78 2394.82 4680.64
26071-200-M6-062-00276 0.05135514959692955 3203.26 5276.42 3928.86 5306.10 3920.81 5502.77 3195.21 5473.08
26071-200-M6-062-00276 0.051158707588911057 4907.81 3979.90 5031.37 3995.66 4947.26 4655.42 4823.70 4639.67
26071-500-M6-059-00011 0.12527519464492798 3516.53 3465.64 4311.50 3402.29 4332.85 3670.24 3537.88 3733.60
26071-500-M6-059-00011 0.06649927794933319 3560.89 4061.59 4029.87 4043.78 4036.65 4222.51 3567.68 4240.31
26071-500-M6-059-00011 0.05990954861044884 3580.55 3907.49 4051.92 3883.08 4060.96 4057.79 3589.59 4082.20
26071-500-M6-059-00011 0.056510623544454575 3671.51 5509.10 3890.71 5323.09 4137.15 5613.51 3917.95 5799.52
26071-600-M6-065-00021 0.08184678107500076 2098.44 1399.75 2733.77 1383.91 2740.70 1661.70 2105.37 1677.54
26071-600-M6-065-00021 0.07535040378570557 3838.70 2789.54 4367.23 2799.25 4363.72 2990.40 3835.18 2980.69
26071-600-M6-065-00021 0.07237334549427032 5002.64 2436.29 5172.08 2452.70 5127.75 2910.40 4958.31 2893.99
26071-600-M6-065-00021 0.06704546511173248 1763.57 1812.14 2230.14 1797.40 2236.72 2005.62 1770.15 2020.37
26071-600-M6-065-00021 0.06466998159885406 6501.39 4379.67 6929.23 4382.26 6927.90 4601.84 6500.06 4599.25
26071-500-M6-059-00013 0.1344069093465805 2878.58 4893.75 3316.12 4882.81 3321.90 5114.19 2884.36 5125.13
26071-500-M6-059-00013 0.10176533460617065 7377.19 2270.57 7472.88 2264.21 7512.65 2863.08 7416.95 2869.43
26071-500-M6-059-00013 0.058087825775146484 5372.63 1454.48 5513.19 1455.67 5509.57 1881.82 5369.00 1880.62
26071-500-M6-059-00044 0.0680086761713028 4972.68 1872.58 5461.59 1870.69 5462.41 2083.51 4973.51 2085.41
26071-500-M6-059-00044 0.06413154304027557 4936.69 2611.74 5038.22 2614.08 5026.87 3107.06 4925.33 3104.72
26071-200-M6-052-00093 0.1680881828069687 3885.95 3750.63 4562.87 3692.03 4582.43 3917.98 3905.51 3976.58
26071-200-M6-052-00093 0.16384896636009216 4028.90 1368.33 4593.08 1365.37 4594.11 1561.58 4029.93 1564.54
26071-200-M6-052-00093 0.10263620316982269 3945.65 4536.08 4450.35 4524.50 4454.10 4687.99 3949.40 4699.57
26071-200-M6-052-00093 0.08830402791500092 4005.47 2232.74 4605.65 2216.09 4610.91 2405.94 4010.74 2422.59
26071-200-M6-052-00093 0.06658935546875 3994.84 1572.93 4576.88 1550.68 4582.35 1693.66 4000.30 1715.91
26071-200-M6-052-00093 0.05893310531973839 4005.96 4016.02 4574.89 3994.47 4580.38 4139.34 4011.44 4160.88
26071-200-M6-052-00093 0.05501534044742584 4442.97 3826.08 4621.03 3772.20 4685.33 3984.71 4507.27 4038.59
26071-200-M6-052-00002 0.14228391647338867 2974.81 3121.08 3543.81 3101.51 3550.75 3303.47 2981.76 3323.04
26071-200-M6-052-00002 0.06093819811940193 2980.92 2976.78 3500.92 2962.20 3505.66 3131.41 2985.66 3145.98
26071-200-M6-052-00002 0.05102984234690666 4084.50 4388.45 4133.16 4388.39 4133.36 4552.78 4084.70 4552.84
26071-675-M6-068-10002 0.11739377677440643 2159.45 4417.39 2758.49 4416.03 2758.97 4625.54 2159.93 4626.90
26071-675-M6-068-10002 0.1161472424864769 3580.64 2836.85 4164.65 2827.60 4168.01 3040.05 3584.01 3049.30
26071-675-M6-068-10002 0.10622281581163406 4557.17 1586.18 5096.75 1573.13 5100.95 1746.88 4561.38 1759.94
26071-675-M6-068-10002 0.10522837936878204 3730.28 1586.75 4308.63 1573.31 4312.61 1744.25 3734.25 1757.69
26071-675-M6-068-10002 0.10422273725271225 2174.32 4626.42 2757.54 4624.59 2758.23 4843.34 2175.01 4845.17
26071-675-M6-068-10002 0.10155685245990753 3412.36 4430.66 3985.85 4415.43 3991.38 4623.61 3417.88 4638.83
26071-675-M6-068-10002 0.09756075590848923 2284.25 2932.40 2886.74 2914.01 2893.28 3128.27 2290.79 3146.66
26071-675-M6-068-10002 0.08383563160896301 3545.03 3042.56 4202.43 3052.88 4198.98 3272.34 3541.59 3262.01
26071-675-M6-068-10002 0.06765943020582199 3414.43 4705.54 4034.81 4731.99 4026.13 4935.71 3405.74 4909.25
26071-675-M6-068-10002 0.06633566319942474 2274.56 2662.81 2983.40 2664.77 2982.90 2846.59 2274.06 2844.64
26071-675-M6-068-10002 0.060742322355508804 5434.34 2086.72 5771.24 2072.57 5775.60 2176.48 5438.70 2190.63
26071-675-M6-068-10002 0.060601856559515 7588.35 2037.81 7914.00 2260.70 7834.03 2377.54 7508.38 2154.65
26071-675-M6-068-10002 0.059861477464437485 4637.89 2093.96 4952.73 2072.89 4960.20 2184.66 4645.37 2205.72
26071-675-M6-068-10002 0.058706268668174744 6497.12 2059.52 6872.35 2199.37 6822.98 2331.84 6447.75 2191.99
26071-675-M6-068-10002 0.05649515613913536 2468.88 3792.08 2987.43 3770.71 2994.43 3940.71 2475.88 3962.08
26071-675-M6-068-10002 0.05623357370495796 5369.45 1607.19 5812.80 1591.07 5818.38 1744.49 5375.03 1760.61
26071-750-M6-085-00012 0.29020971059799194 7246.26 4267.83 7691.21 4233.38 7707.69 4446.23 7262.74 4480.68
26071-750-M6-085-00012 0.2695420980453491 5081.71 4268.54 5506.16 4244.47 5517.69 4447.78 5093.24 4471.85
26071-750-M6-085-00012 0.20565453171730042 2340.29 4250.47 2811.84 4269.82 2804.31 4453.38 2332.76 4434.03
26071-750-M6-085-00012 0.1551734358072281 3111.26 4259.82 3677.54 4236.92 3685.76 4440.19 3119.48 4463.09
26071-750-M6-085-00012 0.12972800433635712 2737.85 3715.79 2976.86 3678.14 3035.71 4051.71 2796.70 4089.36
26071-750-M6-085-00012 0.09153052419424057 3055.43 4131.80 3183.28 4007.60 3370.35 4200.17 3242.50 4324.37
26071-750-M6-085-00012 0.07696835696697235 5101.97 4178.96 5551.56 4184.86 5550.21 4288.22 5100.61 4282.33
26071-750-M6-085-00012 0.07486772537231445 726.55 1735.37 1150.15 1745.89 1144.81 1961.05 721.21 1950.53
26071-750-M6-085-00012 0.07311468571424484 4988.93 3779.77 5114.10 3702.11 5291.73 3988.41 5166.56 4066.07
26071-750-M6-085-00012 0.07087481766939163 2930.61 3764.52 3135.93 3656.45 3275.33 3921.30 3070.01 4029.37
26071-750-M6-085-00012 0.0695972815155983 7278.84 3809.99 7482.71 3754.32 7588.46 4141.57 7384.58 4197.24
26071-750-M6-085-00012 0.06705383956432343 3993.46 6461.44 4363.21 6449.29 4369.30 6634.39 3999.54 6646.54
26071-750-M6-085-00012 0.06489961594343185 7072.53 5276.63 7844.87 5288.59 7840.80 5551.22 7068.47 5539.26
26071-750-M6-085-00012 0.0614144466817379 1298.54 1967.46 1604.26 1826.29 1868.50 2398.51 1562.79 2539.68
26071-750-M6-085-00012 0.06046997755765915 3095.13 4487.62 3244.48 4383.78 3387.96 4590.13 3238.60 4693.97
26071-750-M6-085-00012 0.05832412838935852 1254.48 2051.49 1385.60 2021.83 1460.54 2353.19 1329.42 2382.84
26071-750-M6-085-00012 0.05774027481675148 5165.60 5053.95 5510.15 5174.17 5469.27 5291.34 5124.72 5171.11
26071-750-M6-085-00012 0.05529196187853813 1029.46 2144.56 1217.67 2049.13 1347.13 2304.49 1158.92 2399.91
26071-750-M6-085-00012 0.05031004920601845 4017.86 6304.58 4130.22 6243.98 4256.41 6477.98 4144.05 6538.57
26071-600-M6-065-00259 0.06793642044067383 2348.28 3587.94 3166.40 3603.42 3161.42 3866.90 2343.29 3851.42
26071-600-M6-065-00259 0.06556889414787292 3179.10 3267.35 4035.62 3254.35 4038.99 3476.13 3182.47 3489.13
26071-200-M6-052-00544 0.1042637899518013 4365.81 4298.94 4583.30 4281.46 4612.19 4641.04 4394.70 4658.51
26071-200-M6-052-00544 0.06849133968353271 2941.13 3935.21 3020.92 3914.32 3051.81 4032.28 2972.02 4053.17
26071-200-M6-052-00544 0.06769426167011261 4099.49 4063.02 4624.89 4030.60 4634.91 4193.09 4109.51 4225.51
26071-200-M6-052-00544 0.0623355358839035 2652.09 5169.54 3083.42 5172.03 3082.16 5390.27 2650.84 5387.78
26071-200-M6-052-00544 0.05719951540231705 4078.43 4205.07 4731.93 4169.26 4740.09 4318.08 4086.58 4353.89
26071-200-M6-052-00544 0.05388302356004715 4374.28 4607.19 4743.44 4666.43 4721.99 4800.09 4352.84 4740.85
26071-200-M6-052-00544 0.050318293273448944 2653.16 5080.12 3112.33 5060.21 3117.19 5172.42 2658.02 5192.33
26071-600-M6-066-00003 0.09786900132894516 2226.06 4730.32 2470.34 4680.00 2550.92 5071.18 2306.64 5121.50
26071-750-M6-085-00309 0.10366113483905792 2916.42 3575.62 3250.52 3569.98 3259.43 4096.91 2925.33 4102.56
26071-750-M6-085-00309 0.09820498526096344 5221.12 2461.81 5720.62 2423.58 5729.35 2537.61 5229.84 2575.85
26071-750-M6-085-00309 0.08892884850502014 3824.47 2487.87 4424.87 2433.89 4433.32 2527.83 3832.92 2581.81
26071-750-M6-085-00309 0.086776964366436 3041.87 2457.30 3496.46 2448.65 3498.83 2573.33 3044.24 2581.98
26071-750-M6-085-00309 0.08312822878360748 2950.80 4434.43 3849.16 4393.44 3861.07 4654.38 2962.71 4695.37
26071-750-M6-085-00309 0.07205085456371307 4254.66 2490.59 4782.62 2441.61 4790.99 2531.85 4263.03 2580.82
26071-750-M6-085-00309 0.06834111362695694 2966.99 3319.66 3078.97 3344.86 3001.23 3690.24 2889.25 3665.04
26071-750-M6-085-00309 0.06739180535078049 3177.38 3877.05 3300.20 3848.33 3431.18 4408.61 3308.36 4437.32
26071-750-M6-085-00309 0.0595657154917717 3904.10 2582.55 4343.83 2538.75 4355.25 2653.36 3915.52 2697.16
26071-750-M6-085-00309 0.05492497608065605 5385.66 2555.36 5689.82 2549.58 5692.13 2671.24 5387.97 2677.02
26071-750-M6-085-00309 0.05448787659406662 3118.58 4583.27 3220.32 4584.70 3213.40 5076.92 3111.66 5075.49
26071-750-M6-085-00309 0.053558215498924255 3059.07 2532.45 3281.63 2555.99 3266.38 2700.17 3043.82 2676.63
26071-750-M6-085-00309 0.05200112611055374 4440.04 2553.57 4650.72 2548.84 4653.95 2692.86 4443.26 2697.58
