26071-500-M6-059-00017 0.10055982321500778 4038.67 3592.45 4085.28 3591.17 4088.41 3705.79 4041.81 3707.06
26071-500-M6-059-00017 0.0893457755446434 2034.18 3585.59 2082.41 3586.75 2079.53 3706.14 2031.30 3704.98
26071-500-M6-059-00017 0.08662263303995132 6049.40 3586.21 6098.66 3586.71 6097.41 3708.75 6048.15 3708.24
26071-500-M6-059-00017 0.054072607308626175 2017.35 3711.91 2069.99 3687.73 2084.78 3719.94 2032.15 3744.12
26071-500-M6-059-00017 0.0518646202981472 6039.30 3717.51 6087.60 3692.45 6102.87 3721.90 6054.58 3746.95
26071-500-M6-059-00017 0.05160508304834366 4030.15 3721.63 4074.04 3687.31 4095.42 3714.66 4051.54 3748.98
26071-500-M6-059-00017 0.05138944834470749 4047.17 3274.05 4097.37 3277.37 4089.83 3391.43 4039.63 3388.11
26071-200-M6-052-00539 0.07715997844934464 3995.04 5608.10 4042.52 5609.81 4038.13 5732.29 3990.65 5730.59
26071-200-M6-052-00539 0.07544872909784317 3992.17 5227.36 4039.35 5227.02 4040.24 5350.07 3993.06 5350.41
26071-500-M6-059-00248 0.09705035388469696 4484.96 4284.92 4532.33 4282.92 4537.51 4405.58 4490.14 4407.58
26071-500-M6-059-00248 0.08017993718385696 4489.19 4665.57 4536.59 4666.16 4535.10 4785.59 4487.70 4784.99
26071-500-M6-059-00248 0.050499435514211655 4470.77 4398.26 4496.88 4374.25 4538.29 4419.30 4512.17 4443.31
26071-700-M6-054-00246 0.10683368891477585 4536.08 2861.26 4583.50 2862.03 4581.50 2985.20 4534.09 2984.44
26071-700-M6-054-00246 0.061843473464250565 4531.00 2992.01 4554.67 2970.77 4586.67 3006.43 4563.00 3027.67
26071-500-M6-059-00040 0.07581089437007904 1481.89 2500.95 1590.91 2503.91 1589.63 2551.26 1480.61 2548.31
26071-500-M6-059-00040 0.055794857442379 1478.74 2390.50 1595.94 2389.60 1596.29 2435.13 1479.09 2436.03
26071-500-M6-059-00040 0.0549919418990612 2579.37 1438.67 2628.58 1448.64 2619.03 1495.74 2569.82 1485.76
26071-500-M6-059-00040 0.05202602967619896 2493.83 1796.02 2598.74 1795.96 2598.77 1841.51 2493.86 1841.56
26071-750-M6-085-00286 0.12262556701898575 5318.49 3289.20 5363.28 3271.66 5404.07 3375.82 5359.28 3393.36
26071-750-M6-085-00286 0.11564960330724716 6140.86 3321.90 6178.89 3297.71 6228.10 3375.04 6190.07 3399.23
26071-750-M6-085-00286 0.08907575905323029 5352.60 3383.95 5400.87 3392.57 5392.47 3439.59 5344.21 3430.97
26071-750-M6-085-00286 0.08684595674276352 6178.23 3382.04 6228.01 3392.00 6218.61 3438.97 6168.83 3429.01
26071-550-M6-084-00248 0.1515607237815857 4490.71 4200.61 4537.59 4202.01 4534.11 4318.67 4487.23 4317.27
26071-550-M6-084-00248 0.12345615774393082 4487.20 3808.57 4534.50 3808.57 4534.50 3930.57 4487.20 3930.57
26071-550-M6-084-00248 0.06040935963392258 4490.93 3912.57 4538.26 3940.83 4519.45 3972.32 4472.13 3944.07
26071-203-M6-332-00008 0.0693320482969284 4948.51 3542.17 4997.58 3540.99 5000.00 3641.81 4950.93 3642.98
26071-203-M6-332-00008 0.06652504950761795 4224.64 3633.57 4276.65 3633.99 4275.88 3730.45 4223.88 3730.04
26071-203-M6-332-00008 0.06455133855342865 1814.91 3634.95 1866.75 3635.27 1866.17 3728.93 1814.34 3728.62
26071-203-M6-332-00008 0.06354416161775589 6656.45 3633.61 6708.44 3633.91 6707.88 3730.66 6655.89 3730.36
26071-203-M6-332-00008 0.05636346712708473 2551.48 3546.38 2599.08 3542.36 2607.49 3641.90 2559.89 3645.92
26071-200-M6-052-00080 0.09644755721092224 7181.65 3715.99 7229.27 3716.39 7228.23 3838.95 7180.61 3838.54
26071-200-M6-052-00080 0.09603049606084824 7183.53 4097.82 7231.01 4099.92 7225.62 4222.22 7178.14 4220.13
26071-200-M6-052-00080 0.09298458695411682 3755.94 3715.91 3803.07 3716.33 3801.99 3838.72 3754.86 3838.31
26071-200-M6-052-00080 0.08873804658651352 3756.21 4099.85 3803.34 4100.68 3801.19 4221.79 3754.06 4220.96
26071-200-M6-052-00080 0.052339181303977966 3747.34 3829.33 3802.93 3835.14 3799.14 3871.35 3743.56 3865.54
26071-300-M6-053-00309 0.05908120051026344 6124.42 4789.53 6176.02 4748.22 6227.08 4812.00 6175.48 4853.31
26071-450-M6-082-00009 0.062063053250312805 3900.12 5376.88 4023.41 5371.84 4025.36 5419.40 3902.07 5424.44
26071-450-M6-082-00009 0.056620415300130844 3486.23 5278.55 3610.87 5278.55 3610.87 5325.80 3486.24 5325.80
26071-200-M6-052-00552 0.09588485211133957 3994.95 2248.04 4042.15 2250.05 4036.87 2373.96 3989.68 2371.95
26071-750-M6-085-00007 0.05927461385726929 4934.71 3633.08 4967.34 3633.68 4965.49 3733.87 4932.86 3733.27
26071-203-M6-064-00271 0.050827011466026306 6593.81 2228.65 6639.70 2234.41 6633.75 2281.86 6587.86 2276.10
26071-203-M6-337-00031 0.0808785930275917 6952.37 489.94 6984.17 490.97 6980.98 589.47 6949.18 588.44
26071-203-M6-337-00031 0.06005583703517914 1664.98 5167.75 1696.89 5168.71 1693.98 5265.92 1662.06 5264.96
26071-203-M6-337-00031 0.05094031244516373 3157.22 582.16 3236.87 581.86 3237.05 630.85 3157.40 631.15
26071-203-M6-332-00001 0.07488683611154556 2813.51 3665.52 2846.22 3664.67 2848.82 3764.05 2816.12 3764.91
26071-203-M6-332-00001 0.06300528347492218 2989.19 2568.41 3078.21 2553.30 3085.68 2597.32 2996.66 2612.43
26071-203-M6-332-00001 0.06264457106590271 5089.86 2567.81 5177.41 2553.57 5184.58 2597.67 5097.03 2611.91
26071-203-M6-332-00001 0.05258316919207573 5500.45 2559.50 5594.36 2554.59 5596.78 2600.86 5502.88 2605.78
26071-203-M6-332-00001 0.05019019544124603 3818.51 2559.10 3915.66 2554.20 3918.07 2601.96 3820.92 2606.87
26071-200-M6-052-00003 0.07879401743412018 4464.86 3729.28 4511.97 3730.10 4509.81 3853.50 4462.70 3852.67
26071-200-M6-052-00003 0.05980845168232918 5638.92 4195.98 5686.48 4196.02 5686.35 4332.86 5638.80 4332.82
26071-700-M6-054-00036 0.11562591046094894 3849.36 3337.02 3896.75 3337.01 3896.78 3458.54 3849.39 3458.55
26071-700-M6-054-00036 0.05795377120375633 4709.52 1767.63 4761.32 1779.48 4743.59 1856.99 4691.79 1845.14
26071-700-M6-054-00036 0.05132877454161644 3846.80 3450.44 3900.23 3456.86 3896.33 3489.30 3842.90 3482.88
26071-600-M6-065-00231 0.057222433388233185 3101.54 3818.80 3134.35 3817.44 3138.67 3922.04 3105.86 3923.40
26071-500-M6-059-00071 0.09233439713716507 1629.39 5402.50 1677.23 5402.04 1678.38 5522.48 1630.54 5522.94
26071-500-M6-059-00071 0.07536595314741135 1984.72 3796.18 2111.82 3801.04 2109.59 3859.39 1982.49 3854.53
26071-500-M6-059-00071 0.05659591779112816 1620.06 5537.31 1664.82 5500.69 1688.65 5529.82 1643.89 5566.44
26071-203-M6-320-00008 0.055171750485897064 2368.39 4340.05 2412.74 4310.66 2441.62 4354.24 2397.27 4383.63
26071-500-M6-059-00116 0.056058067828416824 6849.84 5408.03 6885.00 5436.79 6849.30 5480.44 6814.14 5451.68
26071-203-M6-337-00007 0.05069369822740555 3307.47 2740.08 3340.29 2741.32 3336.57 2839.46 3303.76 2838.21
26071-200-M6-052-00090 0.09220190346240997 3401.39 3302.00 3448.87 3302.39 3447.84 3426.34 3400.35 3425.94
26071-200-M6-052-00090 0.09184939414262772 6412.08 3301.75 6459.34 3300.68 6462.07 3421.32 6414.81 3422.39
26071-200-M6-052-00090 0.0902400016784668 3403.44 3682.43 3451.24 3684.88 3444.96 3807.41 3397.16 3804.96
26071-200-M6-052-00090 0.08914992958307266 6410.48 3685.13 6457.76 3684.25 6460.02 3805.50 6412.74 3806.38
26071-200-M6-052-00090 0.07251898944377899 6358.69 2989.32 6459.00 2994.74 6457.26 3026.85 6356.95 3021.43
26071-200-M6-052-00090 0.06912554800510406 3001.75 6047.95 3091.70 6049.19 3091.05 6097.05 3001.09 6095.82
26071-200-M6-052-00090 0.06503172218799591 6412.79 2907.27 6461.27 2906.78 6462.20 2999.07 6413.72 2999.56
26071-200-M6-052-00090 0.054354362189769745 3403.95 1077.74 3444.01 1077.40 3444.85 1176.41 3404.79 1176.75
26071-200-M6-052-00090 0.052577026188373566 6412.03 3421.93 6440.49 3410.34 6458.73 3455.15 6430.28 3466.74
26071-200-M6-052-00090 0.05190782621502876 3423.63 3407.22 3450.35 3422.84 3424.55 3466.96 3397.83 3451.34
26071-200-M6-052-00090 0.051498424261808395 3317.43 1189.82 3424.25 1186.46 3425.25 1218.44 3318.43 1221.80
26071-600-M6-065-00037 0.05209062248468399 1579.65 6042.73 1627.59 6041.25 1631.84 6179.07 1583.90 6180.54
26071-600-M6-065-00037 0.0512852817773819 1467.41 6049.20 1515.72 6049.81 1513.88 6195.63 1465.57 6195.02
26071-300-M6-053-00010 0.12194350361824036 3403.99 2839.80 3450.18 2839.21 3451.00 2902.79 3404.81 2903.38
26071-300-M6-053-00010 0.11758661270141602 2692.17 4164.39 2739.73 4163.54 2741.91 4285.74 2694.34 4286.59
26071-300-M6-053-00010 0.05259140580892563 2717.54 4480.82 2752.98 4498.62 2724.69 4554.96 2689.25 4537.16
26071-300-M6-053-00010 0.05096861720085144 2167.52 4262.25 2265.32 4261.44 2265.59 4294.13 2167.80 4294.94
26071-203-M6-320-00042 0.18015992641448975 5523.32 3291.66 5571.33 3290.43 5574.60 3417.51 5526.59 3418.74
26071-203-M6-320-00042 0.060033466666936874 1866.81 3902.69 1952.39 3889.09 1961.01 3943.26 1875.43 3956.87
26071-203-M6-320-00042 0.05380973964929581 5560.44 3323.95 5597.29 3322.52 5599.76 3385.78 5562.91 3387.21
26071-200-M6-063-00010 0.10972492396831512 3164.70 3809.34 3212.27 3808.74 3213.84 3932.22 3166.27 3932.82
26071-200-M6-063-00010 0.06650501489639282 2919.05 3905.11 2977.33 3883.38 2991.50 3921.39 2933.22 3943.12
26071-300-M6-053-00012 0.11265409737825394 5723.21 2137.48 5771.75 2144.96 5756.40 2244.49 5707.87 2237.00
26071-300-M6-053-00012 0.07441283017396927 5714.93 2249.12 5763.84 2244.14 5767.26 2277.80 5718.36 2282.78
26071-675-M6-068-00034 0.055269282311201096 2544.75 5499.54 2583.67 5462.30 2628.17 5508.80 2589.26 5546.05
26071-450-M6-082-00031 0.1365327686071396 3683.20 3071.94 3731.86 3071.43 3733.21 3199.45 3684.55 3199.96
26071-200-M6-062-00276 0.09640565514564514 3639.26 3712.26 3687.11 3714.82 3683.12 3789.43 3635.27 3786.88
26071-500-M6-059-00013 0.09637600928544998 2929.83 4735.50 2977.04 4734.81 2978.81 4857.36 2931.61 4858.04
26071-500-M6-059-00013 0.053060222417116165 2922.14 4870.02 2969.73 4841.71 2987.50 4871.59 2939.90 4899.89
26071-500-M6-059-00044 0.05013415589928627 1793.25 4467.95 1856.74 4474.56 1845.42 4583.21 1781.93 4576.60
26071-200-M6-052-00093 0.09598170220851898 4677.88 3684.63 4726.05 3683.96 4727.77 3809.44 4679.60 3810.11
26071-200-M6-052-00093 0.08151122182607651 4677.59 1333.04 4720.81 1336.03 4712.82 1451.80 4669.60 1448.82
26071-200-M6-052-00093 0.07349513471126556 4680.81 2465.38 4729.15 2468.05 4722.39 2590.41 4674.04 2587.74
26071-200-M6-052-00093 0.06500273197889328 4680.59 4709.69 4729.28 4712.39 4722.48 4835.03 4673.79 4832.33
26071-200-M6-052-00093 0.054808326065540314 4683.13 1440.43 4715.41 1436.50 4721.45 1486.13 4689.17 1490.06
26071-200-M6-052-00093 0.051709577441215515 4666.87 3791.76 4728.73 3803.72 4722.05 3838.29 4660.19 3826.33
26071-200-M6-052-00093 0.05147372931241989 4705.09 4023.53 4732.14 4046.47 4697.93 4086.80 4670.89 4063.87
26071-750-M6-085-00012 0.0810043066740036 1853.98 3685.54 1920.12 3685.50 1920.15 3732.18 1854.01 3732.23
26071-750-M6-085-00012 0.06155342236161232 2984.50 4422.80 3095.67 4415.30 3098.48 4457.04 2987.31 4464.55
26071-750-M6-085-00012 0.05814949423074722 6966.67 3802.07 7086.54 3801.20 7086.88 3848.52 6967.02 3849.38
26071-750-M6-085-00012 0.05773262679576874 4782.33 3803.39 4901.19 3802.40 4901.59 3850.00 4782.73 3851.00
26071-750-M6-085-00012 0.056324753910303116 3137.13 6347.53 3169.86 6347.86 3168.85 6447.99 3136.12 6447.66
26071-750-M6-085-00012 0.05194797366857529 2470.01 3674.24 2568.31 3678.23 2565.70 3742.39 2467.40 3738.40
26071-600-M6-066-00003 0.05380118265748024 4863.05 2146.89 4979.47 2169.30 4968.65 2225.51 4852.23 2203.11
26071-600-M6-066-00003 0.05085937678813934 3748.08 2156.22 3879.89 2143.72 3885.37 2201.50 3753.56 2214.00
