26071-200-M6-052-00001 0.06580652296543121 5797.26 2485.58 5932.30 2471.29 5942.67 2569.24 5807.63 2583.53
26071-200-M6-052-00539 0.11847823858261108 5200.33 932.88 5284.08 940.48 5272.30 1070.27 5188.55 1062.67
26071-200-M6-052-00539 0.06351801007986069 2169.32 4511.62 2327.22 4508.18 2328.93 4586.61 2171.03 4590.05
26071-200-M6-052-00539 0.05495927855372429 6087.80 4230.81 6165.92 4230.05 6167.92 4436.20 6089.79 4436.95
26071-700-M6-054-00246 0.08235778659582138 4321.81 3217.30 4437.70 3219.30 4435.20 3363.95 4319.31 3361.94
26071-500-M6-059-00040 0.22821882367134094 2536.15 1312.32 2592.77 1309.21 2599.90 1439.18 2543.28 1442.29
26071-500-M6-059-00040 0.08991732448339462 3636.18 2818.03 3790.31 2841.81 3762.08 3024.73 3607.96 3000.94
26071-500-M6-059-00040 0.07960419356822968 4101.50 4884.67 4219.81 4873.80 4241.99 5115.06 4123.68 5125.94
26071-500-M6-059-00040 0.06395050138235092 2819.20 4892.98 2937.64 4908.92 2908.13 5128.14 2789.68 5112.19
26071-750-M6-085-00286 0.9633792042732239 3514.20 3348.02 3607.14 3356.83 3595.38 3480.85 3502.44 3472.04
26071-750-M6-085-00286 0.05004739388823509 5074.63 3264.20 5199.84 3257.55 5212.88 3502.96 5087.67 3509.61
26071-203-M6-332-00008 0.15028725564479828 7034.55 3816.09 7146.61 3823.74 7130.92 4053.48 7018.86 4045.82
26071-203-M6-332-00008 0.11442431807518005 2192.07 3842.95 2317.66 3848.19 2308.61 4064.99 2183.02 4059.75
26071-203-M6-332-00008 0.11164301633834839 4592.79 3843.78 4718.09 3849.40 4708.40 4065.57 4583.10 4059.96
26071-203-M6-332-00008 0.05022037774324417 6757.61 2202.69 6802.99 2203.23 6802.79 2220.33 6757.41 2219.80
26071-200-M6-052-00080 0.06020132079720497 4869.14 5200.67 4960.26 5203.89 4957.09 5293.65 4865.98 5290.44
26071-300-M6-053-00309 0.3356300890445709 5486.09 4669.26 5653.05 4689.60 5629.85 4879.98 5462.90 4859.64
26071-300-M6-053-00309 0.14353959262371063 5989.58 1219.49 6169.60 1201.27 6188.10 1384.04 6008.08 1402.26
26071-300-M6-053-00309 0.11847753822803497 5923.08 2042.53 6101.44 2019.81 6123.42 2192.31 5945.06 2215.03
26071-300-M6-053-00309 0.06175637245178223 5500.26 4862.36 5615.11 4870.75 5597.58 5110.72 5482.74 5102.34
26071-300-M6-053-00309 0.053084053099155426 4319.23 2085.78 4392.72 2069.94 4412.44 2161.45 4338.94 2177.28
26071-450-M6-082-00009 0.09933613240718842 3695.87 4556.83 3816.70 4605.84 3764.63 4734.20 3643.80 4685.18
26071-450-M6-082-00009 0.05174943432211876 2401.14 2704.00 2417.54 2703.32 2417.88 2711.55 2401.48 2712.23
26071-200-M6-052-00552 0.059266347438097 5252.16 4308.82 5322.28 4303.43 5330.86 4414.99 5260.75 4420.38
26071-750-M6-085-00007 0.08224274963140488 1845.95 2859.73 1968.91 2831.03 2019.57 3048.06 1896.61 3076.76
26071-750-M6-085-00007 0.06033797562122345 2931.70 2828.48 3050.12 2826.03 3054.86 3055.10 2936.44 3057.55
26071-750-M6-085-00007 0.0514838807284832 2776.81 2627.87 2933.08 2623.67 2937.83 2800.19 2781.55 2804.39
26071-203-M6-064-00271 0.10095678269863129 1332.27 4790.83 1419.84 4784.55 1427.83 4895.87 1340.26 4902.15
26071-203-M6-064-00271 0.06851791590452194 1765.48 2543.39 1808.63 2582.05 1772.23 2622.66 1729.09 2583.99
26071-203-M6-337-00031 0.16167375445365906 4948.49 1820.19 5020.60 1827.32 5008.36 1951.01 4936.25 1943.87
26071-203-M6-337-00031 0.13362756371498108 4945.21 1105.35 5016.87 1104.83 5017.78 1231.77 4946.12 1232.29
26071-203-M6-337-00031 0.13034537434577942 4941.69 2607.24 5013.39 2604.12 5019.00 2733.07 4947.30 2736.19
26071-203-M6-337-00031 0.12378474324941635 4950.02 2211.18 5031.55 2225.15 5013.22 2332.14 4931.69 2318.17
26071-203-M6-337-00031 0.0800575315952301 6428.60 488.96 6540.57 502.03 6516.31 709.93 6404.33 696.86
26071-203-M6-337-00031 0.07611661404371262 5617.32 2102.50 5794.70 2121.97 5775.56 2296.42 5598.18 2276.96
26071-203-M6-337-00031 0.07394608110189438 2257.33 2482.05 2380.39 2489.69 2370.20 2653.81 2247.15 2646.18
26071-203-M6-337-00031 0.06883163005113602 3548.94 1316.82 3612.06 1323.13 3601.91 1424.73 3538.79 1418.42
26071-203-M6-337-00031 0.06411856412887573 6435.52 1120.56 6541.25 1134.45 6514.56 1337.68 6408.83 1323.80
26071-203-M6-337-00031 0.06080544367432594 5383.13 677.98 5510.24 594.41 5660.67 823.19 5533.56 906.77
26071-203-M6-337-00031 0.05699606612324715 4941.42 2967.49 5017.49 2967.34 5017.75 3099.34 4941.68 3099.49
26071-203-M6-337-00031 0.05675492063164711 4941.82 1466.80 5013.52 1464.86 5017.05 1595.06 4945.35 1597.00
26071-203-M6-337-00031 0.05479217320680618 5606.27 2513.79 5799.98 2520.89 5793.16 2706.91 5599.45 2699.81
26071-203-M6-332-00001 0.10529311001300812 4301.70 2736.14 4405.33 2739.02 4398.19 2995.27 4294.56 2992.38
26071-203-M6-332-00001 0.06549587845802307 3562.14 3024.39 3690.90 3026.28 3688.00 3224.39 3559.24 3222.51
26071-203-M6-332-00001 0.06399521976709366 5661.96 3023.17 5791.06 3025.25 5787.84 3224.88 5658.74 3222.79
26071-203-M6-332-00001 0.05933484062552452 4599.12 3027.36 4741.47 3030.12 4737.75 3222.05 4595.41 3219.29
26071-200-M6-052-00150 0.12845532596111298 2969.69 2603.03 3219.41 2617.27 3215.27 2689.90 2965.55 2675.66
26071-200-M6-052-00150 0.055646445602178574 3607.93 3007.17 3793.54 2993.50 3811.42 3236.22 3625.80 3249.89
26071-200-M6-052-00003 0.0771869421005249 4526.22 4533.79 4665.74 4509.12 4679.19 4585.21 4539.67 4609.88
26071-200-M6-052-00003 0.0664939135313034 4183.31 4976.59 4373.96 4947.92 4394.40 5083.83 4203.75 5112.50
26071-700-M6-054-00013 0.07119351625442505 5154.97 3413.49 5247.80 3426.77 5233.64 3525.71 5140.81 3512.43
26071-203-M6-320-00044 0.9742330312728882 5208.83 3278.68 5306.28 3281.06 5303.35 3400.90 5205.90 3398.52
26071-600-M6-065-00231 0.12318897992372513 7161.30 3521.09 7291.27 3500.22 7329.57 3738.76 7199.60 3759.63
26071-600-M6-065-00231 0.12138193100690842 6665.03 3519.62 6778.86 3519.08 6779.95 3750.02 6666.13 3750.57
26071-600-M6-065-00231 0.09820108115673065 6682.79 1935.96 6768.81 1893.16 6825.47 2007.05 6739.44 2049.85
26071-600-M6-065-00231 0.06743663549423218 3408.86 5500.12 3587.63 5544.78 3565.62 5632.89 3386.85 5588.22
26071-203-M6-320-00008 0.05215179920196533 2460.72 3913.07 2591.07 3915.01 2587.53 4152.93 2457.18 4151.00
26071-500-M6-059-00116 0.591759204864502 6791.69 5175.28 6899.52 5165.08 6912.38 5301.04 6804.55 5311.24
26071-500-M6-059-00116 0.05700456351041794 5962.32 5760.09 6082.00 5765.68 6070.92 6002.53 5951.25 5996.94
26071-550-M6-084-00026 0.9735735654830933 5903.83 4119.85 5998.04 4122.28 5995.00 4240.30 5900.79 4237.87
26071-550-M6-084-00026 0.11703956872224808 2207.63 3311.00 2385.93 3341.77 2359.45 3495.21 2181.15 3464.44
26071-550-M6-084-00026 0.11350610852241516 4573.03 3303.99 4737.97 3317.34 4724.70 3481.20 4559.76 3467.84
26071-550-M6-084-00026 0.08004049956798553 4601.64 3489.69 4726.51 3487.78 4729.85 3705.70 4604.98 3707.62
26071-550-M6-084-00026 0.06429048627614975 4882.73 2840.30 4944.40 2839.82 4945.16 2936.98 4883.49 2937.46
26071-550-M6-084-00026 0.05886271968483925 2217.63 3476.14 2338.59 3464.16 2362.31 3703.57 2241.35 3715.55
26071-550-M6-084-00026 0.05739954486489296 2512.57 2836.79 2576.73 2845.27 2564.07 2941.06 2499.91 2932.59
26071-550-M6-084-00026 0.05367802828550339 7230.61 3323.78 7322.42 3330.42 7319.02 3377.35 7227.21 3370.70
26071-203-M6-337-00007 0.9757660627365112 4332.65 1398.70 4428.24 1395.25 4432.70 1518.68 4337.10 1522.13
26071-203-M6-337-00007 0.9702662825584412 4334.65 4100.48 4429.87 4100.63 4429.68 4220.36 4334.46 4220.21
26071-203-M6-337-00007 0.07094697654247284 5227.39 5628.03 5303.80 5628.41 5302.94 5804.91 5226.53 5804.53
26071-203-M6-337-00007 0.06987188011407852 5235.65 2924.85 5311.31 2927.31 5305.57 3103.64 5229.92 3101.18
26071-203-M6-337-00007 0.05521903559565544 5085.00 5750.48 5170.81 5736.23 5192.22 5865.14 5106.41 5879.39
26071-203-M6-337-00007 0.0514678880572319 5079.99 3061.00 5162.25 3039.59 5194.41 3163.19 5112.14 3184.59
26071-200-M6-052-00090 0.06873626261949539 4004.84 4784.63 4100.85 4788.03 4097.49 4882.85 4001.48 4879.45
26071-200-M6-052-00090 0.06417766213417053 5973.51 1580.10 6067.20 1588.17 6059.16 1681.50 5965.47 1673.44
26071-200-M6-052-00090 0.06272709369659424 4185.92 5948.33 4282.82 5946.24 4283.51 5978.03 4186.61 5980.12
26071-200-M6-052-00090 0.053321048617362976 2923.69 1639.24 2972.87 1633.15 2977.09 1667.23 2927.91 1673.33
26071-200-M6-052-00090 0.05001327395439148 6075.65 5245.26 6152.31 5197.60 6222.34 5310.24 6145.68 5357.90
26071-600-M6-065-00037 0.06871815025806427 1890.69 4587.46 2013.76 4585.70 2015.47 4705.26 1892.41 4707.03
26071-600-M6-065-00037 0.056817810982465744 5200.89 4587.39 5318.55 4593.04 5312.58 4717.46 5194.92 4711.81
26071-600-M6-065-00037 0.05068747699260712 6113.66 3156.87 6207.44 3155.31 6207.96 3186.58 6114.18 3188.15
26071-300-M6-053-00010 0.059379179030656815 6259.04 2583.97 6416.25 2597.48 6407.60 2698.19 6250.38 2684.68
26071-203-M6-320-00042 0.984706461429596 3143.44 2639.30 3241.44 2642.51 3237.65 2758.12 3139.65 2754.91
26071-203-M6-320-00042 0.06763055920600891 5282.90 3286.35 5392.63 3286.04 5393.33 3533.57 5283.60 3533.88
26071-203-M6-160-00291 0.9619813561439514 5609.82 1640.42 5704.84 1643.57 5700.91 1762.37 5605.89 1759.22
26071-203-M6-160-00291 0.13531671464443207 2743.16 5305.44 2916.75 5295.62 2927.25 5481.37 2753.66 5491.19
26071-203-M6-160-00291 0.12857070565223694 5224.67 5307.36 5403.14 5295.12 5415.66 5477.62 5237.19 5489.86
26071-203-M6-160-00291 0.11048474162817001 2774.43 5499.86 2909.02 5504.77 2901.45 5712.14 2766.86 5707.23
26071-203-M6-160-00291 0.08510144054889679 5249.67 5496.50 5365.57 5488.71 5380.63 5712.60 5264.73 5720.39
26071-203-M6-160-00291 0.05967552587389946 2532.14 5115.19 2593.84 5101.89 2632.05 5279.18 2570.35 5292.48
26071-203-M6-060-00001 0.057354144752025604 3614.36 4609.94 3704.05 4609.34 3704.68 4703.04 3614.98 4703.64
26071-200-M6-063-00010 0.07013410329818726 4907.18 1896.14 4999.48 1889.78 5005.59 1978.35 4913.29 1984.72
26071-203-M6-060-00006 0.07759622484445572 6942.66 4317.70 7070.96 4322.08 7063.26 4547.54 6934.96 4543.16
26071-203-M6-060-00006 0.07000671327114105 7158.85 5994.39 7250.70 5994.25 7250.75 6027.87 7158.90 6028.00
26071-203-M6-060-00006 0.06252125650644302 6471.33 4332.03 6589.56 4291.29 6666.49 4514.57 6548.26 4555.31
26071-203-M6-060-00006 0.05487765371799469 2904.60 3820.74 2968.80 3822.67 2965.02 3948.54 2900.82 3946.61
26071-300-M6-053-00012 0.06323546916246414 4601.10 3380.62 4699.67 3364.47 4721.68 3498.77 4623.11 3514.93
26071-300-M6-053-00012 0.05649271607398987 4247.19 3853.25 4409.86 3879.26 4395.60 3968.44 4232.93 3942.43
26071-300-M6-053-00012 0.052803073078393936 5502.69 1599.60 5597.83 1596.23 5601.06 1687.36 5505.92 1690.73
26071-450-M6-082-00031 0.07659237086772919 5025.48 6091.81 5109.76 6072.08 5132.94 6171.12 5048.66 6190.85
26071-200-M6-062-00276 0.1024945080280304 1254.80 3911.19 1329.73 3907.97 1339.10 4125.89 1264.17 4129.11
26071-500-M6-059-00011 0.05616001412272453 7556.76 3720.26 7582.15 3720.55 7581.59 3768.24 7556.21 3767.95
26071-500-M6-059-00011 0.050437550991773605 3814.25 5084.16 3874.51 5031.24 3955.87 5123.89 3895.61 5176.81
26071-600-M6-065-00021 0.06960440427064896 4218.31 2888.41 4355.01 2914.79 4339.86 2993.30 4203.16 2966.92
26071-600-M6-065-00021 0.06196993961930275 2868.61 4010.20 2957.93 4028.54 2938.85 4121.44 2849.54 4103.10
26071-600-M6-065-00021 0.05560224875807762 2230.81 1469.19 2342.17 1475.27 2336.49 1579.40 2225.13 1573.32
26071-500-M6-059-00044 0.14502301812171936 5604.79 4941.99 5729.25 4941.01 5731.16 5183.73 5606.71 5184.72
26071-500-M6-059-00044 0.11452418565750122 2020.86 4946.38 2145.72 4939.76 2158.45 5179.79 2033.59 5186.41
26071-500-M6-059-00044 0.10550299286842346 7142.72 4942.89 7272.04 4950.32 7258.45 5186.75 7129.14 5179.32
26071-500-M6-059-00044 0.10516493767499924 3565.10 4939.08 3695.98 4950.11 3676.00 5187.00 3545.12 5175.96
26071-500-M6-059-00044 0.10411103069782257 2835.16 1956.49 2923.79 2001.99 2874.79 2097.43 2786.16 2051.93
26071-500-M6-059-00044 0.09407339245080948 5163.06 3116.85 5328.67 3166.55 5299.94 3262.31 5134.32 3212.61
26071-500-M6-059-00044 0.08177012950181961 3861.67 4325.14 3951.63 4317.15 3969.01 4512.74 3879.04 4520.73
26071-500-M6-059-00044 0.0771857500076294 5364.99 4334.39 5445.74 4329.84 5455.26 4499.02 5374.51 4503.56
26071-500-M6-059-00044 0.06648654490709305 1776.43 4343.43 1854.46 4339.92 1864.22 4557.17 1786.20 4560.68
26071-500-M6-059-00044 0.06511460244655609 2515.97 2005.67 2612.34 2002.37 2614.04 2052.08 2517.67 2055.38
26071-500-M6-059-00044 0.05648517981171608 3101.23 2002.09 3200.88 1999.24 3202.45 2054.17 3102.80 2057.02
26071-500-M6-059-00044 0.0556948147714138 7462.45 4335.78 7550.62 4332.51 7556.90 4502.01 7468.72 4505.28
26071-200-M6-052-00002 0.06729142367839813 6242.92 1848.84 6491.45 1930.59 6464.61 2012.19 6216.08 1930.44
26071-675-M6-068-10002 0.35838791728019714 7743.75 2026.29 7821.27 1999.07 7863.90 2120.45 7786.38 2147.68
26071-675-M6-068-10002 0.34246790409088135 5626.80 1909.47 5687.02 1856.87 5772.81 1955.07 5712.59 2007.68
26071-675-M6-068-10002 0.3421092629432678 6691.22 2022.86 6776.72 1998.19 6811.54 2118.85 6726.03 2143.52
26071-675-M6-068-10002 0.3342815935611725 4840.21 1907.01 4913.56 1867.29 4974.66 1980.13 4901.31 2019.85
26071-675-M6-068-10002 0.29757434129714966 4042.99 1868.30 4163.62 1922.33 4130.67 1995.90 4010.04 1941.88
26071-675-M6-068-10002 0.06505145132541656 4645.04 1877.63 4717.23 1877.67 4717.12 2067.94 4644.94 2067.90
26071-750-M6-085-00012 0.11680812388658524 726.76 2121.94 864.21 2161.66 824.36 2299.56 686.91 2259.84
26071-750-M6-085-00012 0.06277992576360703 1588.73 2020.54 1709.69 2022.04 1706.47 2282.57 1585.51 2281.07
26071-750-M6-085-00012 0.05775510147213936 739.63 1889.60 803.63 1900.17 784.16 2018.13 720.16 2007.57
26071-750-M6-085-00012 0.054534912109375 6057.98 1626.82 6145.88 1557.83 6251.40 1692.26 6163.50 1761.25
26071-750-M6-085-00012 0.05449686199426651 6968.47 4297.97 7218.44 4292.03 7221.26 4410.35 6971.28 4416.30
26071-200-M6-052-00544 0.08033757656812668 2799.31 2238.65 2878.19 2249.62 2868.07 2322.36 2789.20 2311.40
26071-200-M6-052-00544 0.07307010143995285 1348.34 4190.72 1402.25 4234.33 1359.43 4287.27 1305.52 4243.66
26071-200-M6-052-00544 0.053767625242471695 4287.27 3927.77 4374.62 3927.88 4374.44 4079.30 4287.09 4079.19
26071-200-M6-052-00544 0.05010920390486717 1313.20 4248.55 1409.82 4246.80 1413.25 4435.49 1316.63 4437.25
26071-750-M6-085-00309 0.2745930254459381 2992.78 3620.54 3108.69 3627.79 3097.80 3801.82 2981.89 3794.56
