26071-200-M6-052-00001 0.08679873496294022 3757.48 4032.80 3802.25 4032.42 3802.51 4062.55 3757.74 4062.93
26071-200-M6-052-00001 0.08442565053701401 3164.27 3347.42 3209.62 3346.99 3209.92 3378.66 3164.57 3379.09
26071-200-M6-052-00001 0.07873859256505966 2262.45 5782.98 2379.69 5774.55 2391.15 5933.82 2273.91 5942.26
26071-200-M6-052-00001 0.07346857339143753 3458.96 2849.48 3506.20 2851.51 3504.91 2881.59 3457.66 2879.56
26071-200-M6-052-00001 0.06814920157194138 3165.63 3567.90 3210.09 3567.13 3210.61 3597.65 3166.15 3598.41
26071-200-M6-052-00001 0.05253494158387184 3756.84 5421.73 3801.04 5420.62 3801.79 5450.68 3757.59 5451.78
26071-500-M6-059-00017 0.06771951168775558 3896.92 1062.88 3991.33 1062.07 3991.74 1109.12 3897.32 1109.92
26071-500-M6-059-00017 0.05936604365706444 3756.67 1958.13 3804.21 1959.82 3800.89 2052.78 3753.35 2051.08
26071-500-M6-059-00017 0.05480925366282463 674.42 3472.00 828.82 3487.91 812.71 3644.28 658.31 3628.37
26071-600-M6-066-00012 0.14213983714580536 5977.08 3924.10 6067.39 3919.15 6070.01 3967.09 5979.70 3972.04
26071-600-M6-066-00012 0.09521879255771637 7371.09 1767.60 7491.66 1757.69 7506.10 1933.34 7385.53 1943.26
26071-600-M6-066-00012 0.07502038776874542 3168.22 3463.43 3190.59 3454.77 3207.27 3497.85 3184.90 3506.51
26071-600-M6-066-00012 0.06695927679538727 5407.82 1807.06 5454.45 1807.05 5454.45 1836.96 5407.82 1836.96
26071-600-M6-066-00012 0.06366650015115738 5610.33 2122.51 5736.47 2126.39 5731.04 2302.65 5604.91 2298.77
26071-600-M6-066-00012 0.05598011240363121 3165.22 3705.95 3209.85 3707.21 3208.98 3738.11 3164.35 3736.85
26071-600-M6-066-00012 0.054743051528930664 6119.73 2497.61 6163.96 2497.77 6163.85 2527.74 6119.63 2527.58
26071-600-M6-066-00012 0.05202877148985863 2930.14 3713.07 2975.76 3714.36 2975.05 3739.29 2929.43 3738.00
26071-600-M6-066-00012 0.05085395649075508 3874.33 3718.03 3920.87 3718.66 3920.59 3738.73 3874.06 3738.11
26071-200-M6-052-00539 0.10872766375541687 2222.55 3178.03 2268.22 3179.31 2267.43 3207.61 2221.76 3206.33
26071-200-M6-052-00539 0.06627903878688812 1975.45 4380.82 2005.54 4380.74 2005.66 4426.76 1975.58 4426.84
26071-500-M6-059-00248 0.09540793299674988 4490.95 4630.45 4535.39 4630.38 4535.44 4660.22 4491.00 4660.29
26071-500-M6-059-00248 0.06753285229206085 3753.82 3379.70 3801.76 3378.79 3803.50 3470.38 3755.55 3471.29
26071-500-M6-059-00248 0.06394574046134949 4490.39 4413.11 4535.93 4412.13 4536.55 4440.83 4491.01 4441.81
26071-500-M6-059-00248 0.05619340389966965 4654.09 4412.26 4699.97 4411.71 4700.31 4440.74 4654.44 4441.29
26071-203-M6-325-00012 0.9982280135154724 3853.06 3032.49 3886.12 3032.39 3886.26 3079.08 3853.21 3079.19
26071-203-M6-325-00012 0.9975903034210205 3852.13 2402.23 3884.76 2401.16 3886.31 2448.67 3853.69 2449.74
26071-203-M6-325-00012 0.9975109100341797 3853.52 1473.49 3886.20 1473.16 3886.67 1519.86 3853.98 1520.19
26071-203-M6-325-00012 0.9973668456077576 4213.03 3723.11 4245.95 3722.27 4247.14 3768.69 4214.21 3769.53
26071-203-M6-325-00012 0.9966843724250793 4213.15 5043.06 4246.10 5042.29 4247.21 5089.28 4214.25 5090.06
26071-203-M6-325-00012 0.06328462809324265 1655.22 2483.95 1702.53 2483.45 1703.50 2575.27 1656.20 2575.77
26071-203-M6-325-00012 0.05780002847313881 1655.72 1547.16 1702.18 1546.39 1703.72 1639.78 1657.25 1640.54
26071-203-M6-325-00012 0.05563143640756607 1666.79 5116.21 1690.57 5116.24 1690.51 5163.19 1666.73 5163.16
26071-700-M6-054-00246 0.10006232559680939 4177.45 3566.05 4268.62 3568.11 4267.54 3615.61 4176.37 3613.55
26071-700-M6-054-00246 0.07784528285264969 4131.48 5466.40 4251.69 5465.03 4253.57 5630.91 4133.36 5632.28
26071-700-M6-054-00246 0.05288855358958244 4332.52 4505.16 4422.32 4519.06 4415.18 4565.20 4325.38 4551.30
26071-700-M6-054-00246 0.050520140677690506 3988.60 2081.61 4037.11 2079.60 4040.94 2171.90 3992.43 2173.91
26071-500-M6-059-00040 0.9953951239585876 6409.58 2267.33 6441.49 2267.91 6440.63 2315.11 6408.71 2314.53
26071-500-M6-059-00040 0.16222065687179565 5870.12 2858.21 5900.88 2858.99 5899.74 2903.72 5868.99 2902.94
26071-500-M6-059-00040 0.09247118979692459 5438.83 2859.50 5468.07 2859.79 5467.63 2904.52 5438.39 2904.23
26071-500-M6-059-00040 0.08207319676876068 3778.57 2858.23 3808.27 2857.84 3808.85 2902.18 3779.16 2902.57
26071-500-M6-059-00040 0.07619907706975937 4320.92 2857.83 4414.92 2857.13 4415.27 2904.24 4321.26 2904.93
26071-550-M6-084-00248 0.17072127759456635 2900.97 4187.61 2990.18 4187.84 2989.99 4262.14 2900.77 4261.91
26071-550-M6-084-00248 0.08912863582372665 4488.61 3941.42 4534.35 3937.34 4536.77 3964.44 4491.02 3968.52
26071-550-M6-084-00248 0.08108307421207428 4665.16 4155.66 4710.99 4157.24 4709.94 4187.57 4664.11 4185.99
26071-550-M6-084-00248 0.0809188112616539 4489.13 4158.50 4534.29 4156.90 4535.35 4186.82 4490.19 4188.42
26071-550-M6-084-00248 0.08049440383911133 1786.16 2381.20 1878.88 2390.09 1874.59 2434.81 1781.87 2425.91
26071-550-M6-084-00248 0.06522520631551743 3752.21 2909.01 3800.95 2907.07 3804.59 2998.34 3755.86 3000.29
26071-203-M6-332-00008 0.06397915631532669 1860.28 4562.89 2006.88 4539.24 2031.86 4694.09 1885.26 4717.74
26071-203-M6-332-00008 0.053549252450466156 4648.20 3572.20 4740.11 3572.51 4739.96 3617.85 4648.05 3617.54
26071-200-M6-052-00080 0.9963108897209167 3290.36 6460.34 3323.23 6460.64 3322.80 6507.81 3289.94 6507.52
26071-200-M6-052-00080 0.9555231928825378 7180.58 5227.34 7229.40 5228.33 7228.77 5259.41 7179.95 5258.42
26071-200-M6-052-00080 0.9551759362220764 3757.41 5226.32 3805.76 5227.23 3805.17 5258.83 3756.82 5257.92
26071-200-M6-052-00080 0.11166251450777054 2775.46 6460.05 2870.56 6459.66 2870.75 6506.83 2775.66 6507.22
26071-200-M6-052-00080 0.1032656654715538 3756.07 3845.62 3802.02 3845.30 3802.22 3874.59 3756.27 3874.90
26071-200-M6-052-00080 0.08287057280540466 7079.40 5976.68 7097.26 5977.30 7095.65 6023.50 7077.79 6022.88
26071-200-M6-052-00080 0.07110923528671265 3285.58 4063.36 3329.95 4064.93 3328.92 4094.00 3284.55 4092.42
26071-200-M6-052-00080 0.07077658176422119 3756.88 4062.39 3801.14 4061.75 3801.58 4092.20 3757.32 4092.84
26071-200-M6-052-00080 0.0673070102930069 6753.19 1550.67 6801.51 1549.27 6804.16 1640.89 6755.84 1642.28
26071-200-M6-052-00080 0.06344477832317352 6710.34 4062.97 6754.86 4064.03 6754.15 4093.63 6709.64 4092.57
26071-200-M6-052-00080 0.06125301495194435 3753.66 3250.23 3802.35 3250.85 3801.19 3341.70 3752.50 3341.08
26071-200-M6-052-00080 0.05815349519252777 6380.56 4063.18 6425.06 4064.38 6424.28 4093.58 6379.78 4092.38
26071-200-M6-052-00080 0.057393305003643036 3753.59 5398.53 3801.75 5398.50 3801.81 5494.50 3753.64 5494.53
26071-200-M6-052-00080 0.05424788221716881 2861.96 1817.54 2903.67 1819.02 2901.98 1866.48 2860.27 1864.99
26071-200-M6-052-00080 0.053940605372190475 2954.93 4063.42 2999.26 4064.76 2998.38 4094.24 2954.04 4092.91
26071-200-M6-052-00080 0.05099884420633316 3757.84 4193.31 3806.25 4193.87 3805.98 4218.10 3757.56 4217.55
26071-203-M6-321-00604 0.9728221893310547 7175.98 1012.00 7223.64 1014.20 7222.11 1047.33 7174.44 1045.13
26071-203-M6-321-00604 0.06272860616445541 4655.29 1236.38 4703.14 1235.95 4703.98 1328.18 4656.12 1328.61
26071-300-M6-053-00309 0.9981982111930847 5998.53 1541.58 6045.60 1541.50 6045.66 1574.25 5998.59 1574.33
26071-300-M6-053-00309 0.9979491829872131 5416.76 3270.69 5449.18 3270.91 5448.85 3317.62 5416.44 3317.40
26071-300-M6-053-00309 0.9963899254798889 5475.68 2504.02 5508.51 2504.23 5508.21 2550.86 5475.38 2550.65
26071-300-M6-053-00309 0.06452980637550354 6062.77 1881.62 6096.56 1847.91 6119.50 1870.90 6085.71 1904.60
26071-300-M6-053-00309 0.06201818957924843 6071.26 1504.15 6102.99 1494.90 6116.56 1541.45 6084.83 1550.70
26071-300-M6-053-00309 0.05170786753296852 6069.85 1899.19 6115.80 1897.49 6119.22 1989.85 6073.27 1991.55
26071-300-M6-053-00309 0.05101865530014038 6070.54 1071.83 6116.35 1071.31 6117.41 1164.56 6071.60 1165.08
26071-300-M6-053-00309 0.050600141286849976 5998.76 1767.05 6044.72 1766.88 6044.78 1783.84 5998.82 1784.01
26071-300-M6-053-00309 0.050173886120319366 5481.23 5746.59 5633.92 5761.93 5618.21 5918.28 5465.52 5902.93
26071-450-M6-082-00009 0.9980244636535645 6361.88 4984.75 6394.77 4985.11 6394.26 5032.03 6361.37 5031.67
26071-450-M6-082-00009 0.9977378845214844 5652.11 6283.17 5685.11 6282.75 5685.71 6329.80 5652.71 6330.22
26071-450-M6-082-00009 0.06993048638105392 2575.36 2738.60 2620.26 2739.41 2619.71 2770.11 2574.80 2769.30
26071-450-M6-082-00009 0.062449861317873 1925.26 2874.66 1972.43 2874.70 1972.41 2892.01 1925.24 2891.97
26071-450-M6-082-00009 0.05592798441648483 2078.71 5279.05 2171.69 5279.68 2171.37 5327.22 2078.39 5326.59
26071-200-M6-052-00552 0.9976512789726257 4825.04 4039.14 4857.79 4038.88 4858.16 4085.83 4825.41 4086.08
26071-200-M6-052-00552 0.125847727060318 4170.08 2858.06 4199.94 2859.09 4198.38 2903.85 4168.53 2902.82
26071-750-M6-085-00007 0.15020079910755157 6798.45 5682.50 6885.74 5679.08 6888.63 5753.03 6801.35 5756.44
26071-750-M6-085-00007 0.1086026057600975 2908.56 957.07 2989.31 966.61 2980.49 1041.24 2899.74 1031.70
26071-750-M6-085-00007 0.0896964743733406 1664.10 2260.65 1687.33 2261.17 1686.26 2308.58 1663.03 2308.06
26071-750-M6-085-00007 0.06340257823467255 6362.28 4162.04 6509.15 4168.00 6502.85 4323.46 6355.98 4317.51
26071-750-M6-085-00007 0.06232529506087303 3282.13 1501.74 3374.55 1498.13 3376.40 1545.55 3283.99 1549.17
26071-750-M6-085-00007 0.060114387422800064 4930.78 2555.67 4954.55 2555.51 4954.88 2604.75 4931.11 2604.91
26071-750-M6-085-00007 0.058865878731012344 4051.94 2614.96 4097.63 2616.54 4096.60 2646.19 4050.92 2644.61
26071-750-M6-085-00007 0.05795833840966225 4051.56 2764.23 4096.55 2763.08 4097.30 2792.42 4052.31 2793.57
26071-750-M6-085-00007 0.05363908037543297 5723.08 5558.44 5851.82 5556.42 5854.47 5724.77 5725.73 5726.79
26071-750-M6-085-00007 0.052701108157634735 3258.45 2260.98 3282.07 2261.40 3281.22 2309.60 3257.60 2309.18
26071-750-M6-085-00007 0.05221523344516754 7179.59 6283.19 7272.71 6284.62 7271.98 6332.24 7178.86 6330.81
26071-203-M6-337-00031 0.1489136666059494 6846.50 3455.32 6892.93 3455.05 6893.04 3472.42 6846.60 3472.69
26071-203-M6-337-00031 0.0799303948879242 3478.52 755.65 3572.61 761.18 3569.83 808.41 3475.74 802.88
26071-203-M6-337-00031 0.0741456151008606 6846.14 3736.09 6892.69 3735.91 6892.76 3753.05 6846.21 3753.23
26071-203-M6-337-00031 0.06591157615184784 2099.63 2596.68 2118.84 2598.73 2113.70 2646.89 2094.50 2644.84
26071-203-M6-337-00031 0.06469271332025528 2448.73 2706.35 2577.82 2697.02 2590.93 2878.27 2461.84 2887.61
26071-203-M6-337-00031 0.054359789937734604 5356.69 687.05 5480.60 614.68 5599.39 818.07 5475.47 890.44
26071-203-M6-337-00031 0.05172606185078621 3522.81 1654.89 3552.89 1654.65 3553.25 1698.56 3523.16 1698.80
26071-203-M6-332-00001 0.99604332447052 1543.45 5641.53 1576.26 5642.15 1575.37 5689.53 1542.56 5688.91
26071-203-M6-332-00001 0.1372688263654709 4267.69 3070.40 4393.73 3055.61 4414.37 3231.60 4288.33 3246.38
26071-203-M6-332-00001 0.09634581953287125 5454.99 3011.89 5618.23 3013.11 5616.63 3227.65 5453.39 3226.43
26071-203-M6-332-00001 0.09278406202793121 3355.06 3010.80 3519.28 3012.35 3517.25 3227.12 3353.03 3225.57
26071-203-M6-332-00001 0.08571815490722656 6118.78 1111.62 6143.19 1111.63 6143.16 1158.28 6118.76 1158.27
26071-203-M6-332-00001 0.06815691292285919 5999.67 1591.88 6023.04 1593.32 6020.16 1640.18 5996.78 1638.74
26071-203-M6-332-00001 0.06623879820108414 4772.82 3004.88 4900.87 2995.71 4915.89 3205.62 4787.85 3214.79
26071-203-M6-332-00001 0.06293100863695145 2938.35 2984.13 3007.30 2915.34 3261.80 3170.46 3192.85 3239.25
26071-203-M6-332-00001 0.06031637266278267 5106.55 2915.76 5364.08 3170.21 5295.48 3239.64 5037.95 2985.19
26071-203-M6-332-00001 0.05856208875775337 4872.69 2455.02 5027.75 2452.61 5030.15 2606.98 4875.09 2609.39
26071-203-M6-332-00001 0.058377332985401154 5267.96 2460.48 5435.92 2433.64 5463.64 2607.04 5295.67 2633.88
26071-203-M6-332-00001 0.0569746233522892 3600.34 2469.07 3759.74 2441.79 3788.34 2608.89 3628.94 2636.17
26071-203-M6-332-00001 0.05280144140124321 3833.07 3007.60 3969.83 2974.81 4030.73 3228.84 3893.96 3261.63
26071-203-M6-332-00001 0.05234581604599953 4195.58 2565.91 4217.86 2565.32 4219.10 2612.05 4196.82 2612.64
26071-203-M6-332-00001 0.052081987261772156 5934.20 3007.84 6070.45 2975.23 6131.13 3228.74 5994.88 3261.35
26071-203-M6-079-00001 0.9973679184913635 4589.96 3921.18 4622.57 3921.55 4622.04 3968.82 4589.43 3968.45
26071-203-M6-079-00001 0.9972050786018372 4589.58 4984.08 4622.27 4984.14 4622.17 5031.63 4589.49 5031.56
26071-203-M6-079-00001 0.9969189167022705 4589.36 1086.03 4622.52 1086.23 4622.23 1133.86 4589.07 1133.66
26071-203-M6-079-00001 0.9968648552894592 4590.52 5928.63 4623.37 5929.92 4621.50 5977.66 4588.65 5976.37
26071-200-M6-052-00150 0.9960434436798096 2226.98 1322.61 2259.24 1321.93 2260.24 1369.29 2227.98 1369.97
26071-200-M6-052-00150 0.06063077226281166 1532.54 1912.52 1557.18 1912.08 1558.04 1960.35 1533.40 1960.79
26071-200-M6-052-00003 0.0768752470612526 4582.41 4624.91 4627.37 4625.12 4627.23 4653.90 4582.27 4653.68
26071-200-M6-052-00003 0.07486052811145782 2933.88 4099.27 2963.85 4098.75 2964.63 4143.66 2934.66 4144.18
26071-200-M6-052-00003 0.07418062537908554 3460.67 3859.28 3505.24 3858.47 3505.80 3888.83 3461.22 3889.65
26071-200-M6-052-00003 0.06928766518831253 4245.15 5545.64 4355.19 5551.51 4345.87 5726.02 4235.84 5720.14
26071-200-M6-052-00003 0.051358435302972794 3479.56 1885.64 3600.76 1881.07 3606.67 2037.99 3485.48 2042.56
26071-200-M6-052-00003 0.050318337976932526 4583.12 4684.37 4630.11 4683.70 4630.35 4700.78 4583.36 4701.44
26071-700-M6-054-00013 0.9982684850692749 5181.05 1557.42 5213.30 1558.38 5211.89 1605.91 5179.64 1604.96
26071-700-M6-054-00013 0.05042022094130516 3447.35 5814.04 3493.53 5812.49 3496.60 5904.06 3450.42 5905.60
26071-700-M6-054-00036 0.9967730641365051 5770.48 2857.53 5802.83 2857.74 5802.51 2905.51 5770.16 2905.30
26071-700-M6-054-00036 0.09608659148216248 6861.02 2858.57 6954.55 2858.19 6954.75 2905.30 6861.21 2905.68
26071-700-M6-054-00036 0.05345742404460907 4051.94 3685.55 4097.37 3684.63 4097.95 3713.51 4052.52 3714.42
26071-600-M6-065-00231 0.09047878533601761 6461.06 3459.58 6505.44 3459.39 6505.57 3490.14 6461.19 3490.33
26071-600-M6-065-00231 0.07257840037345886 3461.50 3501.55 3505.48 3501.03 3505.84 3531.51 3461.86 3532.03
26071-600-M6-065-00231 0.0672469437122345 4357.51 1959.40 4405.14 1960.65 4402.68 2054.19 4355.05 2052.94
26071-600-M6-065-00231 0.058303676545619965 6391.21 3460.08 6436.17 3459.90 6436.28 3489.96 6391.32 3490.13
26071-600-M6-065-00231 0.05437809228897095 6461.73 3312.63 6505.89 3311.59 6506.59 3341.23 6462.43 3342.27
26071-600-M6-065-00231 0.054082632064819336 3294.35 3520.71 3340.18 3523.21 3338.55 3553.27 3292.71 3550.77
26071-600-M6-065-00231 0.05304097384214401 4203.97 1878.10 4220.94 1878.50 4219.84 1924.78 4202.87 1924.37
26071-600-M6-065-00231 0.05266384035348892 3454.68 5610.97 3485.02 5610.60 3485.58 5656.16 3455.24 5656.54
26071-500-M6-059-00071 0.06887223571538925 1629.98 5533.32 1675.95 5533.69 1675.70 5564.05 1629.73 5563.67
26071-500-M6-059-00071 0.06496045738458633 4080.01 2077.50 4096.86 2077.92 4095.71 2124.44 4078.86 2124.02
26071-500-M6-059-00071 0.05829550698399544 6282.51 3568.34 6375.85 3564.90 6377.58 3611.83 6284.24 3615.27
26071-203-M6-320-00008 0.9972409009933472 6282.67 2434.20 6315.98 2434.00 6316.26 2480.59 6282.95 2480.79
26071-203-M6-320-00008 0.09128958731889725 3417.22 5252.23 3510.67 5251.53 3511.02 5298.76 3417.57 5299.46
26071-203-M6-320-00008 0.06754633039236069 6882.74 2433.66 6972.69 2430.36 6974.46 2478.50 6884.51 2481.80
26071-203-M6-320-00008 0.06380952894687653 2459.06 3473.72 2613.58 3499.36 2588.65 3649.62 2434.12 3623.98
26071-203-M6-320-00008 0.05569901317358017 2371.04 4235.21 2523.75 4229.61 2525.40 4274.64 2372.69 4280.23
26071-500-M6-059-00116 0.9967513084411621 3881.46 5574.22 3913.87 5574.41 3913.60 5621.06 3881.18 5620.87
26071-500-M6-059-00116 0.07549233734607697 6804.50 5177.42 6905.65 5180.23 6901.89 5315.25 6800.75 5312.44
26071-500-M6-059-00116 0.0640033707022667 5101.78 1323.03 5179.31 1323.83 5178.40 1412.00 5100.87 1411.19
26071-500-M6-059-00116 0.06079905480146408 5959.18 6160.24 6101.33 6177.32 6083.61 6324.79 5941.46 6307.70
26071-550-M6-084-00026 0.1273450255393982 3882.49 3415.53 3971.26 3410.99 3973.72 3459.05 3884.94 3463.58
26071-550-M6-084-00026 0.11921513080596924 7079.50 3861.49 7097.63 3862.49 7095.05 3909.35 7076.92 3908.35
26071-550-M6-084-00026 0.08328569680452347 4595.53 3824.43 4755.76 3839.72 4741.43 3989.95 4581.20 3974.66
26071-550-M6-084-00026 0.05493588000535965 2210.33 3827.44 2368.21 3822.79 2372.74 3976.39 2214.86 3981.04
26071-203-M6-337-00007 0.10340801626443863 5164.65 2553.36 5194.51 2554.43 5192.92 2598.86 5163.05 2597.79
26071-203-M6-337-00007 0.08727773278951645 3477.91 5792.21 3505.69 5792.73 3504.84 5838.85 3477.05 5838.33
26071-203-M6-337-00007 0.08107325434684753 3477.74 3092.32 3505.36 3092.65 3504.82 3138.70 3477.20 3138.38
26071-203-M6-337-00007 0.07886055111885071 3476.09 5493.59 3504.63 5492.75 3505.97 5538.25 3477.43 5539.09
26071-203-M6-337-00007 0.07800117135047913 3475.03 2793.58 3504.75 2791.93 3507.28 2837.41 3477.56 2839.06
26071-203-M6-337-00007 0.07046354562044144 3476.48 2044.58 3504.10 2043.72 3505.53 2089.45 3477.91 2090.31
26071-203-M6-337-00007 0.06948716938495636 2788.55 3691.97 2909.41 3687.32 2915.52 3845.60 2794.66 3850.26
26071-203-M6-337-00007 0.06692127883434296 3476.90 4744.41 3503.26 4743.71 3504.48 4789.55 3478.12 4790.25
26071-200-M6-052-00090 0.9975306391716003 4127.68 6048.24 4161.25 6048.43 4160.98 6095.53 4127.41 6095.34
26071-200-M6-052-00090 0.9964214563369751 2928.77 1636.82 2976.16 1636.78 2976.18 1669.65 2928.79 1669.68
26071-200-M6-052-00090 0.09404834359884262 5888.53 5855.25 5984.43 5858.88 5982.65 5905.78 5886.76 5902.15
26071-200-M6-052-00090 0.09122277051210403 5992.46 3323.92 6035.93 3324.21 6035.73 3355.65 5992.25 3355.37
26071-200-M6-052-00090 0.06514739245176315 3165.05 3649.47 3210.08 3649.27 3210.21 3679.74 3165.18 3679.94
26071-200-M6-052-00090 0.06382293254137039 7324.26 4097.66 7417.02 4099.15 7416.25 4146.99 7323.49 4145.50
26071-200-M6-052-00090 0.05997176095843315 5822.68 3649.79 5867.37 3649.73 5867.41 3679.79 5822.72 3679.85
26071-200-M6-052-00090 0.05937598645687103 6177.42 3649.51 6222.46 3649.61 6222.39 3679.46 6177.35 3679.37
26071-200-M6-052-00090 0.05935399979352951 2696.82 3323.31 2739.88 3324.36 2739.11 3355.86 2696.05 3354.81
26071-200-M6-052-00090 0.055386219173669815 2811.72 3649.74 2856.40 3649.74 2856.40 3679.77 2811.73 3679.78
26071-203-M6-320-00061 0.9976863861083984 837.94 4052.21 871.09 4051.73 871.78 4099.08 838.63 4099.56
26071-203-M6-320-00061 0.9974422454833984 838.22 3722.22 870.96 3722.20 871.00 3769.45 838.26 3769.48
26071-203-M6-320-00061 0.07343275845050812 567.03 4050.64 658.75 4053.18 657.43 4101.14 565.70 4098.60
26071-600-M6-065-00037 0.10452380031347275 1168.18 5434.95 1284.29 5425.69 1300.83 5633.09 1184.72 5642.35
26071-600-M6-065-00037 0.10315076261758804 1949.33 3470.65 1993.91 3470.00 1994.36 3500.57 1949.78 3501.23
26071-600-M6-065-00037 0.07200754433870316 598.51 5930.06 637.76 5929.20 638.79 5976.45 599.55 5977.31
26071-600-M6-065-00037 0.07194500416517258 4471.26 5450.09 4594.20 5437.24 4614.53 5631.72 4491.59 5644.57
26071-600-M6-065-00037 0.06087295711040497 2174.99 3390.73 2220.33 3392.08 2219.44 3422.07 2174.10 3420.72
26071-600-M6-065-00037 0.06051037088036537 6652.35 3438.50 6696.70 3438.55 6696.67 3469.16 6652.32 3469.12
26071-600-M6-065-00037 0.05777720734477043 5991.64 2570.33 6020.89 2563.59 6030.24 2604.14 6000.98 2610.88
26071-600-M6-065-00037 0.05579562485218048 3201.59 3382.55 3246.19 3382.32 3246.35 3412.40 3201.74 3412.63
26071-600-M6-065-00037 0.05386693403124809 2693.33 3205.50 2739.12 3206.23 2738.64 3236.38 2692.85 3235.65
26071-600-M6-065-00037 0.05307071655988693 5999.46 3206.21 6044.55 3205.00 6045.34 3234.66 6000.26 3235.88
26071-600-M6-065-00037 0.05242214351892471 6142.44 3256.28 6187.74 3256.42 6187.65 3286.64 6142.35 3286.51
26071-300-M6-053-00010 0.9967113733291626 4471.80 2621.16 4503.78 2621.28 4503.61 2669.01 4471.64 2668.90
26071-300-M6-053-00010 0.24791623651981354 4918.23 4307.46 5000.42 4316.02 4992.57 4391.43 4910.38 4382.87
26071-300-M6-053-00010 0.1050620824098587 6295.71 2577.19 6341.28 2577.32 6341.22 2602.29 6295.64 2602.16
26071-300-M6-053-00010 0.06375958025455475 2693.66 4512.23 2738.08 4512.61 2737.82 4542.83 2693.40 4542.45
26071-300-M6-053-00010 0.05553984269499779 3615.01 4641.88 3644.66 4643.70 3641.84 4689.48 3612.20 4687.66
26071-300-M6-053-00010 0.052796412259340286 3283.83 4029.00 3329.20 4030.88 3327.97 4060.60 3282.60 4058.72
26071-203-M6-320-00042 0.059270888566970825 6154.48 1975.25 6203.13 1974.93 6203.74 2067.57 6155.09 2067.89
26071-203-M6-320-00042 0.05557043105363846 3203.74 2866.53 3295.47 2886.92 3275.14 2978.38 3183.41 2957.99
26071-200-M6-052-00540 0.07608255743980408 6459.74 4610.77 6506.08 4610.38 6506.83 4699.19 6460.49 4699.58
26071-200-M6-052-00540 0.06607218086719513 6753.96 4610.03 6800.89 4608.44 6803.87 4696.49 6756.94 4698.08
26071-200-M6-052-00540 0.06275124102830887 1653.69 1890.73 1701.56 1891.55 1700.00 1983.25 1652.12 1982.44
26071-200-M6-052-00540 0.05976900830864906 5561.15 1892.56 5608.71 1892.36 5609.08 1983.58 5561.52 1983.78
26071-200-M6-052-00540 0.05909860506653786 1357.01 1892.50 1404.89 1892.72 1404.48 1982.77 1356.60 1982.55
26071-203-M6-160-00291 0.9979149699211121 1163.80 2268.08 1196.34 2267.62 1197.01 2314.66 1164.47 2315.12
26071-203-M6-160-00291 0.9973908066749573 1329.82 1498.97 1362.82 1499.75 1361.71 1547.14 1328.70 1546.36
26071-203-M6-160-00291 0.1422121822834015 2456.52 3365.05 2504.58 3364.82 2504.70 3389.46 2456.64 3389.69
26071-203-M6-160-00291 0.1064700335264206 7821.62 3863.07 7941.69 3858.21 7949.12 4042.10 7829.06 4046.95
26071-203-M6-160-00291 0.08069764077663422 6438.12 2856.70 6467.37 2858.11 6465.25 2901.97 6436.01 2900.56
26071-203-M6-160-00291 0.0632641538977623 2762.48 6183.13 2908.32 6190.41 2900.49 6347.19 2754.66 6339.92
26071-203-M6-160-00291 0.058562349528074265 6411.14 6056.19 6443.68 6062.69 6434.82 6107.01 6402.28 6100.51
26071-203-M6-160-00291 0.05746186897158623 7514.63 3757.48 7607.00 3755.37 7608.08 3802.44 7515.71 3804.56
26071-203-M6-160-00291 0.05614764988422394 3005.44 2268.43 3033.44 2267.80 3034.45 2312.86 3006.46 2313.49
26071-203-M6-160-00291 0.05132903531193733 3010.16 2208.59 3242.21 2198.41 3248.83 2349.53 3016.79 2359.71
26071-600-M6-066-00002 0.0939967930316925 3772.64 2858.46 3802.70 2858.51 3802.62 2904.23 3772.57 2904.18
26071-600-M6-066-00002 0.06927457451820374 4050.70 2378.07 4097.30 2378.53 4097.00 2409.15 4050.40 2408.70
26071-600-M6-066-00002 0.05104255676269531 1967.42 3692.90 2015.07 3703.72 2010.93 3721.95 1963.28 3711.13
26071-300-M6-053-00008 0.31563854217529297 5871.45 3153.34 5901.96 3155.06 5899.40 3200.37 5868.88 3198.64
26071-300-M6-053-00008 0.07737819105386734 5200.75 3154.90 5230.92 3154.56 5231.43 3199.93 5201.25 3200.27
26071-300-M6-053-00008 0.06305321305990219 5528.39 1859.16 5573.21 1860.12 5572.56 1890.80 5527.73 1889.84
26071-300-M6-053-00008 0.05463603511452675 5526.65 5055.51 5571.73 5054.43 5572.44 5083.99 5527.35 5085.07
26071-300-M6-053-00008 0.05330612137913704 2691.86 1377.10 2740.78 1378.59 2740.20 1397.59 2691.28 1396.09
26071-300-M6-053-00008 0.05088205263018608 5870.33 4158.27 5900.51 4158.25 5900.54 4203.53 5870.36 4203.55
26071-203-M6-060-00001 0.9963253140449524 3643.90 1440.97 3677.09 1440.85 3677.26 1488.10 3644.08 1488.23
26071-203-M6-060-00001 0.05989500507712364 1621.20 3450.14 1714.77 3447.50 1716.09 3494.42 1622.53 3497.06
26071-203-M6-060-00001 0.05445551499724388 3748.43 4056.73 3773.31 4056.33 3774.08 4104.48 3749.20 4104.88
26071-200-M6-063-00010 0.09252724051475525 3164.59 3937.77 3209.52 3937.60 3209.64 3967.86 3164.70 3968.03
26071-200-M6-063-00010 0.09020168334245682 5745.16 3849.55 5823.30 3856.70 5816.21 3934.21 5738.07 3927.06
26071-200-M6-063-00010 0.08755427598953247 5975.08 1913.95 6066.52 1911.78 6067.63 1958.86 5976.20 1961.03
26071-200-M6-063-00010 0.06611517816781998 4499.12 3684.83 4520.07 3686.61 4516.16 3732.59 4495.21 3730.81
26071-200-M6-063-00010 0.0628620907664299 6878.10 1912.70 6970.29 1915.15 6969.03 1962.56 6876.83 1960.11
26071-200-M6-063-00010 0.05858880281448364 4495.96 4277.69 4521.09 4279.80 4517.26 4325.33 4492.13 4323.22
26071-200-M6-063-00010 0.05486588925123215 3164.79 4156.12 3208.65 4156.39 3208.45 4187.36 3164.60 4187.08
26071-203-M6-060-00006 0.9962559938430786 2346.10 2739.82 2378.53 2741.13 2376.64 2788.05 2344.21 2786.74
26071-203-M6-060-00006 0.07246895879507065 2172.56 4224.54 2325.87 4239.15 2310.75 4397.71 2157.44 4383.10
26071-203-M6-325-00013 0.9974478483200073 6432.97 1892.12 6465.82 1892.03 6465.95 1939.23 6433.09 1939.32
26071-203-M6-325-00013 0.9974429607391357 6432.98 2492.11 6465.83 2492.03 6465.95 2539.23 6433.10 2539.32
26071-203-M6-325-00013 0.07796274125576019 1557.21 3973.60 1677.32 3969.77 1682.59 4135.01 1562.48 4138.84
26071-203-M6-325-00013 0.06882476061582565 2348.70 4346.36 2395.57 4348.47 2394.45 4373.40 2347.58 4371.28
26071-203-M6-325-00013 0.05062760040163994 2347.75 3505.49 2395.68 3512.12 2392.17 3537.47 2344.25 3530.84
26071-300-M6-053-00012 0.9982447624206543 2819.13 5101.61 2851.75 5102.14 2850.99 5149.21 2818.37 5148.68
26071-300-M6-053-00012 0.07156220078468323 4631.15 3495.15 4675.95 3495.02 4676.04 3525.47 4631.24 3525.60
26071-300-M6-053-00012 0.06857366114854813 2875.80 3013.10 2901.56 3012.33 2902.94 3058.24 2877.18 3059.02
26071-300-M6-053-00012 0.06804542243480682 5527.61 4683.42 5574.22 4682.41 5574.59 4699.50 5527.98 4700.51
26071-300-M6-053-00012 0.06604089587926865 1477.64 5102.21 1569.66 5102.73 1569.39 5150.40 1477.37 5149.88
26071-300-M6-053-00012 0.06306303292512894 3661.36 5973.97 3811.35 5970.18 3815.26 6124.91 3665.27 6128.70
26071-300-M6-053-00012 0.055567845702171326 3131.95 2827.48 3176.74 2828.67 3175.94 2858.92 3131.14 2857.73
26071-300-M6-053-00012 0.05005453899502754 2873.50 3271.50 2903.42 3271.77 2903.01 3317.79 2873.08 3317.52
26071-450-M6-082-00221 0.05513951927423477 4043.15 4278.65 4083.06 4260.64 4100.56 4299.40 4060.65 4317.42
26071-675-M6-068-00034 0.07500247657299042 2854.99 2722.39 2903.38 2724.13 2899.99 2818.28 2851.61 2816.54
26071-675-M6-068-00034 0.07495187222957611 3456.70 4823.32 3501.73 4823.52 3501.60 4853.15 3456.57 4852.96
26071-675-M6-068-00034 0.07349193096160889 2855.94 4825.72 2900.95 4826.03 2900.75 4855.94 2855.74 4855.64
26071-675-M6-068-00034 0.07157007604837418 2850.62 2983.57 2898.38 2979.70 2905.71 3070.21 2857.96 3074.08
26071-675-M6-068-00034 0.061635032296180725 3216.96 5483.05 3264.02 5484.49 3261.21 5576.96 3214.14 5575.52
26071-675-M6-068-00034 0.06122951582074165 3454.87 1317.49 3502.71 1318.09 3501.58 1408.28 3453.75 1407.68
26071-675-M6-068-00034 0.057196617126464844 2492.61 5228.40 2539.52 5224.79 2546.90 5320.83 2499.99 5324.44
26071-675-M6-068-00034 0.0566064715385437 3966.60 5483.77 4013.53 5484.62 4011.86 5576.47 3964.93 5575.62
26071-675-M6-068-00034 0.05499401316046715 2639.17 2852.77 2732.52 2850.52 2733.68 2898.54 2640.33 2900.80
26071-675-M6-068-00034 0.05252637341618538 3387.88 2853.59 3479.72 2849.58 3481.78 2896.63 3389.93 2900.63
26071-450-M6-082-00031 0.9981837868690491 5480.27 4280.87 5527.38 4282.76 5526.05 4315.98 5478.94 4314.10
26071-450-M6-082-00031 0.9975242018699646 5416.42 2102.26 5449.09 2101.74 5449.84 2148.69 5417.17 2149.21
26071-450-M6-082-00031 0.10816562920808792 3670.80 5171.48 3789.35 5169.24 3792.44 5332.97 3673.89 5335.21
26071-450-M6-082-00031 0.09785249829292297 3024.03 3483.91 3070.94 3483.08 3071.24 3500.39 3024.34 3501.22
26071-450-M6-082-00031 0.07456706464290619 5033.97 6086.64 5122.48 6078.19 5131.46 6172.20 5042.95 6180.65
26071-450-M6-082-00031 0.06899195164442062 3756.34 6253.32 3802.00 6253.07 3802.26 6300.05 3756.59 6300.30
26071-450-M6-082-00031 0.06140558421611786 2525.60 1725.42 2618.86 1721.56 2620.81 1768.61 2527.55 1772.47
26071-200-M6-062-00276 0.10440859943628311 2990.66 4067.91 3035.45 4068.40 3035.12 4098.92 2990.33 4098.43
26071-200-M6-062-00276 0.06979458034038544 5351.41 4068.50 5395.67 4067.61 5396.27 4097.17 5352.01 4098.07
26071-200-M6-062-00276 0.061049845069646835 3165.15 4067.93 3209.73 4067.90 3209.75 4098.78 3165.17 4098.81
26071-200-M6-062-00276 0.05647671967744827 1545.25 2857.96 1638.80 2857.57 1639.00 2904.88 1545.44 2905.27
26071-200-M6-062-00276 0.05477282404899597 5055.07 4068.24 5099.53 4066.29 5100.85 4096.33 5056.38 4098.28
26071-200-M6-062-00276 0.05287420004606247 5173.80 4068.61 5217.93 4067.18 5218.91 4097.54 5174.78 4098.96
26071-500-M6-059-00011 0.08183198422193527 7556.09 3719.54 7582.04 3719.26 7582.57 3767.65 7556.62 3767.94
26071-600-M6-065-00021 0.08205417543649673 3567.43 5432.83 3712.71 5434.86 3712.05 5481.91 3566.77 5479.88
26071-600-M6-065-00021 0.07560645043849945 5096.67 2374.69 5117.77 2376.36 5114.12 2422.37 5093.02 2420.69
26071-600-M6-065-00021 0.06137537211179733 5084.58 2870.86 5115.54 2870.00 5116.78 2914.94 5085.82 2915.80
26071-600-M6-065-00021 0.05769157409667969 3766.16 6206.13 3881.18 6198.44 3892.88 6373.33 3777.86 6381.02
26071-600-M6-065-00021 0.05614689737558365 5112.77 2800.73 5143.62 2800.03 5144.64 2845.29 5113.79 2845.99
26071-600-M6-065-00021 0.05407753214240074 3163.47 4616.83 3209.24 4616.44 3210.03 4709.71 3164.26 4710.10
26071-600-M6-065-00021 0.053532812744379044 4878.85 1358.03 4900.57 1358.34 4899.88 1406.34 4878.16 1406.03
26071-500-M6-059-00013 0.1175106018781662 7418.07 2279.52 7463.15 2280.09 7462.81 2307.15 7417.72 2306.58
26071-500-M6-059-00044 0.2231043130159378 2835.32 1985.29 2889.24 1989.73 2882.71 2068.97 2828.79 2064.53
26071-500-M6-059-00044 0.09360122680664062 4782.63 2244.34 4872.75 2244.36 4872.74 2292.55 4782.62 2292.53
26071-500-M6-059-00044 0.07617390155792236 4781.99 2724.09 4874.17 2712.10 4880.40 2759.94 4788.21 2771.93
26071-500-M6-059-00044 0.07201865315437317 1974.79 4807.67 2002.00 4807.04 2003.07 4853.05 1975.86 4853.68
26071-500-M6-059-00044 0.07101979106664658 4782.13 2602.29 4874.31 2595.85 4877.68 2644.09 4785.50 2650.53
26071-500-M6-059-00044 0.0667266771197319 5314.92 5044.29 5467.27 5033.34 5478.56 5190.31 5326.21 5201.27
26071-500-M6-059-00044 0.05702441558241844 7014.93 5631.03 7088.52 5574.05 7117.59 5611.60 7044.00 5668.58
26071-500-M6-059-00044 0.05256760120391846 6874.09 795.61 6963.10 787.99 6967.18 835.70 6878.17 843.32
26071-500-M6-059-00044 0.05255001783370972 1289.27 3592.37 1370.71 3629.36 1332.29 3713.94 1250.86 3676.96
26071-500-M6-059-00044 0.05179307982325554 1748.71 5039.49 1895.79 5041.13 1894.07 5195.86 1746.99 5194.22
26071-500-M6-059-00044 0.05016665160655975 2659.47 4974.35 2702.75 4975.84 2701.84 5002.31 2658.56 5000.82
26071-200-M6-052-00093 0.10264459252357483 4747.49 2857.58 4841.16 2858.46 4840.72 2905.40 4747.05 2904.52
26071-200-M6-052-00093 0.08362811803817749 4961.95 2856.85 5054.41 2860.34 5052.63 2907.36 4960.17 2903.87
26071-200-M6-052-00093 0.07112673670053482 4087.52 1667.74 4131.50 1666.57 4132.30 1696.34 4088.31 1697.52
26071-200-M6-052-00093 0.054236944764852524 3277.95 4619.39 3325.75 4615.03 3334.34 4709.10 3286.54 4713.47
26071-200-M6-052-00002 0.9924221634864807 7341.59 6045.27 7374.69 6046.07 7373.53 6094.00 7340.42 6093.19
26071-200-M6-052-00002 0.07570795714855194 3164.95 3345.17 3211.31 3346.41 3210.85 3363.66 3164.49 3362.43
26071-200-M6-052-00002 0.07246710360050201 5628.74 4198.13 5708.61 4203.86 5702.93 4283.05 5623.06 4277.32
26071-200-M6-052-00002 0.0668790191411972 1177.86 6049.10 1268.69 6043.53 1271.61 6091.14 1180.78 6096.71
26071-200-M6-052-00002 0.061198651790618896 7061.38 6143.70 7108.92 6143.67 7108.97 6236.58 7061.43 6236.61
26071-200-M6-052-00002 0.05932466313242912 3638.58 3305.35 3683.37 3306.67 3682.47 3337.43 3637.67 3336.11
26071-200-M6-052-00002 0.05473962053656578 4347.46 5007.66 4392.11 5007.27 4392.38 5038.31 4347.73 5038.69
26071-200-M6-052-00002 0.05145632103085518 4347.62 3620.07 4392.04 3620.68 4391.62 3651.33 4347.19 3650.72
26071-675-M6-068-10002 0.052048683166503906 1783.41 1443.81 1811.17 1443.17 1812.27 1491.13 1784.52 1491.77
26071-750-M6-085-00012 0.9987710118293762 3341.52 4553.78 3388.89 4552.89 3389.51 4585.78 3342.14 4586.67
26071-750-M6-085-00012 0.9985654950141907 3341.73 4130.04 3388.61 4130.36 3388.39 4162.88 3341.51 4162.56
26071-750-M6-085-00012 0.9984562397003174 2537.65 4520.54 2584.27 4518.87 2585.45 4551.81 2538.83 4553.48
26071-750-M6-085-00012 0.9984503984451294 7416.87 4130.51 7464.15 4129.70 7464.70 4161.98 7417.43 4162.79
26071-750-M6-085-00012 0.9984219074249268 5232.40 4553.47 5279.30 4555.38 5277.96 4588.40 5231.06 4586.50
26071-750-M6-085-00012 0.9983922839164734 5232.06 4129.12 5279.32 4129.99 5278.72 4162.86 5231.45 4161.99
26071-750-M6-085-00012 0.9983147382736206 2537.77 4130.04 2584.80 4130.17 2584.71 4162.65 2537.68 4162.52
26071-750-M6-085-00012 0.9981826543807983 7415.79 4554.49 7462.94 4553.87 7463.37 4586.52 7416.22 4587.14
26071-750-M6-085-00012 0.9974754452705383 3463.83 5161.17 3496.58 5161.71 3495.82 5208.83 3463.06 5208.29
26071-750-M6-085-00012 0.9974088072776794 7085.24 3804.02 7118.89 3804.05 7118.85 3851.02 7085.20 3850.99
26071-750-M6-085-00012 0.997291624546051 7740.17 5159.47 7773.57 5160.26 7772.46 5207.08 7739.06 5206.29
26071-750-M6-085-00012 0.9970435500144958 1222.53 3341.08 1255.25 3340.91 1255.49 3387.80 1222.76 3387.96
26071-750-M6-085-00012 0.9967057108879089 4903.08 3803.48 4935.87 3804.68 4934.16 3851.39 4901.37 3850.19
26071-750-M6-085-00012 0.9957224130630493 5554.66 5159.39 5587.53 5160.71 5585.61 5208.31 5552.74 5206.98
26071-750-M6-085-00012 0.9951221346855164 2596.01 3685.49 2628.59 3685.76 2628.20 3732.36 2595.62 3732.09
26071-750-M6-085-00012 0.13036401569843292 726.76 2121.94 864.21 2161.66 824.36 2299.56 686.91 2259.84
26071-750-M6-085-00012 0.07454235106706619 5339.28 2856.02 5432.82 2857.87 5431.88 2905.56 5338.33 2903.71
26071-750-M6-085-00012 0.07292996346950531 7643.11 2856.67 7736.42 2858.34 7735.57 2906.06 7642.26 2904.39
26071-750-M6-085-00012 0.07167834043502808 2985.67 4451.44 3013.38 4447.43 3020.00 4493.16 2992.29 4497.17
26071-750-M6-085-00012 0.05646662786602974 6698.41 2857.04 6794.09 2856.03 6794.60 2903.78 6698.91 2904.79
26071-750-M6-085-00012 0.05634846165776253 980.02 3566.46 1027.53 3567.20 1026.07 3660.65 978.56 3659.90
26071-750-M6-085-00012 0.053726520389318466 4525.57 2857.80 4618.44 2857.87 4618.40 2905.69 4525.53 2905.62
26071-600-M6-065-00259 0.9985377788543701 1038.45 2037.59 1085.55 2037.59 1085.54 2070.03 1038.44 2070.03
26071-600-M6-065-00259 0.9979579448699951 684.53 2037.73 731.37 2037.98 731.19 2070.84 684.36 2070.58
26071-600-M6-065-00259 0.9964698553085327 8006.30 5346.46 8054.66 5347.34 8054.07 5379.72 8005.71 5378.84
26071-600-M6-065-00259 0.9963706731796265 7654.24 5346.64 7702.39 5348.50 7701.15 5380.55 7653.00 5378.69
26071-600-M6-065-00259 0.10298988968133926 8124.29 4154.44 8149.18 4155.51 8147.14 4202.91 8122.26 4201.84
26071-200-M6-052-00544 0.06901656836271286 2990.92 4151.18 3035.33 4150.55 3035.75 4180.67 2991.35 4181.30
26071-200-M6-052-00544 0.06244487687945366 834.46 3564.49 875.43 3566.85 872.74 3613.48 831.77 3611.12
26071-200-M6-052-00544 0.06221728399395943 6629.65 2853.50 6720.52 2862.18 6715.91 2910.51 6625.03 2901.83
26071-200-M6-052-00544 0.060234434902668 3165.19 4150.18 3209.20 4150.65 3208.87 4181.10 3164.86 4180.63
26071-600-M6-066-00003 0.08320701867341995 2479.00 4948.58 2514.08 4950.68 2511.42 4995.13 2476.34 4993.03
26071-750-M6-085-00309 0.0779426246881485 6366.47 3875.19 6518.71 3869.76 6524.23 4024.49 6371.98 4029.92
