26071-200-M6-052-00001 0.2972813844680786 5661.68 1612.82 5741.09 1622.41 5731.45 1702.28 5652.04 1692.69
26071-200-M6-052-00001 0.09442058205604553 3885.20 3306.05 3956.21 3320.93 3940.96 3393.72 3869.95 3378.84
26071-200-M6-052-00001 0.06620725989341736 2264.86 5782.94 2381.00 5777.69 2388.16 5936.28 2272.02 5941.52
26071-200-M6-052-00001 0.0645507201552391 7647.70 1870.15 7765.05 1885.30 7749.40 2006.51 7632.06 1991.36
26071-200-M6-052-00001 0.05728562921285629 5851.27 5773.36 5969.81 5785.12 5957.99 5904.28 5839.45 5892.52
26071-500-M6-059-00017 0.05726839229464531 7611.18 4388.87 7728.62 4397.77 7719.30 4520.73 7601.86 4511.83
26071-600-M6-066-00012 0.08627791702747345 5846.96 4250.05 5965.16 4248.65 5967.13 4415.37 5848.94 4416.77
26071-600-M6-066-00012 0.08352916687726974 3330.98 1793.19 3472.67 1753.34 3518.44 1916.10 3376.75 1955.95
26071-600-M6-066-00012 0.08314123749732971 1952.12 2367.36 2072.61 2372.44 2067.53 2492.65 1947.05 2487.57
26071-600-M6-066-00012 0.07694818824529648 7382.28 1774.71 7505.07 1775.15 7504.48 1936.21 7381.69 1935.76
26071-600-M6-066-00012 0.0727582797408104 7282.22 2712.32 7371.62 2717.55 7366.03 2813.09 7276.64 2807.86
26071-600-M6-066-00012 0.06492579728364944 5381.09 4288.86 5502.38 4304.97 5486.49 4424.58 5365.20 4408.46
26071-600-M6-066-00012 0.06474082916975021 5448.25 1798.04 5497.70 1788.57 5507.00 1837.14 5457.55 1846.62
26071-600-M6-066-00012 0.052088890224695206 5610.48 2126.37 5725.99 2124.69 5728.41 2291.42 5612.91 2293.10
26071-600-M6-066-00012 0.05087542161345482 4629.46 4638.27 4695.73 4625.19 4711.14 4703.34 4644.87 4716.41
26071-600-M6-066-00012 0.0500214658677578 5616.12 4289.91 5738.25 4304.32 5723.96 4425.51 5601.82 4411.10
26071-200-M6-052-00539 0.07894182950258255 5914.40 5767.38 6032.42 5788.16 6011.34 5907.92 5893.32 5887.15
26071-500-M6-059-00248 0.05120629444718361 3724.53 3022.76 3811.75 3028.27 3803.15 3164.53 3715.93 3159.02
26071-203-M6-325-00012 0.14918944239616394 6057.72 670.62 6165.87 722.51 6114.56 829.44 6006.41 777.55
26071-203-M6-325-00012 0.11950823664665222 6936.68 6526.98 7061.46 6541.31 7047.55 6662.43 6922.77 6648.09
26071-203-M6-325-00012 0.11728432029485703 6639.02 6524.29 6762.99 6543.94 6744.07 6663.33 6620.10 6643.69
26071-203-M6-325-00012 0.09660729020833969 5779.54 663.64 5878.90 737.67 5809.26 831.14 5709.90 757.10
26071-203-M6-325-00012 0.08805183321237564 3930.79 6533.29 4056.07 6533.56 4055.81 6655.44 3930.52 6655.17
26071-203-M6-325-00012 0.08523652702569962 4852.30 6516.47 4970.71 6552.06 4936.00 6667.53 4817.59 6631.94
26071-203-M6-325-00012 0.08413325250148773 4231.52 6533.15 4356.62 6535.05 4354.79 6655.93 4229.68 6654.03
26071-203-M6-325-00012 0.07773725688457489 6028.41 6535.60 6153.55 6532.53 6156.55 6654.93 6031.41 6658.00
26071-203-M6-325-00012 0.07409780472517014 4551.58 6515.21 4671.11 6549.48 4637.73 6665.90 4518.20 6631.62
26071-203-M6-325-00012 0.06444844603538513 3449.05 4351.03 3495.42 4353.74 3492.68 4400.43 3446.32 4397.72
26071-700-M6-054-00246 0.08295109868049622 4138.51 5469.11 4259.64 5474.47 4252.51 5635.60 4131.38 5630.24
26071-700-M6-054-00246 0.07198997586965561 7615.46 2699.82 7734.96 2719.29 7715.49 2838.79 7595.99 2819.32
26071-700-M6-054-00246 0.060471244156360626 7612.61 2342.79 7732.97 2355.37 7720.03 2479.13 7599.67 2466.55
26071-700-M6-054-00246 0.054266832768917084 1721.58 4289.64 1842.68 4306.73 1825.68 4427.15 1704.58 4410.05
26071-700-M6-054-00246 0.053901489824056625 2784.63 4284.25 2903.79 4308.25 2880.69 4422.95 2761.52 4398.94
26071-700-M6-054-00246 0.05381574109196663 2896.12 2198.36 3015.39 2210.78 3011.96 2243.70 2892.70 2231.28
26071-700-M6-054-00246 0.053523242473602295 4011.63 2002.68 4135.52 2000.35 4136.15 2033.54 4012.25 2035.88
26071-203-M6-333-00010 0.06418091058731079 5591.59 4101.79 5660.91 4104.30 5657.79 4190.62 5588.47 4188.12
26071-550-M6-084-00248 0.8950230479240417 1969.48 5072.78 2059.71 5083.05 2049.10 5176.31 1958.87 5166.04
26071-550-M6-084-00248 0.06811698526144028 1779.76 2387.88 1884.33 2390.16 1883.39 2433.20 1778.82 2430.92
26071-550-M6-084-00248 0.05430806055665016 8035.13 3996.69 8158.00 4007.94 8147.15 4126.42 8024.29 4115.17
26071-203-M6-332-00008 0.059748321771621704 5578.21 5066.33 5701.48 5064.91 5703.54 5242.99 5580.27 5244.42
26071-203-M6-332-00008 0.052563831210136414 8007.98 5066.01 8132.56 5066.59 8131.74 5243.86 8007.16 5243.29
26071-200-M6-052-00080 0.15894921123981476 2159.43 4158.43 2237.96 4173.21 2223.12 4252.06 2144.59 4237.28
26071-200-M6-052-00080 0.12394873052835464 5576.83 4161.11 5656.02 4163.10 5653.97 4244.82 5574.78 4242.84
26071-200-M6-052-00080 0.09267424792051315 6439.05 2844.48 6519.93 2845.92 6517.79 2966.53 6436.91 2965.10
26071-200-M6-052-00080 0.07944902032613754 669.98 5178.61 788.99 5190.59 776.76 5312.05 657.75 5300.07
26071-200-M6-052-00080 0.06878012418746948 4257.59 5177.99 4374.46 5190.80 4361.38 5310.21 4244.51 5297.40
26071-200-M6-052-00080 0.06376846134662628 3908.95 4880.76 4028.10 4901.61 4007.47 5019.51 3888.32 4998.66
26071-200-M6-052-00080 0.06298714131116867 4196.57 4835.52 4310.11 4838.09 4306.22 5010.56 4192.67 5008.00
26071-200-M6-052-00080 0.057670943439006805 6972.46 1578.54 7092.92 1586.07 7085.32 1707.68 6964.86 1700.15
26071-200-M6-052-00080 0.055640142410993576 7616.13 4849.96 7740.96 4851.16 7739.43 5009.71 7614.59 5008.51
26071-200-M6-052-00080 0.05425728112459183 5497.04 2521.09 5614.46 2531.15 5604.13 2651.68 5486.71 2641.61
26071-200-M6-052-00080 0.053807348012924194 3548.25 1578.33 3667.57 1589.80 3655.95 1710.71 3536.63 1699.24
26071-200-M6-052-00080 0.0535145029425621 3889.58 5171.91 4037.19 5164.05 4045.62 5322.47 3898.01 5330.32
26071-300-M6-053-00309 0.07726234197616577 5744.42 1481.34 5896.46 1464.07 5915.61 1632.71 5763.57 1649.98
26071-300-M6-053-00309 0.07278242707252502 5447.52 5783.16 5591.32 5728.17 5648.43 5877.54 5504.63 5932.52
26071-300-M6-053-00309 0.05093385651707649 4491.83 2083.85 4537.62 2088.38 4532.46 2140.51 4486.67 2135.98
26071-450-M6-082-00009 0.9754236340522766 1847.88 5253.81 1940.21 5263.89 1930.41 5353.66 1838.08 5343.58
26071-450-M6-082-00009 0.1207415908575058 6079.70 5738.55 6198.67 5733.43 6205.98 5903.32 6087.01 5908.44
26071-200-M6-052-00552 0.09678079932928085 4898.05 3164.66 5022.62 3161.54 5026.93 3333.55 4902.36 3336.68
26071-200-M6-052-00552 0.06601326912641525 5669.56 3997.17 5796.03 4008.12 5785.82 4126.09 5659.35 4115.14
26071-203-M6-064-00271 0.08935616910457611 4152.78 6188.17 4271.77 6166.05 4304.61 6342.75 4185.63 6364.87
26071-203-M6-064-00271 0.06864330917596817 1344.62 4779.83 1416.48 4795.58 1396.98 4884.50 1325.13 4868.75
26071-203-M6-064-00271 0.05863086134195328 2469.09 6185.46 2582.78 6178.04 2594.36 6355.43 2480.67 6362.85
26071-203-M6-064-00271 0.05810505524277687 2138.16 6180.15 2242.69 6179.94 2243.11 6393.76 2138.58 6393.96
26071-203-M6-337-00031 0.0981535017490387 2457.41 2717.23 2572.86 2712.95 2578.76 2872.22 2463.31 2876.50
26071-203-M6-332-00001 0.14167802035808563 7292.46 4231.71 7414.43 4232.79 7412.86 4409.32 7290.89 4408.23
26071-203-M6-332-00001 0.12091095745563507 2700.42 2150.02 2824.08 2151.74 2821.75 2319.73 2698.09 2318.01
26071-200-M6-052-00150 0.9751555919647217 1377.08 2395.19 1469.23 2407.16 1457.31 2498.95 1365.16 2486.98
26071-200-M6-052-00150 0.07024089992046356 8093.82 4704.96 8214.96 4717.47 8202.49 4838.21 8081.34 4825.69
26071-200-M6-052-00150 0.06520415842533112 1829.24 3407.46 1950.38 3415.60 1942.25 3536.61 1821.10 3528.47
26071-200-M6-052-00150 0.0636664405465126 2151.90 1477.43 2298.74 1451.11 2329.58 1623.13 2182.74 1649.45
26071-200-M6-052-00150 0.05098707601428032 5514.53 5827.92 5572.23 5807.57 5608.16 5909.44 5550.47 5929.79
26071-200-M6-052-00003 0.08352288603782654 7566.73 1278.69 7687.39 1291.39 7674.51 1413.73 7553.86 1401.03
26071-200-M6-052-00003 0.06929677724838257 5250.25 2550.56 5293.20 2571.82 5271.24 2616.18 5228.30 2594.92
26071-200-M6-052-00003 0.0674537941813469 3479.56 1885.64 3600.76 1881.07 3606.67 2037.99 3485.48 2042.56
26071-200-M6-052-00003 0.0649087205529213 3718.45 5109.51 3832.62 5147.39 3794.70 5261.67 3680.53 5223.79
26071-200-M6-052-00003 0.06374385952949524 1899.77 2246.08 2016.80 2266.11 1996.56 2384.35 1879.52 2364.31
26071-200-M6-052-00003 0.06238124892115593 7571.67 2061.02 7682.62 2064.00 7679.28 2188.05 7568.34 2185.07
26071-200-M6-052-00003 0.061783019453287125 4245.15 5545.64 4355.19 5551.51 4345.87 5726.02 4235.84 5720.14
26071-200-M6-052-00003 0.06110980734229088 3428.17 5107.71 3540.99 5152.33 3496.48 5264.90 3383.65 5220.28
26071-700-M6-054-00013 0.063473179936409 3760.36 3445.63 3805.93 3450.95 3800.65 3496.17 3755.08 3490.85
26071-700-M6-054-00013 0.05453300476074219 3759.32 1555.10 3806.21 1560.39 3800.90 1607.48 3754.00 1602.18
26071-700-M6-054-00013 0.05272642523050308 3190.60 1282.19 3311.19 1294.89 3298.83 1412.31 3178.24 1399.61
26071-203-M6-320-00060 0.053016915917396545 3068.72 2628.65 3186.89 2645.17 3170.30 2763.86 3052.12 2747.33
26071-700-M6-054-00036 0.31733641028404236 6215.22 3378.19 6291.22 3382.99 6286.00 3465.66 6210.00 3460.86
26071-700-M6-054-00036 0.12418033182621002 4916.08 2047.02 5040.65 2054.55 5030.30 2225.85 4905.72 2218.32
26071-700-M6-054-00036 0.12031827121973038 4307.49 5157.93 4429.54 5165.15 4422.41 5285.61 4300.35 5278.38
26071-700-M6-054-00036 0.06847642362117767 7619.85 5489.76 7741.93 5496.79 7735.21 5613.29 7613.13 5606.25
26071-700-M6-054-00036 0.060324616730213165 4458.69 1552.70 4622.15 1534.62 4639.39 1690.47 4475.93 1708.55
26071-700-M6-054-00036 0.05246236175298691 4527.71 5023.34 4648.60 5035.36 4635.78 5164.28 4514.89 5152.25
26071-203-M6-320-00044 0.10949436575174332 2498.46 2898.59 2617.26 2913.13 2602.56 3033.16 2483.77 3018.61
26071-203-M6-320-00044 0.1005883514881134 3696.51 3153.75 3815.69 3167.94 3801.48 3287.25 3682.31 3273.06
26071-203-M6-320-00044 0.08327464759349823 1299.83 3152.94 1417.44 3171.99 1398.18 3290.91 1280.57 3271.86
26071-600-M6-065-00231 0.12128199636936188 1831.91 4999.44 1948.15 4996.98 1950.72 5118.42 1834.48 5120.88
26071-203-M6-320-00008 0.0698009803891182 4854.80 1996.39 4972.53 1987.06 4985.35 2148.97 4867.62 2158.30
26071-203-M6-320-00008 0.06143747642636299 4780.52 4228.68 4824.84 4206.28 4849.01 4254.10 4804.70 4276.51
26071-203-M6-320-00008 0.06092868745326996 5999.92 5981.71 6123.26 5990.53 6114.49 6113.16 5991.15 6104.34
26071-203-M6-320-00008 0.05391306430101395 3619.60 5988.23 3727.54 5974.37 3755.67 6193.40 3647.72 6207.26
26071-500-M6-059-00116 0.06519615650177002 5115.90 1328.34 5193.20 1336.61 5183.90 1423.52 5106.59 1415.24
26071-203-M6-337-00007 0.10128394514322281 2792.04 6452.91 2915.31 6457.53 2908.93 6627.88 2785.66 6623.26
26071-203-M6-337-00007 0.09167411923408508 2787.73 3695.05 2911.00 3693.50 2913.20 3868.90 2789.94 3870.45
26071-200-M6-052-00090 0.9530587792396545 3151.86 4007.48 3239.19 4024.58 3221.93 4112.74 3134.60 4095.64
26071-200-M6-052-00090 0.9523429274559021 6163.65 4007.45 6251.60 4024.30 6234.56 4113.24 6146.61 4096.39
26071-200-M6-052-00090 0.13948951661586761 4713.75 3750.95 4790.29 3749.93 4791.40 3833.70 4714.87 3834.72
26071-200-M6-052-00090 0.13272516429424286 1702.08 3751.31 1778.13 3749.94 1779.64 3833.32 1703.58 3834.70
26071-200-M6-052-00090 0.09487053751945496 4004.84 4784.63 4100.85 4788.03 4097.49 4882.85 4001.48 4879.45
26071-200-M6-052-00090 0.08672519028186798 8032.22 3749.87 8150.85 3750.81 8150.59 3783.65 8031.96 3782.72
26071-200-M6-052-00090 0.08598775416612625 3369.49 4768.45 3490.08 4772.16 3486.24 4896.82 3365.65 4893.11
26071-200-M6-052-00090 0.08467656373977661 5739.62 2389.98 5874.22 2353.65 5917.21 2512.96 5782.61 2549.28
26071-200-M6-052-00090 0.08410773426294327 2775.10 5074.57 2894.73 5071.10 2898.22 5191.78 2778.59 5195.24
26071-200-M6-052-00090 0.08282694965600967 5935.46 5195.94 5967.99 5197.74 5961.59 5313.44 5929.06 5311.64
26071-200-M6-052-00090 0.07971959561109543 3306.89 1186.31 3430.11 1187.14 3429.89 1219.93 3306.67 1219.11
26071-200-M6-052-00090 0.07837560772895813 3318.85 6066.67 3351.42 6068.92 3342.94 6191.76 3310.37 6189.51
26071-200-M6-052-00090 0.07792206853628159 7314.81 2168.84 7431.93 2177.46 7423.28 2294.98 7306.17 2286.36
26071-200-M6-052-00090 0.07556531578302383 7090.32 4366.19 7208.91 4363.90 7209.56 4397.23 7090.96 4399.52
26071-200-M6-052-00090 0.07532580941915512 3542.07 1583.16 3659.78 1579.44 3664.82 1738.84 3547.11 1742.57
26071-200-M6-052-00090 0.07523994147777557 6412.47 5223.41 6463.87 5226.91 6457.83 5315.71 6406.42 5312.21
26071-200-M6-052-00090 0.07491384446620941 7261.49 4001.73 7294.02 4003.67 7286.99 4121.64 7254.46 4119.70
26071-200-M6-052-00090 0.07487119734287262 3124.86 6071.01 3157.61 6070.47 3159.53 6188.54 3126.79 6189.07
26071-200-M6-052-00090 0.07188653945922852 3789.18 6068.72 3821.71 6069.80 3817.72 6190.82 3785.19 6189.75
26071-200-M6-052-00090 0.0711819976568222 3596.19 6068.27 3630.41 6068.49 3629.64 6185.28 3595.43 6185.06
26071-200-M6-052-00090 0.06436492502689362 5799.09 4993.89 5917.84 5019.98 5891.69 5139.03 5772.94 5112.95
26071-200-M6-052-00090 0.062751404941082 6149.88 5523.41 6270.50 5521.15 6271.11 5553.64 6150.49 5555.91
26071-200-M6-052-00090 0.062476418912410736 7085.65 4553.46 7204.54 4552.42 7204.82 4584.36 7085.93 4585.40
26071-200-M6-052-00090 0.06091469153761864 3671.67 5787.41 3791.43 5809.15 3769.67 5929.01 3649.91 5907.27
26071-200-M6-052-00090 0.059619806706905365 5965.49 1587.36 6060.50 1584.42 6063.54 1682.76 5968.53 1685.70
26071-200-M6-052-00090 0.05143677070736885 3010.61 1571.99 3168.49 1580.78 3160.11 1731.29 3002.23 1722.50
26071-200-M6-052-00090 0.0504223108291626 6152.60 5688.16 6262.00 5687.79 6262.11 5719.22 6152.71 5719.60
26071-203-M6-320-00061 0.08037667721509933 4598.69 4792.03 4710.44 4777.09 4727.69 4906.12 4615.94 4921.05
26071-203-M6-320-00061 0.07569824904203415 7299.57 4791.82 7411.00 4777.64 7427.44 4906.87 7316.01 4921.04
26071-203-M6-320-00061 0.07270333915948868 4014.69 1518.63 4134.09 1534.80 4117.57 1656.78 3998.17 1640.62
26071-203-M6-320-00061 0.07132081687450409 2796.57 1848.84 2916.53 1865.99 2899.57 1984.66 2779.61 1967.51
26071-203-M6-320-00061 0.0693141371011734 5495.55 1849.17 5615.70 1866.03 5599.08 1984.43 5478.94 1967.57
26071-203-M6-320-00061 0.06111931800842285 2175.74 4791.41 2289.45 4777.47 2305.45 4907.97 2191.75 4921.92
26071-203-M6-320-00061 0.060384172946214676 3398.13 4428.96 3519.40 4443.32 3505.50 4560.75 3384.23 4546.39
26071-203-M6-320-00061 0.05593275651335716 6100.12 4427.62 6220.07 4446.16 6202.03 4562.90 6082.08 4544.35
26071-203-M6-320-00061 0.055906496942043304 4877.11 4791.44 4987.88 4778.05 5003.70 4908.95 4892.93 4922.34
26071-203-M6-320-00061 0.05455900728702545 306.94 3677.04 427.24 3692.15 411.77 3815.26 291.48 3800.15
26071-203-M6-320-00061 0.0544733926653862 5777.13 1843.14 5893.51 1874.84 5861.37 1992.84 5744.99 1961.14
26071-203-M6-320-00061 0.05382614955306053 3076.92 1842.61 3193.61 1873.91 3161.82 1992.44 3045.13 1961.14
26071-203-M6-320-00061 0.05235707759857178 2972.67 4786.77 3082.64 4765.75 3107.07 4893.51 2997.10 4914.54
26071-300-M6-053-00010 0.9791446328163147 7044.23 3131.26 7135.20 3133.16 7133.25 3226.41 7042.28 3224.51
26071-300-M6-053-00010 0.1895187646150589 6040.17 1724.24 6116.98 1728.98 6112.23 1805.89 6035.42 1801.15
26071-300-M6-053-00010 0.11521536856889725 2007.87 5135.90 2124.09 5133.52 2127.58 5304.26 2011.36 5306.64
26071-300-M6-053-00010 0.06735362112522125 4919.12 4312.42 4999.67 4315.13 4996.96 4395.95 4916.41 4393.25
26071-300-M6-053-00010 0.05766989290714264 7618.49 3291.09 7740.02 3293.66 7737.45 3415.18 7615.92 3412.61
26071-200-M6-052-00540 0.051035042852163315 1893.41 5313.28 1956.05 5308.91 1983.51 5702.72 1920.87 5707.09
26071-200-M6-052-00540 0.05086581036448479 7315.17 4844.21 7383.16 4841.15 7391.55 5027.72 7323.56 5030.78
26071-200-M6-052-00540 0.05034957453608513 7022.33 5313.50 7087.30 5314.65 7080.50 5697.66 7015.53 5696.50
26071-203-M6-160-00291 0.09953886270523071 7834.26 3872.64 7938.87 3875.60 7933.63 4060.68 7829.02 4057.72
26071-203-M6-160-00291 0.05074768513441086 3281.82 2240.59 3344.87 2249.80 3331.61 2340.57 3268.56 2331.36
26071-600-M6-066-00002 0.21601206064224243 4223.22 3734.55 4296.22 3736.78 4293.37 3830.01 4220.36 3827.78
26071-300-M6-053-00008 0.09777692705392838 2066.08 6296.93 2188.53 6296.45 2189.18 6459.82 2066.73 6460.30
26071-300-M6-053-00008 0.06614336371421814 4863.16 657.72 5010.66 669.79 4997.91 825.71 4850.41 813.65
26071-300-M6-053-00008 0.05990554392337799 7391.29 6075.28 7511.30 6096.55 7490.49 6213.98 7370.48 6192.71
26071-203-M6-060-00001 0.07017352432012558 2110.37 4172.89 2226.87 4172.93 2226.79 4367.79 2110.29 4367.74
26071-203-M6-060-00001 0.06507690250873566 4610.79 1162.24 4730.58 1171.81 4720.78 1294.46 4601.00 1284.90
26071-200-M6-063-00010 0.0967922955751419 4935.06 1876.71 5016.56 1908.40 4984.31 1991.33 4902.81 1959.64
26071-200-M6-063-00010 0.06488523632287979 7684.20 1872.82 7803.08 1890.47 7785.49 2008.99 7666.61 1991.34
26071-200-M6-063-00010 0.05953526124358177 6048.24 1755.47 6201.89 1718.30 6235.22 1856.08 6081.57 1893.25
26071-200-M6-063-00010 0.05105459317564964 4491.93 5685.65 4537.79 5689.54 4533.39 5741.40 4487.53 5737.50
26071-203-M6-060-00006 0.05025308206677437 835.67 1868.01 953.63 1887.29 933.60 2009.86 815.64 1990.59
26071-203-M6-325-00013 0.12718746066093445 6563.37 2397.36 6596.20 2396.99 6597.53 2516.39 6564.70 2516.75
26071-203-M6-325-00013 0.1029544547200203 5496.68 2396.76 5529.74 2396.02 5532.43 2516.99 5499.38 2517.73
26071-203-M6-325-00013 0.08045423030853271 1557.98 3981.74 1674.06 3971.13 1689.14 4136.10 1573.05 4146.71
26071-203-M6-325-00013 0.06319116055965424 3890.25 4814.84 3961.09 4825.49 3945.94 4926.24 3875.10 4915.58
26071-675-M6-068-00041 0.1144704595208168 4002.56 2625.33 4120.13 2647.37 4098.11 2764.82 3980.54 2742.77
26071-675-M6-068-00041 0.10682102292776108 7000.25 4159.43 7118.48 4176.22 7101.62 4294.96 6983.39 4278.17
26071-675-M6-068-00041 0.10292733460664749 4001.21 4157.39 4118.75 4176.34 4099.53 4295.53 3981.99 4276.58
26071-675-M6-068-00041 0.0982893705368042 6668.78 4161.96 6789.29 4171.06 6780.04 4293.69 6659.52 4284.59
26071-675-M6-068-00041 0.09718029201030731 7005.25 2630.40 7124.65 2651.61 7103.60 2770.04 6984.20 2748.82
26071-675-M6-068-00041 0.07770358771085739 6341.07 4158.64 6460.81 4181.13 6438.71 4298.78 6318.98 4276.30
26071-675-M6-068-00041 0.0764036774635315 3342.85 4155.87 3460.70 4180.56 3436.28 4297.13 3318.44 4272.45
26071-675-M6-068-00041 0.0661216750741005 6006.15 4162.81 6124.46 4172.72 6114.59 4290.56 5996.27 4280.64
26071-675-M6-068-00041 0.06521699577569962 5345.90 4161.91 5464.66 4171.52 5455.04 4290.41 5336.28 4280.80
26071-675-M6-068-00041 0.06499063968658447 1355.76 4161.75 1474.01 4172.15 1463.72 4289.20 1345.46 4278.80
26071-675-M6-068-00041 0.06389208137989044 5675.17 4162.34 5794.71 4171.80 5785.25 4291.31 5665.71 4281.84
26071-675-M6-068-00041 0.06356530636548996 7656.27 4160.89 7774.65 4172.03 7763.52 4290.21 7645.14 4279.07
26071-675-M6-068-00041 0.06300746649503708 5016.59 4160.98 5135.03 4172.72 5123.34 4290.61 5004.90 4278.86
26071-675-M6-068-00041 0.06290042400360107 2674.23 4162.34 2793.47 4172.69 2783.12 4291.91 2663.88 4281.56
26071-675-M6-068-00041 0.06243227422237396 2346.32 4161.72 2464.72 4172.00 2454.42 4290.72 2336.02 4280.45
26071-675-M6-068-00041 0.06238921359181404 3005.16 4162.38 3124.37 4171.42 3115.26 4291.58 2996.05 4282.54
26071-675-M6-068-00041 0.06225264072418213 4656.67 4160.04 4775.00 4170.83 4764.37 4287.40 4646.04 4276.62
26071-675-M6-068-00041 0.0621056854724884 7326.72 4161.14 7444.57 4170.80 7434.89 4288.85 7317.04 4279.19
26071-675-M6-068-00041 0.06137819588184357 2017.30 4162.12 2135.59 4174.57 2123.27 4291.73 2004.97 4279.28
26071-675-M6-068-00041 0.058175064623355865 1686.72 4162.29 1805.27 4173.24 1794.39 4290.99 1675.84 4280.04
26071-675-M6-068-00041 0.05805467441678047 3665.17 4151.53 3785.04 4166.78 3769.78 4286.71 3649.91 4271.46
26071-675-M6-068-00041 0.057367611676454544 4327.27 4159.79 4445.43 4171.00 4434.43 4286.92 4316.27 4275.71
26071-675-M6-068-00041 0.05382896214723587 3668.50 2624.51 3789.11 2646.31 3767.90 2763.64 3647.29 2741.83
26071-675-M6-068-00041 0.05129646137356758 6668.47 2633.82 6790.06 2655.48 6769.34 2771.84 6647.74 2750.18
26071-300-M6-053-00012 0.12245682626962662 5492.18 4844.95 5613.43 4842.68 5616.62 5012.56 5495.36 5014.83
26071-300-M6-053-00012 0.09548894315958023 3924.82 4767.86 4046.14 4774.41 4039.73 4893.39 3918.40 4886.85
26071-300-M6-053-00012 0.09191987663507462 5507.31 1594.06 5595.29 1592.11 5597.20 1678.40 5509.22 1680.34
26071-300-M6-053-00012 0.08433733880519867 6568.36 6461.86 6689.15 6464.16 6686.00 6630.06 6565.20 6627.77
26071-300-M6-053-00012 0.07361350208520889 2995.29 1701.68 3027.89 1701.79 3027.49 1820.44 2994.89 1820.33
26071-300-M6-053-00012 0.0607759952545166 2692.44 1788.72 2740.23 1790.81 2737.97 1842.43 2690.18 1840.33
26071-300-M6-053-00012 0.05976581946015358 6104.67 1750.75 6223.99 1771.31 6203.69 1889.13 6084.37 1868.57
26071-300-M6-053-00012 0.05270250886678696 4271.70 4777.46 4393.42 4773.90 4396.97 4895.10 4275.25 4898.66
26071-300-M6-053-00012 0.052472151815891266 2391.44 1940.07 2425.21 1939.28 2427.02 2016.43 2393.25 2017.22
26071-450-M6-082-00221 0.22308646142482758 4573.51 3927.73 4658.26 3944.64 4639.21 4040.04 4554.47 4023.13
26071-450-M6-082-00221 0.17927052080631256 4570.14 2630.50 4657.05 2642.48 4643.58 2740.24 4556.67 2728.27
26071-450-M6-082-00221 0.13956692814826965 4571.95 5215.15 4656.97 5230.37 4639.54 5327.77 4554.52 5312.55
26071-450-M6-082-00221 0.1122794970870018 6579.12 1329.77 6668.09 1346.20 6651.08 1438.33 6562.11 1421.90
26071-675-M6-068-00034 0.07219918817281723 3804.68 4877.61 3905.41 4879.29 3902.97 5025.53 3802.24 5023.85
26071-675-M6-068-00034 0.06817574799060822 3049.36 4880.59 3158.40 4881.42 3157.27 5029.88 3048.23 5029.05
26071-675-M6-068-00034 0.06450767070055008 741.90 3980.32 865.03 3995.16 850.66 4114.40 727.53 4099.56
26071-450-M6-082-00031 0.19111274182796478 5025.48 6091.81 5109.76 6072.08 5132.94 6171.12 5048.66 6190.85
26071-450-M6-082-00031 0.13235929608345032 3671.63 5176.40 3793.22 5173.87 3796.49 5331.33 3674.91 5333.85
26071-450-M6-082-00031 0.12681540846824646 4603.96 2640.43 4726.11 2637.87 4729.76 2812.10 4607.61 2814.67
26071-450-M6-082-00031 0.08656707406044006 5966.73 5132.68 6081.38 5132.84 6081.14 5307.75 5966.49 5307.59
26071-200-M6-062-00276 0.07287833094596863 1243.75 4765.35 1364.35 4769.27 1360.40 4891.18 1239.79 4887.27
26071-200-M6-062-00276 0.06599698215723038 2147.79 1769.94 2232.12 1784.92 2216.72 1871.66 2132.39 1856.69
26071-200-M6-062-00276 0.0649394690990448 594.02 2467.45 714.37 2473.54 707.97 2599.89 587.62 2593.80
26071-200-M6-062-00276 0.050750888884067535 768.74 2857.76 815.20 2860.07 812.80 2908.31 766.34 2906.00
26071-500-M6-059-00011 0.09127701818943024 5188.94 1900.48 5274.50 1910.56 5259.39 2038.89 5173.83 2028.82
26071-500-M6-059-00011 0.07563268393278122 6075.67 2429.97 6229.93 2431.67 6228.32 2577.73 6074.06 2576.03
26071-500-M6-059-00011 0.07382785528898239 4656.40 1609.75 4744.55 1619.05 4732.09 1737.22 4643.93 1727.92
26071-500-M6-059-00011 0.0708828717470169 5707.06 2264.37 5761.53 2221.86 5814.27 2289.45 5759.80 2331.96
26071-500-M6-059-00011 0.06759375333786011 7616.83 1928.12 7735.47 1944.45 7718.80 2065.67 7600.15 2049.34
26071-500-M6-059-00011 0.06424058973789215 7616.34 1633.25 7735.98 1649.52 7719.40 1771.41 7599.77 1755.14
26071-500-M6-059-00011 0.061102502048015594 7614.62 2225.50 7732.61 2239.35 7718.39 2360.46 7600.41 2346.61
26071-500-M6-059-00011 0.056760311126708984 7615.37 2816.17 7736.66 2832.40 7720.60 2952.30 7599.32 2936.06
26071-500-M6-059-00011 0.05538913980126381 7615.60 2519.05 7735.21 2532.31 7721.54 2655.66 7601.93 2642.40
26071-500-M6-059-00011 0.05028080940246582 6783.61 2785.54 6870.35 2794.57 6856.46 2928.07 6769.72 2919.04
26071-600-M6-065-00021 0.10713303834199905 3786.30 6194.53 3897.99 6198.68 3891.28 6379.48 3779.58 6375.33
26071-600-M6-065-00021 0.0945592075586319 4906.24 1345.39 4939.32 1343.81 4945.13 1465.75 4912.05 1467.32
26071-600-M6-065-00021 0.06853362917900085 5819.45 3013.44 5937.42 3030.51 5920.13 3150.06 5802.15 3132.99
26071-500-M6-059-00013 0.0659380629658699 6971.69 3283.80 7082.36 3275.07 7092.98 3409.68 6982.30 3418.41
26071-500-M6-059-00044 0.11588818579912186 1085.00 3595.98 1182.58 3618.31 1162.34 3706.74 1064.76 3684.41
26071-500-M6-059-00044 0.0961076021194458 1271.92 3599.70 1367.08 3612.51 1355.00 3702.31 1259.83 3689.50
26071-500-M6-059-00044 0.07059934735298157 5449.16 3965.88 5607.26 3948.16 5624.91 4105.58 5466.80 4123.31
26071-500-M6-059-00044 0.06741370260715485 7191.25 4073.84 7259.95 4088.61 7240.01 4181.36 7171.31 4166.59
26071-500-M6-059-00044 0.06326236575841904 1871.83 3953.51 2026.97 3943.72 2037.11 4104.55 1881.97 4114.34
26071-500-M6-059-00044 0.06068120151758194 1800.34 4614.95 1847.86 4624.41 1838.71 4670.36 1791.19 4660.90
26071-500-M6-059-00044 0.05809077247977257 2797.78 1992.53 2894.83 1981.56 2904.11 2063.64 2807.06 2074.61
26071-200-M6-052-00093 0.14865729212760925 7057.08 3597.47 7089.33 3595.95 7094.74 3710.84 7062.49 3712.36
26071-200-M6-052-00093 0.11814208328723907 5260.70 1629.34 5293.74 1628.27 5297.69 1749.68 5264.65 1750.76
26071-200-M6-052-00093 0.09284241497516632 5792.13 3879.80 5902.02 3878.67 5903.37 4010.50 5793.48 4011.63
26071-200-M6-052-00093 0.08764505386352539 6770.84 3594.57 6804.92 3594.46 6805.27 3705.76 6771.20 3705.87
26071-200-M6-052-00093 0.0851077288389206 4959.91 1909.29 5078.69 1906.87 5079.36 1939.66 4960.58 1942.09
26071-200-M6-052-00093 0.07535964995622635 4273.17 4171.11 4395.33 4183.51 4382.82 4306.77 4260.66 4294.38
26071-200-M6-052-00093 0.06739295274019241 5155.45 6211.49 5244.08 6215.55 5239.76 6309.71 5151.14 6305.65
26071-200-M6-052-00093 0.05828053876757622 6076.23 3869.93 6185.30 3875.01 6179.18 4006.37 6070.11 4001.29
26071-200-M6-052-00093 0.05667879059910774 1834.90 2128.31 1953.10 2133.95 1945.28 2297.61 1827.09 2291.97
26071-200-M6-052-00093 0.05589751526713371 4860.07 1485.70 5004.35 1449.95 5044.78 1613.16 4900.50 1648.90
26071-200-M6-052-00093 0.05480026453733444 4342.42 1868.46 4463.48 1888.79 4443.53 2007.58 4322.47 1987.25
26071-200-M6-052-00002 0.3359644114971161 6018.39 1017.76 6099.69 1031.26 6086.39 1111.35 6005.09 1097.85
26071-200-M6-052-00002 0.06672418117523193 7361.37 3912.00 7408.10 3920.11 7399.78 3968.05 7353.05 3959.95
26071-200-M6-052-00002 0.06539420783519745 6975.61 4172.08 7095.66 4184.02 7083.28 4308.46 6963.23 4296.52
26071-200-M6-052-00002 0.06388461589813232 2192.22 5709.06 2310.27 5726.03 2293.29 5844.22 2175.24 5827.25
26071-200-M6-052-00002 0.05871479958295822 655.64 5369.79 772.01 5382.06 761.10 5485.51 644.73 5473.23
26071-200-M6-052-00002 0.056766241788864136 1297.10 1180.25 1413.83 1177.33 1416.83 1296.91 1300.09 1299.83
26071-200-M6-052-00002 0.05338873341679573 7256.07 6191.13 7399.30 6151.78 7447.05 6325.60 7303.82 6364.94
26071-200-M6-052-00002 0.05023861303925514 6161.62 1912.50 6209.39 1911.45 6210.54 1963.84 6162.76 1964.89
26071-675-M6-068-10002 0.07167734205722809 3712.33 3744.13 3800.32 3744.14 3800.31 3824.75 3712.32 3824.74
26071-750-M6-085-00012 0.09382409602403641 1655.89 2422.89 1774.25 2428.69 1768.26 2550.95 1649.90 2545.14
26071-750-M6-085-00012 0.06503796577453613 4825.36 3582.91 4969.26 3541.79 5015.63 3704.05 4871.73 3745.17
26071-750-M6-085-00012 0.056751228868961334 5021.40 4283.25 5148.07 4294.78 5134.87 4439.92 5008.19 4428.40
26071-750-M6-085-00012 0.056237149983644485 2310.21 4293.72 2444.99 4286.88 2452.32 4431.43 2317.55 4438.27
26071-750-M6-085-00012 0.05301257595419884 3496.03 4300.09 3612.05 4299.26 3612.99 4430.68 3496.97 4431.52
26071-200-M6-062-00277 0.10416275262832642 4791.02 1870.26 4910.17 1882.51 4897.67 2004.29 4778.51 1992.05
26071-200-M6-062-00277 0.08916287124156952 6324.16 1873.83 6442.21 1886.14 6429.70 2006.21 6311.65 1993.90
26071-200-M6-062-00277 0.0741613581776619 6326.48 2464.40 6445.62 2482.02 6428.10 2600.52 6308.96 2582.91
26071-200-M6-062-00277 0.0706092044711113 7974.27 3874.70 8093.64 3883.71 8084.29 4007.57 7964.91 3998.55
26071-200-M6-062-00277 0.06631956249475479 4791.29 1509.81 4908.95 1521.70 4896.46 1645.23 4778.80 1633.33
26071-200-M6-062-00277 0.06440088897943497 4773.22 3285.11 4880.61 3264.45 4905.87 3395.75 4798.49 3416.41
26071-200-M6-062-00277 0.06109703332185745 7980.14 2464.24 8098.70 2478.37 8084.49 2597.64 7965.93 2583.52
26071-200-M6-062-00277 0.06073584780097008 5501.37 5883.99 5619.56 5903.74 5599.70 6022.59 5481.51 6002.83
26071-200-M6-062-00277 0.05385242775082588 4785.53 2582.28 4902.60 2588.80 4895.95 2708.35 4778.87 2701.84
26071-200-M6-062-00277 0.052150338888168335 4782.98 2938.18 4902.19 2943.50 4896.85 3062.95 4777.64 3057.63
26071-600-M6-065-00259 0.09525759518146515 6670.20 871.84 6792.64 870.26 6794.26 995.73 6671.81 997.30
26071-600-M6-065-00259 0.07697051018476486 650.40 868.95 770.81 880.66 759.10 1001.17 638.69 989.46
26071-600-M6-065-00259 0.07395702600479126 7274.91 5471.60 7393.25 5491.81 7372.70 5612.13 7254.36 5591.92
26071-600-M6-065-00259 0.06761174649000168 6621.72 3695.61 6741.96 3714.86 6722.93 3833.81 6602.69 3814.57
26071-600-M6-065-00259 0.06423173099756241 1006.24 866.82 1126.33 874.60 1118.35 997.81 998.26 990.03
26071-600-M6-065-00259 0.061531368643045425 7677.27 4437.49 7796.01 4435.60 7796.53 4468.66 7677.79 4470.55
26071-600-M6-065-00259 0.059068236500024796 6617.84 3402.46 6736.09 3416.27 6722.17 3535.43 6603.92 3521.62
26071-600-M6-065-00259 0.057902753353118896 4314.63 869.83 4432.66 880.23 4422.16 999.34 4304.13 988.93
26071-600-M6-065-00259 0.05440965294837952 7677.93 5525.62 7796.63 5523.10 7797.33 5556.04 7678.63 5558.55
26071-600-M6-065-00259 0.05389043688774109 5322.97 5473.76 5443.46 5493.20 5424.26 5612.24 5303.76 5592.80
26071-600-M6-065-00259 0.05357001721858978 5860.26 5467.38 5976.07 5495.31 5947.34 5614.44 5831.52 5586.50
26071-600-M6-065-00259 0.05227404832839966 706.58 2951.64 824.97 2947.61 826.09 2980.47 707.70 2984.51
26071-600-M6-065-00259 0.05160289630293846 6919.01 5471.99 7038.70 5494.73 7016.25 5612.93 6896.56 5590.19
26071-600-M6-065-00259 0.05139688402414322 6213.38 5470.46 6332.10 5496.02 6306.96 5612.76 6188.25 5587.20
26071-600-M6-065-00259 0.05063439905643463 2197.27 5586.20 2317.92 5607.92 2296.49 5726.92 2175.84 5705.20
26071-200-M6-052-00544 0.08312533795833588 698.90 3292.45 811.99 3278.99 827.14 3406.27 714.05 3419.74
26071-200-M6-052-00544 0.06256070733070374 361.24 3993.57 485.45 4009.43 470.08 4129.81 345.87 4113.95
26071-200-M6-052-00544 0.060148753225803375 713.95 2933.16 832.75 2944.44 821.22 3065.89 702.42 3054.61
26071-200-M6-052-00544 0.05303344130516052 1297.11 4958.26 1422.12 4958.22 1422.17 5127.58 1297.17 5127.62
26071-750-M6-085-00309 0.05697733536362648 6345.57 3892.35 6496.69 3851.72 6541.50 4018.36 6390.37 4059.00
