26071-200-M6-052-00001 0.10921347141265869 6540.74 1800.32 6615.95 1799.28 6617.84 1935.81 6542.64 1936.85
26071-200-M6-052-00001 0.09088213741779327 4885.96 5698.61 4961.06 5697.87 4962.40 5833.31 4887.31 5834.06
26071-500-M6-059-00017 0.06922179460525513 5783.93 4969.88 5906.98 4965.68 5908.09 4998.09 5785.04 5002.30
26071-500-M6-059-00017 0.06835179030895233 6565.16 3347.64 6683.47 3350.69 6682.62 3383.80 6564.31 3380.76
26071-500-M6-059-00017 0.06722749024629593 4555.39 1862.21 4673.88 1860.65 4674.31 1893.24 4555.81 1894.79
26071-500-M6-059-00017 0.06077898293733597 6100.51 4654.34 6133.11 4653.88 6134.73 4770.76 6102.12 4771.21
26071-500-M6-059-00017 0.05843276157975197 2935.80 6374.74 2968.96 6374.50 2969.82 6494.20 2936.66 6494.44
26071-500-M6-059-00017 0.05794637277722359 3780.20 4968.97 3898.96 4968.26 3899.16 5001.34 3780.40 5002.05
26071-500-M6-059-00017 0.057796262204647064 6563.93 1859.10 6683.34 1862.49 6682.41 1895.27 6563.00 1891.89
26071-500-M6-059-00017 0.05741039291024208 4093.60 4654.16 4126.37 4654.31 4125.86 4770.90 4093.09 4770.76
26071-500-M6-059-00017 0.055631376802921295 7063.25 4797.47 7105.12 4795.99 7108.84 4900.94 7066.97 4902.42
26071-500-M6-059-00017 0.055176883935928345 1377.13 6612.54 1409.82 6612.55 1409.80 6731.73 1377.12 6731.73
26071-500-M6-059-00017 0.05416381359100342 5789.98 5170.18 5907.25 5167.49 5908.01 5200.51 5790.73 5203.19
26071-500-M6-059-00017 0.05380568653345108 1771.21 4969.29 1891.24 4967.79 1891.66 5000.92 1771.63 5002.42
26071-600-M6-066-00012 0.05307729169726372 5170.12 5812.00 5217.49 5811.12 5219.20 5903.47 5171.83 5904.35
26071-200-M6-052-00539 0.08317528665065765 6386.39 6171.47 6460.74 6170.58 6462.35 6305.01 6388.00 6305.90
26071-200-M6-052-00539 0.07440148293972015 3541.98 1635.25 3660.71 1636.93 3660.23 1670.54 3541.50 1668.86
26071-200-M6-052-00539 0.06635531038045883 2481.67 1636.83 2599.04 1636.68 2599.08 1669.98 2481.71 1670.12
26071-200-M6-052-00539 0.05787592753767967 2498.89 1459.88 2546.99 1457.03 2553.88 1573.01 2505.78 1575.87
26071-500-M6-059-00248 0.08900906145572662 3113.70 5955.68 3147.10 5956.28 3144.99 6073.76 3111.59 6073.16
26071-500-M6-059-00248 0.07076156139373779 2843.04 5935.50 2919.04 5935.02 2919.87 6068.94 2843.87 6069.41
26071-500-M6-059-00248 0.0650925263762474 3562.75 3000.12 3595.95 3000.31 3595.27 3120.43 3562.08 3120.25
26071-500-M6-059-00248 0.06174290180206299 2912.77 3448.46 2945.65 3448.75 2944.60 3568.00 2911.73 3567.72
26071-500-M6-059-00248 0.0596223846077919 3055.57 6068.32 3087.93 6069.24 3084.49 6189.87 3052.13 6188.94
26071-500-M6-059-00248 0.05743970721960068 3128.59 3755.67 3250.09 3748.21 3252.06 3780.29 3130.56 3787.75
26071-500-M6-059-00248 0.05404112860560417 2833.18 6283.65 2926.18 6282.67 2926.68 6329.58 2833.68 6330.56
26071-500-M6-059-00248 0.051906995475292206 2676.95 6069.13 2710.05 6069.62 2708.32 6187.10 2675.23 6186.62
26071-500-M6-059-00248 0.05092938244342804 2485.42 3716.53 2524.31 3720.86 2513.68 3816.36 2474.78 3812.03
26071-700-M6-054-00246 0.09847518801689148 2987.89 2006.05 3035.09 2006.20 3034.80 2099.08 2987.60 2098.93
26071-700-M6-054-00246 0.0648704245686531 3798.24 1701.29 3831.32 1701.91 3829.16 1818.11 3796.07 1817.50
26071-700-M6-054-00246 0.061817288398742676 4533.52 4945.20 4577.01 4940.81 4585.30 5023.01 4541.81 5027.40
26071-500-M6-059-00040 0.0849025771021843 6004.64 3825.80 6037.53 3824.81 6041.16 3945.66 6008.26 3946.65
26071-500-M6-059-00040 0.061984505504369736 4115.86 2172.47 4148.68 2171.89 4150.79 2290.15 4117.96 2290.73
26071-500-M6-059-00040 0.05253681540489197 2394.20 3588.01 2444.10 3586.57 2446.89 3683.04 2396.98 3684.48
26071-500-M6-059-00040 0.052191298454999924 3691.97 3587.78 3742.95 3587.58 3743.32 3683.89 3692.35 3684.09
26071-203-M6-333-00010 0.05834788456559181 4841.16 3490.49 5001.65 3487.91 5002.20 3522.31 4841.71 3524.90
26071-550-M6-084-00248 0.05749041214585304 2799.03 4989.22 2873.54 4991.65 2869.15 5126.25 2794.64 5123.82
26071-200-M6-052-00080 0.39901307225227356 3356.59 1505.47 3472.60 1507.96 3471.88 1541.91 3355.86 1539.42
26071-200-M6-052-00080 0.31230345368385315 6781.00 1505.63 6897.48 1508.18 6896.75 1541.73 6780.27 1539.18
26071-200-M6-052-00080 0.14233505725860596 7027.18 2427.97 7149.07 2428.09 7149.04 2461.25 7027.15 2461.13
26071-200-M6-052-00080 0.12931345403194427 3602.22 2616.64 3721.13 2616.33 3721.22 2649.69 3602.31 2650.00
26071-200-M6-052-00080 0.12367313355207443 3600.99 2427.47 3722.70 2428.22 3722.50 2461.40 3600.78 2460.65
26071-200-M6-052-00080 0.11140447109937668 7028.46 2616.58 7148.43 2617.24 7148.25 2650.56 7028.27 2649.90
26071-200-M6-052-00080 0.10672627389431 7185.86 5631.95 7232.84 5634.07 7228.51 5729.73 7181.53 5727.60
26071-200-M6-052-00080 0.06411611288785934 2559.79 6350.09 2633.55 6349.35 2634.92 6485.75 2561.17 6486.49
26071-200-M6-052-00080 0.06394479423761368 5466.18 5105.66 5542.30 5105.50 5542.60 5242.25 5466.48 5242.42
26071-200-M6-052-00080 0.06260789930820465 2042.45 5104.99 2118.02 5106.66 2115.01 5243.03 2039.44 5241.36
26071-200-M6-052-00080 0.05531613528728485 3279.67 5182.53 3327.17 5180.30 3331.17 5265.58 3283.67 5267.81
26071-203-M6-321-00604 0.053042132407426834 7361.71 684.67 7393.99 684.16 7395.88 804.18 7363.61 804.69
26071-300-M6-053-00309 0.06535029411315918 4321.32 2089.30 4409.05 2087.20 4410.74 2158.04 4323.02 2160.14
26071-300-M6-053-00309 0.05736549571156502 5651.79 4065.58 5684.79 4065.38 5685.49 4183.02 5652.49 4183.22
26071-300-M6-053-00309 0.055601321160793304 5760.75 2762.40 5793.34 2763.02 5791.09 2880.45 5758.50 2879.83
26071-450-M6-082-00009 0.06880155205726624 3305.59 1672.39 3422.87 1670.12 3423.51 1703.10 3306.23 1705.37
26071-450-M6-082-00009 0.05681433901190758 3607.61 1170.78 3640.51 1170.20 3642.63 1288.48 3609.72 1289.06
26071-450-M6-082-00009 0.05557875335216522 4198.32 1641.87 4231.24 1641.04 4234.22 1759.52 4201.30 1760.35
26071-450-M6-082-00009 0.05253060907125473 3896.93 1930.06 4015.33 1932.02 4014.79 1964.80 3896.39 1962.84
26071-450-M6-082-00009 0.050645358860492706 3608.54 3590.29 3641.73 3590.41 3641.29 3708.94 3608.11 3708.82
26071-200-M6-052-00552 0.06352467089891434 4412.67 5124.66 4445.82 5125.04 4444.47 5243.22 4411.32 5242.84
26071-750-M6-085-00007 0.11487890034914017 6834.11 6425.79 6867.29 6426.49 6864.83 6543.49 6831.66 6542.79
26071-750-M6-085-00007 0.09904027730226517 6091.54 2062.10 6124.67 2062.74 6122.46 2178.42 6089.33 2177.79
26071-750-M6-085-00007 0.0945533886551857 3019.30 1404.10 3052.10 1404.51 3050.63 1522.88 3017.83 1522.48
26071-750-M6-085-00007 0.0833711251616478 6620.77 2528.08 6653.75 2528.49 6652.28 2646.63 6619.30 2646.22
26071-750-M6-085-00007 0.06892696022987366 6321.94 2827.14 6438.07 2830.85 6436.99 2864.63 6320.86 2860.91
26071-750-M6-085-00007 0.061105258762836456 5784.41 2571.46 5906.07 2568.45 5906.88 2601.05 5785.22 2604.06
26071-750-M6-085-00007 0.05986063554883003 6916.59 6188.19 6949.70 6188.52 6948.53 6307.52 6915.42 6307.19
26071-750-M6-085-00007 0.0543084591627121 2935.93 1642.93 2968.80 1642.67 2969.74 1761.13 2936.87 1761.39
26071-750-M6-085-00007 0.05392749235033989 7115.58 6188.29 7149.26 6187.89 7150.68 6306.24 7117.00 6306.65
26071-750-M6-085-00007 0.05243581533432007 6335.84 6189.72 6369.14 6189.31 6370.59 6306.84 6337.29 6307.25
26071-203-M6-337-00031 0.06079741194844246 3958.96 2251.62 4052.11 2251.81 4052.01 2299.37 3958.87 2299.18
26071-203-M6-332-00001 0.05731348320841789 2095.09 5531.52 2171.21 5534.63 2165.71 5669.17 2089.59 5666.06
26071-203-M6-079-00001 0.10621611773967743 2934.14 2054.78 2967.19 2053.93 2970.24 2171.96 2937.19 2172.81
26071-203-M6-079-00001 0.07797978073358536 3101.47 2997.68 3133.97 2997.57 3134.40 3118.10 3101.89 3118.22
26071-203-M6-079-00001 0.0738070011138916 2701.25 5951.28 2734.33 5952.13 2731.36 6068.62 2698.28 6067.78
26071-203-M6-079-00001 0.06886306405067444 3402.47 5168.80 3519.21 5167.92 3519.46 5201.00 3402.72 5201.89
26071-203-M6-079-00001 0.05809267982840538 3076.98 3943.83 3110.19 3943.54 3111.21 4061.92 3078.00 4062.21
26071-203-M6-079-00001 0.05553891882300377 2898.01 3943.71 2930.86 3942.09 2936.72 4060.85 2903.88 4062.48
26071-203-M6-079-00001 0.054228950291872025 3077.23 5005.68 3110.38 5005.71 3110.27 5125.79 3077.11 5125.76
26071-200-M6-052-00150 0.0804712325334549 7444.63 4642.76 7520.68 4637.70 7529.40 4768.49 7453.35 4773.56
26071-200-M6-052-00150 0.0767727941274643 6006.82 3460.93 6081.52 3458.05 6086.54 3588.52 6011.84 3591.40
26071-200-M6-052-00003 0.08499566465616226 6099.96 1217.89 6175.97 1212.87 6184.71 1345.22 6108.70 1350.24
26071-200-M6-052-00003 0.08282055705785751 6095.96 1996.45 6172.87 1988.67 6186.25 2121.01 6109.33 2128.79
26071-200-M6-052-00003 0.05944789573550224 6020.14 2788.09 6053.28 2788.04 6053.47 2908.96 6020.33 2909.02
26071-200-M6-052-00003 0.05860048532485962 6092.29 2317.84 6191.97 2320.95 6190.61 2364.79 6090.93 2361.69
26071-200-M6-052-00003 0.05213462933897972 2989.27 2348.65 3032.95 2347.97 3034.89 2472.32 2991.21 2473.01
26071-200-M6-052-00003 0.05012845993041992 5331.79 2468.74 5367.78 2470.55 5361.75 2590.23 5325.75 2588.41
26071-700-M6-054-00013 0.0627000629901886 3622.93 3927.19 3696.91 3926.17 3698.76 4060.36 3624.77 4061.38
26071-700-M6-054-00013 0.06254824995994568 3620.59 5817.82 3694.75 5814.87 3700.17 5950.97 3626.00 5953.92
26071-700-M6-054-00013 0.05657655745744705 3621.40 3335.28 3694.83 3334.03 3697.16 3470.64 3623.73 3471.89
26071-700-M6-054-00013 0.05359134078025818 3619.49 5228.14 3692.80 5224.81 3698.94 5359.80 3625.62 5363.14
26071-700-M6-054-00013 0.05308538302779198 3623.01 2038.85 3696.73 2037.76 3698.71 2171.74 3625.00 2172.83
26071-700-M6-054-00013 0.05121113732457161 3620.78 1448.62 3693.69 1444.77 3700.75 1578.52 3627.84 1582.37
26071-700-M6-054-00036 0.07075126469135284 6100.33 5416.77 6174.93 5413.63 6180.64 5548.89 6106.04 5552.03
26071-500-M6-059-00071 0.08406590670347214 4079.97 2173.97 4112.81 2173.22 4115.52 2291.10 4082.68 2291.86
26071-500-M6-059-00071 0.08190792053937912 3667.67 3236.30 3700.73 3236.09 3701.47 3354.36 3668.41 3354.57
26071-500-M6-059-00071 0.07828804850578308 5580.48 2173.48 5613.24 2172.90 5615.34 2291.28 5582.58 2291.86
26071-500-M6-059-00071 0.07060644030570984 6102.59 2627.98 6178.13 2628.02 6178.07 2766.33 6102.53 2766.30
26071-500-M6-059-00071 0.0660131648182869 3137.51 2763.28 3170.37 2763.83 3168.37 2882.00 3135.52 2881.44
26071-500-M6-059-00071 0.06238440051674843 6575.98 3453.49 6650.69 3453.95 6649.83 3591.21 6575.13 3590.75
26071-500-M6-059-00071 0.05519900098443031 6312.68 2762.60 6345.33 2762.11 6347.09 2879.22 6314.44 2879.71
26071-500-M6-059-00071 0.05272174999117851 5935.74 2763.37 5968.61 2763.16 5969.36 2880.94 5936.48 2881.15
26071-500-M6-059-00071 0.05093283951282501 6408.52 3591.45 6441.48 3591.17 6442.49 3708.00 6409.54 3708.29
26071-203-M6-320-00008 0.05845397338271141 4594.69 1060.75 4671.71 1060.25 4672.58 1196.17 4595.56 1196.67
26071-500-M6-059-00116 0.0520087368786335 3284.17 4605.84 3330.54 4604.99 3332.22 4696.61 3285.86 4697.46
26071-200-M6-052-00090 0.5585528016090393 6798.83 1282.75 6831.57 1283.48 6828.71 1410.25 6795.97 1409.52
26071-200-M6-052-00090 0.1582038849592209 6257.77 2345.03 6379.12 2345.56 6378.97 2378.32 6257.62 2377.78
26071-200-M6-052-00090 0.15120431780815125 6257.94 2534.34 6378.68 2534.18 6378.73 2567.40 6257.98 2567.57
26071-200-M6-052-00090 0.12180693447589874 3189.50 2237.75 3308.47 2239.88 3307.88 2272.58 3188.91 2270.45
26071-200-M6-052-00090 0.11468811333179474 3189.86 2428.04 3309.21 2428.52 3309.07 2461.67 3189.72 2461.19
26071-200-M6-052-00090 0.07375665754079819 1591.34 4694.38 1666.54 4693.13 1668.79 4829.12 1593.58 4830.37
26071-200-M6-052-00090 0.06608641892671585 3160.38 2112.06 3205.41 2107.77 3214.40 2201.96 3169.36 2206.26
26071-200-M6-052-00090 0.059002410620450974 4602.39 4694.67 4676.49 4695.78 4674.52 4828.49 4600.41 4827.39
26071-200-M6-052-00090 0.05079508200287819 2244.70 2826.06 2280.16 2821.75 2294.00 2935.54 2258.55 2939.86
26071-203-M6-320-00061 0.06422974169254303 1572.25 3205.14 1605.42 3204.75 1606.83 3323.29 1573.65 3323.68
26071-600-M6-065-00037 0.07881836593151093 2925.46 2077.90 2971.82 2075.74 2975.58 2156.22 2929.22 2158.39
26071-600-M6-065-00037 0.07483664155006409 2695.02 2072.81 2741.11 2074.88 2737.11 2163.98 2691.02 2161.91
26071-600-M6-065-00037 0.06164434552192688 5999.42 2187.87 6046.33 2187.38 6047.30 2279.53 6000.39 2280.03
26071-203-M6-160-00291 0.07364176213741302 1613.90 1521.84 1646.84 1521.86 1646.77 1639.78 1613.83 1639.76
26071-203-M6-160-00291 0.0711335837841034 1769.67 1500.84 1862.35 1497.66 1864.01 1545.85 1771.33 1549.03
26071-203-M6-160-00291 0.07086601108312607 1772.97 2444.95 1865.85 2447.07 1864.77 2494.24 1771.89 2492.12
26071-203-M6-160-00291 0.06044263392686844 1614.16 2289.14 1646.89 2289.24 1646.52 2407.09 1613.79 2406.99
26071-203-M6-160-00291 0.05595646798610687 3769.03 5836.62 3802.11 5835.02 3807.69 5950.08 3774.61 5951.68
26071-203-M6-160-00291 0.05374852567911148 1772.90 1680.95 1863.69 1676.08 1866.25 1723.72 1775.46 1728.60
26071-203-M6-160-00291 0.05295341834425926 1589.78 3800.72 1622.47 3800.61 1622.85 3920.38 1590.16 3920.48
26071-600-M6-066-00002 0.05157465115189552 5963.15 1558.50 5996.83 1557.43 5999.95 1656.05 5966.27 1657.11
26071-600-M6-066-00002 0.050338733941316605 5062.40 5242.12 5095.89 5242.48 5094.57 5362.65 5061.09 5362.29
26071-300-M6-053-00008 0.12157128006219864 6570.88 5813.89 6667.44 5814.69 6667.08 5858.97 6570.52 5858.17
26071-300-M6-053-00008 0.05446990206837654 5297.87 6540.68 5330.60 6540.32 5331.90 6658.81 5299.17 6659.17
26071-300-M6-053-00008 0.05047466978430748 2598.53 1436.69 2716.73 1435.53 2717.05 1468.47 2598.86 1469.63
26071-203-M6-060-00001 0.12253584712743759 1871.92 1348.66 1905.09 1348.14 1906.94 1466.23 1873.77 1466.75
26071-203-M6-060-00001 0.09567394107580185 1811.39 3473.29 1844.38 3472.01 1848.93 3589.13 1815.93 3590.41
26071-203-M6-060-00001 0.07102130353450775 2013.55 5597.68 2046.69 5597.32 2047.97 5714.80 2014.83 5715.16
26071-203-M6-060-00001 0.0661563128232956 2015.76 4650.66 2049.36 4651.65 2045.90 4769.31 2012.30 4768.32
26071-203-M6-060-00001 0.06420623511075974 1812.03 2527.93 1844.98 2526.89 1848.65 2643.67 1815.70 2644.71
26071-203-M6-060-00001 0.06301713734865189 2043.02 928.95 2160.33 927.07 2160.86 960.15 2043.55 962.03
26071-200-M6-063-00010 0.05822896212339401 5627.26 5583.58 5700.93 5579.19 5708.95 5713.61 5635.27 5718.01
26071-300-M6-053-00012 0.09150314331054688 2393.04 1700.43 2425.66 1700.32 2426.06 1819.38 2393.45 1819.49
26071-300-M6-053-00012 0.061457324773073196 1801.42 4991.94 1875.19 4989.06 1880.45 5123.96 1806.68 5126.83
26071-300-M6-053-00012 0.05405549705028534 2191.61 1702.44 2224.90 1702.37 2225.16 1818.64 2191.86 1818.71
26071-675-M6-068-00034 0.05788969621062279 3899.60 3349.17 3939.17 3344.64 3947.30 3415.71 3907.73 3420.24
26071-675-M6-068-00034 0.057043127715587616 2055.40 1648.95 2088.09 1650.34 2083.05 1769.55 2050.35 1768.17
26071-675-M6-068-00034 0.052081990987062454 3150.85 3347.95 3196.93 3344.81 3202.04 3419.89 3155.96 3423.03
26071-675-M6-068-00034 0.051578689366579056 2879.99 5183.36 2918.21 5178.52 2926.48 5243.89 2888.26 5248.72
26071-675-M6-068-00034 0.051472846418619156 3630.62 5180.58 3667.82 5176.93 3674.84 5248.49 3637.64 5252.13
26071-450-M6-082-00031 0.08278676867485046 4827.09 3705.97 4860.28 3707.17 4855.98 3826.90 4822.78 3825.70
26071-500-M6-059-00011 0.0964796170592308 6452.89 2468.52 6486.16 2467.47 6489.92 2586.15 6456.65 2587.20
26071-500-M6-059-00011 0.07625339180231094 4860.79 1582.68 4893.81 1582.82 4893.32 1701.50 4860.30 1701.36
26071-500-M6-059-00011 0.07603222131729126 5391.94 1875.53 5425.49 1875.03 5427.28 1996.28 5393.73 1996.78
26071-500-M6-059-00011 0.07408661395311356 5923.61 2173.66 5956.77 2173.11 5958.76 2292.20 5925.60 2292.75
26071-500-M6-059-00011 0.06488953530788422 6987.03 2764.14 7019.86 2764.06 7020.13 2882.04 6987.30 2882.12
26071-500-M6-059-00011 0.06458725035190582 7332.93 3277.22 7451.90 3279.34 7451.31 3312.43 7332.34 3310.31
26071-500-M6-059-00011 0.061461739242076874 5090.29 2179.81 5209.18 2181.31 5208.76 2214.42 5089.87 2212.92
26071-500-M6-059-00011 0.05623583495616913 5622.57 2687.75 5740.67 2688.00 5740.60 2720.89 5622.50 2720.64
26071-500-M6-059-00011 0.056084997951984406 5782.50 2388.54 5833.46 2389.05 5832.45 2490.24 5781.49 2489.73
26071-500-M6-059-00011 0.055961139500141144 6845.65 2985.44 6897.32 2985.66 6896.90 3083.75 6845.23 3083.53
26071-500-M6-059-00011 0.055053990334272385 4559.41 1883.78 4678.66 1885.15 4678.28 1918.18 4559.03 1916.81
26071-500-M6-059-00011 0.051506634801626205 5253.90 2084.59 5300.70 2086.31 5296.78 2193.08 5249.98 2191.36
26071-500-M6-059-00011 0.05143216252326965 6691.05 3280.86 6805.84 3277.71 6806.75 3310.82 6691.96 3313.98
26071-600-M6-065-00021 0.08556447923183441 5061.77 1875.44 5094.90 1875.20 5095.73 1992.65 5062.61 1992.89
26071-600-M6-065-00021 0.07758352160453796 3282.44 5081.24 3327.85 5078.76 3331.96 5153.96 3286.54 5156.44
26071-600-M6-065-00021 0.07344155013561249 5031.99 5076.68 5078.13 5076.82 5077.89 5154.04 5031.75 5153.89
26071-600-M6-065-00021 0.063677117228508 7128.42 4690.15 7161.45 4689.84 7162.54 4806.61 7129.52 4806.92
26071-600-M6-065-00021 0.06342030316591263 2323.52 3927.44 2398.67 3926.96 2399.54 4062.00 2324.39 4062.48
26071-600-M6-065-00021 0.06091071292757988 6668.08 4179.36 6700.59 4179.35 6700.62 4297.33 6668.11 4297.33
26071-600-M6-065-00021 0.05791151523590088 4582.34 1637.66 4701.66 1636.17 4702.07 1669.20 4582.75 1670.69
26071-500-M6-059-00013 0.13383691012859344 6242.00 2998.45 6275.15 2998.03 6276.65 3118.02 6243.50 3118.43
26071-500-M6-059-00013 0.05903279781341553 6020.94 6289.10 6139.99 6291.28 6139.39 6324.31 6020.33 6322.13
26071-500-M6-059-00013 0.05172443762421608 6242.62 3352.13 6275.77 3352.20 6275.52 3471.57 6242.37 3471.50
26071-500-M6-059-00013 0.05049643665552139 2949.40 3810.59 3067.48 3809.07 3067.91 3842.71 2949.83 3844.23
26071-500-M6-059-00044 0.0888601690530777 4772.18 2008.48 4866.02 2009.94 4865.29 2056.89 4771.44 2055.43
26071-500-M6-059-00044 0.05423511192202568 6656.56 883.55 6706.74 883.00 6707.80 979.71 6657.62 980.26
26071-500-M6-059-00044 0.053561944514513016 6798.40 699.45 6831.26 700.06 6829.16 812.45 6796.29 811.83
26071-200-M6-052-00093 0.07574085891246796 2658.73 2386.02 2751.09 2386.57 2750.81 2433.45 2658.45 2432.90
26071-200-M6-052-00093 0.06539718061685562 6894.85 3456.42 6969.44 3454.87 6972.27 3591.08 6897.68 3592.63
26071-200-M6-052-00002 0.13204416632652283 1968.96 5931.15 2045.05 5931.06 2045.22 6068.32 1969.13 6068.41
26071-200-M6-052-00002 0.07493255287408829 1838.30 6069.16 1871.15 6069.88 1868.54 6188.60 1835.69 6187.88
26071-200-M6-052-00002 0.05995483323931694 6858.69 1260.19 6934.04 1259.14 6935.93 1393.99 6860.58 1395.05
26071-200-M6-052-00002 0.053592268377542496 1788.36 990.39 1821.25 989.12 1825.82 1107.73 1792.93 1108.99
26071-750-M6-085-00012 0.12598247826099396 3053.97 6422.56 3086.89 6422.57 3086.85 6542.91 3053.93 6542.90
26071-750-M6-085-00012 0.08725526183843613 1159.51 2350.61 1192.94 2349.12 1197.99 2462.45 1164.57 2463.94
26071-750-M6-085-00012 0.08409278839826584 1570.09 4482.09 1612.50 4479.69 1616.49 4550.14 1574.07 4552.54
26071-750-M6-085-00012 0.08030711859464645 3163.13 2379.85 3207.49 2378.05 3210.42 2450.26 3166.06 2452.06
26071-750-M6-085-00012 0.07122131437063217 6266.60 6660.13 6299.83 6660.48 6298.59 6778.05 6265.36 6777.70
26071-750-M6-085-00012 0.06963872164487839 919.41 4483.73 964.38 4481.29 968.04 4548.54 923.07 4550.99
26071-750-M6-085-00012 0.06378833204507828 7026.79 1506.06 7147.04 1508.28 7146.43 1541.39 7026.18 1539.17
26071-750-M6-085-00012 0.06004111096262932 3897.63 1990.23 4014.86 1990.91 4014.67 2024.26 3897.44 2023.58
26071-750-M6-085-00012 0.059698596596717834 3185.46 2773.44 3305.25 2773.20 3305.31 2806.18 3185.52 2806.42
26071-750-M6-085-00012 0.05958038195967674 944.69 4234.24 1064.72 4237.35 1063.87 4270.18 943.83 4267.06
26071-750-M6-085-00012 0.05759499594569206 1225.98 3590.68 1258.61 3592.17 1253.26 3709.48 1220.62 3707.99
26071-750-M6-085-00012 0.057509973645210266 5078.57 2596.65 5195.06 2592.73 5196.16 2625.28 5079.66 2629.20
26071-750-M6-085-00012 0.055390484631061554 7519.44 993.20 7552.19 993.42 7551.41 1111.43 7518.65 1111.21
26071-750-M6-085-00012 0.05492977425456047 7645.66 1179.53 7698.33 1186.99 7684.55 1284.43 7631.88 1276.98
26071-750-M6-085-00012 0.05410858988761902 1489.69 4136.82 1542.53 4141.79 1532.79 4245.42 1479.96 4240.45
26071-750-M6-085-00012 0.053843721747398376 6081.59 1990.27 6200.07 1990.39 6200.03 2023.30 6081.55 2023.19
26071-200-M6-052-00544 0.05852244421839714 6479.40 2764.93 6512.66 2765.73 6509.86 2882.52 6476.61 2881.72
26071-200-M6-052-00544 0.05549746751785278 3501.02 2290.75 3534.13 2289.71 3537.79 2406.96 3504.68 2407.99
26071-200-M6-052-00544 0.05470051243901253 6537.75 4497.86 6570.44 4498.08 6569.64 4617.63 6536.96 4617.42
