26071-500-M6-059-00017 0.086111880838871 5767.23 3738.46 6258.52 3749.90 6253.89 3948.63 5762.60 3937.18
26071-500-M6-059-00017 0.08433625102043152 1757.60 3743.26 2236.86 3748.62 2234.62 3948.42 1755.37 3943.06
26071-500-M6-059-00017 0.08161734789609909 3793.10 3734.89 4257.40 3745.20 4252.91 3947.31 3788.61 3937.00
26071-600-M6-066-00012 0.0537039078772068 5376.42 1266.18 5470.54 1261.24 5497.80 1781.08 5403.68 1786.02
26071-200-M6-052-00539 0.050919059664011 3364.07 5400.43 3894.79 5355.87 3911.12 5550.33 3380.40 5594.90
26071-500-M6-059-00248 0.06738762557506561 4626.98 4431.65 5215.99 4422.74 5219.12 4629.98 4630.11 4638.89
26071-500-M6-059-00040 0.07025481015443802 2527.96 1316.10 2596.59 1312.92 2602.04 1430.43 2533.41 1433.62
26071-550-M6-084-00248 0.061392899602651596 4633.18 3948.09 5165.65 3949.15 5165.23 4160.63 4632.77 4159.58
26071-200-M6-052-00080 0.056798022240400314 6478.18 3748.62 6716.46 3986.48 6590.87 4112.29 6352.59 3874.44
26071-200-M6-052-00080 0.05419810116291046 2888.57 3765.99 3336.70 3803.32 3322.40 3975.00 2874.27 3937.67
26071-300-M6-053-00309 0.08148948103189468 3338.62 3062.66 3543.92 3048.39 3560.75 3290.51 3355.45 3304.78
26071-300-M6-053-00309 0.06344646960496902 3318.14 5225.00 3497.35 5188.40 3539.37 5394.15 3360.16 5430.75
26071-300-M6-053-00309 0.05254300683736801 3509.39 3079.55 3918.85 3096.48 3910.12 3307.63 3500.66 3290.70
26071-450-M6-082-00009 0.08766186982393265 3670.33 4494.19 3857.82 4499.81 3848.68 4804.35 3661.19 4798.73
26071-200-M6-052-00552 0.09118106216192245 5262.26 4301.10 5332.15 4316.44 5308.88 4422.48 5238.99 4407.14
26071-750-M6-085-00007 0.052712149918079376 2065.80 2611.46 2550.23 2614.33 2549.19 2789.66 2064.76 2786.78
26071-750-M6-085-00007 0.05131654068827629 3680.88 2614.12 4141.09 2616.82 4140.08 2788.67 3679.87 2785.97
26071-203-M6-337-00031 0.1103731244802475 4711.78 1981.65 5065.20 1982.35 5064.86 2154.26 4711.44 2153.55
26071-203-M6-337-00031 0.10842452943325043 4696.79 3124.58 5061.28 3118.83 5064.06 3295.17 4699.57 3300.92
26071-203-M6-337-00031 0.10590122640132904 4699.80 1622.04 5042.76 1610.71 5048.46 1783.22 4705.50 1794.55
26071-203-M6-337-00031 0.10301481932401657 4715.33 1271.41 5064.70 1264.24 5068.15 1432.14 4718.77 1439.31
26071-203-M6-337-00031 0.10063167661428452 4708.55 2768.20 5071.20 2763.88 5073.26 2936.82 4710.61 2941.15
26071-203-M6-337-00031 0.09974975138902664 4715.06 2374.56 5051.04 2365.44 5055.59 2533.11 4719.62 2542.23
26071-203-M6-337-00031 0.07514501363039017 4952.58 2213.66 5031.97 2226.43 5014.94 2332.31 4935.55 2319.54
26071-203-M6-337-00031 0.07447867840528488 4937.83 1834.10 5007.64 1827.52 5018.64 1944.32 4948.83 1950.90
26071-203-M6-337-00031 0.07407040894031525 4938.66 1113.99 5007.77 1108.11 5017.73 1225.15 4948.62 1231.03
26071-203-M6-337-00031 0.07349725812673569 5610.28 2100.23 5793.75 2116.68 5777.04 2303.01 5593.56 2286.56
26071-203-M6-337-00031 0.069971963763237 5607.28 1792.71 5784.48 1763.51 5822.54 1994.50 5645.34 2023.69
26071-203-M6-337-00031 0.06960216164588928 4940.54 2611.07 5009.33 2608.52 5013.83 2729.90 4945.04 2732.46
26071-203-M6-337-00031 0.06580347567796707 4951.71 1468.41 5022.93 1474.28 5013.05 1594.03 4941.83 1588.16
26071-203-M6-337-00031 0.06577193737030029 2729.92 2226.91 2920.95 2235.69 2907.50 2528.61 2716.47 2519.84
26071-203-M6-337-00031 0.06515741348266602 4951.91 2968.57 5022.33 2973.84 5013.39 3093.09 4942.97 3087.82
26071-203-M6-337-00031 0.06148639693856239 1980.08 1009.87 2536.67 1003.12 2538.28 1136.07 1981.70 1142.82
26071-203-M6-337-00031 0.058311957865953445 5614.61 1095.43 5799.36 1121.09 5774.23 1301.98 5589.49 1276.32
26071-203-M6-337-00031 0.05528934299945831 2728.24 1863.85 2922.32 1867.21 2917.49 2146.73 2723.41 2143.37
26071-203-M6-337-00031 0.05468171462416649 5603.64 2514.89 5788.53 2516.13 5787.29 2700.79 5602.40 2699.55
26071-203-M6-337-00031 0.051474716514348984 3659.85 586.32 4041.66 565.46 4054.36 797.91 3672.55 818.77
26071-203-M6-337-00031 0.050980258733034134 6400.63 1165.94 6584.30 1149.15 6605.25 1378.32 6421.58 1395.11
26071-203-M6-332-00001 0.06702852249145508 4181.68 2722.61 4609.56 2810.66 4473.19 3473.37 4045.31 3385.32
26071-203-M6-332-00001 0.06390373408794403 3748.53 2770.10 4181.45 2832.37 4084.93 3503.45 3652.01 3441.18
26071-203-M6-332-00001 0.06225151568651199 3329.25 2739.14 3755.88 2794.06 3670.71 3455.71 3244.09 3400.79
26071-203-M6-332-00001 0.061016011983156204 5428.96 2742.45 5853.55 2794.19 5773.12 3454.26 5348.52 3402.52
26071-203-M6-332-00001 0.06062871217727661 4622.49 2712.36 5061.56 2810.34 4907.73 3499.70 4468.65 3401.72
26071-203-M6-332-00001 0.05817782133817673 5858.11 2785.16 6300.58 2869.93 6176.77 3516.21 5734.30 3431.44
26071-203-M6-332-00001 0.055335450917482376 2738.12 3039.11 3153.02 2845.49 3434.59 3448.85 3019.70 3642.48
26071-203-M6-332-00001 0.054840199649333954 4792.60 3090.24 5143.05 2832.28 5547.90 3382.29 5197.45 3640.25
26071-200-M6-052-00150 0.14055751264095306 3438.79 1864.59 3815.69 1875.73 3808.94 2104.03 3432.05 2092.89
26071-200-M6-052-00003 0.05286122113466263 4152.10 4810.31 4333.87 4728.49 4465.69 5021.33 4283.93 5103.15
26071-700-M6-054-00036 0.057556457817554474 3955.33 3456.30 4656.22 3451.39 4657.75 3670.05 3956.87 3674.96
26071-600-M6-065-00231 0.05753520503640175 6050.90 3310.03 6600.31 3313.82 6599.03 3499.58 6049.62 3495.80
26071-500-M6-059-00116 0.058008112013339996 3875.97 4072.24 4479.45 4093.11 4472.82 4284.90 3869.33 4264.02
26071-550-M6-084-00026 0.05302460491657257 4554.06 3353.04 4719.92 3311.77 4765.02 3492.99 4599.16 3534.27
26071-550-M6-084-00026 0.05192200466990471 2207.63 3311.00 2385.93 3341.77 2359.45 3495.21 2181.15 3464.44
26071-200-M6-052-00090 0.0542307011783123 5621.13 3421.88 6210.49 3385.82 6224.10 3608.31 5634.74 3644.37
26071-200-M6-052-00090 0.05390024930238724 2426.44 3380.85 3273.76 3370.52 3277.06 3641.43 2429.74 3651.76
26071-600-M6-065-00037 0.06728926301002502 1883.64 4590.58 2004.15 4585.09 2009.91 4711.33 1889.40 4716.82
26071-600-M6-065-00037 0.05821935459971428 5183.75 4592.23 5310.65 4582.04 5321.00 4711.01 5194.11 4721.20
26071-300-M6-053-00010 0.05090535432100296 2067.63 4316.99 2607.90 4303.09 2613.48 4520.05 2073.21 4533.95
26071-203-M6-160-00291 0.06436759978532791 2886.74 3555.77 3864.07 3583.80 3856.68 3841.27 2879.36 3813.23
26071-203-M6-060-00006 0.10129579901695251 3282.89 4202.23 3738.34 4205.31 3736.87 4421.37 3281.42 4418.28
26071-203-M6-060-00006 0.08539742976427078 2661.57 4207.55 3161.64 4203.59 3163.21 4400.68 2663.13 4404.65
26071-203-M6-060-00006 0.07940651476383209 5919.43 4096.86 6399.86 4078.50 6406.34 4248.12 5925.92 4266.49
26071-300-M6-053-00012 0.08661825209856033 5027.92 3404.37 5149.72 3398.50 5153.65 3480.15 5031.86 3486.02
26071-300-M6-053-00012 0.07647991180419922 5134.13 2272.73 5672.54 2265.23 5675.36 2467.10 5136.95 2474.61
26071-675-M6-068-00034 0.10236099362373352 3424.47 4856.70 3876.65 4820.37 3892.29 5015.10 3440.12 5051.42
26071-675-M6-068-00034 0.09793877601623535 2662.88 4850.55 3113.16 4833.67 3120.71 5035.14 2670.43 5052.02
26071-200-M6-062-00276 0.07846033573150635 2383.40 4603.79 2504.36 4589.44 2514.35 4673.67 2393.39 4688.02
26071-200-M6-062-00276 0.05129168555140495 6040.65 4116.75 6143.88 4113.67 6154.31 4462.34 6051.08 4465.43
26071-600-M6-065-00021 0.054336220026016235 5378.83 2909.80 5500.54 2919.23 5493.61 3008.59 5371.90 2999.16
26071-600-M6-065-00021 0.05091547966003418 2239.43 1462.56 2536.66 1493.88 2523.22 1621.44 2225.99 1590.13
26071-500-M6-059-00013 0.08426594734191895 2878.58 4893.75 3316.12 4882.81 3321.90 5114.19 2884.36 5125.13
26071-500-M6-059-00044 0.062046028673648834 2894.37 4962.73 2963.09 4967.32 2955.10 5086.93 2886.39 5082.35
26071-500-M6-059-00044 0.05935150757431984 2852.82 1951.15 2929.39 2017.74 2851.97 2106.76 2775.40 2040.18
26071-500-M6-059-00044 0.05483437702059746 5373.45 4352.05 5449.03 4352.37 5448.21 4548.47 5372.64 4548.15
26071-500-M6-059-00044 0.050838228315114975 6476.28 4964.62 6540.70 4972.20 6526.79 5090.52 6462.37 5082.95
26071-200-M6-052-00093 0.05920829996466637 3960.00 1440.56 4572.70 1383.95 4592.58 1599.08 3979.88 1655.69
26071-200-M6-052-00093 0.055525537580251694 3985.60 3834.32 4600.18 3801.07 4611.38 4008.09 3996.80 4041.34
26071-200-M6-052-00002 0.05007898434996605 2974.81 3121.08 3543.81 3101.51 3550.75 3303.47 2981.76 3323.04
26071-675-M6-068-10002 0.07014154642820358 4553.46 1583.26 5114.15 1577.92 5115.80 1751.41 4555.12 1756.75
26071-675-M6-068-10002 0.0638267770409584 3734.42 1589.34 4304.67 1569.11 4310.80 1741.93 3740.55 1762.15
26071-750-M6-085-00012 0.09669617563486099 2342.42 4252.91 2809.32 4269.33 2802.76 4455.84 2335.86 4439.42
26071-750-M6-085-00012 0.09373591095209122 7217.38 4269.26 7683.47 4230.68 7700.82 4440.35 7234.74 4478.93
26071-750-M6-085-00012 0.08895863592624664 5058.20 4261.19 5491.16 4244.33 5499.02 4446.22 5066.07 4463.09
26071-750-M6-085-00012 0.07537158578634262 3109.12 4255.49 3587.82 4260.82 3585.63 4457.33 3106.93 4452.00
26071-750-M6-085-00012 0.0607990138232708 5007.60 5114.78 5380.69 5110.64 5382.22 5248.27 5009.13 5252.41
26071-750-M6-085-00012 0.05883944034576416 4995.53 3760.67 5423.72 3774.11 5419.48 3909.20 4991.29 3895.77
26071-750-M6-085-00012 0.05742036551237106 2695.68 3715.81 2863.22 3634.36 3009.59 3935.42 2842.05 4016.88
26071-750-M6-085-00012 0.05284068360924721 2727.29 5040.10 3133.74 5211.07 3082.89 5331.94 2676.44 5160.97
26071-750-M6-085-00012 0.051411405205726624 7202.08 5080.94 7667.51 5129.32 7654.30 5256.40 7188.87 5208.02
26071-200-M6-052-00544 0.05902882292866707 2958.00 3916.23 3047.26 3926.97 3032.47 4049.92 2943.21 4039.18
26071-750-M6-085-00309 0.06243618577718735 2965.05 3631.11 3139.39 3634.33 3135.99 3818.39 2961.65 3815.17
