26071-200-M6-052-00001 0.59136563539505 5001.90 4560.38 5077.41 4568.06 5069.82 4642.68 4994.31 4635.00
26071-200-M6-052-00001 0.06618893891572952 5677.32 1616.48 5742.51 1615.56 5743.78 1705.84 5678.60 1706.76
26071-500-M6-059-00017 0.08600973337888718 660.14 3485.28 823.29 3464.53 842.22 3613.38 679.07 3634.13
26071-600-M6-066-00012 0.053388722240924835 5978.45 3922.30 6067.90 3920.62 6068.79 3968.18 5979.34 3969.86
26071-600-M6-066-00012 0.05078026279807091 3668.50 3153.08 3824.05 3157.15 3820.00 3311.75 3664.45 3307.68
26071-500-M6-059-00248 0.5698426961898804 2963.50 4660.35 3037.96 4673.14 3024.59 4751.01 2950.12 4738.23
26071-700-M6-054-00246 0.05998522788286209 3967.16 1780.05 4033.98 1772.85 4043.66 1862.61 3976.83 1869.82
26071-500-M6-059-00040 0.05701136961579323 6094.29 2857.98 6187.42 2856.42 6188.23 2904.74 6095.10 2906.30
26071-500-M6-059-00040 0.05290957912802696 4320.92 2857.83 4414.92 2857.13 4415.27 2904.24 4321.26 2904.93
26071-500-M6-059-00040 0.05077493190765381 6408.25 2264.45 6441.07 2265.21 6439.97 2313.37 6407.15 2312.62
26071-550-M6-084-00248 0.6311396956443787 2916.71 4186.78 2996.15 4203.16 2980.74 4277.87 2901.30 4261.49
26071-203-M6-332-00008 0.05792514979839325 1860.28 4562.89 2006.88 4539.24 2031.86 4694.09 1885.26 4717.74
26071-200-M6-052-00080 0.05127917602658272 2775.46 6460.05 2870.56 6459.66 2870.75 6506.83 2775.66 6507.22
26071-300-M6-053-00309 0.09606058895587921 5447.52 5783.16 5591.32 5728.17 5648.43 5877.54 5504.63 5932.52
26071-300-M6-053-00309 0.07543154060840607 4321.32 2089.30 4409.05 2087.20 4410.74 2158.04 4323.02 2160.14
26071-300-M6-053-00309 0.06102056801319122 4984.15 909.36 5142.83 850.42 5201.42 1008.17 5042.74 1067.11
26071-450-M6-082-00009 0.1336067169904709 5242.46 1565.79 5398.05 1583.58 5380.68 1735.45 5225.10 1717.66
26071-450-M6-082-00009 0.11772837489843369 4894.28 5753.45 5043.89 5768.60 5028.61 5919.53 4879.00 5904.38
26071-450-M6-082-00009 0.11609440296888351 2649.28 1876.30 2800.64 1890.21 2787.01 2038.52 2635.65 2024.61
26071-450-M6-082-00009 0.09274714440107346 2758.64 4783.00 2905.42 4778.59 2910.03 4931.69 2763.24 4936.11
26071-450-M6-082-00009 0.08933638781309128 2038.52 3679.87 2196.45 3697.80 2180.27 3840.32 2022.34 3822.39
26071-450-M6-082-00009 0.051665764302015305 1236.29 6095.21 1370.53 6109.53 1355.95 6246.18 1221.71 6231.86
26071-750-M6-085-00007 0.5594396591186523 2908.89 960.05 2990.79 967.20 2984.12 1043.47 2902.22 1036.32
26071-750-M6-085-00007 0.5501709580421448 6809.79 5682.65 6887.59 5691.09 6879.40 5766.53 6801.61 5758.10
26071-750-M6-085-00007 0.07407093048095703 6365.73 4157.47 6519.22 4165.57 6511.06 4319.99 6357.58 4311.89
26071-203-M6-332-00001 0.09725259989500046 2098.87 3863.31 2172.42 3876.93 2158.16 3953.98 2084.61 3940.36
26071-200-M6-052-00150 0.12598223984241486 5037.92 3976.10 5186.19 3994.22 5168.59 4138.21 5020.32 4120.08
26071-200-M6-052-00150 0.07005961984395981 3960.86 1460.24 4113.47 1427.86 4145.08 1576.82 3992.47 1609.20
26071-200-M6-052-00003 0.06188955903053284 5131.60 5489.37 5273.79 5508.91 5254.94 5646.10 5112.75 5626.56
26071-200-M6-052-00003 0.05065052583813667 5855.95 3116.76 5900.26 3113.22 5907.68 3205.98 5863.37 3209.52
26071-500-M6-059-00071 0.09654156118631363 1227.43 5173.86 1375.25 5197.30 1351.38 5347.85 1203.56 5324.41
26071-500-M6-059-00071 0.08600565046072006 6550.88 2468.44 6702.06 2480.55 6689.65 2635.34 6538.48 2623.23
26071-500-M6-059-00071 0.054468221962451935 5455.24 3459.87 5610.41 3422.95 5648.14 3581.48 5492.96 3618.40
26071-203-M6-320-00008 0.054585050791502 3417.22 5252.23 3510.67 5251.53 3511.02 5298.76 3417.57 5299.46
26071-500-M6-059-00116 0.20051725208759308 5111.13 1329.34 5190.13 1336.52 5182.47 1420.73 5103.47 1413.55
26071-500-M6-059-00116 0.054819002747535706 4642.23 1702.42 4807.13 1687.57 4821.86 1851.28 4656.96 1866.12
26071-300-M6-053-00010 0.5381116271018982 4915.67 4314.62 4992.53 4313.71 4993.40 4387.41 4916.54 4388.33
26071-203-M6-320-00042 0.062273137271404266 3203.74 2866.53 3295.47 2886.92 3275.14 2978.38 3183.41 2957.99
26071-200-M6-052-00540 0.05049030855298042 6753.96 4610.03 6800.89 4608.44 6803.87 4696.49 6756.94 4698.08
26071-203-M6-160-00291 0.07262233644723892 2764.13 6180.11 2918.09 6190.36 2907.80 6344.96 2753.84 6334.71
26071-200-M6-063-00010 0.5903852581977844 5741.75 3854.95 5820.55 3855.69 5819.84 3931.19 5741.04 3930.45
26071-200-M6-063-00010 0.05916299298405647 4444.07 2371.49 4503.48 2372.04 4502.67 2457.92 4443.27 2457.36
26071-203-M6-060-00006 0.0704561099410057 2173.97 4225.16 2325.85 4244.22 2306.50 4398.37 2154.62 4379.30
26071-203-M6-060-00006 0.05983935296535492 2164.27 5045.53 2317.41 5061.24 2302.14 5210.14 2149.00 5194.44
26071-203-M6-325-00013 0.07855118066072464 3406.69 3978.70 3550.92 4011.35 3519.60 4149.68 3375.36 4117.03
26071-300-M6-053-00012 0.11524645984172821 6106.87 654.46 6260.65 668.69 6246.46 822.16 6092.67 807.94
26071-300-M6-053-00012 0.06802736967802048 3676.46 6324.58 3819.49 6334.95 3807.96 6493.83 3664.93 6483.45
26071-675-M6-068-00034 0.12086860835552216 4393.67 1584.46 4467.16 1582.83 4468.92 1662.27 4395.44 1663.90
26071-675-M6-068-00034 0.10514380037784576 5839.65 1852.82 5991.91 1866.76 5977.85 2020.23 5825.60 2006.29
26071-675-M6-068-00034 0.075070321559906 4775.26 5179.03 4912.29 5214.19 4877.90 5348.26 4740.87 5313.10
26071-675-M6-068-00034 0.06340815126895905 3147.06 3350.18 3195.04 3345.32 3202.39 3417.90 3154.41 3422.76
26071-675-M6-068-00034 0.05147905275225639 2850.62 2983.57 2898.38 2979.70 2905.71 3070.21 2857.96 3074.08
26071-675-M6-068-00034 0.05031456798315048 2858.52 3339.94 2906.35 3341.41 2903.53 3432.83 2855.70 3431.36
26071-500-M6-059-00011 0.13500475883483887 2958.27 4567.28 3107.10 4589.31 3085.15 4737.51 2936.33 4715.47
26071-500-M6-059-00013 0.06571707129478455 2329.97 4978.04 2481.32 4906.52 2548.95 5049.66 2397.60 5121.18
26071-500-M6-059-00013 0.06284210830926895 2361.48 4644.29 2510.02 4649.13 2504.95 4804.57 2356.41 4799.73
26071-500-M6-059-00044 0.05609910562634468 4782.63 2244.34 4872.75 2244.36 4872.74 2292.55 4782.62 2292.53
26071-500-M6-059-00044 0.05151134356856346 4781.99 2724.09 4874.17 2712.10 4880.40 2759.94 4788.21 2771.93
26071-200-M6-052-00002 0.5476444363594055 5630.52 4201.81 5706.89 4212.31 5696.29 4289.44 5619.92 4278.93
26071-750-M6-085-00012 0.13329750299453735 6013.04 4274.61 6165.70 4283.98 6156.61 4432.08 6003.95 4422.71
26071-750-M6-085-00012 0.11652445048093796 4019.61 4569.73 4170.68 4583.69 4156.42 4737.89 4005.36 4723.92
26071-750-M6-085-00012 0.09636639058589935 4070.83 5751.86 4217.79 5765.67 4203.56 5916.97 4056.61 5903.16
26071-750-M6-085-00012 0.06268193572759628 3718.30 6029.11 3867.42 6056.27 3840.14 6206.06 3691.01 6178.90
26071-750-M6-085-00012 0.05879734456539154 6696.25 2856.26 6791.88 2855.87 6792.07 2903.42 6696.45 2903.81
26071-600-M6-066-00003 0.06333168596029282 2765.09 1333.78 2918.21 1344.52 2907.44 1497.86 2754.33 1487.11
26071-750-M6-085-00309 0.07355865836143494 7006.61 1931.57 7163.13 1907.09 7187.20 2061.04 7030.69 2085.52
26071-750-M6-085-00309 0.06250575184822083 6469.06 1940.22 6624.29 1902.76 6660.67 2053.55 6505.44 2091.00
26071-750-M6-085-00309 0.06044451519846916 6366.74 3887.73 6518.66 3862.81 6543.07 4011.65 6391.15 4036.56
