26071-200-M6-052-00001 0.1394575983285904 4574.50 4637.88 4723.29 4647.66 4713.74 4792.92 4564.95 4783.13
26071-200-M6-052-00001 0.10392811894416809 4855.96 4634.07 5011.19 4647.39 4998.03 4800.84 4842.80 4787.52
26071-200-M6-052-00001 0.08090947568416595 3793.66 3101.61 3947.93 3071.76 3978.25 3228.46 3823.98 3258.31
26071-200-M6-052-00001 0.06944077461957932 6659.12 1704.52 6812.74 1731.95 6784.65 1889.25 6631.03 1861.82
26071-200-M6-052-00001 0.05700397491455078 5677.32 1616.48 5742.51 1615.56 5743.78 1705.84 5678.60 1706.76
26071-500-M6-059-00017 0.19078201055526733 677.52 3068.96 824.89 3079.43 814.36 3227.48 667.00 3217.01
26071-500-M6-059-00017 0.1279136836528778 643.46 3499.95 812.51 3458.50 848.07 3603.57 679.02 3645.02
26071-500-M6-059-00017 0.10653917491436005 3077.27 3220.88 3226.53 3234.29 3213.30 3381.55 3064.04 3368.14
26071-500-M6-059-00017 0.09342380613088608 3368.30 1966.20 3519.77 1959.92 3525.87 2106.84 3374.39 2113.12
26071-500-M6-059-00017 0.09012771397829056 5743.47 4629.38 5888.27 4638.28 5879.04 4788.50 5734.25 4779.61
26071-500-M6-059-00017 0.08842003345489502 677.97 3190.64 830.53 3206.04 815.68 3353.21 663.11 3337.81
26071-500-M6-059-00017 0.08745613694190979 5090.33 3204.92 5240.16 3234.44 5210.95 3382.68 5061.12 3353.15
26071-500-M6-059-00017 0.07805684953927994 5388.69 1941.01 5535.13 1973.36 5502.54 2120.92 5356.10 2088.58
26071-600-M6-066-00012 0.09885566681623459 3674.91 3155.25 3827.56 3164.68 3818.09 3318.07 3665.43 3308.64
26071-600-M6-066-00012 0.0937446653842926 2400.73 1774.86 2546.88 1768.71 2553.31 1921.35 2407.16 1927.50
26071-600-M6-066-00012 0.06607913970947266 4187.34 3144.93 4332.70 3173.38 4303.76 3321.26 4158.40 3292.81
26071-600-M6-066-00012 0.057916466146707535 3339.44 1766.97 3490.35 1755.68 3502.06 1912.13 3351.15 1923.42
26071-200-M6-052-00539 0.11369293928146362 2773.49 4293.28 2926.27 4312.65 2907.62 4459.71 2754.84 4440.34
26071-200-M6-052-00539 0.07344001531600952 2407.98 1284.85 2560.20 1271.89 2573.79 1431.38 2421.57 1444.35
26071-200-M6-052-00539 0.07128658890724182 6232.99 6065.74 6382.97 6067.49 6381.24 6215.94 6231.26 6214.19
26071-200-M6-052-00539 0.05322514846920967 3460.67 1282.93 3606.19 1288.47 3600.64 1434.50 3455.11 1428.97
26071-500-M6-059-00248 0.11599787324666977 2174.50 2200.84 2326.80 2215.38 2312.02 2370.10 2159.73 2355.56
26071-500-M6-059-00248 0.08515201508998871 6077.06 4174.25 6227.51 4185.36 6216.05 4340.60 6065.60 4329.49
26071-500-M6-059-00248 0.08336841315031052 2174.70 751.76 2328.13 758.24 2321.62 912.19 2168.20 905.71
26071-500-M6-059-00248 0.07373947650194168 2661.57 5854.69 2819.19 5843.97 2829.01 5988.21 2671.38 5998.93
26071-500-M6-059-00248 0.06708642095327377 4187.13 1920.39 4338.31 1942.32 4316.74 2091.03 4165.56 2069.10
26071-203-M6-325-00012 0.1063641607761383 3973.19 1246.12 4121.78 1240.58 4127.43 1391.87 3978.84 1397.42
26071-203-M6-325-00012 0.08534256368875504 3948.85 2807.76 4108.94 2794.08 4121.62 2942.44 3961.52 2956.12
26071-203-M6-325-00012 0.07933913171291351 3022.03 5162.97 3171.91 5175.53 3159.35 5325.45 3009.46 5312.88
26071-203-M6-325-00012 0.06748969107866287 2964.98 4473.44 3126.60 4456.04 3144.61 4623.30 2982.99 4640.70
26071-203-M6-325-00012 0.06189221888780594 2537.60 3859.48 2690.47 3867.49 2682.36 4022.13 2529.49 4014.11
26071-203-M6-325-00012 0.06013390049338341 3939.07 2233.33 4091.94 2225.99 4099.00 2373.10 3946.13 2380.43
26071-203-M6-325-00012 0.05130494385957718 3287.66 680.45 3440.67 691.19 3430.20 840.34 3277.19 829.60
26071-700-M6-054-00246 0.06017286702990532 5659.05 3684.85 5812.61 3693.72 5804.01 3842.44 5650.46 3833.56
26071-500-M6-059-00040 0.07471960783004761 6961.94 2093.11 7117.96 2096.27 7114.81 2252.56 6958.78 2249.41
26071-500-M6-059-00040 0.0639461949467659 6841.43 2156.79 6950.55 2159.31 6947.05 2310.94 6837.94 2308.42
26071-500-M6-059-00040 0.05479706451296806 3687.00 2325.83 3838.46 2340.25 3823.74 2494.83 3672.28 2480.41
26071-500-M6-059-00040 0.05048709735274315 3943.61 3901.02 4092.05 3905.68 4086.87 4070.76 3938.43 4066.10
26071-750-M6-085-00286 0.9906789660453796 4300.63 2801.15 4453.42 2814.52 4440.27 2964.85 4287.48 2951.48
26071-750-M6-085-00286 0.07216036319732666 3590.60 2560.25 3743.96 2578.33 3726.42 2727.13 3573.06 2709.05
26071-750-M6-085-00286 0.051558490842580795 3884.57 2558.47 4036.08 2567.31 4027.08 2721.68 3875.57 2712.84
26071-550-M6-084-00248 0.15104812383651733 2765.03 4260.06 2918.66 4272.63 2905.95 4428.01 2752.32 4415.44
26071-550-M6-084-00248 0.10678447037935257 2172.96 1727.33 2329.51 1743.63 2312.98 1902.40 2156.43 1886.11
26071-550-M6-084-00248 0.07765009254217148 2329.81 2083.34 2477.39 2050.94 2511.42 2205.92 2363.84 2238.32
26071-550-M6-084-00248 0.07685934007167816 4617.29 3941.48 5167.30 3904.04 5183.78 4146.22 4633.77 4183.66
26071-550-M6-084-00248 0.07540327310562134 2180.46 5350.94 2330.84 5368.03 2312.97 5525.21 2162.59 5508.11
26071-550-M6-084-00248 0.07302334904670715 3129.59 4268.00 3282.62 4278.11 3272.77 4427.17 3119.74 4417.06
26071-550-M6-084-00248 0.06994062662124634 4190.29 1444.46 4341.38 1472.62 4313.73 1621.02 4162.64 1592.87
26071-550-M6-084-00248 0.06277938187122345 5493.53 3150.20 5639.29 3176.13 5612.56 3326.41 5466.80 3300.48
26071-550-M6-084-00248 0.05718333274126053 3846.39 2470.25 4004.91 2474.46 4000.79 2629.54 3842.27 2625.33
26071-203-M6-332-00008 0.9902538657188416 1879.48 4939.36 2031.57 4948.51 2022.40 5100.86 1870.32 5091.71
26071-203-M6-332-00008 0.9893689751625061 4309.52 4938.44 4461.92 4949.57 4450.81 5101.76 4298.40 5090.62
26071-203-M6-332-00008 0.9886378645896912 4606.49 6231.39 4760.70 6239.79 4752.42 6391.94 4598.21 6383.55
26071-203-M6-332-00008 0.9882970452308655 6743.45 4935.57 6896.09 4952.67 6879.19 5103.53 6726.55 5086.43
26071-200-M6-052-00080 0.18507550656795502 6613.98 1879.76 6761.96 1884.69 6756.99 2033.66 6609.01 2028.73
26071-200-M6-052-00080 0.1378125548362732 3186.81 1878.98 3338.11 1887.30 3330.04 2034.02 3178.74 2025.70
26071-200-M6-052-00080 0.10623575747013092 1884.34 6202.27 2033.09 6213.23 2021.80 6366.51 1873.05 6355.56
26071-200-M6-052-00080 0.10164305567741394 1885.47 5919.41 2035.31 5934.38 2020.13 6086.31 1870.29 6071.34
26071-200-M6-052-00080 0.09332894533872604 3888.36 5173.24 4038.61 5166.12 4045.81 5318.27 3895.56 5325.38
26071-200-M6-052-00080 0.09164152294397354 3563.14 5461.89 3714.60 5444.70 3732.14 5599.13 3580.68 5616.33
26071-200-M6-052-00080 0.08908356726169586 7318.86 5168.75 7465.31 5168.44 7465.63 5320.28 7319.18 5320.58
26071-200-M6-052-00080 0.08121687173843384 2169.86 5015.85 2286.45 5042.15 2255.10 5181.12 2138.51 5154.82
26071-200-M6-052-00080 0.07721858471632004 5425.02 4834.87 5579.84 4833.01 5581.62 4981.15 5426.80 4983.01
26071-200-M6-052-00080 0.07380596548318863 2537.42 1758.68 2690.41 1769.17 2679.82 1923.76 2526.83 1913.27
26071-200-M6-052-00080 0.07335637509822845 5966.66 1764.79 6117.99 1770.73 6112.10 1920.85 5960.77 1914.92
26071-200-M6-052-00080 0.06747961044311523 6890.23 4853.93 7041.26 4859.99 7035.10 5013.34 6884.07 5007.28
26071-200-M6-052-00080 0.06714048981666565 2634.14 6249.34 2789.82 6260.89 2778.84 6408.88 2623.16 6397.34
26071-200-M6-052-00080 0.060962360352277756 6929.07 4177.84 7093.25 4185.73 7085.92 4338.12 6921.74 4330.23
26071-200-M6-052-00080 0.060096099972724915 5415.07 4243.76 5563.12 4227.88 5580.26 4387.75 5432.21 4403.62
26071-200-M6-052-00080 0.058875661343336105 6755.15 1700.70 6803.23 1700.19 6804.22 1794.14 6756.14 1794.65
26071-200-M6-052-00080 0.05312489718198776 6517.60 2776.98 6675.89 2766.70 6685.41 2913.24 6527.12 2923.52
26071-200-M6-052-00080 0.05244164913892746 7005.00 5447.27 7154.64 5456.31 7145.53 5607.35 6995.88 5598.32
26071-200-M6-052-00080 0.051898594945669174 6571.01 3896.27 7103.81 3890.60 7105.30 4030.40 6572.50 4036.07
26071-300-M6-053-00309 0.3068751394748688 5453.99 5776.07 5608.15 5732.85 5650.25 5883.01 5496.09 5926.23
26071-300-M6-053-00309 0.15349210798740387 5753.97 1480.99 5911.53 1476.65 5915.81 1632.15 5758.26 1636.49
26071-300-M6-053-00309 0.1170789822936058 7471.22 5984.88 7635.98 5991.80 7628.96 6158.85 7464.20 6151.93
26071-300-M6-053-00309 0.0942506417632103 5450.68 6165.00 5625.67 6160.37 5630.10 6327.84 5455.11 6332.48
26071-300-M6-053-00309 0.08895128220319748 5348.90 3041.55 5493.27 3023.29 5512.41 3174.63 5368.04 3192.89
26071-300-M6-053-00309 0.08000759035348892 7485.39 5751.39 7635.08 5759.51 7626.48 5918.14 7476.79 5910.02
26071-300-M6-053-00309 0.06688984483480453 5360.37 3913.18 5508.32 3903.17 5519.94 4074.96 5371.99 4084.97
26071-300-M6-053-00309 0.06354261934757233 4984.15 909.36 5142.83 850.42 5201.42 1008.17 5042.74 1067.11
26071-300-M6-053-00309 0.06223884969949722 5162.46 6161.56 5333.59 6164.38 5330.73 6338.47 5159.59 6335.66
26071-300-M6-053-00309 0.05993308126926422 4866.66 6159.67 5031.34 6163.22 5027.69 6332.83 4863.01 6329.29
26071-300-M6-053-00309 0.058767061680555344 4286.78 1915.42 4428.29 1903.88 4439.80 2044.85 4298.29 2056.40
26071-300-M6-053-00309 0.051741983741521835 7489.42 6200.79 7634.21 6218.18 7611.93 6403.68 7467.14 6386.29
26071-450-M6-082-00009 0.24420101940631866 4895.64 5893.71 5050.93 5908.90 5035.56 6065.97 4880.27 6050.78
26071-450-M6-082-00009 0.11605025082826614 927.10 5942.53 1075.31 5981.97 1035.88 6130.16 887.67 6090.72
26071-450-M6-082-00009 0.11231976747512817 4889.99 5752.18 5038.19 5757.95 5032.08 5915.02 4883.87 5909.25
26071-450-M6-082-00009 0.11162993311882019 5248.51 1851.52 5404.39 1872.80 5382.09 2036.13 5226.21 2014.85
26071-450-M6-082-00009 0.10926827043294907 2045.59 3673.10 2192.80 3692.51 2172.82 3844.00 2025.61 3824.59
26071-450-M6-082-00009 0.10747774690389633 2759.79 4771.43 2904.45 4774.07 2901.54 4933.25 2756.88 4930.60
26071-450-M6-082-00009 0.09158802032470703 4298.58 4675.32 4451.28 4685.39 4441.08 4840.06 4288.38 4829.99
26071-450-M6-082-00009 0.08286362886428833 2641.18 1876.91 2794.02 1879.77 2791.19 2031.06 2638.35 2028.19
26071-450-M6-082-00009 0.08206527680158615 5240.75 1573.24 5392.70 1577.50 5388.40 1730.98 5236.45 1726.72
26071-450-M6-082-00009 0.08160348236560822 4008.27 4260.93 4159.75 4280.81 4140.11 4430.43 3988.63 4410.55
26071-450-M6-082-00009 0.07998322695493698 4756.17 6065.26 4907.90 6071.66 4901.72 6218.32 4749.98 6211.92
26071-450-M6-082-00009 0.07790772616863251 5135.20 4442.87 5282.73 4475.64 5246.78 4637.53 5099.24 4604.77
26071-450-M6-082-00009 0.07676250487565994 5431.77 6084.17 5586.65 6094.61 5576.63 6243.15 5421.75 6232.70
26071-450-M6-082-00009 0.06788598001003265 4299.66 4266.31 4448.14 4273.87 4440.30 4427.73 4291.82 4420.17
26071-450-M6-082-00009 0.06091383472084999 6304.96 4455.55 6454.80 4474.68 6435.72 4624.15 6285.88 4605.02
26071-450-M6-082-00009 0.058013517409563065 6900.64 5820.64 7051.11 5837.94 7033.67 5989.65 6883.20 5972.35
26071-450-M6-082-00009 0.05034647509455681 6127.45 4785.10 6303.30 4796.29 6294.06 4941.61 6118.21 4930.42
26071-450-M6-082-00009 0.05026305466890335 5838.41 1573.46 5987.81 1584.50 5976.69 1735.17 5827.28 1724.14
26071-200-M6-052-00552 0.08115147054195404 4189.17 4278.57 4341.03 4306.26 4314.01 4454.44 4162.15 4426.76
26071-200-M6-052-00552 0.05964554101228714 4761.09 3802.93 4910.42 3793.42 4920.00 3943.84 4770.67 3953.35
26071-750-M6-085-00007 0.14694814383983612 2779.64 1022.61 2927.54 1054.86 2894.55 1206.14 2746.65 1173.89
26071-750-M6-085-00007 0.1337025761604309 6662.56 5751.61 6816.27 5770.49 6797.48 5923.46 6643.77 5904.58
26071-750-M6-085-00007 0.12551888823509216 6360.16 3893.75 6514.19 3887.50 6520.40 4040.43 6366.36 4046.68
26071-750-M6-085-00007 0.12418993562459946 6362.28 4162.04 6509.15 4168.00 6502.85 4323.46 6355.98 4317.51
26071-750-M6-085-00007 0.08534969389438629 4771.87 2563.63 4924.86 2574.44 4914.06 2727.36 4761.06 2716.55
26071-750-M6-085-00007 0.07247012853622437 3739.48 4158.57 3892.00 4166.91 3883.57 4320.84 3731.05 4312.49
26071-750-M6-085-00007 0.06920397281646729 2884.96 1271.00 3037.62 1261.18 3048.04 1423.08 2895.38 1432.90
26071-750-M6-085-00007 0.06418510526418686 6367.04 3730.38 6517.15 3741.59 6505.68 3895.07 6355.57 3883.85
26071-750-M6-085-00007 0.05418587476015091 2797.95 1384.00 2876.69 1387.78 2870.05 1526.33 2791.30 1522.56
26071-750-M6-085-00007 0.05307863652706146 6761.41 6056.77 6914.41 6057.88 6913.33 6205.60 6760.33 6204.49
26071-203-M6-337-00031 0.08814691752195358 2119.72 2395.47 2268.57 2416.06 2248.68 2559.85 2099.83 2539.27
26071-203-M6-337-00031 0.08146800100803375 4887.48 431.12 5045.87 461.80 5016.14 615.22 4857.76 584.53
26071-203-M6-337-00031 0.07718373090028763 4478.21 806.82 4634.25 794.33 4646.76 950.72 4490.73 963.21
26071-203-M6-337-00031 0.07466205954551697 3370.40 984.27 3524.41 967.17 3541.16 1118.07 3387.16 1135.16
26071-203-M6-337-00031 0.06661864370107651 4030.86 2087.23 4191.05 2088.71 4189.61 2244.64 4029.42 2243.16
26071-203-M6-337-00031 0.06586521863937378 5373.22 696.41 5473.63 608.08 5655.98 815.36 5555.58 903.69
26071-203-M6-337-00031 0.059740010648965836 6423.80 1150.00 6601.03 1179.05 6564.10 1404.42 6386.87 1375.37
26071-203-M6-332-00001 0.11950325965881348 2094.32 3863.83 2167.05 3868.90 2161.21 3952.73 2088.47 3947.66
26071-203-M6-332-00001 0.0916345864534378 1466.36 3863.10 1629.83 3864.52 1628.36 4033.54 1464.89 4032.12
26071-203-M6-332-00001 0.08860249817371368 4885.19 2085.56 5033.75 2099.41 5019.60 2251.20 4871.05 2237.35
26071-203-M6-332-00001 0.07553645968437195 2448.92 255.12 2601.57 265.96 2590.56 420.93 2437.92 410.09
26071-203-M6-332-00001 0.07338438928127289 1951.88 3864.89 2097.90 3894.84 2068.33 4039.02 1922.31 4009.07
26071-203-M6-332-00001 0.06487919390201569 1918.70 5436.71 2079.91 5448.61 2069.11 5595.02 1907.90 5583.13
26071-203-M6-332-00001 0.06239887326955795 5711.55 2094.12 5866.73 2092.40 5868.35 2238.20 5713.16 2239.92
26071-203-M6-332-00001 0.05975940078496933 3612.15 2093.75 3766.80 2092.10 3768.36 2237.70 3613.70 2239.35
26071-203-M6-332-00001 0.05347413197159767 4874.60 2451.05 5023.83 2456.38 5018.31 2611.08 4869.08 2605.75
26071-203-M6-079-00001 0.08843017369508743 4192.78 1195.92 4343.63 1227.92 4312.19 1376.18 4161.34 1344.18
26071-203-M6-079-00001 0.08612296730279922 4529.05 269.81 4679.21 269.58 4679.44 419.69 4529.28 419.92
26071-203-M6-079-00001 0.08571570366621017 4526.59 4170.23 4678.50 4164.89 4683.87 4317.50 4531.96 4322.85
26071-203-M6-079-00001 0.08430175483226776 4900.17 5095.00 5050.21 5118.04 5026.49 5272.45 4876.45 5249.40
26071-203-M6-079-00001 0.0825641080737114 4206.43 4141.13 4350.87 4192.42 4299.52 4336.99 4155.09 4285.70
26071-203-M6-079-00001 0.07758854329586029 4894.15 4155.91 5044.98 4171.05 5029.49 4325.36 4878.65 4310.22
26071-203-M6-079-00001 0.07473570853471756 4681.20 5753.44 4826.06 5764.82 4814.20 5915.83 4669.34 5904.44
26071-203-M6-079-00001 0.0741058960556984 4202.89 5087.88 4348.28 5135.01 4301.73 5278.64 4156.33 5231.52
26071-203-M6-079-00001 0.07117845118045807 4892.19 259.14 5042.06 270.75 5030.04 425.87 4880.17 414.26
26071-203-M6-079-00001 0.07008159160614014 3830.98 555.20 3983.84 569.27 3969.72 722.74 3816.85 708.67
26071-203-M6-079-00001 0.0666431188583374 4201.69 3080.43 4347.33 3124.82 4302.55 3271.74 4156.92 3227.35
26071-203-M6-079-00001 0.06031065434217453 4198.84 246.66 4346.15 289.52 4303.71 435.39 4156.39 392.53
26071-203-M6-079-00001 0.05195382237434387 4896.54 3088.57 5048.33 3110.97 5026.53 3258.67 4874.74 3236.27
26071-200-M6-052-00150 0.16813886165618896 5752.86 5871.77 5923.69 5862.72 5934.60 6068.70 5763.77 6077.75
26071-200-M6-052-00150 0.10744369775056839 5463.56 3971.79 5613.52 3996.76 5588.64 4146.16 5438.68 4121.19
26071-200-M6-052-00150 0.1042918786406517 2185.11 508.89 2331.00 530.24 2308.62 683.15 2162.73 661.79
26071-200-M6-052-00150 0.10015412420034409 5842.47 3371.24 5993.52 3374.60 5990.19 3524.27 5839.14 3520.91
26071-200-M6-052-00150 0.0986308678984642 2164.66 1466.82 2318.39 1463.94 2321.30 1619.45 2167.58 1622.33
26071-200-M6-052-00150 0.08143405616283417 7295.22 4540.88 7452.88 4568.45 7426.10 4721.60 7268.43 4694.03
26071-200-M6-052-00150 0.07996583729982376 3974.76 1457.54 4122.76 1459.07 4121.17 1612.67 3973.17 1611.14
26071-200-M6-052-00150 0.07868698239326477 5032.66 3980.36 5185.49 3985.30 5180.55 4138.14 5027.72 4133.20
26071-200-M6-052-00150 0.07867836952209473 5989.26 4491.83 6144.32 4512.85 6124.28 4660.70 5969.22 4639.68
26071-200-M6-052-00150 0.0684031993150711 4462.69 5862.21 4641.74 5855.97 4649.15 6068.70 4470.11 6074.94
26071-200-M6-052-00150 0.06255137175321579 1941.61 3976.05 2090.73 3991.97 2074.55 4143.51 1925.44 4127.60
26071-200-M6-052-00150 0.06187790259718895 4861.52 5358.37 4997.08 5348.51 5007.56 5492.54 4872.00 5502.40
26071-200-M6-052-00150 0.058266378939151764 3519.00 2965.24 3722.59 2909.83 3791.81 3164.20 3588.22 3219.61
26071-200-M6-052-00003 0.11624856293201447 1568.11 2080.07 1720.03 2073.50 1726.72 2228.15 1574.80 2234.72
26071-200-M6-052-00003 0.09762479364871979 4179.53 2634.25 4331.68 2640.73 4325.24 2792.12 4173.09 2785.64
26071-200-M6-052-00003 0.08122916519641876 4951.14 5744.41 5114.35 5727.84 5130.18 5883.75 4966.97 5900.32
26071-200-M6-052-00003 0.07228462398052216 5126.56 5216.53 5280.54 5233.60 5263.00 5391.79 5109.02 5374.72
26071-200-M6-052-00003 0.07152841985225677 5664.59 2801.19 5820.53 2789.02 5832.06 2936.82 5676.13 2948.99
26071-200-M6-052-00003 0.0664384663105011 6864.89 4163.86 7016.91 4185.96 6994.52 4340.03 6842.49 4317.94
26071-200-M6-052-00003 0.06304685026407242 2019.55 4169.79 2168.48 4175.31 2162.65 4332.69 2013.73 4327.18
26071-200-M6-052-00003 0.06079622730612755 6557.82 4169.99 6708.60 4177.83 6700.63 4331.16 6549.84 4323.32
26071-200-M6-052-00003 0.05767790600657463 3429.67 2475.41 3579.34 2487.52 3567.06 2639.40 3417.38 2627.29
26071-200-M6-052-00003 0.05651358515024185 6708.27 4164.91 6859.66 4179.54 6844.93 4331.90 6693.55 4317.27
26071-200-M6-052-00003 0.056102901697158813 6106.04 1205.75 6185.04 1211.28 6175.60 1346.22 6096.60 1340.69
26071-200-M6-052-00003 0.05457623302936554 5144.90 5482.16 5280.36 5514.68 5245.28 5660.84 5109.81 5628.32
26071-200-M6-052-00003 0.053208108991384506 5004.91 2460.97 5150.00 2448.47 5164.08 2611.82 5018.99 2624.32
26071-200-M6-052-00003 0.052836399525403976 5951.27 1913.84 6107.93 1926.00 6096.01 2079.55 5939.34 2067.39
26071-700-M6-054-00013 0.10461889952421188 5288.74 5166.70 5437.77 5169.92 5434.53 5319.62 5285.50 5316.40
26071-700-M6-054-00013 0.10363368690013885 3726.85 5146.70 3877.74 5190.13 3835.70 5336.18 3684.81 5292.75
26071-700-M6-054-00013 0.10362754762172699 3568.90 2671.06 3733.38 2671.52 3732.90 2841.40 3568.41 2840.93
26071-700-M6-054-00013 0.07451274991035461 3716.28 3863.02 3869.38 3865.74 3866.75 4013.93 3713.65 4011.21
26071-700-M6-054-00013 0.06254807114601135 3720.25 5754.08 3865.23 5756.74 3862.47 5907.45 3717.49 5904.79
26071-700-M6-054-00013 0.05959112197160721 5272.67 3284.53 5427.27 3260.14 5451.65 3414.69 5297.04 3439.07
26071-700-M6-054-00013 0.05921851098537445 3588.11 4575.55 3741.53 4586.35 3730.99 4736.12 3577.56 4725.32
26071-700-M6-054-00013 0.058037132024765015 3601.66 4914.10 3759.18 4956.97 3717.65 5109.57 3560.13 5066.70
26071-700-M6-054-00013 0.05157453566789627 3600.47 3021.54 3758.30 3063.89 3717.81 3214.78 3559.99 3172.43
26071-700-M6-054-00036 0.11224373430013657 6074.42 4995.44 6228.19 5009.64 6213.96 5163.65 6060.20 5149.44
26071-700-M6-054-00036 0.09515371173620224 6079.58 3444.73 6231.32 3468.80 6206.45 3625.64 6054.71 3601.58
26071-700-M6-054-00036 0.07295849919319153 5482.97 2068.21 5637.53 2083.78 5622.10 2236.87 5467.54 2221.30
26071-700-M6-054-00036 0.07211867719888687 4467.70 1546.15 4618.47 1538.45 4626.29 1691.70 4475.52 1699.39
26071-700-M6-054-00036 0.06969541311264038 6669.61 5344.01 6821.81 5348.64 6817.26 5497.95 6665.06 5493.31
26071-700-M6-054-00036 0.05769287049770355 5071.86 2320.31 5225.52 2341.35 5204.74 2493.12 5051.08 2472.08
26071-700-M6-054-00036 0.051747024059295654 4240.31 2127.29 4388.30 2122.48 4393.82 2292.18 4245.82 2296.98
26071-600-M6-065-00231 0.07029371708631516 4176.43 1490.13 4336.78 1478.36 4347.81 1628.71 4187.46 1640.47
26071-500-M6-059-00071 0.10960126668214798 2974.05 4066.77 3126.28 4071.26 3121.77 4223.95 2969.55 4219.46
26071-500-M6-059-00071 0.10756869614124298 872.32 5187.24 1025.21 5196.86 1015.57 5350.07 862.68 5340.44
26071-500-M6-059-00071 0.10651552677154541 7256.69 3053.33 7411.01 3068.73 7395.85 3220.74 7241.53 3205.34
26071-500-M6-059-00071 0.10294373333454132 869.44 4518.35 1027.44 4530.34 1016.08 4680.11 858.08 4668.12
26071-500-M6-059-00071 0.09826453030109406 5455.24 3459.87 5610.41 3422.95 5648.14 3581.48 5492.96 3618.40
26071-500-M6-059-00071 0.09016358107328415 7430.10 3357.45 7577.03 3365.40 7568.84 3516.79 7421.90 3508.84
26071-500-M6-059-00071 0.08119471371173859 4189.61 3442.28 4342.07 3471.11 4314.21 3618.48 4161.74 3589.65
26071-500-M6-059-00071 0.08104390650987625 1423.61 5074.20 1573.56 5090.62 1558.23 5230.52 1408.29 5214.09
26071-500-M6-059-00071 0.06475790590047836 6395.25 3352.85 6549.99 3345.89 6556.77 3496.65 6402.02 3503.60
26071-500-M6-059-00071 0.06242668256163597 5336.26 3810.29 5488.00 3789.98 5507.15 3933.00 5355.41 3953.31
26071-500-M6-059-00071 0.05952030420303345 1210.06 5183.43 1356.08 5182.43 1357.15 5338.63 1211.13 5339.63
26071-500-M6-059-00071 0.05789590999484062 3270.57 3184.04 3426.69 3203.28 3409.54 3342.46 3253.43 3323.23
26071-500-M6-059-00071 0.05095569044351578 2627.89 4150.53 2766.26 4023.22 2869.10 4134.99 2730.73 4262.30
26071-203-M6-320-00008 0.09063317626714706 4685.46 965.66 4839.01 963.86 4840.86 1121.29 4687.30 1123.09
26071-203-M6-320-00008 0.061576761305332184 6708.85 1758.46 6862.20 1768.67 6851.90 1923.33 6698.56 1913.12
26071-203-M6-320-00008 0.05382125452160835 4598.01 1060.42 4673.35 1061.62 4671.21 1196.03 4595.87 1194.83
26071-203-M6-320-00008 0.051986146718263626 6225.72 1760.72 6377.17 1765.50 6372.25 1921.27 6220.80 1916.48
26071-500-M6-059-00116 0.1818278431892395 5111.57 1327.12 5187.96 1341.00 5173.60 1419.96 5097.22 1406.08
26071-500-M6-059-00116 0.10940149426460266 6293.73 6166.88 6446.95 6175.74 6438.13 6328.41 6284.90 6319.56
26071-500-M6-059-00116 0.10248739272356033 4448.91 3083.80 4604.64 3076.12 4612.45 3234.57 4456.72 3242.25
26071-500-M6-059-00116 0.0797935277223587 2407.55 4758.71 2558.35 4765.37 2551.49 4920.78 2400.68 4914.12
26071-500-M6-059-00116 0.07407946139574051 3592.09 2397.25 3752.06 2413.11 3732.22 2613.26 3572.24 2597.40
26071-500-M6-059-00116 0.064503014087677 2055.89 4756.72 2207.00 4769.03 2194.46 4922.98 2043.35 4910.66
26071-550-M6-084-00026 0.07305803894996643 2882.08 2472.35 3030.53 2475.01 3027.57 2640.20 2879.12 2637.54
26071-550-M6-084-00026 0.07055887579917908 5229.84 2489.12 5379.48 2463.53 5405.91 2618.07 5256.27 2643.67
26071-203-M6-337-00007 0.09671183675527573 3067.10 2578.64 3213.94 2595.48 3196.99 2743.29 3050.15 2726.45
26071-203-M6-337-00007 0.08629772067070007 3065.84 5279.16 3214.36 5295.73 3197.92 5443.09 3049.39 5426.52
26071-203-M6-337-00007 0.08103343844413757 5707.51 5164.54 5857.80 5179.91 5842.44 5330.10 5692.15 5314.73
26071-200-M6-052-00090 0.18359129130840302 4571.58 3819.27 4726.55 3833.26 4712.22 3992.09 4557.25 3978.10
26071-200-M6-052-00090 0.17668011784553528 1568.72 3811.89 1721.97 3833.31 1699.36 3995.03 1546.11 3973.61
26071-200-M6-052-00090 0.12704116106033325 4579.63 4404.67 4735.92 4429.43 4710.27 4591.31 4553.99 4566.56
26071-200-M6-052-00090 0.1264500617980957 5485.53 1548.82 5636.04 1574.71 5610.79 1721.51 5460.28 1695.63
26071-200-M6-052-00090 0.12486603111028671 3007.18 1571.97 3163.70 1574.95 3160.76 1729.34 3004.24 1726.36
26071-200-M6-052-00090 0.10876160115003586 4576.08 3421.53 4726.73 3434.16 4714.11 3584.75 4563.47 3572.13
26071-200-M6-052-00090 0.10442450642585754 1571.52 4406.50 1727.14 4437.76 1695.15 4597.02 1539.53 4565.76
26071-200-M6-052-00090 0.09657466411590576 3875.21 2001.95 4027.08 2007.51 4021.47 2161.01 3869.60 2155.46
26071-200-M6-052-00090 0.0852741003036499 5086.03 5792.48 5239.07 5810.15 5221.70 5960.60 5068.66 5942.93
26071-200-M6-052-00090 0.08272400498390198 6922.32 3960.69 7069.23 3967.68 7061.92 4121.01 6915.02 4114.01
26071-200-M6-052-00090 0.07468598335981369 1575.06 3416.04 1723.10 3444.54 1694.02 3595.59 1545.97 3567.08
26071-200-M6-052-00090 0.07098401337862015 4605.50 4692.78 4683.22 4693.46 4682.05 4828.36 4604.33 4827.69
26071-200-M6-052-00090 0.07003619521856308 3230.26 5833.55 3386.94 5808.71 3409.54 5951.18 3252.86 5976.03
26071-200-M6-052-00090 0.060757894068956375 6184.54 5151.50 6333.35 5173.94 6310.95 5322.49 6162.14 5300.06
26071-200-M6-052-00090 0.059253983199596405 2431.84 1562.44 2577.09 1590.86 2547.88 1740.15 2402.63 1711.74
26071-600-M6-065-00037 0.13833437860012054 6372.70 2747.56 6523.31 2776.91 6494.73 2923.57 6344.12 2894.22
26071-600-M6-065-00037 0.12664368748664856 7308.77 2461.86 7464.51 2448.68 7477.55 2602.69 7321.81 2615.88
26071-600-M6-065-00037 0.11440262198448181 7495.92 5059.87 7643.72 5060.06 7643.52 5211.60 7495.72 5211.40
26071-600-M6-065-00037 0.08126801252365112 1082.94 2764.68 1241.15 2724.26 1284.11 2892.43 1125.90 2932.84
26071-600-M6-065-00037 0.07415967434644699 2500.54 2150.63 2644.91 2174.28 2620.38 2324.00 2476.01 2300.34
26071-600-M6-065-00037 0.06898105889558792 6101.47 2650.14 6251.41 2672.09 6228.90 2825.86 6078.96 2803.91
26071-600-M6-065-00037 0.06569291651248932 4170.24 6245.81 4321.84 6236.88 4330.69 6387.11 4179.10 6396.04
26071-600-M6-065-00037 0.059092696756124496 2458.99 2355.40 2612.27 2367.84 2600.20 2516.54 2446.92 2504.09
26071-300-M6-053-00010 0.12315017729997635 4559.53 2451.30 4709.67 2454.21 4706.74 2605.40 4556.61 2602.49
26071-300-M6-053-00010 0.12241888046264648 5184.45 2095.51 5336.07 2105.22 5326.49 2254.85 5174.88 2245.15
26071-300-M6-053-00010 0.11917426437139511 4784.97 4373.48 4939.34 4403.16 4911.36 4548.69 4756.99 4519.01
26071-300-M6-053-00010 0.09837333858013153 5186.96 1797.60 5337.96 1811.13 5324.37 1962.77 5173.37 1949.24
26071-300-M6-053-00010 0.08933089673519135 1910.53 4311.63 2052.20 4336.29 2018.46 4530.11 1876.79 4505.46
26071-300-M6-053-00010 0.0639926865696907 5026.86 2452.33 5180.90 2448.92 5184.59 2615.46 5030.55 2618.88
26071-300-M6-053-00010 0.06397057324647903 3876.10 3023.42 4017.28 3019.92 4021.15 3176.15 3879.97 3179.65
26071-203-M6-320-00042 0.08222857117652893 4205.16 2367.94 4364.97 2361.09 4371.60 2515.76 4211.78 2522.61
26071-203-M6-160-00291 0.11916971951723099 1281.64 639.44 1431.75 654.49 1416.40 807.56 1266.29 792.51
26071-203-M6-160-00291 0.1122470498085022 2762.48 6183.13 2908.32 6190.41 2900.49 6347.19 2754.66 6339.92
26071-203-M6-160-00291 0.11029592901468277 1279.91 906.84 1432.77 924.32 1415.02 1079.54 1262.16 1062.05
26071-203-M6-160-00291 0.10354871302843094 1880.02 1280.47 2029.05 1291.81 2017.69 1441.12 1868.66 1429.78
26071-203-M6-160-00291 0.09687924385070801 2838.69 3568.69 3856.88 3597.13 3849.94 3845.62 2831.75 3817.19
26071-203-M6-160-00291 0.09676645696163177 1869.29 2058.57 2020.07 2054.40 2024.10 2200.25 1873.32 2204.42
26071-203-M6-160-00291 0.06748130172491074 5488.28 5550.14 5650.56 5570.78 5633.39 5705.77 5471.11 5685.13
26071-203-M6-160-00291 0.05193018540740013 1438.06 1289.72 1589.13 1297.27 1581.76 1444.64 1430.69 1437.09
26071-203-M6-160-00291 0.05099717155098915 5245.93 6180.68 5397.68 6200.15 5377.83 6354.90 5226.07 6335.43
26071-600-M6-066-00002 0.09607148915529251 4271.37 2486.44 4448.68 2498.37 4438.24 2653.44 4260.94 2641.51
26071-600-M6-066-00002 0.09355711191892624 4287.77 3511.27 4448.84 3539.49 4422.15 3691.88 4261.08 3663.67
26071-600-M6-066-00002 0.052716273814439774 2934.37 3274.28 3087.23 3276.35 3085.12 3431.39 2932.27 3429.32
26071-300-M6-053-00008 0.09857051819562912 4865.04 661.96 5013.28 675.21 5000.15 822.05 4851.91 808.80
26071-300-M6-053-00008 0.06920617073774338 3353.08 4866.06 3500.50 4887.65 3478.13 5040.43 3330.71 5018.85
26071-300-M6-053-00008 0.06768102198839188 3345.62 4153.79 3497.86 4170.50 3480.97 4324.51 3328.73 4307.81
26071-300-M6-053-00008 0.06643722206354141 6732.46 4454.92 6884.94 4459.84 6879.91 4615.73 6727.43 4610.81
26071-300-M6-053-00008 0.06598939746618271 3202.97 4148.16 3353.92 4178.36 3324.18 4327.03 3173.23 4296.83
26071-300-M6-053-00008 0.06074190139770508 3576.06 3977.49 3728.36 3996.36 3709.63 4147.59 3557.33 4128.72
26071-300-M6-053-00008 0.060572750866413116 3008.22 5346.41 3154.69 5374.29 3125.75 5526.38 2979.28 5498.50
26071-300-M6-053-00008 0.05799635872244835 4219.86 4460.35 4371.47 4461.40 4370.42 4613.44 4218.80 4612.40
26071-300-M6-053-00008 0.05732308328151703 3157.02 5349.60 3305.50 5370.40 3284.22 5522.24 3135.74 5501.43
26071-300-M6-053-00008 0.050944555550813675 3347.53 3446.68 3497.35 3462.09 3481.57 3615.49 3331.75 3600.08
26071-203-M6-060-00001 0.10451877117156982 2755.91 4796.13 2906.47 4786.56 2916.20 4939.62 2765.64 4949.19
26071-203-M6-060-00001 0.07729276269674301 3879.19 635.38 4027.18 658.88 4002.62 813.53 3854.63 790.03
26071-203-M6-060-00001 0.0758337527513504 2761.21 3849.24 2912.21 3847.98 2913.51 4002.83 2762.50 4004.09
26071-203-M6-060-00001 0.07378831505775452 3236.62 2657.85 3389.48 2668.22 3379.00 2822.75 3226.13 2812.38
26071-203-M6-060-00001 0.07262428849935532 3423.70 5362.36 3570.70 5364.51 3568.51 5513.71 3421.51 5511.55
26071-203-M6-060-00001 0.066567063331604 3424.27 1256.21 3572.69 1262.67 3566.11 1413.81 3417.69 1407.35
26071-203-M6-060-00001 0.05329394340515137 1924.13 3449.25 2016.39 3447.96 2017.06 3495.46 1924.79 3496.75
26071-200-M6-063-00010 0.08773861825466156 4288.59 2230.37 4442.36 2256.53 4418.86 2394.63 4265.09 2368.47
26071-200-M6-063-00010 0.07311318814754486 5069.64 1721.18 5221.65 1715.20 5227.59 1866.00 5075.58 1871.99
26071-200-M6-063-00010 0.05116274580359459 4895.42 1378.95 5047.11 1399.97 5025.89 1553.08 4874.20 1532.06
26071-203-M6-060-00006 0.14519988000392914 2169.90 4760.27 2316.45 4783.99 2292.37 4932.76 2145.82 4909.04
26071-203-M6-060-00006 0.10002759099006653 2460.04 2541.81 2609.30 2538.49 2612.45 2679.85 2463.19 2683.17
26071-203-M6-060-00006 0.09938114881515503 2140.91 4268.77 2302.33 4213.59 2349.53 4351.65 2188.11 4406.83
26071-203-M6-060-00006 0.09698627144098282 2163.97 5040.76 2316.47 5055.72 2301.86 5204.66 2149.36 5189.70
26071-203-M6-060-00006 0.0903112068772316 4192.08 4766.99 4339.67 4794.30 4313.41 4936.19 4165.83 4908.88
26071-203-M6-060-00006 0.0848890021443367 1339.70 4477.58 1501.42 4493.11 1485.83 4655.52 1324.10 4639.99
26071-203-M6-060-00006 0.08205068856477737 2659.89 2970.18 2818.06 2963.03 2825.93 3137.22 2667.76 3144.37
26071-203-M6-060-00006 0.0531805120408535 4138.10 5119.25 4258.77 4998.61 4383.78 5123.64 4263.11 5244.28
26071-203-M6-325-00013 0.11127647012472153 3392.99 3995.11 3546.88 4004.48 3537.53 4157.98 3383.65 4148.61
26071-203-M6-325-00013 0.06612681597471237 3391.85 3627.00 3544.41 3650.97 3520.58 3802.62 3368.03 3778.66
26071-203-M6-325-00013 0.06247729808092117 6025.26 2465.38 6210.19 2410.42 6256.02 2564.63 6071.08 2619.59
26071-203-M6-325-00013 0.05294094607234001 6375.73 2247.14 6528.51 2251.93 6523.99 2396.08 6371.21 2391.29
26071-203-M6-325-00013 0.05167536437511444 6374.25 1648.27 6527.08 1651.14 6524.38 1795.05 6371.55 1792.18
26071-300-M6-053-00012 0.2063487023115158 6186.95 888.38 6341.34 874.18 6354.67 1019.19 6200.29 1033.38
26071-300-M6-053-00012 0.11912336200475693 3931.95 5636.75 4126.19 5648.50 4112.23 5879.27 3917.99 5867.52
26071-300-M6-053-00012 0.11052615195512772 2773.26 4553.54 2920.92 4593.81 2882.98 4732.92 2735.32 4692.65
26071-300-M6-053-00012 0.09256692230701447 3661.36 5973.97 3811.35 5970.18 3815.26 6124.91 3665.27 6128.70
26071-300-M6-053-00012 0.08751590549945831 3669.95 6322.71 3820.77 6327.50 3815.80 6483.97 3664.98 6479.18
26071-300-M6-053-00012 0.0874938815832138 4708.65 3744.55 4857.08 3744.13 4857.47 3883.04 4709.04 3883.46
26071-300-M6-053-00012 0.0870143249630928 2416.73 1560.67 2569.55 1564.50 2565.71 1717.55 2412.89 1713.71
26071-300-M6-053-00012 0.08241883665323257 5821.46 5647.51 6009.77 5650.63 6006.08 5872.96 5817.77 5869.83
26071-300-M6-053-00012 0.07964137941598892 1786.97 4093.70 1939.46 4123.04 1910.85 4271.72 1758.36 4242.38
26071-300-M6-053-00012 0.07505679130554199 2802.71 1200.21 2950.91 1206.47 2944.35 1361.82 2796.16 1355.56
26071-300-M6-053-00012 0.05729660391807556 5020.76 1562.12 5171.84 1573.07 5160.96 1723.15 5009.88 1712.20
26071-300-M6-053-00012 0.05669253319501877 6115.26 1027.93 6192.09 1029.87 6188.40 1176.36 6111.57 1174.43
26071-300-M6-053-00012 0.054367709904909134 6113.51 645.21 6272.81 669.75 6248.86 825.24 6089.56 800.70
26071-300-M6-053-00012 0.05204138904809952 5325.53 3882.91 5480.69 3914.57 5450.73 4061.43 5295.56 4029.77
26071-675-M6-068-00034 0.9900168776512146 6380.46 1820.39 6531.62 1829.83 6522.13 1981.73 6370.96 1972.28
26071-675-M6-068-00034 0.09899459779262543 4060.25 662.68 4204.01 663.01 4203.61 832.40 4059.85 832.07
26071-675-M6-068-00034 0.06766992807388306 4757.85 5200.85 4901.94 5195.66 4907.32 5344.75 4763.23 5349.95
26071-675-M6-068-00034 0.05222027376294136 6090.17 2021.22 6249.74 2041.01 6229.92 2200.78 6070.36 2180.99
26071-450-M6-082-00031 0.08358024060726166 2982.60 1566.49 3133.67 1565.95 3134.23 1723.72 2983.16 1724.26
26071-450-M6-082-00031 0.0798494815826416 4287.95 1863.89 4428.21 1879.95 4411.61 2024.88 4271.35 2008.82
26071-450-M6-082-00031 0.0771169662475586 2516.33 3971.97 2667.71 4001.55 2638.75 4149.72 2487.38 4120.14
26071-450-M6-082-00031 0.07164809107780457 5366.79 921.63 5512.94 923.02 5511.55 1068.56 5365.40 1067.17
26071-450-M6-082-00031 0.07119465619325638 5168.95 5925.60 5321.62 5927.01 5320.24 6075.82 5167.58 6074.41
26071-450-M6-082-00031 0.06397855281829834 5371.27 1570.57 5519.37 1590.02 5499.37 1742.33 5351.26 1722.88
26071-450-M6-082-00031 0.061620406806468964 5068.52 2245.07 5212.74 2234.77 5224.00 2392.30 5079.77 2402.60
26071-450-M6-082-00031 0.060947589576244354 5363.32 1263.58 5514.37 1273.85 5503.83 1428.75 5352.78 1418.47
26071-200-M6-062-00276 0.988281786441803 4776.86 3036.26 4928.74 3052.75 4912.42 3203.13 4760.53 3186.64
26071-200-M6-062-00276 0.10474267601966858 4761.25 2750.87 4911.10 2743.10 4919.18 2898.89 4769.33 2906.66
26071-500-M6-059-00011 0.09410204738378525 6075.67 2429.97 6229.93 2431.67 6228.32 2577.73 6074.06 2576.03
26071-500-M6-059-00011 0.0856117457151413 2951.37 4573.73 3103.78 4580.18 3097.30 4733.40 2944.89 4726.95
26071-500-M6-059-00011 0.0690608099102974 4978.82 4568.97 5130.73 4585.11 5114.03 4742.28 4962.12 4726.14
26071-500-M6-059-00011 0.06312886625528336 5008.38 1859.99 5152.28 1828.75 5184.08 1975.24 5040.18 2006.48
26071-500-M6-059-00011 0.061362240463495255 5543.59 2150.42 5687.35 2127.67 5710.92 2276.50 5567.16 2299.26
26071-500-M6-059-00011 0.0587780587375164 4475.45 1548.63 4634.98 1549.46 4634.23 1694.36 4474.70 1693.53
26071-500-M6-059-00011 0.051953770220279694 6608.27 2723.53 6757.42 2715.62 6765.76 2872.75 6616.61 2880.67
26071-600-M6-065-00021 0.14553925395011902 2239.43 1462.56 2536.66 1493.88 2523.22 1621.44 2225.99 1590.13
26071-600-M6-065-00021 0.11479174345731735 5212.51 5349.08 5402.23 5364.07 5384.99 5582.32 5195.28 5567.34
26071-600-M6-065-00021 0.11407080292701721 5677.35 3990.88 5828.87 3959.39 5861.87 4118.15 5710.35 4149.64
26071-600-M6-065-00021 0.09872619807720184 5187.64 3950.10 5333.74 3959.15 5323.98 4116.78 5177.87 4107.72
26071-600-M6-065-00021 0.09823748469352722 6544.97 3950.39 6700.38 3943.13 6707.44 4094.23 6552.03 4101.49
26071-600-M6-065-00021 0.08984773606061935 7263.28 3368.16 7412.34 3373.94 7406.31 3529.43 7257.25 3523.65
26071-600-M6-065-00021 0.080812469124794 3458.79 5356.77 3654.65 5353.96 3657.79 5573.31 3461.94 5576.11
26071-600-M6-065-00021 0.06764049828052521 4504.63 1324.95 4653.70 1304.96 4673.07 1449.43 4524.00 1469.42
26071-600-M6-065-00021 0.06235705316066742 2950.33 5397.78 3094.82 5350.07 3148.38 5512.28 3003.88 5559.99
26071-600-M6-065-00021 0.061182696372270584 6581.63 2155.89 6749.34 2161.70 6743.26 2337.26 6575.54 2331.45
26071-600-M6-065-00021 0.05075648054480553 4950.78 3860.57 5100.99 3872.80 5088.36 4027.95 4938.15 4015.72
26071-600-M6-065-00021 0.050590839236974716 5355.96 3646.58 5501.69 3643.43 5505.07 3799.81 5359.34 3802.96
26071-600-M6-065-00021 0.05037844926118851 2284.27 3670.00 2440.16 3673.44 2436.89 3821.85 2281.00 3818.41
26071-500-M6-059-00013 0.12347877770662308 2329.97 4978.04 2481.32 4906.52 2548.95 5049.66 2397.60 5121.18
26071-500-M6-059-00013 0.09675510227680206 2741.61 2735.98 2896.29 2745.62 2886.34 2905.16 2731.66 2895.52
26071-500-M6-059-00013 0.0941060483455658 4791.14 4325.28 4949.06 4335.52 4939.38 4484.82 4781.46 4474.58
26071-500-M6-059-00013 0.08511682599782944 2787.86 4466.15 2931.56 4488.71 2908.35 4636.56 2764.65 4614.01
26071-500-M6-059-00013 0.08186832070350647 2331.66 4691.51 2488.03 4627.28 2554.87 4789.98 2398.50 4854.22
26071-500-M6-059-00013 0.06887239962816238 2682.52 5548.06 2834.95 5562.53 2820.46 5715.17 2668.02 5700.69
26071-500-M6-059-00013 0.056539181619882584 2372.71 4374.32 2522.12 4387.09 2509.87 4530.48 2360.46 4517.72
26071-500-M6-059-00013 0.05393234267830849 2503.09 2868.99 2658.19 2877.05 2649.90 3036.77 2494.79 3028.72
26071-500-M6-059-00013 0.05364849790930748 2370.86 5467.39 2518.74 5488.68 2497.17 5638.45 2349.30 5617.16
26071-500-M6-059-00013 0.051842350512742996 2369.44 5276.63 2522.55 5297.28 2502.25 5447.76 2349.15 5427.11
26071-500-M6-059-00044 0.11586716026067734 1217.60 3379.70 1364.01 3386.23 1357.41 3534.22 1210.99 3527.68
26071-500-M6-059-00044 0.10402433574199677 5450.64 3973.65 5607.24 3953.85 5625.59 4098.90 5468.99 4118.71
26071-500-M6-059-00044 0.07986380904912949 1871.83 3953.51 2026.97 3943.72 2037.11 4104.55 1881.97 4114.34
26071-500-M6-059-00044 0.06755786389112473 6440.59 651.40 6588.15 664.95 6574.10 817.89 6426.54 804.33
26071-500-M6-059-00044 0.0636899396777153 7006.59 3964.68 7157.72 3967.88 7154.56 4117.32 7003.42 4114.11
26071-500-M6-059-00044 0.06238134577870369 3414.55 3982.57 3562.25 3955.20 3590.72 4108.88 3443.02 4136.24
26071-500-M6-059-00044 0.05180260166525841 3269.30 5056.05 3422.37 5031.16 3447.07 5183.04 3294.00 5207.93
26071-200-M6-052-00093 0.09249671548604965 6987.54 3365.85 7134.98 3362.55 7138.37 3514.01 6990.94 3517.32
26071-200-M6-052-00093 0.07969499379396439 3348.05 3980.18 3503.10 3988.19 3495.31 4138.87 3340.26 4130.86
26071-200-M6-052-00093 0.07818318903446198 4885.96 1475.56 5039.87 1479.98 5035.62 1628.20 4881.71 1623.79
26071-200-M6-052-00093 0.07210709899663925 3923.59 4501.33 4443.45 4509.32 4441.02 4667.35 3921.16 4659.36
26071-200-M6-052-00093 0.06418630480766296 6511.04 3370.06 6664.67 3374.74 6660.13 3524.08 6506.50 3519.40
26071-200-M6-052-00093 0.062440913170576096 3932.63 2262.84 4452.53 2265.83 4451.59 2428.77 3931.69 2425.78
26071-200-M6-052-00093 0.06115896627306938 4422.05 2051.09 4588.08 2052.76 4586.41 2219.18 4420.38 2217.52
26071-200-M6-052-00093 0.054216284304857254 6874.81 3111.48 7026.58 3128.66 7009.63 3278.42 6857.86 3261.24
26071-200-M6-052-00093 0.050160765647888184 5832.55 2754.37 5988.29 2766.61 5976.63 2914.84 5820.90 2902.59
26071-200-M6-052-00002 0.17107264697551727 5479.84 4276.04 5636.70 4286.84 5626.03 4441.80 5469.17 4430.99
26071-200-M6-052-00002 0.10447917878627777 5222.03 4261.74 5365.88 4302.73 5326.04 4442.54 5182.19 4401.55
26071-200-M6-052-00002 0.09868086129426956 4845.32 1692.95 4990.24 1703.73 4979.06 1854.09 4834.14 1843.31
26071-200-M6-052-00002 0.09423466771841049 7286.35 6175.59 7436.01 6178.30 7433.29 6328.28 7283.64 6325.57
26071-200-M6-052-00002 0.08878140151500702 1941.64 5655.44 2088.65 5675.29 2068.01 5828.09 1921.00 5808.24
26071-200-M6-052-00002 0.08811856061220169 4395.15 2660.68 4545.74 2663.73 4542.71 2813.30 4392.12 2810.25
26071-200-M6-052-00002 0.07028385251760483 5515.17 5341.01 5591.83 5342.95 5588.37 5480.00 5511.71 5478.06
26071-200-M6-052-00002 0.0660349428653717 1796.87 5868.31 1953.73 5876.63 1945.99 6022.71 1789.12 6014.39
26071-750-M6-085-00012 0.17893508076667786 7204.15 5130.37 7689.59 5123.98 7691.23 5248.80 7205.79 5255.18
26071-750-M6-085-00012 0.14062950015068054 4835.30 3566.95 4983.17 3554.91 4995.89 3711.04 4848.02 3723.08
26071-750-M6-085-00012 0.12655209004878998 7023.54 3568.64 7173.00 3567.30 7174.29 3711.96 7024.83 3713.29
26071-750-M6-085-00012 0.12186489254236221 7166.50 3777.50 7675.88 3766.38 7678.43 3883.25 7169.05 3894.36
26071-750-M6-085-00012 0.12177527695894241 2704.06 5126.05 3180.30 5125.72 3180.39 5251.89 2704.15 5252.22
26071-750-M6-085-00012 0.11662610620260239 5023.62 5130.26 5509.64 5127.08 5510.42 5246.12 5024.40 5249.30
26071-750-M6-085-00012 0.1150275319814682 2282.52 4467.69 2432.68 4466.13 2434.21 4612.50 2284.05 4614.06
26071-750-M6-085-00012 0.09788725525140762 2535.47 3444.64 2682.70 3438.10 2689.62 3593.75 2542.39 3600.29
26071-750-M6-085-00012 0.0954541265964508 3793.37 3260.19 3937.47 3274.34 3923.19 3419.85 3779.09 3405.71
26071-750-M6-085-00012 0.09517611563205719 2675.31 3669.44 3171.45 3648.23 3176.48 3766.06 2680.35 3787.26
26071-750-M6-085-00012 0.0897974818944931 6013.04 4274.61 6165.70 4283.98 6156.61 4432.08 6003.95 4422.71
26071-750-M6-085-00012 0.08839816600084305 4987.17 3760.94 5492.68 3765.66 5491.45 3896.61 4985.95 3891.89
26071-750-M6-085-00012 0.08567745238542557 1169.68 4981.32 1323.57 4993.98 1310.98 5147.00 1157.09 5134.34
26071-750-M6-085-00012 0.08249695599079132 7740.92 986.25 7891.34 940.13 7941.77 1104.59 7791.34 1150.71
26071-750-M6-085-00012 0.0752677246928215 4196.29 6202.04 4355.45 6205.30 4352.33 6357.61 4193.17 6354.36
26071-750-M6-085-00012 0.07457245886325836 4983.59 4077.15 5124.82 4066.63 5135.90 4215.18 4994.66 4225.71
26071-750-M6-085-00012 0.07365581393241882 4013.59 4569.64 4165.42 4577.50 4157.56 4729.38 4005.73 4721.52
26071-750-M6-085-00012 0.07313260436058044 3135.73 4489.99 3286.06 4494.36 3281.47 4652.35 3131.14 4647.98
26071-750-M6-085-00012 0.07263065129518509 3131.17 4066.64 3288.82 4062.53 3292.94 4220.61 3135.29 4224.73
26071-750-M6-085-00012 0.0717441737651825 7145.74 4479.60 7318.27 4471.01 7326.76 4641.69 7154.23 4650.28
26071-750-M6-085-00012 0.06728284060955048 5378.07 6189.91 5533.88 6178.92 5545.89 6349.16 5390.08 6360.15
26071-750-M6-085-00012 0.06514377146959305 7678.28 4916.93 7829.78 4915.12 7831.60 5068.58 7680.10 5070.38
26071-750-M6-085-00012 0.060090672224760056 6897.89 2917.50 7048.63 2931.84 7034.21 3083.50 6883.46 3069.16
26071-750-M6-085-00012 0.059987377375364304 7160.19 4069.87 7311.36 4059.51 7321.63 4209.35 7170.46 4219.71
26071-750-M6-085-00012 0.057489167898893356 2838.27 4174.44 2987.34 4192.44 2968.32 4349.92 2819.25 4331.91
26071-750-M6-085-00012 0.05712918937206268 7183.44 2912.95 7332.68 2926.29 7319.11 3078.19 7169.87 3064.86
26071-750-M6-085-00012 0.05442485958337784 1163.43 3139.99 1309.09 3135.54 1313.66 3285.35 1168.00 3289.80
26071-750-M6-085-00012 0.05424089729785919 1572.64 1997.18 1697.30 1990.09 1710.62 2224.36 1585.96 2231.45
26071-750-M6-085-00012 0.053520239889621735 4016.85 4281.92 4169.61 4293.39 4158.11 4446.57 4005.35 4435.10
26071-750-M6-085-00012 0.05230296775698662 3164.91 2633.76 3212.67 2635.13 3209.97 2729.35 3162.21 2727.98
26071-600-M6-065-00259 0.07272770255804062 7786.61 5277.91 7935.83 5293.13 7919.92 5449.21 7770.70 5433.99
26071-600-M6-065-00259 0.05745032802224159 852.48 1971.01 999.84 1976.80 993.48 2138.87 846.12 2133.09
26071-600-M6-065-00259 0.05212674289941788 7420.75 5284.54 7570.21 5296.51 7558.54 5442.10 7409.09 5430.13
26071-200-M6-052-00544 0.986664891242981 4250.04 3274.06 4400.49 3303.48 4371.31 3452.74 4220.85 3423.31
26071-200-M6-052-00544 0.10172852873802185 2774.34 1687.04 2921.74 1704.49 2904.19 1852.68 2756.80 1835.23
26071-200-M6-052-00544 0.07185585051774979 4242.36 2958.81 4393.08 2970.10 4381.65 3122.68 4230.93 3111.40
26071-200-M6-052-00544 0.07119639217853546 2567.31 2088.52 2741.97 2063.62 2763.40 2213.96 2588.74 2238.85
26071-200-M6-052-00544 0.06578925997018814 3560.86 3599.28 3724.34 3581.97 3742.76 3755.91 3579.28 3773.22
26071-600-M6-066-00003 0.1455802321434021 1876.59 3858.90 2032.95 3869.13 2022.22 4033.18 1865.86 4022.95
26071-600-M6-066-00003 0.07629899680614471 5793.22 4175.41 5942.93 4197.90 5920.40 4347.90 5770.69 4325.41
26071-600-M6-066-00003 0.06927299499511719 2768.25 1335.49 2921.07 1348.46 2908.28 1499.21 2755.46 1486.25
26071-600-M6-066-00003 0.06386403739452362 2642.66 5157.49 2792.86 5176.63 2773.42 5329.20 2623.22 5310.05
26071-600-M6-066-00003 0.06183423101902008 3723.15 5273.92 3881.42 5271.93 3883.32 5423.11 3725.05 5425.10
26071-600-M6-066-00003 0.060758259147405624 2424.55 5299.48 2566.34 5300.37 2565.38 5454.01 2423.59 5453.13
26071-600-M6-066-00003 0.054662074893713 3583.64 5048.23 3741.14 5060.55 3729.49 5209.47 3571.99 5197.14
26071-600-M6-066-00003 0.05020018294453621 4812.28 6224.13 4959.68 6215.88 4969.47 6390.59 4822.07 6398.85
26071-750-M6-085-00309 0.13518302142620087 6348.17 3893.79 6509.56 3844.04 6553.98 3988.14 6392.58 4037.89
26071-750-M6-085-00309 0.10829807817935944 2962.27 3185.06 3110.63 3183.77 3111.91 3331.04 2963.55 3332.33
26071-750-M6-085-00309 0.07016167789697647 7253.91 1290.85 7403.46 1305.21 7388.93 1456.50 7239.38 1442.14
26071-750-M6-085-00309 0.06768843531608582 6698.61 3865.27 6849.88 3870.02 6845.09 4022.69 6693.82 4017.94
