26071-500-M6-059-00017 0.09016475081443787 4041.33 3589.78 4087.03 3589.77 4087.04 3705.84 4041.35 3705.84
26071-500-M6-059-00017 0.08671785145998001 6052.39 3588.64 6098.58 3590.17 6094.62 3709.64 6048.43 3708.11
26071-500-M6-059-00017 0.08614902198314667 2033.51 3587.08 2079.72 3587.14 2079.56 3707.97 2033.35 3707.91
26071-500-M6-059-00017 0.07526122033596039 3951.74 3984.56 3988.29 3991.20 3978.02 4047.73 3941.46 4041.08
26071-500-M6-059-00017 0.0716949999332428 1937.17 3983.10 1974.36 3984.83 1971.42 4048.11 1934.22 4046.38
26071-500-M6-059-00017 0.06777547299861908 5951.69 3982.66 5989.66 3984.91 5985.96 4047.42 5947.99 4045.17
26071-500-M6-059-00017 0.0510830283164978 4041.89 3280.73 4089.08 3273.58 4105.47 3381.71 4058.28 3388.86
26071-600-M6-066-00012 0.05114724859595299 6303.16 4785.66 6348.24 4804.82 6330.05 4847.61 6284.97 4828.45
26071-200-M6-052-00539 0.07071182131767273 3991.68 5226.81 4039.71 5225.70 4042.60 5351.28 3994.57 5352.39
26071-200-M6-052-00539 0.0696508139371872 3992.72 5611.22 4039.58 5610.74 4040.87 5735.20 3994.02 5735.68
26071-500-M6-059-00248 0.11024706065654755 4484.96 4284.92 4532.33 4282.92 4537.51 4405.58 4490.14 4407.58
26071-500-M6-059-00248 0.07251802831888199 4493.26 4665.27 4537.93 4667.11 4532.84 4790.52 4488.17 4788.67
26071-700-M6-054-00246 0.09865295141935349 4533.17 2862.43 4580.70 2861.25 4583.83 2987.59 4536.31 2988.77
26071-500-M6-059-00040 0.06982965767383575 1477.60 2499.17 1586.07 2503.74 1583.92 2554.70 1475.45 2550.13
26071-500-M6-059-00040 0.05732902139425278 2581.16 1438.32 2629.64 1445.37 2622.68 1493.21 2574.21 1486.16
26071-500-M6-059-00040 0.05583113431930542 1474.96 2384.15 1593.04 2393.74 1589.12 2441.95 1471.04 2432.36
26071-203-M6-333-00010 0.053265392780303955 2390.80 2673.26 2486.55 2710.48 2467.35 2759.87 2371.60 2722.66
26071-750-M6-085-00286 0.168831929564476 5318.49 3289.20 5363.28 3271.66 5404.07 3375.82 5359.28 3393.36
26071-750-M6-085-00286 0.15333305299282074 6144.22 3285.62 6187.46 3268.97 6229.73 3378.73 6186.49 3395.38
26071-750-M6-085-00286 0.11546888947486877 6178.23 3382.04 6228.01 3392.00 6218.61 3438.97 6168.83 3429.01
26071-750-M6-085-00286 0.11230679601430893 5351.70 3383.40 5400.93 3392.83 5392.00 3439.41 5342.78 3429.97
26071-550-M6-084-00248 0.13933448493480682 4490.71 4200.61 4537.59 4202.01 4534.11 4318.67 4487.23 4317.27
26071-550-M6-084-00248 0.11824095249176025 4486.67 3807.89 4534.54 3807.80 4534.77 3932.41 4486.90 3932.50
26071-550-M6-084-00248 0.06309345364570618 4516.06 4154.97 4544.19 4176.58 4510.15 4220.88 4482.02 4199.28
26071-203-M6-332-00008 0.06401330232620239 1818.88 3639.58 1866.93 3640.58 1864.96 3736.20 1816.90 3735.21
26071-203-M6-332-00008 0.06115908920764923 2551.48 3546.38 2599.08 3542.36 2607.49 3641.90 2559.89 3645.92
26071-203-M6-332-00008 0.06069253757596016 4948.51 3542.17 4997.58 3540.99 5000.00 3641.81 4950.93 3642.98
26071-203-M6-332-00008 0.058956485241651535 6653.99 3637.81 6704.96 3634.15 6712.15 3734.38 6661.19 3738.04
26071-203-M6-332-00008 0.0573878176510334 4225.59 3633.46 4277.50 3634.69 4275.23 3730.32 4223.32 3729.09
26071-200-M6-052-00080 0.08794824033975601 7200.66 4091.30 7243.05 4102.45 7212.38 4219.02 7169.99 4207.87
26071-200-M6-052-00080 0.08406157046556473 3759.54 4098.88 3804.33 4091.61 3822.30 4202.40 3777.52 4209.67
26071-200-M6-052-00080 0.0813564732670784 7180.67 3716.98 7228.16 3715.41 7232.31 3841.05 7184.81 3842.61
26071-200-M6-052-00080 0.07492309808731079 3756.21 3715.29 3803.46 3715.71 3802.35 3840.30 3755.10 3839.88
26071-200-M6-052-00080 0.06430305540561676 7209.75 4054.57 7234.65 4077.78 7197.02 4118.15 7172.12 4094.94
26071-200-M6-052-00080 0.05442936345934868 3754.09 4063.35 3809.34 4071.15 3804.53 4105.26 3749.28 4097.46
26071-300-M6-053-00309 0.05046245455741882 6124.42 4789.53 6176.02 4748.22 6227.08 4812.00 6175.48 4853.31
26071-450-M6-082-00009 0.05525984615087509 3898.61 5376.55 4022.13 5372.69 4023.64 5420.78 3900.11 5424.65
26071-200-M6-052-00552 0.10452708601951599 3989.46 2251.84 4037.56 2250.52 4040.81 2368.87 3992.72 2370.19
26071-203-M6-337-00031 0.05234472453594208 4629.73 2076.27 4692.15 2107.18 4671.61 2148.65 4609.19 2117.73
26071-203-M6-337-00031 0.05209667235612869 6952.37 489.94 6984.17 490.97 6980.98 589.47 6949.18 588.44
26071-203-M6-332-00001 0.06230450049042702 2813.51 3665.52 2846.22 3664.67 2848.82 3764.05 2816.12 3764.91
26071-200-M6-052-00150 0.07153145968914032 5517.63 5833.42 5575.90 5830.98 5581.81 5971.99 5523.53 5974.43
26071-200-M6-052-00150 0.06949254870414734 4225.14 5827.89 4278.64 5827.94 4278.50 5971.79 4225.00 5971.74
26071-200-M6-052-00003 0.06817246228456497 4465.12 3730.89 4512.81 3730.39 4514.11 3853.92 4466.42 3854.43
26071-200-M6-052-00003 0.06308183819055557 5644.74 4190.31 5693.04 4193.89 5682.69 4333.44 5634.38 4329.86
26071-700-M6-054-00036 0.11137624830007553 3848.86 3336.11 3896.33 3335.34 3898.29 3456.74 3850.82 3457.50
26071-700-M6-054-00036 0.050224583595991135 4736.56 1767.73 4783.82 1760.52 4795.68 1838.28 4748.42 1845.49
26071-500-M6-059-00071 0.07874846458435059 1630.38 5404.45 1677.99 5402.44 1683.14 5524.75 1635.53 5526.76
26071-500-M6-059-00071 0.07479081302881241 2000.03 3789.29 2116.05 3817.22 2104.00 3867.28 1987.98 3839.35
26071-500-M6-059-00071 0.05622081086039543 1622.81 5544.57 1661.94 5514.71 1684.30 5544.01 1645.17 5573.87
26071-203-M6-320-00008 0.0552087239921093 2369.20 4339.36 2412.56 4308.01 2441.30 4347.76 2397.94 4379.11
26071-500-M6-059-00116 0.05471073463559151 3293.83 4503.48 3337.49 4523.76 3317.59 4566.58 3273.93 4546.30
26071-500-M6-059-00116 0.051965389400720596 6849.84 5408.03 6885.00 5436.79 6849.30 5480.44 6814.14 5451.68
26071-200-M6-052-00090 0.1026332676410675 3399.63 3685.11 3447.24 3684.23 3449.48 3805.76 3401.86 3806.63
26071-200-M6-052-00090 0.09761557728052139 6411.14 3685.25 6458.69 3684.41 6460.84 3806.31 6413.28 3807.15
26071-200-M6-052-00090 0.08300875872373581 3400.47 3303.20 3448.10 3301.87 3451.52 3424.45 3403.89 3425.78
26071-200-M6-052-00090 0.07634035497903824 6410.74 3303.30 6457.97 3302.31 6460.54 3425.02 6413.31 3426.00
26071-200-M6-052-00090 0.05752554535865784 3400.27 1070.11 3438.41 1062.38 3456.39 1151.05 3418.26 1158.79
26071-200-M6-052-00090 0.05593979358673096 2578.35 6492.44 2670.69 6497.69 2668.93 6528.69 2576.59 6523.44
26071-600-M6-065-00037 0.05212930589914322 1578.67 6046.59 1627.18 6044.20 1633.71 6176.74 1585.20 6179.13
26071-300-M6-053-00010 0.11129957437515259 3403.99 2839.80 3450.18 2839.21 3451.00 2902.79 3404.81 2903.38
26071-300-M6-053-00010 0.10500340908765793 2689.95 4167.13 2738.26 4164.72 2744.32 4286.18 2696.00 4288.58
26071-203-M6-320-00042 0.14342138171195984 5525.67 3291.54 5572.34 3291.71 5571.90 3418.01 5525.23 3417.84
26071-203-M6-320-00042 0.05893239006400108 1858.17 3916.95 1945.64 3883.20 1965.69 3935.17 1878.22 3968.92
26071-203-M6-320-00042 0.05362165719270706 5518.19 3432.09 5552.49 3398.14 5584.29 3430.27 5549.99 3464.22
26071-203-M6-160-00291 0.05831807479262352 1633.68 3586.75 1678.50 3593.26 1671.82 3639.23 1627.00 3632.72
26071-200-M6-063-00010 0.104010209441185 3163.55 3810.02 3211.71 3808.27 3216.30 3934.31 3168.13 3936.07
26071-200-M6-063-00010 0.07521781325340271 2918.12 3903.86 2965.76 3866.97 2990.76 3899.26 2943.13 3936.15
26071-203-M6-060-00006 0.06032610312104225 3226.92 2981.29 3277.11 2981.84 3276.20 3063.80 3226.01 3063.25
26071-300-M6-053-00012 0.08030055463314056 5714.96 2119.73 5762.55 2119.54 5763.05 2242.21 5715.47 2242.41
26071-300-M6-053-00012 0.0589323490858078 5714.93 2249.12 5763.84 2244.14 5767.26 2277.80 5718.36 2282.78
26071-300-M6-053-00012 0.05170232430100441 5963.62 5734.75 6044.83 5724.40 6051.90 5779.91 5970.70 5790.26
26071-450-M6-082-00031 0.11579024791717529 3682.79 3078.18 3730.52 3076.72 3734.37 3203.20 3686.65 3204.65
26071-200-M6-062-00276 0.10834378004074097 3637.24 3711.60 3684.54 3711.83 3684.15 3791.31 3636.86 3791.09
26071-500-M6-059-00013 0.08360771089792252 2930.92 4732.18 2978.98 4732.66 2977.72 4859.38 2929.66 4858.90
26071-500-M6-059-00044 0.05791780352592468 3904.78 4607.82 3941.45 4635.88 3912.32 4673.96 3875.65 4645.90
26071-200-M6-052-00093 0.11142972856760025 4675.22 3684.19 4723.06 3681.78 4729.38 3807.28 4681.54 3809.68
26071-200-M6-052-00093 0.07689803838729858 4679.49 1322.92 4727.99 1325.73 4720.78 1450.07 4672.27 1447.26
26071-200-M6-052-00093 0.07140269875526428 4679.09 2465.41 4726.40 2465.54 4726.06 2589.33 4678.74 2589.20
26071-200-M6-052-00093 0.07119941711425781 4694.62 4701.25 4741.49 4708.81 4722.40 4827.09 4675.53 4819.53
26071-200-M6-052-00093 0.05641694366931915 4667.08 4688.44 4714.39 4663.72 4729.55 4692.71 4682.24 4717.44
26071-200-M6-052-00093 0.052989717572927475 4664.34 2457.89 4707.35 2418.78 4730.37 2444.09 4687.36 2483.20
26071-750-M6-085-00012 0.06813794374465942 1853.76 3687.95 1923.29 3687.37 1923.65 3729.90 1854.12 3730.48
26071-750-M6-085-00012 0.056560177356004715 4292.82 3295.71 4338.81 3290.40 4346.47 3356.86 4300.48 3362.17
26071-750-M6-085-00012 0.0564519427716732 6473.92 3298.23 6517.55 3295.69 6521.50 3363.49 6477.87 3366.03
26071-750-M6-085-00012 0.05532650277018547 6985.16 3782.30 7094.61 3822.00 7077.97 3867.89 6968.52 3828.18
26071-600-M6-066-00003 0.050616197288036346 7787.54 5223.37 7844.39 5242.15 7821.65 5310.99 7764.80 5292.21
