26071-200-M6-052-00001 0.10617021471261978 3877.71 3282.13 3966.13 3285.70 3961.59 3398.29 3873.17 3394.72
26071-200-M6-052-00001 0.06469665467739105 3082.31 3410.21 3214.56 3393.19 3232.48 3532.42 3100.23 3549.43
26071-200-M6-052-00001 0.054869964718818665 3793.66 3101.61 3947.93 3071.76 3978.25 3228.46 3823.98 3258.31
26071-200-M6-052-00001 0.05347280949354172 2458.52 3393.60 2979.56 3400.66 2977.21 3574.31 2456.17 3567.25
26071-500-M6-059-00017 0.14647425711154938 4019.15 3296.89 4088.40 3274.94 4123.20 3384.77 4053.95 3406.71
26071-500-M6-059-00017 0.10250230878591537 4009.03 3591.60 4093.98 3566.42 4131.51 3693.00 4046.56 3718.19
26071-500-M6-059-00017 0.09709562361240387 6633.68 2199.99 6786.51 2242.27 6760.24 2337.23 6607.41 2294.94
26071-500-M6-059-00017 0.08536320924758911 4618.08 2207.49 4773.92 2237.63 4756.23 2329.11 4600.39 2298.98
26071-500-M6-059-00017 0.07728368043899536 6046.13 3287.64 6111.87 3288.51 6110.58 3385.95 6044.84 3385.08
26071-500-M6-059-00017 0.07114952802658081 7104.01 4479.63 7412.06 4483.34 7411.12 4561.12 7103.07 4557.41
26071-500-M6-059-00017 0.06864293664693832 2530.40 1913.49 2699.97 1914.24 2699.57 2005.38 2529.99 2004.63
26071-500-M6-059-00017 0.06849100440740585 4260.23 1573.04 4359.34 1561.18 4382.37 1753.66 4283.26 1765.52
26071-500-M6-059-00017 0.06551250070333481 2025.59 3292.94 2094.14 3287.40 2102.01 3384.76 2033.46 3390.31
26071-500-M6-059-00017 0.06401277333498001 6635.30 3712.77 6802.89 3727.16 6795.07 3818.33 6627.48 3803.95
26071-500-M6-059-00017 0.06307148188352585 3828.68 1914.14 3998.55 1909.08 4001.27 2000.51 3831.40 2005.56
26071-500-M6-059-00017 0.06199582293629646 5836.79 1911.22 6006.62 1911.01 6006.73 2004.92 5836.90 2005.12
26071-500-M6-059-00017 0.06041102856397629 4888.91 1916.55 5059.46 1908.76 5063.70 2001.73 4893.15 2009.52
26071-500-M6-059-00017 0.059651877731084824 5117.27 4759.73 5296.96 4752.98 5300.77 4854.54 5121.09 4861.30
26071-500-M6-059-00017 0.05899546667933464 6115.79 1917.89 6286.94 1910.41 6290.95 2002.23 6119.80 2009.70
26071-500-M6-059-00017 0.055544812232255936 4115.88 1916.60 4284.25 1910.91 4287.29 2001.02 4118.93 2006.72
26071-500-M6-059-00017 0.05541147291660309 3277.24 3892.39 4015.19 3917.22 4008.25 4123.45 3270.30 4098.61
26071-500-M6-059-00017 0.055238354951143265 7018.52 1912.93 7193.77 1913.57 7193.43 2006.78 7018.18 2006.15
26071-500-M6-059-00017 0.054815229028463364 4782.83 3720.11 4946.43 3727.08 4942.59 3817.19 4778.99 3810.22
26071-500-M6-059-00017 0.051803551614284515 1466.94 6643.65 1764.92 6648.87 1763.51 6728.93 1465.53 6723.71
26071-500-M6-059-00017 0.05175695940852165 5798.34 3758.33 5898.23 3763.45 5889.48 3934.24 5789.59 3929.12
26071-500-M6-059-00017 0.0516945905983448 6378.52 1559.77 6507.40 1595.42 6469.29 1733.19 6340.41 1697.53
26071-600-M6-066-00012 0.24187953770160675 6101.12 3576.50 6181.32 3581.09 6172.84 3729.30 6092.63 3724.71
26071-600-M6-066-00012 0.16927678883075714 7137.90 1590.08 7280.79 1601.54 7268.80 1750.84 7125.92 1739.37
26071-600-M6-066-00012 0.07236988842487335 3245.11 1844.55 3328.75 1843.40 3330.62 1980.43 3246.99 1981.57
26071-600-M6-066-00012 0.07161610573530197 2287.05 1848.45 2368.22 1835.41 2388.88 1964.04 2307.72 1977.08
26071-600-M6-066-00012 0.06631314754486084 3330.98 1793.19 3472.67 1753.34 3518.44 1916.10 3376.75 1955.95
26071-600-M6-066-00012 0.06477145105600357 5614.83 3848.43 5766.57 3881.55 5733.24 4034.20 5581.50 4001.07
26071-600-M6-066-00012 0.05513985455036163 3074.08 1998.22 3239.60 2001.02 3237.77 2109.38 3072.25 2106.58
26071-600-M6-066-00012 0.05249495804309845 5360.87 1345.71 5463.17 1313.90 5626.30 1838.55 5524.00 1870.36
26071-600-M6-066-00012 0.050434958189725876 2263.65 2010.47 2307.42 2009.19 2310.17 2103.18 2266.40 2104.46
26071-200-M6-052-00539 0.10583645850419998 6383.71 6170.54 6468.15 6168.43 6471.54 6304.26 6387.10 6306.37
26071-200-M6-052-00539 0.05629563331604004 3304.08 5323.68 3937.90 5357.29 3923.69 5625.27 3289.87 5591.66
26071-500-M6-059-00248 0.1415950208902359 2846.39 5928.94 2918.18 5931.03 2914.10 6070.78 2842.32 6068.68
26071-500-M6-059-00248 0.09891466051340103 3705.98 3049.22 3783.38 3013.55 3833.88 3123.11 3756.48 3158.79
26071-500-M6-059-00248 0.0904165506362915 5090.86 4656.34 5199.53 4661.18 5198.12 4692.86 5089.45 4688.02
26071-500-M6-059-00248 0.07109884172677994 4597.74 4378.50 4700.83 4380.58 4700.20 4412.03 4597.10 4409.95
26071-500-M6-059-00248 0.056156594306230545 4517.19 4651.39 4550.70 4674.52 4514.68 4726.70 4481.17 4703.56
26071-500-M6-059-00248 0.0540795736014843 3845.49 2958.86 3988.37 2955.11 3992.37 3107.30 3849.49 3111.05
26071-203-M6-325-00012 0.08254488557577133 5788.53 663.35 5873.84 745.66 5788.39 834.24 5703.07 751.93
26071-203-M6-325-00012 0.05751144886016846 3918.19 6289.19 4019.44 6275.42 4070.60 6651.45 3969.35 6665.23
26071-203-M6-325-00012 0.05586498975753784 6027.75 6536.25 6152.89 6535.90 6153.23 6656.46 6028.08 6656.81
26071-700-M6-054-00246 0.07939345389604568 3057.61 1956.12 3229.03 1952.51 3231.18 2054.93 3059.76 2058.54
26071-700-M6-054-00246 0.07876016199588776 4011.12 2001.42 4131.51 2003.89 4130.84 2036.46 4010.45 2033.99
26071-700-M6-054-00246 0.07251913845539093 3948.05 1728.27 4033.36 1723.89 4040.27 1858.36 3954.96 1862.74
26071-700-M6-054-00246 0.06264176219701767 2892.94 2200.10 3018.29 2207.71 3016.26 2241.09 2890.91 2233.47
26071-700-M6-054-00246 0.05177973583340645 2784.63 4284.25 2903.79 4308.25 2880.69 4422.95 2761.52 4398.94
26071-500-M6-059-00040 0.24393223226070404 2531.36 1318.17 2589.77 1310.71 2605.28 1432.05 2546.86 1439.52
26071-500-M6-059-00040 0.0775342807173729 4186.24 2077.68 4279.28 2080.88 4274.36 2224.08 4181.32 2220.88
26071-500-M6-059-00040 0.060738705098629 3663.71 2856.84 3749.09 2804.01 3808.87 2900.61 3723.49 2953.45
26071-500-M6-059-00040 0.05765809491276741 2810.12 3966.96 2903.42 3970.27 2898.33 4113.85 2805.03 4110.54
26071-203-M6-333-00010 0.07650428265333176 2382.93 4202.63 2988.59 4186.87 2990.48 4259.73 2384.82 4275.49
26071-203-M6-333-00010 0.0729430764913559 2212.71 3413.13 2350.93 3427.58 2344.74 3486.79 2206.52 3472.35
26071-203-M6-333-00010 0.07010465860366821 4575.94 475.35 4636.24 479.69 4610.73 833.89 4550.44 829.55
26071-203-M6-333-00010 0.06921228766441345 4003.26 4952.42 4047.50 4957.79 4034.70 5063.36 3990.46 5057.99
26071-203-M6-333-00010 0.06744232773780823 3946.90 5046.61 4071.34 5046.74 4071.21 5174.44 3946.77 5174.31
26071-203-M6-333-00010 0.0659477636218071 5280.84 3287.57 5420.40 3284.60 5421.30 3327.14 5281.75 3330.11
26071-203-M6-333-00010 0.06325460225343704 2741.03 2394.54 3062.43 2406.98 3058.84 2499.70 2737.44 2487.26
26071-203-M6-333-00010 0.06179283559322357 3948.27 4843.56 4064.83 4833.83 4075.58 4962.69 3959.02 4972.41
26071-203-M6-333-00010 0.061378419399261475 5147.40 2381.19 5251.73 2348.74 5297.82 2496.96 5193.49 2529.41
26071-203-M6-333-00010 0.06002185866236687 6598.31 4187.81 7201.54 4177.95 7203.01 4268.05 6599.78 4277.90
26071-203-M6-333-00010 0.05595622956752777 7204.09 3663.42 7323.82 3674.07 7312.40 3802.50 7192.67 3791.85
26071-203-M6-333-00010 0.05554293841123581 2496.49 5511.11 2623.66 5504.21 2628.68 5596.76 2501.51 5603.67
26071-203-M6-333-00010 0.054912738502025604 2342.33 350.83 2403.47 351.54 2397.88 833.28 2336.73 832.57
26071-203-M6-333-00010 0.05391940101981163 5146.62 3203.04 5274.27 3200.66 5276.71 3331.82 5149.06 3334.19
26071-203-M6-333-00010 0.05255027487874031 3393.34 4141.21 3488.34 4113.59 3520.82 4225.29 3425.82 4252.91
26071-750-M6-085-00286 0.10232599079608917 4319.79 3549.39 4383.95 3526.74 4437.93 3679.65 4373.76 3702.30
26071-750-M6-085-00286 0.0735989511013031 3915.34 3546.54 3992.90 3530.44 4027.21 3695.76 3949.66 3711.86
26071-750-M6-085-00286 0.05522036552429199 3048.14 1229.32 3178.47 1329.78 3076.12 1462.56 2945.79 1362.09
26071-550-M6-084-00248 0.09155245125293732 3708.71 2562.54 3791.96 2554.71 3803.70 2679.52 3720.45 2687.35
26071-550-M6-084-00248 0.06362831592559814 4427.56 4023.28 4552.87 3951.12 4634.88 4093.52 4509.57 4165.69
26071-550-M6-084-00248 0.059421107172966 3056.88 3009.87 3144.03 3001.87 3155.87 3130.82 3068.72 3138.82
26071-203-M6-332-00008 0.11834285408258438 3151.14 2561.16 3199.00 2555.86 3208.97 2645.78 3161.11 2651.09
26071-203-M6-332-00008 0.05148720741271973 1462.53 3637.20 1525.21 3615.08 1563.19 3722.71 1500.52 3744.83
26071-200-M6-052-00080 0.12226203829050064 6421.76 2839.31 6499.77 2820.86 6528.53 2942.51 6450.53 2960.95
26071-200-M6-052-00080 0.09216628968715668 6735.44 2053.47 6823.76 2056.74 6820.81 2136.46 6732.49 2133.19
26071-200-M6-052-00080 0.07933764904737473 3097.17 2790.04 3229.44 2787.36 3232.49 2937.36 3100.21 2940.05
26071-200-M6-052-00080 0.07368714362382889 3103.53 5205.97 3271.98 5211.20 3268.72 5316.05 3100.27 5310.81
26071-200-M6-052-00080 0.06684248149394989 3748.05 3706.35 3822.76 3712.57 3812.11 3840.52 3737.39 3834.30
26071-200-M6-052-00080 0.06359809637069702 2766.21 3767.15 2873.74 3734.48 2917.55 3878.70 2810.02 3911.36
26071-200-M6-052-00080 0.06220158189535141 3005.67 2813.42 3096.05 2813.41 3096.06 2948.05 3005.68 2948.06
26071-200-M6-052-00080 0.053857870399951935 2140.65 6392.56 2438.71 6391.65 2438.89 6450.17 2140.82 6451.08
26071-200-M6-052-00080 0.0501997210085392 2448.09 5051.57 2625.28 5054.80 2623.23 5166.71 2446.05 5163.47
26071-203-M6-321-00604 0.05134021118283272 3874.30 5412.61 3940.84 5407.67 3979.21 5924.58 3912.67 5929.52
26071-203-M6-321-00604 0.05081022158265114 6941.74 880.07 7126.52 871.46 7132.03 989.53 6947.24 998.15
26071-300-M6-053-00309 0.10795509070158005 2446.00 1972.55 2525.56 1960.27 2545.30 2088.11 2465.74 2100.40
26071-300-M6-053-00309 0.083945132791996 2271.10 3968.12 2352.10 3959.96 2366.18 4099.62 2285.17 4107.78
26071-300-M6-053-00309 0.07253663241863251 5536.27 3967.03 5621.01 3977.69 5603.23 4118.96 5518.50 4108.30
26071-300-M6-053-00309 0.07047152519226074 4286.78 1915.42 4428.29 1903.88 4439.80 2044.85 4298.29 2056.40
26071-300-M6-053-00309 0.06731174141168594 5500.90 5324.97 5619.22 5330.79 5615.30 5410.51 5496.98 5404.69
26071-300-M6-053-00309 0.06694424897432327 5976.63 2040.82 6059.38 2043.92 6053.86 2191.14 5971.11 2188.04
26071-300-M6-053-00309 0.06405401229858398 5751.33 1467.58 5909.17 1479.57 5897.42 1634.27 5739.59 1622.29
26071-300-M6-053-00309 0.06042884290218353 3348.35 3067.57 4017.93 3068.43 4017.64 3292.32 3348.06 3291.47
26071-300-M6-053-00309 0.05967625603079796 5492.94 4882.14 5625.29 4883.17 5623.59 5102.56 5491.23 5101.53
26071-300-M6-053-00309 0.05445161089301109 3404.00 5167.83 4041.40 5182.35 4036.37 5403.14 3398.97 5388.62
26071-300-M6-053-00309 0.05424453318119049 1958.58 5691.01 2053.36 5694.61 2051.64 5739.89 1956.86 5736.29
26071-300-M6-053-00309 0.05124863609671593 2674.59 3567.60 2768.78 3566.91 2769.11 3611.88 2674.92 3612.58
26071-450-M6-082-00009 0.4151735305786133 4931.35 6165.59 5005.93 6164.80 5007.51 6314.08 4932.93 6314.87
26071-450-M6-082-00009 0.13315518200397491 3400.85 1192.26 3478.52 1187.26 3487.96 1333.95 3410.29 1338.94
26071-450-M6-082-00009 0.09044189006090164 3405.24 3616.54 3488.82 3620.62 3482.12 3757.87 3398.54 3753.79
26071-450-M6-082-00009 0.07639449089765549 3980.54 1684.00 4063.31 1672.52 4079.33 1788.09 3996.57 1799.57
26071-450-M6-082-00009 0.05551186203956604 7084.21 5400.89 7439.46 5382.79 7444.04 5472.55 7088.79 5490.66
26071-450-M6-082-00009 0.051462214440107346 6620.42 2461.88 6885.13 2442.31 6892.50 2542.01 6627.79 2561.58
26071-200-M6-052-00552 0.12305255979299545 5248.90 4307.02 5310.78 4301.38 5321.82 4422.36 5259.94 4428.01
26071-750-M6-085-00007 0.14314121007919312 6340.10 6192.66 6373.09 6194.15 6367.83 6310.28 6334.83 6308.78
26071-750-M6-085-00007 0.13307374715805054 5790.61 2571.02 5907.06 2569.08 5907.60 2601.53 5791.15 2603.47
26071-750-M6-085-00007 0.10674793273210526 5793.50 2356.69 5906.07 2358.11 5905.66 2390.89 5793.09 2389.47
26071-750-M6-085-00007 0.1044902428984642 6915.83 6189.58 6947.84 6189.78 6947.06 6311.02 6915.05 6310.81
26071-750-M6-085-00007 0.09789739549160004 6693.21 6178.57 6776.43 6171.22 6788.86 6311.96 6705.63 6319.30
26071-750-M6-085-00007 0.08971328288316727 6395.64 2570.84 6473.93 2547.01 6510.10 2665.80 6431.80 2689.64
26071-750-M6-085-00007 0.08263848721981049 5863.40 2098.68 5941.39 2074.38 5978.20 2192.51 5900.20 2216.82
26071-750-M6-085-00007 0.08261144161224365 7117.50 6191.09 7150.76 6191.58 7149.05 6309.07 7115.79 6308.58
26071-750-M6-085-00007 0.07110545784235 6508.06 6588.77 6865.76 6588.17 6865.95 6698.57 6508.24 6699.17
26071-750-M6-085-00007 0.0586809366941452 2938.98 1644.35 2971.59 1646.43 2964.34 1760.45 2931.72 1758.37
26071-750-M6-085-00007 0.057237956672906876 5409.08 5817.92 5592.73 5880.78 5555.83 5988.60 5372.17 5925.75
26071-750-M6-085-00007 0.056461166590452194 2612.86 1804.35 2953.42 1792.24 2959.33 1958.50 2618.78 1970.61
26071-750-M6-085-00007 0.05437201261520386 5379.75 5466.34 5571.14 5468.23 5570.12 5570.91 5378.73 5569.01
26071-750-M6-085-00007 0.05398739501833916 6317.36 3038.56 6438.23 3043.44 6436.90 3076.40 6316.03 3071.52
26071-750-M6-085-00007 0.05292489752173424 6908.14 2604.27 7030.56 2603.93 7030.64 2636.24 6908.23 2636.57
26071-203-M6-064-00271 0.06201397255063057 2478.88 2304.43 2643.11 2308.75 2640.57 2405.31 2476.34 2400.98
26071-203-M6-064-00271 0.05717296525835991 1414.99 4755.47 1527.40 4745.49 1540.50 4893.04 1428.09 4903.01
26071-203-M6-337-00031 0.9917793869972229 3866.57 2484.97 4032.22 2484.42 4032.42 2544.64 3866.77 2545.19
26071-203-M6-337-00031 0.9888061285018921 3327.10 902.25 3495.48 904.45 3494.71 963.54 3326.32 961.34
26071-203-M6-337-00031 0.9873700141906738 3972.92 963.84 4140.03 963.85 4140.02 1022.59 3972.92 1022.58
26071-203-M6-337-00031 0.9863073229789734 4809.19 471.16 4870.45 469.23 4875.61 633.24 4814.35 635.16
26071-203-M6-337-00031 0.9850395917892456 3980.48 2112.25 4039.51 2116.48 4028.01 2276.91 3968.98 2272.68
26071-203-M6-337-00031 0.9840233325958252 4466.89 966.19 4630.64 962.76 4631.87 1021.72 4468.13 1025.15
26071-203-M6-337-00031 0.9830674529075623 2010.57 2460.20 2069.84 2459.24 2072.47 2622.65 2013.20 2623.61
26071-203-M6-337-00031 0.9817097783088684 3161.21 442.31 3220.91 439.11 3229.61 601.36 3169.92 604.56
26071-203-M6-337-00031 0.27661678194999695 3388.97 978.25 3510.37 966.06 3524.60 1107.69 3403.19 1119.89
26071-203-M6-337-00031 0.15370942652225494 4945.03 2213.25 5010.09 2206.93 5022.79 2337.62 4957.73 2343.94
26071-203-M6-337-00031 0.1414327472448349 4944.38 2964.73 5010.98 2959.05 5021.75 3085.41 4955.15 3091.09
26071-203-M6-337-00031 0.138601616024971 4944.41 1464.82 5010.77 1458.79 5022.28 1585.55 4955.92 1591.58
26071-203-M6-337-00031 0.09807156026363373 4939.37 2605.74 5011.18 2602.42 5017.02 2728.86 4945.20 2732.18
26071-203-M6-337-00031 0.08941581100225449 5619.12 1428.55 5830.73 1493.75 5788.84 1629.74 5577.22 1564.54
26071-203-M6-337-00031 0.08405698835849762 1662.44 4718.35 1694.37 4717.52 1696.96 4817.76 1665.03 4818.59
26071-203-M6-337-00031 0.07993893325328827 7179.32 534.19 7268.08 554.20 7257.93 599.21 7169.17 579.20
26071-203-M6-337-00031 0.07527976483106613 4887.32 450.21 5033.51 449.05 5034.72 599.43 4888.52 600.60
26071-203-M6-337-00031 0.0720948800444603 5631.80 1131.88 5828.99 1197.93 5783.39 1334.07 5586.20 1268.02
26071-203-M6-337-00031 0.07012593746185303 4936.47 1107.62 5010.24 1101.70 5020.01 1223.43 4946.24 1229.35
26071-203-M6-337-00031 0.06884866207838058 3959.57 979.85 4156.68 1074.00 4129.28 1131.38 3932.16 1037.22
26071-203-M6-337-00031 0.06792991608381271 3282.67 944.18 3367.53 940.86 3373.27 1087.63 3288.41 1090.95
26071-203-M6-337-00031 0.06779232621192932 1662.84 5616.66 1694.85 5615.49 1698.61 5718.01 1666.60 5719.18
26071-203-M6-337-00031 0.06629293411970139 7182.36 5245.59 7270.32 5267.85 7259.14 5312.04 7171.18 5289.77
26071-203-M6-337-00031 0.06554939597845078 4941.06 1824.83 5014.06 1823.81 5015.77 1945.47 4942.77 1946.49
26071-203-M6-337-00031 0.06531470268964767 1663.46 3821.84 1695.74 3821.00 1698.39 3922.60 1666.11 3923.44
26071-203-M6-337-00031 0.06208052858710289 1662.84 4267.97 1694.81 4266.72 1698.78 4368.87 1666.82 4370.11
26071-203-M6-337-00031 0.05856248363852501 1638.97 5202.47 1727.59 5189.05 1747.39 5319.76 1658.78 5333.19
26071-203-M6-337-00031 0.05842963606119156 5596.53 2509.85 5799.62 2497.17 5807.82 2628.55 5604.73 2641.23
26071-203-M6-337-00031 0.05743052065372467 5391.15 1311.66 5870.18 1717.74 5703.84 1913.97 5224.80 1507.89
26071-203-M6-337-00031 0.05271773412823677 3918.72 2589.60 4053.61 2562.23 4083.88 2711.41 3948.99 2738.78
26071-203-M6-337-00031 0.05247294530272484 1665.80 2880.49 1696.88 2880.59 1696.53 2990.05 1665.45 2989.95
26071-203-M6-337-00031 0.05158348008990288 2713.54 4474.02 3407.49 4464.95 3410.13 4667.13 2716.18 4676.20
26071-203-M6-337-00031 0.05089074745774269 6948.03 484.37 6980.68 483.46 6983.52 585.36 6950.88 586.27
26071-203-M6-332-00001 0.11384480446577072 4265.91 1313.53 4313.76 1313.97 4312.96 1402.73 4265.10 1402.29
26071-203-M6-332-00001 0.10921072959899902 3844.98 1314.87 3892.99 1314.58 3893.52 1403.07 3845.51 1403.36
26071-203-M6-332-00001 0.10015794634819031 5102.22 1315.88 5150.39 1311.78 5157.81 1399.18 5109.65 1403.27
26071-203-M6-332-00001 0.09793125838041306 3002.71 1314.96 3050.48 1311.94 3056.08 1400.65 3008.31 1403.67
26071-203-M6-332-00001 0.08998063206672668 3422.68 1316.21 3469.17 1310.57 3479.81 1398.27 3433.33 1403.92
26071-203-M6-332-00001 0.08869880437850952 5522.54 1315.98 5569.36 1310.91 5578.91 1399.02 5532.09 1404.09
26071-203-M6-332-00001 0.08830411732196808 4684.21 1314.98 4730.70 1313.45 4733.63 1402.42 4687.14 1403.95
26071-203-M6-332-00001 0.08332380652427673 5947.88 1312.22 5996.10 1313.72 5993.35 1402.33 5945.13 1400.83
26071-203-M6-332-00001 0.06363989412784576 2708.96 1357.89 2850.84 1390.77 2817.81 1533.29 2675.94 1500.41
26071-203-M6-332-00001 0.05753980204463005 5525.94 2517.64 5634.79 2570.20 5604.58 2632.78 5495.73 2580.22
26071-203-M6-332-00001 0.05441373214125633 3423.01 2520.86 3535.13 2568.32 3508.79 2630.54 3396.67 2583.08
26071-203-M6-332-00001 0.0543193593621254 5255.16 3132.45 6078.71 3343.30 6017.22 3583.46 5193.67 3372.61
26071-203-M6-332-00001 0.05402282625436783 3150.27 3148.19 3972.48 3329.63 3919.01 3571.94 3096.80 3390.50
26071-203-M6-332-00001 0.05388631671667099 2782.49 2534.58 3079.74 2412.41 3401.28 3194.74 3104.02 3316.91
26071-203-M6-332-00001 0.053572289645671844 5714.32 3056.76 6057.17 2854.16 6348.05 3346.42 6005.19 3549.01
26071-203-M6-332-00001 0.05335152521729469 4319.33 3129.01 5179.32 3312.14 5122.21 3580.35 4262.21 3397.22
26071-203-M6-332-00001 0.053102534264326096 4544.81 2560.01 4893.35 2538.82 4941.73 3334.79 4593.19 3355.97
26071-203-M6-332-00001 0.05072242021560669 3617.27 3062.29 3962.36 2854.80 4254.90 3341.34 3909.81 3548.83
26071-200-M6-052-00150 0.9729567170143127 2826.93 1180.02 2884.28 1178.79 2887.83 1343.49 2830.48 1344.73
26071-200-M6-052-00150 0.07497364282608032 2160.15 1473.11 2309.92 1467.97 2315.15 1620.12 2165.38 1625.26
26071-200-M6-052-00003 0.9814622402191162 1622.36 2361.27 1682.02 2360.36 1684.50 2522.48 1624.83 2523.39
26071-200-M6-052-00003 0.9800715446472168 5164.83 5786.02 5224.29 5784.68 5228.04 5949.91 5168.58 5951.26
26071-200-M6-052-00003 0.1300220489501953 6106.57 1207.99 6181.54 1210.01 6177.80 1348.84 6102.83 1346.82
26071-200-M6-052-00003 0.1264158934354782 6099.36 1990.64 6176.96 1986.84 6183.88 2128.42 6106.28 2132.21
26071-200-M6-052-00003 0.12185146659612656 4528.50 4657.86 4628.42 4656.72 4628.80 4689.94 4528.88 4691.09
26071-200-M6-052-00003 0.08721534162759781 5848.68 2828.75 5922.53 2815.00 5944.34 2932.08 5870.49 2945.83
26071-200-M6-052-00003 0.058135490864515305 5669.00 2793.77 5803.67 2779.33 5819.83 2930.11 5685.17 2944.54
26071-700-M6-054-00013 0.07927855849266052 3611.14 1457.05 3692.01 1449.12 3705.23 1583.89 3624.36 1591.82
26071-700-M6-054-00036 0.13774210214614868 4127.89 2196.49 4209.96 2198.84 4206.04 2335.39 4123.97 2333.04
26071-700-M6-054-00036 0.11920392513275146 4363.76 1603.90 4446.30 1608.55 4438.76 1742.51 4356.21 1737.86
26071-700-M6-054-00036 0.08412531018257141 4319.71 4901.08 4462.92 4939.56 4422.02 5091.76 4278.82 5053.28
26071-700-M6-054-00036 0.0672067329287529 6101.72 5419.86 6178.03 5416.35 6184.29 5552.16 6107.97 5555.67
26071-700-M6-054-00036 0.0639532133936882 3209.96 4562.67 3571.73 4584.28 3567.16 4660.78 3205.39 4639.17
26071-700-M6-054-00036 0.054189711809158325 3953.71 2354.86 4125.99 2353.30 4126.97 2461.99 3954.69 2463.55
26071-700-M6-054-00036 0.0534040741622448 4571.87 4730.84 4723.44 4717.53 4740.84 4915.72 4589.26 4929.02
26071-700-M6-054-00036 0.051051463931798935 3201.99 4099.55 3567.22 4103.68 3566.46 4170.35 3201.23 4166.21
26071-203-M6-320-00044 0.06627272069454193 1595.34 4021.96 1693.37 4024.07 1690.55 4154.88 1592.52 4152.77
26071-203-M6-320-00044 0.06165274232625961 2796.27 4022.51 2893.71 4024.57 2890.96 4154.68 2793.52 4152.62
26071-203-M6-320-00044 0.05683845654129982 3996.81 4022.83 4094.10 4025.40 4090.72 4153.36 3993.43 4150.79
26071-203-M6-320-00044 0.05647878721356392 1360.82 4028.77 1453.71 4023.66 1460.90 4154.32 1368.01 4159.43
26071-203-M6-320-00044 0.053280483931303024 2561.41 4027.29 2652.46 4022.85 2658.91 4155.19 2567.86 4159.63
26071-203-M6-320-00044 0.05126316100358963 3762.79 4028.72 3854.19 4025.86 3858.30 4156.88 3766.89 4159.74
26071-600-M6-065-00231 0.09763865917921066 3412.17 3468.57 3515.57 3469.03 3515.43 3502.08 3412.02 3501.63
26071-600-M6-065-00231 0.08583315461874008 4362.57 1543.56 4445.29 1546.63 4440.15 1684.76 4357.43 1681.68
26071-600-M6-065-00231 0.06099613383412361 6001.27 3337.39 6247.58 3347.87 6242.11 3476.39 5995.80 3465.91
26071-500-M6-059-00071 0.9813918471336365 1491.08 5232.94 1657.14 5239.86 1654.67 5299.06 1488.62 5292.15
26071-500-M6-059-00071 0.9774833917617798 1486.77 4562.76 1654.61 4565.53 1653.63 4625.13 1485.79 4622.36
26071-500-M6-059-00071 0.11562499403953552 1601.96 5401.53 1675.95 5387.15 1702.18 5522.15 1628.19 5536.53
26071-500-M6-059-00071 0.10911545902490616 5520.36 3856.54 5589.61 3852.76 5597.50 3997.45 5528.26 4001.23
26071-500-M6-059-00071 0.10338220000267029 6101.49 2637.35 6177.74 2633.69 6184.19 2768.15 6107.94 2771.81
26071-500-M6-059-00071 0.08449111133813858 6571.75 3455.80 6646.29 3451.32 6654.17 3582.31 6579.63 3586.79
26071-500-M6-059-00071 0.08309528976678848 3462.32 3264.82 3544.87 3266.68 3541.89 3399.14 3459.34 3397.29
26071-203-M6-320-00008 0.06441355496644974 5877.26 5043.84 5911.68 5046.59 5901.23 5177.54 5866.80 5174.80
26071-500-M6-059-00116 0.07073165476322174 3285.47 4603.93 3329.80 4603.89 3329.89 4697.05 3285.56 4697.09
26071-500-M6-059-00116 0.05048856511712074 3853.36 4097.74 4467.91 4121.72 4461.93 4274.95 3847.38 4250.97
26071-500-M6-059-00116 0.05044497549533844 3945.96 5662.00 4136.15 5657.03 4138.97 5765.15 3948.78 5770.12
26071-550-M6-084-00026 0.0756366178393364 2764.84 2558.60 2850.87 2553.05 2859.65 2689.15 2773.61 2694.70
26071-550-M6-084-00026 0.062496185302734375 5136.51 2553.25 5216.84 2556.07 5212.06 2692.08 5131.73 2689.26
26071-550-M6-084-00026 0.05553514137864113 6375.66 2852.98 6444.28 2851.69 6446.64 2976.67 6378.01 2977.97
26071-550-M6-084-00026 0.052964068949222565 2882.08 2472.35 3030.53 2475.01 3027.57 2640.20 2879.12 2637.54
26071-203-M6-337-00007 0.15237122774124146 5225.87 5666.82 5298.19 5662.27 5308.74 5830.14 5236.42 5834.69
26071-203-M6-337-00007 0.14630839228630066 5232.09 2967.23 5303.46 2963.80 5311.45 3129.71 5240.08 3133.15
26071-203-M6-337-00007 0.06022830680012703 5050.02 5635.47 5186.35 5620.80 5217.74 5912.66 5081.41 5927.32
26071-200-M6-052-00090 0.12995368242263794 3317.04 1191.71 3420.39 1184.90 3422.46 1216.31 3319.11 1223.12
26071-200-M6-052-00090 0.1256559193134308 6444.51 2839.65 6558.69 2843.20 6557.62 2877.58 6443.44 2874.03
26071-200-M6-052-00090 0.11520678550004959 2661.66 2372.47 2749.47 2379.58 2736.76 2536.47 2648.95 2529.35
26071-200-M6-052-00090 0.11242663115262985 6151.77 5688.67 6261.53 5687.77 6261.80 5720.66 6152.04 5721.56
26071-200-M6-052-00090 0.09759262204170227 5468.86 3486.59 5526.11 3498.44 5496.95 3639.39 5439.70 3627.54
26071-200-M6-052-00090 0.09141029417514801 5749.64 2372.62 5898.78 2360.94 5910.64 2512.45 5761.50 2524.12
26071-200-M6-052-00090 0.08898212015628815 5236.32 4156.42 5394.87 4170.93 5380.91 4323.43 5222.36 4308.92
26071-200-M6-052-00090 0.08790896832942963 2742.22 2366.80 2882.79 2355.91 2895.64 2521.81 2755.07 2532.70
26071-200-M6-052-00090 0.08755774050951004 6410.67 3286.23 6474.99 3295.49 6456.05 3427.01 6391.73 3417.75
26071-200-M6-052-00090 0.08532349765300751 5932.98 5191.81 5966.45 5191.53 5967.47 5312.10 5933.99 5312.39
26071-200-M6-052-00090 0.08140584826469421 7258.02 4002.89 7289.93 4002.23 7292.49 4124.97 7260.58 4125.63
26071-200-M6-052-00090 0.07918897271156311 6403.36 3693.15 6475.47 3694.82 6472.67 3815.52 6400.56 3813.85
26071-200-M6-052-00090 0.07917086035013199 2561.73 6499.45 2604.17 6494.65 2617.07 6608.60 2574.62 6613.41
26071-200-M6-052-00090 0.0775376409292221 2227.90 4154.20 2381.88 4170.92 2365.50 4321.67 2211.52 4304.94
26071-200-M6-052-00090 0.07720881700515747 6353.00 2994.03 6458.61 2989.60 6459.92 3020.74 6354.30 3025.17
26071-200-M6-052-00090 0.07271064817905426 6070.23 5228.64 6161.54 5203.26 6194.87 5323.16 6103.56 5348.54
26071-200-M6-052-00090 0.07219141721725464 8028.40 3750.24 8148.24 3750.77 8148.10 3782.96 8028.26 3782.43
26071-200-M6-052-00090 0.07100518047809601 6259.04 4166.31 6430.04 4219.76 6393.89 4335.43 6222.89 4281.97
26071-200-M6-052-00090 0.0668492317199707 5876.53 4133.64 5954.76 4136.12 5944.79 4450.02 5866.56 4447.53
26071-200-M6-052-00090 0.06459269672632217 3229.20 4178.52 3404.36 4195.08 3393.82 4306.59 3218.66 4290.03
26071-200-M6-052-00090 0.06418959051370621 5675.61 2414.84 5754.85 2415.03 5754.55 2537.02 5675.31 2536.82
26071-200-M6-052-00090 0.06197331100702286 2861.17 4135.87 2942.11 4137.97 2934.07 4447.41 2853.12 4445.31
26071-200-M6-052-00090 0.06003142520785332 5833.91 3984.88 5902.85 3978.43 5917.13 4131.27 5848.19 4137.71
26071-200-M6-052-00090 0.05984821170568466 232.72 1191.68 767.21 1200.23 766.15 1266.00 231.66 1257.45
26071-200-M6-052-00090 0.0572366826236248 3010.61 1571.99 3168.49 1580.78 3160.11 1731.29 3002.23 1722.50
26071-200-M6-052-00090 0.057006947696208954 2443.23 3483.32 2497.63 3495.49 2460.33 3662.23 2405.93 3650.06
26071-200-M6-052-00090 0.05400736629962921 3215.98 1026.07 3388.50 1015.41 3394.51 1112.66 3221.98 1123.31
26071-200-M6-052-00090 0.053889043629169464 7314.81 2168.84 7431.93 2177.46 7423.28 2294.98 7306.17 2286.36
26071-200-M6-052-00090 0.052749548107385635 4004.84 4784.63 4100.85 4788.03 4097.49 4882.85 4001.48 4879.45
26071-200-M6-052-00090 0.052191346883773804 5339.53 4180.08 5416.69 4134.82 5503.34 4282.53 5426.17 4327.79
26071-200-M6-052-00090 0.05099618807435036 3671.67 5787.41 3791.43 5809.15 3769.67 5929.01 3649.91 5907.27
26071-200-M6-052-00090 0.05087095871567726 3440.00 5935.33 3504.37 5923.32 3530.04 6060.94 3465.68 6072.95
26071-200-M6-052-00090 0.05051049217581749 7089.17 4548.62 7208.09 4561.95 7204.38 4595.00 7085.46 4581.68
26071-203-M6-320-00061 0.13997425138950348 959.15 3630.19 1151.37 3707.87 1094.09 3849.61 901.88 3771.93
26071-203-M6-320-00061 0.1308280974626541 929.17 3977.29 1121.07 3994.25 1107.50 4147.84 915.60 4130.88
26071-600-M6-065-00037 0.9857726693153381 4134.19 6157.44 4305.78 6155.02 4306.62 6214.98 4135.03 6217.40
26071-600-M6-065-00037 0.9837549328804016 7451.34 4976.11 7609.02 4980.13 7607.53 5038.29 7449.85 5034.27
26071-600-M6-065-00037 0.9819361567497253 3235.83 5610.81 3295.08 5612.08 3291.54 5777.34 3232.29 5776.08
26071-600-M6-065-00037 0.0915251076221466 2595.32 2075.30 2722.78 2099.39 2711.23 2160.49 2583.77 2136.40
26071-600-M6-065-00037 0.07017077505588531 5244.89 4600.18 5308.45 4592.95 5320.50 4698.86 5256.94 4706.09
26071-600-M6-065-00037 0.05561836436390877 3192.41 5995.26 3508.94 5981.76 3511.86 6050.15 3195.33 6063.65
26071-300-M6-053-00010 0.9856395721435547 4935.15 2481.78 4994.61 2483.27 4990.50 2646.94 4931.04 2645.45
26071-300-M6-053-00010 0.9809668064117432 5228.84 2480.50 5287.72 2481.26 5285.63 2644.38 5226.75 2643.62
26071-300-M6-053-00010 0.12493417412042618 6926.90 1452.61 7003.50 1449.29 7009.41 1585.80 6932.81 1589.12
26071-300-M6-053-00010 0.0966557115316391 4064.33 3099.67 4136.70 3106.86 4124.04 3234.36 4051.67 3227.17
26071-300-M6-053-00010 0.08049863576889038 6088.04 2590.18 6248.89 2577.80 6257.34 2687.57 6096.49 2699.95
26071-300-M6-053-00010 0.057152822613716125 7040.51 3120.88 7136.68 3125.52 7131.50 3232.86 7035.33 3228.22
26071-300-M6-053-00010 0.05396458879113197 1930.71 4265.08 2023.33 4257.01 2026.23 4290.26 1933.61 4298.33
26071-300-M6-053-00010 0.05262373760342598 4768.23 5959.29 4847.89 5935.31 4888.48 6070.12 4808.82 6094.10
26071-203-M6-320-00042 0.06070159003138542 2212.69 3531.98 2313.19 3529.68 2321.32 3885.94 2220.82 3888.23
26071-203-M6-320-00042 0.05146056413650513 5535.43 3290.58 5594.91 3298.95 5577.81 3420.55 5518.32 3412.18
26071-200-M6-052-00540 0.27316391468048096 7816.43 733.80 7872.87 738.74 7837.39 1144.53 7780.95 1139.60
26071-200-M6-052-00540 0.2341202199459076 7030.65 5297.99 7093.84 5300.46 7077.56 5717.02 7014.37 5714.55
26071-200-M6-052-00540 0.22934645414352417 895.41 1245.11 967.05 1251.40 930.35 1669.14 858.71 1662.85
26071-200-M6-052-00540 0.22747720777988434 7519.52 1201.79 7580.88 1207.59 7542.48 1614.02 7481.12 1608.22
26071-200-M6-052-00540 0.2267789989709854 5832.50 4838.59 5895.72 4848.62 5832.42 5247.90 5769.19 5237.87
26071-200-M6-052-00540 0.22583450376987457 5240.92 5308.95 5305.01 5313.40 5276.58 5722.88 5212.49 5718.44
26071-200-M6-052-00540 0.22521798312664032 3112.61 4856.51 3178.65 4852.13 3203.30 5223.69 3137.25 5228.07
26071-200-M6-052-00540 0.21273872256278992 3302.05 4858.88 3367.29 4854.48 3391.01 5206.12 3325.77 5210.52
26071-200-M6-052-00540 0.2088554948568344 6172.20 4857.83 6237.48 4853.33 6262.39 5215.09 6197.11 5219.59
26071-200-M6-052-00540 0.20472413301467896 6426.93 736.95 6487.82 742.93 6450.55 1122.60 6389.66 1116.62
26071-200-M6-052-00540 0.20329397916793823 1240.46 4858.85 1306.93 4851.54 1345.73 5204.29 1279.25 5211.60
26071-200-M6-052-00540 0.19940248131752014 2418.07 719.64 2478.70 724.75 2443.38 1143.58 2382.75 1138.46
26071-200-M6-052-00540 0.19674725830554962 4630.07 741.06 4689.43 746.30 4654.18 1145.86 4594.81 1140.62
26071-200-M6-052-00540 0.196375772356987 1438.48 4857.81 1504.30 4853.45 1527.86 5208.73 1462.04 5213.10
26071-200-M6-052-00540 0.19499211013317108 697.70 1216.75 759.42 1215.95 764.63 1617.41 702.90 1618.21
26071-200-M6-052-00540 0.19156084954738617 672.85 4857.44 744.33 4850.40 779.43 5206.88 707.95 5213.92
26071-200-M6-052-00540 0.19140782952308655 2688.41 746.50 2750.78 748.63 2737.08 1150.13 2674.72 1148.00
26071-200-M6-052-00540 0.1889612227678299 6744.30 4855.13 6807.67 4851.73 6827.29 5217.42 6763.92 5220.82
26071-200-M6-052-00540 0.18369604647159576 869.52 4858.77 936.20 4854.04 961.68 5213.42 895.00 5218.14
26071-200-M6-052-00540 0.18344047665596008 7235.83 5293.75 7293.36 5304.54 7217.81 5707.12 7160.28 5696.33
26071-200-M6-052-00540 0.1824028491973877 4533.09 1236.18 4600.00 1238.67 4585.76 1620.58 4518.85 1618.08
26071-200-M6-052-00540 0.18125763535499573 494.12 4858.63 559.11 4854.60 581.50 5214.95 516.50 5218.99
26071-200-M6-052-00540 0.1809401512145996 1612.42 4854.80 1692.08 4842.54 1718.28 5012.71 1638.61 5024.97
26071-200-M6-052-00540 0.1796589195728302 2213.00 732.16 2272.28 733.14 2265.57 1140.76 2206.29 1139.78
26071-200-M6-052-00540 0.17696984112262726 7315.46 4853.70 7375.56 4851.85 7387.03 5225.22 7326.94 5227.07
26071-200-M6-052-00540 0.17553581297397614 6924.58 4859.34 6990.97 4853.80 7021.05 5214.55 6954.65 5220.09
26071-200-M6-052-00540 0.17492727935314178 7492.12 4859.80 7557.52 4854.49 7587.31 5220.93 7521.91 5226.25
26071-200-M6-052-00540 0.1747719794511795 3070.63 765.05 3132.22 767.85 3114.09 1167.00 3052.51 1164.20
26071-200-M6-052-00540 0.1739427149295807 1820.33 4868.47 1892.49 4866.10 1904.01 5216.33 1831.85 5218.70
26071-200-M6-052-00540 0.17381888628005981 603.08 762.59 662.09 764.65 648.46 1154.37 589.45 1152.30
26071-200-M6-052-00540 0.17337077856063843 6694.83 1220.94 6754.62 1219.50 6764.22 1618.00 6704.42 1619.44
26071-200-M6-052-00540 0.17274875938892365 7725.03 4856.97 7790.79 4851.42 7823.25 5236.13 7757.49 5241.67
26071-200-M6-052-00540 0.17209766805171967 2749.16 5286.61 2807.94 5297.52 2731.08 5711.42 2672.30 5700.51
26071-200-M6-052-00540 0.17141836881637573 3768.84 4856.41 3833.25 4850.33 3867.68 5215.37 3803.26 5221.45
26071-200-M6-052-00540 0.17075178027153015 1061.92 4856.48 1125.62 4852.54 1148.03 5214.35 1084.33 5218.30
26071-200-M6-052-00540 0.16994264721870422 7962.34 4862.46 8028.35 4857.11 8058.24 5225.84 7992.24 5231.19
26071-200-M6-052-00540 0.1693243831396103 6892.80 1272.28 6963.90 1277.87 6932.74 1674.80 6861.64 1669.22
26071-200-M6-052-00540 0.16909633576869965 2534.79 5332.20 2595.72 5328.10 2621.76 5715.22 2560.83 5719.32
26071-200-M6-052-00540 0.16811834275722504 6138.25 1202.88 6199.05 1207.07 6172.50 1592.28 6111.70 1588.09
26071-200-M6-052-00540 0.1676701307296753 3681.98 1195.96 3750.88 1199.49 3728.87 1629.45 3659.97 1625.93
26071-200-M6-052-00540 0.16739100217819214 4235.23 733.20 4291.36 733.62 4288.27 1150.52 4232.14 1150.10
26071-200-M6-052-00540 0.16615256667137146 4541.63 4853.59 4603.57 4848.21 4635.56 5216.89 4573.62 5222.26
26071-200-M6-052-00540 0.16559256613254547 1896.63 5305.27 1955.13 5301.31 1982.09 5699.65 1923.58 5703.61
26071-200-M6-052-00540 0.16492359340190887 3971.36 4857.72 4035.76 4851.53 4070.94 5217.51 4006.54 5223.70
26071-200-M6-052-00540 0.16420984268188477 6019.29 719.33 6076.02 721.28 6061.75 1137.50 6005.02 1135.56
26071-200-M6-052-00540 0.16278895735740662 4659.26 5310.51 4719.91 5317.46 4675.22 5707.59 4614.57 5700.64
26071-200-M6-052-00540 0.16240453720092773 5488.19 716.36 5549.20 726.91 5478.53 1135.73 5417.51 1125.18
26071-200-M6-052-00540 0.16115495562553406 4793.28 1261.00 4862.05 1266.74 4827.97 1674.74 4759.20 1669.00
26071-200-M6-052-00540 0.1589728742837906 1355.30 769.01 1417.03 771.47 1401.82 1152.86 1340.09 1150.40
26071-200-M6-052-00540 0.15770725905895233 1349.45 5326.15 1406.35 5329.36 1386.19 5686.62 1329.29 5683.41
26071-200-M6-052-00540 0.15739251673221588 6365.26 4850.42 6425.92 4847.17 6446.31 5227.44 6385.65 5230.69
26071-200-M6-052-00540 0.15625162422657013 5841.45 720.04 5902.96 724.29 5874.32 1138.94 5812.82 1134.69
26071-200-M6-052-00540 0.15598753094673157 4157.43 4864.68 4223.74 4857.62 4262.25 5219.54 4195.94 5226.60
26071-200-M6-052-00540 0.15596365928649902 4851.55 5294.66 4909.22 5305.62 4833.76 5702.80 4776.08 5691.84
26071-200-M6-052-00540 0.15415143966674805 2001.36 4856.68 2067.37 4852.43 2091.58 5228.70 2025.58 5232.95
26071-200-M6-052-00540 0.1538759022951126 5427.79 5289.60 5487.05 5301.68 5402.80 5714.80 5343.54 5702.72
26071-200-M6-052-00540 0.1520410031080246 1837.20 739.76 1894.41 739.74 1894.61 1149.64 1837.41 1149.67
26071-200-M6-052-00540 0.15169836580753326 1550.31 743.93 1611.36 746.81 1592.17 1153.90 1531.12 1151.02
26071-200-M6-052-00540 0.15147528052330017 5987.69 4852.79 6050.94 4849.50 6070.53 5226.70 6007.28 5229.99
26071-200-M6-052-00540 0.15144754946231842 4730.70 4862.66 4796.05 4858.08 4822.10 5229.52 4756.75 5234.10
26071-200-M6-052-00540 0.15117599070072174 6558.49 4852.64 6620.37 4850.03 6636.13 5224.38 6574.25 5226.99
26071-200-M6-052-00540 0.1508612334728241 6337.58 1200.50 6394.73 1206.40 6353.21 1608.84 6296.06 1602.95
26071-200-M6-052-00540 0.1506788283586502 988.03 746.59 1048.77 752.60 1008.52 1159.46 947.78 1153.45
26071-200-M6-052-00540 0.15060356259346008 5545.07 1231.92 5615.18 1229.09 5631.14 1625.23 5561.02 1628.06
26071-200-M6-052-00540 0.14828774333000183 7125.89 4854.46 7189.40 4852.54 7200.49 5219.30 7136.98 5221.22
26071-200-M6-052-00540 0.14824533462524414 6092.68 5280.44 6149.96 5283.25 6130.51 5680.32 6073.23 5677.52
26071-200-M6-052-00540 0.14792342483997345 3411.69 5284.21 3468.38 5287.68 3443.63 5692.14 3386.94 5688.67
26071-200-M6-052-00540 0.14673329889774323 4912.25 4852.58 4986.57 4841.95 5013.22 5028.21 4938.90 5038.85
26071-200-M6-052-00540 0.1465647965669632 3569.97 725.34 3631.11 725.21 3632.00 1136.94 3570.86 1137.07
26071-200-M6-052-00540 0.14511461555957794 1556.09 5293.06 1617.13 5304.07 1543.59 5711.90 1482.55 5700.90
26071-200-M6-052-00540 0.1446247398853302 787.89 5291.99 846.58 5296.06 818.94 5694.95 760.25 5690.88
26071-200-M6-052-00540 0.14375969767570496 2131.33 1238.13 2199.78 1239.59 2191.57 1624.90 2123.11 1623.44
26071-200-M6-052-00540 0.14365552365779877 6277.09 5287.45 6333.94 5289.66 6318.53 5687.27 6261.68 5685.07
26071-200-M6-052-00540 0.1435568481683731 4042.34 741.51 4103.84 741.17 4106.12 1148.24 4044.63 1148.59
26071-200-M6-052-00540 0.14352118968963623 4964.55 1234.90 5036.03 1231.53 5054.53 1624.06 4983.05 1627.43
26071-200-M6-052-00540 0.14313451945781708 1732.70 5294.71 1791.50 5298.87 1763.09 5699.90 1704.29 5695.74
26071-200-M6-052-00540 0.1420062929391861 977.25 5287.43 1035.56 5290.22 1016.34 5692.77 958.03 5689.99
26071-200-M6-052-00540 0.1415429562330246 5185.45 1222.99 5244.37 1228.02 5210.02 1630.45 5151.10 1625.42
26071-200-M6-052-00540 0.13984264433383942 4327.35 1490.64 4418.47 1495.52 4411.49 1625.81 4320.37 1620.93
26071-200-M6-052-00540 0.13870938122272491 4350.58 4861.82 4410.72 4857.31 4439.16 5237.14 4379.02 5241.64
26071-200-M6-052-00540 0.13718768954277039 7609.91 739.05 7671.01 742.28 7649.69 1145.46 7588.59 1142.23
26071-200-M6-052-00540 0.13708575069904327 2315.53 1214.74 2380.79 1213.37 2389.42 1623.07 2324.17 1624.45
26071-200-M6-052-00540 0.13700060546398163 3495.44 4859.04 3556.95 4855.47 3577.97 5217.77 3516.46 5221.34
26071-200-M6-052-00540 0.13664144277572632 8092.47 5290.81 8149.90 5292.22 8140.40 5677.20 8082.97 5675.78
26071-200-M6-052-00540 0.1364176869392395 3597.37 5292.97 3656.44 5295.39 3640.84 5677.13 3581.76 5674.72
26071-200-M6-052-00540 0.13628321886062622 2908.84 5276.74 2966.06 5278.43 2954.01 5687.25 2896.78 5685.57
26071-200-M6-052-00540 0.1360543817281723 7852.66 5286.88 7910.63 5287.61 7905.58 5685.81 7847.61 5685.07
26071-200-M6-052-00540 0.1351785957813263 592.72 5286.24 650.99 5288.17 637.71 5687.25 579.44 5685.32
26071-200-M6-052-00540 0.1351231038570404 2787.29 1209.48 2847.67 1208.52 2854.22 1621.53 2793.84 1622.49
26071-200-M6-052-00540 0.13468074798583984 5902.66 5283.20 5958.40 5287.14 5929.31 5698.63 5873.57 5694.69
26071-200-M6-052-00540 0.13433778285980225 1163.92 5280.46 1220.61 5283.98 1195.14 5695.08 1138.45 5691.57
26071-200-M6-052-00540 0.13122639060020447 4082.30 5282.87 4139.82 5285.68 4120.08 5690.16 4062.56 5687.35
26071-200-M6-052-00540 0.12904302775859833 6660.59 5277.07 6716.38 5281.53 6683.14 5697.54 6627.35 5693.09
26071-200-M6-052-00540 0.12818768620491028 3895.31 5276.74 3951.17 5280.37 3923.66 5703.50 3867.80 5699.87
26071-200-M6-052-00540 0.12676621973514557 1259.27 1219.76 1325.34 1216.89 1342.99 1623.78 1276.92 1626.65
26071-200-M6-052-00540 0.1227460727095604 6844.27 5288.93 6901.99 5290.82 6889.22 5680.77 6831.50 5678.88
26071-200-M6-052-00540 0.1223689392209053 4887.43 719.91 4946.40 724.31 4915.46 1138.93 4856.49 1134.53
26071-200-M6-052-00540 0.12204340100288391 7069.84 1236.85 7137.34 1233.75 7155.18 1622.15 7087.68 1625.25
26071-200-M6-052-00540 0.12177536636590958 5925.92 1223.54 5992.71 1221.86 6002.71 1621.23 5935.92 1622.90
26071-200-M6-052-00540 0.12089795619249344 5594.87 5280.57 5652.98 5284.79 5623.03 5697.03 5564.93 5692.81
26071-200-M6-052-00540 0.12081610411405563 4463.57 5284.60 4518.63 5288.77 4487.45 5700.95 4432.38 5696.79
26071-200-M6-052-00540 0.12044963985681534 7413.76 735.05 7475.39 736.12 7468.41 1136.58 7406.78 1135.51
26071-200-M6-052-00540 0.12043574452400208 3210.01 5274.81 3274.93 5277.41 3258.00 5699.82 3193.09 5697.22
26071-200-M6-052-00540 0.12011595070362091 7414.24 5286.68 7470.45 5290.52 7443.30 5688.04 7387.09 5684.21
26071-200-M6-052-00540 0.11890409886837006 374.08 5316.63 434.21 5313.16 457.80 5722.42 397.68 5725.89
26071-200-M6-052-00540 0.11841864138841629 4140.81 1225.20 4208.07 1222.49 4224.09 1619.98 4156.83 1622.69
26071-200-M6-052-00540 0.11796361953020096 4269.64 5291.55 4327.71 5295.16 4303.72 5681.35 4245.66 5677.74
26071-200-M6-052-00540 0.11670319736003876 5735.17 1233.19 5804.42 1231.64 5813.16 1622.42 5743.91 1623.97
26071-200-M6-052-00540 0.11514507234096527 7885.95 1204.52 7944.83 1202.44 7959.51 1618.08 7900.64 1620.16
26071-200-M6-052-00540 0.11195828765630722 6454.04 5297.20 6513.87 5297.16 6514.13 5706.95 6454.31 5706.99
26071-200-M6-052-00540 0.11042331904172897 2875.00 727.06 2937.80 727.80 2932.93 1145.03 2870.12 1144.29
26071-200-M6-052-00540 0.10991600155830383 1962.93 1217.88 2024.31 1222.51 1993.79 1627.26 1932.41 1622.63
26071-200-M6-052-00540 0.10989440232515335 3395.88 712.73 3456.76 722.54 3391.70 1126.30 3330.82 1116.49
26071-200-M6-052-00540 0.10981424152851105 6601.09 741.73 6660.17 745.11 6636.92 1151.64 6577.84 1148.26
26071-200-M6-052-00540 0.10841086506843567 3468.19 1222.28 3535.07 1219.64 3550.94 1621.89 3484.06 1624.53
26071-200-M6-052-00540 0.10753047466278076 5016.65 5328.56 5078.74 5329.25 5074.36 5719.47 5012.26 5718.77
26071-200-M6-052-00540 0.10623833537101746 3854.97 741.63 3918.03 742.74 3910.74 1159.46 3847.68 1158.35
26071-200-M6-052-00540 0.1044069156050682 1075.94 1220.63 1137.36 1218.98 1148.12 1620.59 1086.70 1622.24
26071-200-M6-052-00540 0.10344038158655167 3957.02 1216.90 4022.21 1215.14 4033.31 1624.40 3968.13 1626.17
26071-200-M6-052-00540 0.10287607461214066 5353.75 1227.63 5421.20 1224.40 5440.10 1618.78 5372.65 1622.01
26071-200-M6-052-00540 0.1024882048368454 7693.33 1222.52 7761.74 1220.18 7775.45 1621.66 7707.04 1623.99
26071-200-M6-052-00540 0.1008179634809494 1638.90 1216.04 1703.81 1213.65 1718.81 1620.90 1653.90 1623.29
26071-200-M6-052-00540 0.10008619725704193 6503.77 1217.60 6565.84 1214.79 6584.36 1624.98 6522.29 1627.78
26071-200-M6-052-00540 0.09796201437711716 6989.31 715.97 7047.83 719.92 7019.25 1144.08 6960.72 1140.13
26071-200-M6-052-00540 0.09405864030122757 2967.62 1229.04 3033.21 1226.09 3051.03 1622.45 2985.43 1625.40
26071-200-M6-052-00540 0.09215434640645981 1173.26 737.30 1236.56 741.15 1212.16 1142.10 1148.85 1138.25
26071-200-M6-052-00540 0.09131672233343124 2025.13 729.39 2086.59 729.90 2083.21 1141.91 2021.74 1141.41
26071-200-M6-052-00540 0.0891970843076706 4419.95 731.37 4478.65 730.97 4481.47 1150.49 4422.77 1150.89
26071-200-M6-052-00540 0.08777108043432236 7158.08 769.97 7219.21 768.88 7226.25 1163.09 7165.12 1164.19
26071-200-M6-052-00540 0.08413968235254288 6222.05 718.21 6286.07 720.74 6270.10 1124.74 6206.08 1122.21
26071-200-M6-052-00540 0.07831946760416031 772.53 734.65 835.49 731.63 855.39 1146.90 792.42 1149.92
26071-200-M6-052-00540 0.07411700487136841 5273.69 732.13 5336.75 736.41 5309.57 1136.75 5246.52 1132.47
26071-200-M6-052-00540 0.07232246547937393 1453.48 1159.03 1510.00 1157.78 1520.77 1645.56 1464.24 1646.80
26071-200-M6-052-00540 0.06979050487279892 3194.42 1194.93 3270.30 1206.32 3209.01 1614.76 3133.13 1603.37
26071-200-M6-052-00540 0.06820012629032135 5633.98 737.91 5696.35 736.66 5704.78 1160.13 5642.41 1161.37
26071-200-M6-052-00540 0.06506185233592987 5055.74 717.40 5115.87 718.70 5106.13 1167.75 5046.00 1166.44
26071-200-M6-052-00540 0.054660893976688385 6785.21 721.58 6846.37 722.57 6839.65 1139.73 6778.49 1138.74
26071-203-M6-160-00291 0.105048768222332 2551.28 5143.94 2610.29 5142.28 2615.81 5338.58 2556.80 5340.23
26071-203-M6-160-00291 0.1008337214589119 1788.24 1383.71 1859.81 1387.14 1853.35 1521.74 1781.78 1518.31
26071-203-M6-160-00291 0.09221035242080688 3241.21 2231.89 3316.37 2202.71 3362.41 2321.29 3287.26 2350.48
26071-203-M6-160-00291 0.08195554465055466 1786.99 2149.03 1859.69 2150.96 1856.11 2285.67 1783.41 2283.74
26071-203-M6-160-00291 0.07514066994190216 4297.75 3017.91 4440.40 3051.18 4405.88 3199.23 4263.23 3165.97
26071-203-M6-160-00291 0.07481323182582855 1859.37 2061.60 2010.50 2043.87 2027.88 2191.99 1876.75 2209.72
26071-203-M6-160-00291 0.06525083631277084 2905.48 3622.97 3703.48 3597.20 3711.08 3832.59 2913.08 3858.37
26071-203-M6-160-00291 0.061382390558719635 1861.84 1270.32 2011.35 1272.55 2008.98 1431.05 1859.48 1428.82
26071-203-M6-160-00291 0.05564991012215614 5203.34 5367.85 5427.76 5364.48 5429.46 5477.91 5205.05 5481.28
26071-203-M6-160-00291 0.055277999490499496 2723.02 5363.85 2946.46 5365.80 2945.45 5481.54 2722.01 5479.59
26071-203-M6-160-00291 0.05366354435682297 1471.58 3000.98 1553.48 2998.66 1557.37 3135.62 1475.46 3137.94
26071-203-M6-160-00291 0.050023529678583145 7328.77 3673.03 7407.85 3675.67 7402.44 3837.66 7323.35 3835.01
26071-600-M6-066-00002 0.10177377611398697 4272.29 2721.95 4419.99 2719.66 4421.15 2794.43 4273.45 2796.72
26071-600-M6-066-00002 0.06657786667346954 1970.35 3659.14 2004.68 3659.21 2004.51 3748.89 1970.18 3748.82
26071-600-M6-066-00002 0.0651746392250061 4230.32 2478.12 4391.92 2425.86 4450.22 2606.18 4288.63 2658.43
26071-600-M6-066-00002 0.053957242518663406 4914.03 4913.22 5025.75 4911.35 5027.21 4998.64 4915.48 5000.50
26071-600-M6-066-00002 0.05232638865709305 4287.77 3511.27 4448.84 3539.49 4422.15 3691.88 4261.08 3663.67
26071-600-M6-066-00002 0.05212843418121338 4277.65 3744.60 4416.46 3750.81 4413.01 3827.75 4274.20 3821.54
26071-600-M6-066-00002 0.05122728273272514 1972.89 2712.80 2006.17 2716.61 1995.35 2811.19 1962.06 2807.39
26071-300-M6-053-00008 0.06051282957196236 5052.36 745.40 5136.36 742.08 5141.68 876.57 5057.68 879.89
26071-300-M6-053-00008 0.05512412264943123 5635.23 5515.64 5942.64 5509.38 5943.60 5556.59 5636.19 5562.85
26071-203-M6-060-00001 0.0655987560749054 2090.66 4691.52 2357.27 4685.04 2360.59 4821.85 2093.98 4828.33
26071-203-M6-060-00001 0.05714026093482971 2208.94 4017.19 2396.39 4004.59 2402.93 4101.97 2215.48 4114.57
26071-203-M6-060-00001 0.05522149056196213 2087.18 5685.67 2364.36 5680.66 2365.79 5759.90 2088.61 5764.90
26071-200-M6-063-00010 0.9872137308120728 6347.95 1773.63 6407.36 1772.78 6409.72 1937.88 6350.31 1938.73
26071-200-M6-063-00010 0.9796293377876282 5993.11 1772.95 6052.86 1772.60 6053.81 1938.83 5994.06 1939.17
26071-200-M6-063-00010 0.0972214788198471 4288.59 2230.37 4442.36 2256.53 4418.86 2394.63 4265.09 2368.47
26071-200-M6-063-00010 0.09024415165185928 6034.29 1784.80 6154.95 1706.43 6269.12 1882.22 6148.45 1960.59
26071-200-M6-063-00010 0.08050772547721863 3120.96 3976.46 3262.24 4033.16 3214.69 4151.65 3073.41 4094.96
26071-200-M6-063-00010 0.07557684928178787 4431.55 2321.96 4510.74 2309.39 4531.39 2439.61 4452.21 2452.17
26071-200-M6-063-00010 0.054490093141794205 3151.54 3802.92 3219.15 3807.13 3211.18 3935.04 3143.57 3930.83
26071-203-M6-060-00006 0.07132953405380249 5470.31 2507.87 5637.95 2509.42 5637.02 2610.39 5469.37 2608.84
26071-203-M6-060-00006 0.06046144664287567 3353.62 4183.65 3800.67 4190.28 3797.29 4417.86 3350.24 4411.22
26071-203-M6-060-00006 0.05179838091135025 2750.24 4189.63 3215.45 4190.73 3214.92 4415.28 2749.71 4414.18
26071-203-M6-325-00013 0.9506772756576538 3431.89 4722.31 3493.06 4720.53 3497.81 4883.60 3436.64 4885.38
26071-203-M6-325-00013 0.08740494400262833 6042.38 2427.34 6257.99 2440.87 6247.51 2607.78 6031.91 2594.25
26071-203-M6-325-00013 0.06577132642269135 3429.10 4870.78 3538.55 4885.42 3521.48 5013.04 3412.03 4998.40
26071-675-M6-068-00041 0.05264781415462494 3990.06 4174.44 4109.85 4177.77 4106.65 4292.90 3986.85 4289.57
26071-675-M6-068-00041 0.05049055442214012 6990.52 4174.44 7110.57 4178.77 7106.39 4294.67 6986.34 4290.34
26071-300-M6-053-00012 0.9421710968017578 4658.50 3936.41 4817.77 3935.75 4818.02 3995.30 4658.75 3995.96
26071-300-M6-053-00012 0.11491669714450836 6092.98 1488.70 6245.16 1512.44 6221.01 1667.25 6068.83 1643.51
26071-300-M6-053-00012 0.0867648646235466 7113.70 1491.63 7195.26 1480.74 7213.08 1614.12 7131.52 1625.02
26071-300-M6-053-00012 0.06911934167146683 4366.93 4490.13 4535.74 4482.08 4540.54 4582.74 4371.73 4590.79
26071-300-M6-053-00012 0.06667802482843399 4993.33 4623.64 5170.19 4602.99 5181.60 4700.73 5004.74 4721.38
26071-300-M6-053-00012 0.06256761401891708 5507.31 1594.06 5595.29 1592.11 5597.20 1678.40 5509.22 1680.34
26071-300-M6-053-00012 0.0593859888613224 5094.75 2250.99 5712.14 2261.96 5707.64 2515.20 5090.25 2504.23
26071-300-M6-053-00012 0.05919251590967178 7240.57 2371.24 7287.74 2375.11 7280.94 2458.11 7233.77 2454.24
26071-300-M6-053-00012 0.056600421667099 3385.89 2752.08 3480.26 2752.05 3480.42 3307.93 3386.05 3307.96
26071-300-M6-053-00012 0.05536964163184166 2387.59 1699.23 2419.40 1695.89 2431.14 1807.72 2399.33 1811.06
26071-300-M6-053-00012 0.05345228314399719 6109.01 1032.90 6186.44 1029.09 6193.30 1168.54 6115.87 1172.35
26071-300-M6-053-00012 0.0500774048268795 1810.82 4988.23 1883.19 4994.26 1872.13 5126.91 1799.76 5120.87
26071-675-M6-068-00034 0.9645876884460449 2874.47 3354.35 3043.45 3355.06 3043.20 3415.47 2874.21 3414.76
26071-675-M6-068-00034 0.9616091251373291 3627.83 3351.83 3795.31 3356.24 3793.70 3417.56 3626.22 3413.15
26071-675-M6-068-00034 0.9574214816093445 3356.62 5182.66 3523.45 5186.03 3522.22 5247.41 3355.39 5244.05
26071-675-M6-068-00034 0.9570107460021973 2606.37 5183.89 2774.98 5186.45 2774.05 5247.25 2605.45 5244.69
26071-675-M6-068-00034 0.3889608383178711 3499.43 5186.89 3619.22 5181.65 3621.63 5236.66 3501.84 5241.90
26071-675-M6-068-00034 0.319501131772995 3768.96 3357.77 3887.41 3354.95 3888.74 3410.70 3770.29 3413.53
26071-675-M6-068-00034 0.29921770095825195 2752.90 5167.84 2874.18 5197.82 2859.85 5255.79 2738.57 5225.81
26071-675-M6-068-00034 0.2470954805612564 3021.46 3357.79 3137.97 3356.34 3138.65 3411.61 3022.14 3413.06
26071-675-M6-068-00034 0.17473751306533813 3418.87 1068.74 3510.03 1071.67 3505.72 1205.68 3414.56 1202.75
26071-675-M6-068-00034 0.0938963070511818 4784.43 4563.33 4873.88 4564.91 4873.07 4610.67 4783.62 4609.09
26071-675-M6-068-00034 0.06069492548704147 3952.19 774.95 4033.59 771.15 4040.26 914.24 3958.86 918.03
26071-675-M6-068-00034 0.05543345957994461 4786.97 3865.24 4880.22 3880.45 4872.66 3926.85 4779.40 3911.63
26071-450-M6-082-00031 0.1388777643442154 2713.14 1782.15 2884.14 1795.92 2875.63 1901.56 2704.64 1887.80
26071-450-M6-082-00031 0.12928511202335358 5384.32 4909.68 5517.42 4935.84 5502.93 5009.56 5369.83 4983.40
26071-450-M6-082-00031 0.08728931844234467 2913.64 4936.46 3047.98 4931.64 3050.75 5009.06 2916.42 5013.88
26071-450-M6-082-00031 0.08587714284658432 5411.21 3309.84 5457.37 3310.65 5455.76 3402.95 5409.60 3402.15
26071-450-M6-082-00031 0.08111780881881714 2878.35 1658.04 2966.32 1648.78 2980.77 1785.94 2892.80 1795.21
26071-450-M6-082-00031 0.07368585467338562 5231.28 2299.55 5311.88 2297.50 5315.59 2442.95 5234.98 2445.00
26071-450-M6-082-00031 0.07303892076015472 2969.86 3455.37 3066.99 3456.30 3066.67 3489.65 2969.54 3488.72
26071-450-M6-082-00031 0.07051949948072433 5599.15 2990.65 5977.11 2988.78 5977.52 3072.48 5599.56 3074.36
26071-450-M6-082-00031 0.05904008448123932 3008.26 3257.92 3609.87 3270.34 3605.56 3479.26 3003.94 3466.84
26071-450-M6-082-00031 0.057473551481962204 4282.23 1853.68 4436.38 1866.92 4422.28 2031.22 4268.12 2017.98
26071-450-M6-082-00031 0.05201202630996704 7587.71 2105.70 8154.43 2081.64 8157.23 2147.65 7590.51 2171.71
26071-200-M6-062-00276 0.05469229072332382 5046.87 4090.20 5091.71 4057.95 5111.77 4085.85 5066.93 4118.10
26071-200-M6-062-00276 0.05119320750236511 6462.23 4119.82 6557.93 4119.70 6558.37 4474.34 6462.66 4474.45
26071-500-M6-059-00011 0.07328189164400101 4684.88 1624.01 4752.46 1672.37 4711.00 1730.30 4643.43 1681.94
26071-500-M6-059-00011 0.06447000801563263 5243.65 2086.37 5294.49 2078.05 5312.80 2189.90 5261.96 2198.22
26071-500-M6-059-00011 0.059588197618722916 5696.20 2200.92 5779.55 2188.92 5800.24 2332.70 5716.89 2344.70
26071-500-M6-059-00011 0.05423964932560921 3520.60 3981.78 3553.25 3983.17 3548.79 4088.33 3516.15 4086.95
26071-600-M6-065-00021 0.9818994998931885 5878.72 4011.93 5937.19 4014.71 5929.28 4180.89 5870.82 4178.11
26071-600-M6-065-00021 0.08584896475076675 6432.26 4507.48 6580.01 4526.35 6560.35 4680.33 6412.60 4661.47
26071-600-M6-065-00021 0.07646743208169937 4587.52 1636.68 4701.37 1635.41 4701.74 1669.02 4587.89 1670.29
26071-600-M6-065-00021 0.06009634956717491 4773.07 2262.76 4905.10 2265.47 4904.44 2297.46 4772.41 2294.74
26071-600-M6-065-00021 0.0553431361913681 5063.71 1877.33 5095.54 1877.43 5095.13 2001.29 5063.30 2001.19
26071-600-M6-065-00021 0.05374181643128395 4669.09 1374.94 4749.70 1369.03 4759.05 1496.43 4678.44 1502.34
26071-600-M6-065-00021 0.05145515501499176 2567.43 962.71 2611.42 963.55 2609.83 1047.14 2565.83 1046.30
26071-500-M6-059-00013 0.2626560926437378 2770.93 2923.93 2940.86 2911.52 2946.73 2991.88 2776.80 3004.29
26071-500-M6-059-00013 0.09549640119075775 5179.86 5169.84 5328.31 5177.94 5319.15 5345.87 5170.70 5337.77
26071-500-M6-059-00013 0.0930006355047226 4695.19 4379.17 4767.48 4384.54 4755.45 4546.51 4683.16 4541.13
26071-500-M6-059-00013 0.08389724045991898 5338.47 1746.83 5555.65 1737.20 5561.20 1862.45 5344.02 1872.07
26071-500-M6-059-00013 0.07866062968969345 2880.51 2993.05 2979.07 2993.39 2978.96 3025.54 2880.40 3025.20
26071-500-M6-059-00013 0.05657451972365379 4657.92 4456.70 4691.17 4457.85 4687.78 4555.62 4654.53 4554.47
26071-500-M6-059-00013 0.05216684564948082 7397.60 2231.21 7499.72 2231.87 7495.40 2903.94 7393.28 2903.28
26071-500-M6-059-00044 0.10663143545389175 5552.52 4732.31 5608.14 4722.98 5644.72 4940.94 5589.10 4950.28
26071-500-M6-059-00044 0.09400248527526855 1037.75 3579.38 1098.55 3567.02 1128.29 3713.37 1067.50 3725.73
26071-500-M6-059-00044 0.08784268796443939 7084.22 4801.53 7134.47 4772.75 7178.56 4849.73 7128.30 4878.51
26071-500-M6-059-00044 0.08779200166463852 1986.90 4736.32 2041.42 4729.20 2068.24 4934.72 2013.72 4941.84
26071-500-M6-059-00044 0.06665771454572678 7150.15 5565.63 7473.67 5561.30 7475.15 5671.44 7151.63 5675.77
26071-500-M6-059-00044 0.06358791887760162 3506.63 4795.20 3559.02 4772.76 3594.61 4855.87 3542.22 4878.31
26071-500-M6-059-00044 0.058201227337121964 5449.16 3965.88 5607.26 3948.16 5624.91 4105.58 5466.80 4123.31
26071-500-M6-059-00044 0.05733191594481468 6582.98 722.76 6666.56 714.26 6680.72 853.43 6597.15 861.94
26071-500-M6-059-00044 0.05710979923605919 1871.83 3953.51 2026.97 3943.72 2037.11 4104.55 1881.97 4114.34
26071-500-M6-059-00044 0.05161312595009804 7473.32 4371.67 7547.28 4370.84 7549.41 4559.48 7475.45 4560.32
26071-500-M6-059-00044 0.051299095153808594 3572.05 4025.01 3658.56 4008.24 3682.78 4133.21 3596.27 4149.98
26071-200-M6-052-00093 0.09413056820631027 4961.76 1906.75 5080.62 1909.42 5079.90 1941.62 4961.03 1938.95
26071-200-M6-052-00093 0.09015938639640808 6770.84 3594.57 6804.92 3594.46 6805.27 3705.76 6771.20 3705.87
26071-200-M6-052-00093 0.0859048143029213 7060.99 3588.08 7093.76 3589.39 7088.99 3708.08 7056.22 3706.76
26071-200-M6-052-00093 0.08447739481925964 2569.47 4168.39 2643.03 4163.55 2657.65 4385.92 2584.09 4390.76
26071-200-M6-052-00093 0.0679951086640358 3926.58 1449.26 4533.20 1459.83 4529.51 1671.38 3922.90 1660.81
26071-200-M6-052-00093 0.06341754645109177 5257.98 1628.44 5291.38 1626.56 5298.32 1749.91 5264.92 1751.79
26071-200-M6-052-00093 0.05812663584947586 4881.53 1475.11 5019.90 1466.41 5029.68 1621.91 4891.31 1630.61
26071-200-M6-052-00093 0.056973762810230255 5198.26 6184.48 5328.38 6235.29 5302.69 6301.08 5172.57 6250.26
26071-200-M6-052-00093 0.056853048503398895 2639.70 4275.39 2717.20 4276.34 2715.32 4428.98 2637.82 4428.02
26071-200-M6-052-00093 0.056096963584423065 3937.00 3840.30 4573.18 3863.43 4565.75 4067.69 3929.58 4044.56
26071-200-M6-052-00093 0.05594152957201004 6977.21 3362.81 7134.77 3372.56 7125.57 3521.15 6968.02 3511.40
26071-200-M6-052-00093 0.05105249211192131 4273.17 4171.11 4395.33 4183.51 4382.82 4306.77 4260.66 4294.38
26071-200-M6-052-00002 0.17189383506774902 6227.70 1830.09 6288.00 1828.83 6290.40 1944.28 6230.10 1945.53
26071-200-M6-052-00002 0.09209202975034714 1615.00 873.78 1698.85 860.25 1727.49 1037.75 1643.64 1051.28
26071-200-M6-052-00002 0.08230143785476685 7302.76 3862.92 7388.25 3865.72 7384.06 3993.28 7298.58 3990.48
26071-200-M6-052-00002 0.07546276599168777 6865.37 1260.22 6936.97 1262.75 6932.36 1393.19 6860.76 1390.66
26071-200-M6-052-00002 0.0672932043671608 7275.83 6181.33 7420.19 6174.23 7427.77 6328.30 7283.40 6335.40
26071-200-M6-052-00002 0.06609222292900085 4390.10 2670.25 4536.94 2653.78 4553.80 2804.04 4406.96 2820.51
26071-200-M6-052-00002 0.0635652169585228 5503.99 5351.64 5581.30 5346.09 5590.80 5478.44 5513.48 5483.99
26071-200-M6-052-00002 0.05093818157911301 6975.61 4172.08 7095.66 4184.02 7083.28 4308.46 6963.23 4296.52
26071-200-M6-052-00002 0.05034556984901428 1297.10 1180.25 1413.83 1177.33 1416.83 1296.91 1300.09 1299.83
26071-675-M6-068-10002 0.05966547131538391 1763.22 1399.89 1852.15 1385.43 1871.33 1503.42 1782.40 1517.88
26071-675-M6-068-10002 0.054957546293735504 3880.42 1903.80 3959.79 1897.30 3971.23 2036.81 3891.86 2043.32
26071-750-M6-085-00012 0.9693526029586792 4113.42 6257.64 4172.44 6261.05 4162.98 6424.87 4103.96 6421.46
26071-750-M6-085-00012 0.09930703788995743 7520.37 990.71 7553.56 991.81 7549.72 1107.75 7516.53 1106.65
26071-750-M6-085-00012 0.09907696396112442 1223.94 3586.60 1256.68 3586.82 1255.89 3708.13 1223.15 3707.92
26071-750-M6-085-00012 0.09434834867715836 5153.26 1968.98 5340.51 1978.08 5335.17 2087.96 5147.92 2078.86
26071-750-M6-085-00012 0.08601758629083633 2983.91 4422.45 3104.90 4422.04 3105.04 4462.92 2984.05 4463.33
26071-750-M6-085-00012 0.07989093661308289 7902.45 2267.00 8010.82 2270.52 8009.75 2303.50 7901.38 2299.97
26071-750-M6-085-00012 0.07421921193599701 7619.80 1535.26 7736.37 1545.87 7733.33 1579.21 7616.77 1568.60
26071-750-M6-085-00012 0.07232047617435455 738.61 1873.36 791.33 1871.20 798.13 2036.66 745.40 2038.83
26071-750-M6-085-00012 0.07184924185276031 7615.54 1329.74 7734.45 1327.56 7735.07 1361.11 7616.15 1363.28
26071-750-M6-085-00012 0.07097043097019196 5075.87 2587.82 5196.51 2595.89 5194.35 2628.13 5073.71 2620.07
26071-750-M6-085-00012 0.06842555105686188 3137.31 6346.67 3168.81 6346.76 3168.50 6448.76 3137.01 6448.67
26071-750-M6-085-00012 0.06203300505876541 3011.92 5049.79 3238.48 5203.92 3189.03 5276.61 2962.47 5122.47
26071-750-M6-085-00012 0.06121202930808067 7192.72 1298.71 7381.18 1316.36 7372.57 1408.28 7184.11 1390.63
26071-750-M6-085-00012 0.0605875626206398 5088.75 4052.11 5613.66 4301.65 5516.56 4505.90 4991.65 4256.36
26071-750-M6-085-00012 0.06010865420103073 6524.38 2930.88 6879.66 2927.29 6880.39 3000.03 6525.11 3003.63
26071-750-M6-085-00012 0.05873245373368263 1187.38 2475.62 1279.30 2471.47 1281.08 2510.97 1189.17 2515.12
26071-750-M6-085-00012 0.055872753262519836 7221.61 4187.54 7866.99 4176.85 7871.23 4432.99 7225.85 4443.68
26071-750-M6-085-00012 0.05502171069383621 7206.49 5042.51 7920.00 5034.74 7922.60 5273.71 7209.09 5281.48
26071-750-M6-085-00012 0.05460771918296814 3022.40 3640.15 3102.48 3587.33 3225.21 3773.40 3145.13 3826.22
26071-750-M6-085-00012 0.053714655339717865 7673.57 1026.18 7756.00 1025.80 7756.58 1151.18 7674.15 1151.56
26071-750-M6-085-00012 0.05343623831868172 3655.24 2265.85 3826.42 2268.17 3825.00 2373.13 3653.82 2370.81
26071-200-M6-062-00277 0.08317708969116211 4076.06 3033.26 4437.32 3041.20 4435.71 3114.39 4074.45 3106.45
26071-200-M6-062-00277 0.07524415850639343 4063.05 1614.68 4432.52 1609.20 4433.85 1698.87 4064.38 1704.36
26071-200-M6-062-00277 0.07502596080303192 5612.98 2917.24 5972.55 2914.14 5973.29 2999.48 5613.72 3002.58
26071-200-M6-062-00277 0.07066916674375534 5611.69 2565.33 5975.85 2559.70 5977.16 2644.49 5613.00 2650.12
26071-200-M6-062-00277 0.06851685792207718 4063.11 1968.35 4433.53 1974.91 4432.05 2058.78 4061.63 2052.22
26071-200-M6-062-00277 0.06809740513563156 4063.47 3388.51 4437.42 3394.44 4436.14 3475.26 4062.19 3469.34
26071-200-M6-062-00277 0.06772870570421219 4062.45 2674.68 4431.88 2682.77 4430.04 2766.63 4060.61 2758.55
26071-200-M6-062-00277 0.06696417182683945 5611.86 1618.75 5971.79 1612.03 5973.43 1700.26 5613.51 1706.98
26071-200-M6-062-00277 0.06314702332019806 762.07 3623.28 1114.53 3623.60 1114.46 3698.89 762.00 3698.58
26071-200-M6-062-00277 0.06183287501335144 4222.90 5310.76 4405.34 5300.99 4411.30 5412.45 4228.86 5422.22
26071-200-M6-062-00277 0.05835190415382385 5608.12 1961.56 5967.64 1969.67 5965.64 2058.09 5606.13 2049.98
26071-200-M6-062-00277 0.05800411477684975 4056.72 2318.86 4427.37 2323.03 4426.39 2410.70 4055.73 2406.54
26071-200-M6-062-00277 0.05157621577382088 7259.05 3288.25 7411.91 3285.20 7413.19 3349.41 7260.33 3352.46
26071-200-M6-062-00277 0.050040312111377716 3271.41 2364.75 3467.57 2354.59 3473.09 2461.28 3276.94 2471.43
26071-600-M6-065-00259 0.15474475920200348 704.29 1717.24 825.63 1721.24 824.56 1753.80 703.22 1749.80
26071-600-M6-065-00259 0.1422729790210724 703.88 2948.21 826.29 2948.52 826.21 2981.11 703.80 2980.80
26071-200-M6-052-00544 0.15805436670780182 4034.34 3984.68 4089.92 3991.02 4072.92 4140.04 4017.34 4133.70
26071-200-M6-052-00544 0.05522202327847481 1313.20 4248.55 1409.82 4246.80 1413.25 4435.49 1316.63 4437.25
26071-600-M6-066-00003 0.10177117586135864 3616.39 5366.29 3685.70 5359.80 3698.66 5498.28 3629.36 5504.77
26071-600-M6-066-00003 0.08445680141448975 2362.69 5207.45 2500.12 5206.70 2500.54 5283.63 2363.11 5284.38
26071-600-M6-066-00003 0.055390771478414536 5319.86 4608.63 5544.16 4612.09 5542.86 4696.21 5318.56 4692.75
26071-600-M6-066-00003 0.054268598556518555 5486.71 1822.38 5646.34 1849.21 5621.01 1999.91 5461.39 1973.08
26071-750-M6-085-00309 0.08422040939331055 5806.28 3138.81 5921.99 3139.73 5921.58 3191.06 5805.87 3190.14
26071-750-M6-085-00309 0.07859534025192261 3007.63 3334.51 3084.38 3321.99 3106.81 3459.49 3030.07 3472.01
26071-750-M6-085-00309 0.06281598657369614 4306.47 2521.71 4867.49 2509.59 4868.86 2572.64 4307.83 2584.76
26071-750-M6-085-00309 0.06269712001085281 4337.35 2273.35 4408.22 2267.70 4418.41 2395.76 4347.55 2401.40
26071-750-M6-085-00309 0.061986133456230164 2945.45 2442.33 3639.70 2403.90 3644.53 2491.31 2950.29 2529.75
26071-750-M6-085-00309 0.0514247789978981 2836.63 3677.57 3171.97 3584.14 3287.57 3999.06 2952.22 4092.49
