26071-200-M6-052-00001 0.1355840563774109 5002.54 4558.39 5079.12 4564.80 5072.82 4640.20 4996.23 4633.79
26071-600-M6-066-00012 0.11544224619865417 6283.78 4501.73 6339.79 4518.79 6319.47 4585.49 6263.46 4568.43
26071-600-M6-066-00012 0.07234226912260056 4645.44 4612.95 4707.01 4636.73 4678.32 4711.03 4616.75 4687.25
26071-500-M6-059-00248 0.13787509500980377 2957.39 4667.73 3033.35 4670.30 3030.75 4747.22 2954.79 4744.65
26071-500-M6-059-00040 0.09373766928911209 4194.21 5694.99 4301.96 5693.35 4303.10 5768.71 4195.36 5770.35
26071-500-M6-059-00040 0.072234608232975 6405.38 2266.43 6439.67 2265.54 6440.86 2311.83 6406.58 2312.72
26071-500-M6-059-00040 0.053195640444755554 1348.31 2384.68 1443.24 2387.21 1442.01 2433.20 1347.09 2430.67
26071-550-M6-084-00248 0.07864788919687271 2909.78 4195.98 2987.30 4198.50 2984.84 4274.14 2907.32 4271.61
26071-200-M6-052-00080 0.05559897422790527 2161.76 4171.78 2224.90 4169.66 2227.41 4244.53 2164.27 4246.65
26071-200-M6-052-00080 0.05229196697473526 7180.46 5231.23 7228.26 5231.48 7228.09 5263.28 7180.29 5263.03
26071-203-M6-321-00604 0.05142170563340187 7175.98 1012.00 7223.64 1014.20 7222.11 1047.33 7174.44 1045.13
26071-300-M6-053-00309 0.05729495361447334 6069.36 1509.41 6117.95 1508.51 6118.44 1535.06 6069.86 1535.96
26071-450-M6-082-00009 0.09119733422994614 2053.47 3676.17 2200.99 3699.23 2176.91 3853.29 2029.39 3830.23
26071-450-M6-082-00009 0.0811522901058197 4892.93 5754.79 5043.82 5768.91 5029.77 5919.14 4878.87 5905.02
26071-450-M6-082-00009 0.08113778382539749 2643.91 1869.35 2800.20 1888.03 2781.86 2041.52 2625.57 2022.85
26071-450-M6-082-00009 0.0648479238152504 6314.85 4447.86 6465.27 4468.65 6444.20 4621.14 6293.78 4600.35
26071-450-M6-082-00009 0.059661295264959335 5242.46 1565.79 5398.05 1583.58 5380.68 1735.45 5225.10 1717.66
26071-450-M6-082-00009 0.05678264796733856 1247.11 6089.43 1376.86 6118.04 1346.36 6256.37 1216.61 6227.76
26071-450-M6-082-00009 0.05652281641960144 1727.07 3246.83 1878.19 3262.47 1862.35 3415.57 1711.24 3399.93
26071-750-M6-085-00007 0.0645793005824089 6807.74 5680.16 6885.06 5685.28 6879.61 5767.47 6802.29 5762.35
26071-750-M6-085-00007 0.057794854044914246 6370.35 4155.37 6521.01 4171.89 6504.18 4325.40 6353.52 4308.88
26071-750-M6-085-00007 0.05295345187187195 2908.89 960.05 2990.79 967.20 2984.12 1043.47 2902.22 1036.32
26071-203-M6-337-00031 0.09586647152900696 5436.21 620.86 5655.32 806.68 5576.95 899.08 5357.84 713.27
26071-203-M6-332-00001 0.8587181568145752 2101.26 3859.76 2174.39 3887.84 2147.13 3958.82 2074.00 3930.74
26071-200-M6-052-00150 0.09083203226327896 5037.92 3976.10 5186.19 3994.22 5168.59 4138.21 5020.32 4120.08
26071-200-M6-052-00003 0.07217425107955933 5150.59 5479.60 5287.42 5520.16 5245.07 5663.05 5108.24 5622.49
26071-500-M6-059-00116 0.14347678422927856 5108.64 1333.23 5183.97 1342.22 5175.13 1416.31 5099.80 1407.32
26071-500-M6-059-00116 0.06401878595352173 4677.63 1773.59 4725.49 1809.13 4687.78 1859.92 4639.92 1824.39
26071-600-M6-065-00037 0.05641923099756241 3024.23 3323.97 3068.90 3324.16 3068.77 3354.21 3024.10 3354.02
26071-600-M6-065-00037 0.05224500223994255 4549.57 6090.09 4684.08 6114.50 4658.45 6255.74 4523.93 6231.33
26071-300-M6-053-00010 0.09474840015172958 4912.43 4314.06 4996.13 4312.60 4997.42 4386.43 4913.72 4387.89
26071-203-M6-320-00042 0.05033886060118675 4248.54 2793.36 4371.61 2830.09 4333.57 2957.52 4210.51 2920.78
26071-203-M6-160-00291 0.09860677272081375 3049.96 2180.91 3348.09 2285.33 3306.45 2404.22 3008.32 2299.80
26071-600-M6-066-00002 0.13152839243412018 4320.62 3751.69 4357.92 3756.44 4353.21 3793.42 4315.91 3788.67
26071-600-M6-066-00002 0.1298338621854782 4319.62 2724.59 4358.12 2728.68 4354.28 2764.89 4315.77 2760.81
26071-200-M6-063-00010 0.06811739504337311 5742.04 3855.50 5821.36 3856.81 5820.11 3932.35 5740.79 3931.04
26071-203-M6-325-00013 0.08072680234909058 3418.88 3977.28 3559.07 4016.12 3518.15 4163.80 3377.96 4124.96
26071-300-M6-053-00012 0.0731167122721672 6105.85 661.45 6259.18 668.45 6252.36 818.00 6099.03 811.00
26071-300-M6-053-00012 0.05291919782757759 3679.92 6313.69 3829.72 6339.48 3803.78 6490.18 3653.98 6464.40
26071-675-M6-068-00034 0.25360265374183655 4400.81 1576.96 4477.90 1594.11 4460.95 1670.28 4383.86 1653.13
26071-675-M6-068-00034 0.07608915865421295 2555.12 5470.06 2637.86 5475.94 2630.52 5579.23 2547.78 5573.35
26071-675-M6-068-00034 0.07137623429298401 5839.52 1858.33 5991.26 1868.51 5981.18 2018.84 5829.44 2008.67
26071-675-M6-068-00034 0.06905178725719452 4778.46 5177.60 4918.71 5214.47 4880.68 5359.12 4740.43 5322.25
26071-500-M6-059-00011 0.07262132316827774 2954.51 4572.83 3105.88 4587.15 3091.41 4740.12 2940.04 4725.81
26071-500-M6-059-00044 0.09915719926357269 1279.26 3596.40 1362.80 3617.60 1340.64 3704.91 1257.10 3683.71
26071-500-M6-059-00044 0.05173845961689949 1061.52 2121.13 1107.50 2125.62 1104.25 2158.93 1058.27 2154.43
26071-200-M6-052-00002 0.13441286981105804 5633.28 4204.72 5707.45 4212.16 5699.65 4289.90 5625.48 4282.46
26071-675-M6-068-10002 0.28497013449668884 2772.74 5364.05 2835.01 5361.04 2838.20 5426.79 2775.93 5429.81
26071-675-M6-068-10002 0.25205397605895996 2940.10 3757.76 3001.31 3758.57 3000.46 3822.49 2939.25 3821.67
26071-675-M6-068-10002 0.23515520989894867 4230.00 3745.36 4308.66 3765.21 4290.86 3835.72 4212.21 3815.87
26071-675-M6-068-10002 0.21754512190818787 4084.53 5362.08 4150.12 5363.39 4148.81 5429.24 4083.22 5427.94
26071-675-M6-068-10002 0.1907605081796646 3539.97 5361.20 3626.12 5353.82 3631.86 5420.90 3545.72 5428.29
26071-675-M6-068-10002 0.1835256665945053 7798.25 2171.19 7852.48 2132.67 7892.04 2188.35 7837.81 2226.87
26071-675-M6-068-10002 0.17884592711925507 2238.27 5357.82 2316.60 5369.49 2307.81 5428.44 2229.48 5416.76
26071-675-M6-068-10002 0.17323891818523407 4107.64 2010.33 4173.95 2013.03 4171.40 2075.52 4105.09 2072.81
26071-675-M6-068-10002 0.12799957394599915 2397.29 3753.28 2485.71 3750.78 2487.70 3821.31 2399.28 3823.80
26071-675-M6-068-10002 0.12444058060646057 5698.46 2031.36 5768.31 2002.06 5793.81 2062.85 5723.96 2092.15
26071-675-M6-068-10002 0.12292084097862244 3694.08 3754.35 3779.74 3751.05 3782.26 3816.38 3696.60 3819.69
26071-675-M6-068-10002 0.12059101462364197 6758.64 2160.45 6819.96 2132.83 6846.90 2192.65 6785.59 2220.27
26071-675-M6-068-10002 0.0782274454832077 4906.53 2024.72 4970.99 2006.28 4988.51 2067.52 4924.05 2085.96
26071-675-M6-068-10002 0.06819259375333786 877.41 4019.39 915.73 4014.92 922.55 4073.32 884.23 4077.79
26071-750-M6-085-00012 0.08481035381555557 6013.04 4274.61 6165.70 4283.98 6156.61 4432.08 6003.95 4422.71
26071-750-M6-085-00012 0.07595070451498032 4015.93 4572.18 4170.79 4581.98 4161.10 4735.14 4006.24 4725.34
26071-750-M6-085-00012 0.06611891835927963 4066.78 5754.33 4217.76 5765.26 4206.85 5916.01 4055.86 5905.08
26071-750-M6-085-00012 0.059020936489105225 3717.72 6031.92 3863.52 6046.78 3847.97 6199.51 3702.16 6184.66
26071-750-M6-085-00012 0.05460832267999649 5054.44 2916.81 5193.42 2913.81 5196.47 3055.33 5057.49 3058.33
26071-600-M6-066-00003 0.08912160992622375 2401.97 5205.58 2436.95 5209.14 2433.26 5245.38 2398.28 5241.82
