26071-200-M6-052-00001 0.4216701090335846 2507.39 3373.88 3081.20 3367.16 3083.51 3564.65 2509.70 3571.36
26071-200-M6-052-00001 0.1986439973115921 3090.69 3328.42 3267.82 3346.42 3245.68 3564.38 3068.55 3546.38
26071-200-M6-052-00001 0.08579200506210327 2346.21 3364.86 2498.81 3318.61 2561.77 3526.36 2409.17 3572.61
26071-200-M6-052-00001 0.08049618452787399 3592.19 3992.63 4015.97 4061.68 3984.83 4252.77 3561.05 4183.72
26071-200-M6-052-00001 0.07186639308929443 3518.63 5193.18 3989.30 5185.36 3992.70 5389.69 3522.02 5397.51
26071-200-M6-052-00001 0.0558740571141243 228.72 723.62 795.37 722.66 795.48 785.57 228.83 786.54
26071-500-M6-059-00017 0.43565261363983154 1801.29 3682.42 2276.69 3681.52 2277.14 3922.75 1801.74 3923.65
26071-500-M6-059-00017 0.4158730208873749 5797.94 3763.31 6288.66 3749.81 6294.59 3965.83 5803.88 3979.32
26071-500-M6-059-00017 0.4101499319076538 3737.61 3754.60 4322.59 3729.85 4331.85 3948.65 3746.87 3973.40
26071-500-M6-059-00017 0.17317362129688263 3362.47 3903.12 3893.04 3874.23 3902.63 4050.40 3372.07 4079.29
26071-500-M6-059-00017 0.17303133010864258 5293.61 3835.95 5933.04 3850.75 5928.90 4029.69 5289.47 4014.88
26071-500-M6-059-00017 0.15289434790611267 5411.12 3999.92 5931.00 3976.71 5939.54 4167.92 5419.66 4191.13
26071-500-M6-059-00017 0.11376094073057175 2133.99 3904.53 3021.22 3936.30 3014.54 4122.79 2127.32 4091.01
26071-500-M6-059-00017 0.0911206379532814 5942.16 3387.91 6476.16 3694.70 6334.21 3941.78 5800.21 3634.99
26071-500-M6-059-00017 0.08636131882667542 7606.02 644.53 8143.67 621.42 8146.29 682.34 7608.64 705.45
26071-500-M6-059-00017 0.08311635255813599 1658.99 3807.80 2295.43 4013.48 2213.21 4267.89 1576.77 4062.21
26071-500-M6-059-00017 0.07991547137498856 4830.69 3867.50 5378.77 3881.60 5374.02 4066.21 4825.94 4052.11
26071-500-M6-059-00017 0.06604645401239395 4042.70 3332.66 4621.11 3834.87 4456.84 4024.06 3878.43 3521.85
26071-500-M6-059-00017 0.06393824517726898 3160.23 4003.34 3919.05 4075.25 3897.35 4304.22 3138.53 4232.30
26071-500-M6-059-00017 0.06328056007623672 3424.50 3377.42 4012.02 3614.11 3899.60 3893.15 3312.08 3656.45
26071-500-M6-059-00017 0.061549074947834015 7661.25 4252.32 8135.30 4282.27 8131.41 4343.75 7657.37 4313.81
26071-500-M6-059-00017 0.0589776411652565 7651.52 1758.44 8115.87 1824.17 8107.61 1882.51 7643.26 1816.79
26071-500-M6-059-00017 0.05869916081428528 4011.04 3598.75 4091.16 3569.98 4132.56 3685.27 4052.44 3714.04
26071-500-M6-059-00017 0.05729592218995094 7670.42 6336.83 8138.54 6356.59 8135.97 6417.32 7667.86 6397.56
26071-500-M6-059-00017 0.05635179951786995 5998.31 3589.41 6059.66 3575.60 6094.42 3730.06 6033.07 3743.86
26071-500-M6-059-00017 0.054987963289022446 7648.53 6098.72 8140.71 6124.83 8137.51 6185.20 7645.32 6159.09
26071-500-M6-059-00017 0.05193162336945534 7676.67 1257.07 8131.92 1279.85 8128.98 1338.63 7673.73 1315.85
26071-500-M6-059-00017 0.05113250017166138 4086.71 3983.33 4653.15 4011.13 4643.16 4214.67 4076.72 4186.87
26071-600-M6-066-00012 0.2175069898366928 5292.31 2496.73 5937.67 2517.63 5931.55 2706.55 5286.19 2685.65
26071-600-M6-066-00012 0.17331047356128693 4117.83 3538.48 4826.87 3586.76 4815.48 3753.90 4106.44 3705.61
26071-600-M6-066-00012 0.16255740821361542 3043.46 3563.32 3904.78 3572.66 3903.02 3735.15 3041.70 3725.82
26071-600-M6-066-00012 0.12279371172189713 4517.18 2486.14 5129.16 2524.28 5116.52 2727.04 4504.55 2688.90
26071-600-M6-066-00012 0.11479029059410095 6097.09 3577.22 6172.65 3578.30 6170.57 3723.32 6095.01 3722.24
26071-600-M6-066-00012 0.08661431074142456 3192.42 2499.49 3860.38 2531.20 3851.32 2721.88 3183.36 2690.17
26071-600-M6-066-00012 0.0708826407790184 2252.23 2505.82 2961.08 2518.85 2957.60 2708.60 2248.75 2695.57
26071-600-M6-066-00012 0.07035407423973083 7597.48 2966.29 8142.64 2971.08 8142.09 3033.38 7596.93 3028.60
26071-600-M6-066-00012 0.07014859467744827 5510.54 1500.52 5827.63 1523.59 5821.73 1604.66 5504.65 1581.60
26071-600-M6-066-00012 0.06609367579221725 331.80 4860.34 885.69 4855.97 886.19 4919.13 332.30 4923.50
26071-600-M6-066-00012 0.06358711421489716 7634.07 5197.78 8141.46 5225.88 8137.96 5289.11 7630.57 5261.01
26071-600-M6-066-00012 0.06065091863274574 5360.87 1345.71 5463.17 1313.90 5626.30 1838.55 5524.00 1870.36
26071-600-M6-066-00012 0.06064075231552124 2329.04 3573.69 3113.52 3572.54 3113.75 3729.60 2329.27 3730.75
26071-600-M6-066-00012 0.0583500862121582 352.43 5210.69 900.31 5208.76 900.53 5271.99 352.65 5273.92
26071-600-M6-066-00012 0.05786719173192978 3814.34 2509.40 4466.05 2522.33 4462.32 2710.13 3810.62 2697.20
26071-600-M6-066-00012 0.054967042058706284 7602.45 5571.86 8145.58 5562.34 8146.68 5625.17 7603.55 5634.70
26071-600-M6-066-00012 0.05467599257826805 345.63 3918.08 891.55 3911.01 892.36 3973.51 346.44 3980.58
26071-600-M6-066-00012 0.05095716193318367 7630.45 2349.75 8140.89 2407.03 8133.96 2468.77 7623.52 2411.48
26071-200-M6-052-00539 0.6777814030647278 3391.92 5390.29 3925.35 5389.80 3925.52 5575.61 3392.10 5576.10
26071-200-M6-052-00539 0.20801818370819092 3924.59 5380.74 4101.30 5389.38 4090.80 5604.42 3914.08 5595.79
26071-200-M6-052-00539 0.0936279147863388 2029.06 3183.40 2444.42 3197.98 2437.15 3405.10 2021.79 3390.52
26071-200-M6-052-00539 0.08701557666063309 3236.71 5359.43 3416.24 5356.48 3420.36 5606.69 3240.83 5609.64
26071-200-M6-052-00539 0.07404498755931854 6879.39 5482.34 7047.69 5464.94 7065.57 5637.91 6897.27 5655.31
26071-200-M6-052-00539 0.070065937936306 1965.61 4283.17 2459.43 4282.99 2459.51 4495.69 1965.69 4495.87
26071-200-M6-052-00539 0.0640212744474411 3999.24 5604.45 4066.27 5602.90 4069.09 5724.77 4002.06 5726.32
26071-200-M6-052-00539 0.06383306533098221 3994.55 5214.24 4058.71 5208.66 4069.93 5337.67 4005.77 5343.25
26071-200-M6-052-00539 0.05622504651546478 7715.50 2718.78 8264.42 2747.04 8261.21 2809.55 7712.28 2781.29
26071-200-M6-052-00539 0.05614805221557617 6091.32 4227.39 6163.74 4217.15 6196.77 4450.76 6124.35 4461.00
26071-500-M6-059-00248 0.8217887878417969 4616.53 4424.19 5158.74 4429.68 5156.58 4642.62 4614.37 4637.13
26071-500-M6-059-00248 0.13092945516109467 5030.97 4304.91 5350.22 4511.90 5273.32 4630.51 4954.07 4423.52
26071-500-M6-059-00248 0.11298321932554245 4488.20 4411.97 4973.87 4703.73 4835.65 4933.82 4349.98 4642.06
26071-500-M6-059-00248 0.1105540320277214 4480.56 4667.15 4544.08 4666.07 4546.02 4779.96 4482.50 4781.04
26071-500-M6-059-00248 0.10923200100660324 4481.48 4274.41 4546.24 4277.63 4539.68 4409.60 4474.93 4406.38
26071-500-M6-059-00248 0.06555292755365372 3292.36 3986.69 3705.94 3985.11 3706.27 4070.95 3292.69 4072.53
26071-500-M6-059-00248 0.053618159145116806 4836.56 3977.88 5499.34 4225.61 5384.82 4532.00 4722.04 4284.27
26071-500-M6-059-00248 0.05354703217744827 343.03 1543.75 889.67 1558.19 888.01 1621.03 341.37 1606.59
26071-203-M6-325-00012 0.09406054764986038 2122.79 3573.98 2546.61 3555.82 2554.73 3745.30 2130.91 3763.46
26071-203-M6-325-00012 0.06368304044008255 317.06 5714.08 837.21 5719.29 836.50 5790.37 316.35 5785.17
26071-203-M6-325-00012 0.0607881136238575 2159.82 3022.55 2686.34 2997.16 2689.29 3058.41 2162.78 3083.80
26071-203-M6-325-00012 0.06049657613039017 8086.22 4346.23 8192.70 4370.32 8182.86 4413.82 8076.38 4389.73
26071-203-M6-325-00012 0.057239729911088943 5130.59 215.17 5192.16 202.27 5297.75 706.28 5236.19 719.18
26071-203-M6-325-00012 0.057143356651067734 2178.68 5723.58 2703.76 5701.66 2706.36 5764.03 2181.29 5785.96
26071-203-M6-325-00012 0.0534246452152729 8082.53 2397.72 8195.71 2401.03 8194.26 2450.30 8081.09 2446.98
26071-203-M6-325-00012 0.051525551825761795 1290.63 5084.73 1680.88 5075.15 1686.08 5286.97 1295.83 5296.55
26071-203-M6-325-00012 0.051196981221437454 8097.50 3016.61 8198.85 3047.58 8184.19 3095.59 8082.83 3064.63
26071-700-M6-054-00246 0.15905971825122833 4321.44 3350.79 4792.08 3340.76 4795.99 3524.15 4325.35 3534.19
26071-700-M6-054-00246 0.1572631597518921 4245.49 3072.57 4906.24 3092.26 4897.86 3373.40 4237.11 3353.71
26071-700-M6-054-00246 0.08746884763240814 4302.89 4036.89 4773.32 4055.65 4765.41 4254.09 4294.98 4235.33
26071-700-M6-054-00246 0.06534875929355621 4503.53 2870.31 4569.57 2862.89 4584.82 2998.55 4518.79 3005.98
26071-500-M6-059-00040 0.10784576088190079 1738.46 2374.24 2329.19 2405.00 2322.08 2541.67 1731.34 2510.91
26071-500-M6-059-00040 0.08024510741233826 2177.25 1832.92 2508.31 1829.32 2509.80 1966.81 2178.74 1970.40
26071-500-M6-059-00040 0.07814531028270721 2522.87 1319.14 2587.85 1305.42 2615.71 1437.36 2550.73 1451.08
26071-500-M6-059-00040 0.06517007946968079 5426.91 2598.16 6086.86 2618.07 6079.73 2854.36 5419.78 2834.44
26071-500-M6-059-00040 0.062253378331661224 2795.96 4609.30 2938.44 4630.63 2895.41 4917.99 2752.94 4896.66
26071-500-M6-059-00040 0.061842307448387146 341.23 3332.95 889.66 3313.20 891.87 3374.49 343.44 3394.23
26071-203-M6-333-00010 0.17391058802604675 2378.58 4184.04 2988.45 4181.65 2988.78 4265.61 2378.91 4268.01
26071-203-M6-333-00010 0.103310227394104 330.23 4213.85 828.34 4221.51 827.34 4286.28 329.24 4278.62
26071-203-M6-333-00010 0.08898644894361496 6598.31 4187.81 7201.54 4177.95 7203.01 4268.05 6599.78 4277.90
26071-203-M6-333-00010 0.07784340530633926 5476.08 3651.81 6014.33 3651.94 6014.32 3715.13 5476.07 3715.00
26071-203-M6-333-00010 0.07374159246683121 2995.88 4208.90 3487.05 4194.73 3488.87 4257.74 2997.69 4271.92
26071-203-M6-333-00010 0.07289406657218933 4587.94 286.51 4648.34 288.76 4628.61 818.34 4568.20 816.09
26071-203-M6-333-00010 0.06508376449346542 356.59 5605.40 882.71 5596.35 883.84 5661.88 357.72 5670.94
26071-203-M6-333-00010 0.06019838899374008 6665.01 291.63 6727.62 291.57 6728.12 820.72 6665.51 820.78
26071-203-M6-333-00010 0.05884980037808418 6300.44 4114.23 6417.69 4115.81 6414.98 4316.75 6297.73 4315.17
26071-203-M6-333-00010 0.058290284126996994 6000.52 4114.91 6115.98 4115.59 6114.79 4317.26 5999.33 4316.58
26071-203-M6-333-00010 0.05797825753688812 5700.08 4115.56 5816.70 4116.32 5815.39 4317.09 5698.77 4316.33
26071-203-M6-333-00010 0.05716047063469887 4801.10 4115.13 4916.34 4116.22 4914.43 4317.77 4799.19 4316.68
26071-203-M6-333-00010 0.05712456628680229 5084.54 4100.17 5207.71 4087.68 5226.00 4268.11 5102.83 4280.59
26071-203-M6-333-00010 0.05667687952518463 4206.01 4192.87 4711.12 4180.27 4713.04 4257.21 4207.93 4269.81
26071-203-M6-333-00010 0.05545562505722046 2385.87 2686.66 2482.75 2711.00 2471.31 2756.57 2374.42 2732.23
26071-203-M6-333-00010 0.052134715020656586 2104.75 5493.09 2225.60 5498.32 2217.45 5686.68 2096.60 5681.46
26071-203-M6-333-00010 0.051887910813093185 4436.76 1768.52 4595.07 1749.81 4628.26 2030.75 4469.96 2049.46
26071-750-M6-085-00286 0.11404038220643997 3026.67 1223.61 3180.69 1306.33 3093.15 1469.34 2939.13 1386.63
26071-750-M6-085-00286 0.08594954758882523 5047.07 4728.02 5161.36 4708.97 5229.29 5116.35 5114.99 5135.41
26071-750-M6-085-00286 0.06058104708790779 356.95 1312.69 897.19 1316.35 896.77 1379.15 356.52 1375.49
26071-550-M6-084-00248 0.7299066185951233 4616.33 4001.20 5155.08 3957.86 5171.33 4159.87 4632.58 4203.20
26071-550-M6-084-00248 0.13066960871219635 5151.77 3953.95 5309.02 3940.16 5326.39 4138.27 5169.14 4152.06
26071-550-M6-084-00248 0.09311006218194962 4483.48 3812.73 4541.74 3813.89 4539.52 3925.97 4481.26 3924.81
26071-550-M6-084-00248 0.09266050904989243 4478.72 4198.48 4537.70 4194.38 4545.62 4308.25 4486.64 4312.36
26071-550-M6-084-00248 0.08616108447313309 4433.32 3948.04 4605.98 3923.09 4639.11 4152.35 4466.46 4177.31
26071-550-M6-084-00248 0.06908544898033142 3262.20 3500.40 3680.22 3489.84 3683.04 3601.68 3265.02 3612.24
26071-550-M6-084-00248 0.051108457148075104 4691.94 4082.11 5432.03 4195.28 5382.20 4521.17 4642.10 4407.99
26071-203-M6-332-00008 0.07251084595918655 4073.11 640.58 4684.80 653.81 4683.51 713.33 4071.82 700.10
26071-203-M6-332-00008 0.06061529740691185 292.67 6113.25 840.74 6117.62 840.24 6180.62 292.17 6176.26
26071-203-M6-332-00008 0.05865516886115074 284.43 1174.36 807.96 1203.23 804.76 1261.17 281.23 1232.31
26071-203-M6-332-00008 0.05690140277147293 212.31 1626.54 725.16 1649.87 721.97 1720.09 209.11 1696.76
26071-203-M6-332-00008 0.05663909390568733 3488.10 339.46 3975.93 331.12 3978.05 455.38 3490.22 463.72
26071-200-M6-052-00080 0.4277263581752777 6569.61 3849.62 7084.89 3863.27 7079.14 4080.45 6563.86 4066.80
26071-200-M6-052-00080 0.3871994614601135 3117.61 3841.02 3662.55 3862.03 3654.23 4077.77 3109.30 4056.75
26071-200-M6-052-00080 0.13041925430297852 2755.86 3812.12 2947.30 3766.15 3029.10 4106.73 2837.66 4152.71
26071-200-M6-052-00080 0.11177953332662582 3410.41 3567.08 4014.48 3872.97 3893.02 4112.85 3288.94 3806.96
26071-200-M6-052-00080 0.10232336819171906 6282.87 3725.12 6870.62 4119.66 6722.82 4339.84 6135.07 3945.30
26071-200-M6-052-00080 0.10134492069482803 7084.36 3869.95 7267.10 3853.28 7286.97 4071.18 7104.24 4087.85
26071-200-M6-052-00080 0.08275038748979568 2953.07 3847.45 3104.35 3784.97 3213.07 4048.25 3061.79 4110.72
26071-200-M6-052-00080 0.06521271914243698 7146.40 3720.64 7215.00 3690.43 7273.75 3823.81 7205.16 3854.03
26071-200-M6-052-00080 0.06127658858895302 7258.60 3714.61 7371.87 3689.62 7467.82 4124.50 7354.55 4149.49
26071-200-M6-052-00080 0.060989174991846085 3741.51 3708.76 3807.88 3700.62 3824.83 3838.94 3758.47 3847.08
26071-200-M6-052-00080 0.06076069548726082 3868.56 5182.47 4032.58 5160.15 4055.31 5327.15 3891.29 5349.47
26071-200-M6-052-00080 0.05668455734848976 6872.09 4873.94 7035.22 4860.84 7048.58 5027.20 6885.45 5040.30
26071-200-M6-052-00080 0.05406171828508377 7153.86 4097.84 7215.18 4084.28 7246.14 4224.30 7184.82 4237.86
26071-200-M6-052-00080 0.05131469666957855 2111.72 6392.28 2443.19 6420.71 2437.39 6488.38 2105.91 6459.94
26071-200-M6-052-00080 0.05056367442011833 7705.24 1322.68 8252.90 1298.48 8255.87 1365.72 7708.21 1389.92
26071-203-M6-321-00604 0.06733361631631851 5403.00 2928.35 6295.58 2921.05 6297.20 3119.72 5404.63 3127.01
26071-203-M6-321-00604 0.05572411045432091 1809.58 4984.34 1908.90 4973.09 1955.12 5381.17 1855.80 5392.42
26071-203-M6-321-00604 0.053689971566200256 7670.22 2851.03 8199.25 2836.61 8200.88 2896.69 7671.86 2911.12
26071-203-M6-321-00604 0.05107205733656883 302.01 1611.28 835.47 1614.02 835.15 1677.10 301.69 1674.37
26071-300-M6-053-00309 0.22233733534812927 3418.34 3034.87 3980.88 3202.23 3914.98 3423.73 3352.44 3256.37
26071-300-M6-053-00309 0.1796865165233612 3404.00 5167.83 4041.40 5182.35 4036.37 5403.14 3398.97 5388.62
26071-300-M6-053-00309 0.15159086883068085 6001.27 5452.22 6159.02 5460.56 6149.88 5633.35 5992.14 5625.00
26071-300-M6-053-00309 0.1426539272069931 6017.38 5081.45 6169.46 5104.41 6144.96 5266.69 5992.87 5243.72
26071-300-M6-053-00309 0.09786616265773773 3131.93 5248.45 3365.02 5089.26 3710.82 5595.59 3477.73 5754.78
26071-300-M6-053-00309 0.07629614323377609 6022.54 5287.77 6161.05 5306.42 6138.66 5472.66 6000.16 5454.01
26071-300-M6-053-00309 0.07620880752801895 338.61 4511.64 890.81 4499.45 892.16 4560.44 339.96 4572.63
26071-300-M6-053-00309 0.07568947225809097 7598.48 2733.70 8151.60 2731.07 8151.90 2792.40 7598.78 2795.04
26071-300-M6-053-00309 0.07442991435527802 3154.78 3216.70 3431.40 3104.47 3653.33 3651.46 3376.71 3763.69
26071-300-M6-053-00309 0.0663653314113617 6065.70 2045.18 6765.30 2089.40 6750.03 2330.98 6050.43 2286.76
26071-300-M6-053-00309 0.06245042011141777 7585.66 3434.64 8144.91 3443.58 8143.87 3508.23 7584.63 3499.29
26071-300-M6-053-00309 0.059621863067150116 7630.31 1632.94 8137.14 1702.25 8129.16 1760.61 7622.33 1691.31
26071-300-M6-053-00309 0.05812189728021622 1061.38 3451.45 1180.77 3453.51 1179.96 3500.26 1060.57 3498.20
26071-300-M6-053-00309 0.05073518678545952 5354.38 6146.00 5543.84 6168.02 5518.18 6388.75 5328.72 6366.72
26071-450-M6-082-00009 0.1198379397392273 2385.53 2513.91 3060.52 2483.54 3071.59 2729.55 2396.60 2759.93
26071-450-M6-082-00009 0.0982595756649971 7587.86 6286.04 8137.28 6265.94 8139.54 6327.75 7590.12 6347.86
26071-450-M6-082-00009 0.0960393100976944 921.19 5959.96 1062.61 5965.73 1055.99 6127.98 914.57 6122.22
26071-450-M6-082-00009 0.06820477545261383 3867.73 5362.68 4022.30 5378.46 4016.41 5436.23 3861.84 5420.44
26071-450-M6-082-00009 0.05743243545293808 5236.75 1865.31 5404.77 1872.59 5397.36 2043.66 5229.34 2036.38
26071-450-M6-082-00009 0.05705714598298073 3477.88 4678.08 3754.03 4616.66 3886.60 5212.72 3610.44 5274.14
26071-450-M6-082-00009 0.05608426406979561 7620.85 2348.72 8147.18 2404.68 8140.42 2468.18 7614.10 2412.22
26071-450-M6-082-00009 0.05203666165471077 3649.79 5221.82 3822.50 5209.97 3837.35 5426.36 3664.64 5438.21
26071-200-M6-052-00552 0.1369812786579132 3799.52 2401.83 4247.01 2434.92 4230.54 2657.72 3783.05 2624.64
26071-200-M6-052-00552 0.057735875248909 4491.62 2477.59 4917.94 2472.02 4920.24 2648.52 4493.93 2654.09
26071-200-M6-052-00552 0.05131536349654198 4202.75 4262.73 4337.03 4305.10 4290.35 4453.03 4156.07 4410.65
26071-750-M6-085-00007 0.23541413247585297 2106.55 2597.39 2595.89 2607.48 2591.83 2804.42 2102.49 2794.32
26071-750-M6-085-00007 0.22416885197162628 3683.71 2602.55 4198.36 2602.82 4198.26 2800.51 3683.60 2800.24
26071-750-M6-085-00007 0.21627499163150787 3261.15 2620.71 3717.84 2638.65 3712.83 2766.34 3256.13 2748.40
26071-750-M6-085-00007 0.1682213842868805 1687.03 2614.96 2124.78 2646.99 2115.72 2770.80 1677.97 2738.77
26071-750-M6-085-00007 0.13350974023342133 2781.50 2595.87 3312.21 2617.75 3305.00 2792.67 2774.30 2770.80
26071-750-M6-085-00007 0.12026815861463547 1161.78 2611.20 1736.69 2622.11 1733.47 2791.84 1158.56 2780.93
26071-750-M6-085-00007 0.11087777465581894 4933.45 2956.41 5724.64 3091.08 5681.42 3344.99 4890.23 3210.32
26071-750-M6-085-00007 0.10115125775337219 7588.34 6285.50 8128.59 6268.08 8130.58 6329.76 7590.33 6347.18
26071-750-M6-085-00007 0.07692236453294754 7600.83 5802.87 8147.19 5803.21 8147.15 5865.64 7600.79 5865.29
26071-750-M6-085-00007 0.06348119676113129 5854.42 3364.41 6329.28 3356.82 6330.97 3462.47 5856.10 3470.06
26071-750-M6-085-00007 0.06209137290716171 330.48 1499.80 893.84 1489.32 894.97 1549.95 331.61 1560.43
26071-750-M6-085-00007 0.05750427022576332 7650.94 1290.60 8150.34 1343.15 8143.77 1405.51 7644.38 1352.96
26071-750-M6-085-00007 0.05708732083439827 2612.86 1804.35 2953.42 1792.24 2959.33 1958.50 2618.78 1970.61
26071-750-M6-085-00007 0.056692831218242645 7602.72 5329.54 8146.36 5333.00 8145.97 5394.70 7602.32 5391.24
26071-750-M6-085-00007 0.05599803104996681 4971.98 3538.92 5107.15 3537.84 5109.93 3885.81 4974.77 3886.89
26071-750-M6-085-00007 0.05110562592744827 5943.76 3266.20 6313.52 3326.96 6303.81 3386.05 5934.05 3325.28
26071-203-M6-064-00271 0.07599787414073944 355.43 4853.03 887.32 4859.48 886.54 4923.60 354.66 4917.15
26071-203-M6-337-00031 0.2248266488313675 4754.01 2895.02 5157.60 3031.44 5055.13 3334.60 4651.54 3198.18
26071-203-M6-337-00031 0.20735467970371246 5082.83 1541.79 5808.13 1565.20 5798.22 1872.01 5072.92 1848.60
26071-203-M6-337-00031 0.19914445281028748 4952.62 4853.44 5468.19 4840.34 5473.88 5064.11 4958.31 5077.21
26071-203-M6-337-00031 0.19643329083919525 4953.36 3952.68 5468.00 3941.20 5472.99 4164.79 4958.35 4176.28
26071-203-M6-337-00031 0.18366043269634247 4806.88 1920.77 5102.96 2094.60 4974.89 2312.75 4678.81 2138.93
26071-203-M6-337-00031 0.18064548075199127 4815.67 1366.64 5157.87 1559.64 5019.33 1805.27 4677.13 1612.27
26071-203-M6-337-00031 0.1769266128540039 4877.60 4397.27 5440.02 4400.68 5438.64 4629.54 4876.22 4626.13
26071-203-M6-337-00031 0.1762506514787674 3330.16 923.00 3494.10 894.61 3503.82 950.75 3339.88 979.14
26071-203-M6-337-00031 0.16348490118980408 3655.90 574.84 4044.38 579.25 4041.72 812.71 3653.24 808.30
26071-203-M6-337-00031 0.1616714745759964 4826.32 2295.07 5216.87 2415.47 5142.71 2656.06 4752.15 2535.67
26071-203-M6-337-00031 0.1599055379629135 5488.99 1239.09 5957.45 1406.86 5865.84 1662.67 5397.38 1494.89
26071-203-M6-337-00031 0.15960389375686646 2005.41 989.34 2551.69 986.50 2552.40 1124.14 2006.13 1126.98
26071-203-M6-337-00031 0.15746913850307465 4855.81 3179.51 5694.60 3178.81 5694.81 3428.83 4856.02 3429.53
26071-203-M6-337-00031 0.15559692680835724 2701.62 4080.38 3588.39 4033.17 3598.50 4223.01 2711.73 4270.21
26071-203-M6-337-00031 0.15406280755996704 2661.50 1899.41 3003.94 1902.70 2998.28 2490.83 2655.85 2487.54
26071-203-M6-337-00031 0.15086238086223602 2690.50 4864.47 3284.30 4872.60 3281.27 5093.96 2687.47 5085.83
26071-203-M6-337-00031 0.14439325034618378 2694.21 4414.66 3276.46 4426.71 3271.88 4647.63 2689.64 4635.58
26071-203-M6-337-00031 0.13897565007209778 4706.52 2740.98 5145.44 2745.68 5143.44 2932.40 4704.52 2927.70
26071-203-M6-337-00031 0.13459347188472748 5439.90 1793.31 5795.98 2132.75 5599.79 2338.56 5243.71 1999.12
26071-203-M6-337-00031 0.13133594393730164 4708.58 1243.67 5140.68 1245.19 5140.04 1426.92 4707.94 1425.39
26071-203-M6-337-00031 0.12707994878292084 3538.78 4083.94 4503.97 4025.93 4516.87 4240.52 3551.68 4298.53
26071-203-M6-337-00031 0.12371600419282913 5264.99 2690.18 5471.06 2519.26 5807.56 2924.97 5601.49 3095.89
26071-203-M6-337-00031 0.1179482489824295 5410.33 2236.55 5851.36 2540.87 5709.65 2746.24 5268.62 2441.92
26071-203-M6-337-00031 0.11407185345888138 3548.78 4950.72 4494.35 4965.51 4491.49 5148.75 3545.92 5133.96
26071-203-M6-337-00031 0.10911449790000916 2020.96 1602.04 2539.32 1583.55 2544.69 1734.23 2026.33 1752.71
26071-203-M6-337-00031 0.10534930974245071 5361.35 5349.37 6095.25 5298.73 6100.84 5379.74 5366.94 5430.38
26071-203-M6-337-00031 0.09971137344837189 5350.15 663.58 5641.08 705.10 5623.53 828.06 5332.60 786.54
26071-203-M6-337-00031 0.09693164378404617 3888.94 4494.62 4698.69 4541.10 4688.35 4721.26 3878.60 4674.79
26071-203-M6-337-00031 0.0940723791718483 7722.88 5252.18 8264.23 5233.58 8266.36 5295.58 7725.01 5314.18
26071-203-M6-337-00031 0.0895841047167778 4390.25 1770.27 4639.94 1676.91 4808.75 2128.40 4559.06 2221.76
26071-203-M6-337-00031 0.08722714334726334 7747.33 3685.24 8111.36 3693.31 8110.22 3744.45 7746.20 3736.38
26071-203-M6-337-00031 0.08493141084909439 2003.08 1122.55 2596.71 1234.78 2540.82 1530.40 1947.19 1418.17
26071-203-M6-337-00031 0.08419797569513321 3549.56 1645.31 3721.98 1622.31 3752.35 1850.02 3579.93 1873.01
26071-203-M6-337-00031 0.08088114857673645 4339.56 2823.25 4594.42 2705.39 4839.85 3236.14 4584.99 3354.00
26071-203-M6-337-00031 0.07255616039037704 5687.47 2442.84 6353.07 2464.00 6348.52 2607.07 5682.92 2585.91
26071-203-M6-337-00031 0.07159766554832458 3547.81 1290.91 3718.46 1265.33 3753.10 1496.43 3582.45 1522.01
26071-203-M6-337-00031 0.06781122088432312 4359.12 1305.81 4610.86 1189.39 4847.44 1700.97 4595.69 1817.38
26071-203-M6-337-00031 0.06592976301908493 5989.07 5251.16 6526.65 5252.56 6526.15 5446.77 5988.57 5445.37
26071-203-M6-337-00031 0.06423618644475937 5411.06 2806.34 5883.11 3189.84 5705.84 3408.04 5233.80 3024.54
26071-203-M6-337-00031 0.0632106214761734 4516.89 2328.42 4763.11 2217.98 4968.24 2675.33 4722.02 2785.77
26071-203-M6-337-00031 0.06045433506369591 4940.70 2605.88 5013.41 2605.00 5014.89 2726.83 4942.18 2727.71
26071-203-M6-337-00031 0.057454802095890045 5010.94 4563.23 5464.87 4611.81 5444.56 4801.60 4990.62 4753.02
26071-203-M6-337-00031 0.05543478578329086 4939.37 2964.60 5009.38 2962.22 5013.60 3086.14 4943.60 3088.52
26071-203-M6-337-00031 0.054983727633953094 4940.02 1463.94 5010.07 1461.99 5013.55 1586.63 4943.50 1588.59
26071-203-M6-337-00031 0.05448617786169052 4936.52 1827.19 5010.55 1821.26 5020.21 1941.98 4946.19 1947.91
26071-203-M6-337-00031 0.05389530211687088 4964.67 1885.24 5346.09 1836.95 5414.34 2375.91 5032.91 2424.20
26071-203-M6-337-00031 0.05325948819518089 4936.47 1107.62 5010.24 1101.70 5020.01 1223.43 4946.24 1229.35
26071-203-M6-337-00031 0.052914030849933624 1685.37 5485.98 2169.96 5496.57 2165.28 5710.80 1680.70 5700.21
26071-203-M6-337-00031 0.05203236639499664 235.20 4291.37 731.56 4359.94 721.82 4430.43 225.46 4361.86
26071-203-M6-337-00031 0.051376182585954666 4940.92 2214.24 5010.17 2211.91 5014.42 2337.87 4945.16 2340.21
26071-203-M6-337-00031 0.051076389849185944 492.84 2932.02 808.59 2947.72 805.71 3005.62 489.97 2989.92
26071-203-M6-337-00031 0.050736259669065475 5525.20 1718.71 6106.50 1784.01 6068.50 2122.25 5487.20 2056.95
26071-203-M6-337-00031 0.050586845725774765 4968.59 5319.18 5466.13 5307.83 5470.38 5494.04 4972.84 5505.39
26071-203-M6-337-00031 0.05005316063761711 4619.48 5038.23 5358.89 5083.46 5343.54 5334.48 4604.12 5289.25
26071-203-M6-332-00001 0.21080158650875092 4792.60 3090.24 5143.05 2832.28 5547.90 3382.29 5197.45 3640.25
26071-203-M6-332-00001 0.19706663489341736 3002.91 2925.06 3492.28 3390.75 3237.83 3658.14 2748.46 3192.45
26071-203-M6-332-00001 0.19125767052173615 3224.21 3046.53 3526.41 2789.87 4028.29 3380.82 3726.08 3637.48
26071-203-M6-332-00001 0.18450000882148743 5334.70 3027.78 5654.51 2783.55 6118.65 3391.30 5798.85 3635.54
26071-203-M6-332-00001 0.1753724366426468 3983.01 3052.92 4328.45 2800.10 4758.80 3388.10 4413.36 3640.92
26071-203-M6-332-00001 0.11041219532489777 4425.92 3005.22 4725.81 2802.55 5103.37 3361.25 4803.47 3563.91
26071-203-M6-332-00001 0.10264309495687485 5255.54 3269.83 5862.30 3300.22 5857.45 3397.03 5250.69 3366.64
26071-203-M6-332-00001 0.09873665124177933 7727.76 5808.76 8257.47 5815.90 8256.60 5880.68 7726.88 5873.54
26071-203-M6-332-00001 0.09092725813388824 7701.53 4846.80 8248.38 4859.32 8246.97 4920.77 7700.12 4908.25
26071-203-M6-332-00001 0.07943756133317947 7710.56 6041.22 8254.83 6061.33 8252.43 6126.21 7708.16 6106.10
26071-203-M6-332-00001 0.07863583415746689 2520.40 3134.96 2833.40 3004.10 3066.97 3562.79 2753.97 3693.64
26071-203-M6-332-00001 0.06409943848848343 5768.69 2813.79 6142.55 2681.30 6375.87 3339.68 6002.01 3472.17
26071-203-M6-332-00001 0.06373525410890579 3672.18 2811.87 4046.20 2680.87 4274.72 3333.34 3900.70 3464.33
26071-203-M6-332-00001 0.06219976022839546 244.08 2781.43 758.08 2882.17 745.08 2948.48 231.08 2847.74
26071-203-M6-332-00001 0.05915461480617523 7705.92 5042.26 8251.04 5149.26 8239.98 5205.57 7694.87 5098.57
26071-203-M6-332-00001 0.05912260338664055 233.66 3042.09 752.08 3085.06 746.33 3154.43 227.91 3111.46
26071-203-M6-332-00001 0.056633301079273224 274.46 6077.59 841.16 6086.28 840.19 6149.02 273.50 6140.33
26071-203-M6-332-00001 0.050676845014095306 7702.49 6304.84 8243.85 6282.91 8246.35 6344.60 7704.99 6366.53
26071-203-M6-079-00001 0.0949866995215416 7599.25 3923.13 8147.74 3906.06 8149.63 3966.73 7601.13 3983.79
26071-203-M6-079-00001 0.07757844030857086 7595.52 2970.91 8143.80 2966.23 8144.32 3026.92 7596.04 3031.60
26071-203-M6-079-00001 0.0743793249130249 351.65 3916.27 899.43 3912.90 899.81 3974.12 352.02 3977.49
26071-203-M6-079-00001 0.06375545263290405 7605.62 2022.24 8154.12 2025.15 8153.79 2087.56 7605.29 2084.66
26071-203-M6-079-00001 0.05856165289878845 7603.38 4981.14 8145.82 4971.13 8146.97 5033.40 7604.53 5043.42
26071-203-M6-079-00001 0.056896694004535675 7647.89 1064.52 8136.26 1093.84 8132.51 1156.37 7644.14 1127.05
26071-203-M6-079-00001 0.0562068447470665 7655.47 5911.64 8137.69 5930.96 8135.20 5992.95 7652.99 5973.63
26071-200-M6-052-00150 0.14499543607234955 3507.39 1810.23 3683.57 1751.45 3804.94 2115.25 3628.76 2174.03
26071-200-M6-052-00150 0.11273306608200073 2963.24 2938.79 3680.28 2947.36 3676.59 3255.88 2959.55 3247.31
26071-200-M6-052-00150 0.07527327537536621 3563.76 3832.03 4211.25 3826.65 4212.19 3939.19 3564.70 3944.57
26071-200-M6-052-00150 0.07285960763692856 3559.00 4164.38 4245.87 4197.94 4237.92 4360.66 3551.05 4327.10
26071-200-M6-052-00150 0.06374000012874603 2820.03 1183.49 2876.77 1175.59 2899.87 1341.41 2843.13 1349.31
26071-200-M6-052-00150 0.05397775024175644 4163.04 5819.43 4215.49 5795.52 4268.06 5910.82 4215.61 5934.73
26071-200-M6-052-00150 0.05017285421490669 3935.88 3520.78 4209.16 3349.08 4561.05 3909.13 4287.77 4080.83
26071-200-M6-052-00003 0.0919351652264595 4205.98 4622.17 4409.87 4622.11 4410.00 5070.38 4206.11 5070.44
26071-200-M6-052-00003 0.09110928326845169 4957.99 6041.67 5310.47 6035.41 5313.44 6202.84 4960.97 6209.10
26071-200-M6-052-00003 0.06357844918966293 1609.82 2381.99 1671.15 2374.13 1691.00 2529.10 1629.67 2536.95
26071-200-M6-052-00003 0.05866110697388649 7716.78 3446.69 8254.49 3429.63 8256.49 3492.82 7718.78 3509.89
26071-200-M6-052-00003 0.056718677282333374 3413.22 3814.15 3903.91 3806.42 3906.18 3950.34 3415.49 3958.07
26071-200-M6-052-00003 0.050114408135414124 5644.55 2777.39 5789.58 2742.58 5833.75 2926.61 5688.72 2961.42
26071-700-M6-054-00013 0.06718845665454865 3570.50 4579.05 3731.25 4559.71 3752.55 4736.75 3591.81 4756.09
26071-700-M6-054-00013 0.06600365042686462 348.42 2730.11 895.21 2733.26 894.85 2795.65 348.06 2792.49
26071-700-M6-054-00013 0.06472382694482803 7605.75 5920.93 8153.70 5923.47 8153.42 5985.27 7605.47 5982.74
26071-700-M6-054-00013 0.05941728129982948 340.83 1554.62 887.97 1548.28 888.69 1610.62 341.56 1616.96
26071-700-M6-054-00013 0.05854908749461174 354.85 3445.92 899.84 3436.35 900.94 3498.81 355.94 3508.38
26071-700-M6-054-00013 0.05110887065529823 3565.86 3048.08 3732.64 3039.23 3741.75 3210.93 3574.97 3219.78
26071-203-M6-321-00225 0.07530742138624191 7668.99 4818.58 8099.82 4822.61 8099.22 4886.76 7668.39 4882.73
26071-203-M6-321-00225 0.07171829789876938 7678.53 4583.75 8218.88 4584.34 8218.81 4646.19 7678.46 4645.60
26071-203-M6-321-00225 0.06969249248504639 320.08 5698.76 886.01 5689.62 887.06 5754.96 321.13 5764.09
26071-203-M6-321-00225 0.06504584103822708 7674.85 4013.43 8218.68 4009.71 8219.11 4071.59 7675.28 4075.30
26071-203-M6-321-00225 0.0642583817243576 308.26 5454.88 862.88 5442.90 864.25 5505.93 309.63 5517.91
26071-203-M6-321-00225 0.06281226128339767 279.74 1799.14 874.41 1781.65 876.37 1848.18 281.70 1865.67
26071-700-M6-054-00036 0.3886132836341858 4024.22 3468.70 4569.03 3510.51 4553.89 3707.73 4009.08 3665.92
26071-700-M6-054-00036 0.08383545279502869 3896.27 3434.18 4358.07 3877.61 4177.29 4065.87 3715.50 3622.45
26071-700-M6-054-00036 0.0718417540192604 4115.75 3148.06 4909.16 3401.46 4834.76 3634.41 4041.35 3381.01
26071-700-M6-054-00036 0.0625569075345993 5985.44 254.90 6258.54 279.82 6248.74 387.29 5975.64 362.37
26071-700-M6-054-00036 0.0616215243935585 4718.59 1516.80 5113.70 1657.99 5076.10 1763.22 4680.98 1622.03
26071-700-M6-054-00036 0.05209152773022652 4291.93 1460.54 4570.55 1308.16 4861.54 1840.20 4582.92 1992.59
26071-700-M6-054-00036 0.050833407789468765 4603.35 3502.49 4739.09 3505.44 4732.43 3811.48 4596.70 3808.53
26071-600-M6-065-00231 0.4600570797920227 6508.00 3289.61 7044.52 3307.57 7037.94 3504.18 6501.42 3486.22
26071-600-M6-065-00231 0.2832622528076172 6051.88 3309.61 6579.32 3313.38 6577.99 3500.41 6050.54 3496.65
26071-600-M6-065-00231 0.26876166462898254 3206.01 3494.05 3809.45 3518.98 3801.11 3720.84 3197.66 3695.90
26071-600-M6-065-00231 0.1089952364563942 6957.55 3295.67 7436.22 3323.25 7426.45 3492.70 6947.78 3465.12
26071-600-M6-065-00231 0.08438363671302795 7601.23 5300.69 8143.13 5289.98 8144.38 5353.42 7602.49 5364.13
26071-600-M6-065-00231 0.07009890675544739 7650.62 4514.03 8136.76 4565.48 8130.18 4627.60 7644.04 4576.15
26071-600-M6-065-00231 0.06775787472724915 3189.03 5332.74 3862.80 5360.75 3851.83 5624.31 3178.07 5596.30
26071-600-M6-065-00231 0.05744270980358124 7645.74 6134.22 8141.06 6179.08 8135.22 6243.53 7639.90 6198.67
26071-500-M6-059-00071 0.14809446036815643 1312.16 4036.91 1950.70 4037.93 1950.43 4208.62 1311.89 4207.60
26071-500-M6-059-00071 0.10263919830322266 7593.12 4511.81 8139.39 4495.85 8141.18 4557.07 7594.91 4573.03
26071-500-M6-059-00071 0.0801517590880394 7675.72 4843.58 8131.66 4874.99 8127.80 4931.12 7671.85 4899.71
26071-500-M6-059-00071 0.07542403787374496 7590.41 3962.86 8125.46 3943.10 8127.88 4008.54 7592.83 4028.30
26071-500-M6-059-00071 0.06871728599071503 1579.34 5426.18 1648.50 5381.40 1727.18 5502.91 1658.01 5547.69
26071-500-M6-059-00071 0.06497960537672043 891.73 5167.00 1035.94 5196.15 1005.54 5346.56 861.32 5317.41
26071-500-M6-059-00071 0.06318238377571106 7733.04 1193.52 8105.32 1206.16 8103.52 1259.21 7731.24 1246.57
26071-500-M6-059-00071 0.05930430442094803 7574.12 3563.80 8127.93 3558.16 8128.53 3617.42 7574.72 3623.05
26071-500-M6-059-00071 0.057018306106328964 1341.48 3611.59 1919.23 3597.54 1924.27 3804.62 1346.52 3818.66
26071-203-M6-320-00008 0.0686710849404335 4868.58 3863.74 5013.58 3859.99 5019.38 4083.74 4874.38 4087.50
26071-203-M6-320-00008 0.05622653290629387 2324.32 3970.94 2680.17 3947.33 2720.43 4554.21 2364.59 4577.82
26071-500-M6-059-00116 0.4228743612766266 3911.73 4082.36 4486.37 4078.28 4487.81 4280.65 3913.17 4284.73
26071-500-M6-059-00116 0.2532384991645813 3579.49 2404.79 3751.00 2412.31 3742.06 2616.18 3570.55 2608.66
26071-500-M6-059-00116 0.2020043283700943 4391.72 4080.60 4830.15 4058.07 4841.53 4279.60 4403.10 4302.13
26071-500-M6-059-00116 0.1004905104637146 7718.37 1178.95 8111.21 1220.73 8105.12 1277.98 7712.28 1236.20
26071-500-M6-059-00116 0.08249472081661224 7595.16 4153.81 8142.89 4144.98 8143.88 4206.35 7596.15 4215.18
26071-500-M6-059-00116 0.06734403967857361 349.41 6041.54 895.54 6038.01 895.95 6100.52 349.82 6104.05
26071-500-M6-059-00116 0.06632796674966812 7597.71 3260.40 8140.46 3262.35 8140.23 3326.90 7597.48 3324.95
26071-500-M6-059-00116 0.06025829166173935 4027.81 4201.07 4841.67 4283.74 4818.11 4515.71 4004.25 4433.04
26071-550-M6-084-00026 0.08144420385360718 6314.43 2856.45 6410.58 2851.45 6444.09 3495.44 6347.95 3500.44
26071-550-M6-084-00026 0.05679163709282875 7318.55 3467.11 7456.07 3463.41 7457.42 3513.56 7319.90 3517.25
26071-550-M6-084-00026 0.0551745742559433 6648.83 3407.84 7109.82 3381.36 7114.16 3457.03 6653.17 3483.50
26071-550-M6-084-00026 0.051357969641685486 2485.31 2953.71 2588.39 2941.42 2604.62 3077.49 2501.54 3089.78
26071-203-M6-337-00007 0.09249243140220642 5690.06 5173.18 5851.61 5166.82 5858.46 5340.95 5696.91 5347.30
26071-203-M6-337-00007 0.06614749133586884 287.20 1195.89 843.99 1194.24 844.17 1255.23 287.38 1256.89
26071-203-M6-337-00007 0.06018400192260742 7598.41 2834.13 8154.28 2828.14 8154.94 2889.97 7599.07 2895.96
26071-203-M6-337-00007 0.05257207527756691 5195.23 5574.68 5328.61 5575.55 5326.75 5861.92 5193.38 5861.05
26071-200-M6-052-00090 0.43432775139808655 2731.77 3463.06 3274.91 3452.11 3278.86 3648.03 2735.72 3658.98
26071-200-M6-052-00090 0.42561137676239014 5728.46 3444.19 6288.29 3452.07 6285.43 3655.04 5725.60 3647.15
26071-200-M6-052-00090 0.1995617151260376 3321.86 3453.12 3503.73 3464.99 3489.64 3680.90 3307.77 3669.04
26071-200-M6-052-00090 0.1921136975288391 6334.20 3458.90 6511.55 3465.41 6503.94 3672.49 6326.59 3665.97
26071-200-M6-052-00090 0.14628472924232483 2504.14 3354.17 3002.67 3345.62 3005.56 3514.16 2507.03 3522.72
26071-200-M6-052-00090 0.13838905096054077 2372.59 3345.45 2517.44 3345.79 2516.62 3697.62 2371.77 3697.28
26071-200-M6-052-00090 0.0962039902806282 5256.16 3221.43 5484.24 3073.00 5868.67 3663.72 5640.60 3812.15
26071-200-M6-052-00090 0.09556986391544342 3389.60 3678.97 3466.05 3683.99 3457.05 3820.97 3380.61 3815.95
26071-200-M6-052-00090 0.09348973631858826 6403.83 3303.74 6465.11 3302.78 6467.02 3423.85 6405.74 3424.82
26071-200-M6-052-00090 0.09302301704883575 6403.36 3693.15 6475.47 3694.82 6472.67 3815.52 6400.56 3813.85
26071-200-M6-052-00090 0.08915840834379196 5577.70 3342.43 6126.91 3305.70 6137.52 3464.28 5588.31 3501.02
26071-200-M6-052-00090 0.08438178896903992 3400.44 3299.90 3461.36 3298.63 3464.13 3431.48 3403.21 3432.75
26071-200-M6-052-00090 0.06911240518093109 236.31 1195.58 776.20 1195.58 776.20 1256.94 236.31 1256.95
26071-200-M6-052-00090 0.06233389303088188 5362.49 3381.37 5514.61 3369.00 5542.92 3717.19 5390.80 3729.56
26071-200-M6-052-00090 0.05759602040052414 1752.51 2390.41 2110.12 2386.38 2111.11 2473.54 1753.49 2477.56
26071-200-M6-052-00090 0.05421411991119385 6164.16 3036.74 6803.84 3437.63 6662.20 3663.65 6022.51 3262.76
26071-200-M6-052-00090 0.05300949886441231 2974.89 1587.38 3130.88 1545.60 3177.97 1721.44 3021.98 1763.22
26071-200-M6-052-00090 0.05283327400684357 2611.36 3519.77 2740.33 3461.56 2859.68 3726.00 2730.70 3784.21
26071-200-M6-052-00090 0.051584262400865555 2901.11 3147.60 3656.64 3303.88 3595.67 3598.60 2840.15 3442.32
26071-203-M6-320-00061 0.07796736806631088 946.83 3637.08 1087.55 3730.59 971.51 3905.21 830.79 3811.70
26071-600-M6-065-00037 0.0794471725821495 7600.07 5753.96 8136.95 5737.44 8138.83 5798.48 7601.95 5814.99
26071-600-M6-065-00037 0.077337846159935 5243.13 3447.99 5431.89 3483.90 5348.46 3922.46 5159.69 3886.55
26071-600-M6-065-00037 0.07219233363866806 1839.05 3438.99 2012.38 3362.80 2275.83 3962.12 2102.50 4038.31
26071-600-M6-065-00037 0.06643342226743698 7627.20 1354.49 8142.92 1395.29 8138.04 1457.01 7622.31 1416.21
26071-600-M6-065-00037 0.06199272722005844 6044.26 3317.39 6583.47 3319.53 6582.53 3555.98 6043.32 3553.84
26071-600-M6-065-00037 0.06089391931891441 1876.31 4278.18 2050.52 4306.88 1991.35 4666.15 1817.13 4637.46
26071-600-M6-065-00037 0.060307323932647705 352.49 5748.69 900.47 5741.25 901.30 5803.01 353.33 5810.45
26071-600-M6-065-00037 0.05771055072546005 5186.87 4199.05 5384.76 4238.78 5297.43 4673.74 5099.54 4634.01
26071-600-M6-065-00037 0.055908653885126114 345.19 2441.24 889.02 2431.55 890.13 2494.27 346.31 2503.96
26071-600-M6-065-00037 0.05534633621573448 2701.74 3291.55 3230.54 3330.65 3213.84 3556.46 2685.05 3517.36
26071-300-M6-053-00010 0.5847786068916321 2083.01 4304.74 2627.87 4308.67 2626.33 4521.80 2081.48 4517.88
26071-300-M6-053-00010 0.09722062200307846 1977.44 4369.37 2622.03 4544.14 2546.28 4823.49 1901.70 4648.71
26071-300-M6-053-00010 0.09276343882083893 3218.44 4042.91 3527.83 4006.91 3596.04 4593.13 3286.65 4629.13
26071-300-M6-053-00010 0.09184792637825012 2685.30 4164.21 2745.03 4166.53 2740.63 4279.81 2680.90 4277.50
26071-300-M6-053-00010 0.06507391482591629 4731.23 6358.36 5064.46 6397.81 5046.66 6548.16 4713.43 6508.71
26071-300-M6-053-00010 0.06258220225572586 3465.41 3926.39 3745.13 3852.81 3928.27 4549.01 3648.55 4622.59
26071-300-M6-053-00010 0.058403462171554565 338.81 6043.51 887.42 6036.54 888.21 6099.09 339.61 6106.07
26071-300-M6-053-00010 0.056330274790525436 7601.21 1083.79 8145.12 1075.16 8146.11 1137.50 7602.20 1146.13
26071-300-M6-053-00010 0.053162623196840286 2475.44 4338.10 2810.18 4272.89 2927.14 4873.29 2592.40 4938.49
26071-203-M6-320-00042 0.0794309452176094 5530.16 3294.07 5591.47 3304.82 5571.93 3416.34 5510.62 3405.60
26071-203-M6-320-00042 0.06427574157714844 2588.58 3525.48 2709.00 3518.45 2731.67 3906.30 2611.24 3913.33
26071-203-M6-320-00042 0.060663290321826935 2180.34 3540.21 2321.12 3525.21 2360.18 3891.84 2219.40 3906.84
26071-203-M6-320-00042 0.05012322589755058 4219.99 3485.24 4328.53 3491.49 4288.87 4179.86 4180.33 4173.60
26071-200-M6-052-00540 0.28882652521133423 3797.38 4372.68 4364.23 4367.89 4365.74 4545.52 3798.88 4550.30
26071-200-M6-052-00540 0.13418294489383698 5966.81 4400.44 6525.19 4400.30 6525.23 4566.76 5966.85 4566.90
26071-200-M6-052-00540 0.11291084438562393 6840.77 4430.78 7496.09 4400.86 7501.26 4514.07 6845.94 4544.00
26071-200-M6-052-00540 0.10883405059576035 1244.49 4392.04 1837.84 4394.48 1837.12 4569.22 1243.77 4566.78
26071-200-M6-052-00540 0.10813504457473755 4459.72 4383.40 5032.75 4388.50 5031.19 4564.14 4458.15 4559.04
26071-200-M6-052-00540 0.08628509938716888 7009.47 5345.39 7076.20 5342.96 7090.87 5745.65 7024.14 5748.08
26071-200-M6-052-00540 0.08180680125951767 4238.24 5317.03 4301.19 5307.77 4364.61 5739.05 4301.65 5748.31
26071-200-M6-052-00540 0.08054103702306747 4619.49 5334.78 4687.31 5331.28 4708.80 5746.93 4640.98 5750.44
26071-200-M6-052-00540 0.0805070549249649 3371.17 5320.71 3433.00 5312.64 3488.17 5735.45 3426.34 5743.52
26071-200-M6-052-00540 0.078960120677948 947.40 5321.71 1009.84 5313.38 1066.04 5734.71 1003.61 5743.04
26071-200-M6-052-00540 0.07793015241622925 1327.44 5337.97 1395.39 5335.59 1409.88 5750.00 1341.93 5752.38
26071-200-M6-052-00540 0.07711093872785568 7824.51 5312.42 7887.07 5300.85 7968.50 5740.99 7905.94 5752.57
26071-200-M6-052-00540 0.07550954073667526 6061.87 5313.55 6122.45 5306.56 6172.58 5740.79 6112.00 5747.78
26071-200-M6-052-00540 0.07358092069625854 6422.90 5333.51 6485.86 5328.38 6522.72 5780.11 6459.77 5785.25
26071-200-M6-052-00540 0.07344762235879898 5792.81 694.59 5844.46 683.47 5927.40 1068.45 5875.75 1079.58
26071-200-M6-052-00540 0.07219630479812622 2725.54 5284.35 2791.73 5288.77 2763.10 5717.45 2696.91 5713.03
26071-200-M6-052-00540 0.07071185111999512 4831.07 5281.81 4896.02 5286.28 4866.70 5712.21 4801.75 5707.74
26071-200-M6-052-00540 0.07064598053693771 499.83 4390.86 1021.62 4394.73 1020.42 4556.66 498.63 4552.79
26071-200-M6-052-00540 0.06886126101016998 7704.42 3679.74 8229.52 3679.03 8229.60 3744.02 7704.51 3744.73
26071-200-M6-052-00540 0.06761801242828369 1886.71 5329.91 1951.36 5324.65 1984.43 5731.17 1919.78 5736.43
26071-200-M6-052-00540 0.06734355539083481 5377.69 5315.30 5440.04 5306.44 5496.25 5701.66 5433.90 5710.52
26071-200-M6-052-00540 0.0670648142695427 1622.51 1167.89 1692.28 1163.91 1717.51 1606.53 1647.74 1610.51
26071-200-M6-052-00540 0.06694070994853973 5240.92 5308.95 5305.01 5313.40 5276.58 5722.88 5212.49 5718.44
26071-200-M6-052-00540 0.0667794942855835 1535.98 5283.96 1602.88 5289.31 1568.61 5717.06 1501.72 5711.71
26071-200-M6-052-00540 0.0652208924293518 2225.48 673.54 2283.25 670.13 2308.60 1099.65 2250.83 1103.06
26071-200-M6-052-00540 0.06163347512483597 2793.17 1124.86 2861.49 1122.24 2879.33 1586.96 2811.01 1589.58
26071-200-M6-052-00540 0.06126696243882179 7211.66 5282.90 7275.97 5285.89 7256.19 5710.40 7191.88 5707.41
26071-200-M6-052-00540 0.0610056035220623 6622.91 5306.28 6684.23 5292.61 6785.95 5748.78 6724.63 5762.45
26071-200-M6-052-00540 0.060579899698495865 8103.63 5293.58 8162.53 5299.46 8122.61 5699.31 8063.71 5693.43
26071-200-M6-052-00540 0.05885886028409004 582.31 5297.98 647.47 5295.69 662.43 5722.08 597.28 5724.37
26071-200-M6-052-00540 0.0587092861533165 3582.73 5292.97 3642.16 5287.90 3678.09 5709.30 3618.66 5714.37
26071-200-M6-052-00540 0.058487098664045334 6707.14 1131.00 6760.67 1122.06 6834.16 1562.05 6780.63 1570.99
26071-200-M6-052-00540 0.0579102486371994 2527.04 5304.06 2595.17 5301.20 2614.12 5753.13 2546.00 5755.98
26071-200-M6-052-00540 0.05707462877035141 6080.51 1149.76 6134.06 1137.31 6224.50 1526.51 6170.94 1538.95
26071-200-M6-052-00540 0.05685153603553772 5512.08 1132.21 5576.88 1125.65 5625.21 1602.62 5560.41 1609.18
26071-200-M6-052-00540 0.05677390471100807 707.76 1128.57 761.68 1119.89 832.43 1559.33 778.51 1568.01
26071-200-M6-052-00540 0.0543816015124321 3706.79 1100.32 3759.05 1094.83 3816.37 1640.24 3764.11 1645.74
26071-200-M6-052-00540 0.054333217442035675 7715.15 3307.27 8263.73 3337.64 8260.13 3402.61 7711.55 3372.25
26071-200-M6-052-00540 0.053421515971422195 7885.57 1115.72 7951.62 1110.81 7986.06 1573.86 7920.02 1578.78
26071-200-M6-052-00540 0.05253281444311142 1280.50 787.47 1346.61 768.08 1457.43 1145.77 1391.32 1165.16
26071-200-M6-052-00540 0.051930982619524 1925.45 1162.34 2000.41 1160.44 2011.72 1605.93 1936.76 1607.83
26071-200-M6-052-00540 0.05180749297142029 4622.21 695.07 4673.87 687.32 4734.60 1092.36 4682.94 1100.11
26071-200-M6-052-00540 0.05083826556801796 3984.86 798.63 4050.45 782.41 4140.69 1147.20 4075.10 1163.42
26071-200-M6-052-00540 0.05076838284730911 4884.44 4745.13 4974.89 4724.36 5064.34 5113.85 4973.89 5134.62
26071-203-M6-160-00291 0.4636346101760864 2838.69 3568.69 3856.88 3597.13 3849.94 3845.62 2831.75 3817.19
26071-203-M6-160-00291 0.16731803119182587 2064.21 3623.01 2765.15 3584.82 2776.22 3788.14 2075.29 3826.33
26071-203-M6-160-00291 0.07581199705600739 2938.66 2161.67 3296.80 2244.68 3266.74 2374.33 2908.61 2291.32
26071-203-M6-160-00291 0.07540956139564514 2914.48 3666.53 3730.73 3925.59 3648.03 4186.18 2831.78 3927.12
26071-203-M6-160-00291 0.0744231641292572 7598.98 1024.46 8143.29 1019.24 8143.89 1082.15 7599.58 1087.37
26071-203-M6-160-00291 0.07050588726997375 2419.56 5513.72 2756.84 5512.56 2757.26 5633.11 2419.97 5634.28
26071-203-M6-160-00291 0.07043999433517456 4878.75 5515.81 5202.75 5525.06 5199.55 5636.95 4875.56 5627.69
26071-203-M6-160-00291 0.05417035520076752 337.25 1497.83 893.45 1492.52 894.04 1553.81 337.84 1559.12
26071-203-M6-160-00291 0.05368424206972122 3288.56 3214.84 4032.84 3383.33 3950.41 3747.44 3206.14 3578.95
26071-203-M6-160-00291 0.05343801900744438 7630.73 4332.88 8138.16 4371.03 8133.62 4431.41 7626.19 4393.26
26071-203-M6-160-00291 0.05312717333436012 6196.28 3240.28 6472.97 3254.76 6463.94 3427.23 6187.25 3412.75
26071-600-M6-066-00002 0.1043660044670105 7589.80 4868.23 8126.66 4851.48 8128.60 4913.50 7591.73 4930.26
26071-600-M6-066-00002 0.07473576068878174 7601.02 3897.84 8156.40 3925.79 8153.33 3986.93 7597.95 3958.98
26071-600-M6-066-00002 0.06738022714853287 7602.12 3270.11 8142.06 3257.38 8143.52 3319.72 7603.59 3332.44
26071-600-M6-066-00002 0.06735493987798691 7628.71 5198.46 8140.75 5223.57 8137.58 5288.27 7625.54 5263.16
26071-600-M6-066-00002 0.06278336048126221 342.13 3914.68 893.31 3913.00 893.50 3974.47 342.31 3976.16
26071-600-M6-066-00002 0.051608141511678696 4230.32 2478.12 4391.92 2425.86 4450.22 2606.18 4288.63 2658.43
26071-300-M6-053-00008 0.19041374325752258 5192.58 1963.30 5866.29 1961.52 5867.04 2244.46 5193.32 2246.24
26071-300-M6-053-00008 0.10402804613113403 5150.15 4803.29 5869.24 4793.34 5871.33 4944.56 5152.25 4954.51
26071-300-M6-053-00008 0.09525682032108307 349.37 2734.61 888.64 2732.01 888.93 2793.89 349.67 2796.49
26071-300-M6-053-00008 0.08287495374679565 7598.76 493.31 8139.26 482.54 8140.52 545.93 7600.03 556.70
26071-300-M6-053-00008 0.07691923528909683 5834.10 2383.67 5932.20 2385.58 5921.13 2957.19 5823.03 2955.29
26071-300-M6-053-00008 0.0645395964384079 7638.57 5538.00 8146.62 5597.04 8139.57 5657.70 7631.52 5598.66
26071-300-M6-053-00008 0.05861508101224899 357.51 722.00 900.60 723.72 900.40 785.93 357.31 784.21
26071-300-M6-053-00008 0.05427895858883858 3541.54 3988.84 3701.10 3950.72 3742.33 4123.28 3582.77 4161.40
26071-203-M6-060-00001 0.07925812155008316 7596.09 4627.75 8141.31 4619.80 8142.22 4681.85 7597.00 4689.80
26071-203-M6-060-00001 0.05609705299139023 7635.51 2480.01 8141.39 2510.39 8137.58 2573.85 7631.70 2543.47
26071-203-M6-060-00001 0.05586041137576103 2878.81 2363.71 3234.55 2366.76 3233.00 2546.48 2877.27 2543.43
26071-203-M6-060-00001 0.05439599230885506 7604.68 5568.44 8148.11 5569.01 8148.04 5630.56 7604.61 5629.99
26071-203-M6-060-00001 0.05125829949975014 7717.92 3430.03 8115.08 3454.87 8111.62 3510.20 7714.46 3485.36
26071-200-M6-063-00010 0.5566318035125732 2543.47 3984.23 3085.24 3961.59 3093.45 4158.04 2551.68 4180.67
26071-200-M6-063-00010 0.12119979411363602 3016.55 3961.60 3211.12 3903.50 3275.85 4120.29 3081.28 4178.38
26071-200-M6-063-00010 0.11156662553548813 4002.38 4466.87 4486.05 4455.39 4490.64 4648.61 4006.97 4660.09
26071-200-M6-063-00010 0.09556104242801666 3967.60 3423.20 4535.98 3433.48 4532.34 3634.62 3963.96 3624.34
26071-200-M6-063-00010 0.09133630990982056 2346.65 3895.73 2856.14 4185.97 2710.45 4441.72 2200.96 4151.48
26071-200-M6-063-00010 0.07362755388021469 336.14 4505.57 890.57 4507.02 890.41 4568.57 335.98 4567.12
26071-203-M6-060-00006 0.41890886425971985 3331.89 4213.93 3758.41 4186.72 3771.97 4399.30 3345.45 4426.51
26071-203-M6-060-00006 0.334852933883667 2674.57 4260.94 3122.55 4217.16 3141.81 4414.20 2693.83 4457.98
26071-203-M6-060-00006 0.18279162049293518 5923.50 4107.54 6417.54 4083.97 6425.68 4254.71 5931.65 4278.28
26071-203-M6-060-00006 0.09924044460058212 6481.42 4060.33 7271.65 4003.99 7290.79 4272.32 6500.56 4328.66
26071-203-M6-060-00006 0.06971175968647003 7595.39 6042.56 8138.72 6037.44 8139.29 6098.69 7595.97 6103.82
26071-203-M6-060-00006 0.06481056660413742 4187.79 4766.27 4342.80 4795.73 4314.33 4945.55 4159.32 4916.09
26071-203-M6-060-00006 0.06195550039410591 349.64 2734.41 898.91 2729.82 899.43 2791.35 350.15 2795.94
26071-675-M6-068-00041 0.051501184701919556 270.68 1039.31 813.46 1051.58 812.05 1113.75 269.28 1101.47
26071-300-M6-053-00012 0.68269944190979 5135.79 2266.67 5696.21 2261.87 5697.95 2464.32 5137.53 2469.13
26071-300-M6-053-00012 0.1378127634525299 5705.93 2121.60 5773.88 2119.62 5777.18 2232.55 5709.22 2234.54
26071-300-M6-053-00012 0.13157160580158234 4165.13 3497.02 4350.04 3516.55 4302.56 3966.18 4117.65 3946.65
26071-300-M6-053-00012 0.07811111956834793 4980.62 2437.52 5725.49 2434.11 5726.69 2695.19 4981.81 2698.59
26071-300-M6-053-00012 0.07317901402711868 5608.86 2049.40 6184.83 2477.16 6034.45 2679.65 5458.48 2251.89
26071-300-M6-053-00012 0.06804295629262924 338.32 5102.78 893.89 5090.33 895.26 5151.80 339.70 5164.25
26071-300-M6-053-00012 0.06714356690645218 331.43 958.53 885.73 958.80 885.70 1020.94 331.40 1020.67
26071-300-M6-053-00012 0.06578319519758224 7639.42 1120.84 8142.24 1154.20 8138.14 1216.02 7635.32 1182.66
26071-300-M6-053-00012 0.06400322169065475 7211.17 2777.27 7698.21 2786.98 7693.58 3019.42 7206.53 3009.70
26071-300-M6-053-00012 0.05676738917827606 357.66 4619.77 898.62 4622.39 898.32 4684.97 357.36 4682.36
26071-300-M6-053-00012 0.05546081066131592 3386.98 2758.97 3482.36 2761.46 3467.99 3312.45 3372.62 3309.97
26071-450-M6-082-00221 0.0864453837275505 352.65 4980.50 895.18 4970.57 896.34 5033.96 353.81 5043.89
26071-450-M6-082-00221 0.050715941935777664 346.16 5439.89 893.11 5456.79 891.17 5519.75 344.21 5502.85
26071-675-M6-068-00034 0.2824118137359619 2595.78 4849.78 3083.31 4825.50 3093.77 5035.39 2606.23 5059.67
26071-675-M6-068-00034 0.17557202279567719 3388.46 4835.63 3908.29 4842.91 3905.43 5047.68 3385.60 5040.40
26071-675-M6-068-00034 0.08835559338331223 7680.31 3448.55 8220.31 3437.17 8221.58 3497.39 7681.58 3508.77
26071-675-M6-068-00034 0.07638883590698242 303.25 6037.00 858.47 6064.75 855.41 6125.90 300.20 6098.14
26071-675-M6-068-00034 0.07478195428848267 7679.91 2213.09 8229.68 2213.19 8229.67 2277.49 7679.90 2277.38
26071-675-M6-068-00034 0.0673186406493187 3125.55 4260.04 3730.67 4261.52 3730.15 4472.89 3125.03 4471.41
26071-675-M6-068-00034 0.06119626760482788 7680.61 1174.02 8239.37 1212.97 8234.88 1277.35 7676.13 1238.40
26071-675-M6-068-00034 0.05695077031850815 7682.61 1809.65 8234.82 1840.41 8231.33 1902.98 7679.13 1872.22
26071-675-M6-068-00034 0.05681445449590683 323.43 4283.07 859.77 4281.61 859.95 4344.29 323.60 4345.75
26071-675-M6-068-00034 0.05435670167207718 2839.13 4538.91 3488.93 4881.65 3354.58 5136.37 2704.77 4793.64
26071-675-M6-068-00034 0.05397414416074753 7683.53 1507.68 8233.84 1541.38 8229.97 1604.65 7679.65 1570.95
26071-675-M6-068-00034 0.05155039206147194 3542.04 4717.63 3928.17 4839.87 3900.36 4927.71 3514.23 4805.47
26071-675-M6-068-00034 0.050059638917446136 3839.16 1464.47 4005.31 1440.27 4046.63 1724.00 3880.48 1748.20
26071-450-M6-082-00031 0.7797453999519348 3070.72 3217.18 3600.45 3220.94 3598.92 3437.72 3069.18 3433.97
26071-450-M6-082-00031 0.13642393052577972 3423.98 3019.13 4031.09 3271.19 3937.27 3497.18 3330.15 3245.13
26071-450-M6-082-00031 0.09410720318555832 7609.62 6101.69 8154.82 6103.95 8154.58 6163.27 7609.38 6161.01
26071-450-M6-082-00031 0.0931185930967331 7588.16 969.86 8133.96 952.27 8135.97 1014.62 7590.17 1032.22
26071-450-M6-082-00031 0.07929090410470963 332.61 962.53 886.45 958.35 886.91 1020.02 333.08 1024.19
26071-450-M6-082-00031 0.07520709931850433 7625.29 1607.29 8149.11 1640.84 8145.17 1702.29 7621.35 1668.74
26071-450-M6-082-00031 0.0710538998246193 3001.15 3272.29 3336.55 3518.52 3224.21 3671.53 2888.81 3425.30
26071-450-M6-082-00031 0.06346876919269562 7634.15 2095.07 8092.69 2092.41 8093.02 2149.82 7634.48 2152.48
26071-450-M6-082-00031 0.06019551306962967 7635.71 6323.90 8144.70 6347.00 8141.85 6409.70 7632.87 6386.60
26071-450-M6-082-00031 0.05589458718895912 7605.17 3955.57 8129.78 3944.92 8130.94 4001.88 7606.32 4012.52
26071-450-M6-082-00031 0.05547117814421654 3075.13 2990.42 3427.55 2993.18 3426.96 3068.17 3074.54 3065.41
26071-450-M6-082-00031 0.052711889147758484 7614.28 5824.15 8148.52 5888.13 8140.53 5954.85 7606.29 5890.87
26071-450-M6-082-00031 0.0505676344037056 7605.19 5528.02 8149.66 5605.51 8141.00 5666.31 7596.54 5588.81
26071-200-M6-062-00276 0.12409470975399017 3203.26 5276.42 3928.86 5306.10 3920.81 5502.77 3195.21 5473.08
26071-200-M6-062-00276 0.11917830258607864 5190.09 3930.58 5302.09 3948.70 5169.63 4767.58 5057.63 4749.47
26071-200-M6-062-00276 0.08618734031915665 4746.29 3057.03 4912.07 3033.88 4935.29 3200.13 4769.51 3223.28
26071-200-M6-062-00276 0.07999972999095917 7598.17 4391.67 8141.77 4381.63 8142.94 4444.78 7599.34 4454.82
26071-200-M6-062-00276 0.07607893645763397 7590.60 1797.68 8136.26 1780.84 8138.19 1843.31 7592.52 1860.15
26071-200-M6-062-00276 0.0755995437502861 3157.76 3909.27 3250.20 3910.91 3236.86 4661.01 3144.42 4659.37
26071-200-M6-062-00276 0.06997890025377274 3883.86 4450.03 3984.03 4458.50 3916.06 5262.42 3815.89 5253.95
26071-200-M6-062-00276 0.06496743857860565 4080.11 4795.87 4485.19 4828.87 4475.98 4941.88 4070.91 4908.88
26071-200-M6-062-00276 0.06401629745960236 6035.26 4087.14 6150.35 4089.33 6143.58 4444.56 6028.50 4442.36
26071-200-M6-062-00276 0.0618971511721611 5022.43 3943.34 5156.66 3961.42 5067.39 4624.29 4933.16 4606.21
26071-200-M6-062-00276 0.06035205349326134 4044.96 4180.47 4206.39 4147.54 4273.52 4476.65 4112.09 4509.58
26071-200-M6-062-00276 0.055321428924798965 2399.90 4580.71 2523.13 4636.41 2489.38 4711.07 2366.15 4655.36
26071-200-M6-062-00276 0.05154266208410263 5514.11 4255.73 5641.82 4260.32 5623.60 4766.90 5495.89 4762.30
26071-200-M6-062-00276 0.05074320361018181 334.90 1793.03 892.23 1788.42 892.74 1850.48 335.41 1855.09
26071-500-M6-059-00011 0.16414542496204376 3516.53 3465.64 4311.50 3402.29 4332.85 3670.24 3537.88 3733.60
26071-500-M6-059-00011 0.1461620181798935 3593.63 3869.82 4087.93 3852.58 4095.01 4055.62 3600.72 4072.85
26071-500-M6-059-00011 0.07882368564605713 7676.12 3841.79 8121.07 3870.67 8117.30 3928.78 7672.35 3899.90
26071-500-M6-059-00011 0.07423000037670135 7657.33 4602.54 8136.12 4645.11 8130.83 4704.65 7652.03 4662.08
26071-500-M6-059-00011 0.06320545077323914 3560.89 4061.59 4029.87 4043.78 4036.65 4222.51 3567.68 4240.31
26071-500-M6-059-00011 0.05496617779135704 3656.30 5078.99 4262.62 5302.21 4150.59 5606.50 3544.27 5383.28
26071-500-M6-059-00011 0.0545908585190773 4310.84 4752.43 4731.59 4796.17 4714.48 4960.74 4293.73 4917.00
26071-500-M6-059-00011 0.052118897438049316 7655.28 1345.31 8130.76 1382.00 8126.17 1441.48 7650.69 1404.79
26071-500-M6-059-00011 0.05207696929574013 349.64 1836.61 891.40 1829.10 892.28 1892.29 350.52 1899.80
26071-600-M6-065-00021 0.12993423640727997 1733.34 3461.83 2419.56 3446.54 2423.60 3627.65 1737.38 3642.95
26071-600-M6-065-00021 0.10559964925050735 2098.44 1399.75 2733.77 1383.91 2740.70 1661.70 2105.37 1677.54
26071-600-M6-065-00021 0.10000361502170563 5037.85 4787.87 5551.80 4794.03 5549.63 4975.63 5035.67 4969.47
26071-600-M6-065-00021 0.09092579782009125 3838.70 2789.54 4367.23 2799.25 4363.72 2990.40 3835.18 2980.69
26071-600-M6-065-00021 0.086612768471241 7681.07 5795.10 8119.49 5816.82 8116.62 5874.71 7678.21 5853.00
26071-600-M6-065-00021 0.0786585733294487 7661.46 5202.80 8132.10 5223.84 8129.43 5283.47 7658.79 5262.43
26071-600-M6-065-00021 0.07806552946567535 1763.57 1812.14 2230.14 1797.40 2236.72 2005.62 1770.15 2020.37
26071-600-M6-065-00021 0.0738607719540596 7662.39 5435.78 8129.10 5462.60 8125.65 5522.80 7658.93 5495.98
26071-600-M6-065-00021 0.07319259643554688 7654.63 2070.20 8132.87 2095.62 8129.67 2155.90 7651.43 2130.48
26071-600-M6-065-00021 0.07287291437387466 7597.17 4395.35 8142.25 4380.91 8143.90 4443.21 7598.82 4457.65
26071-600-M6-065-00021 0.07166963815689087 340.20 1201.66 892.97 1193.13 893.93 1255.10 341.16 1263.63
26071-600-M6-065-00021 0.06861594319343567 7667.64 4762.40 8127.23 4790.43 8123.57 4850.45 7663.98 4822.42
26071-600-M6-065-00021 0.06842154264450073 6581.63 2155.89 6749.34 2161.70 6743.26 2337.26 6575.54 2331.45
26071-600-M6-065-00021 0.06509924679994583 7151.58 5518.06 7513.60 5527.42 7511.93 5591.93 7149.91 5582.57
26071-600-M6-065-00021 0.06401475518941879 7639.71 756.81 8133.30 810.23 8126.95 868.97 7633.36 815.55
26071-600-M6-065-00021 0.06352352350950241 7652.17 1004.34 8150.19 1034.13 8146.71 1092.18 7648.70 1062.39
26071-600-M6-065-00021 0.062482286244630814 7154.17 4840.12 7503.91 4844.36 7501.85 5014.46 7152.11 5010.22
26071-600-M6-065-00021 0.06198291480541229 6453.78 4401.38 6918.18 4376.99 6929.29 4588.60 6464.90 4612.99
26071-600-M6-065-00021 0.05798942968249321 7611.02 4138.96 8150.68 4159.28 8148.33 4221.90 7608.66 4201.59
26071-600-M6-065-00021 0.05755312368273735 347.34 3324.16 895.30 3323.08 895.42 3384.15 347.46 3385.24
26071-600-M6-065-00021 0.055473025888204575 334.80 1501.50 895.99 1488.87 897.38 1550.61 336.19 1563.24
26071-600-M6-065-00021 0.055392105132341385 7660.78 3220.86 8145.51 3192.68 8148.99 3252.58 7664.26 3280.75
26071-600-M6-065-00021 0.055202580988407135 5177.20 2730.93 5285.30 2723.92 5288.51 2773.40 5180.41 2780.40
26071-600-M6-065-00021 0.055061303079128265 5002.64 2436.29 5172.08 2452.70 5127.75 2910.40 4958.31 2893.99
26071-500-M6-059-00013 0.20222429931163788 3350.10 4259.58 3511.65 4269.43 3501.92 4428.93 3340.37 4419.08
26071-500-M6-059-00013 0.19040265679359436 2710.55 4198.94 2854.45 4226.62 2823.89 4385.47 2679.98 4357.78
26071-500-M6-059-00013 0.1630682647228241 2864.81 4913.29 3280.93 4891.81 3292.28 5111.61 2876.16 5133.09
26071-500-M6-059-00013 0.12967711687088013 2691.98 5274.51 2833.76 5300.38 2806.07 5452.15 2664.28 5426.28
26071-500-M6-059-00013 0.09819056838750839 2935.63 4725.73 2991.34 4734.65 2971.25 4860.14 2915.54 4851.23
26071-500-M6-059-00013 0.07181647419929504 7404.80 2308.16 7463.39 2307.64 7468.48 2882.33 7409.89 2882.85
26071-500-M6-059-00013 0.07089168578386307 5299.25 1768.46 5550.37 1776.96 5548.20 1840.96 5297.08 1832.46
26071-500-M6-059-00013 0.06565609574317932 340.77 5450.84 896.97 5448.21 897.24 5506.86 341.05 5509.49
26071-500-M6-059-00013 0.05860959738492966 2375.77 4371.86 2522.90 4390.85 2503.65 4540.01 2356.52 4521.02
26071-500-M6-059-00013 0.05539832264184952 5633.87 3376.03 5912.13 3403.58 5899.88 3527.27 5621.62 3499.72
26071-500-M6-059-00013 0.051100943237543106 7671.38 5910.17 8124.98 5933.60 8121.87 5993.82 7668.27 5970.39
26071-500-M6-059-00044 0.19887645542621613 4954.42 1829.65 5435.77 1848.01 5428.07 2050.12 4946.71 2031.77
26071-500-M6-059-00044 0.06920564919710159 7600.14 3623.84 8150.07 3614.01 8151.14 3673.92 7601.21 3683.75
26071-500-M6-059-00044 0.05772492289543152 4922.95 2959.96 5423.81 2962.23 5423.04 3130.50 4922.18 3128.23
26071-500-M6-059-00044 0.05718452110886574 340.01 3635.77 910.25 3608.01 913.32 3671.07 343.08 3698.83
26071-500-M6-059-00044 0.054926224052906036 1764.76 4315.65 1857.44 4303.78 1891.25 4567.97 1798.58 4579.83
26071-500-M6-059-00044 0.05212459713220596 4312.70 2860.82 4843.55 3026.57 4770.79 3259.64 4239.93 3093.89
26071-200-M6-052-00093 0.6287172436714172 4017.34 3828.71 4565.32 3829.77 4564.94 4030.44 4016.95 4029.39
26071-200-M6-052-00093 0.6037910580635071 4025.95 1455.48 4595.69 1459.60 4594.11 1677.74 4024.38 1673.62
26071-200-M6-052-00093 0.47891566157341003 4009.69 4478.12 4592.17 4480.73 4591.29 4676.96 4008.81 4674.35
26071-200-M6-052-00093 0.3987567126750946 4002.30 2253.24 4617.82 2231.73 4624.72 2428.99 4009.20 2450.51
26071-200-M6-052-00093 0.29098936915397644 3998.35 3705.32 4587.55 3712.51 4585.89 3848.39 3996.69 3841.20
26071-200-M6-052-00093 0.27364635467529297 3987.20 1346.50 4601.14 1351.31 4600.06 1489.68 3986.12 1484.87
26071-200-M6-052-00093 0.23228897154331207 3901.83 4660.13 4385.48 4655.06 4386.97 4797.87 3903.32 4802.93
26071-200-M6-052-00093 0.12796273827552795 3939.39 2410.74 4322.59 2420.60 4319.04 2558.59 3935.84 2548.74
26071-200-M6-052-00093 0.09179827570915222 3901.09 3734.90 4337.82 4110.33 4126.22 4356.48 3689.49 3981.04
26071-200-M6-052-00093 0.08059932291507721 4572.32 1446.20 4757.75 1483.87 4718.10 1679.02 4532.67 1641.35
26071-200-M6-052-00093 0.07656244933605194 4577.28 3801.93 4756.62 3840.89 4713.16 4040.96 4533.82 4002.00
26071-200-M6-052-00093 0.07097505033016205 4573.43 4493.70 4754.28 4485.73 4762.25 4666.60 4581.40 4674.57
26071-200-M6-052-00093 0.06843380630016327 3833.21 1461.50 4016.33 1437.58 4045.49 1660.77 3862.37 1684.69
26071-200-M6-052-00093 0.06376741081476212 3849.29 2229.36 4026.12 2225.72 4030.94 2460.07 3854.11 2463.71
26071-200-M6-052-00093 0.059090789407491684 4679.80 3678.99 4742.17 3684.48 4730.21 3820.35 4667.84 3814.86
26071-200-M6-052-00093 0.05790691450238228 2569.47 4168.39 2643.03 4163.55 2657.65 4385.92 2584.09 4390.76
26071-200-M6-052-00093 0.05615030601620674 7735.34 2851.70 8257.47 2850.13 8257.66 2912.76 7735.53 2914.33
26071-200-M6-052-00093 0.05488695576786995 4045.41 1593.75 4630.29 1697.52 4600.92 1863.10 4016.03 1759.33
26071-200-M6-052-00093 0.054603204131126404 4684.27 2465.02 4739.89 2470.58 4727.52 2594.24 4671.90 2588.68
26071-200-M6-052-00093 0.05424467846751213 6825.50 4612.52 7136.52 4606.30 7137.97 4678.71 6826.95 4684.93
26071-200-M6-052-00093 0.05398969724774361 3818.43 4501.84 3985.59 4463.29 4037.49 4688.34 3870.32 4726.88
26071-200-M6-052-00002 0.501917839050293 3038.81 3120.93 3566.05 3102.37 3573.00 3299.87 3045.76 3318.43
26071-200-M6-052-00002 0.14434774219989777 3575.53 3101.47 3765.43 3091.80 3777.17 3322.26 3587.27 3331.93
26071-200-M6-052-00002 0.10574151575565338 4115.59 4765.71 4593.90 4763.84 4594.65 4955.86 4116.34 4957.73
26071-200-M6-052-00002 0.09435119479894638 2822.87 2991.03 3380.74 2987.56 3381.64 3132.05 2823.77 3135.52
26071-200-M6-052-00002 0.08649709075689316 4184.99 3597.24 4601.12 3633.78 4584.48 3823.27 4168.35 3786.73
26071-200-M6-052-00002 0.05752797797322273 2934.30 3109.33 3086.91 3078.52 3158.36 3432.45 3005.75 3463.26
26071-675-M6-068-10002 0.35250386595726013 3735.24 1584.79 4318.81 1560.51 4326.66 1749.09 3743.08 1773.37
26071-675-M6-068-10002 0.33844640851020813 4523.22 1570.09 5114.00 1563.24 5116.19 1751.92 4525.41 1758.77
26071-675-M6-068-10002 0.2494056671857834 2020.19 4434.46 2878.89 4349.58 2897.77 4540.58 2039.07 4625.46
26071-675-M6-068-10002 0.20134377479553223 2226.65 2668.05 3026.23 2663.83 3027.17 2842.36 2227.59 2846.58
26071-675-M6-068-10002 0.196336567401886 3534.19 2668.96 4087.96 2675.56 4085.77 2859.04 3532.00 2852.44
26071-675-M6-068-10002 0.173599511384964 2471.86 3774.35 2964.01 3774.00 2964.14 3955.71 2471.98 3956.05
26071-675-M6-068-10002 0.14496321976184845 2529.81 2110.20 3099.30 2106.91 3099.69 2174.38 2530.20 2177.66
26071-675-M6-068-10002 0.14238928258419037 3421.62 4438.62 4032.16 4426.75 4036.28 4638.82 3425.75 4650.69
26071-675-M6-068-10002 0.12945079803466797 2117.56 4614.68 2906.44 4647.13 2895.20 4920.43 2106.31 4887.98
26071-675-M6-068-10002 0.12446851283311844 7289.67 1766.70 7793.03 1737.33 7801.41 1880.89 7298.05 1910.27
26071-675-M6-068-10002 0.11087711900472641 6270.52 1770.15 6787.61 1750.72 6792.70 1886.09 6275.60 1905.51
26071-675-M6-068-10002 0.10972077399492264 3536.23 3095.19 4191.77 3090.60 4193.13 3284.76 3537.59 3289.35
26071-675-M6-068-10002 0.10971769690513611 5363.25 1611.99 5824.91 1602.08 5828.05 1748.41 5366.39 1758.32
26071-675-M6-068-10002 0.10162091255187988 2270.29 3091.69 2923.02 3080.47 2926.47 3280.96 2273.74 3292.18
26071-675-M6-068-10002 0.10107076913118362 2064.40 2112.11 2590.50 2091.87 2592.94 2155.22 2066.83 2175.46
26071-675-M6-068-10002 0.09842130541801453 3375.90 4657.79 4188.15 4618.48 4201.49 4894.13 3389.25 4933.44
26071-675-M6-068-10002 0.0956253632903099 3766.10 3807.96 4226.84 3791.22 4232.54 3947.99 3771.79 3964.74
26071-675-M6-068-10002 0.0954248383641243 2169.89 2798.34 2948.04 2811.13 2944.03 3055.07 2165.88 3042.27
26071-675-M6-068-10002 0.07858028262853622 6487.94 2210.01 6870.76 2214.74 6869.07 2351.45 6486.25 2346.72
26071-675-M6-068-10002 0.07191281765699387 2279.62 5380.98 2809.52 5378.12 2810.62 5581.81 2280.72 5584.67
26071-675-M6-068-10002 0.07107169181108475 3722.91 5416.38 4063.73 5412.90 4065.22 5557.98 3724.39 5561.46
26071-675-M6-068-10002 0.06691534072160721 2062.52 1532.26 2241.23 1537.19 2231.09 1905.37 2052.38 1900.45
26071-675-M6-068-10002 0.06606274098157883 4641.92 2069.64 4964.20 2073.04 4962.82 2203.36 4640.54 2199.96
26071-675-M6-068-10002 0.05821247771382332 3718.14 3685.47 4250.63 3673.16 4253.50 3797.31 3721.01 3809.63
26071-675-M6-068-10002 0.0576498918235302 360.68 6131.21 427.80 6132.81 415.94 6631.05 348.81 6629.45
26071-675-M6-068-10002 0.05671144276857376 2362.64 2157.40 2796.60 2168.88 2792.43 2326.56 2358.47 2315.08
26071-675-M6-068-10002 0.05495905503630638 5439.45 2085.44 5761.72 2066.21 5768.52 2180.23 5446.25 2199.46
26071-675-M6-068-10002 0.051896195858716965 7533.75 2194.47 7888.52 2213.92 7882.62 2321.53 7527.85 2302.07
26071-750-M6-085-00012 0.40998315811157227 4973.57 3771.88 5503.71 3761.03 5506.19 3882.05 4976.04 3892.91
26071-750-M6-085-00012 0.33729299902915955 4983.45 5113.53 5486.03 5098.94 5489.65 5223.74 4987.08 5238.34
26071-750-M6-085-00012 0.25539448857307434 2712.49 3656.50 3160.61 3673.44 3156.38 3785.57 2708.26 3768.63
26071-750-M6-085-00012 0.23161602020263672 7486.41 3717.75 7575.10 3660.35 7726.95 3894.95 7638.27 3952.36
26071-750-M6-085-00012 0.22755925357341766 2999.78 5108.55 3096.10 5036.17 3252.43 5244.21 3156.11 5316.59
26071-750-M6-085-00012 0.2158239185810089 7488.85 5085.71 7589.50 5025.99 7726.10 5256.19 7625.44 5315.91
26071-750-M6-085-00012 0.20769856870174408 7254.17 4251.25 7686.86 4247.27 7688.79 4457.52 7256.11 4461.51
26071-750-M6-085-00012 0.20573517680168152 7159.74 3739.07 7269.92 3679.61 7411.03 3941.10 7300.85 4000.55
26071-750-M6-085-00012 0.20426428318023682 716.43 1747.35 1174.79 1730.53 1183.00 1954.20 724.64 1971.02
26071-750-M6-085-00012 0.20385000109672546 7166.59 5082.31 7273.93 5039.36 7376.94 5296.75 7269.60 5339.70
26071-750-M6-085-00012 0.18583664298057556 3082.41 4259.64 3625.55 4261.52 3624.84 4467.65 3081.70 4465.78
26071-750-M6-085-00012 0.18187715113162994 2356.58 4249.47 2823.52 4256.52 2820.48 4458.47 2353.53 4451.42
26071-750-M6-085-00012 0.16713568568229675 5076.00 4273.02 5484.50 4238.30 5500.84 4430.62 5092.34 4465.33
26071-750-M6-085-00012 0.16340315341949463 2690.62 5073.46 2812.03 5057.85 2842.46 5294.50 2721.05 5310.11
26071-750-M6-085-00012 0.07598453015089035 723.87 2118.10 1163.51 2085.50 1179.13 2296.23 739.49 2328.83
26071-750-M6-085-00012 0.06558144837617874 324.92 1498.92 891.47 1492.80 892.11 1552.32 325.57 1558.45
26071-750-M6-085-00012 0.058781761676073074 4825.36 3582.91 4969.26 3541.79 5015.63 3704.05 4871.73 3745.17
26071-750-M6-085-00012 0.05670425668358803 3027.10 4790.26 3752.46 5212.20 3614.22 5449.85 2888.86 5027.91
26071-750-M6-085-00012 0.05615781247615814 7740.92 986.25 7891.34 940.13 7941.77 1104.59 7791.34 1150.71
26071-750-M6-085-00012 0.054955095052719116 7646.49 6607.70 8150.53 6654.01 8144.79 6716.49 7640.75 6670.18
26071-750-M6-085-00012 0.05480239540338516 338.61 959.04 890.05 959.66 889.98 1021.67 338.54 1021.05
26071-750-M6-085-00012 0.05478954315185547 4950.51 5216.78 5440.27 5242.77 5433.50 5370.24 4943.74 5344.26
26071-750-M6-085-00012 0.05345168337225914 4783.56 3789.85 4900.01 3821.75 4886.50 3871.08 4770.04 3839.18
26071-750-M6-085-00012 0.05333438143134117 1367.27 1675.15 1941.46 1787.39 1884.95 2076.50 1310.76 1964.27
26071-750-M6-085-00012 0.052750106900930405 3066.81 3808.90 3296.07 3926.82 3232.65 4050.13 3003.39 3932.21
26071-750-M6-085-00012 0.05056970566511154 350.88 6396.64 894.92 6391.65 895.47 6452.35 351.44 6457.35
26071-200-M6-062-00277 0.08020475506782532 5629.91 1618.13 5975.88 1623.38 5974.70 1701.55 5628.72 1696.30
26071-200-M6-062-00277 0.07179420441389084 7215.93 2191.86 7609.04 2237.83 7598.35 2329.24 7205.24 2283.27
26071-200-M6-062-00277 0.0611858032643795 4115.80 1611.98 4438.61 1619.90 4436.62 1701.30 4113.80 1693.39
26071-200-M6-062-00277 0.058299385011196136 7203.69 1582.45 7548.96 1647.13 7529.10 1753.11 7183.83 1688.43
26071-200-M6-062-00277 0.05706200748682022 7195.72 3982.10 7574.76 4006.34 7568.19 4109.06 7189.15 4084.83
26071-200-M6-062-00277 0.05507205054163933 352.15 1313.17 898.60 1312.36 898.70 1374.97 352.25 1375.78
26071-600-M6-065-00259 0.09986351430416107 3192.22 3251.88 4003.61 3234.95 4007.94 3442.19 3196.54 3459.13
26071-600-M6-065-00259 0.09717077016830444 2401.61 3675.85 3113.02 3720.96 3097.53 3965.30 2386.11 3920.19
26071-600-M6-065-00259 0.05792282521724701 634.07 2254.71 796.64 2266.30 783.33 2453.09 620.76 2441.49
26071-600-M6-065-00259 0.05290396139025688 2358.93 3720.82 2852.77 4145.71 2654.12 4376.59 2160.28 3951.70
26071-600-M6-065-00259 0.05146476626396179 2288.39 3581.45 3146.81 3495.69 3166.41 3691.93 2308.00 3777.69
26071-200-M6-052-00544 0.09929823875427246 4425.74 4632.31 4816.21 4644.41 4811.49 4796.97 4421.01 4784.87
26071-200-M6-052-00544 0.07854942232370377 4494.96 5083.74 5346.18 5131.04 5335.82 5317.48 4484.60 5270.18
26071-200-M6-052-00544 0.07544397562742233 3601.49 5083.33 4441.79 5137.19 4429.72 5325.40 3589.43 5271.54
26071-200-M6-052-00544 0.05668322741985321 2677.36 5068.70 3080.26 5054.95 3084.31 5173.62 2681.41 5187.36
26071-200-M6-052-00544 0.05094854161143303 4235.13 3849.00 4374.30 3824.35 4414.21 4049.61 4275.04 4074.27
26071-600-M6-066-00003 0.1382153332233429 4847.48 2153.73 4981.35 2150.53 4982.50 2198.46 4848.63 2201.67
26071-600-M6-066-00003 0.10167215764522552 7597.06 1202.06 8139.29 1190.94 8140.56 1252.76 7598.33 1263.89
26071-600-M6-066-00003 0.09563212096691132 3760.71 2154.40 3885.76 2154.39 3885.76 2200.27 3760.71 2200.29
26071-600-M6-066-00003 0.08617789298295975 2274.47 4705.84 2496.03 4688.05 2526.92 5072.75 2305.37 5090.55
26071-600-M6-066-00003 0.07734526693820953 7602.41 5961.04 8141.79 5951.84 8142.86 6014.73 7603.48 6023.93
26071-600-M6-066-00003 0.07367267459630966 7640.46 2539.37 8140.05 2572.10 8135.98 2634.22 7636.39 2601.49
26071-600-M6-066-00003 0.065268874168396 7598.31 6394.61 8147.85 6395.74 8147.73 6456.40 7598.19 6455.28
26071-600-M6-066-00003 0.06432091444730759 343.89 3921.76 894.84 3906.58 896.49 3966.54 345.54 3981.73
26071-600-M6-066-00003 0.057346176356077194 334.23 4857.74 888.70 4859.25 888.53 4921.16 334.06 4919.65
26071-600-M6-066-00003 0.056168269366025925 2362.69 5207.45 2500.12 5206.70 2500.54 5283.63 2363.11 5284.38
26071-600-M6-066-00003 0.05524570494890213 7598.46 2144.55 8142.96 2140.19 8143.45 2201.09 7598.95 2205.46
26071-600-M6-066-00003 0.05019380524754524 349.52 6039.29 891.05 6036.93 891.32 6100.30 349.80 6102.66
26071-750-M6-085-00309 0.2511180341243744 2973.90 2412.29 3646.41 2426.54 3643.38 2569.86 2970.86 2555.62
26071-750-M6-085-00309 0.1592104434967041 5165.69 2417.09 5805.50 2409.34 5806.78 2514.83 5166.97 2522.58
26071-750-M6-085-00309 0.15441292524337769 3768.25 2503.55 4372.97 2507.84 4372.40 2588.54 3767.68 2584.26
26071-750-M6-085-00309 0.13979892432689667 4327.68 2501.14 4866.93 2519.10 4864.25 2599.68 4325.00 2581.72
26071-750-M6-085-00309 0.12000840902328491 4983.54 2489.04 5599.59 2500.01 5597.85 2597.78 4981.80 2586.80
26071-750-M6-085-00309 0.10041274130344391 3847.45 2442.21 4551.14 2408.32 4555.41 2496.87 3851.71 2530.76
26071-750-M6-085-00309 0.09966982901096344 2836.63 3677.57 3171.97 3584.14 3287.57 3999.06 2952.22 4092.49
26071-750-M6-085-00309 0.08994070440530777 3249.35 4482.02 4160.21 4528.70 4151.29 4702.85 3240.42 4656.17
26071-750-M6-085-00309 0.08157636225223541 5054.63 4510.52 5909.64 4531.51 5904.61 4736.22 5049.61 4715.23
26071-750-M6-085-00309 0.07697055488824844 4160.68 4486.55 5004.02 4520.49 4995.01 4744.35 4151.67 4710.41
26071-750-M6-085-00309 0.052245497703552246 353.65 3679.79 896.98 3674.34 897.58 3734.82 354.26 3740.27
