26071-200-M6-052-00001 0.9727335572242737 4887.58 5700.63 4963.42 5702.30 4960.51 5834.10 4884.67 5832.43
26071-200-M6-052-00001 0.9671355485916138 6540.86 1801.98 6617.25 1801.52 6618.04 1935.24 6541.65 1935.70
26071-200-M6-052-00001 0.12744872272014618 3793.66 3101.61 3947.93 3071.76 3978.25 3228.46 3823.98 3258.31
26071-200-M6-052-00001 0.08699779212474823 3878.29 3287.50 3958.71 3284.75 3962.37 3392.04 3881.95 3394.78
26071-200-M6-052-00001 0.08622954785823822 2458.52 3393.60 2979.56 3400.66 2977.21 3574.31 2456.17 3567.25
26071-200-M6-052-00001 0.0761856883764267 5677.32 1616.48 5742.51 1615.56 5743.78 1705.84 5678.60 1706.76
26071-200-M6-052-00001 0.07228264212608337 6659.12 1704.52 6812.74 1731.95 6784.65 1889.25 6631.03 1861.82
26071-200-M6-052-00001 0.05705181881785393 6225.65 1926.49 6266.97 1924.61 6272.24 2040.16 6230.92 2042.05
26071-200-M6-052-00001 0.0558725968003273 6416.67 1922.73 6455.77 1922.43 6456.69 2042.45 6417.58 2042.75
26071-200-M6-052-00001 0.052886392921209335 6696.53 1925.13 6734.91 1923.04 6741.31 2040.29 6702.94 2042.39
26071-200-M6-052-00001 0.05028769001364708 2245.52 5802.96 2303.64 5797.17 2317.35 5934.64 2259.23 5940.44
26071-200-M6-052-00001 0.0502328984439373 6888.16 1926.18 6928.45 1925.34 6930.89 2043.00 6890.60 2043.84
26071-500-M6-059-00017 0.13248975574970245 4260.23 1573.04 4359.34 1561.18 4382.37 1753.66 4283.26 1765.52
26071-500-M6-059-00017 0.08249009400606155 5783.93 4969.88 5906.98 4965.68 5908.09 4998.09 5785.04 5002.30
26071-500-M6-059-00017 0.072597436606884 4019.28 3296.35 4089.00 3275.91 4120.55 3383.52 4050.82 3403.96
26071-500-M6-059-00017 0.06763176620006561 1729.56 4636.27 1880.78 4640.25 1876.68 4795.81 1725.47 4791.83
26071-500-M6-059-00017 0.062343720346689224 5317.74 3888.83 6117.84 3857.88 6127.06 4096.20 5326.96 4127.15
26071-500-M6-059-00017 0.06072131544351578 3244.95 3898.16 4000.82 3920.38 3995.65 4096.32 3239.78 4074.10
26071-500-M6-059-00017 0.05845692381262779 6636.00 2185.31 6833.08 2238.72 6803.86 2346.57 6606.77 2293.17
26071-500-M6-059-00017 0.05707491561770439 2122.16 3900.93 2982.08 3921.19 2978.06 4092.10 2118.14 4071.84
26071-500-M6-059-00017 0.055962592363357544 1370.50 6618.21 1403.31 6616.04 1411.37 6738.13 1378.56 6740.29
26071-500-M6-059-00017 0.05179029330611229 4013.36 3598.90 4095.07 3576.32 4128.01 3695.52 4046.30 3718.10
26071-500-M6-059-00017 0.05153344199061394 7174.64 4433.82 7270.97 4425.52 7275.05 4472.89 7178.72 4481.18
26071-500-M6-059-00017 0.05142148956656456 1766.68 4968.24 1894.03 4966.92 1894.39 5001.53 1767.04 5002.86
26071-500-M6-059-00017 0.05070147663354874 1466.94 6643.65 1764.92 6648.87 1763.51 6728.93 1465.53 6723.71
26071-500-M6-059-00017 0.05049436539411545 3774.15 4968.52 3900.27 4967.75 3900.47 5001.75 3774.36 5002.52
26071-600-M6-066-00012 0.07704276591539383 7136.64 1574.79 7282.03 1583.47 7271.41 1761.41 7126.02 1752.72
26071-600-M6-066-00012 0.07175290584564209 6258.20 4667.20 6321.45 4661.02 6330.43 4752.99 6267.17 4759.16
26071-600-M6-066-00012 0.07148612290620804 4130.02 3603.48 4774.81 3587.07 4778.13 3717.58 4133.34 3734.00
26071-600-M6-066-00012 0.06873603910207748 3330.98 1793.19 3472.67 1753.34 3518.44 1916.10 3376.75 1955.95
26071-600-M6-066-00012 0.06578389555215836 2401.90 1780.94 2541.51 1767.92 2555.12 1913.91 2415.51 1926.93
26071-600-M6-066-00012 0.06441855430603027 6089.30 3572.56 6176.62 3572.27 6177.16 3733.91 6089.84 3734.20
26071-600-M6-066-00012 0.060125116258859634 2265.58 2011.83 2306.26 2011.45 2307.08 2098.77 2266.40 2099.16
26071-600-M6-066-00012 0.053989022970199585 5340.98 2526.61 5892.58 2517.18 5895.72 2701.05 5344.12 2710.48
26071-600-M6-066-00012 0.05169488117098808 4673.93 4598.68 4735.87 4659.95 4674.84 4721.63 4612.91 4660.36
26071-600-M6-066-00012 0.051202286034822464 4508.98 2526.96 5055.70 2526.39 5055.86 2685.58 4509.15 2686.16
26071-200-M6-052-00539 0.9770523309707642 6387.86 6171.84 6462.46 6171.44 6463.18 6305.41 6388.58 6305.81
26071-200-M6-052-00539 0.06211163103580475 4531.80 1793.73 4597.63 1798.10 4588.78 1931.39 4522.95 1927.02
26071-200-M6-052-00539 0.0618852935731411 2374.88 1292.64 2512.98 1250.55 2564.70 1420.22 2426.60 1462.32
26071-200-M6-052-00539 0.05980391427874565 3391.27 5385.85 3878.16 5396.45 3874.21 5577.62 3387.33 5567.02
26071-200-M6-052-00539 0.05283356457948685 2744.66 4286.35 2899.43 4254.44 2935.25 4428.19 2780.48 4460.10
26071-200-M6-052-00539 0.05186653509736061 3460.67 1282.93 3606.19 1288.47 3600.64 1434.50 3455.11 1428.97
26071-500-M6-059-00248 0.9598451256752014 2841.30 5935.52 2917.60 5932.99 2921.98 6064.90 2845.68 6067.43
26071-500-M6-059-00248 0.09030350297689438 2471.78 3723.89 2516.19 3718.14 2528.76 3815.29 2484.35 3821.03
26071-500-M6-059-00248 0.0728142261505127 4634.17 4442.21 5233.78 4379.79 5257.76 4610.12 4658.15 4672.54
26071-500-M6-059-00248 0.057326432317495346 3845.49 2958.86 3988.37 2955.11 3992.37 3107.30 3849.49 3111.05
26071-500-M6-059-00248 0.05579444766044617 3124.61 3744.61 3243.22 3759.70 3238.91 3793.56 3120.30 3778.47
26071-203-M6-325-00012 0.0807034820318222 3973.19 1246.12 4121.78 1240.58 4127.43 1391.87 3978.84 1397.42
26071-203-M6-325-00012 0.07508530467748642 3960.24 2791.48 4108.23 2795.10 4104.53 2946.03 3956.54 2942.41
26071-203-M6-325-00012 0.05567149817943573 1310.31 5078.51 1705.29 5092.30 1698.14 5297.29 1303.15 5283.49
26071-203-M6-325-00012 0.05455395579338074 2184.63 3545.62 2532.54 3585.45 2510.99 3773.75 2163.07 3733.92
26071-700-M6-054-00246 0.056356966495513916 4011.12 2001.42 4131.51 2003.89 4130.84 2036.46 4010.45 2033.99
26071-700-M6-054-00246 0.054272547364234924 2990.02 2006.74 3036.01 2008.33 3032.85 2099.72 2986.87 2098.14
26071-700-M6-054-00246 0.0538078248500824 4533.52 4945.20 4577.01 4940.81 4585.30 5023.01 4541.81 5027.40
26071-500-M6-059-00040 0.19759300351142883 2498.58 1347.98 2555.11 1299.23 2637.92 1395.24 2581.38 1443.99
26071-500-M6-059-00040 0.1690811961889267 4193.51 5694.71 4289.54 5688.37 4294.73 5767.03 4198.70 5773.37
26071-500-M6-059-00040 0.09578599780797958 6958.87 2088.31 7102.47 2075.52 7117.92 2248.92 6974.32 2261.72
26071-500-M6-059-00040 0.06230562552809715 2639.73 3905.27 2788.74 3875.35 2825.81 4059.93 2676.80 4089.85
26071-500-M6-059-00040 0.06102870777249336 6841.43 2156.79 6950.55 2159.31 6947.05 2310.94 6837.94 2308.42
26071-500-M6-059-00040 0.05206706002354622 4272.15 2021.53 4427.04 2002.93 4444.32 2146.76 4289.42 2165.37
26071-203-M6-333-00010 0.07848724722862244 5147.40 2381.19 5251.73 2348.74 5297.82 2496.96 5193.49 2529.41
26071-203-M6-333-00010 0.0593046136200428 2378.72 2702.15 2437.55 2654.33 2508.46 2741.56 2449.63 2789.38
26071-203-M6-333-00010 0.05808688700199127 2212.71 3413.13 2350.93 3427.58 2344.74 3486.79 2206.52 3472.35
26071-203-M6-333-00010 0.055547721683979034 6521.58 1128.17 6619.79 1203.98 6550.45 1293.81 6452.23 1218.00
26071-203-M6-333-00010 0.05467187240719795 2215.69 1626.07 2294.29 1607.53 2317.44 1705.66 2238.84 1724.20
26071-750-M6-085-00286 0.1020783931016922 4304.23 2792.04 4447.91 2806.63 4433.29 2950.72 4289.60 2936.14
26071-750-M6-085-00286 0.05433352291584015 351.68 1316.64 897.20 1310.65 897.88 1373.14 352.36 1379.13
26071-550-M6-084-00248 0.9755609035491943 2795.67 4989.17 2872.45 4989.59 2871.71 5123.92 2794.93 5123.50
26071-550-M6-084-00248 0.08914220333099365 2329.81 2083.34 2477.39 2050.94 2511.42 2205.92 2363.84 2238.32
26071-550-M6-084-00248 0.08445128798484802 4642.60 3964.68 5207.43 3941.75 5215.65 4144.19 4650.82 4167.12
26071-550-M6-084-00248 0.0777738094329834 3846.39 2470.25 4004.91 2474.46 4000.79 2629.54 3842.27 2625.33
26071-550-M6-084-00248 0.07497911900281906 2622.54 4925.20 2768.25 4881.47 2810.62 5022.67 2664.92 5066.40
26071-203-M6-332-00008 0.09965477138757706 4597.89 6229.15 4755.70 6234.51 4750.51 6387.48 4592.70 6382.12
26071-203-M6-332-00008 0.08824574947357178 1877.54 4938.59 2029.76 4951.01 2017.15 5105.49 1864.93 5093.07
26071-203-M6-332-00008 0.07962252199649811 2527.93 3563.46 2582.64 3535.22 2629.46 3625.93 2574.75 3654.16
26071-203-M6-332-00008 0.07343373447656631 4295.39 4939.28 4457.68 4942.26 4454.83 5097.32 4292.54 5094.34
26071-203-M6-332-00008 0.057727694511413574 1462.03 3645.99 1527.91 3620.97 1567.40 3724.94 1501.52 3749.96
26071-203-M6-332-00008 0.050890564918518066 3904.05 3631.60 3990.63 3687.28 3950.80 3749.23 3864.21 3693.54
26071-200-M6-052-00080 0.9873077273368835 3643.36 5641.50 3776.16 5640.52 3776.72 5716.43 3643.92 5717.40
26071-200-M6-052-00080 0.9865956902503967 7068.41 5640.57 7202.54 5640.50 7202.58 5716.75 7068.46 5716.82
26071-200-M6-052-00080 0.9568347930908203 2563.65 6348.12 2637.81 6350.72 2633.00 6487.94 2558.84 6485.34
26071-200-M6-052-00080 0.9441866874694824 5468.77 5104.25 5542.10 5103.98 5542.62 5242.73 5469.29 5243.01
26071-200-M6-052-00080 0.9426341652870178 2041.76 5107.59 2117.44 5106.89 2118.66 5240.01 2042.98 5240.70
26071-200-M6-052-00080 0.10880338400602341 3087.54 2780.08 3248.01 2764.63 3262.60 2916.16 3102.12 2931.61
26071-200-M6-052-00080 0.09285585582256317 6517.60 2776.98 6675.89 2766.70 6685.41 2913.24 6527.12 2923.52
26071-200-M6-052-00080 0.08689159154891968 6613.98 1879.76 6761.96 1884.69 6756.99 2033.66 6609.01 2028.73
26071-200-M6-052-00080 0.07972747087478638 7313.15 5171.09 7466.15 5166.12 7471.05 5316.56 7318.04 5321.54
26071-200-M6-052-00080 0.07427313178777695 3561.78 5130.79 3653.02 5113.42 3677.89 5244.04 3586.64 5261.41
26071-200-M6-052-00080 0.07233355939388275 2830.38 3559.44 2941.05 3566.52 2938.79 3601.76 2828.13 3594.68
26071-200-M6-052-00080 0.07132004201412201 3186.81 1878.98 3338.11 1887.30 3330.04 2034.02 3178.74 2025.70
26071-200-M6-052-00080 0.06896376609802246 3890.39 5170.51 4041.12 5169.60 4042.02 5319.30 3891.28 5320.20
26071-200-M6-052-00080 0.06853487342596054 3753.84 3710.61 3801.69 3705.83 3813.28 3821.66 3765.43 3826.45
26071-200-M6-052-00080 0.06795483827590942 3111.14 3923.36 3704.36 3903.06 3710.99 4096.68 3117.77 4116.98
26071-200-M6-052-00080 0.06565475463867188 3746.09 4105.72 3793.63 4096.84 3817.45 4224.36 3769.91 4233.24
26071-200-M6-052-00080 0.06464201211929321 6472.79 3863.71 7210.04 3901.91 7197.19 4149.88 6459.94 4111.67
26071-200-M6-052-00080 0.06278713047504425 2997.45 2840.79 3072.70 2803.38 3134.07 2926.80 3058.82 2964.22
26071-200-M6-052-00080 0.05233025550842285 7023.18 2425.23 7142.29 2431.07 7140.62 2464.96 7021.51 2459.12
26071-203-M6-321-00604 0.0603950098156929 6810.62 954.74 6958.32 953.75 6959.32 1103.36 6811.62 1104.35
26071-300-M6-053-00309 0.9326922297477722 5871.69 2629.11 5944.31 2631.73 5939.52 2764.12 5866.90 2761.49
26071-300-M6-053-00309 0.17093965411186218 3615.71 3786.76 3685.11 3783.21 3689.64 3871.81 3620.24 3875.36
26071-300-M6-053-00309 0.1687665581703186 3933.35 3778.87 3998.33 3777.69 4000.10 3874.48 3935.11 3875.66
26071-300-M6-053-00309 0.12318869680166245 5751.33 1467.58 5909.17 1479.57 5897.42 1634.27 5739.59 1622.29
26071-300-M6-053-00309 0.11757440119981766 4341.22 2078.24 4419.87 2109.68 4394.58 2172.96 4315.92 2141.51
26071-300-M6-053-00309 0.11035218834877014 2674.59 3567.60 2768.78 3566.91 2769.11 3611.88 2674.92 3612.58
26071-300-M6-053-00309 0.09593086689710617 5665.63 1656.85 5736.90 1645.38 5752.77 1743.93 5681.50 1755.40
26071-300-M6-053-00309 0.09470517933368683 4349.80 2142.11 4393.64 2142.95 4391.71 2244.25 4347.87 2243.42
26071-300-M6-053-00309 0.08453585207462311 6139.78 4738.92 6226.85 4764.62 6204.42 4840.61 6117.35 4814.91
26071-300-M6-053-00309 0.0812642052769661 4286.78 1915.42 4428.29 1903.88 4439.80 2044.85 4298.29 2056.40
26071-300-M6-053-00309 0.07981166243553162 5949.96 2547.47 6089.21 2546.66 6090.10 2700.10 5950.85 2700.90
26071-300-M6-053-00309 0.07374046742916107 6296.06 1653.98 6363.95 1657.85 6358.59 1751.88 6290.70 1748.01
26071-300-M6-053-00309 0.06620236486196518 5962.64 1642.71 6030.19 1632.04 6054.96 1788.80 5987.40 1799.47
26071-300-M6-053-00309 0.06531283259391785 5360.37 3913.18 5508.32 3903.17 5519.94 4074.96 5371.99 4084.97
26071-300-M6-053-00309 0.06490892171859741 5350.99 3029.78 5505.22 3024.18 5511.33 3192.48 5357.10 3198.08
26071-300-M6-053-00309 0.0646091103553772 5492.78 4844.88 5600.71 4832.42 5624.08 5034.86 5516.15 5047.32
26071-300-M6-053-00309 0.0610165074467659 3371.05 3059.00 3959.60 3154.32 3918.77 3406.41 3330.22 3311.09
26071-300-M6-053-00309 0.058255769312381744 5413.28 6112.27 5508.61 6107.88 5513.73 6218.94 5418.40 6223.33
26071-300-M6-053-00309 0.05763912945985794 3583.38 3283.54 3688.64 3279.09 3713.15 3859.99 3607.89 3864.43
26071-300-M6-053-00309 0.055948611348867416 3404.00 5167.83 4041.40 5182.35 4036.37 5403.14 3398.97 5388.62
26071-300-M6-053-00309 0.05579681694507599 5447.52 5783.16 5591.32 5728.17 5648.43 5877.54 5504.63 5932.52
26071-300-M6-053-00309 0.05536283552646637 4858.96 6171.07 5021.93 6155.33 5039.87 6341.15 4876.90 6356.89
26071-300-M6-053-00309 0.0506432019174099 2183.16 4166.62 2304.59 4164.50 2305.16 4196.93 2183.73 4199.05
26071-450-M6-082-00009 0.8653439879417419 5735.45 4874.15 5812.85 4875.08 5811.20 5012.06 5733.80 5011.13
26071-450-M6-082-00009 0.8356343507766724 4926.45 6172.41 5002.22 6170.41 5005.81 6306.12 4930.05 6308.13
26071-450-M6-082-00009 0.0964360460639 4762.85 6062.36 4895.72 6058.89 4899.70 6211.07 4766.83 6214.54
26071-450-M6-082-00009 0.07000759989023209 3258.28 1141.30 3389.53 1121.85 3414.66 1291.46 3283.42 1310.91
26071-450-M6-082-00009 0.06757841259241104 2062.57 3677.46 2189.20 3694.69 2169.10 3842.47 2042.46 3825.24
26071-450-M6-082-00009 0.06659873574972153 3301.03 1676.03 3420.83 1667.23 3423.29 1700.78 3303.50 1709.59
26071-450-M6-082-00009 0.055893778800964355 2652.39 1888.10 2786.26 1875.08 2800.91 2025.61 2667.04 2038.64
26071-450-M6-082-00009 0.05215878784656525 6333.31 4283.57 6462.01 4324.50 6417.81 4463.50 6289.11 4422.58
26071-750-M6-085-00007 0.9733564853668213 2796.42 1387.78 2871.75 1387.34 2872.55 1523.21 2797.22 1523.66
26071-750-M6-085-00007 0.9688868522644043 6690.83 6172.57 6766.41 6169.53 6771.79 6303.14 6696.21 6306.18
26071-750-M6-085-00007 0.09665786474943161 4771.71 4746.43 4859.40 4748.18 4857.05 4865.32 4769.37 4863.56
26071-750-M6-085-00007 0.09417403489351273 6090.21 2063.61 6122.79 2063.79 6122.17 2178.36 6089.59 2178.19
26071-750-M6-085-00007 0.08150783181190491 5786.01 2568.93 5908.28 2569.44 5908.15 2601.38 5785.87 2600.87
26071-750-M6-085-00007 0.06729589402675629 1174.64 2797.10 1226.27 2794.85 1230.34 2888.07 1178.70 2890.32
26071-750-M6-085-00007 0.062396615743637085 3713.59 2690.88 4205.60 2675.71 4208.79 2779.32 3716.78 2794.48
26071-203-M6-064-00271 0.10456379503011703 1414.99 4755.47 1527.40 4745.49 1540.50 4893.04 1428.09 4903.01
26071-203-M6-337-00031 0.2625828683376312 3977.23 955.96 4128.76 969.29 4123.83 1025.30 3972.30 1011.97
26071-203-M6-337-00031 0.19097967445850372 3323.70 894.05 3482.18 913.49 3475.26 969.97 3316.78 950.53
26071-203-M6-337-00031 0.15492375195026398 3378.76 994.44 3528.78 974.53 3548.44 1122.73 3398.42 1142.63
26071-203-M6-337-00031 0.13325205445289612 6944.60 549.12 6984.86 551.24 6978.10 679.40 6937.85 677.28
26071-203-M6-337-00031 0.12153533846139908 7179.32 534.19 7268.08 554.20 7257.93 599.21 7169.17 579.20
26071-203-M6-337-00031 0.12090082466602325 7182.36 5245.59 7270.32 5267.85 7259.14 5312.04 7171.18 5289.77
26071-203-M6-337-00031 0.11338227987289429 3941.41 2590.34 4078.53 2593.41 4074.91 2755.23 3937.79 2752.16
26071-203-M6-337-00031 0.09535828232765198 3958.96 2251.62 4052.11 2251.81 4052.01 2299.37 3958.87 2299.18
26071-203-M6-337-00031 0.09525338560342789 4872.58 435.10 5034.56 438.68 5031.29 586.93 4869.30 583.35
26071-203-M6-337-00031 0.09284395724534988 4830.28 551.90 4908.70 622.14 4869.48 665.93 4791.06 595.69
26071-203-M6-337-00031 0.09003281593322754 3282.67 944.18 3367.53 940.86 3373.27 1087.63 3288.41 1090.95
26071-203-M6-337-00031 0.07744267582893372 1668.62 3900.19 1711.28 3898.84 1715.03 4017.39 1672.38 4018.74
26071-203-M6-337-00031 0.07312289625406265 4013.44 2124.80 4168.35 2065.13 4224.08 2209.82 4069.17 2269.49
26071-203-M6-337-00031 0.0718754231929779 1670.66 5446.15 1714.36 5450.26 1701.79 5583.92 1658.09 5579.81
26071-203-M6-337-00031 0.06929600238800049 1338.17 3875.63 1431.82 3871.46 1433.71 3913.69 1340.06 3917.87
26071-203-M6-337-00031 0.06924056261777878 1339.13 5224.57 1433.94 5221.98 1435.08 5263.73 1340.27 5266.32
26071-203-M6-337-00031 0.06863318383693695 1339.99 4774.68 1432.42 4771.94 1433.69 4814.67 1341.25 4817.41
26071-203-M6-337-00031 0.06809701025485992 3150.54 442.79 3210.93 435.50 3230.54 597.83 3170.15 605.13
26071-203-M6-337-00031 0.0648709088563919 1339.22 4324.62 1432.85 4321.70 1434.19 4364.58 1340.56 4367.51
26071-203-M6-337-00031 0.058995671570301056 4458.63 865.10 4580.01 760.45 4675.62 871.35 4554.24 976.00
26071-203-M6-337-00031 0.056636177003383636 1340.77 2598.89 1433.97 2594.67 1435.93 2637.90 1342.73 2642.12
26071-203-M6-337-00031 0.05537455528974533 5391.15 1311.66 5870.18 1717.74 5703.84 1913.97 5224.80 1507.89
26071-203-M6-337-00031 0.05406433716416359 4725.11 4470.67 5483.86 4514.71 5473.99 4684.66 4715.25 4640.61
26071-203-M6-337-00031 0.05387801676988602 3843.09 4497.66 4614.72 4468.42 4622.54 4674.82 3850.91 4704.06
26071-203-M6-337-00031 0.05359490215778351 5005.48 3245.96 5833.73 3135.76 5864.66 3368.23 5036.41 3478.43
26071-203-M6-337-00031 0.05285586416721344 3159.19 583.26 3238.73 582.57 3239.15 631.07 3159.61 631.76
26071-203-M6-337-00031 0.05111405625939369 4945.97 2208.01 5020.06 2211.68 5014.04 2333.38 4939.95 2329.71
26071-203-M6-337-00031 0.05110587924718857 2713.54 4474.02 3407.49 4464.95 3410.13 4667.13 2716.18 4676.20
26071-203-M6-332-00001 0.9718999862670898 2091.47 5536.33 2167.06 5536.94 2165.99 5669.85 2090.39 5669.24
26071-203-M6-332-00001 0.07304784655570984 2365.41 5645.51 2450.29 5646.67 2449.67 5691.50 2364.80 5690.33
26071-203-M6-332-00001 0.057475581765174866 4319.33 3129.01 5179.32 3312.14 5122.21 3580.35 4262.21 3397.22
26071-203-M6-332-00001 0.05550524964928627 5255.16 3132.45 6078.71 3343.30 6017.22 3583.46 5193.67 3372.61
26071-203-M6-332-00001 0.05456721410155296 3150.27 3148.19 3972.48 3329.63 3919.01 3571.94 3096.80 3390.50
26071-203-M6-332-00001 0.05198488011956215 5108.08 1315.22 5155.87 1317.82 5151.09 1405.88 5103.30 1403.29
26071-203-M6-332-00001 0.050572168081998825 3617.27 3062.29 3962.36 2854.80 4254.90 3341.34 3909.81 3548.83
26071-203-M6-332-00001 0.05019253492355347 5714.32 3056.76 6057.17 2854.16 6348.05 3346.42 6005.19 3549.01
26071-203-M6-079-00001 0.0868164449930191 4594.45 3905.59 4651.87 3854.03 4732.01 3943.28 4674.59 3994.83
26071-203-M6-079-00001 0.055984433740377426 2680.10 4186.18 2726.23 4184.58 2729.58 4281.23 2683.45 4282.82
26071-203-M6-079-00001 0.05076669156551361 4689.97 4807.72 4833.53 4786.52 4859.08 4959.60 4715.52 4980.80
26071-200-M6-052-00150 0.9687724113464355 6007.33 3458.46 6081.92 3455.14 6087.84 3587.81 6013.24 3591.14
26071-200-M6-052-00150 0.9662927985191345 7450.18 4636.22 7523.62 4635.72 7524.54 4771.09 7451.10 4771.58
26071-200-M6-052-00150 0.1157899796962738 2508.01 3065.45 2624.03 3084.22 2614.64 3142.24 2498.63 3123.47
26071-200-M6-052-00150 0.1082521602511406 2171.40 1467.14 2315.54 1474.73 2307.61 1625.34 2163.47 1617.75
26071-200-M6-052-00150 0.10730863362550735 5502.46 5834.24 5559.99 5815.11 5592.78 5913.70 5535.25 5932.83
26071-200-M6-052-00150 0.08655691891908646 2820.03 1183.49 2876.77 1175.59 2899.87 1341.41 2843.13 1349.31
26071-200-M6-052-00150 0.0802663117647171 4213.03 5844.74 4270.33 5837.73 4287.12 5974.90 4229.82 5981.91
26071-200-M6-052-00150 0.07874026894569397 4502.92 3059.16 4599.31 3097.51 4577.92 3151.29 4481.52 3112.94
26071-200-M6-052-00150 0.06021585315465927 6467.11 5496.29 6516.41 5494.64 6520.25 5609.10 6470.94 5610.76
26071-200-M6-052-00150 0.05609497055411339 7275.50 4549.02 7430.88 4551.76 7428.03 4713.03 7272.65 4710.28
26071-200-M6-052-00150 0.05522571876645088 3519.00 2965.24 3722.59 2909.83 3791.81 3164.20 3588.22 3219.61
26071-200-M6-052-00150 0.05423116311430931 5842.47 3371.24 5993.52 3374.60 5990.19 3524.27 5839.14 3520.91
26071-200-M6-052-00003 0.9786074161529541 6106.03 1211.39 6180.80 1212.76 6178.33 1346.68 6103.57 1345.30
26071-200-M6-052-00003 0.9648860096931458 6102.60 1989.28 6177.72 1987.46 6181.04 2124.38 6105.92 2126.20
26071-200-M6-052-00003 0.19030414521694183 2774.45 4545.30 2898.60 4539.99 2902.17 4623.45 2778.01 4628.76
26071-200-M6-052-00003 0.13479530811309814 1615.82 2378.69 1677.50 2372.91 1692.07 2528.21 1630.38 2533.99
26071-200-M6-052-00003 0.08384695649147034 5669.00 2793.77 5803.67 2779.33 5819.83 2930.11 5685.17 2944.54
26071-200-M6-052-00003 0.07137579470872879 5963.52 1919.20 6095.95 1927.07 6087.40 2070.98 5954.96 2063.11
26071-200-M6-052-00003 0.06725582480430603 5968.44 1108.35 6121.50 1115.08 6114.01 1285.46 5960.95 1278.73
26071-200-M6-052-00003 0.0518057718873024 5838.37 2823.26 5917.50 2820.83 5921.09 2937.59 5841.96 2940.02
26071-700-M6-054-00013 0.9722442626953125 3620.34 2036.06 3696.55 2034.98 3698.48 2170.58 3622.27 2171.67
26071-700-M6-054-00013 0.9711416363716125 3621.91 5226.65 3694.86 5223.37 3700.93 5358.32 3627.98 5361.61
26071-700-M6-054-00013 0.9703571796417236 3620.68 3923.97 3696.53 3923.27 3697.80 4060.08 3621.94 4060.78
26071-700-M6-054-00013 0.970094621181488 3621.54 3339.09 3694.44 3336.05 3700.01 3469.66 3627.11 3472.70
26071-700-M6-054-00013 0.9696407914161682 3619.92 5817.97 3694.77 5815.79 3698.70 5950.67 3623.84 5952.85
26071-700-M6-054-00013 0.9689280390739441 3620.26 1445.58 3695.20 1444.57 3697.02 1580.13 3622.08 1581.13
26071-700-M6-054-00013 0.08384352922439575 3691.94 3861.09 3842.86 3839.92 3866.45 4008.06 3715.54 4029.24
26071-700-M6-054-00013 0.067905493080616 3689.89 3271.92 3846.10 3239.89 3880.31 3406.72 3724.09 3438.74
26071-700-M6-054-00013 0.0636797845363617 5272.67 3284.53 5427.27 3260.14 5451.65 3414.69 5297.04 3439.07
26071-700-M6-054-00013 0.06294110417366028 3715.30 5170.40 3864.53 5167.12 3867.92 5321.40 3718.69 5324.68
26071-700-M6-054-00013 0.054706692695617676 5288.74 5166.70 5437.77 5169.92 5434.53 5319.62 5285.50 5316.40
26071-700-M6-054-00036 0.9801590442657471 6104.31 5415.58 6178.85 5416.46 6177.24 5551.70 6102.70 5550.81
26071-700-M6-054-00036 0.10515331476926804 4620.21 4717.60 4756.38 4751.53 4709.14 4941.09 4572.97 4907.16
26071-700-M6-054-00036 0.07589786499738693 3904.95 3497.77 4598.47 3499.34 4598.10 3662.35 3904.58 3660.78
26071-700-M6-054-00036 0.07566125690937042 4241.36 2136.31 4376.93 2131.73 4382.46 2295.25 4246.88 2299.83
26071-700-M6-054-00036 0.05466728284955025 6466.23 2845.87 6522.98 2875.11 6500.23 2919.25 6443.49 2890.01
26071-700-M6-054-00036 0.053338270634412766 3206.99 4571.33 3568.76 4578.33 3567.19 4659.42 3205.42 4652.42
26071-700-M6-054-00036 0.05332750082015991 6673.38 5350.76 6820.32 5360.19 6811.05 5504.51 6664.11 5495.07
26071-700-M6-054-00036 0.05277279391884804 4292.00 4906.53 4411.77 4893.67 4426.84 5033.97 4307.07 5046.84
26071-700-M6-054-00036 0.0525682270526886 4759.79 2959.28 4904.80 2965.76 4902.60 3014.85 4757.59 3008.37
26071-203-M6-320-00044 0.056321777403354645 3752.48 4007.86 3815.79 4005.58 3821.35 4159.99 3758.05 4162.27
26071-203-M6-320-00044 0.05155074968934059 1354.59 4007.44 1419.42 4006.83 1420.88 4162.61 1356.05 4163.22
26071-203-M6-320-00044 0.0502835251390934 2523.05 3987.39 2601.44 3975.71 2626.17 4141.63 2547.77 4153.31
26071-600-M6-065-00231 0.08526358008384705 7178.02 3216.10 7222.05 3210.95 7233.27 3306.70 7189.23 3311.86
26071-600-M6-065-00231 0.0647793784737587 3184.61 3567.97 3828.07 3568.11 3828.04 3703.19 3184.58 3703.05
26071-600-M6-065-00231 0.0645289272069931 4183.81 1487.86 4341.22 1495.85 4333.87 1640.73 4176.45 1632.74
26071-600-M6-065-00231 0.061174601316452026 6682.79 1935.96 6768.81 1893.16 6825.47 2007.05 6739.44 2049.85
26071-600-M6-065-00231 0.054201412945985794 6507.84 3278.59 7175.29 3283.24 7173.48 3542.94 6506.03 3538.29
26071-600-M6-065-00231 0.053432464599609375 6700.40 1463.74 6808.55 1451.95 6825.37 1606.19 6717.22 1617.99
26071-600-M6-065-00231 0.05200692638754845 3124.54 1478.75 3282.66 1487.02 3274.75 1638.29 3116.63 1630.02
26071-500-M6-059-00071 0.9676856994628906 6574.89 3456.40 6652.06 3455.66 6653.34 3588.54 6576.17 3589.28
26071-500-M6-059-00071 0.952186644077301 6102.68 2628.46 6177.95 2628.66 6177.59 2764.40 6102.31 2764.20
26071-500-M6-059-00071 0.8847156167030334 3930.60 2039.57 4009.59 2035.29 4017.00 2172.03 3938.01 2176.30
26071-500-M6-059-00071 0.8296993970870972 5513.51 3853.95 5589.44 3852.58 5591.93 3991.08 5516.01 3992.44
26071-500-M6-059-00071 0.16819405555725098 1483.76 5236.30 1658.61 5239.79 1657.33 5303.63 1482.49 5300.14
26071-500-M6-059-00071 0.10625423491001129 1423.61 5074.20 1573.56 5090.62 1558.23 5230.52 1408.29 5214.09
26071-500-M6-059-00071 0.07580079883337021 5338.34 3795.07 5478.91 3768.42 5512.77 3947.06 5372.20 3973.70
26071-500-M6-059-00071 0.0564616397023201 6407.63 3348.04 6545.86 3360.64 6531.99 3512.81 6393.76 3500.21
26071-500-M6-059-00071 0.05285855010151863 3909.21 2177.02 4157.59 2266.50 4127.01 2351.37 3878.63 2261.89
26071-500-M6-059-00071 0.050328925251960754 891.73 5167.00 1035.94 5196.15 1005.54 5346.56 861.32 5317.41
26071-203-M6-320-00008 0.9673906564712524 4594.86 1060.90 4670.58 1059.55 4672.98 1195.08 4597.27 1196.43
26071-203-M6-320-00008 0.05944724753499031 5867.99 5079.85 5900.19 5078.70 5904.51 5199.71 5872.31 5200.86
26071-203-M6-320-00008 0.0585433691740036 6931.93 2326.94 7145.27 2316.43 7147.03 2352.25 6933.69 2362.75
26071-203-M6-320-00008 0.0548594705760479 4608.39 1172.24 4686.68 1172.04 4686.92 1268.39 4608.62 1268.58
26071-500-M6-059-00116 0.9750356674194336 4366.62 3262.75 4499.00 3254.98 4503.40 3329.79 4371.01 3337.57
26071-500-M6-059-00116 0.9705458283424377 3176.24 4613.62 3306.77 4617.08 3304.83 4690.47 3174.29 4687.00
26071-500-M6-059-00116 0.24391189217567444 3289.01 4910.83 3332.94 4910.91 3332.78 5008.26 3288.85 5008.19
26071-500-M6-059-00116 0.07377459108829498 4158.05 4090.02 4820.57 4079.68 4823.61 4274.07 4161.08 4284.41
26071-500-M6-059-00116 0.0626237541437149 3250.33 4801.44 3352.49 4792.82 3363.49 4923.15 3261.33 4931.77
26071-500-M6-059-00116 0.060156822204589844 3579.49 2404.79 3751.00 2412.31 3742.06 2616.18 3570.55 2608.66
26071-500-M6-059-00116 0.05464478209614754 5095.95 1338.49 5173.00 1336.58 5174.96 1415.72 5097.91 1417.63
26071-500-M6-059-00116 0.05281824618577957 6698.07 2299.07 6832.98 2356.16 6750.02 2552.18 6615.12 2495.09
26071-500-M6-059-00116 0.05206434056162834 2871.23 3884.64 2906.26 3885.85 2902.25 4001.68 2867.22 4000.47
26071-500-M6-059-00116 0.051668066531419754 3099.65 4439.97 3234.40 4446.54 3225.68 4625.37 3090.93 4618.80
26071-550-M6-084-00026 0.11655483394861221 2882.08 2472.35 3030.53 2475.01 3027.57 2640.20 2879.12 2637.54
26071-550-M6-084-00026 0.09189043194055557 4343.82 3427.70 4380.03 3421.77 4398.84 3536.66 4362.63 3542.59
26071-550-M6-084-00026 0.09175682067871094 4191.75 3394.41 4295.91 3421.90 4274.21 3504.17 4170.04 3476.68
26071-550-M6-084-00026 0.0788240134716034 5229.84 2489.12 5379.48 2463.53 5405.91 2618.07 5256.27 2643.67
26071-550-M6-084-00026 0.07345495373010635 2824.57 2853.89 2939.27 2852.32 2939.74 2886.48 2825.03 2888.05
26071-550-M6-084-00026 0.05765625089406967 6345.72 2816.43 6445.48 2818.44 6432.64 3456.21 6332.87 3454.20
26071-550-M6-084-00026 0.05756859481334686 6473.17 5676.36 6557.15 5643.22 6602.63 5758.49 6518.65 5791.62
26071-550-M6-084-00026 0.056366778910160065 7354.15 3504.64 7405.27 3500.11 7415.02 3610.03 7363.90 3614.56
26071-550-M6-084-00026 0.055526476353406906 1984.32 3430.66 2021.39 3425.86 2036.44 3542.07 1999.37 3546.87
26071-550-M6-084-00026 0.051735829561948776 7318.55 3467.11 7456.07 3463.41 7457.42 3513.56 7319.90 3517.25
26071-203-M6-337-00007 0.12545861303806305 3202.20 2684.38 3272.99 2668.29 3305.41 2811.00 3234.62 2827.08
26071-203-M6-337-00007 0.12225471436977386 3215.71 5377.11 3288.05 5368.84 3305.07 5517.65 3232.73 5525.92
26071-203-M6-337-00007 0.0965423434972763 5195.23 5574.68 5328.61 5575.55 5326.75 5861.92 5193.38 5861.05
26071-203-M6-337-00007 0.09006907790899277 5212.62 2987.77 5289.45 2975.30 5313.38 3122.73 5236.55 3135.20
26071-203-M6-337-00007 0.07228481024503708 5313.46 2936.84 5470.66 2902.60 5501.79 3045.53 5344.58 3079.76
26071-203-M6-337-00007 0.060804542154073715 5047.69 5638.16 5181.67 5617.81 5224.72 5901.16 5090.74 5921.51
26071-203-M6-337-00007 0.0581180714070797 5316.21 5635.98 5475.97 5623.65 5487.46 5772.55 5327.69 5784.88
26071-200-M6-052-00090 0.9781674742698669 1591.63 4698.80 1665.68 4698.20 1666.74 4827.74 1592.69 4828.34
26071-200-M6-052-00090 0.967801570892334 4602.12 4697.19 4675.83 4696.12 4677.74 4827.64 4604.03 4828.71
26071-200-M6-052-00090 0.7406176328659058 3433.57 5933.41 3510.34 5933.06 3510.96 6069.34 3434.19 6069.68
26071-200-M6-052-00090 0.13431106507778168 6799.58 1288.21 6833.34 1289.39 6829.16 1409.70 6795.40 1408.52
26071-200-M6-052-00090 0.11321748793125153 5759.53 2363.34 5906.93 2363.09 5907.19 2519.92 5759.80 2520.17
26071-200-M6-052-00090 0.10248319059610367 6405.91 5221.08 6464.89 5226.04 6456.00 5331.87 6397.01 5326.92
26071-200-M6-052-00090 0.1005478948354721 3003.20 1579.31 3155.94 1576.23 3158.98 1726.92 3006.24 1730.00
26071-200-M6-052-00090 0.09059274196624756 2244.70 2826.06 2280.16 2821.75 2294.00 2935.54 2258.55 2939.86
26071-200-M6-052-00090 0.08303512632846832 6184.54 5151.50 6333.35 5173.94 6310.95 5322.49 6162.14 5300.06
26071-200-M6-052-00090 0.0809735506772995 2825.22 4029.87 2939.38 4035.43 2937.66 4070.80 2823.50 4065.24
26071-200-M6-052-00090 0.07701444625854492 8130.22 3607.80 8190.44 3621.86 8167.64 3719.57 8107.42 3705.52
26071-200-M6-052-00090 0.0762605294585228 6919.53 3968.07 7067.79 3966.50 7069.36 4114.46 6921.10 4116.03
26071-200-M6-052-00090 0.07389883697032928 3160.90 2094.28 3195.53 2089.75 3211.19 2209.57 3176.56 2214.10
26071-200-M6-052-00090 0.07354094833135605 8118.29 3812.58 8178.99 3813.04 8178.32 3902.80 8117.62 3902.34
26071-200-M6-052-00090 0.0688018873333931 2753.76 2351.24 2900.97 2358.89 2893.21 2507.98 2746.01 2500.33
26071-200-M6-052-00090 0.068553626537323 6387.28 2742.32 6432.02 2713.39 6495.75 2811.95 6451.02 2840.88
26071-200-M6-052-00090 0.0663214847445488 5733.49 3492.24 6306.95 3489.85 6307.66 3659.85 5734.20 3662.24
26071-200-M6-052-00090 0.06546486169099808 6374.51 5081.71 6424.68 5040.38 6511.72 5146.01 6461.55 5187.34
26071-200-M6-052-00090 0.06369387358427048 2735.90 3493.78 3299.05 3498.39 3297.72 3660.83 2734.57 3656.23
26071-200-M6-052-00090 0.06237862631678581 3126.00 4010.56 3216.29 4010.37 3216.54 4126.79 3126.25 4126.99
26071-200-M6-052-00090 0.061479028314352036 6259.04 4166.31 6430.04 4219.76 6393.89 4335.43 6222.89 4281.97
26071-200-M6-052-00090 0.061047036200761795 3427.78 1095.46 3529.59 1128.35 3510.37 1187.86 3408.56 1154.97
26071-200-M6-052-00090 0.057738516479730606 2828.59 3843.15 2944.32 3846.32 2943.34 3882.26 2827.61 3879.09
26071-200-M6-052-00090 0.05685330182313919 5833.91 3984.88 5902.85 3978.43 5917.13 4131.27 5848.19 4137.71
26071-200-M6-052-00090 0.05488881096243858 2541.96 6452.31 2597.67 6450.79 2602.25 6618.96 2546.54 6620.48
26071-200-M6-052-00090 0.05431918799877167 3850.50 6052.17 3952.36 6045.06 3955.83 6094.82 3853.98 6101.93
26071-200-M6-052-00090 0.05393780767917633 6141.92 4004.81 6207.37 4005.47 6206.15 4126.96 6140.69 4126.30
26071-200-M6-052-00090 0.05341372266411781 6405.23 2913.21 6499.40 2954.16 6476.45 3006.94 6382.28 2965.99
26071-200-M6-052-00090 0.05304323509335518 4607.21 4825.42 4695.35 4828.82 4690.68 4950.14 4602.53 4946.74
26071-203-M6-320-00061 0.06619606167078018 1000.26 3617.06 1144.25 3711.04 1044.55 3863.81 900.55 3769.83
26071-203-M6-320-00061 0.06411953270435333 959.51 3961.58 1149.71 4021.65 1107.06 4156.73 916.86 4096.66
26071-600-M6-065-00037 0.9742597341537476 2580.62 2076.07 2715.94 2077.26 2715.29 2150.91 2579.97 2149.72
26071-600-M6-065-00037 0.9632940292358398 1235.44 2889.51 1312.76 2890.51 1311.01 3025.07 1233.69 3024.06
26071-600-M6-065-00037 0.9567528367042542 7433.98 2570.96 7510.73 2569.09 7514.03 2705.00 7437.29 2706.86
26071-600-M6-065-00037 0.9432260394096375 6022.10 2199.90 6156.08 2196.42 6158.09 2273.83 6024.11 2277.30
26071-600-M6-065-00037 0.13987164199352264 6102.57 2284.44 6226.66 2223.88 6288.08 2349.73 6163.99 2410.29
26071-600-M6-065-00037 0.07435368746519089 2927.45 2078.19 2973.74 2078.85 2972.64 2155.75 2926.36 2155.09
26071-600-M6-065-00037 0.07273975014686584 1097.05 2763.97 1209.54 2725.52 1266.13 2891.06 1153.64 2929.51
26071-600-M6-065-00037 0.069505974650383 3224.31 5627.96 3301.02 5632.87 3291.08 5788.39 3214.36 5783.48
26071-600-M6-065-00037 0.0693347379565239 7495.92 5059.87 7643.72 5060.06 7643.52 5211.60 7495.72 5211.40
26071-600-M6-065-00037 0.06399767100811005 2496.71 2137.70 2640.12 2161.52 2612.58 2327.30 2469.17 2303.47
26071-600-M6-065-00037 0.06135096773505211 7308.77 2461.86 7464.51 2448.68 7477.55 2602.69 7321.81 2615.88
26071-600-M6-065-00037 0.05718892067670822 1521.23 6170.27 1754.01 6368.32 1696.61 6435.80 1463.82 6237.75
26071-600-M6-065-00037 0.0525783896446228 6372.70 2747.56 6523.31 2776.91 6494.73 2923.57 6344.12 2894.22
26071-600-M6-065-00037 0.051637664437294006 3198.16 5782.22 3426.25 5804.53 3413.23 5937.59 3185.14 5915.29
26071-300-M6-053-00010 0.9818421602249146 6928.16 1448.88 7003.71 1449.99 7001.74 1584.44 6926.18 1583.33
26071-300-M6-053-00010 0.9788889288902283 4802.32 5934.93 4877.83 5932.61 4881.96 6067.29 4806.44 6069.60
26071-300-M6-053-00010 0.089287668466568 4924.01 2478.15 4987.69 2476.32 4992.36 2638.64 4928.67 2640.47
26071-300-M6-053-00010 0.0818103775382042 3279.15 3937.57 3323.23 3934.75 3329.11 4026.43 3285.03 4029.25
26071-300-M6-053-00010 0.08133863657712936 4559.53 2451.30 4709.67 2454.21 4706.74 2605.40 4556.61 2602.49
26071-300-M6-053-00010 0.06966866552829742 5226.32 2477.91 5289.47 2480.51 5282.66 2645.96 5219.51 2643.36
26071-300-M6-053-00010 0.06956030428409576 6101.39 2591.64 6252.59 2578.04 6261.99 2682.63 6110.80 2696.23
26071-300-M6-053-00010 0.06372296065092087 2685.19 4174.47 2732.93 4168.80 2746.82 4285.85 2699.08 4291.52
26071-300-M6-053-00010 0.061930980533361435 2139.27 4094.05 2677.78 4320.59 2587.00 4536.38 2048.49 4309.84
26071-300-M6-053-00010 0.05206112936139107 5026.86 2452.33 5180.90 2448.92 5184.59 2615.46 5030.55 2618.88
26071-203-M6-320-00042 0.0711689293384552 2205.59 4019.59 2306.42 4003.50 2331.15 4158.54 2230.32 4174.62
26071-203-M6-320-00042 0.06239081546664238 2204.27 3561.60 2302.92 3535.50 2348.76 3708.72 2250.11 3734.83
26071-203-M6-320-00042 0.059488408267498016 6349.36 2043.02 6540.46 2064.36 6523.45 2216.58 6332.36 2195.23
26071-200-M6-052-00540 0.059223875403404236 3819.86 4437.86 4366.93 4431.63 4367.98 4523.71 3820.90 4529.94
26071-200-M6-052-00540 0.05785751715302467 5939.31 4431.82 6560.03 4416.99 6562.68 4527.94 5941.96 4542.77
26071-200-M6-052-00540 0.05338368937373161 6840.77 4430.78 7496.09 4400.86 7501.26 4514.07 6845.94 4544.00
26071-203-M6-160-00291 0.9800615906715393 1778.97 2157.36 1853.89 2155.31 1857.55 2289.22 1782.63 2291.27
26071-203-M6-160-00291 0.9658903479576111 1779.00 1385.60 1856.97 1386.77 1854.92 1523.25 1776.94 1522.08
26071-203-M6-160-00291 0.14585648477077484 2979.02 3504.62 3734.79 3514.84 3731.45 3762.52 2975.68 3752.30
26071-203-M6-160-00291 0.1432727426290512 1873.85 1289.83 2025.82 1292.77 2023.06 1435.37 1871.09 1432.43
26071-203-M6-160-00291 0.13922107219696045 1869.29 2058.57 2020.07 2054.40 2024.10 2200.25 1873.32 2204.42
26071-203-M6-160-00291 0.07118119299411774 3762.87 5831.15 3797.64 5823.85 3821.42 5937.13 3786.65 5944.43
26071-203-M6-160-00291 0.06534712761640549 6252.84 5835.37 6288.20 5824.38 6321.97 5933.00 6286.61 5944.00
26071-203-M6-160-00291 0.06213144585490227 2152.49 4481.79 2219.59 4481.41 2220.17 4583.18 2153.08 4583.57
26071-203-M6-160-00291 0.06185059994459152 1438.06 1289.72 1589.13 1297.27 1581.76 1444.64 1430.69 1437.09
26071-203-M6-160-00291 0.05544717237353325 7448.12 3512.62 7543.67 3480.00 7666.93 3841.10 7571.38 3873.72
26071-203-M6-160-00291 0.053055524826049805 1565.01 2953.02 1689.30 2920.78 1736.72 3103.61 1612.44 3135.85
26071-203-M6-160-00291 0.0513606071472168 3042.82 2201.00 3246.15 2217.92 3236.58 2332.83 3033.26 2315.91
26071-203-M6-160-00291 0.05072411149740219 1775.07 1676.24 1865.00 1678.18 1863.97 1725.66 1774.04 1723.72
26071-600-M6-066-00002 0.5683543086051941 4303.62 2719.13 4443.65 2720.29 4443.02 2797.16 4302.99 2796.00
26071-600-M6-066-00002 0.46323010325431824 4302.38 3744.47 4440.80 3754.22 4435.53 3828.88 4297.12 3819.12
26071-600-M6-066-00002 0.1490873396396637 4198.80 3763.29 4268.90 3726.89 4314.03 3813.80 4243.93 3850.20
26071-600-M6-066-00002 0.11106148362159729 4287.77 3511.27 4448.84 3539.49 4422.15 3691.88 4261.08 3663.67
26071-600-M6-066-00002 0.1096162497997284 4271.37 2486.44 4448.68 2498.37 4438.24 2653.44 4260.94 2641.51
26071-300-M6-053-00008 0.07505141943693161 4862.29 665.34 5013.83 671.17 5008.09 820.45 4856.55 814.62
26071-300-M6-053-00008 0.07101087272167206 6572.44 5814.04 6666.57 5811.54 6667.81 5858.38 6573.68 5860.88
26071-300-M6-053-00008 0.060025736689567566 5490.63 1763.66 5572.46 1767.70 5566.98 1878.50 5485.15 1874.46
26071-300-M6-053-00008 0.05975670367479324 5262.70 721.43 5296.09 722.04 5293.93 838.78 5260.54 838.16
26071-300-M6-053-00008 0.05347404628992081 5834.10 2383.67 5932.20 2385.58 5921.13 2957.19 5823.03 2955.29
26071-203-M6-060-00001 0.07643484324216843 1872.21 1348.87 1906.27 1348.92 1906.08 1468.51 1872.02 1468.46
26071-203-M6-060-00001 0.07294398546218872 3427.58 5361.99 3574.83 5365.94 3570.84 5514.52 3423.59 5510.57
26071-203-M6-060-00001 0.06034484878182411 2090.66 4691.52 2357.27 4685.04 2360.59 4821.85 2093.98 4828.33
26071-203-M6-060-00001 0.05283142253756523 2938.25 2373.35 3273.57 2367.00 3276.75 2534.75 2941.42 2541.10
26071-200-M6-063-00010 0.9751244783401489 5629.06 5582.00 5703.47 5580.63 5705.94 5715.10 5631.52 5716.46
26071-200-M6-063-00010 0.14113451540470123 4298.32 2239.83 4435.35 2257.62 4416.24 2404.78 4279.21 2386.99
26071-200-M6-063-00010 0.08912462741136551 6034.29 1784.80 6154.95 1706.43 6269.12 1882.22 6148.45 1960.59
26071-200-M6-063-00010 0.059087421745061874 2527.75 3875.74 3115.72 3865.61 3119.69 4096.05 2531.73 4106.18
26071-200-M6-063-00010 0.05616064742207527 6472.10 1930.21 6508.49 1925.21 6524.21 2039.65 6487.82 2044.65
26071-200-M6-063-00010 0.05345556512475014 5981.14 1777.71 6040.64 1767.83 6068.42 1935.25 6008.93 1945.13
26071-200-M6-063-00010 0.05067523941397667 6393.65 1776.08 6522.70 1715.29 6602.88 1885.50 6473.84 1946.29
26071-200-M6-063-00010 0.05001172423362732 3151.54 3802.92 3219.15 3807.13 3211.18 3935.04 3143.57 3930.83
26071-203-M6-325-00013 0.0982183963060379 6025.26 2465.38 6210.19 2410.42 6256.02 2564.63 6071.08 2619.59
26071-203-M6-325-00013 0.08958654850721359 6022.15 1871.57 6238.29 1825.57 6267.53 1962.94 6051.38 2008.94
26071-203-M6-325-00013 0.08837007731199265 3405.14 4762.36 3498.08 4752.30 3515.10 4909.57 3422.16 4919.63
26071-203-M6-325-00013 0.0679110437631607 3401.93 3987.07 3533.29 3997.09 3522.85 4133.94 3391.49 4123.92
26071-300-M6-053-00012 0.9808868169784546 1800.50 4992.29 1874.24 4987.54 1882.72 5119.07 1808.97 5123.82
26071-300-M6-053-00012 0.9791737794876099 2559.35 1681.92 2634.44 1681.74 2634.77 1817.65 2559.68 1817.83
26071-300-M6-053-00012 0.9745409488677979 6111.80 1033.69 6185.97 1029.95 6192.94 1167.97 6118.78 1171.72
26071-300-M6-053-00012 0.16804952919483185 5056.09 3377.68 5159.10 3437.56 5116.07 3511.57 5013.07 3451.69
26071-300-M6-053-00012 0.12305063754320145 2387.59 1699.23 2419.40 1695.89 2431.14 1807.72 2399.33 1811.06
26071-300-M6-053-00012 0.11774664372205734 4708.65 3744.55 4857.08 3744.13 4857.47 3883.04 4709.04 3883.46
26071-300-M6-053-00012 0.09441905468702316 7240.14 2370.70 7288.18 2375.52 7279.64 2460.67 7231.60 2455.86
26071-300-M6-053-00012 0.09403520077466965 1905.26 4929.33 2048.48 4937.82 2039.74 5085.44 1896.51 5076.96
26071-300-M6-053-00012 0.07309926301240921 5094.75 2250.99 5712.14 2261.96 5707.64 2515.20 5090.25 2504.23
26071-300-M6-053-00012 0.05625811591744423 6177.77 885.65 6336.42 871.53 6349.30 1016.18 6190.65 1030.30
26071-300-M6-053-00012 0.05532871559262276 354.34 4623.82 900.18 4616.46 901.01 4678.28 355.18 4685.64
26071-300-M6-053-00012 0.05420422554016113 4165.56 3529.56 4426.85 3478.31 4501.73 3860.01 4240.43 3911.26
26071-675-M6-068-00034 0.9038597941398621 5881.10 2101.98 5957.20 2109.79 5943.29 2245.39 5867.19 2237.58
26071-675-M6-068-00034 0.11761002987623215 3342.07 5448.35 3418.57 5460.18 3403.24 5559.33 3326.74 5547.50
26071-675-M6-068-00034 0.09935089945793152 6379.08 1816.85 6532.82 1832.77 6517.02 1985.37 6363.29 1969.45
26071-675-M6-068-00034 0.08693958073854446 4048.05 675.36 4198.28 670.84 4202.65 816.41 4052.42 820.93
26071-675-M6-068-00034 0.0784670040011406 4776.23 5177.62 4899.78 5204.75 4869.34 5343.40 4745.79 5316.28
26071-675-M6-068-00034 0.06707461923360825 3156.96 3347.76 3199.90 3347.38 3200.63 3427.64 3157.68 3428.03
26071-450-M6-082-00031 0.976973831653595 2911.14 4933.75 3048.87 4936.10 3047.58 5011.87 2909.85 5009.52
26071-450-M6-082-00031 0.9741722345352173 5375.15 4917.86 5507.87 4926.57 5503.10 4999.15 5370.38 4990.43
26071-450-M6-082-00031 0.926950991153717 4215.60 1996.09 4290.81 1997.53 4288.29 2129.48 4213.08 2128.04
26071-450-M6-082-00031 0.232609823346138 5454.29 4178.08 5521.33 4170.25 5536.76 4302.32 5469.72 4310.15
26071-450-M6-082-00031 0.09125017374753952 3021.81 3142.30 3550.74 3127.67 3557.56 3374.12 3028.63 3388.76
26071-450-M6-082-00031 0.09112998098134995 2978.16 1583.48 3109.07 1570.98 3123.80 1725.27 2992.89 1737.77
26071-450-M6-082-00031 0.0802885890007019 2820.63 5014.46 2970.25 5022.56 2962.45 5166.66 2812.83 5158.56
26071-450-M6-082-00031 0.07263205200433731 4282.23 1853.68 4436.38 1866.92 4422.28 2031.22 4268.12 2017.98
26071-450-M6-082-00031 0.055843669921159744 3757.92 2833.64 3789.18 2826.38 3818.84 2954.19 3787.58 2961.44
26071-450-M6-082-00031 0.05424689128994942 5284.54 4081.04 5448.83 4054.80 5472.60 4203.58 5308.31 4229.83
26071-450-M6-082-00031 0.05183466151356697 5167.37 5928.94 5320.63 5927.86 5321.70 6077.84 5168.43 6078.93
26071-450-M6-082-00031 0.05083438381552696 2721.01 1750.99 2907.11 1793.42 2880.21 1911.41 2694.11 1868.99
26071-450-M6-082-00031 0.05015284940600395 5281.05 4995.01 5428.25 5013.19 5410.08 5160.28 5262.88 5142.10
26071-200-M6-062-00276 0.2165413349866867 2384.01 4599.13 2506.55 4594.58 2509.51 4674.06 2386.96 4678.61
26071-200-M6-062-00276 0.09833293408155441 4763.78 3041.49 4910.03 3035.89 4916.21 3197.20 4769.96 3202.80
26071-200-M6-062-00276 0.06904922425746918 1530.89 2391.75 1635.67 2385.67 1638.07 2427.08 1533.29 2433.16
26071-200-M6-062-00276 0.06886168569326401 5532.78 4365.33 5627.30 4363.39 5631.24 4555.46 5536.72 4557.40
26071-200-M6-062-00276 0.05347064882516861 1763.86 2062.09 1798.04 2061.13 1801.35 2178.31 1767.18 2179.28
26071-500-M6-059-00011 0.08402545750141144 2965.59 4569.47 3100.12 4577.94 3090.60 4728.91 2956.08 4720.44
26071-500-M6-059-00011 0.06857597827911377 6454.13 2466.35 6486.38 2465.57 6489.48 2593.83 6457.23 2594.61
26071-500-M6-059-00011 0.061860233545303345 5539.45 2148.99 5692.68 2133.58 5707.61 2282.15 5554.38 2297.55
26071-500-M6-059-00011 0.06169293075799942 5007.28 1853.43 5162.90 1837.06 5178.35 1983.92 5022.73 2000.30
26071-500-M6-059-00011 0.06113368645310402 6686.90 3280.32 6806.00 3278.84 6806.41 3311.65 6687.31 3313.13
26071-500-M6-059-00011 0.05969308316707611 5393.62 1882.96 5429.03 1884.17 5425.10 1999.59 5389.69 1998.38
26071-500-M6-059-00011 0.05938684195280075 7321.73 3275.93 7433.95 3278.07 7433.28 3313.39 7321.06 3311.25
26071-500-M6-059-00011 0.05908771976828575 5243.65 2086.37 5294.49 2078.05 5312.80 2189.90 5261.96 2198.22
26071-500-M6-059-00011 0.05704911798238754 6070.99 2436.25 6224.00 2430.92 6229.07 2576.67 6076.06 2581.99
26071-500-M6-059-00011 0.0570136234164238 5077.73 2393.82 5201.16 2385.76 5203.40 2420.05 5079.97 2428.11
26071-500-M6-059-00011 0.053294505923986435 4863.82 1586.39 4898.06 1587.98 4892.68 1704.28 4858.44 1702.70
26071-500-M6-059-00011 0.05206247419118881 5249.38 6204.96 5302.05 6199.93 5310.55 6288.83 5257.88 6293.86
26071-600-M6-065-00021 0.9791585803031921 2325.65 3928.36 2400.56 3930.47 2396.81 4063.35 2321.89 4061.23
26071-600-M6-065-00021 0.9756571054458618 6456.72 4048.30 6531.85 4045.93 6536.06 4179.07 6460.93 4181.44
26071-600-M6-065-00021 0.1295158565044403 2842.28 2903.83 2966.80 2906.27 2965.21 2987.11 2840.69 2984.67
26071-600-M6-065-00021 0.11607422679662704 5187.64 3950.10 5333.74 3959.15 5323.98 4116.78 5177.87 4107.72
26071-600-M6-065-00021 0.08273720741271973 5031.67 5078.15 5078.45 5078.89 5077.22 5156.31 5030.44 5155.57
26071-600-M6-065-00021 0.07872334122657776 3701.63 5549.65 3839.61 5574.66 3828.90 5633.76 3690.91 5608.75
26071-600-M6-065-00021 0.07355228811502457 5409.24 2892.01 5501.53 2964.89 5451.68 3028.01 5359.39 2955.13
26071-600-M6-065-00021 0.06948307901620865 5671.21 3982.57 5819.58 3952.70 5854.09 4124.15 5705.72 4154.01
26071-600-M6-065-00021 0.06946595758199692 6571.45 3939.40 6691.31 3951.01 6676.04 4108.70 6556.17 4097.09
26071-600-M6-065-00021 0.06700152158737183 5412.56 5560.75 5543.09 5559.70 5543.58 5620.45 5413.05 5621.50
26071-600-M6-065-00021 0.06305176019668579 3281.61 5069.43 3328.97 5070.02 3327.86 5159.31 3280.50 5158.72
26071-600-M6-065-00021 0.06189184635877609 4530.10 1333.76 4672.06 1339.09 4666.67 1482.51 4524.72 1477.18
26071-600-M6-065-00021 0.061428003013134 4587.52 1636.68 4701.37 1635.41 4701.74 1669.02 4587.89 1670.29
26071-600-M6-065-00021 0.05711083859205246 3778.04 2885.21 4317.77 2861.53 4323.25 2986.56 3783.53 3010.24
26071-600-M6-065-00021 0.05541638657450676 5063.71 1877.33 5095.54 1877.43 5095.13 2001.29 5063.30 2001.19
26071-600-M6-065-00021 0.054596301168203354 7263.28 3368.16 7412.34 3373.94 7406.31 3529.43 7257.25 3523.65
26071-600-M6-065-00021 0.05448763817548752 7153.03 5519.27 7476.79 5503.97 7480.54 5583.32 7156.78 5598.62
26071-600-M6-065-00021 0.053831811994314194 1428.51 1449.11 1530.44 1493.72 1501.70 1559.38 1399.77 1514.77
26071-600-M6-065-00021 0.052915219217538834 5501.94 5588.19 5641.09 5555.49 5658.80 5630.85 5519.65 5663.55
26071-600-M6-065-00021 0.05208826810121536 2568.29 964.26 2611.71 965.04 2610.23 1046.77 2566.81 1045.98
26071-500-M6-059-00013 0.0879421979188919 4678.80 4373.64 4754.95 4369.78 4763.59 4540.10 4687.45 4543.96
26071-500-M6-059-00013 0.08011864125728607 5716.95 1917.75 5809.66 1899.98 5835.55 2035.09 5742.84 2052.85
26071-500-M6-059-00013 0.07205991446971893 5153.71 5169.49 5301.91 5158.77 5313.93 5325.09 5165.73 5335.80
26071-500-M6-059-00013 0.051845937967300415 2726.10 2753.34 2881.17 2731.30 2904.21 2893.36 2749.14 2915.41
26071-500-M6-059-00013 0.050939932465553284 1664.33 5851.64 1703.53 5849.81 1707.70 5939.01 1668.50 5940.84
26071-500-M6-059-00013 0.05006154626607895 3357.52 4256.03 3509.80 4276.41 3489.83 4425.63 3337.55 4405.25
26071-500-M6-059-00044 0.316879540681839 4642.30 1197.48 4716.58 1196.28 4718.80 1333.51 4644.51 1334.72
26071-500-M6-059-00044 0.12600024044513702 5522.96 1180.79 5617.30 1182.00 5615.30 1338.12 5520.96 1336.91
26071-500-M6-059-00044 0.0986189991235733 6955.05 5639.35 7030.95 5637.59 7033.25 5736.99 6957.35 5738.75
26071-500-M6-059-00044 0.08535245060920715 5449.16 3965.88 5607.26 3948.16 5624.91 4105.58 5466.80 4123.31
26071-500-M6-059-00044 0.07338158041238785 1871.83 3953.51 2026.97 3943.72 2037.11 4104.55 1881.97 4114.34
26071-500-M6-059-00044 0.06933534890413284 7005.35 3965.24 7143.34 3970.05 7138.24 4116.14 7000.25 4111.32
26071-500-M6-059-00044 0.06327586621046066 1040.51 6349.96 1125.01 6348.38 1126.91 6450.17 1042.41 6451.75
26071-500-M6-059-00044 0.062243543565273285 4193.46 4964.19 4270.28 4960.18 4275.96 5069.20 4199.14 5073.20
26071-500-M6-059-00044 0.06117777153849602 1217.60 3379.70 1364.01 3386.23 1357.41 3534.22 1210.99 3527.68
26071-500-M6-059-00044 0.05962685868144035 4461.13 1114.12 4605.70 1083.21 4638.93 1238.65 4494.37 1269.56
26071-500-M6-059-00044 0.054391223937273026 3427.93 3964.31 3578.80 3965.12 3577.97 4118.74 3427.11 4117.92
26071-500-M6-059-00044 0.054026298224925995 4776.01 2007.88 4864.95 2008.68 4864.52 2056.40 4775.58 2055.60
26071-500-M6-059-00044 0.053374554961919785 6803.26 692.93 6834.98 695.32 6826.21 811.62 6794.49 809.23
26071-500-M6-059-00044 0.05166490748524666 7137.68 5565.54 7478.10 5554.95 7481.67 5669.61 7141.25 5680.21
26071-500-M6-059-00044 0.05121082067489624 3856.93 4316.37 3948.07 4305.44 3964.00 4438.24 3872.85 4449.17
26071-500-M6-059-00044 0.05045139417052269 4957.20 2608.70 5058.66 2613.11 5036.46 3123.67 4934.99 3119.26
26071-200-M6-052-00093 0.9392948150634766 6894.59 3455.35 6971.52 3456.03 6970.30 3592.57 6893.37 3591.88
26071-200-M6-052-00093 0.9298774600028992 5199.55 5570.18 5330.18 5567.91 5331.52 5644.79 5200.89 5647.06
26071-200-M6-052-00093 0.10506463795900345 3942.40 4511.65 4459.92 4508.81 4460.78 4665.77 3943.26 4668.61
26071-200-M6-052-00093 0.10456301271915436 6977.21 3362.81 7134.77 3372.56 7125.57 3521.15 6968.02 3511.40
26071-200-M6-052-00093 0.09463652968406677 3932.63 2262.84 4452.53 2265.83 4451.59 2428.77 3931.69 2425.78
26071-200-M6-052-00093 0.08838186413049698 3979.01 1490.85 4484.13 1479.96 4488.06 1662.25 3982.93 1673.13
26071-200-M6-052-00093 0.08042324334383011 3960.32 3853.32 4490.94 3838.37 4495.67 4006.26 3965.05 4021.21
26071-200-M6-052-00093 0.07631266117095947 3328.28 4000.29 3473.28 3958.67 3518.76 4117.15 3373.76 4158.76
26071-200-M6-052-00093 0.07261540740728378 4881.53 1475.11 5019.90 1466.41 5029.68 1621.91 4891.31 1630.61
26071-200-M6-052-00093 0.06804140657186508 4277.82 2440.47 4453.33 2449.72 4443.51 2635.94 4268.00 2626.69
26071-200-M6-052-00093 0.056524608284235 5251.42 1628.25 5287.53 1621.85 5307.91 1736.90 5271.80 1743.29
26071-200-M6-052-00093 0.05399763211607933 6824.16 4613.67 7120.16 4597.25 7124.32 4672.07 6828.32 4688.49
26071-200-M6-052-00093 0.053761087357997894 6421.65 4135.78 6549.80 4240.53 6514.00 4284.32 6385.85 4179.57
26071-200-M6-052-00093 0.05105630308389664 2658.64 2385.24 2750.98 2386.02 2750.59 2432.18 2658.25 2431.40
26071-200-M6-052-00002 0.9702591300010681 5513.87 5345.62 5587.46 5345.03 5588.53 5480.33 5514.94 5480.91
26071-200-M6-052-00002 0.9701083898544312 6859.83 1260.44 6934.15 1258.50 6937.66 1392.65 6863.35 1394.60
26071-200-M6-052-00002 0.9475345611572266 1971.69 5932.10 2047.52 5935.00 2042.40 6068.67 1966.57 6065.77
26071-200-M6-052-00002 0.10200813412666321 4395.15 2660.68 4545.74 2663.73 4542.71 2813.30 4392.12 2810.25
26071-200-M6-052-00002 0.0881025418639183 1446.47 846.34 1582.27 820.33 1612.98 980.64 1477.17 1006.65
26071-200-M6-052-00002 0.08369474112987518 7286.35 6175.59 7436.01 6178.30 7433.29 6328.28 7283.64 6325.57
26071-200-M6-052-00002 0.06802087277173996 5493.72 4256.59 5643.31 4294.77 5603.95 4448.99 5454.36 4410.81
26071-200-M6-052-00002 0.061303168535232544 6254.65 1305.80 6570.97 1287.36 6574.63 1350.24 6258.32 1368.68
26071-200-M6-052-00002 0.05537174269556999 7205.44 1929.11 7245.09 1926.63 7252.39 2043.69 7212.74 2046.17
26071-200-M6-052-00002 0.05212580785155296 2995.08 3110.39 3595.99 3108.24 3596.70 3307.50 2995.80 3309.65
26071-200-M6-052-00002 0.05164887011051178 4468.80 2848.63 4538.95 2839.49 4552.44 2943.06 4482.29 2952.20
26071-675-M6-068-10002 0.10588565468788147 1763.22 1399.89 1852.15 1385.43 1871.33 1503.42 1782.40 1517.88
26071-750-M6-085-00012 0.30108994245529175 7947.18 2378.85 7997.30 2381.09 7993.40 2468.30 7943.27 2466.05
26071-750-M6-085-00012 0.12201506644487381 7520.37 990.71 7553.56 991.81 7549.72 1107.75 7516.53 1106.65
26071-750-M6-085-00012 0.11873466521501541 2289.77 4461.03 2438.80 4463.21 2436.63 4611.21 2287.60 4609.03
26071-750-M6-085-00012 0.1165790930390358 4842.18 3558.15 4991.93 3561.00 4989.09 3709.81 4839.35 3706.96
26071-750-M6-085-00012 0.10381324589252472 5078.04 2596.30 5197.02 2590.45 5198.65 2623.63 5079.67 2629.48
26071-750-M6-085-00012 0.09594877809286118 7765.55 967.99 7908.40 960.42 7916.34 1110.27 7773.49 1117.84
26071-750-M6-085-00012 0.09032095223665237 1572.87 4477.53 1617.86 4479.23 1615.27 4547.81 1570.27 4546.10
26071-750-M6-085-00012 0.08701987564563751 7028.68 3558.32 7178.23 3563.25 7173.34 3711.83 7023.79 3706.90
26071-750-M6-085-00012 0.08403899520635605 7927.49 2447.09 8006.06 2442.43 8012.22 2546.37 7933.65 2551.03
26071-750-M6-085-00012 0.08113238215446472 3165.45 2376.86 3210.28 2378.52 3207.55 2452.38 3162.71 2450.71
26071-750-M6-085-00012 0.07874128967523575 923.35 4478.75 966.76 4479.99 964.77 4549.69 921.36 4548.45
26071-750-M6-085-00012 0.06940518319606781 2488.02 2944.05 2671.22 2953.27 2667.47 3027.66 2484.28 3018.44
26071-750-M6-085-00012 0.06498502194881439 7206.49 5042.51 7920.00 5034.74 7922.60 5273.71 7209.09 5281.48
26071-750-M6-085-00012 0.06451307237148285 5498.57 4923.11 5650.35 4929.28 5644.51 5072.92 5492.73 5066.74
26071-750-M6-085-00012 0.06336874514818192 2705.59 5037.62 3429.82 5030.20 3432.33 5274.50 2708.10 5281.92
26071-750-M6-085-00012 0.06302706152200699 4978.73 4086.09 5127.40 4072.76 5140.13 4214.84 4991.46 4228.17
26071-750-M6-085-00012 0.059780798852443695 6698.90 2770.99 6870.72 2773.67 6869.59 2846.11 6697.77 2843.44
26071-750-M6-085-00012 0.058333080261945724 3053.11 6420.01 3086.76 6419.86 3087.31 6538.43 3053.67 6538.58
26071-750-M6-085-00012 0.05824539437890053 7162.25 4497.69 7311.66 4492.49 7316.86 4642.14 7167.45 4647.34
26071-750-M6-085-00012 0.05614561215043068 6524.38 2930.88 6879.66 2927.29 6880.39 3000.03 6525.11 3003.63
26071-750-M6-085-00012 0.05565350875258446 4057.35 1901.21 4102.33 1899.30 4106.89 2006.83 4061.91 2008.74
26071-750-M6-085-00012 0.05432165414094925 4980.64 5127.63 5533.79 5128.07 5533.70 5242.78 4980.55 5242.34
26071-750-M6-085-00012 0.05334854498505592 7641.81 1177.71 7694.41 1175.82 7698.00 1275.40 7645.39 1277.30
26071-750-M6-085-00012 0.051981329917907715 5088.75 4052.11 5613.66 4301.65 5516.56 4505.90 4991.65 4256.36
26071-750-M6-085-00012 0.05142609402537346 739.96 1770.61 1131.48 1765.52 1133.99 1957.93 742.46 1963.02
26071-750-M6-085-00012 0.05083104968070984 1163.43 3139.99 1309.09 3135.54 1313.66 3285.35 1168.00 3289.80
26071-200-M6-062-00277 0.09890738874673843 3746.32 5309.29 3806.58 5301.36 3823.06 5426.64 3762.80 5434.57
26071-200-M6-062-00277 0.08758487552404404 6222.48 5308.53 6277.07 5303.89 6287.11 5422.12 6232.52 5426.76
26071-200-M6-062-00277 0.08577165007591248 4220.90 5302.55 4275.63 5303.32 4273.93 5423.62 4219.20 5422.85
26071-200-M6-062-00277 0.08473431318998337 5163.75 5303.00 5220.83 5301.68 5223.62 5422.74 5166.54 5424.06
26071-200-M6-062-00277 0.08144161850214005 4692.67 5302.55 4748.63 5302.06 4749.68 5423.09 4693.71 5423.57
26071-200-M6-062-00277 0.06675885617733002 4063.05 1614.68 4432.52 1609.20 4433.85 1698.87 4064.38 1704.36
26071-200-M6-062-00277 0.06670036911964417 5606.44 1619.07 5960.00 1598.53 5965.55 1693.92 5611.98 1714.46
26071-200-M6-062-00277 0.06303587555885315 2218.84 4239.19 2276.51 4243.11 2268.90 4355.06 2211.24 4351.14
26071-200-M6-062-00277 0.06173005700111389 2214.39 2351.34 2270.32 2353.56 2265.78 2467.95 2209.84 2465.73
26071-200-M6-062-00277 0.06059155613183975 2908.01 2355.75 2968.56 2350.32 2978.77 2464.15 2918.22 2469.58
26071-200-M6-062-00277 0.05737850442528725 1865.86 4240.89 1922.52 4247.15 1910.34 4357.49 1853.67 4351.24
26071-200-M6-062-00277 0.05382517725229263 5611.69 2565.33 5975.85 2559.70 5977.16 2644.49 5613.00 2650.12
26071-200-M6-062-00277 0.0537608303129673 5612.98 2917.24 5972.55 2914.14 5973.29 2999.48 5613.72 3002.58
26071-200-M6-062-00277 0.05114446580410004 2562.76 2353.35 2615.98 2349.85 2623.49 2464.17 2570.27 2467.67
26071-200-M6-062-00277 0.05082152411341667 2925.34 4240.84 2983.32 4242.76 2979.56 4356.02 2921.59 4354.10
26071-200-M6-062-00277 0.050651535391807556 4076.06 3033.26 4437.32 3041.20 4435.71 3114.39 4074.45 3106.45
26071-600-M6-065-00259 0.16067489981651306 846.96 1990.03 1009.14 1997.88 1002.01 2145.00 839.84 2137.15
26071-600-M6-065-00259 0.07795042544603348 7585.44 4954.57 7729.85 4930.17 7764.23 5133.68 7619.81 5158.08
26071-600-M6-065-00259 0.07613369822502136 7777.18 5291.17 7927.97 5286.63 7932.46 5435.72 7781.67 5440.26
26071-600-M6-065-00259 0.06273114681243896 7415.05 5294.75 7569.71 5291.69 7572.74 5444.87 7418.09 5447.93
26071-200-M6-052-00544 0.14721544086933136 2960.17 3917.85 3044.06 3922.06 3038.09 4040.75 2954.20 4036.53
26071-200-M6-052-00544 0.08844797313213348 4036.55 3965.61 4099.39 3975.60 4077.76 4111.72 4014.91 4101.73
26071-200-M6-052-00544 0.07247252017259598 2567.31 2088.52 2741.97 2063.62 2763.40 2213.96 2588.74 2238.85
26071-200-M6-052-00544 0.05353640764951706 4242.85 3272.23 4399.33 3285.20 4386.41 3440.99 4229.94 3428.02
26071-600-M6-066-00003 0.982801079750061 2362.39 5200.38 2497.52 5206.37 2494.26 5279.91 2359.13 5273.92
26071-600-M6-066-00003 0.9532740712165833 3626.09 5345.54 3703.56 5349.53 3696.85 5479.80 3619.38 5475.81
26071-600-M6-066-00003 0.09066902846097946 2425.93 5300.85 2572.41 5303.04 2570.25 5447.59 2423.77 5445.40
26071-600-M6-066-00003 0.05765155330300331 7739.97 5203.81 7900.54 5257.70 7882.56 5311.26 7722.00 5257.37
26071-750-M6-085-00309 0.06542079150676727 5789.97 3136.87 5872.04 3087.07 5943.62 3205.04 5861.55 3254.84
26071-750-M6-085-00309 0.053619928658008575 2944.30 2407.58 3659.98 2418.12 3657.50 2585.90 2941.83 2575.37
26071-750-M6-085-00309 0.05276384577155113 1599.97 2243.31 1732.91 2284.98 1684.61 2439.11 1551.66 2397.44
26071-750-M6-085-00309 0.051061615347862244 1599.28 4769.26 1729.68 4806.15 1685.97 4960.64 1555.57 4923.75
