26071-200-M6-052-00001 0.9203853011131287 2366.43 3381.35 2554.70 3365.02 2572.43 3569.44 2384.16 3585.78
26071-200-M6-052-00001 0.11696183681488037 3081.37 3373.79 3267.05 3353.83 3288.58 3554.05 3102.90 3574.02
26071-200-M6-052-00001 0.05104083567857742 2439.90 3236.85 2709.63 3342.56 2660.13 3468.85 2390.41 3363.14
26071-500-M6-059-00017 0.09109822660684586 5744.34 3748.98 5924.75 3705.92 5974.68 3915.14 5794.27 3958.20
26071-500-M6-059-00017 0.07016187906265259 3733.54 3787.31 3900.58 3700.27 4011.73 3913.58 3844.69 4000.62
26071-500-M6-059-00017 0.06023476645350456 1725.61 3763.81 1908.94 3719.81 1956.68 3918.74 1773.35 3962.74
26071-600-M6-066-00012 0.05824172496795654 3874.83 3715.47 3920.70 3715.72 3920.57 3738.54 3874.71 3738.28
26071-600-M6-066-00012 0.05504121631383896 6117.12 3725.85 6164.49 3726.40 6164.28 3744.43 6116.91 3743.88
26071-600-M6-066-00012 0.05326835811138153 3164.05 3767.42 3211.31 3766.75 3211.56 3784.15 3164.29 3784.81
26071-200-M6-052-00539 0.9268863797187805 3194.64 5385.21 3383.28 5376.35 3392.74 5577.82 3204.11 5586.68
26071-200-M6-052-00539 0.10270416736602783 3918.41 5375.37 4103.28 5370.23 4109.17 5581.68 3924.29 5586.82
26071-200-M6-052-00539 0.08301717787981033 2221.75 3178.95 2266.92 3180.20 2266.17 3207.45 2220.99 3206.19
26071-500-M6-059-00248 0.12307102978229523 4438.75 4419.28 4623.54 4429.18 4611.41 4655.52 4426.62 4645.61
26071-500-M6-059-00248 0.056301116943359375 3991.18 5094.78 4038.03 5095.53 4037.75 5113.41 3990.90 5112.66
26071-500-M6-059-00248 0.05336874723434448 5144.42 4438.55 5326.00 4412.20 5356.67 4623.60 5175.10 4649.95
26071-500-M6-059-00248 0.05013689398765564 4654.09 4412.26 4699.97 4411.71 4700.31 4440.74 4654.44 4441.29
26071-500-M6-059-00040 0.05117366462945938 3678.71 2331.37 3826.66 2328.56 3829.51 2479.10 3681.57 2481.91
26071-550-M6-084-00248 0.1190176010131836 4417.12 3957.76 4602.03 3960.03 4599.66 4153.77 4414.75 4151.50
26071-550-M6-084-00248 0.08303333073854446 5080.40 3966.78 5266.40 3942.20 5293.71 4148.83 5107.72 4173.41
26071-550-M6-084-00248 0.05317998304963112 4664.32 4217.16 4711.27 4216.26 4711.61 4233.68 4664.65 4234.58
26071-203-M6-332-00008 0.05200149491429329 1860.28 4562.89 2006.88 4539.24 2031.86 4694.09 1885.26 4717.74
26071-200-M6-052-00080 0.11350826919078827 7077.69 3870.97 7274.62 3841.03 7307.22 4055.50 7110.30 4085.44
26071-200-M6-052-00080 0.10398079454898834 3651.39 3870.02 3847.07 3854.22 3864.36 4068.25 3668.67 4084.06
26071-203-M6-321-00604 0.05535702779889107 4658.94 1198.48 4707.87 1201.97 4706.62 1219.43 4657.69 1215.94
26071-300-M6-053-00309 0.07946933805942535 3338.62 3062.66 3543.92 3048.39 3560.75 3290.51 3355.45 3304.78
26071-300-M6-053-00309 0.07387950271368027 3355.60 5172.48 3546.13 5181.64 3534.59 5421.69 3344.06 5412.53
26071-300-M6-053-00309 0.055000998079776764 5447.52 5783.16 5591.32 5728.17 5648.43 5877.54 5504.63 5932.52
26071-450-M6-082-00009 0.07688100636005402 3662.54 4510.86 3856.34 4496.57 3874.65 4744.77 3680.85 4759.06
26071-450-M6-082-00009 0.06184424087405205 2574.21 4389.43 2621.17 4389.05 2621.32 4406.40 2574.36 4406.79
26071-450-M6-082-00009 0.05789222940802574 915.17 5950.01 1065.42 5968.10 1047.25 6119.07 896.99 6100.98
26071-750-M6-085-00007 0.07461340725421906 5290.59 5695.82 5337.85 5696.79 5337.48 5714.64 5290.23 5713.67
26071-203-M6-337-00031 0.15828806161880493 5368.70 688.59 5631.13 698.01 5627.11 810.16 5364.67 800.75
26071-203-M6-337-00031 0.151594340801239 6392.08 1178.01 6576.71 1153.55 6604.17 1360.86 6419.55 1385.32
26071-203-M6-337-00031 0.1282266527414322 5599.16 2104.27 5794.81 2092.71 5805.12 2267.26 5609.47 2278.82
26071-203-M6-337-00031 0.12720099091529846 3548.90 1636.76 3740.14 1626.50 3751.49 1838.03 3560.25 1848.29
26071-203-M6-337-00031 0.12477787584066391 5612.51 1407.58 5805.75 1415.03 5798.74 1596.84 5605.51 1589.39
26071-203-M6-337-00031 0.11785630136728287 5600.46 2882.17 5793.69 2875.78 5799.67 3056.66 5606.44 3063.05
26071-203-M6-337-00031 0.11408884823322296 5607.36 1113.66 5789.45 1115.07 5788.09 1290.96 5606.00 1289.55
26071-203-M6-337-00031 0.10147900134325027 5603.15 1761.66 5785.57 1748.07 5799.80 1939.13 5617.38 1952.72
26071-203-M6-337-00031 0.08973316848278046 5614.50 2510.75 5798.73 2521.59 5787.90 2705.73 5603.67 2694.90
26071-203-M6-337-00031 0.08877918124198914 3557.18 1272.60 3743.66 1272.91 3743.31 1480.16 3556.84 1479.85
26071-203-M6-337-00031 0.08430538326501846 6404.39 521.87 6589.84 522.60 6588.91 755.88 6403.46 755.14
26071-203-M6-337-00031 0.06798196583986282 2736.73 1873.85 2927.40 1885.11 2911.27 2158.27 2720.59 2147.01
26071-203-M6-337-00031 0.06735379993915558 6771.76 6332.33 6792.64 6331.86 6793.70 6379.13 6772.82 6379.60
26071-203-M6-337-00031 0.06159837171435356 2190.35 2527.15 2379.04 2523.31 2383.59 2747.19 2194.90 2751.02
26071-203-M6-337-00031 0.055056728422641754 4701.67 3120.84 5037.15 3121.43 5036.85 3294.01 4701.37 3293.42
26071-203-M6-337-00031 0.0504298210144043 4718.75 2359.96 5042.19 2369.04 5037.09 2550.77 4713.65 2541.70
26071-203-M6-332-00001 0.08655445277690887 2703.74 2149.03 2828.02 2151.71 2824.47 2316.33 2700.20 2313.65
26071-203-M6-332-00001 0.07149279117584229 7290.23 4235.83 7409.02 4233.00 7413.14 4405.69 7294.35 4408.53
26071-203-M6-332-00001 0.06009982153773308 4600.04 2999.80 4754.76 3027.49 4715.55 3246.54 4560.83 3218.85
26071-200-M6-052-00150 0.0990138128399849 5783.91 5841.55 5959.76 5874.54 5918.79 6092.91 5742.94 6059.91
26071-200-M6-052-00150 0.057799067348241806 4476.98 5855.38 4653.00 5867.24 4638.59 6081.01 4462.57 6069.15
26071-200-M6-052-00150 0.05094446986913681 3442.62 1878.24 3804.85 1873.95 3807.44 2092.43 3445.21 2096.73
26071-200-M6-052-00003 0.06562741845846176 5134.29 5209.27 5275.30 5228.13 5254.03 5387.18 5113.02 5368.32
26071-700-M6-054-00036 0.10044866800308228 3771.65 3488.92 3961.12 3491.29 3958.52 3699.17 3769.05 3696.80
26071-500-M6-059-00116 0.05759678781032562 5110.16 1329.85 5185.66 1340.35 5174.29 1422.07 5098.79 1411.57
26071-203-M6-337-00007 0.053273022174835205 3476.09 5493.59 3504.63 5492.75 3505.97 5538.25 3477.43 5539.09
26071-203-M6-337-00007 0.05307832360267639 3475.82 2793.82 3504.93 2792.73 3506.63 2837.94 3477.53 2839.04
26071-200-M6-052-00090 0.08567322045564651 3144.94 4027.19 3214.56 4024.50 3217.55 4101.78 3147.92 4104.46
26071-200-M6-052-00090 0.07847833633422852 6155.69 4015.51 6245.79 4024.10 6237.83 4107.58 6147.73 4098.99
26071-200-M6-052-00090 0.06348828971385956 3400.74 1353.89 3448.04 1353.54 3448.16 1370.59 3400.86 1370.93
26071-200-M6-052-00090 0.05075544863939285 5822.35 3708.05 5869.58 3708.10 5869.56 3725.34 5822.33 3725.29
26071-600-M6-065-00037 0.061190009117126465 1949.13 3471.69 1993.76 3471.10 1994.15 3500.19 1949.51 3500.79
26071-600-M6-065-00037 0.05929795280098915 2314.69 3293.70 2361.77 3294.84 2361.33 3312.86 2314.26 3311.72
26071-600-M6-065-00037 0.05379248410463333 3023.73 3324.08 3069.48 3324.81 3069.02 3353.75 3023.27 3353.02
26071-300-M6-053-00010 0.15434181690216064 2614.97 4315.87 2806.17 4305.81 2816.74 4506.76 2625.54 4516.82
26071-300-M6-053-00010 0.0912833884358406 7043.41 3140.27 7115.20 3135.67 7120.50 3218.44 7048.71 3223.04
26071-300-M6-053-00010 0.07672038674354553 1910.53 4311.63 2052.20 4336.29 2018.46 4530.11 1876.79 4505.46
26071-300-M6-053-00010 0.0728914737701416 6296.06 2577.45 6341.89 2578.10 6341.54 2603.46 6295.70 2602.82
26071-203-M6-160-00291 0.0820147842168808 3019.12 2196.15 3329.92 2237.58 3312.60 2367.51 3001.80 2326.08
26071-600-M6-066-00002 0.05175105109810829 3770.99 2858.45 3795.75 2857.74 3797.10 2904.85 3772.35 2905.56
26071-200-M6-063-00010 0.21410825848579407 2406.59 3949.72 2598.97 3953.39 2595.04 4159.71 2402.65 4156.04
26071-200-M6-063-00010 0.18857446312904358 3091.16 3969.83 3283.97 3966.08 3287.82 4163.91 3095.01 4167.66
26071-200-M6-063-00010 0.05151347070932388 3163.40 3787.36 3211.01 3786.11 3211.47 3803.63 3163.87 3804.88
26071-203-M6-060-00006 0.10138770937919617 1337.78 4225.54 1493.31 4240.92 1478.21 4393.71 1322.68 4378.33
26071-203-M6-060-00006 0.08645954728126526 2156.54 4767.35 2314.03 4779.56 2302.29 4931.03 2144.81 4918.82
26071-203-M6-060-00006 0.08346892893314362 4175.66 4769.51 4337.02 4784.05 4323.54 4933.59 4162.18 4919.05
26071-203-M6-060-00006 0.053055282682180405 3223.80 2989.74 3271.09 2990.54 3270.78 3008.59 3223.49 3007.79
26071-203-M6-060-00006 0.052165593951940536 2979.09 4219.66 3154.04 4182.70 3195.85 4380.60 3020.89 4417.56
26071-300-M6-053-00012 0.16364777088165283 4972.24 2271.02 5156.95 2286.88 5140.92 2473.67 4956.21 2457.82
26071-300-M6-053-00012 0.10482734441757202 3898.52 5680.91 4081.56 5644.26 4125.99 5866.08 3942.95 5902.74
26071-300-M6-053-00012 0.07476598769426346 5667.94 2276.16 5856.25 2260.58 5873.60 2470.22 5685.28 2485.81
26071-300-M6-053-00012 0.06654494255781174 5715.99 2098.26 5763.55 2098.03 5763.63 2115.57 5716.07 2115.80
26071-300-M6-053-00012 0.06546474248170853 5821.46 5647.51 6009.77 5650.63 6006.08 5872.96 5817.77 5869.83
26071-300-M6-053-00012 0.06190408766269684 5526.68 4683.04 5574.05 4682.70 5574.18 4699.83 5526.81 4700.17
26071-300-M6-053-00012 0.05246485769748688 2877.35 3013.20 2900.13 3013.22 2900.08 3058.99 2877.31 3058.97
26071-675-M6-068-00034 0.06899359822273254 3009.33 4840.51 3188.61 4845.85 3182.40 5054.32 3003.12 5048.98
26071-675-M6-068-00034 0.06337783485651016 1978.96 1741.94 1995.87 1741.95 1995.85 1789.26 1978.94 1789.25
26071-675-M6-068-00034 0.05626663565635681 3335.90 5702.75 3383.25 5701.95 3383.54 5719.28 3336.19 5720.08
26071-675-M6-068-00034 0.05363016575574875 6364.74 1821.76 6534.58 1832.09 6525.69 1978.36 6355.84 1968.03
26071-450-M6-082-00031 0.07878337800502777 3610.91 3227.20 3801.80 3219.22 3810.73 3432.80 3619.83 3440.78
26071-600-M6-065-00021 0.13459224998950958 2204.34 1455.72 2542.63 1459.05 2541.36 1587.58 2203.08 1584.26
26071-600-M6-065-00021 0.11382600665092468 5212.51 5349.08 5402.23 5364.07 5384.99 5582.32 5195.28 5567.34
26071-600-M6-065-00021 0.09339967370033264 3470.38 5354.24 3662.68 5362.32 3653.60 5578.29 3461.31 5570.21
26071-500-M6-059-00013 0.05227433517575264 7418.44 2279.63 7463.51 2280.36 7463.07 2307.21 7418.00 2306.47
26071-500-M6-059-00044 0.055406540632247925 5196.57 1800.99 5243.84 1801.30 5243.71 1820.89 5196.44 1820.57
26071-200-M6-052-00093 0.1044733077287674 3901.96 1453.92 4088.07 1455.68 4086.11 1661.94 3900.00 1660.17
26071-200-M6-052-00093 0.08398619294166565 3939.09 3832.52 4107.15 3828.07 4112.67 4037.00 3944.61 4041.44
26071-200-M6-052-00093 0.06626630574464798 3897.94 4482.98 4079.73 4471.89 4092.33 4678.28 3910.54 4689.38
26071-200-M6-052-00093 0.050882965326309204 3929.87 2243.80 4104.33 2235.99 4113.77 2447.01 3939.32 2454.82
26071-200-M6-052-00002 0.9606447219848633 2837.47 3117.76 3022.84 3106.41 3035.28 3309.64 2849.91 3320.99
26071-200-M6-052-00002 0.10612628608942032 3553.83 3113.87 3740.95 3100.53 3756.33 3316.40 3569.21 3329.74
26071-750-M6-085-00012 0.11337488889694214 2673.16 5125.86 2808.94 5045.74 2933.33 5256.53 2797.54 5336.65
26071-750-M6-085-00012 0.0737726241350174 994.43 2182.13 1131.59 2082.32 1280.17 2286.50 1143.02 2386.31
26071-750-M6-085-00012 0.07252305001020432 2968.65 5067.32 3209.22 5157.71 3160.64 5287.00 2920.07 5196.62
26071-750-M6-085-00012 0.06528954207897186 980.06 3400.42 1026.65 3400.95 1026.45 3418.43 979.86 3417.90
26071-750-M6-085-00012 0.06305253505706787 7220.47 5114.81 7684.53 5142.76 7677.60 5257.98 7213.53 5230.04
26071-750-M6-085-00012 0.06253848224878311 5341.30 5088.75 5512.24 5078.80 5523.34 5269.39 5352.40 5279.35
26071-750-M6-085-00012 0.05727638676762581 1631.08 2042.40 1792.44 2069.65 1761.89 2250.52 1600.53 2223.27
26071-750-M6-085-00012 0.055305808782577515 2724.49 3658.46 3207.52 3654.42 3208.50 3771.85 2725.47 3775.88
26071-600-M6-066-00003 0.05287150293588638 4984.39 2149.89 5002.08 2150.79 4999.74 2196.90 4982.06 2196.01
