26071-200-M6-052-00001 0.07389165461063385 5879.95 2398.04 5928.92 2398.76 5928.67 2415.38 5879.71 2414.65
26071-200-M6-052-00001 0.07157834619283676 3757.64 3985.50 3803.67 3986.15 3803.42 4003.64 3757.40 4002.99
26071-200-M6-052-00001 0.07012069970369339 3164.61 3301.29 3211.81 3297.50 3213.22 3315.04 3166.02 3318.83
26071-200-M6-052-00001 0.06585069745779037 3757.41 5479.44 3803.83 5478.50 3804.18 5495.93 3757.76 5496.87
26071-200-M6-052-00001 0.05757684260606766 2584.24 3160.31 3175.14 3357.35 3103.92 3570.93 2513.02 3373.89
26071-500-M6-059-00017 0.7537290453910828 670.62 3777.67 922.30 3784.11 919.27 3902.51 667.59 3896.07
26071-500-M6-059-00017 0.3274817168712616 6360.95 1588.15 6489.08 1590.83 6486.28 1724.79 6358.14 1722.11
26071-500-M6-059-00017 0.24813111126422882 4365.29 1586.84 4485.51 1597.13 4474.89 1721.25 4354.67 1710.96
26071-500-M6-059-00017 0.17430880665779114 6378.93 3063.07 6507.43 3098.88 6465.90 3247.90 6337.40 3212.09
26071-500-M6-059-00017 0.16720262169837952 4528.76 3098.74 4648.41 3104.20 4642.86 3225.73 4523.21 3220.26
26071-500-M6-059-00017 0.06937727332115173 4182.49 3718.24 4258.27 3722.56 4246.18 3934.41 4170.40 3930.09
26071-500-M6-059-00017 0.06352575123310089 6156.23 3683.00 6202.10 3682.59 6202.26 3699.79 6156.38 3700.20
26071-500-M6-059-00017 0.05987728387117386 2884.53 3853.85 3697.54 3898.05 3687.35 4085.59 2874.34 4041.39
26071-500-M6-059-00017 0.058828823268413544 4996.45 3859.74 5792.52 3900.87 5782.99 4085.21 4986.92 4044.08
26071-500-M6-059-00017 0.057108424603939056 7062.55 4917.89 7110.20 4917.45 7110.36 4934.69 7062.71 4935.14
26071-500-M6-059-00017 0.054614562541246414 2262.71 3921.32 3062.87 3930.29 3060.40 4150.21 2260.24 4141.24
26071-500-M6-059-00017 0.05310118943452835 5850.10 3750.60 6312.51 3724.08 6323.71 3919.45 5861.31 3945.97
26071-600-M6-066-00012 0.27686870098114014 5588.67 3866.88 5746.76 3869.23 5744.46 4024.36 5586.37 4022.01
26071-600-M6-066-00012 0.10304736346006393 5391.61 1466.51 5478.96 1470.07 5463.11 1859.21 5375.75 1855.65
26071-600-M6-066-00012 0.08258280158042908 7137.88 1575.54 7294.04 1591.95 7275.59 1767.53 7119.44 1751.13
26071-600-M6-066-00012 0.06031256914138794 3166.55 3590.59 3943.27 3591.18 3943.13 3778.43 3166.40 3777.84
26071-600-M6-066-00012 0.05790729820728302 3164.81 3767.19 3211.65 3766.53 3211.90 3783.98 3165.05 3784.64
26071-600-M6-066-00012 0.05503770709037781 5464.16 1834.06 5498.48 1803.44 5510.13 1816.51 5475.81 1847.12
26071-600-M6-066-00012 0.05298513174057007 4098.26 3608.49 4858.32 3609.47 4858.08 3791.99 4098.02 3791.02
26071-200-M6-052-00539 0.08333738893270493 3387.00 5371.28 3930.85 5360.74 3935.15 5582.83 3391.31 5593.37
26071-200-M6-052-00539 0.08117115497589111 5199.84 921.62 5282.36 927.26 5272.77 1067.55 5190.25 1061.91
26071-200-M6-052-00539 0.05957421287894249 6089.08 4237.22 6167.37 4229.93 6185.90 4429.15 6107.62 4436.43
26071-200-M6-052-00539 0.05048525705933571 5255.25 827.40 5330.72 819.16 5351.08 1005.71 5275.61 1013.95
26071-500-M6-059-00248 0.07314438372850418 4611.92 4393.29 5142.73 4412.59 5134.62 4635.37 4603.82 4616.07
26071-500-M6-059-00248 0.06594675034284592 5074.26 4655.92 5197.91 4661.25 5196.56 4692.65 5072.91 4687.32
26071-500-M6-059-00248 0.06515634059906006 5150.63 4688.86 5197.76 4687.19 5198.28 4701.87 5151.15 4703.54
26071-500-M6-059-00248 0.06406760215759277 6590.49 6288.41 6636.52 6285.07 6637.76 6302.23 6591.73 6305.57
26071-500-M6-059-00248 0.06027168408036232 4654.17 4365.66 4699.04 4364.97 4699.29 4380.86 4654.41 4381.55
26071-500-M6-059-00248 0.0558377206325531 4487.37 4260.66 4534.52 4257.08 4535.84 4274.53 4488.69 4278.10
26071-203-M6-325-00012 0.08738084137439728 268.42 5711.91 813.25 5732.94 810.76 5797.24 265.94 5776.20
26071-203-M6-325-00012 0.08735711127519608 267.67 3033.20 815.03 3010.54 817.61 3072.89 270.25 3095.56
26071-203-M6-325-00012 0.08710551261901855 275.38 3705.29 810.67 3721.25 808.88 3781.31 273.59 3765.35
26071-203-M6-325-00012 0.06749294698238373 8179.59 4350.41 8188.31 4350.26 8189.14 4400.35 8180.42 4400.49
26071-203-M6-325-00012 0.05458786338567734 257.68 2399.82 801.37 2395.33 801.88 2457.84 258.19 2462.32
26071-700-M6-054-00246 0.1161806508898735 4333.08 3143.36 4463.22 3168.65 4420.97 3386.02 4290.83 3360.73
26071-700-M6-054-00246 0.05772482603788376 4389.23 3419.54 4712.79 3427.82 4710.29 3525.40 4386.74 3517.13
26071-700-M6-054-00246 0.05511365458369255 5238.04 2598.62 5394.60 2616.97 5377.66 2761.55 5221.10 2743.20
26071-700-M6-054-00246 0.05488377809524536 4700.07 2888.79 4746.55 2887.46 4746.61 2889.41 4700.13 2890.73
26071-700-M6-054-00246 0.053991395980119705 4223.22 3158.54 4509.42 2949.49 4946.20 3547.46 4660.00 3756.51
26071-500-M6-059-00040 0.9553912878036499 4113.55 4892.08 4234.70 4895.37 4228.34 5129.77 4107.19 5126.49
26071-500-M6-059-00040 0.9546182751655579 2815.77 4889.54 2936.07 4893.26 2928.82 5128.24 2808.51 5124.52
26071-500-M6-059-00040 0.9438349604606628 3698.76 2584.61 3816.83 2588.05 3809.85 2827.56 3691.78 2824.12
26071-500-M6-059-00040 0.16759949922561646 2498.58 1347.98 2555.11 1299.23 2637.92 1395.24 2581.38 1443.99
26071-500-M6-059-00040 0.15273281931877136 2808.88 4750.15 2965.40 4758.84 2956.63 4917.09 2800.10 4908.41
26071-500-M6-059-00040 0.147642582654953 4110.12 4749.65 4266.49 4760.52 4255.74 4915.15 4099.37 4904.28
26071-500-M6-059-00040 0.13647757470607758 3617.91 2855.17 3770.17 2820.97 3808.54 2991.79 3656.28 3025.99
26071-500-M6-059-00040 0.08651824295520782 3822.30 2857.97 3838.95 2857.39 3840.60 2904.39 3823.95 2904.98
26071-500-M6-059-00040 0.06591272354125977 5912.84 2858.04 5930.17 2857.62 5931.33 2905.09 5914.00 2905.51
26071-500-M6-059-00040 0.06530093401670456 3691.31 2317.34 3835.17 2339.46 3812.30 2488.22 3668.44 2466.10
26071-500-M6-059-00040 0.05981820821762085 3750.74 2578.98 3765.51 2579.78 3765.12 2587.03 3750.35 2586.24
26071-500-M6-059-00040 0.05010760575532913 5443.22 2639.43 6125.30 2703.89 6099.77 2974.05 5417.69 2909.59
26071-203-M6-333-00010 0.06972967833280563 5595.28 3638.35 6015.16 3644.08 6014.44 3696.86 5594.56 3691.13
26071-203-M6-333-00010 0.052289437502622604 6598.31 4187.81 7201.54 4177.95 7203.01 4268.05 6599.78 4277.90
26071-750-M6-085-00286 0.9274308085441589 5087.82 3256.80 5204.70 3263.84 5190.19 3504.39 5073.31 3497.35
26071-750-M6-085-00286 0.8952242732048035 5907.92 3257.68 6028.72 3260.27 6023.57 3500.83 5902.77 3498.25
26071-750-M6-085-00286 0.05954792723059654 5018.81 4951.65 5104.92 4903.50 5243.34 5151.08 5157.23 5199.23
26071-750-M6-085-00286 0.052678078413009644 3048.14 1229.32 3178.47 1329.78 3076.12 1462.56 2945.79 1362.09
26071-550-M6-084-00248 0.06437657028436661 4547.65 3904.71 5173.51 3940.98 5161.47 4148.70 4535.61 4112.43
26071-550-M6-084-00248 0.056836750358343124 5185.04 3959.29 5343.87 3978.14 5321.15 4169.55 5162.32 4150.70
26071-203-M6-332-00008 0.9672634601593018 2192.68 3839.71 2311.71 3836.11 2318.17 4049.63 2199.14 4053.23
26071-203-M6-332-00008 0.9666448831558228 4595.57 3839.18 4714.47 3837.96 4716.66 4051.77 4597.76 4052.98
26071-203-M6-332-00008 0.95965176820755 7031.97 3817.28 7148.67 3827.74 7128.67 4050.93 7011.97 4040.47
26071-203-M6-332-00008 0.17769557237625122 2182.15 3601.72 2337.41 3601.52 2337.68 3813.68 2182.42 3813.88
26071-203-M6-332-00008 0.17653559148311615 4582.42 3601.13 4737.77 3601.67 4737.03 3813.96 4581.69 3813.43
26071-203-M6-332-00008 0.12893420457839966 7001.68 3610.89 7172.15 3609.23 7174.20 3820.64 7003.73 3822.30
26071-203-M6-332-00008 0.09537455439567566 6758.29 2203.34 6803.67 2203.59 6803.58 2220.60 6758.19 2220.36
26071-203-M6-332-00008 0.06064049154520035 3157.52 2536.31 3204.12 2535.90 3204.27 2553.02 3157.67 2553.44
26071-203-M6-332-00008 0.05534123256802559 6754.13 2235.79 6803.01 2234.75 6803.06 2237.13 6754.18 2238.18
26071-203-M6-332-00008 0.05280396714806557 6757.69 2123.84 6804.56 2124.22 6804.42 2141.49 6757.55 2141.11
26071-203-M6-332-00008 0.05239954590797424 1860.28 4562.89 2006.88 4539.24 2031.86 4694.09 1885.26 4717.74
26071-203-M6-332-00008 0.05192497745156288 6755.29 2231.84 6803.28 2232.43 6803.25 2234.75 6755.26 2234.16
26071-203-M6-332-00008 0.05061288923025131 6753.61 2237.92 6803.36 2236.61 6803.42 2238.98 6753.67 2240.29
26071-200-M6-052-00080 0.07228003442287445 6182.06 3780.66 6197.57 3781.15 6196.07 3828.10 6180.56 3827.61
26071-200-M6-052-00080 0.06863725185394287 2817.31 3835.19 3611.40 3821.07 3615.45 4048.50 2821.36 4062.62
26071-200-M6-052-00080 0.06448506563901901 6472.79 3863.71 7210.04 3901.91 7197.19 4149.88 6459.94 4111.67
26071-200-M6-052-00080 0.05383698642253876 6180.85 4005.57 6197.85 4006.00 6196.63 4054.00 6179.63 4053.57
26071-203-M6-321-00604 0.11359068006277084 4347.52 5387.14 4408.61 5386.93 4410.37 5920.44 4349.27 5920.64
26071-203-M6-321-00604 0.08640874922275543 2236.94 5399.64 2297.46 5395.88 2329.50 5911.50 2268.97 5915.26
26071-203-M6-321-00604 0.07752590626478195 2486.04 5379.34 2549.43 5379.17 2550.93 5933.00 2487.54 5933.18
26071-203-M6-321-00604 0.07470537722110748 4647.23 478.97 4706.26 476.47 4725.61 934.75 4666.57 937.24
26071-203-M6-321-00604 0.06617249548435211 3602.59 5420.03 3662.97 5421.89 3646.83 5947.50 3586.44 5945.64
26071-203-M6-321-00604 0.05864100530743599 3873.64 5391.00 3935.60 5385.58 3983.88 5936.97 3921.92 5942.39
26071-203-M6-321-00604 0.05097322538495064 3260.34 5385.47 3321.21 5384.36 3331.27 5934.72 3270.41 5935.83
26071-203-M6-321-00604 0.05083094537258148 4658.94 1198.48 4707.87 1201.97 4706.62 1219.43 4657.69 1215.94
26071-203-M6-321-00604 0.050474997609853745 5534.09 2973.45 6419.27 2949.30 6423.15 3091.65 5537.97 3115.79
26071-300-M6-053-00309 0.9433274269104004 5485.46 4867.81 5602.63 4861.16 5615.97 5096.04 5498.80 5102.69
26071-300-M6-053-00309 0.4205218553543091 5488.52 4670.34 5641.58 4689.79 5618.18 4873.90 5465.12 4854.44
26071-300-M6-053-00309 0.23187893629074097 2469.22 4459.60 2614.58 4465.96 2607.97 4617.18 2462.60 4610.82
26071-300-M6-053-00309 0.2298000156879425 2708.01 2449.09 2858.43 2466.03 2840.39 2626.18 2689.97 2609.23
26071-300-M6-053-00309 0.08349016308784485 6035.28 1139.92 6167.33 1149.22 6149.14 1407.74 6017.09 1398.45
26071-300-M6-053-00309 0.06847353279590607 4926.63 4704.40 5611.71 4787.69 5579.32 5054.12 4894.24 4970.83
26071-300-M6-053-00309 0.06533221900463104 6144.26 4790.77 6148.79 4787.78 6176.42 4829.77 6171.88 4832.75
26071-300-M6-053-00309 0.06120971962809563 5926.78 2026.50 6074.27 2004.56 6105.32 2213.23 5957.83 2235.18
26071-300-M6-053-00309 0.058055054396390915 4078.12 5162.03 4232.74 5162.47 4232.13 5378.47 4077.51 5378.04
26071-300-M6-053-00309 0.05598203092813492 3404.00 5167.83 4041.40 5182.35 4036.37 5403.14 3398.97 5388.62
26071-300-M6-053-00309 0.05162772908806801 3302.27 2997.31 4070.02 3023.88 4062.07 3253.61 3294.32 3227.05
26071-450-M6-082-00009 0.09822346270084381 3596.91 5196.01 3628.20 5194.09 3636.18 5324.71 3604.89 5326.62
26071-450-M6-082-00009 0.09487650543451309 3655.88 4503.74 3820.47 4504.57 3819.29 4738.35 3654.71 4737.52
26071-450-M6-082-00009 0.05591930076479912 2478.63 2525.40 2633.16 2520.39 2640.25 2739.13 2485.72 2744.14
26071-450-M6-082-00009 0.051504794508218765 3884.46 4898.17 3916.63 4901.16 3904.75 5029.19 3872.58 5026.20
26071-450-M6-082-00009 0.050463445484638214 2368.43 2580.75 2382.34 2580.25 2382.58 2586.89 2368.67 2587.39
26071-200-M6-052-00552 0.08305878192186356 4211.93 2857.73 4229.15 2857.29 4230.35 2905.18 4213.13 2905.61
26071-200-M6-052-00552 0.0660477727651596 3843.12 2407.85 4242.13 2506.83 4198.10 2684.32 3799.09 2585.34
26071-200-M6-052-00552 0.062166791409254074 5246.55 4295.79 5315.67 4296.28 5314.70 4431.99 5245.58 4431.50
26071-750-M6-085-00007 0.9754713773727417 1334.53 2821.42 1452.52 2822.30 1450.75 3058.84 1332.76 3057.96
26071-750-M6-085-00007 0.9717209935188293 2927.82 2823.95 3045.84 2823.95 3045.84 3058.57 2927.81 3058.57
26071-750-M6-085-00007 0.971350371837616 3457.10 2831.77 3574.30 2827.96 3581.72 3056.41 3464.52 3060.22
26071-750-M6-085-00007 0.9670175313949585 1862.91 2830.47 1980.91 2827.56 1986.57 3056.52 1868.56 3059.44
26071-750-M6-085-00007 0.22550278902053833 1794.34 2795.58 2067.37 2801.05 2066.34 2852.33 1793.31 2846.87
26071-750-M6-085-00007 0.07674942910671234 2843.68 2805.36 3128.55 2792.56 3130.71 2840.50 2845.83 2853.31
26071-750-M6-085-00007 0.07584065943956375 1252.69 2802.04 1534.66 2797.84 1535.37 2845.54 1253.40 2849.73
26071-750-M6-085-00007 0.06896542012691498 2774.85 2636.96 2923.34 2616.36 2952.66 2827.77 2804.16 2848.36
26071-750-M6-085-00007 0.06878180801868439 6332.30 6190.96 6376.97 6190.17 6377.02 6192.94 6332.35 6193.73
26071-750-M6-085-00007 0.06809695810079575 4933.45 2956.41 5724.64 3091.08 5681.42 3344.99 4890.23 3210.32
26071-750-M6-085-00007 0.0641746073961258 2466.56 2544.92 2665.24 2702.42 2559.95 2835.24 2361.27 2677.74
26071-750-M6-085-00007 0.058064378798007965 5677.17 4511.47 5694.37 4511.78 5693.53 4559.37 5676.32 4559.07
26071-750-M6-085-00007 0.05785512924194336 3375.70 2796.48 3664.19 2801.22 3663.41 2848.31 3374.93 2843.57
26071-750-M6-085-00007 0.05506760627031326 5322.49 3243.79 5648.68 3340.14 5621.27 3432.92 5295.08 3336.57
26071-750-M6-085-00007 0.05151868239045143 6693.21 6178.57 6776.43 6171.22 6788.86 6311.96 6705.63 6319.30
26071-750-M6-085-00007 0.050809185951948166 4967.16 3536.03 5116.03 3535.31 5117.75 3893.98 4968.88 3894.69
26071-203-M6-064-00271 0.13476665318012238 348.95 4849.87 893.39 4863.73 891.84 4924.68 347.40 4910.82
26071-203-M6-064-00271 0.12632571160793304 351.97 2604.59 893.07 2621.85 891.08 2684.27 349.98 2667.00
26071-203-M6-064-00271 0.12443014979362488 4924.45 3711.03 5035.42 3721.72 5013.71 3947.12 4902.74 3936.44
26071-203-M6-064-00271 0.07858449220657349 3458.76 4569.99 3505.75 4569.77 3505.84 4587.18 3458.85 4587.41
26071-203-M6-064-00271 0.07181775569915771 5047.59 1468.42 5160.97 1442.32 5212.19 1664.91 5098.81 1691.00
26071-203-M6-064-00271 0.06817427277565002 5334.89 1462.35 5441.59 1431.48 5510.55 1669.84 5403.85 1700.70
26071-203-M6-064-00271 0.06797726452350616 4016.85 5785.36 4118.55 5791.20 4103.00 6062.05 4001.30 6056.22
26071-203-M6-064-00271 0.06593292206525803 6397.51 3407.87 6524.80 3411.12 6519.39 3623.17 6392.10 3619.92
26071-203-M6-064-00271 0.06493405252695084 5624.39 1458.42 5730.56 1421.08 5816.13 1664.36 5709.96 1701.71
26071-203-M6-064-00271 0.06113234534859657 3458.99 4600.72 3506.13 4600.07 3506.37 4617.14 3459.23 4617.79
26071-203-M6-064-00271 0.06023551523685455 4742.62 1468.95 4853.12 1438.79 4917.63 1675.16 4807.13 1705.32
26071-203-M6-064-00271 0.056949466466903687 2256.56 4600.49 2303.66 4600.19 2303.77 4617.49 2256.67 4617.79
26071-203-M6-064-00271 0.0556400790810585 2202.33 3452.89 2307.19 3429.92 2364.40 3691.04 2259.53 3714.02
26071-203-M6-064-00271 0.054164350032806396 4143.60 6155.16 4241.62 6137.19 4287.93 6389.76 4189.91 6407.73
26071-203-M6-064-00271 0.053209394216537476 4446.28 1468.22 4558.43 1439.87 4618.58 1677.82 4506.43 1706.17
26071-203-M6-064-00271 0.052278630435466766 6262.14 1486.60 6369.92 1491.63 6361.07 1681.50 6253.29 1676.48
26071-203-M6-064-00271 0.051644567400217056 4152.44 1466.81 4264.57 1441.04 4318.51 1675.85 4206.39 1701.61
26071-203-M6-337-00031 0.15884697437286377 6432.44 487.92 6550.51 506.53 6517.42 716.44 6399.35 697.82
26071-203-M6-337-00031 0.1563480645418167 3549.16 1654.51 3732.01 1639.30 3748.64 1839.21 3565.79 1854.42
26071-203-M6-337-00031 0.13913613557815552 6430.87 1119.37 6539.03 1129.84 6519.55 1331.06 6411.40 1320.58
26071-203-M6-337-00031 0.13601204752922058 3551.77 1295.20 3733.40 1281.81 3748.00 1479.98 3566.38 1493.37
26071-203-M6-337-00031 0.11337871104478836 2212.52 2531.03 2384.39 2553.27 2355.37 2777.56 2183.50 2755.32
26071-203-M6-337-00031 0.10370896756649017 2702.78 1823.89 2888.93 1795.11 2929.48 2057.38 2743.33 2086.15
26071-203-M6-337-00031 0.08637109398841858 4945.97 2208.01 5020.06 2211.68 5014.04 2333.38 4939.95 2329.71
26071-203-M6-337-00031 0.07273198664188385 2713.54 4474.02 3407.49 4464.95 3410.13 4667.13 2716.18 4676.20
26071-203-M6-337-00031 0.0723080039024353 4898.39 1529.04 5042.69 1513.55 5065.32 1724.36 4921.02 1739.85
26071-203-M6-337-00031 0.07221883535385132 2728.61 2333.05 2905.70 2332.69 2906.20 2571.20 2729.11 2571.57
26071-203-M6-337-00031 0.07164303958415985 5356.69 687.05 5480.60 614.68 5599.39 818.07 5475.47 890.44
26071-203-M6-337-00031 0.07092104107141495 5589.95 1196.97 5702.05 1117.75 5824.47 1290.98 5712.37 1370.20
26071-203-M6-337-00031 0.06982181966304779 2032.79 1671.68 2040.47 1671.60 2040.66 1688.41 2032.97 1688.49
26071-203-M6-337-00031 0.06867758929729462 5345.96 1353.16 5839.95 1746.05 5680.76 1946.19 5186.78 1553.30
26071-203-M6-337-00031 0.0674043670296669 4895.67 3026.27 5038.03 3007.56 5066.53 3224.42 4924.17 3243.12
26071-203-M6-337-00031 0.06164630502462387 2003.08 1122.55 2596.71 1234.78 2540.82 1530.40 1947.19 1418.17
26071-203-M6-337-00031 0.060516756027936935 4743.26 3164.20 5493.30 3152.64 5496.88 3385.18 4746.84 3396.75
26071-203-M6-337-00031 0.06030593812465668 2672.61 4050.34 3335.68 4056.51 3333.66 4273.36 2670.59 4267.19
26071-203-M6-337-00031 0.06019078195095062 3510.30 4500.76 4287.47 4515.73 4283.30 4732.35 3506.13 4717.38
26071-203-M6-337-00031 0.059753939509391785 2668.11 4947.06 3331.75 4955.85 3328.86 5174.01 2665.22 5165.22
26071-203-M6-337-00031 0.05969321355223656 4890.65 2315.87 5603.15 2342.00 5592.53 2631.80 4880.03 2605.68
26071-203-M6-337-00031 0.059388719499111176 3353.67 961.04 3509.08 931.56 3539.81 1093.56 3384.40 1123.03
26071-203-M6-337-00031 0.05838204175233841 5611.41 2510.80 5791.50 2493.09 5812.29 2704.49 5632.20 2722.20
26071-203-M6-337-00031 0.057015880942344666 5609.44 2945.11 5817.99 2983.52 5804.85 3054.89 5596.30 3016.48
26071-203-M6-337-00031 0.05607699602842331 4693.43 4434.73 5446.59 4500.77 5430.97 4678.93 4677.81 4612.89
26071-203-M6-337-00031 0.052674856036901474 5613.32 1396.59 5801.36 1374.93 5827.77 1604.28 5639.73 1625.94
26071-203-M6-337-00031 0.05233680084347725 5621.91 2092.54 5805.04 2075.23 5824.39 2280.03 5641.26 2297.34
26071-203-M6-337-00031 0.05127963796257973 2701.98 2392.32 2718.74 2392.64 2717.80 2441.51 2701.04 2441.19
26071-203-M6-337-00031 0.050977371633052826 4070.05 4444.66 4871.77 4491.23 4861.22 4672.78 4059.50 4626.22
26071-203-M6-332-00001 0.9368724822998047 3024.96 2739.06 3140.69 2734.98 3149.11 2974.16 3033.38 2978.24
26071-203-M6-332-00001 0.9310312271118164 5123.91 2737.50 5240.11 2733.40 5248.58 2973.47 5132.38 2977.57
26071-203-M6-332-00001 0.9271395206451416 5547.65 2737.90 5666.32 2736.46 5669.24 2977.73 5550.57 2979.16
26071-203-M6-332-00001 0.9264318943023682 4705.13 2739.58 4824.51 2738.16 4827.35 2976.50 4707.97 2977.92
26071-203-M6-332-00001 0.9247127771377563 3447.09 2737.81 3565.75 2736.04 3569.34 2977.22 3450.68 2978.99
26071-203-M6-332-00001 0.9207169413566589 3868.24 2736.86 3984.61 2735.85 3986.72 2979.95 3870.35 2980.95
26071-203-M6-332-00001 0.9193434119224548 5967.95 2736.14 6084.72 2735.05 6087.00 2979.50 5970.23 2980.59
26071-203-M6-332-00001 0.9162026643753052 4285.87 2738.92 4403.50 2736.00 4409.45 2975.89 4291.82 2978.81
26071-203-M6-332-00001 0.2774682343006134 4820.82 2793.80 4982.64 2834.66 4938.22 3010.59 4776.40 2969.73
26071-203-M6-332-00001 0.27132144570350647 3982.42 2792.39 4142.50 2833.38 4096.67 3012.33 3936.59 2971.34
26071-203-M6-332-00001 0.26363125443458557 5252.73 2804.36 5409.30 2844.11 5366.19 3013.90 5209.63 2974.16
26071-203-M6-332-00001 0.2530881464481354 5664.26 2795.42 5824.21 2839.45 5777.38 3009.59 5617.44 2965.56
26071-203-M6-332-00001 0.25272294878959656 3579.29 2796.89 3728.28 2846.49 3668.78 3025.23 3519.79 2975.64
26071-203-M6-332-00001 0.2504248023033142 4416.16 2786.40 4560.63 2832.26 4502.49 3015.40 4358.02 2969.54
26071-203-M6-332-00001 0.24426300823688507 3158.12 2784.50 3303.17 2834.09 3239.54 3020.19 3094.49 2970.60
26071-203-M6-332-00001 0.24283857643604279 6082.45 2807.31 6250.06 2848.51 6209.87 3012.00 6042.26 2970.80
26071-203-M6-332-00001 0.22480009496212006 3573.58 3025.22 3699.34 3032.87 3687.28 3231.18 3561.52 3223.53
26071-203-M6-332-00001 0.21770723164081573 5673.16 3023.82 5799.38 3031.35 5787.43 3231.58 5661.21 3224.04
26071-203-M6-332-00001 0.15592169761657715 4620.86 3016.55 4747.72 3023.18 4736.02 3247.17 4609.15 3240.54
26071-203-M6-332-00001 0.10705261677503586 4262.52 2942.03 4357.21 2918.53 4419.76 3170.51 4325.07 3194.01
26071-203-M6-332-00001 0.10589166730642319 2686.85 1362.88 2848.30 1377.06 2835.14 1527.04 2673.68 1512.87
26071-203-M6-332-00001 0.08270449191331863 5220.08 2674.74 5497.95 2543.91 5806.46 3199.20 5528.59 3330.03
26071-203-M6-332-00001 0.0813741385936737 3119.14 2676.92 3397.17 2545.32 3707.07 3200.00 3429.03 3331.60
26071-203-M6-332-00001 0.07017707824707031 4430.14 3153.29 5336.05 3211.00 5318.30 3489.74 4412.39 3432.04
26071-203-M6-332-00001 0.06459283828735352 3497.97 2501.55 3775.62 2401.25 4073.02 3224.51 3795.37 3324.81
26071-203-M6-332-00001 0.06383971124887466 3874.73 2512.57 4138.27 2402.11 4481.48 3220.91 4217.95 3331.38
26071-203-M6-332-00001 0.06301628053188324 5714.32 3056.76 6057.17 2854.16 6348.05 3346.42 6005.19 3549.01
26071-203-M6-332-00001 0.06255943328142166 2794.89 3128.63 3623.21 3234.10 3588.62 3505.74 2760.31 3400.27
26071-203-M6-332-00001 0.0607093907892704 2910.82 2665.64 3032.30 2670.71 3014.11 3106.58 2892.63 3101.51
26071-203-M6-332-00001 0.05901728942990303 5255.16 3132.45 6078.71 3343.30 6017.22 3583.46 5193.67 3372.61
26071-203-M6-332-00001 0.05894175171852112 2959.14 2962.55 3038.88 2897.59 3233.47 3136.45 3153.73 3201.41
26071-203-M6-332-00001 0.057841185480356216 4375.70 2514.57 4670.21 2406.67 4973.51 3234.53 4678.99 3342.43
26071-203-M6-332-00001 0.05663064122200012 3463.38 3152.67 4275.95 3288.24 4230.88 3558.39 3418.30 3422.81
26071-203-M6-332-00001 0.05650876834988594 5060.54 2962.61 5139.28 2898.42 5334.32 3137.66 5255.58 3201.85
26071-203-M6-332-00001 0.05389832705259323 4841.23 2473.87 4987.88 2424.17 5041.24 2581.61 4894.58 2631.31
26071-203-M6-079-00001 0.14925695955753326 351.65 3916.27 899.43 3912.90 899.81 3974.12 352.02 3977.49
26071-203-M6-079-00001 0.10993301868438721 345.33 2018.14 898.56 2027.02 897.58 2088.25 344.35 2079.37
26071-203-M6-079-00001 0.10888074338436127 349.83 4975.90 890.77 4974.57 890.92 5037.23 349.98 5038.56
26071-203-M6-079-00001 0.08945203572511673 357.13 2960.19 896.32 2978.70 894.20 3040.39 355.01 3021.87
26071-203-M6-079-00001 0.07549408078193665 2910.58 1574.81 3025.63 1581.27 3015.37 1763.82 2900.32 1757.35
26071-203-M6-079-00001 0.06912906467914581 2639.53 5474.72 2752.90 5479.44 2745.33 5661.56 2631.96 5656.84
26071-200-M6-052-00150 0.9659366011619568 4521.23 5621.83 4632.52 5639.29 4596.08 5871.52 4484.79 5854.06
26071-200-M6-052-00150 0.9630067348480225 5817.62 5620.24 5934.08 5637.12 5899.63 5874.81 5783.17 5857.93
26071-200-M6-052-00150 0.150107741355896 4447.70 5856.38 4632.68 5837.75 4655.32 6062.59 4470.34 6081.21
26071-200-M6-052-00150 0.13551639020442963 5767.67 5838.17 5938.13 5851.22 5920.88 6076.51 5750.42 6063.45
26071-200-M6-052-00150 0.13136833906173706 2970.47 2611.08 3225.58 2607.40 3226.64 2680.44 2971.53 2684.12
26071-200-M6-052-00150 0.07771722972393036 3544.31 1879.56 3703.79 1834.61 3774.47 2085.44 3615.00 2130.38
26071-200-M6-052-00150 0.06698022782802582 2974.12 2940.78 3727.24 3004.80 3703.00 3289.91 2949.89 3225.89
26071-200-M6-052-00150 0.0605081245303154 5809.71 5341.90 5944.06 5375.54 5911.07 5507.33 5776.71 5473.70
26071-200-M6-052-00150 0.056018996983766556 2750.72 1166.25 2873.88 1124.01 2947.68 1339.17 2824.53 1381.41
26071-200-M6-052-00150 0.05533662438392639 4513.63 5340.56 4646.63 5377.34 4610.33 5508.61 4477.33 5471.83
26071-200-M6-052-00150 0.05371590331196785 3220.72 4191.89 3965.40 4182.83 3967.89 4387.62 3223.22 4396.68
26071-200-M6-052-00003 0.054316334426403046 4582.06 4684.42 4629.95 4682.80 4630.52 4699.60 4582.63 4701.23
26071-203-M6-321-00225 0.10057567059993744 282.89 1789.93 837.34 1794.54 836.82 1856.43 282.38 1851.82
26071-700-M6-054-00036 0.11715993285179138 4713.61 1384.92 4778.10 1392.56 4741.26 1703.24 4676.77 1695.59
26071-700-M6-054-00036 0.07018421590328217 4312.03 4880.84 4445.16 4894.51 4426.37 5077.49 4293.24 5063.82
26071-700-M6-054-00036 0.06058342754840851 3896.87 3564.33 4624.59 3563.78 4624.72 3734.50 3897.00 3735.05
26071-700-M6-054-00036 0.05023897439241409 4571.87 4730.84 4723.44 4717.53 4740.84 4915.72 4589.26 4929.02
26071-203-M6-320-00044 0.06592269986867905 5218.31 3275.50 5309.71 3286.97 5294.28 3409.98 5202.88 3398.51
26071-600-M6-065-00231 0.9653276205062866 7191.60 3520.89 7309.09 3519.41 7312.03 3753.83 7194.53 3755.30
26071-600-M6-065-00231 0.960269033908844 6668.86 3519.94 6784.77 3527.19 6770.32 3758.09 6654.41 3750.84
26071-600-M6-065-00231 0.20491591095924377 6592.96 3492.55 6864.28 3498.66 6863.13 3549.61 6591.81 3543.50
26071-600-M6-065-00231 0.16834841668605804 7154.86 3469.12 7411.29 3528.25 7399.04 3581.34 7142.62 3522.20
26071-600-M6-065-00231 0.08426099270582199 6460.43 3596.02 6506.18 3595.15 6506.23 3597.54 6460.47 3598.41
26071-600-M6-065-00231 0.06767891347408295 3458.89 3454.61 3506.61 3454.24 3506.76 3472.21 3459.03 3472.59
26071-600-M6-065-00231 0.06766863912343979 3460.12 5714.63 3506.87 5713.80 3507.17 5730.87 3460.42 5731.70
26071-600-M6-065-00231 0.06257926672697067 6700.40 1463.74 6808.55 1451.95 6825.37 1606.19 6717.22 1617.99
26071-600-M6-065-00231 0.0610349178314209 6458.18 3592.05 6505.58 3593.76 6505.49 3596.35 6458.09 3594.63
26071-600-M6-065-00231 0.059120628982782364 6682.79 1935.96 6768.81 1893.16 6825.47 2007.05 6739.44 2049.85
26071-600-M6-065-00231 0.05665336921811104 6459.39 3208.05 6505.31 3206.20 6505.40 3208.25 6459.47 3210.11
26071-600-M6-065-00231 0.05581767484545708 6014.23 3310.08 6683.07 3317.80 6680.56 3534.49 6011.73 3526.77
26071-600-M6-065-00231 0.054503560066223145 3113.57 3552.40 3829.26 3576.15 3821.11 3821.59 3105.42 3797.84
26071-203-M6-320-00008 0.9687476754188538 2468.25 3930.17 2587.10 3939.29 2567.51 4194.48 2448.66 4185.36
26071-203-M6-320-00008 0.9617513418197632 4889.04 3846.47 5006.63 3841.62 5016.17 4072.93 4898.58 4077.78
26071-203-M6-320-00008 0.23717692494392395 4872.24 4038.92 5044.15 4040.97 5041.62 4252.88 4869.71 4250.83
26071-203-M6-320-00008 0.21936745941638947 2448.44 4155.18 2631.39 4157.47 2628.87 4358.47 2445.92 4356.18
26071-203-M6-320-00008 0.17535336315631866 7709.44 2429.82 8271.64 2413.83 8273.43 2476.71 7711.23 2492.70
26071-203-M6-320-00008 0.12729302048683167 267.54 2756.62 809.61 2752.03 810.13 2814.08 268.06 2818.66
26071-203-M6-320-00008 0.06662750989198685 4866.09 3369.74 5017.75 3366.80 5021.20 3545.10 4869.54 3548.04
26071-203-M6-320-00008 0.06395307183265686 244.43 1172.94 797.51 1163.41 798.53 1222.31 245.45 1231.84
26071-500-M6-059-00116 0.9533657431602478 5972.84 5767.23 6080.68 5770.46 6073.72 6003.36 5965.88 6000.14
26071-500-M6-059-00116 0.12625648081302643 5936.28 5600.70 6105.36 5590.46 6117.56 5791.91 5948.48 5802.15
26071-500-M6-059-00116 0.10610061883926392 6787.62 5167.86 6920.11 5156.91 6937.55 5367.95 6805.06 5378.90
26071-500-M6-059-00116 0.1014774739742279 3955.71 4050.81 4156.29 4185.24 4061.70 4326.37 3861.12 4191.94
26071-500-M6-059-00116 0.06595440953969955 6113.72 5725.05 6206.87 5735.31 6174.77 6026.83 6081.62 6016.57
26071-500-M6-059-00116 0.056994181126356125 5990.65 6158.12 6105.77 6191.99 6053.42 6369.94 5938.30 6336.07
26071-550-M6-084-00026 0.9528200626373291 4596.00 3481.66 4714.49 3472.08 4733.25 3704.27 4614.76 3713.84
26071-550-M6-084-00026 0.9456079006195068 2228.89 3471.97 2345.67 3469.61 2350.43 3705.03 2233.65 3707.39
26071-550-M6-084-00026 0.3126120865345001 5853.16 4448.26 5947.01 4445.72 5952.85 4661.46 5859.00 4664.00
26071-550-M6-084-00026 0.3111809492111206 5870.79 4256.93 5962.64 4265.46 5947.50 4428.39 5855.65 4419.85
26071-550-M6-084-00026 0.22594988346099854 2203.63 3293.02 2373.02 3297.90 2367.84 3477.86 2198.45 3472.98
26071-550-M6-084-00026 0.1951468288898468 4531.74 3337.02 4704.39 3303.32 4738.60 3478.60 4565.94 3512.30
26071-550-M6-084-00026 0.09131189435720444 4868.95 2946.77 4972.75 2961.76 4954.99 3084.85 4851.19 3069.86
26071-550-M6-084-00026 0.08254048973321915 2504.61 2947.88 2604.23 2965.53 2582.93 3085.78 2483.31 3068.13
26071-550-M6-084-00026 0.07012458145618439 4572.43 3824.96 4729.15 3823.13 4730.93 3974.37 4574.21 3976.21
26071-550-M6-084-00026 0.05668509006500244 7560.74 4960.92 7576.46 4961.12 7575.86 5008.70 7560.14 5008.50
26071-550-M6-084-00026 0.053404223173856735 7441.13 6068.12 7577.78 6021.37 7642.99 6211.97 7506.34 6258.72
26071-550-M6-084-00026 0.052737001329660416 2282.91 3707.76 2297.20 3707.29 2297.44 3714.55 2283.15 3715.02
26071-203-M6-337-00007 0.12010577321052551 5199.41 2890.18 5326.00 2886.68 5333.63 3162.96 5207.04 3166.46
26071-203-M6-337-00007 0.11506517231464386 5215.67 5618.23 5329.85 5623.08 5318.44 5892.17 5204.25 5887.32
26071-203-M6-337-00007 0.0613936185836792 2809.93 3601.87 2926.96 3610.98 2909.50 3835.30 2792.47 3826.19
26071-203-M6-337-00007 0.054316531866788864 5208.43 2553.57 5225.70 2554.07 5224.31 2601.60 5207.03 2601.09
26071-203-M6-337-00007 0.0528857596218586 5013.60 5661.76 5128.30 5599.45 5270.77 5861.72 5156.06 5924.03
26071-200-M6-052-00090 0.11175799369812012 5230.72 4163.05 5377.84 4167.41 5373.42 4316.60 5226.29 4312.24
26071-200-M6-052-00090 0.07946725934743881 2216.47 4162.27 2367.09 4166.39 2362.96 4317.34 2212.35 4313.23
26071-200-M6-052-00090 0.07495442032814026 2452.24 3290.36 3114.35 3385.91 3073.25 3670.71 2411.14 3575.15
26071-200-M6-052-00090 0.06990980356931686 5440.68 3284.97 6107.09 3375.47 6067.61 3666.20 5401.20 3575.70
26071-200-M6-052-00090 0.0649123415350914 5335.23 4196.94 5397.27 4138.39 5510.40 4258.28 5448.36 4316.83
26071-200-M6-052-00090 0.06054319068789482 5987.91 3278.82 6034.52 3278.34 6034.70 3295.95 5988.09 3296.43
26071-200-M6-052-00090 0.06053801253437996 2330.67 4176.85 2404.95 4129.06 2496.58 4271.49 2422.29 4319.27
26071-200-M6-052-00090 0.05966758728027344 5474.64 4544.54 5616.58 4577.52 5582.52 4724.12 5440.58 4691.14
26071-200-M6-052-00090 0.05367701128125191 3165.35 3707.89 3212.38 3707.68 3212.46 3724.85 3165.43 3725.06
26071-200-M6-052-00090 0.053309012204408646 7319.13 4686.64 7364.39 4688.98 7363.81 4700.14 7318.55 4697.79
26071-203-M6-320-00061 0.052470434457063675 959.15 3630.19 1151.37 3707.87 1094.09 3849.61 901.88 3771.93
26071-600-M6-065-00037 0.05207906290888786 5195.71 4535.07 5326.62 4549.63 5298.15 4805.64 5167.24 4791.08
26071-300-M6-053-00010 0.08021221309900284 2099.16 4274.59 2737.74 4291.03 2732.04 4512.11 2093.47 4495.66
26071-300-M6-053-00010 0.059315480291843414 1913.39 4316.64 2048.23 4327.33 2032.61 4524.39 1897.77 4513.70
26071-203-M6-320-00042 0.9432957172393799 5278.64 3292.35 5396.57 3291.54 5398.19 3526.42 5280.26 3527.23
26071-203-M6-320-00042 0.08878272026777267 7714.33 2083.04 8258.32 2106.74 8255.37 2174.50 7711.37 2150.80
26071-203-M6-320-00042 0.05946171656250954 3142.25 2645.27 3228.11 2653.48 3217.98 2759.47 3132.11 2751.25
26071-203-M6-320-00042 0.057963162660598755 2212.69 3531.98 2313.19 3529.68 2321.32 3885.94 2220.82 3888.23
26071-203-M6-320-00042 0.05508100613951683 6981.02 3454.55 7092.82 3402.66 7171.89 3573.03 7060.10 3624.92
26071-203-M6-320-00042 0.05214863270521164 6377.49 2033.82 6520.71 2056.82 6492.53 2232.28 6349.32 2209.28
26071-200-M6-052-00540 0.06846625357866287 3592.26 5387.25 3646.19 5389.01 3633.91 5765.65 3579.98 5763.89
26071-200-M6-052-00540 0.056752759963274 2377.70 731.80 2455.92 726.84 2484.43 1176.20 2406.21 1181.16
26071-200-M6-052-00540 0.05477963015437126 5996.66 4940.04 6054.24 4941.34 6046.55 5281.57 5988.97 5280.27
26071-200-M6-052-00540 0.05296480283141136 8080.96 5399.11 8135.77 5397.71 8144.66 5747.11 8089.85 5748.51
26071-203-M6-160-00291 0.9598982334136963 2768.72 5488.41 2889.29 5483.16 2899.32 5713.43 2778.75 5718.68
26071-203-M6-160-00291 0.9539436101913452 5249.67 5496.50 5365.57 5488.71 5380.63 5712.60 5264.73 5720.39
26071-203-M6-160-00291 0.19771578907966614 5242.28 5296.48 5410.65 5300.65 5406.27 5477.30 5237.90 5473.12
26071-203-M6-160-00291 0.1710067242383957 2715.86 5336.78 2889.97 5282.19 2947.24 5464.85 2773.13 5519.44
26071-203-M6-160-00291 0.12206040322780609 5602.18 1630.13 5680.67 1631.15 5679.11 1751.34 5600.62 1750.32
26071-203-M6-160-00291 0.11106652021408081 5559.12 5033.96 5642.86 5028.37 5655.90 5223.52 5572.16 5229.12
26071-203-M6-160-00291 0.10695881396532059 2546.18 5083.13 2610.09 5083.14 2610.05 5341.82 2546.14 5341.81
26071-203-M6-160-00291 0.09658481180667877 3064.35 5041.29 3147.75 5032.45 3169.05 5233.22 3085.65 5242.07
26071-203-M6-160-00291 0.08165130764245987 2978.64 3518.17 3689.88 3536.69 3683.40 3785.58 2972.16 3767.06
26071-203-M6-160-00291 0.07887616008520126 4293.98 3017.74 4442.48 3066.64 4393.08 3216.66 4244.58 3167.76
26071-203-M6-160-00291 0.0710848793387413 5038.39 5101.43 5113.20 5100.74 5115.45 5348.15 5040.64 5348.83
26071-203-M6-160-00291 0.061689794063568115 6466.93 2775.32 6498.75 2776.30 6494.70 2906.94 6462.88 2905.95
26071-203-M6-160-00291 0.05743000656366348 6480.16 2125.00 6497.95 2124.67 6498.84 2172.07 6481.05 2172.40
26071-203-M6-160-00291 0.05680800974369049 6494.46 2857.88 6511.56 2857.09 6513.79 2905.23 6496.70 2906.02
26071-600-M6-066-00002 0.07840808480978012 3740.62 2856.81 3758.36 2856.03 3760.42 2902.75 3742.68 2903.54
26071-300-M6-053-00008 0.13606733083724976 5482.41 1201.85 5629.67 1209.99 5621.42 1359.34 5474.15 1351.20
26071-300-M6-053-00008 0.08597753942012787 349.37 2734.61 888.64 2732.01 888.93 2793.89 349.67 2796.49
26071-300-M6-053-00008 0.0793316438794136 2693.50 1377.93 2740.46 1377.57 2740.60 1395.29 2693.64 1395.66
26071-300-M6-053-00008 0.06809026747941971 5262.06 4711.63 5871.08 4804.54 5831.35 5064.95 5222.33 4972.04
26071-300-M6-053-00008 0.06098621338605881 5235.10 1927.11 5856.80 2082.26 5777.29 2400.84 5155.60 2245.69
26071-300-M6-053-00008 0.06076474487781525 7368.42 5800.92 7501.59 5790.35 7515.37 5963.99 7382.21 5974.57
26071-203-M6-060-00001 0.14668746292591095 361.67 4622.57 893.07 4625.55 892.74 4685.05 361.33 4682.07
26071-203-M6-060-00001 0.11969509720802307 4317.87 1138.16 4468.05 1172.29 4433.46 1324.51 4283.28 1290.38
26071-203-M6-060-00001 0.0980604887008667 359.17 5569.86 897.51 5567.60 897.77 5629.84 359.43 5632.09
26071-200-M6-063-00010 0.05477796494960785 2366.99 3972.01 2547.47 3986.79 2532.53 4169.21 2352.05 4154.43
26071-200-M6-063-00010 0.05284653231501579 2455.58 3898.19 3125.68 3876.46 3132.93 4100.15 2462.84 4121.88
26071-203-M6-060-00006 0.9734156727790833 6934.99 4299.13 7059.96 4292.70 7072.20 4530.53 6947.23 4536.96
26071-203-M6-060-00006 0.9671263098716736 6508.87 4306.44 6624.49 4307.06 6623.26 4533.26 6507.65 4532.64
26071-203-M6-060-00006 0.8055400252342224 2448.62 4251.76 2678.19 4249.11 2679.56 4367.57 2449.99 4370.22
26071-203-M6-060-00006 0.11408823728561401 6862.93 4274.86 7137.29 4271.17 7137.97 4321.34 6863.60 4325.03
26071-203-M6-060-00006 0.07458009570837021 6423.16 4276.06 6708.44 4275.32 6708.57 4322.58 6423.28 4323.32
26071-203-M6-060-00006 0.05788996443152428 7262.45 4092.32 7309.82 4091.39 7309.86 4093.66 7262.49 4094.60
26071-203-M6-060-00006 0.055096667259931564 6116.76 4092.40 6164.08 4091.28 6164.13 4093.69 6116.82 4094.80
26071-203-M6-060-00006 0.05302133411169052 6116.87 4379.84 6165.41 4377.55 6165.52 4379.97 6116.98 4382.26
26071-203-M6-060-00006 0.05108979716897011 2750.24 4189.63 3215.45 4190.73 3214.92 4415.28 2749.71 4414.18
26071-203-M6-060-00006 0.050169285386800766 3224.34 4056.10 3765.36 4251.85 3688.19 4465.12 3147.17 4269.37
26071-203-M6-325-00013 0.06534969061613083 272.91 3139.05 813.30 3146.57 812.41 3210.25 272.02 3202.73
26071-203-M6-325-00013 0.058123793452978134 3405.14 4762.36 3498.08 4752.30 3515.10 4909.57 3422.16 4919.63
26071-300-M6-053-00012 0.8086885213851929 5580.84 5695.60 5803.43 5689.65 5806.53 5805.59 5583.94 5811.53
26071-300-M6-053-00012 0.7939672470092773 3696.50 5693.67 3924.15 5692.89 3924.55 5808.58 3696.89 5809.35
26071-300-M6-053-00012 0.13642618060112 6092.98 1488.70 6245.16 1512.44 6221.01 1667.25 6068.83 1643.51
26071-300-M6-053-00012 0.09888068586587906 5820.61 5656.35 5970.09 5694.35 5925.50 5869.77 5776.02 5831.77
26071-300-M6-053-00012 0.07146085798740387 3934.38 5661.15 4125.07 5672.49 4111.60 5898.94 3920.91 5887.60
26071-300-M6-053-00012 0.06395065784454346 6110.49 1006.47 6193.79 999.67 6204.64 1132.68 6121.35 1139.48
26071-300-M6-053-00012 0.061410289257764816 3661.36 5973.97 3811.35 5970.18 3815.26 6124.91 3665.27 6128.70
26071-300-M6-053-00012 0.05530023202300072 5526.70 4684.06 5573.14 4681.74 5573.99 4698.83 5527.56 4701.15
26071-300-M6-053-00012 0.0535360649228096 3385.89 2752.08 3480.26 2752.05 3480.42 3307.93 3386.05 3307.96
26071-300-M6-053-00012 0.05172507092356682 5094.75 2250.99 5712.14 2261.96 5707.64 2515.20 5090.25 2504.23
26071-450-M6-082-00221 0.0577428825199604 3164.26 4533.85 3212.03 4534.72 3211.72 4551.85 3163.95 4550.98
26071-675-M6-068-00034 0.10260690003633499 3455.90 4791.20 3502.49 4791.16 3502.50 4807.78 3455.91 4807.83
26071-675-M6-068-00034 0.07830961793661118 2855.76 4797.16 2905.81 4797.02 2905.86 4812.32 2855.80 4812.46
26071-675-M6-068-00034 0.06694335490465164 3640.92 3365.30 3714.44 3369.16 3686.63 3899.16 3613.10 3895.30
26071-675-M6-068-00034 0.06476101279258728 2706.05 4800.07 2754.45 4799.48 2754.57 4809.02 2706.16 4809.61
26071-675-M6-068-00034 0.06338192522525787 2857.30 3092.00 2903.95 3091.22 2904.23 3108.42 2857.58 3109.19
26071-675-M6-068-00034 0.06241234764456749 2915.33 4795.17 2962.61 4794.47 2962.87 4812.10 2915.59 4812.80
26071-675-M6-068-00034 0.06146107614040375 3382.29 4863.35 3547.49 4826.51 3595.38 5041.26 3430.18 5078.10
26071-675-M6-068-00034 0.060532212257385254 3095.55 4795.43 3142.96 4795.72 3142.86 4812.03 3095.45 4811.74
26071-675-M6-068-00034 0.059582892805337906 2975.38 4796.57 3023.68 4796.15 3023.82 4811.85 2975.51 4812.27
26071-675-M6-068-00034 0.059160079807043076 3035.43 4795.12 3083.19 4795.80 3082.96 4812.25 3035.20 4811.58
26071-450-M6-082-00031 0.1140659898519516 2911.51 3233.58 3043.93 3243.01 3029.76 3441.92 2897.35 3432.49
26071-450-M6-082-00031 0.09770488739013672 3706.20 6230.34 3856.18 6242.10 3844.63 6389.30 3694.65 6377.53
26071-450-M6-082-00031 0.07355880737304688 3008.26 3257.92 3609.87 3270.34 3605.56 3479.26 3003.94 3466.84
26071-450-M6-082-00031 0.07112599164247513 3020.56 3482.88 3069.13 3481.89 3069.49 3499.29 3020.92 3500.27
26071-200-M6-062-00276 0.3126217722892761 1254.80 3911.19 1329.73 3907.97 1339.10 4125.89 1264.17 4129.11
26071-200-M6-062-00276 0.08077362179756165 3810.26 3683.73 3954.38 3672.51 3970.42 3878.45 3826.30 3889.67
26071-200-M6-062-00276 0.05810640752315521 6436.18 4123.14 6534.50 4114.10 6571.52 4516.90 6473.19 4525.94
26071-200-M6-062-00276 0.053916286677122116 1945.29 2858.20 1962.43 2856.99 1965.67 2902.81 1948.53 2904.03
26071-200-M6-062-00276 0.05208771303296089 3163.06 4037.77 3210.45 4037.19 3210.65 4053.67 3163.25 4054.24
26071-500-M6-059-00011 0.10533126443624496 3870.43 5034.35 3964.53 5115.15 3909.54 5179.19 3815.44 5098.39
26071-500-M6-059-00011 0.052966199815273285 3506.17 3442.27 4202.54 3440.90 4203.09 3719.83 3506.72 3721.20
26071-600-M6-065-00021 0.8522000312805176 3242.49 5400.37 3463.80 5399.33 3464.33 5513.39 3243.03 5514.43
26071-600-M6-065-00021 0.8513743281364441 4977.78 5400.09 5200.03 5399.79 5200.18 5513.41 4977.93 5513.71
26071-600-M6-065-00021 0.19150078296661377 5143.90 5376.12 5283.73 5328.83 5356.72 5544.59 5216.89 5591.89
26071-600-M6-065-00021 0.10301307588815689 5175.05 2727.56 5191.94 2728.48 5189.36 2776.05 5172.47 2775.13
26071-600-M6-065-00021 0.08812491595745087 3481.05 5367.26 3646.81 5393.09 3614.54 5600.18 3448.78 5574.35
26071-600-M6-065-00021 0.0771527960896492 2928.17 1545.04 2991.79 1541.25 3005.72 1774.66 2942.10 1778.45
26071-600-M6-065-00021 0.06727783381938934 4773.07 2262.76 4905.10 2265.47 4904.44 2297.46 4772.41 2294.74
26071-600-M6-065-00021 0.06057275831699371 3164.06 4729.92 3210.58 4729.21 3210.84 4746.18 3164.32 4746.89
26071-600-M6-065-00021 0.05471337214112282 2950.33 5397.78 3094.82 5350.07 3148.38 5512.28 3003.88 5559.99
26071-600-M6-065-00021 0.05293377861380577 4176.41 2996.79 4311.74 2989.83 4313.42 3022.48 4178.09 3029.44
26071-600-M6-065-00021 0.05206097289919853 6421.03 4491.56 6549.56 4501.15 6535.91 4684.02 6407.38 4674.43
26071-500-M6-059-00013 0.2862340211868286 2696.18 4925.61 2908.01 4975.49 2880.43 5092.61 2668.61 5042.73
26071-500-M6-059-00013 0.08700186014175415 2746.55 2917.82 2925.10 2918.05 2925.01 2992.35 2746.46 2992.12
26071-500-M6-059-00013 0.08260077983140945 5163.47 5176.94 5306.66 5160.43 5324.57 5315.74 5181.38 5332.26
26071-500-M6-059-00013 0.07568910717964172 2810.87 5138.53 2967.39 5128.97 2976.81 5283.32 2820.29 5292.88
26071-500-M6-059-00013 0.07406923174858093 7414.93 2504.81 7504.32 2509.33 7487.08 2850.13 7397.70 2845.61
26071-500-M6-059-00013 0.07383422553539276 5715.86 1912.45 5815.03 1905.17 5824.60 2035.52 5725.43 2042.80
26071-500-M6-059-00013 0.06484530866146088 5299.25 1768.46 5550.37 1776.96 5548.20 1840.96 5297.08 1832.46
26071-500-M6-059-00013 0.05064554885029793 2897.81 4901.88 3321.89 4905.76 3319.85 5128.09 2895.77 5124.20
26071-500-M6-059-00044 0.9502781629562378 3560.29 4952.30 3679.97 4944.61 3694.95 5177.96 3575.27 5185.64
26071-500-M6-059-00044 0.934398889541626 5609.40 4949.73 5730.50 4952.83 5724.60 5183.07 5603.49 5179.96
26071-500-M6-059-00044 0.9343952536582947 7135.54 4957.49 7253.54 4944.47 7278.93 5174.57 7160.94 5187.59
26071-500-M6-059-00044 0.9339321851730347 2030.37 4951.33 2152.13 4953.11 2148.69 5188.11 2026.94 5186.33
26071-500-M6-059-00044 0.08952876180410385 5579.34 4757.34 5740.52 4760.98 5735.67 4975.87 5574.49 4972.23
26071-500-M6-059-00044 0.08946111053228378 7133.81 4766.55 7281.58 4777.94 7265.51 4986.45 7117.74 4975.06
26071-500-M6-059-00044 0.08924377709627151 2011.98 4763.03 2160.37 4771.24 2148.65 4983.10 2000.27 4974.90
26071-500-M6-059-00044 0.08887440711259842 3543.51 4759.10 3702.47 4766.82 3692.13 4979.68 3533.17 4971.95
26071-500-M6-059-00044 0.08286216109991074 5348.02 4436.49 5439.23 4434.58 5442.51 4591.53 5351.30 4593.44
26071-500-M6-059-00044 0.0810866579413414 7450.76 4331.14 7537.94 4316.45 7564.63 4474.88 7477.45 4489.57
26071-500-M6-059-00044 0.07910248637199402 6883.86 4428.42 6982.31 4427.16 6984.32 4584.63 6885.87 4585.89
26071-500-M6-059-00044 0.0744742751121521 1770.21 4427.12 1857.13 4424.60 1861.93 4590.12 1775.00 4592.64
26071-500-M6-059-00044 0.07227237522602081 3286.23 4332.77 3368.12 4313.57 3396.39 4434.13 3314.50 4453.33
26071-500-M6-059-00044 0.07173292338848114 3856.93 4316.37 3948.07 4305.44 3964.00 4438.24 3872.85 4449.17
26071-500-M6-059-00044 0.06905202567577362 7564.05 4558.17 7719.96 4559.15 7719.01 4710.40 7563.09 4709.41
26071-500-M6-059-00044 0.06570816785097122 1768.60 5041.02 1906.47 5078.06 1869.65 5215.13 1731.78 5178.09
26071-500-M6-059-00044 0.06441622227430344 3307.00 4437.16 3399.23 4438.85 3396.45 4590.69 3304.22 4589.00
26071-500-M6-059-00044 0.06330345571041107 1753.16 4334.99 1836.99 4313.18 1868.39 4433.92 1784.56 4455.73
26071-500-M6-059-00044 0.06214554235339165 3305.35 5044.11 3445.66 5083.17 3409.00 5214.90 3268.68 5175.84
26071-500-M6-059-00044 0.06136978790163994 2446.27 4564.71 2601.82 4560.26 2606.09 4709.36 2450.53 4713.81
26071-500-M6-059-00044 0.059153154492378235 5509.03 1187.49 5611.58 1172.74 5632.97 1321.44 5530.42 1336.19
26071-500-M6-059-00044 0.05865218862891197 5912.36 4431.72 6008.34 4431.43 6008.83 4594.84 5912.85 4595.13
26071-500-M6-059-00044 0.058306943625211716 3989.44 4549.67 4138.39 4552.93 4134.82 4716.22 3985.87 4712.97
26071-500-M6-059-00044 0.05818895250558853 5343.27 4324.05 5418.35 4307.19 5447.09 4435.19 5372.02 4452.05
26071-500-M6-059-00044 0.05428249388933182 6870.03 5042.72 6990.86 5052.75 6978.89 5197.04 6858.06 5187.02
26071-500-M6-059-00044 0.0539073720574379 3872.48 4430.28 3971.19 4431.09 3969.84 4595.97 3871.13 4595.16
26071-500-M6-059-00044 0.05286983400583267 2365.89 4325.11 2441.41 4321.35 2453.86 4571.64 2378.33 4575.39
26071-500-M6-059-00044 0.05212577059864998 5349.82 5047.43 5486.95 5083.45 5452.47 5214.72 5315.34 5178.70
26071-200-M6-052-00093 0.11930381506681442 2569.47 4168.39 2643.03 4163.55 2657.65 4385.92 2584.09 4390.76
26071-200-M6-052-00093 0.08554290235042572 3895.67 3851.73 4034.51 3875.12 4003.51 4059.12 3864.67 4035.73
26071-200-M6-052-00093 0.08313368260860443 3977.43 4467.67 4112.91 4510.98 4043.16 4729.17 3907.68 4685.86
26071-200-M6-052-00093 0.08267040550708771 3991.03 2220.28 4131.89 2249.92 4083.15 2481.56 3942.29 2451.92
26071-200-M6-052-00093 0.08122948557138443 4022.89 1440.24 4107.67 1471.52 4023.65 1699.24 3938.87 1667.96
26071-200-M6-052-00093 0.07785508036613464 3845.72 2057.33 3997.20 2072.81 3982.17 2219.84 3830.69 2204.36
26071-200-M6-052-00093 0.07433585077524185 2571.09 1835.58 2647.72 1832.12 2656.88 2034.52 2580.25 2037.99
26071-200-M6-052-00093 0.07065238803625107 4431.14 2051.24 4591.27 2069.14 4574.59 2218.30 4414.46 2200.39
26071-200-M6-052-00093 0.07056403905153275 4277.82 2440.47 4453.33 2449.72 4443.51 2635.94 4268.00 2626.69
26071-200-M6-052-00093 0.06916864216327667 3852.85 1343.78 4542.84 1350.01 4540.51 1608.61 3850.51 1602.37
26071-200-M6-052-00093 0.06829853355884552 3812.12 3689.24 4537.07 3694.44 4535.27 3945.45 3810.32 3940.25
26071-200-M6-052-00093 0.06362318992614746 2626.95 4248.20 2688.95 4237.28 2720.73 4417.77 2658.73 4428.68
26071-200-M6-052-00093 0.057003382593393326 4271.10 4693.51 4443.96 4678.86 4458.32 4848.26 4285.46 4862.92
26071-200-M6-052-00093 0.05659427493810654 3902.18 1454.61 3993.64 1472.35 3950.30 1695.81 3858.84 1678.07
26071-200-M6-052-00093 0.051215965300798416 4279.79 4847.40 4438.39 4847.66 4438.11 5023.27 4279.51 5023.01
26071-200-M6-052-00093 0.05098700523376465 3973.72 3920.79 4480.12 3904.12 4484.62 4040.70 3978.22 4057.38
26071-200-M6-052-00002 0.07935841381549835 2938.66 3130.59 3643.88 3054.22 3668.43 3280.95 2963.22 3357.33
26071-200-M6-052-00002 0.0611964613199234 3163.08 5750.44 3211.61 5750.41 3211.62 5767.45 3163.09 5767.48
26071-200-M6-052-00002 0.0575282908976078 3554.68 3519.81 3654.78 3506.07 3722.81 4001.78 3622.70 4015.52
26071-200-M6-052-00002 0.053696949034929276 6222.66 1888.38 6459.54 1895.22 6456.90 1986.63 6220.02 1979.79
26071-200-M6-052-00002 0.05065803974866867 768.69 6124.01 782.78 6123.52 784.33 6168.60 770.23 6169.08
26071-200-M6-052-00002 0.05005768686532974 2886.49 3151.39 3000.92 3133.55 3011.61 3202.11 2897.18 3219.95
26071-675-M6-068-10002 0.10254298895597458 1685.80 1387.28 1732.88 1385.51 1733.39 1399.02 1686.31 1400.79
26071-675-M6-068-10002 0.08151914924383163 4622.52 1798.25 4722.64 1799.40 4719.19 2097.33 4619.08 2096.17
26071-675-M6-068-10002 0.07110141217708588 3732.94 5456.79 4025.21 5439.46 4031.01 5537.32 3738.75 5554.65
26071-675-M6-068-10002 0.06898342818021774 1956.27 4294.49 2002.55 4295.04 2002.34 4312.18 1956.07 4311.63
26071-675-M6-068-10002 0.06895023584365845 2258.32 3357.22 2304.39 3357.07 2304.45 3373.99 2258.38 3374.15
26071-675-M6-068-10002 0.06837859749794006 5419.49 1872.85 5593.13 1867.32 5599.50 2067.23 5425.85 2072.76
26071-675-M6-068-10002 0.06663849204778671 2270.19 2682.43 2989.74 2720.24 2980.07 2904.26 2260.52 2866.45
26071-675-M6-068-10002 0.06618711352348328 2043.48 4445.82 2766.92 4470.55 2758.95 4703.71 2035.51 4678.98
26071-675-M6-068-10002 0.062452130019664764 6675.85 2001.15 6835.36 1966.38 6877.97 2161.87 6718.46 2196.64
26071-675-M6-068-10002 0.05963796749711037 2030.88 4748.40 2793.10 4781.32 2783.17 5011.36 2020.94 4978.43
26071-675-M6-068-10002 0.058974649757146835 3523.18 2929.75 4268.20 2982.53 4252.41 3205.39 3507.39 3152.62
26071-675-M6-068-10002 0.05889501795172691 4810.43 1872.45 4995.63 1856.47 5012.49 2051.75 4827.29 2067.73
26071-675-M6-068-10002 0.057711172848939896 2265.63 2959.15 3051.20 2999.24 3040.88 3201.49 2255.31 3161.40
26071-675-M6-068-10002 0.056790243834257126 3441.44 4714.25 3545.59 4734.57 3487.75 5031.09 3383.60 5010.77
26071-675-M6-068-10002 0.055282801389694214 3682.34 1597.79 4222.61 1587.52 4225.77 1753.82 3685.50 1764.09
26071-675-M6-068-10002 0.055218540132045746 3441.08 4432.98 3545.70 4454.56 3487.05 4738.85 3382.43 4717.26
26071-675-M6-068-10002 0.05402955040335655 7566.01 2016.00 7721.36 1995.01 7744.03 2162.77 7588.68 2183.76
26071-675-M6-068-10002 0.05372781679034233 3998.66 1863.74 4191.66 1881.09 4174.48 2072.13 3981.49 2054.78
26071-675-M6-068-10002 0.05277392640709877 4608.16 1555.39 4768.22 1614.22 4709.04 1775.23 4548.98 1716.40
26071-675-M6-068-10002 0.050875090062618256 7374.35 1561.41 7376.75 1561.36 7377.63 1607.36 7375.23 1607.41
26071-675-M6-068-10002 0.050407469272613525 3819.90 1869.33 3992.92 1879.97 3980.75 2077.80 3807.73 2067.16
26071-750-M6-085-00012 0.7246080040931702 6971.67 4302.98 7201.89 4298.67 7204.05 4414.43 6973.84 4418.74
26071-750-M6-085-00012 0.28179991245269775 1588.73 2020.54 1709.69 2022.04 1706.47 2282.57 1585.51 2281.07
26071-750-M6-085-00012 0.15756094455718994 4016.70 1553.23 4165.75 1569.95 4147.86 1729.42 3998.81 1712.70
26071-750-M6-085-00012 0.15696266293525696 6186.44 1556.40 6339.57 1566.56 6328.72 1730.16 6175.59 1720.01
26071-750-M6-085-00012 0.10678402334451675 5337.93 5057.73 5496.64 5039.12 5523.40 5267.40 5364.69 5286.00
26071-750-M6-085-00012 0.09723290801048279 3070.51 3575.70 3251.42 3726.98 3182.43 3809.48 3001.52 3658.19
26071-750-M6-085-00012 0.09115420281887054 3163.47 2509.34 3211.60 2508.70 3211.83 2526.21 3163.70 2526.84
26071-750-M6-085-00012 0.08383583277463913 2930.24 5021.10 3230.84 5152.95 3177.83 5273.81 2877.23 5141.96
26071-750-M6-085-00012 0.07836388051509857 7460.91 5000.42 7717.25 5175.46 7639.08 5289.93 7382.74 5114.90
26071-750-M6-085-00012 0.06899102032184601 2686.27 5046.80 2827.22 5013.10 2888.45 5269.25 2747.50 5302.94
26071-750-M6-085-00012 0.06606686860322952 5331.23 3738.48 5496.33 3714.50 5527.53 3929.25 5362.43 3953.23
26071-750-M6-085-00012 0.06511220335960388 880.45 3742.66 1032.58 3763.05 1010.52 3927.67 858.39 3907.28
26071-750-M6-085-00012 0.06208355724811554 3164.51 2554.98 3211.75 2554.32 3212.00 2571.78 3164.75 2572.44
26071-750-M6-085-00012 0.05721106007695198 1182.83 1757.26 1257.76 1753.17 1267.38 1929.58 1192.45 1933.66
26071-750-M6-085-00012 0.0569966658949852 6032.62 1631.89 6127.13 1567.99 6228.14 1717.38 6133.62 1781.28
26071-750-M6-085-00012 0.055166151374578476 3897.64 1576.58 4054.57 1686.29 3992.40 1775.22 3835.47 1665.50
26071-750-M6-085-00012 0.05514785274863243 7163.40 5053.26 7308.41 5004.69 7395.28 5264.09 7250.27 5312.66
26071-750-M6-085-00012 0.05031580850481987 2765.34 3617.29 2997.92 3768.88 2927.96 3876.21 2695.39 3724.62
26071-200-M6-062-00277 0.08291105926036835 5790.74 2859.19 5807.63 2857.25 5813.00 2904.02 5796.11 2905.96
26071-200-M6-062-00277 0.08053513616323471 7413.54 2857.90 7431.10 2856.47 7434.86 2902.48 7417.30 2903.91
26071-200-M6-062-00277 0.07404977828264236 5759.87 2858.62 5777.35 2856.50 5782.87 2902.14 5765.39 2904.26
26071-200-M6-062-00277 0.06655508279800415 7444.37 2858.77 7461.55 2857.23 7465.78 2904.71 7448.60 2906.24
26071-200-M6-062-00277 0.05716754496097565 3162.79 2385.39 3211.02 2385.08 3211.13 2401.83 3162.89 2402.15
26071-200-M6-052-00544 0.9012162089347839 4251.35 3844.67 4372.87 3844.16 4373.84 4074.90 4252.33 4075.41
26071-200-M6-052-00544 0.07305839657783508 4249.39 3549.90 4393.20 3570.65 4370.75 3726.24 4226.94 3705.49
26071-200-M6-052-00544 0.057701047509908676 1272.80 4252.32 1393.47 4213.33 1474.48 4464.02 1353.82 4503.01
26071-200-M6-052-00544 0.052949611097574234 4371.40 5031.01 5192.18 5072.86 5182.24 5267.91 4361.45 5226.07
26071-200-M6-052-00544 0.052362971007823944 3479.93 5031.75 4294.17 5074.93 4283.69 5272.44 3469.46 5229.25
26071-600-M6-066-00003 0.109675332903862 5491.99 1818.05 5639.19 1844.83 5611.10 1999.22 5463.90 1972.44
26071-600-M6-066-00003 0.09693483263254166 5252.95 1820.32 5405.57 1840.30 5386.52 1985.75 5233.91 1965.76
26071-600-M6-066-00003 0.0880596861243248 3245.34 1834.78 3399.42 1859.23 3376.26 2005.17 3222.18 1980.72
26071-600-M6-066-00003 0.06186046078801155 3483.13 1836.10 3629.10 1857.16 3607.39 2007.58 3461.42 1986.51
26071-750-M6-085-00309 0.35024508833885193 2989.14 3630.20 3106.93 3618.06 3124.79 3791.29 3006.99 3803.43
26071-750-M6-085-00309 0.07878292351961136 3051.29 4249.28 3544.50 4272.84 3537.54 4418.50 3044.33 4394.95
26071-750-M6-085-00309 0.06909418851137161 2883.84 4444.34 3643.47 4471.98 3634.62 4715.19 2874.99 4687.55
26071-750-M6-085-00309 0.06815540790557861 2944.30 2407.58 3659.98 2418.12 3657.50 2585.90 2941.83 2575.37
26071-750-M6-085-00309 0.05815659835934639 3765.35 4517.28 4565.12 4522.67 4563.67 4737.17 3763.90 4731.78
26071-750-M6-085-00309 0.05329681187868118 4663.93 4517.96 5465.06 4527.26 5462.55 4743.94 4661.41 4734.65
26071-750-M6-085-00309 0.05225128307938576 5809.80 3125.51 5953.04 3148.59 5927.57 3306.73 5784.33 3283.66
