26071-200-M6-052-00001 0.06620101630687714 3458.96 2849.48 3506.20 2851.51 3504.91 2881.59 3457.66 2879.56
26071-200-M6-052-00001 0.050756216049194336 5860.11 2494.08 5923.82 2508.23 5912.84 2557.70 5849.12 2543.54
26071-600-M6-066-00012 0.1377842277288437 3177.50 3450.99 3200.44 3451.68 3199.03 3498.60 3176.09 3497.91
26071-600-M6-066-00012 0.11694026738405228 3179.48 2973.40 3203.35 2976.40 3197.53 3022.58 3173.67 3019.57
26071-600-M6-066-00012 0.0974208265542984 3873.36 3621.52 3921.11 3617.60 3923.28 3644.03 3875.53 3647.95
26071-600-M6-066-00012 0.0675123855471611 5661.06 2972.05 5688.03 2983.99 5667.94 3029.37 5640.97 3017.43
26071-600-M6-066-00012 0.06730101257562637 4204.76 3660.77 4295.89 3661.63 4295.45 3707.77 4204.33 3706.91
26071-600-M6-066-00012 0.06078439950942993 2928.54 3621.41 2977.46 3616.58 2979.92 3641.54 2931.01 3646.37
26071-600-M6-066-00012 0.05517524853348732 3141.85 3660.49 3231.47 3660.09 3231.68 3707.67 3142.06 3708.07
26071-600-M6-066-00012 0.0506678968667984 6115.55 3572.50 6163.85 3571.55 6164.35 3596.89 6116.05 3597.84
26071-200-M6-052-00539 0.11572715640068054 2196.19 4521.15 2288.98 4523.77 2287.66 4570.85 2194.86 4568.24
26071-203-M6-325-00012 0.18317541480064392 3848.79 2402.12 3884.21 2399.49 3887.66 2446.06 3852.24 2448.69
26071-203-M6-325-00012 0.16178402304649353 4212.06 3720.66 4242.15 3716.74 4248.87 3768.29 4218.77 3772.22
26071-203-M6-325-00012 0.15630941092967987 3850.90 3031.95 3885.11 3030.67 3886.87 3077.78 3852.67 3079.07
26071-203-M6-325-00012 0.126348078250885 4213.05 5040.78 4244.02 5038.86 4247.04 5087.38 4216.07 5089.30
26071-203-M6-325-00012 0.10630323737859726 1581.83 2991.54 1626.64 2993.37 1625.79 3014.23 1580.98 3012.40
26071-203-M6-325-00012 0.09460645169019699 3849.98 1471.56 3884.07 1470.05 3886.10 1515.95 3852.01 1517.45
26071-203-M6-325-00012 0.07082711905241013 1581.65 5693.05 1626.63 5694.14 1626.17 5713.18 1581.19 5712.09
26071-500-M6-059-00040 0.22289206087589264 6408.63 2265.32 6441.58 2264.54 6442.77 2315.11 6409.82 2315.88
26071-500-M6-059-00040 0.07495976239442825 5622.43 3644.55 5718.04 3644.08 5718.27 3690.86 5622.66 3691.32
26071-500-M6-059-00040 0.05571448802947998 5189.35 2030.95 5206.53 2031.63 5204.70 2077.49 5187.52 2076.80
26071-203-M6-333-00010 0.06328273564577103 2631.57 2201.00 2665.39 2181.08 2695.32 2231.89 2661.50 2251.81
26071-203-M6-333-00010 0.05342038348317146 7419.42 3741.37 7470.09 3773.82 7449.25 3806.37 7398.57 3773.92
26071-203-M6-333-00010 0.05329134315252304 4178.72 1798.28 4218.68 1794.01 4224.88 1852.10 4184.93 1856.36
26071-750-M6-085-00286 0.20024095475673676 3047.70 3883.45 3095.84 3879.85 3097.66 3904.26 3049.52 3907.86
26071-550-M6-084-00248 0.05122003331780434 3778.68 2824.42 3807.56 2824.13 3807.97 2864.20 3779.09 2864.49
26071-203-M6-332-00008 0.9680398106575012 8189.35 2010.72 8214.37 2012.42 8211.13 2059.94 8186.11 2058.24
26071-200-M6-052-00080 0.4260554015636444 2807.42 3900.84 2854.83 3894.36 2858.16 3918.73 2810.74 3925.20
26071-200-M6-052-00080 0.35019466280937195 6230.96 3904.52 6277.92 3895.14 6282.58 3918.48 6235.62 3927.86
26071-200-M6-052-00080 0.19891893863677979 7079.47 5976.25 7097.18 5977.54 7093.83 6023.75 7076.12 6022.47
26071-200-M6-052-00080 0.12482377141714096 3290.18 6456.75 3322.89 6454.25 3327.82 6518.68 3295.11 6521.18
26071-200-M6-052-00080 0.07336448132991791 3757.90 5229.65 3805.94 5229.98 3805.71 5263.72 3757.67 5263.39
26071-200-M6-052-00080 0.05861181765794754 7104.69 5101.60 7134.61 5103.48 7128.89 5194.78 7098.97 5192.91
26071-200-M6-052-00080 0.055650655180215836 3652.49 5976.92 3670.36 5977.41 3669.11 6023.84 3651.23 6023.36
26071-300-M6-053-00309 0.17661572992801666 5995.00 1552.91 6018.05 1530.09 6051.12 1563.51 6028.07 1586.32
26071-300-M6-053-00309 0.10710620880126953 6000.00 1766.95 6046.32 1765.46 6046.89 1783.29 6000.57 1784.78
26071-300-M6-053-00309 0.09842157363891602 5475.58 2501.13 5508.18 2500.19 5509.60 2549.59 5477.00 2550.52
26071-300-M6-053-00309 0.087338887155056 5999.48 1616.70 6046.13 1617.16 6045.95 1634.70 5999.30 1634.24
26071-300-M6-053-00309 0.06334328651428223 6067.98 1037.80 6117.75 1037.51 6117.90 1063.75 6068.14 1064.04
26071-300-M6-053-00309 0.060919322073459625 6069.13 1863.07 6118.72 1864.61 6117.92 1890.17 6068.33 1888.63
26071-300-M6-053-00309 0.054026104509830475 5424.99 3264.95 5453.00 3275.37 5437.31 3317.53 5409.30 3307.11
26071-300-M6-053-00309 0.05307609587907791 6079.81 1475.93 6127.89 1495.73 6104.15 1553.39 6056.07 1533.60
26071-300-M6-053-00309 0.052144452929496765 1013.42 3297.24 1089.01 3297.07 1089.21 3382.60 1013.61 3382.77
26071-450-M6-082-00009 0.16027061641216278 3408.32 1377.31 3439.17 1377.53 3438.99 1402.10 3408.15 1401.88
26071-450-M6-082-00009 0.1245664432644844 5652.15 6283.50 5685.14 6284.42 5683.87 6329.79 5650.87 6328.86
26071-450-M6-082-00009 0.07117804139852524 6363.45 4981.60 6397.72 4983.56 6395.19 5027.74 6360.93 5025.78
26071-450-M6-082-00009 0.06849487125873566 1925.41 2874.34 1972.86 2874.59 1972.77 2892.08 1925.32 2891.83
26071-450-M6-082-00009 0.053741730749607086 2830.13 2617.59 2904.99 2612.69 2908.27 2662.85 2833.42 2667.75
26071-450-M6-082-00009 0.051609449088573456 1517.82 3518.34 1543.48 3512.27 1554.44 3558.63 1528.78 3564.69
26071-200-M6-052-00552 0.13707660138607025 4822.33 4038.88 4854.02 4035.45 4859.12 4082.65 4827.42 4086.08
26071-750-M6-085-00007 0.08085399866104126 6709.49 3682.67 6755.00 3684.56 6754.30 3701.55 6708.78 3699.66
26071-750-M6-085-00007 0.056647706776857376 6708.31 1930.22 6754.46 1929.73 6754.64 1946.76 6708.49 1947.25
26071-750-M6-085-00007 0.055203069001436234 1664.10 2260.65 1687.33 2261.17 1686.26 2308.58 1663.03 2308.06
26071-203-M6-064-00271 0.11074922978878021 1346.63 4781.81 1405.95 4807.29 1380.94 4865.50 1321.63 4840.01
26071-203-M6-064-00271 0.05303727462887764 2028.14 2538.82 2088.78 2548.03 2079.13 2611.57 2018.49 2602.36
26071-203-M6-337-00031 0.10740679502487183 1666.04 2538.85 1709.45 2557.95 1699.19 2581.28 1655.78 2562.18
26071-203-M6-337-00031 0.08376847207546234 6845.20 3735.84 6892.01 3735.48 6892.15 3752.99 6845.33 3753.35
26071-203-M6-337-00031 0.08376246690750122 6844.98 5289.96 6891.20 5290.32 6891.07 5307.33 6844.84 5306.97
26071-203-M6-337-00031 0.07615533471107483 6846.50 3455.32 6892.93 3455.05 6893.04 3472.42 6846.60 3472.69
26071-203-M6-337-00031 0.07142889499664307 6846.20 5204.03 6892.52 5206.91 6891.45 5224.25 6845.12 5221.38
26071-203-M6-337-00031 0.06088198348879814 1666.18 2884.41 1709.13 2905.19 1696.98 2930.31 1654.03 2909.54
26071-203-M6-332-00001 0.9626728296279907 6118.65 1111.51 6143.82 1111.57 6143.71 1159.37 6118.54 1159.31
26071-203-M6-332-00001 0.07464110106229782 1551.27 5635.12 1582.58 5643.73 1569.72 5690.48 1538.40 5681.86
26071-203-M6-332-00001 0.05216185748577118 4648.23 2557.87 4703.10 2543.82 4720.23 2610.72 4665.36 2624.77
26071-203-M6-079-00001 0.11257415264844894 4588.01 4981.81 4622.92 4981.69 4623.07 5029.48 4588.17 5029.60
26071-203-M6-079-00001 0.09707147628068924 4583.54 3922.91 4615.17 3916.68 4624.02 3961.68 4592.40 3967.90
26071-203-M6-079-00001 0.08853188157081604 4587.99 1083.36 4621.91 1082.90 4622.55 1130.54 4588.64 1131.00
26071-203-M6-079-00001 0.07152778655290604 4583.61 5929.85 4616.59 5924.47 4624.29 5971.60 4591.30 5976.98
26071-203-M6-079-00001 0.06628463417291641 2475.41 1035.99 2521.88 1044.42 2516.76 1072.59 2470.30 1064.15
26071-203-M6-079-00001 0.058623962104320526 3847.37 5867.27 3939.15 5862.36 3940.93 5895.49 3849.14 5900.41
26071-203-M6-079-00001 0.057254426181316376 4561.40 5851.86 4653.44 5849.39 4654.29 5880.85 4562.25 5883.32
26071-203-M6-079-00001 0.05479438230395317 3497.80 5867.95 3587.25 5863.34 3588.92 5895.72 3499.47 5900.33
26071-203-M6-079-00001 0.053369563072919846 3499.33 1971.48 3588.66 1965.96 3590.71 1999.17 3501.39 2004.69
26071-200-M6-052-00150 0.9697684645652771 1532.54 1912.52 1557.18 1912.08 1558.04 1960.35 1533.40 1960.79
26071-200-M6-052-00150 0.13030508160591125 2227.16 1324.39 2258.16 1320.57 2263.95 1367.60 2232.96 1371.42
26071-200-M6-052-00003 0.08918402343988419 4251.02 5016.17 4348.19 5016.97 4347.80 5063.54 4250.63 5062.74
26071-200-M6-052-00003 0.07159189879894257 4551.60 4534.34 4654.87 4529.72 4657.01 4577.74 4553.75 4582.36
26071-200-M6-052-00003 0.06180195510387421 2566.31 4431.91 2602.14 4431.46 2603.33 4525.14 2567.50 4525.59
26071-700-M6-054-00013 0.1264403760433197 5177.14 1559.05 5209.15 1555.44 5214.34 1601.44 5182.33 1605.06
26071-700-M6-054-00036 0.21779640018939972 4640.15 3505.13 4687.76 3503.23 4688.86 3530.69 4641.25 3532.59
26071-700-M6-054-00036 0.10990533232688904 5769.59 2857.14 5800.72 2856.97 5800.98 2904.88 5769.85 2905.04
26071-203-M6-320-00044 0.07014568150043488 5199.55 3289.09 5287.26 3284.02 5293.81 3397.55 5206.11 3402.61
26071-600-M6-065-00231 0.08087816834449768 3436.47 5538.32 3527.52 5536.26 3528.58 5583.10 3437.52 5585.16
26071-600-M6-065-00231 0.0653616189956665 4206.64 1877.46 4223.63 1878.08 4221.95 1924.30 4204.96 1923.68
26071-600-M6-065-00231 0.06059794872999191 4415.56 1877.77 4433.02 1877.91 4432.65 1924.51 4415.19 1924.37
26071-500-M6-059-00071 0.093467578291893 4080.50 2077.04 4097.56 2078.36 4093.95 2125.05 4076.89 2123.73
26071-203-M6-320-00008 0.08731121569871902 1573.57 4190.95 1618.03 4191.60 1617.70 4214.02 1573.24 4213.37
26071-203-M6-320-00008 0.08721987903118134 6283.14 2426.76 6316.20 2427.78 6314.59 2479.57 6281.53 2478.54
26071-500-M6-059-00116 0.107930488884449 3879.33 5574.78 3911.88 5572.37 3915.34 5619.06 3882.79 5621.46
26071-550-M6-084-00026 0.20687346160411835 7079.50 3861.49 7097.63 3862.49 7095.05 3909.35 7076.92 3908.35
26071-550-M6-084-00026 0.08051896840333939 7251.78 3475.17 7299.67 3474.77 7299.88 3500.32 7252.00 3500.73
26071-550-M6-084-00026 0.07614616304636002 5907.03 4132.73 5997.06 4120.28 6010.79 4219.48 5920.75 4231.94
26071-550-M6-084-00026 0.05982334911823273 5545.90 3292.37 5591.03 3293.10 5590.71 3312.77 5545.58 3312.04
26071-550-M6-084-00026 0.053810421377420425 5767.97 1669.31 5804.27 1668.78 5804.77 1702.51 5768.47 1703.04
26071-203-M6-337-00007 0.13566148281097412 3248.15 2690.47 3291.10 2691.37 3290.59 2715.60 3247.65 2714.70
26071-203-M6-337-00007 0.12945440411567688 3247.97 5390.19 3291.00 5391.16 3290.45 5415.62 3247.42 5414.65
26071-203-M6-337-00007 0.09296655654907227 5259.39 5733.76 5294.90 5733.93 5294.73 5769.57 5259.22 5769.41
26071-203-M6-337-00007 0.08935423940420151 5107.84 3073.63 5157.19 3069.90 5164.17 3162.26 5114.82 3165.99
26071-203-M6-337-00007 0.08711481094360352 5185.38 5743.61 5230.75 5743.39 5230.88 5770.17 5185.51 5770.39
26071-203-M6-337-00007 0.08382565528154373 5240.13 5690.29 5280.45 5690.66 5280.23 5714.75 5239.91 5714.38
26071-203-M6-337-00007 0.0754096582531929 3299.91 2740.35 3347.10 2746.24 3343.52 2774.89 3296.33 2769.00
26071-203-M6-337-00007 0.07186926901340485 5265.02 3033.23 5300.36 3034.31 5299.27 3070.39 5263.92 3069.32
26071-203-M6-337-00007 0.06837113946676254 3300.49 5439.47 3347.41 5447.69 3342.47 5475.94 3295.54 5467.72
26071-203-M6-337-00007 0.06702671945095062 5113.28 5766.30 5161.90 5766.82 5160.86 5863.61 5112.25 5863.08
26071-203-M6-337-00007 0.06233162432909012 5244.99 2990.28 5285.79 2991.17 5285.26 3015.77 5244.46 3014.88
26071-203-M6-337-00007 0.05713006108999252 5193.16 3039.87 5237.09 3050.62 5230.71 3076.69 5186.78 3065.95
26071-203-M6-337-00007 0.056291211396455765 3236.20 2732.47 3270.13 2736.42 3266.09 2771.08 3232.17 2767.13
26071-200-M6-052-00090 0.3448059558868408 5465.90 3489.04 5514.90 3484.22 5517.30 3508.60 5468.30 3513.42
26071-200-M6-052-00090 0.2159237414598465 2927.88 1638.05 2975.96 1636.86 2976.73 1667.98 2928.65 1669.17
26071-200-M6-052-00090 0.21345289051532745 2456.31 3488.78 2503.73 3486.12 2505.13 3511.06 2457.71 3513.72
26071-200-M6-052-00090 0.18283964693546295 6414.20 5093.29 6459.51 5098.08 6456.92 5122.64 6411.61 5117.86
26071-200-M6-052-00090 0.125515878200531 4123.94 6040.06 4158.44 6036.09 4165.84 6100.50 4131.34 6104.47
26071-200-M6-052-00090 0.07626388221979141 3400.19 1095.86 3446.79 1093.61 3448.15 1121.67 3401.55 1123.92
26071-200-M6-052-00090 0.07138971239328384 3398.86 1263.69 3445.92 1258.70 3448.76 1285.45 3401.70 1290.44
26071-200-M6-052-00090 0.053947992622852325 2935.06 1656.28 2964.76 1676.39 2934.08 1721.68 2904.39 1701.56
26071-203-M6-320-00061 0.1226515844464302 840.88 3718.55 873.30 3723.94 865.36 3771.73 832.94 3766.34
26071-203-M6-320-00061 0.1091923639178276 840.32 4047.89 873.01 4053.90 864.35 4101.02 831.65 4095.01
26071-600-M6-065-00037 0.11133330315351486 6113.66 3156.87 6207.44 3155.31 6207.96 3186.58 6114.18 3188.15
26071-600-M6-065-00037 0.11028526723384857 1821.85 3719.83 1853.24 3720.36 1851.65 3813.82 1820.25 3813.28
26071-600-M6-065-00037 0.09238965809345245 1251.88 2363.36 1297.59 2363.28 1297.62 2380.88 1251.91 2380.95
26071-600-M6-065-00037 0.08926882594823837 5128.32 3722.27 5161.26 3723.22 5158.61 3815.44 5125.66 3814.49
26071-600-M6-065-00037 0.08867163211107254 2314.75 2645.12 2361.17 2643.45 2361.80 2660.92 2315.37 2662.58
26071-600-M6-065-00037 0.06119629368185997 6803.22 4487.60 6850.36 4488.26 6849.05 4582.95 6801.91 4582.29
26071-600-M6-065-00037 0.058480750769376755 2482.56 3171.05 2576.16 3169.40 2576.73 3201.52 2483.13 3203.17
26071-600-M6-065-00037 0.0577702596783638 1819.20 4134.51 1852.36 4133.12 1856.19 4224.81 1823.04 4226.20
26071-600-M6-065-00037 0.05547752231359482 3490.87 4490.37 3541.28 4488.63 3544.41 4578.96 3493.99 4580.71
26071-600-M6-065-00037 0.05172333866357803 2315.02 2865.39 2361.40 2865.46 2361.38 2882.89 2315.00 2882.82
26071-300-M6-053-00010 0.11647945642471313 4467.58 2621.16 4499.11 2616.81 4505.74 2664.83 4474.21 2669.18
26071-300-M6-053-00010 0.06608139723539352 4918.23 4307.46 5000.42 4316.02 4992.57 4391.43 4910.38 4382.87
26071-200-M6-052-00540 0.9436668157577515 755.64 3329.03 780.14 3327.59 782.91 3374.88 758.42 3376.32
26071-200-M6-052-00540 0.05794674530625343 4081.97 547.61 4107.80 553.50 4096.99 600.92 4071.17 595.04
26071-203-M6-160-00291 0.8673928380012512 2456.02 3365.12 2503.47 3364.45 2503.82 3388.91 2456.37 3389.59
26071-203-M6-160-00291 0.12876003980636597 5593.75 4984.03 5624.51 4982.14 5625.60 4999.81 5594.84 5001.70
26071-203-M6-160-00291 0.11298485100269318 5834.72 3003.87 5881.76 3004.29 5881.59 3022.89 5834.56 3022.47
26071-203-M6-160-00291 0.09008212387561798 1161.55 2267.33 1191.89 2262.78 1198.74 2308.47 1168.40 2313.01
26071-203-M6-160-00291 0.08036918938159943 7121.82 4001.26 7168.23 4000.39 7168.55 4017.36 7122.14 4018.23
26071-203-M6-160-00291 0.07851066440343857 1325.86 1497.35 1364.68 1495.81 1366.67 1546.12 1327.85 1547.66
26071-203-M6-160-00291 0.05340501666069031 5858.89 2984.01 5900.67 3002.86 5892.95 3019.98 5851.17 3001.12
26071-203-M6-160-00291 0.051716145128011703 6390.31 2836.07 6437.47 2837.21 6435.23 2929.99 6388.07 2928.85
26071-203-M6-160-00291 0.05103977397084236 6388.57 3075.16 6436.26 3075.11 6436.35 3166.68 6388.67 3166.73
26071-600-M6-066-00002 0.45495086908340454 4410.83 3758.74 4433.79 3759.00 4433.26 3807.38 4410.30 3807.12
26071-600-M6-066-00002 0.059535734355449677 3768.31 4467.28 3812.09 4479.00 3792.04 4553.94 3748.26 4542.23
26071-600-M6-066-00002 0.058295391499996185 3769.59 2362.51 3813.85 2374.10 3793.37 2452.28 3749.11 2440.69
26071-300-M6-053-00008 0.05545628443360329 5334.64 5032.77 5384.09 5032.76 5384.10 5076.98 5334.64 5076.98
26071-203-M6-060-00001 0.08212403953075409 3645.07 1435.61 3677.61 1435.32 3678.06 1486.13 3645.52 1486.42
26071-203-M6-060-00001 0.058831702917814255 1610.37 1390.53 1656.51 1392.88 1655.09 1420.86 1608.94 1418.51
26071-203-M6-060-00001 0.05658319965004921 3612.72 1378.15 3703.26 1370.50 3705.98 1402.66 3615.44 1410.31
26071-203-M6-060-00006 0.07506200671195984 3186.68 3363.88 3219.58 3365.74 3214.27 3459.61 3181.37 3457.75
26071-203-M6-060-00006 0.06903862953186035 2902.84 4724.16 2936.26 4726.13 2930.83 4818.25 2897.41 4816.28
26071-203-M6-060-00006 0.06572679430246353 3159.68 2871.69 3195.13 2872.51 3192.92 2968.97 3157.47 2968.15
26071-203-M6-060-00006 0.059054747223854065 3158.14 3157.31 3193.79 3157.19 3194.12 3250.65 3158.46 3250.77
26071-203-M6-060-00006 0.05345871299505234 2344.48 2732.50 2377.05 2730.30 2380.58 2782.49 2348.01 2784.69
26071-203-M6-325-00013 0.6738114953041077 2347.33 4347.18 2394.34 4346.72 2394.59 4371.91 2347.57 4372.37
26071-203-M6-325-00013 0.12896564602851868 6431.44 1891.62 6463.67 1889.44 6466.89 1937.15 6434.67 1939.33
26071-203-M6-325-00013 0.12830550968647003 6431.43 2491.62 6463.66 2489.43 6466.90 2537.18 6434.67 2539.37
26071-300-M6-053-00012 0.09474923461675644 2572.31 1684.85 2609.96 1691.38 2606.46 1711.57 2568.81 1705.04
26071-300-M6-053-00012 0.09398629516363144 2814.89 5100.24 2848.81 5099.57 2849.73 5146.46 2815.80 5147.12
26071-300-M6-053-00012 0.09001947194337845 4288.22 3890.50 4383.64 3891.71 4383.03 3939.70 4287.61 3938.49
26071-300-M6-053-00012 0.07095009833574295 4603.88 3383.03 4698.60 3373.82 4703.16 3420.72 4608.44 3429.93
26071-300-M6-053-00012 0.05554269626736641 1826.73 4986.31 1859.62 4986.04 1859.73 4999.01 1826.84 4999.28
26071-450-M6-082-00221 0.06971082836389542 4043.42 4280.45 4086.18 4264.80 4100.58 4304.13 4057.81 4319.78
26071-675-M6-068-00034 0.9726414084434509 3538.22 6392.57 3563.29 6392.47 3563.48 6440.19 3538.40 6440.29
26071-675-M6-068-00034 0.9723256230354309 2623.64 2222.02 2648.50 2222.21 2648.13 2270.43 2623.27 2270.24
26071-675-M6-068-00034 0.08228097856044769 2586.51 6180.11 2630.23 6179.33 2630.69 6204.94 2586.96 6205.71
26071-675-M6-068-00034 0.07399699091911316 6815.63 3156.00 6862.20 3155.60 6862.34 3172.63 6815.78 3173.03
26071-675-M6-068-00034 0.06346994638442993 6817.69 3305.93 6862.09 3306.10 6862.03 3321.74 6817.63 3321.56
26071-675-M6-068-00034 0.06161376088857651 3612.37 1229.46 3634.69 1229.82 3633.92 1277.73 3611.60 1277.37
26071-675-M6-068-00034 0.059689562767744064 3478.18 1238.44 3503.69 1236.05 3506.83 1269.60 3481.33 1271.99
26071-675-M6-068-00034 0.05940324068069458 4152.16 928.80 4174.24 929.34 4173.07 977.19 4150.99 976.65
26071-675-M6-068-00034 0.0514075942337513 3155.85 3257.04 3201.50 3255.66 3201.99 3271.91 3156.34 3273.28
26071-450-M6-082-00031 0.11881926655769348 5413.59 2103.97 5447.36 2102.16 5449.75 2146.86 5415.98 2148.67
26071-450-M6-082-00031 0.09986540675163269 5054.95 6068.57 5126.80 6106.60 5084.82 6185.94 5012.96 6147.91
26071-450-M6-082-00031 0.07810623198747635 5482.51 4278.59 5526.27 4286.73 5520.37 4318.50 5476.61 4310.37
26071-500-M6-059-00011 0.9736667275428772 7556.02 3720.27 7581.33 3720.16 7581.55 3768.27 7556.23 3768.39
26071-500-M6-059-00011 0.10024837404489517 3846.61 5397.12 3942.93 5395.33 3943.80 5441.90 3847.47 5443.69
26071-600-M6-065-00021 0.08145160973072052 4239.82 2915.04 4332.21 2915.42 4332.02 2962.71 4239.62 2962.33
26071-600-M6-065-00021 0.052848927676677704 4041.19 6034.05 4089.58 6032.32 4095.38 6194.62 4046.99 6196.35
26071-500-M6-059-00013 0.09549970179796219 6891.18 2265.85 6907.26 2266.77 6904.53 2314.62 6888.45 2313.70
26071-500-M6-059-00044 0.1310175061225891 4335.99 4907.31 4352.60 4899.54 4360.13 4915.64 4343.52 4923.41
26071-500-M6-059-00044 0.08882949501276016 2835.32 1985.29 2889.24 1989.73 2882.71 2068.97 2828.79 2064.53
26071-500-M6-059-00044 0.07449082285165787 1044.41 6354.58 1062.99 6353.59 1065.02 6391.92 1046.45 6392.91
26071-500-M6-059-00044 0.07197308540344238 2777.76 4908.45 2792.87 4899.15 2801.87 4913.77 2786.76 4923.07
26071-500-M6-059-00044 0.0668940395116806 7088.04 5578.49 7106.12 5573.40 7112.27 5595.27 7094.20 5600.36
26071-500-M6-059-00044 0.06592340022325516 1057.80 6405.57 1080.10 6405.67 1079.91 6446.47 1057.62 6446.37
26071-500-M6-059-00044 0.06539295613765717 4679.24 1184.38 4707.11 1192.99 4701.92 1209.78 4674.05 1201.16
26071-200-M6-052-00093 0.0684928148984909 5062.17 1673.65 5101.13 1672.40 5102.05 1701.16 5063.09 1702.41
26071-200-M6-052-00093 0.059507373720407486 6676.74 3593.87 6725.84 3590.83 6726.97 3609.16 6677.88 3612.20
26071-200-M6-052-00002 0.11310135573148727 3165.08 3346.17 3211.25 3344.64 3211.82 3362.01 3165.66 3363.54
26071-200-M6-052-00002 0.09234092384576797 3165.23 3057.59 3211.17 3057.02 3211.37 3073.59 3165.44 3074.16
26071-200-M6-052-00002 0.06654339283704758 7339.51 6043.48 7370.54 6040.42 7376.16 6097.51 7345.13 6100.57
26071-675-M6-068-10002 0.3716471195220947 1783.41 1443.81 1811.17 1443.17 1812.27 1491.13 1784.52 1491.77
26071-675-M6-068-10002 0.052537791430950165 6710.67 2014.21 6798.54 2012.08 6801.56 2136.35 6713.69 2138.48
26071-675-M6-068-10002 0.051303356885910034 3176.83 1442.58 3200.06 1444.31 3196.56 1491.12 3173.34 1489.39
26071-750-M6-085-00012 0.17548173666000366 2533.95 4529.87 2575.47 4508.01 2590.58 4536.72 2549.06 4558.58
26071-750-M6-085-00012 0.15702179074287415 5232.55 4125.97 5279.36 4129.10 5277.23 4160.98 5230.42 4157.86
26071-750-M6-085-00012 0.14364449679851532 2546.77 4118.71 2590.74 4138.23 2577.15 4168.84 2533.18 4149.32
26071-750-M6-085-00012 0.14150124788284302 3344.10 4550.24 3390.54 4555.27 3387.08 4587.28 3340.64 4582.25
26071-750-M6-085-00012 0.1346239447593689 3343.45 4125.66 3390.46 4130.01 3387.50 4161.96 3340.49 4157.60
26071-750-M6-085-00012 0.13133199512958527 5233.06 4551.33 5279.70 4555.53 5276.90 4586.77 5230.25 4582.58
26071-750-M6-085-00012 0.12569022178649902 7417.92 4126.04 7464.66 4129.82 7462.07 4161.84 7415.33 4158.07
26071-750-M6-085-00012 0.11785827577114105 7417.75 4551.30 7464.41 4555.42 7461.63 4586.87 7414.97 4582.74
26071-750-M6-085-00012 0.09981732070446014 1223.23 3336.08 1255.30 3336.95 1253.89 3388.72 1221.82 3387.84
26071-750-M6-085-00012 0.09305251389741898 2602.52 3678.96 2632.63 3689.36 2617.24 3733.91 2587.14 3723.51
26071-750-M6-085-00012 0.07824236899614334 6177.07 6582.01 6195.39 6576.83 6207.61 6620.03 6189.29 6625.21
26071-750-M6-085-00012 0.071748286485672 3462.20 5154.60 3493.82 5151.29 3499.46 5205.21 3467.84 5208.52
26071-600-M6-065-00259 0.9646527767181396 590.46 3212.33 615.29 3212.99 614.04 3260.31 589.21 3259.65
26071-600-M6-065-00259 0.9646188616752625 8123.14 4155.97 8148.46 4155.65 8149.06 4203.31 8123.74 4203.63
26071-600-M6-065-00259 0.16688206791877747 1045.10 2030.27 1090.85 2045.32 1080.61 2076.46 1034.86 2061.41
26071-600-M6-065-00259 0.08413872867822647 7654.20 5346.48 7701.31 5346.55 7701.26 5377.38 7654.15 5377.30
26071-600-M6-065-00259 0.06706307083368301 694.41 2029.37 738.40 2049.39 724.23 2080.52 680.24 2060.50
26071-600-M6-065-00259 0.06160269305109978 8008.15 5347.90 8056.80 5346.02 8058.21 5382.32 8009.55 5384.20
26071-600-M6-065-00259 0.05839007720351219 2221.67 4076.18 2264.34 4075.27 2265.08 4109.72 2222.41 4110.64
26071-200-M6-052-00544 0.07063666731119156 7770.92 4055.06 7816.94 4055.49 7816.79 4071.23 7770.77 4070.80
26071-750-M6-085-00309 0.09067218750715256 5295.26 4034.79 5343.48 4043.15 5334.98 4092.23 5286.75 4083.88
