26071-200-M6-052-00001 0.1332651674747467 5656.30 1618.19 5738.52 1615.37 5741.35 1698.20 5659.14 1701.01
26071-200-M6-052-00001 0.08676628768444061 3090.69 3328.42 3267.82 3346.42 3245.68 3564.38 3068.55 3546.38
26071-200-M6-052-00001 0.08124957233667374 4574.50 4637.88 4723.29 4647.66 4713.74 4792.92 4564.95 4783.13
26071-500-M6-059-00017 0.11111780256032944 682.08 3042.12 833.78 3060.80 815.02 3213.12 663.33 3194.44
26071-500-M6-059-00017 0.07528574019670486 3368.30 1966.20 3519.77 1959.92 3525.87 2106.84 3374.39 2113.12
26071-500-M6-059-00017 0.06977624446153641 3077.27 3220.88 3226.53 3234.29 3213.30 3381.55 3064.04 3368.14
26071-600-M6-066-00012 0.05505383759737015 5842.63 4252.42 5964.31 4250.30 5967.22 4417.49 5845.54 4419.61
26071-200-M6-052-00539 0.0680268257856369 3911.11 5379.04 4098.83 5362.05 4119.10 5586.00 3931.38 5602.99
26071-200-M6-052-00539 0.05869866907596588 2770.72 4279.34 2917.88 4299.85 2897.59 4445.47 2750.43 4424.96
26071-200-M6-052-00539 0.052572812885046005 6879.39 5482.34 7047.69 5464.94 7065.57 5637.91 6897.27 5655.31
26071-200-M6-052-00539 0.05039392039179802 2374.88 1292.64 2512.98 1250.55 2564.70 1420.22 2426.60 1462.32
26071-500-M6-059-00248 0.098888099193573 6067.85 4166.92 6218.19 4168.84 6215.99 4340.27 6065.66 4338.34
26071-500-M6-059-00248 0.07812482118606567 4491.18 4667.39 4537.69 4668.22 4535.56 4787.84 4489.05 4787.01
26071-500-M6-059-00248 0.07782233506441116 4491.48 4282.26 4539.22 4283.96 4534.98 4403.29 4487.24 4401.59
26071-500-M6-059-00248 0.07298830151557922 4597.93 4411.70 5173.10 4431.02 5165.74 4649.98 4590.58 4630.67
26071-500-M6-059-00248 0.07242101430892944 2174.50 2200.84 2326.80 2215.38 2312.02 2370.10 2159.73 2355.56
26071-500-M6-059-00248 0.06659984588623047 2174.70 751.76 2328.13 758.24 2321.62 912.19 2168.20 905.71
26071-203-M6-325-00012 0.07256951928138733 1619.66 1817.71 1749.10 1824.85 1741.15 1968.87 1611.71 1961.73
26071-203-M6-325-00012 0.07174386084079742 1619.61 2718.65 1749.31 2726.81 1740.38 2868.86 1610.68 2860.71
26071-203-M6-325-00012 0.05675986036658287 2184.63 3545.62 2532.54 3585.45 2510.99 3773.75 2163.07 3733.92
26071-203-M6-325-00012 0.055886898189783096 3300.12 663.00 3434.90 689.18 3404.39 846.24 3269.61 820.06
26071-203-M6-325-00012 0.055382151156663895 3030.11 5160.32 3179.86 5189.60 3149.23 5346.29 2999.48 5317.02
26071-500-M6-059-00040 0.10427522659301758 4189.18 5692.54 4295.30 5689.55 4297.69 5774.41 4191.57 5777.40
26071-500-M6-059-00040 0.07771572470664978 3019.02 2940.60 3123.66 2938.22 3125.46 3017.47 3020.82 3019.85
26071-203-M6-333-00010 0.07017093151807785 6650.61 293.18 6713.93 291.64 6726.71 818.17 6663.40 819.71
26071-203-M6-333-00010 0.05913527309894562 2367.87 2689.64 2491.97 2694.52 2489.88 2747.57 2365.78 2742.69
26071-750-M6-085-00286 0.06326153874397278 4294.75 2796.71 4452.25 2807.08 4442.22 2959.44 4284.72 2949.07
26071-550-M6-084-00248 0.14094606041908264 2774.92 4250.09 2925.80 4288.13 2889.42 4432.43 2738.54 4394.39
26071-550-M6-084-00248 0.06933410465717316 2172.96 1727.33 2329.51 1743.63 2312.98 1902.40 2156.43 1886.11
26071-550-M6-084-00248 0.06358208507299423 4490.80 4196.08 4537.43 4197.15 4534.74 4314.79 4488.12 4313.73
26071-550-M6-084-00248 0.0631595253944397 4608.24 3966.70 5172.50 3952.82 5177.64 4161.76 4613.38 4175.64
26071-550-M6-084-00248 0.06106484681367874 4490.63 3813.70 4535.70 3812.96 4537.65 3931.97 4492.58 3932.71
26071-550-M6-084-00248 0.05997578054666519 4427.56 4023.28 4552.87 3951.12 4634.88 4093.52 4509.57 4165.69
26071-550-M6-084-00248 0.05674167349934578 5156.73 3951.76 5314.22 3953.26 5312.22 4163.64 5154.72 4162.14
26071-550-M6-084-00248 0.05671332776546478 2162.74 5355.76 2320.61 5348.56 2329.06 5533.80 2171.18 5541.00
26071-550-M6-084-00248 0.05057182163000107 5493.53 3150.20 5639.29 3176.13 5612.56 3326.41 5466.80 3300.48
26071-203-M6-332-00008 0.10345383733510971 1884.00 4925.45 2034.75 4963.21 1995.61 5119.46 1844.86 5081.70
26071-203-M6-332-00008 0.05125051364302635 4605.53 6222.77 4761.92 6236.86 4747.76 6394.10 4591.36 6380.01
26071-200-M6-052-00080 0.07469460368156433 1864.66 6195.99 2019.87 6181.06 2037.04 6359.54 1881.83 6374.47
26071-200-M6-052-00080 0.06896952539682388 7178.06 4104.42 7224.15 4100.98 7233.42 4225.20 7187.33 4228.64
26071-200-M6-052-00080 0.06815344095230103 7621.62 4856.20 7736.98 4860.11 7731.78 5013.48 7616.42 5009.57
26071-200-M6-052-00080 0.06334181129932404 7176.03 3711.44 7222.93 3706.69 7235.67 3832.50 7188.76 3837.25
26071-200-M6-052-00080 0.060435701161623 4183.27 4840.23 4291.10 4827.64 4311.75 5004.42 4203.92 5017.01
26071-200-M6-052-00080 0.055497270077466965 1885.47 5919.41 2035.31 5934.38 2020.13 6086.31 1870.29 6071.34
26071-200-M6-052-00080 0.052616968750953674 3149.47 3898.92 3688.79 3892.96 3690.29 4029.26 3150.98 4035.22
26071-200-M6-052-00080 0.05206816643476486 6517.66 3871.73 7086.34 3866.52 7087.99 4046.92 6519.31 4052.13
26071-200-M6-052-00080 0.05165842920541763 5415.76 4251.27 5563.33 4230.75 5586.65 4398.49 5439.08 4419.00
26071-200-M6-052-00080 0.0513724684715271 3755.70 3719.06 3803.27 3718.29 3805.28 3842.72 3757.70 3843.49
26071-200-M6-052-00080 0.05070195719599724 6872.09 4873.94 7035.22 4860.84 7048.58 5027.20 6885.45 5040.30
26071-200-M6-052-00080 0.05040489137172699 3757.21 4100.22 3804.12 4100.02 3804.64 4223.97 3757.73 4224.16
26071-300-M6-053-00309 0.9900304079055786 5452.36 6139.00 5646.73 6140.88 5644.79 6341.58 5450.42 6339.70
26071-300-M6-053-00309 0.9874647855758667 5152.66 6147.58 5351.55 6140.59 5358.49 6337.87 5159.60 6344.86
26071-300-M6-053-00309 0.9798548817634583 4858.07 6156.90 5058.58 6150.77 5064.39 6340.77 4863.88 6346.90
26071-300-M6-053-00309 0.14161249995231628 6013.50 5087.49 6164.31 5100.08 6151.64 5251.92 6000.82 5239.33
26071-300-M6-053-00309 0.13699065148830414 6012.31 5277.07 6161.74 5286.51 6152.22 5437.26 6002.79 5427.83
26071-300-M6-053-00309 0.1073458343744278 6022.80 5460.18 6166.58 5489.24 6137.66 5632.34 5993.88 5603.28
26071-300-M6-053-00309 0.089610256254673 7471.22 5984.88 7635.98 5991.80 7628.96 6158.85 7464.20 6151.93
26071-300-M6-053-00309 0.07779385894536972 5447.52 5783.16 5591.32 5728.17 5648.43 5877.54 5504.63 5932.52
26071-300-M6-053-00309 0.06609255820512772 7485.39 5751.39 7635.08 5759.51 7626.48 5918.14 7476.79 5910.02
26071-300-M6-053-00309 0.06089915335178375 6141.61 4746.87 6255.01 4752.31 6251.23 4831.05 6137.83 4825.61
26071-300-M6-053-00309 0.05194273591041565 5744.42 1481.34 5896.46 1464.07 5915.61 1632.71 5763.57 1649.98
26071-300-M6-053-00309 0.050630081444978714 5295.55 6182.56 5458.00 6139.86 5524.93 6394.51 5362.47 6437.21
26071-450-M6-082-00009 0.2864042818546295 1647.95 2700.70 1805.45 2727.41 1778.42 2886.83 1620.92 2860.12
26071-450-M6-082-00009 0.07969179004430771 4895.64 5893.71 5050.93 5908.90 5035.56 6065.97 4880.27 6050.78
26071-450-M6-082-00009 0.0619543120265007 1645.47 2562.95 1797.01 2577.71 1782.25 2729.36 1630.70 2714.60
26071-450-M6-082-00009 0.061425499618053436 4890.40 5750.51 5037.12 5759.00 5028.31 5911.22 4881.60 5902.73
26071-450-M6-082-00009 0.060970157384872437 6079.70 5738.55 6198.67 5733.43 6205.98 5903.32 6087.01 5908.44
26071-450-M6-082-00009 0.05986325442790985 2045.59 3673.10 2192.80 3692.51 2172.82 3844.00 2025.61 3824.59
26071-450-M6-082-00009 0.05642317607998848 6333.31 4283.57 6462.01 4324.50 6417.81 4463.50 6289.11 4422.58
26071-200-M6-052-00552 0.05825178325176239 4893.39 3172.67 5021.22 3163.23 5033.66 3331.66 4905.83 3341.11
26071-200-M6-052-00552 0.05731334537267685 4202.75 4262.73 4337.03 4305.10 4290.35 4453.03 4156.07 4410.65
26071-750-M6-085-00007 0.10762880742549896 6662.56 5751.61 6816.27 5770.49 6797.48 5923.46 6643.77 5904.58
26071-750-M6-085-00007 0.07663358002901077 6352.18 3880.92 6508.76 3871.10 6519.77 4046.75 6363.19 4056.56
26071-750-M6-085-00007 0.06819560378789902 2779.64 1022.61 2927.54 1054.86 2894.55 1206.14 2746.65 1173.89
26071-750-M6-085-00007 0.06272447109222412 2612.86 1804.35 2953.42 1792.24 2959.33 1958.50 2618.78 1970.61
26071-203-M6-337-00031 0.13668519258499146 5363.69 676.26 5634.35 700.93 5623.37 821.47 5352.70 796.80
26071-203-M6-332-00001 0.10604837536811829 7292.46 4231.71 7414.43 4232.79 7412.86 4409.32 7290.89 4408.23
26071-203-M6-332-00001 0.08776827901601791 4860.87 2092.21 5008.50 2067.90 5036.33 2236.91 4888.69 2261.22
26071-203-M6-332-00001 0.0715312734246254 2700.42 2150.02 2824.08 2151.74 2821.75 2319.73 2698.09 2318.01
26071-203-M6-332-00001 0.056436482816934586 2452.06 261.46 2606.48 270.82 2597.30 422.36 2442.88 413.00
26071-203-M6-332-00001 0.05458752438426018 3376.06 3003.42 3499.64 2998.80 3508.91 3246.85 3385.33 3251.47
26071-203-M6-332-00001 0.054509345442056656 5475.29 3002.97 5598.71 2997.95 5608.70 3243.74 5485.29 3248.76
26071-203-M6-332-00001 0.05306710675358772 1466.36 3863.10 1629.83 3864.52 1628.36 4033.54 1464.89 4032.12
26071-203-M6-332-00001 0.0504671148955822 5971.15 1717.17 6086.58 1722.31 6085.15 1754.51 5969.71 1749.37
26071-203-M6-079-00001 0.09320032596588135 4884.67 4165.89 5029.51 4164.24 5031.32 4323.28 4886.49 4324.93
26071-203-M6-079-00001 0.08977452665567398 4883.46 268.16 5027.79 264.98 5031.31 424.33 4886.97 427.51
26071-203-M6-079-00001 0.0799579918384552 4900.17 5095.00 5050.21 5118.04 5026.49 5272.45 4876.45 5249.40
26071-203-M6-079-00001 0.060206089168787 4526.59 4170.23 4678.50 4164.89 4683.87 4317.50 4531.96 4322.85
26071-203-M6-079-00001 0.05411083623766899 4529.05 269.81 4679.21 269.58 4679.44 419.69 4529.28 419.92
26071-200-M6-052-00150 0.07172485440969467 5463.56 3971.79 5613.52 3996.76 5588.64 4146.16 5438.68 4121.19
26071-200-M6-052-00150 0.06893599033355713 2185.11 508.89 2331.00 530.24 2308.62 683.15 2162.73 661.79
26071-200-M6-052-00150 0.06832009553909302 5502.46 5834.24 5559.99 5815.11 5592.78 5913.70 5535.25 5932.83
26071-200-M6-052-00150 0.06387843936681747 3519.00 2965.24 3722.59 2909.83 3791.81 3164.20 3588.22 3219.61
26071-200-M6-052-00150 0.060391951352357864 5752.86 5871.77 5923.69 5862.72 5934.60 6068.70 5763.77 6077.75
26071-200-M6-052-00150 0.0508229061961174 4204.00 5826.68 4263.05 5819.66 4275.14 5921.39 4216.08 5928.41
26071-200-M6-052-00003 0.0581190250813961 4164.22 4751.42 4360.21 4704.06 4439.82 5033.49 4243.83 5080.85
26071-700-M6-054-00013 0.062494710087776184 3568.90 2671.06 3733.38 2671.52 3732.90 2841.40 3568.41 2840.93
26071-700-M6-054-00013 0.05510053038597107 3586.76 4567.89 3723.31 4572.78 3717.48 4735.31 3580.94 4730.42
26071-700-M6-054-00036 0.07199696451425552 4620.21 4717.60 4756.38 4751.53 4709.14 4941.09 4572.97 4907.16
26071-700-M6-054-00036 0.06955178827047348 6074.42 4995.44 6228.19 5009.64 6213.96 5163.65 6060.20 5149.44
26071-700-M6-054-00036 0.06271900981664658 4458.69 1552.70 4622.15 1534.62 4639.39 1690.47 4475.93 1708.55
26071-700-M6-054-00036 0.05533630773425102 5469.31 2064.43 5628.90 2062.39 5631.19 2241.98 5471.60 2244.02
26071-700-M6-054-00036 0.0543522909283638 6079.63 3441.49 6225.62 3461.26 6203.81 3622.35 6057.82 3602.58
26071-500-M6-059-00071 0.09016299247741699 7256.69 3053.33 7411.01 3068.73 7395.85 3220.74 7241.53 3205.34
26071-500-M6-059-00071 0.08553320169448853 891.73 5167.00 1035.94 5196.15 1005.54 5346.56 861.32 5317.41
26071-500-M6-059-00071 0.07275000959634781 879.80 4510.38 1030.92 4526.45 1014.08 4684.81 862.96 4668.74
26071-500-M6-059-00071 0.07150240987539291 1987.19 3803.71 2111.15 3805.33 2110.52 3853.51 1986.57 3851.90
26071-500-M6-059-00071 0.06907244771718979 1579.34 5426.18 1648.50 5381.40 1727.18 5502.91 1658.01 5547.69
26071-500-M6-059-00116 0.15186166763305664 3579.49 2404.79 3751.00 2412.31 3742.06 2616.18 3570.55 2608.66
26071-500-M6-059-00116 0.0633612647652626 5095.95 1338.49 5173.00 1336.58 5174.96 1415.72 5097.91 1417.63
26071-500-M6-059-00116 0.06311586499214172 6634.70 2305.83 6822.86 2347.13 6789.37 2499.72 6601.21 2458.42
26071-550-M6-084-00026 0.14374734461307526 4191.75 3394.41 4295.91 3421.90 4274.21 3504.17 4170.04 3476.68
26071-550-M6-084-00026 0.1409241110086441 1822.91 3404.94 1925.26 3411.13 1920.14 3495.82 1817.79 3489.63
26071-203-M6-337-00007 0.06440391391515732 5690.06 5173.18 5851.61 5166.82 5858.46 5340.95 5696.91 5347.30
26071-200-M6-052-00090 0.10418368875980377 4575.95 3812.19 4726.49 3827.15 4709.84 3994.67 4559.30 3979.71
26071-200-M6-052-00090 0.09754803031682968 5483.22 1544.83 5631.88 1568.48 5607.81 1719.74 5459.15 1696.09
26071-200-M6-052-00090 0.08171364665031433 6163.29 4001.59 6220.69 4018.47 6187.77 4130.37 6130.38 4113.49
26071-200-M6-052-00090 0.08026286959648132 1568.72 3811.89 1721.97 3833.31 1699.36 3995.03 1546.11 3973.61
26071-200-M6-052-00090 0.07464269548654556 4579.63 4404.67 4735.92 4429.43 4710.27 4591.31 4553.99 4566.56
26071-200-M6-052-00090 0.07159579545259476 4582.57 3414.04 4727.38 3434.87 4705.56 3586.53 4560.75 3565.70
26071-200-M6-052-00090 0.05841147154569626 3126.00 4010.56 3216.29 4010.37 3216.54 4126.79 3126.25 4126.99
26071-200-M6-052-00090 0.056531473994255066 6385.11 3698.74 6467.11 3678.23 6500.80 3812.93 6418.80 3833.44
26071-200-M6-052-00090 0.05388343706727028 3875.21 2001.95 4027.08 2007.51 4021.47 2161.01 3869.60 2155.46
26071-203-M6-320-00061 0.0856090784072876 959.15 3630.19 1151.37 3707.87 1094.09 3849.61 901.88 3771.93
26071-203-M6-320-00061 0.05104922875761986 959.51 3961.58 1149.71 4021.65 1107.06 4156.73 916.86 4096.66
26071-600-M6-065-00037 0.10549855977296829 6372.70 2747.56 6523.31 2776.91 6494.73 2923.57 6344.12 2894.22
26071-600-M6-065-00037 0.05745434761047363 6095.52 2661.43 6239.43 2676.58 6223.10 2831.65 6079.19 2816.49
26071-600-M6-065-00037 0.05704384669661522 1426.68 6235.11 1734.46 6226.43 1738.08 6354.46 1430.30 6363.15
26071-300-M6-053-00010 0.10416807979345322 1910.53 4311.63 2052.20 4336.29 2018.46 4530.11 1876.79 4505.46
26071-300-M6-053-00010 0.08263655751943588 2083.01 4304.74 2627.87 4308.67 2626.33 4521.80 2081.48 4517.88
26071-300-M6-053-00010 0.08121711760759354 2619.33 4380.68 2781.54 4322.42 2839.73 4484.46 2677.52 4542.71
26071-300-M6-053-00010 0.06270039826631546 2686.09 4176.03 2732.35 4170.86 2745.58 4289.14 2699.33 4294.32
26071-300-M6-053-00010 0.06033215671777725 7062.50 3127.92 7123.61 3141.70 7103.50 3230.84 7042.39 3217.06
26071-300-M6-053-00010 0.055592577904462814 4731.23 6358.36 5064.46 6397.81 5046.66 6548.16 4713.43 6508.71
26071-300-M6-053-00010 0.0554022379219532 2007.87 5135.90 2124.09 5133.52 2127.58 5304.26 2011.36 5306.64
26071-200-M6-052-00540 0.058241624385118484 2725.54 5284.35 2791.73 5288.77 2763.10 5717.45 2696.91 5713.03
26071-200-M6-052-00540 0.053375400602817535 4831.07 5281.81 4896.02 5286.28 4866.70 5712.21 4801.75 5707.74
26071-200-M6-052-00540 0.05328113213181496 1535.98 5283.96 1602.88 5289.31 1568.61 5717.06 1501.72 5711.71
26071-200-M6-052-00540 0.05036383867263794 5410.74 5289.78 5476.32 5295.08 5442.22 5717.31 5376.64 5712.01
26071-203-M6-160-00291 0.10606206953525543 1281.64 639.44 1431.75 654.49 1416.40 807.56 1266.29 792.51
26071-203-M6-160-00291 0.08170439302921295 3034.86 2200.36 3312.54 2226.46 3302.14 2337.13 3024.46 2311.03
26071-203-M6-160-00291 0.07258430123329163 1284.10 884.77 1428.34 887.40 1424.90 1076.20 1280.65 1073.56
26071-203-M6-160-00291 0.06724581122398376 3144.44 3595.53 3757.07 3584.07 3761.58 3825.02 3148.95 3836.48
26071-203-M6-160-00291 0.05090760812163353 5488.28 5550.14 5650.56 5570.78 5633.39 5705.77 5471.11 5685.13
26071-300-M6-053-00008 0.07974898815155029 2061.84 6306.31 2181.26 6298.07 2192.42 6460.00 2073.01 6468.23
26071-300-M6-053-00008 0.05533239617943764 3577.44 3968.37 3720.46 3986.72 3700.64 4141.27 3557.61 4122.92
26071-300-M6-053-00008 0.05507715046405792 4863.16 657.72 5010.66 669.79 4997.91 825.71 4850.41 813.65
26071-300-M6-053-00008 0.05418387055397034 3358.94 4859.52 3501.37 4880.58 3479.67 5027.29 3337.25 5006.23
26071-203-M6-060-00001 0.07328809052705765 2748.34 4786.01 2904.51 4773.16 2918.92 4948.22 2762.75 4961.07
26071-203-M6-060-00001 0.07236770540475845 3879.19 635.38 4027.18 658.88 4002.62 813.53 3854.63 790.03
26071-203-M6-060-00001 0.05426924303174019 3560.92 655.81 3732.22 642.39 3745.72 814.64 3574.42 828.07
26071-200-M6-063-00010 0.0925770029425621 3091.16 3969.83 3283.97 3966.08 3287.82 4163.91 3095.01 4167.66
26071-200-M6-063-00010 0.08722107857465744 2530.41 3961.78 3070.03 3948.68 3074.91 4149.73 2535.29 4162.84
26071-200-M6-063-00010 0.059235744178295135 6796.88 1958.08 7132.05 1960.75 7130.41 2166.89 6795.24 2164.23
26071-203-M6-060-00006 0.07986200600862503 2143.44 4773.47 2306.90 4771.46 2308.95 4937.70 2145.49 4939.71
26071-203-M6-060-00006 0.06292708218097687 1322.81 4493.02 1485.76 4486.55 1492.06 4645.24 1329.12 4651.72
26071-203-M6-060-00006 0.05618614703416824 2659.89 2970.18 2818.06 2963.03 2825.93 3137.22 2667.76 3144.37
26071-203-M6-325-00013 0.2070266753435135 6046.00 2419.52 6249.10 2447.61 6227.26 2605.56 6024.16 2577.48
26071-203-M6-325-00013 0.059471484273672104 6022.87 1859.16 6228.17 1804.31 6264.66 1940.91 6059.36 1995.75
26071-203-M6-325-00013 0.056676749140024185 3391.85 3627.00 3544.41 3650.97 3520.58 3802.62 3368.03 3778.66
26071-203-M6-325-00013 0.05243317782878876 3401.93 3987.07 3533.29 3997.09 3522.85 4133.94 3391.49 4123.92
26071-203-M6-325-00013 0.05140911415219307 1557.98 3981.74 1674.06 3971.13 1689.14 4136.10 1573.05 4146.71
26071-300-M6-053-00012 0.09901347756385803 2773.26 4553.54 2920.92 4593.81 2882.98 4732.92 2735.32 4692.65
26071-300-M6-053-00012 0.084388867020607 6564.28 6461.44 6687.37 6459.88 6689.46 6626.02 6566.37 6627.58
26071-300-M6-053-00012 0.07698763906955719 5492.18 4844.95 5613.43 4842.68 5616.62 5012.56 5495.36 5014.83
26071-300-M6-053-00012 0.06404048949480057 5703.79 2121.45 5774.16 2115.13 5785.13 2237.29 5714.76 2243.61
26071-300-M6-053-00012 0.06001546233892441 4156.90 3498.21 4356.38 3518.13 4311.44 3968.26 4111.96 3948.34
26071-300-M6-053-00012 0.053772345185279846 3898.52 5680.91 4081.56 5644.26 4125.99 5866.08 3942.95 5902.74
26071-300-M6-053-00012 0.053471893072128296 5128.03 2267.81 5674.79 2250.23 5681.51 2459.16 5134.74 2476.74
26071-675-M6-068-00034 0.14495855569839478 6371.87 1817.53 6524.27 1831.11 6510.58 1984.75 6358.18 1971.17
26071-675-M6-068-00034 0.11055164039134979 2551.21 5475.96 2641.42 5477.95 2639.16 5580.84 2548.94 5578.85
26071-675-M6-068-00034 0.057427652180194855 3332.60 5458.05 3415.23 5459.83 3413.16 5555.64 3330.53 5553.86
26071-675-M6-068-00034 0.05204001069068909 2596.76 4860.64 3099.62 4833.52 3110.29 5031.30 2607.43 5058.42
26071-450-M6-082-00031 0.11267666518688202 3070.72 3217.18 3600.45 3220.94 3598.92 3437.72 3069.18 3433.97
26071-450-M6-082-00031 0.06175423413515091 5962.09 5140.73 6082.97 5137.44 6087.40 5300.08 5966.52 5303.37
26071-450-M6-082-00031 0.05698104947805405 4603.96 2640.43 4726.11 2637.87 4729.76 2812.10 4607.61 2814.67
26071-450-M6-082-00031 0.05539422482252121 3671.63 5176.40 3793.22 5173.87 3796.49 5331.33 3674.91 5333.85
26071-200-M6-062-00276 0.08137954771518707 4745.13 3057.97 4911.82 3019.37 4948.10 3176.02 4781.41 3214.63
26071-200-M6-062-00276 0.0727979838848114 4761.25 2750.87 4911.10 2743.10 4919.18 2898.89 4769.33 2906.66
26071-200-M6-062-00276 0.057852622121572495 2405.58 4565.54 2518.11 4617.54 2482.09 4695.48 2369.56 4643.49
26071-600-M6-065-00021 0.10506226122379303 2255.19 1459.08 2559.65 1495.91 2542.56 1637.15 2238.11 1600.32
26071-600-M6-065-00021 0.0709366425871849 7263.28 3368.16 7412.34 3373.94 7406.31 3529.43 7257.25 3523.65
26071-600-M6-065-00021 0.05989557504653931 6581.63 2155.89 6749.34 2161.70 6743.26 2337.26 6575.54 2331.45
26071-600-M6-065-00021 0.059121668338775635 5355.96 3646.58 5501.69 3643.43 5505.07 3799.81 5359.34 3802.96
26071-600-M6-065-00021 0.056294191628694534 7154.17 4840.12 7503.91 4844.36 7501.85 5014.46 7152.11 5010.22
26071-600-M6-065-00021 0.052767179906368256 5671.21 3982.57 5819.58 3952.70 5854.09 4124.15 5705.72 4154.01
26071-600-M6-065-00021 0.05171710625290871 7147.02 5512.61 7500.97 5507.44 7502.17 5589.42 7148.22 5594.59
26071-500-M6-059-00013 0.2786344885826111 3354.29 4259.93 3507.76 4276.65 3490.54 4434.76 3337.06 4418.05
26071-500-M6-059-00013 0.2729789912700653 2684.64 5269.10 2843.42 5300.32 2812.27 5458.79 2653.48 5427.57
26071-500-M6-059-00013 0.17320984601974487 2696.25 4211.43 2836.28 4227.09 2818.46 4386.38 2678.43 4370.71
26071-500-M6-059-00013 0.0801762267947197 2770.17 4457.42 2926.10 4463.54 2919.20 4639.31 2763.26 4633.19
26071-500-M6-059-00044 0.06793933361768723 5449.16 3965.88 5607.26 3948.16 5624.91 4105.58 5466.80 4123.31
26071-500-M6-059-00044 0.06665891408920288 1871.83 3953.51 2026.97 3943.72 2037.11 4104.55 1881.97 4114.34
26071-200-M6-052-00093 0.05762260779738426 5792.13 3879.80 5902.02 3878.67 5903.37 4010.50 5793.48 4011.63
26071-200-M6-052-00093 0.05096486955881119 4678.43 3677.08 4728.08 3678.89 4723.19 3813.42 4673.53 3811.61
26071-200-M6-052-00002 0.1302344650030136 5479.84 4276.04 5636.70 4286.84 5626.03 4441.80 5469.17 4430.99
26071-200-M6-052-00002 0.12658829987049103 6016.54 1019.35 6098.93 1033.47 6085.08 1114.27 6002.69 1100.15
26071-200-M6-052-00002 0.06780312955379486 5205.29 4274.05 5356.44 4295.28 5335.48 4444.46 5184.33 4423.23
26071-200-M6-052-00002 0.053630948066711426 1941.64 5655.44 2088.65 5675.29 2068.01 5828.09 1921.00 5808.24
26071-200-M6-052-00002 0.05031505599617958 2862.08 3077.24 3018.86 3086.59 3007.66 3274.31 2850.88 3264.96
26071-750-M6-085-00012 0.08429422229528427 2724.74 3639.37 3204.36 3696.93 3191.38 3805.13 2711.75 3747.57
26071-750-M6-085-00012 0.07397712767124176 5023.62 5130.26 5509.64 5127.08 5510.42 5246.12 5024.40 5249.30
26071-750-M6-085-00012 0.0689995065331459 4825.36 3582.91 4969.26 3541.79 5015.63 3704.05 4871.73 3745.17
26071-750-M6-085-00012 0.054356835782527924 7511.23 5115.01 7630.71 5066.41 7739.57 5334.09 7620.10 5382.68
26071-750-M6-085-00012 0.05421173572540283 3017.55 5125.03 3134.23 5070.51 3253.87 5326.53 3137.19 5381.06
26071-750-M6-085-00012 0.05162445083260536 2838.27 4174.44 2987.34 4192.44 2968.32 4349.92 2819.25 4331.91
26071-750-M6-085-00012 0.05070091411471367 6876.37 3073.31 7032.09 3051.34 7056.54 3224.67 6900.82 3246.63
26071-200-M6-062-00277 0.056962646543979645 5617.38 1621.80 5969.78 1599.43 5975.60 1690.98 5623.20 1713.35
26071-200-M6-062-00277 0.05188537389039993 4123.70 1616.98 4424.49 1598.22 4430.54 1695.15 4129.75 1713.91
26071-200-M6-052-00544 0.09100272506475449 4230.48 3281.47 4397.31 3274.68 4403.71 3431.76 4236.88 3438.55
26071-200-M6-052-00544 0.055391620844602585 2774.34 1687.04 2921.74 1704.49 2904.19 1852.68 2756.80 1835.23
26071-200-M6-052-00544 0.05423836410045624 3560.86 3599.28 3724.34 3581.97 3742.76 3755.91 3579.28 3773.22
26071-600-M6-066-00003 0.10002811998128891 1878.04 3860.07 2033.98 3875.61 2018.35 4032.36 1862.41 4016.82
26071-600-M6-066-00003 0.07310039550065994 4846.90 2152.92 4983.15 2150.31 4984.06 2197.88 4847.81 2200.48
26071-600-M6-066-00003 0.06879200786352158 3759.53 2154.33 3884.84 2151.27 3885.96 2196.81 3760.65 2199.87
26071-600-M6-066-00003 0.0633256584405899 5775.46 4174.56 5929.34 4165.36 5939.81 4340.51 5785.93 4349.71
