26071-200-M6-052-00001 0.11609851568937302 2392.24 3357.69 2557.28 3365.65 2548.58 3546.31 2383.54 3538.36
26071-200-M6-052-00001 0.0851372480392456 2922.43 2686.49 3082.18 2707.28 3063.85 2848.06 2904.10 2827.27
26071-200-M6-052-00001 0.06733795255422592 5879.95 2398.04 5928.92 2398.76 5928.67 2415.38 5879.71 2414.65
26071-200-M6-052-00001 0.06446096301078796 7647.70 1870.15 7765.05 1885.30 7749.40 2006.51 7632.06 1991.36
26071-200-M6-052-00001 0.06113670766353607 4405.15 2723.91 4555.04 2732.36 4546.19 2889.31 4396.29 2880.86
26071-200-M6-052-00001 0.06050843000411987 2262.49 5787.05 2378.71 5785.66 2380.74 5954.60 2264.51 5956.00
26071-200-M6-052-00001 0.05115184560418129 5851.27 5773.36 5969.81 5785.12 5957.99 5904.28 5839.45 5892.52
26071-600-M6-066-00012 0.11915341019630432 7395.80 1769.10 7497.54 1774.41 7488.06 1956.27 7386.32 1950.97
26071-600-M6-066-00012 0.062466394156217575 5613.46 2116.89 5732.41 2119.76 5728.06 2300.01 5609.11 2297.14
26071-600-M6-066-00012 0.05667592212557793 3657.92 2121.68 3809.38 2159.83 3771.70 2309.44 3620.23 2271.28
26071-200-M6-052-00539 0.1180390939116478 5177.60 6037.80 5331.30 6046.97 5322.21 6199.32 5168.51 6190.14
26071-200-M6-052-00539 0.09729507565498352 3210.99 5378.87 3406.27 5388.46 3396.38 5589.91 3201.10 5580.32
26071-200-M6-052-00539 0.0944761112332344 2778.69 4839.37 2929.41 4873.66 2895.44 5023.00 2744.72 4988.72
26071-200-M6-052-00539 0.07074906677007675 2219.34 3178.93 2264.47 3178.98 2264.44 3205.69 2219.31 3205.64
26071-200-M6-052-00539 0.06975474208593369 2769.28 4557.18 2915.39 4579.29 2891.69 4735.86 2745.59 4713.75
26071-200-M6-052-00539 0.05681139603257179 5914.40 5767.38 6032.42 5788.16 6011.34 5907.92 5893.32 5887.15
26071-200-M6-052-00539 0.05624597147107124 3011.58 4849.66 3160.36 4869.93 3139.65 5021.94 2990.87 5001.66
26071-200-M6-052-00539 0.05338989198207855 3925.08 5389.14 4104.55 5391.51 4101.78 5601.52 3922.31 5599.15
26071-500-M6-059-00248 0.055730655789375305 3991.18 5094.78 4038.03 5095.53 4037.75 5113.41 3990.90 5112.66
26071-500-M6-059-00248 0.05380352959036827 6065.92 4457.22 6221.59 4461.18 6217.69 4614.48 6062.02 4610.53
26071-203-M6-325-00012 0.1730494648218155 1618.15 1807.29 1744.81 1809.76 1741.39 1985.48 1614.73 1983.02
26071-203-M6-325-00012 0.12237702310085297 1617.54 2711.64 1743.41 2711.92 1743.02 2887.59 1617.16 2887.32
26071-203-M6-325-00012 0.0841427594423294 3090.26 5438.16 3241.30 5454.71 3224.39 5609.06 3073.35 5592.52
26071-203-M6-325-00012 0.0767894759774208 3091.18 1223.88 3245.10 1244.25 3225.50 1392.34 3071.59 1371.97
26071-203-M6-325-00012 0.06819792836904526 3091.84 2106.04 3241.96 2122.83 3225.13 2273.21 3075.01 2256.41
26071-203-M6-325-00012 0.06135249510407448 2540.31 1161.04 2691.75 1169.23 2683.69 1318.31 2532.25 1310.12
26071-700-M6-054-00246 0.10874556005001068 4131.08 5466.07 4249.13 5466.99 4247.79 5638.49 4129.75 5637.57
26071-500-M6-059-00040 0.9949511289596558 6793.81 6393.52 6915.98 6398.65 6907.29 6605.58 6785.12 6600.45
26071-500-M6-059-00040 0.12904630601406097 3678.71 2331.37 3826.66 2328.56 3829.51 2479.10 3681.57 2481.91
26071-500-M6-059-00040 0.059878766536712646 3780.63 4452.80 3932.53 4459.85 3925.24 4617.01 3773.33 4609.97
26071-500-M6-059-00040 0.058614809066057205 2482.44 4452.88 2634.38 4461.47 2625.65 4615.83 2473.71 4607.23
26071-203-M6-333-00010 0.10271736979484558 4565.30 286.24 4627.76 287.93 4613.19 829.05 4550.73 827.37
26071-203-M6-333-00010 0.09472917020320892 356.59 5605.40 882.71 5596.35 883.84 5661.88 357.72 5670.94
26071-203-M6-333-00010 0.06474283337593079 2345.51 331.19 2407.10 332.47 2396.15 856.37 2334.56 855.09
26071-203-M6-333-00010 0.05730612948536873 296.66 4237.90 830.65 4212.85 833.60 4275.61 299.60 4300.66
26071-750-M6-085-00286 0.06439795345067978 4776.20 3229.44 4925.52 3241.97 4912.64 3395.46 4763.32 3382.93
26071-750-M6-085-00286 0.05593232810497284 5106.62 2966.15 5261.52 2975.23 5252.70 3125.63 5097.80 3116.54
26071-550-M6-084-00248 0.09354770183563232 5476.43 3440.79 5631.61 3447.55 5625.20 3594.65 5470.02 3587.89
26071-203-M6-332-00008 0.3460014760494232 3176.98 5068.83 3300.36 5066.10 3304.43 5250.79 3181.05 5253.52
26071-203-M6-332-00008 0.22935229539871216 8008.33 5065.24 8132.44 5065.88 8131.52 5244.61 8007.41 5243.97
26071-203-M6-332-00008 0.18867042660713196 5578.21 5066.33 5701.48 5064.91 5703.54 5242.99 5580.27 5244.42
26071-203-M6-332-00008 0.14805416762828827 1876.35 4553.13 2023.13 4553.58 2022.68 4702.28 1875.90 4701.83
26071-203-M6-332-00008 0.09668804705142975 2747.98 3281.36 2890.91 3300.72 2869.59 3458.20 2726.66 3438.84
26071-203-M6-332-00008 0.09060464799404144 1576.74 4544.91 1729.25 4567.16 1707.35 4717.29 1554.84 4695.04
26071-203-M6-332-00008 0.08891600370407104 4314.61 4544.40 4466.00 4564.23 4446.21 4715.27 4294.82 4695.45
26071-203-M6-332-00008 0.08681114763021469 6747.10 4538.54 6902.38 4568.36 6873.55 4718.47 6718.28 4688.65
26071-203-M6-332-00008 0.07834668457508087 7564.00 3287.99 7713.61 3298.77 7702.48 3453.18 7552.88 3442.40
26071-200-M6-052-00080 0.08745208382606506 6972.46 1578.54 7092.92 1586.07 7085.32 1707.68 6964.86 1700.15
26071-200-M6-052-00080 0.08046162128448486 5500.83 2519.53 5618.20 2535.87 5601.55 2655.44 5484.18 2639.10
26071-200-M6-052-00080 0.0671083852648735 3548.25 1578.33 3667.57 1589.80 3655.95 1710.71 3536.63 1699.24
26071-200-M6-052-00080 0.06507330387830734 4192.36 4835.37 4310.61 4838.10 4306.57 5013.14 4188.32 5010.41
26071-200-M6-052-00080 0.06207389011979103 7327.32 3364.04 7478.77 3374.63 7468.42 3522.75 7316.97 3512.16
26071-200-M6-052-00080 0.059463027864694595 3085.03 1757.64 3241.62 1770.71 3229.01 1921.77 3072.42 1908.71
26071-200-M6-052-00080 0.059293363243341446 3904.44 3359.56 4051.70 3369.18 4041.76 3521.32 3894.50 3511.70
26071-200-M6-052-00080 0.058441534638404846 3906.09 4167.65 4050.30 4186.80 4030.20 4338.18 3885.99 4319.03
26071-200-M6-052-00080 0.057970546185970306 2465.76 3835.50 2615.26 3844.11 2606.52 3996.00 2457.02 3987.40
26071-200-M6-052-00080 0.05581127479672432 669.98 5178.61 788.99 5190.59 776.76 5312.05 657.75 5300.07
26071-203-M6-321-00604 0.07043511420488358 2241.53 5401.73 2301.86 5400.24 2315.14 5939.12 2254.81 5940.60
26071-203-M6-321-00604 0.06119446083903313 4347.52 5387.14 4408.61 5386.93 4410.37 5920.44 4349.27 5920.64
26071-300-M6-053-00309 0.051386818289756775 5939.72 1991.60 6090.44 1990.91 6091.46 2215.18 5940.74 2215.87
26071-450-M6-082-00009 0.9951542615890503 5908.21 5681.53 6030.29 5688.38 6018.33 5901.65 5896.25 5894.80
26071-450-M6-082-00009 0.13578413426876068 6087.96 5727.79 6184.70 5720.40 6199.01 5907.68 6102.27 5915.07
26071-450-M6-082-00009 0.1250516176223755 5178.19 6066.36 5331.17 6071.48 5326.30 6217.10 5173.33 6211.98
26071-450-M6-082-00009 0.12206590175628662 904.80 5964.96 1049.53 5949.99 1066.07 6109.89 921.34 6124.86
26071-450-M6-082-00009 0.06623590737581253 6884.19 5394.22 7036.47 5398.89 7031.36 5565.65 6879.08 5560.98
26071-450-M6-082-00009 0.06339406967163086 4646.65 4678.39 4794.81 4676.71 4796.60 4834.26 4648.44 4835.94
26071-450-M6-082-00009 0.0626373440027237 4501.55 3639.69 4618.90 3659.53 4598.62 3779.53 4481.27 3759.69
26071-450-M6-082-00009 0.054000187665224075 4893.08 4728.18 5043.69 4755.88 5017.79 4896.62 4867.19 4868.91
26071-200-M6-052-00552 0.08371169120073318 4531.11 4862.04 4679.26 4861.60 4679.71 5012.12 4531.55 5012.56
26071-750-M6-085-00007 0.07723698765039444 5290.07 5696.89 5337.43 5696.18 5337.70 5713.69 5290.33 5714.40
26071-750-M6-085-00007 0.05464634299278259 1859.71 3145.98 2010.56 3166.41 1989.57 3321.35 1838.72 3300.92
26071-750-M6-085-00007 0.05392933636903763 5718.16 5557.39 5839.38 5546.39 5854.51 5712.94 5733.28 5723.95
26071-750-M6-085-00007 0.051055338233709335 2916.81 3156.48 3066.12 3163.22 3059.23 3315.89 2909.91 3309.14
26071-750-M6-085-00007 0.050640348345041275 1323.96 3156.07 1472.85 3164.83 1463.87 3317.52 1314.97 3308.75
26071-203-M6-064-00271 0.9977057576179504 2053.04 3716.49 2173.15 3715.41 2175.08 3930.47 2054.97 3931.55
26071-203-M6-064-00271 0.9976994395256042 6896.48 3716.42 7016.64 3715.27 7018.70 3929.65 6898.54 3930.80
26071-203-M6-064-00271 0.9976736903190613 6565.16 3716.53 6685.11 3715.36 6687.20 3930.31 6567.25 3931.48
26071-203-M6-064-00271 0.9976356029510498 3588.20 3720.38 3707.43 3718.63 3710.57 3932.79 3591.34 3934.54
26071-203-M6-064-00271 0.9975700974464417 2384.29 3715.41 2504.43 3713.88 2507.19 3929.33 2387.04 3930.86
26071-203-M6-064-00271 0.9975506663322449 5903.57 3718.18 6023.54 3717.15 6025.37 3930.54 5905.40 3931.57
26071-203-M6-064-00271 0.9975497126579285 3918.12 3718.00 4037.87 3715.81 4041.78 3929.27 3922.03 3931.46
26071-203-M6-064-00271 0.9974473714828491 2715.24 3716.69 2835.26 3714.56 2839.07 3929.05 2719.06 3931.18
26071-203-M6-064-00271 0.9973987340927124 2996.99 3718.26 3117.02 3716.30 3120.52 3930.43 3000.49 3932.39
26071-203-M6-064-00271 0.9973785877227783 3282.82 3717.55 3403.60 3716.83 3404.86 3931.02 3284.09 3931.74
26071-203-M6-064-00271 0.9973757266998291 7558.55 3716.95 7678.36 3715.66 7680.66 3930.28 7560.85 3931.57
26071-203-M6-064-00271 0.99737548828125 6552.99 1460.48 6672.44 1459.49 6674.24 1675.25 6554.79 1676.24
26071-203-M6-064-00271 0.9973673224449158 5572.96 3718.86 5692.72 3717.95 5694.34 3930.62 5574.58 3931.53
26071-203-M6-064-00271 0.9973457455635071 5666.42 1461.83 5785.70 1460.16 5788.72 1675.45 5669.44 1677.13
26071-203-M6-064-00271 0.9972401857376099 7227.17 3717.28 7347.05 3715.98 7349.37 3930.69 7229.49 3931.99
26071-203-M6-064-00271 0.9972400665283203 5242.76 3719.49 5361.96 3718.83 5363.14 3931.44 5243.94 3932.10
26071-203-M6-064-00271 0.9972195625305176 2716.66 1461.50 2835.66 1461.91 2834.91 1676.78 2715.91 1676.37
26071-203-M6-064-00271 0.9971477389335632 3010.10 1461.91 3128.95 1460.39 3131.70 1676.42 3012.85 1677.94
26071-203-M6-064-00271 0.9970593452453613 4485.54 1461.40 4604.70 1459.77 4607.65 1675.49 4488.50 1677.13
26071-203-M6-064-00271 0.9970447421073914 3600.18 1461.92 3718.86 1460.49 3721.45 1676.21 3602.77 1677.63
26071-203-M6-064-00271 0.9970393776893616 5963.41 1459.65 6083.12 1458.62 6084.97 1674.18 5965.26 1675.21
26071-203-M6-064-00271 0.9969793558120728 6258.33 1462.56 6376.74 1460.99 6379.57 1675.54 6261.16 1677.10
26071-203-M6-064-00271 0.9969670176506042 3895.78 1460.21 4015.31 1458.53 4018.33 1674.90 3898.80 1676.57
26071-203-M6-064-00271 0.9967343807220459 4190.62 1462.16 4308.89 1459.90 4313.00 1674.50 4194.73 1676.76
26071-203-M6-064-00271 0.9967118501663208 4911.14 3718.27 5030.44 3717.18 5032.37 3929.13 4913.08 3930.22
26071-203-M6-064-00271 0.9966687560081482 2140.25 6153.50 2258.70 6155.70 2254.70 6370.77 2136.24 6368.56
26071-203-M6-064-00271 0.9966365098953247 4580.64 3718.97 4699.85 3717.00 4703.37 3929.59 4584.16 3931.57
26071-203-M6-064-00271 0.9965805411338806 7439.51 1462.39 7557.71 1460.90 7560.41 1675.10 7442.20 1676.59
26071-203-M6-064-00271 0.9965366125106812 3423.86 3412.40 3544.97 3412.53 3544.75 3628.72 3423.63 3628.59
26071-203-M6-064-00271 0.9965356588363647 5372.30 1462.22 5490.48 1460.42 5493.75 1675.37 5375.57 1677.16
26071-203-M6-064-00271 0.9965177774429321 2469.55 6153.40 2588.58 6154.05 2587.41 6368.39 2468.37 6367.74
26071-203-M6-064-00271 0.9965144991874695 3305.32 1461.82 3423.47 1460.19 3426.41 1674.67 3308.27 1676.29
26071-203-M6-064-00271 0.9963758587837219 4781.98 1460.14 4901.64 1458.37 4904.83 1674.27 4785.17 1676.03
26071-203-M6-064-00271 0.9962632060050964 6848.52 1461.00 6967.96 1458.88 6971.79 1675.01 6852.35 1677.13
26071-203-M6-064-00271 0.9962189793586731 5075.55 1462.92 5195.10 1458.20 5203.57 1672.66 5084.02 1677.38
26071-203-M6-064-00271 0.99591463804245 7143.01 1463.12 7262.25 1458.77 7270.08 1673.33 7150.84 1677.68
26071-203-M6-064-00271 0.9957083463668823 3509.35 6154.68 3632.43 6161.32 3621.16 6370.38 3498.08 6363.74
26071-203-M6-064-00271 0.9955512285232544 4086.05 3411.02 4206.65 3410.87 4206.92 3626.52 4086.32 3626.67
26071-203-M6-064-00271 0.9955457448959351 3140.24 3414.38 3262.27 3416.07 3259.35 3627.74 3137.32 3626.05
26071-203-M6-064-00271 0.995419979095459 7392.38 3413.96 7514.10 3414.21 7513.66 3627.70 7391.94 3627.45
26071-203-M6-064-00271 0.9953197836875916 2857.29 3410.43 2978.59 3411.71 2976.30 3627.87 2855.00 3626.59
26071-203-M6-064-00271 0.995254635810852 4667.60 5845.73 4787.74 5850.91 4778.42 6066.78 4658.29 6061.59
26071-203-M6-064-00271 0.9952335953712463 2302.20 5847.66 2423.53 5849.18 2420.91 6058.67 2299.58 6057.15
26071-203-M6-064-00271 0.9951203465461731 3836.62 6157.49 3957.78 6157.61 3957.59 6366.79 3836.43 6366.68
26071-203-M6-064-00271 0.9951111674308777 7060.80 3414.90 7182.19 3414.68 7182.58 3627.76 7061.19 3627.98
26071-203-M6-064-00271 0.9950007796287537 1971.16 5846.69 2092.31 5848.29 2089.54 6059.06 1968.39 6057.47
26071-203-M6-064-00271 0.9949586987495422 4355.99 5849.70 4477.19 5849.59 4477.38 6060.61 4356.18 6060.72
26071-203-M6-064-00271 0.9947127103805542 2632.48 5847.38 2753.03 5847.46 2752.88 6058.08 2632.34 6057.99
26071-203-M6-064-00271 0.9946598410606384 6729.33 3416.45 6850.47 3415.43 6852.26 3628.01 6731.11 3629.03
26071-203-M6-064-00271 0.9946118593215942 5409.64 3409.37 5530.50 3412.56 5525.01 3620.59 5404.15 3617.40
26071-203-M6-064-00271 0.9945842623710632 3675.58 5843.32 3798.52 5846.67 3792.89 6053.54 3669.95 6050.19
26071-203-M6-064-00271 0.9945039749145508 4167.54 6157.97 4288.30 6158.19 4287.93 6365.98 4167.16 6365.76
26071-203-M6-064-00271 0.9944522976875305 1888.23 3410.87 2008.58 3408.85 2012.19 3625.04 1891.84 3627.05
26071-203-M6-064-00271 0.9943829774856567 4005.09 5847.85 4125.70 5850.94 4120.34 6060.42 3999.73 6057.33
26071-203-M6-064-00271 0.9943090677261353 3755.14 3411.73 3876.57 3411.81 3876.42 3627.81 3754.99 3627.73
26071-203-M6-064-00271 0.9941397905349731 5741.05 3407.76 5862.29 3412.05 5854.86 3622.39 5733.62 3618.10
26071-203-M6-064-00271 0.9939004182815552 2219.29 3411.57 2339.85 3409.73 2343.15 3626.04 2222.60 3627.88
26071-203-M6-064-00271 0.9938913583755493 6399.32 3415.07 6519.45 3413.48 6522.26 3625.91 6402.13 3627.50
26071-203-M6-064-00271 0.9935870170593262 2548.51 3413.39 2669.78 3410.60 2674.72 3625.41 2553.45 3628.20
26071-203-M6-064-00271 0.9932760000228882 4414.46 3413.12 4534.93 3409.73 4540.96 3624.13 4420.49 3627.52
26071-203-M6-064-00271 0.9923364520072937 4745.57 3413.30 4866.39 3410.37 4871.61 3625.61 4750.80 3628.54
26071-203-M6-064-00271 0.09556372463703156 348.95 4849.87 893.39 4863.73 891.84 4924.68 347.40 4910.82
26071-203-M6-064-00271 0.07845504581928253 4540.27 3673.10 4752.93 3661.87 4755.45 3709.61 4542.79 3720.84
26071-203-M6-064-00271 0.06809235364198685 4307.99 6068.23 4527.02 6064.74 4527.79 6113.07 4308.76 6116.55
26071-203-M6-064-00271 0.06422482430934906 3620.43 6069.11 3842.66 6061.22 3844.36 6109.35 3622.14 6117.24
26071-203-M6-064-00271 0.06296536326408386 4615.85 6066.68 4835.01 6061.82 4836.08 6110.02 4616.92 6114.88
26071-203-M6-064-00271 0.06171506643295288 1842.41 3369.27 2050.75 3353.14 2054.42 3400.44 1846.07 3416.57
26071-203-M6-064-00271 0.05981844663619995 357.43 2615.74 879.93 2610.34 880.56 2671.74 358.06 2677.14
26071-203-M6-064-00271 0.05831422656774521 2583.57 6066.50 2803.57 6062.00 2804.56 6110.23 2584.56 6114.73
26071-203-M6-064-00271 0.057506535202264786 3954.54 6065.70 4175.03 6062.22 4175.79 6110.29 3955.30 6113.78
26071-203-M6-064-00271 0.05087564140558243 2252.70 6065.85 2473.15 6062.54 2473.88 6110.72 2253.43 6114.02
26071-203-M6-337-00031 0.17513048648834229 2635.38 2701.35 2743.40 2684.58 2773.17 2876.35 2665.15 2893.12
26071-203-M6-337-00031 0.15025630593299866 2051.40 6492.40 2174.29 6493.28 2172.98 6678.15 2050.08 6677.27
26071-203-M6-337-00031 0.105697862803936 2443.29 2689.17 2558.80 2679.03 2576.90 2885.18 2461.40 2895.32
26071-203-M6-332-00001 0.13324861228466034 2703.27 2139.57 2828.16 2150.91 2812.43 2324.07 2687.55 2312.73
26071-203-M6-332-00001 0.10208217799663544 4872.69 2455.02 5027.75 2452.61 5030.15 2606.98 4875.09 2609.39
26071-203-M6-332-00001 0.08691520243883133 6139.82 2441.45 6302.21 2468.22 6277.14 2620.22 6114.76 2593.45
26071-203-M6-332-00001 0.08348079025745392 5719.86 2441.67 5878.51 2465.23 5855.76 2618.41 5697.11 2594.85
26071-203-M6-332-00001 0.08304586261510849 3619.90 2442.40 3778.41 2465.25 3756.37 2618.15 3597.86 2595.30
26071-203-M6-332-00001 0.07724364846944809 4889.90 1532.19 5038.60 1544.41 5025.80 1700.03 4877.11 1687.81
26071-203-M6-332-00001 0.07121454924345016 1275.79 5135.53 1427.40 5145.54 1417.60 5293.91 1265.99 5283.89
26071-203-M6-332-00001 0.06983810663223267 4044.26 2441.17 4197.28 2470.00 4168.57 2622.38 4015.56 2593.55
26071-203-M6-332-00001 0.06955835968255997 4467.24 2443.62 4616.26 2464.68 4594.81 2616.42 4445.80 2595.36
26071-203-M6-332-00001 0.06948381662368774 7290.23 4235.83 7409.02 4233.00 7413.14 4405.69 7294.35 4408.53
26071-203-M6-332-00001 0.0665278509259224 3208.17 2443.54 3356.30 2466.23 3333.08 2617.75 3184.95 2595.06
26071-203-M6-332-00001 0.06435354799032211 5308.31 2444.07 5456.52 2466.29 5433.81 2617.78 5285.60 2595.56
26071-203-M6-079-00001 0.9963845014572144 2577.56 2551.19 2699.25 2558.30 2686.91 2769.29 2565.22 2762.18
26071-203-M6-079-00001 0.996224045753479 2904.92 6452.98 3024.31 6453.65 3023.11 6666.46 2903.73 6665.79
26071-203-M6-079-00001 0.9957536458969116 2643.58 4442.26 2764.44 4442.21 2764.53 4654.60 2643.66 4654.65
26071-203-M6-079-00001 0.9954324960708618 2636.72 5505.40 2756.24 5510.17 2747.71 5724.29 2628.18 5719.52
26071-203-M6-079-00001 0.9949424862861633 2904.75 1606.65 3026.96 1609.80 3021.51 1821.11 2899.30 1817.96
26071-203-M6-079-00001 0.07246588915586472 2506.57 2760.47 2757.75 2773.93 2755.02 2824.98 2503.84 2811.52
26071-203-M6-079-00001 0.056376904249191284 2565.58 5721.90 2821.43 5718.34 2822.14 5768.83 2566.28 5772.39
26071-203-M6-079-00001 0.056099701672792435 361.69 2029.75 875.59 2016.23 877.24 2078.85 363.33 2092.36
26071-203-M6-079-00001 0.056079987436532974 2837.69 1823.27 3092.05 1821.82 3092.34 1872.39 2837.98 1873.84
26071-203-M6-079-00001 0.05104437097907066 4160.25 5657.16 4315.82 5653.10 4320.74 5841.64 4165.17 5845.70
26071-200-M6-052-00150 0.08763758838176727 5788.55 5340.72 5933.60 5357.64 5916.12 5507.49 5771.08 5490.58
26071-200-M6-052-00150 0.0582580491900444 5782.21 5067.97 5934.82 5079.19 5924.13 5224.55 5771.53 5213.33
26071-200-M6-052-00150 0.0500548779964447 4493.65 5065.77 4643.06 5084.81 4624.03 5234.13 4474.62 5215.09
26071-200-M6-052-00003 0.1377888172864914 4245.15 5545.64 4355.19 5551.51 4345.87 5726.02 4235.84 5720.14
26071-200-M6-052-00003 0.0717969536781311 5960.44 4168.55 6113.29 4194.76 6088.91 4336.94 5936.06 4310.74
26071-200-M6-052-00003 0.06081593781709671 4583.12 4684.37 4630.11 4683.70 4630.35 4700.78 4583.36 4701.44
26071-200-M6-052-00003 0.05542212724685669 2522.21 4166.58 2674.79 4173.90 2667.66 4322.49 2515.09 4315.17
26071-200-M6-052-00003 0.055332060903310776 3481.19 1891.21 3597.72 1891.64 3597.10 2060.24 3480.58 2059.81
26071-203-M6-321-00225 0.07541719079017639 295.91 5451.32 839.13 5453.30 838.90 5515.54 295.68 5513.56
26071-203-M6-321-00225 0.050362687557935715 285.89 1797.06 846.37 1790.18 847.13 1851.99 286.65 1858.88
26071-700-M6-054-00036 0.06140991300344467 4458.69 1552.70 4622.15 1534.62 4639.39 1690.47 4475.93 1708.55
26071-700-M6-054-00036 0.058823052793741226 1770.85 4477.07 1888.63 4472.61 1893.25 4594.81 1775.47 4599.27
26071-700-M6-054-00036 0.05853688344359398 4306.53 5161.10 4424.00 5164.42 4420.48 5288.62 4303.01 5285.29
26071-700-M6-054-00036 0.05614244192838669 4913.57 2055.34 5034.23 2058.24 5030.33 2220.66 4909.67 2217.77
26071-700-M6-054-00036 0.050430234521627426 4586.64 4699.19 4736.26 4720.20 4709.61 4910.03 4559.99 4889.02
26071-203-M6-320-00044 0.05474342778325081 1300.65 3151.45 1418.95 3173.91 1396.74 3290.93 1278.43 3268.47
26071-600-M6-065-00231 0.06410519778728485 6152.24 3666.90 6302.47 3693.46 6278.28 3830.30 6128.04 3803.73
26071-600-M6-065-00231 0.059275612235069275 7173.66 3919.64 7324.44 3908.29 7337.06 4076.01 7186.29 4087.36
26071-600-M6-065-00231 0.05357122793793678 6655.49 3911.81 6807.89 3922.87 6795.76 4090.11 6643.36 4079.05
26071-500-M6-059-00071 0.05275408551096916 4533.13 3721.34 4686.02 3727.26 4680.05 3881.45 4527.16 3875.53
26071-203-M6-320-00008 0.2795598804950714 3620.87 6016.14 3747.14 6009.15 3757.88 6203.07 3631.61 6210.06
26071-203-M6-320-00008 0.1053813248872757 1819.15 3993.08 1977.83 4011.65 1960.18 4162.57 1801.50 4144.00
26071-203-M6-320-00008 0.10466717928647995 4867.74 1984.90 4994.31 2002.18 4970.95 2173.21 4844.38 2155.93
26071-203-M6-320-00008 0.09736437350511551 6009.18 5939.09 6135.42 5956.14 6110.99 6137.07 5984.74 6120.01
26071-203-M6-320-00008 0.09400510787963867 4878.65 3390.63 5028.95 3400.23 5019.73 3544.43 4869.43 3534.82
26071-203-M6-320-00008 0.07523888349533081 7708.66 2423.95 8264.08 2422.45 8264.25 2488.38 7708.84 2489.88
26071-203-M6-320-00008 0.06038278341293335 4563.46 3388.93 4715.42 3403.62 4700.76 3555.38 4548.79 3540.69
26071-203-M6-320-00008 0.05679244175553322 4179.88 3899.13 4335.82 3916.76 4318.56 4069.48 4162.62 4051.85
26071-500-M6-059-00116 0.06080752983689308 5989.39 6160.70 6100.97 6182.78 6063.36 6372.79 5951.78 6350.71
26071-550-M6-084-00026 0.9967513084411621 7499.06 6071.67 7620.00 6074.00 7615.92 6285.71 7494.98 6283.38
26071-550-M6-084-00026 0.07425454258918762 4573.74 3828.19 4732.97 3823.24 4737.72 3976.12 4578.49 3981.06
26071-550-M6-084-00026 0.05821112170815468 2187.81 3284.12 2362.88 3304.88 2342.69 3475.25 2167.61 3454.49
26071-550-M6-084-00026 0.05713217705488205 4575.76 3296.70 4742.89 3314.07 4725.04 3485.74 4557.92 3468.36
26071-550-M6-084-00026 0.050379298627376556 2210.00 3837.43 2360.97 3824.61 2374.13 3979.58 2223.16 3992.41
26071-203-M6-337-00007 0.09614402055740356 2791.95 6459.25 2917.23 6461.39 2914.36 6629.46 2789.08 6627.32
26071-203-M6-337-00007 0.07743056118488312 2791.93 3699.69 2916.90 3702.88 2912.63 3869.80 2787.66 3866.61
26071-200-M6-052-00090 0.11648894846439362 6549.23 3322.80 6663.03 3307.47 6685.89 3477.22 6572.09 3492.54
26071-200-M6-052-00090 0.10043178498744965 3982.70 4554.10 4132.55 4576.29 4109.70 4730.57 3959.85 4708.38
26071-200-M6-052-00090 0.09415315091609955 969.72 4542.01 1118.23 4577.32 1082.09 4729.30 933.59 4694.00
26071-200-M6-052-00090 0.09081209450960159 5474.64 4544.54 5616.58 4577.52 5582.52 4724.12 5440.58 4691.14
26071-200-M6-052-00090 0.08044373989105225 2775.10 5074.57 2894.73 5071.10 2898.22 5191.78 2778.59 5195.24
26071-200-M6-052-00090 0.07653308659791946 5751.63 1543.91 5905.96 1566.86 5883.57 1717.43 5729.23 1694.48
26071-200-M6-052-00090 0.06955539435148239 4848.04 2165.83 4967.92 2173.51 4960.04 2296.48 4840.16 2288.80
26071-200-M6-052-00090 0.06861128658056259 2472.07 4544.79 2606.57 4580.09 2569.18 4722.50 2434.69 4687.19
26071-200-M6-052-00090 0.06799636036157608 3600.94 3427.05 3720.47 3427.97 3719.17 3596.42 3599.64 3595.50
26071-200-M6-052-00090 0.0659465491771698 3369.49 4768.45 3490.08 4772.16 3486.24 4896.82 3365.65 4893.11
26071-200-M6-052-00090 0.06409966200590134 2682.60 2069.21 2840.56 2088.28 2823.65 2228.27 2665.69 2209.19
26071-200-M6-052-00090 0.06308137625455856 5228.42 3974.15 5372.72 3989.97 5356.85 4134.69 5212.56 4118.87
26071-200-M6-052-00090 0.063026063144207 7314.81 2168.84 7431.93 2177.46 7423.28 2294.98 7306.17 2286.36
26071-200-M6-052-00090 0.061119575053453445 6794.66 4098.87 6904.97 4102.36 6899.40 4279.05 6789.08 4275.56
26071-200-M6-052-00090 0.06027892604470253 2694.29 1572.94 2848.29 1595.85 2825.99 1745.69 2671.99 1722.77
26071-200-M6-052-00090 0.05880172550678253 1859.51 3425.59 2011.23 3424.27 2012.51 3572.06 1860.80 3573.38
26071-200-M6-052-00090 0.057339705526828766 3671.67 5787.41 3791.43 5809.15 3769.67 5929.01 3649.91 5907.27
26071-200-M6-052-00090 0.053436096757650375 2227.90 4154.20 2381.88 4170.92 2365.50 4321.67 2211.52 4304.94
26071-200-M6-052-00090 0.05278512462973595 4075.73 5741.04 4222.07 5754.82 4208.47 5899.29 4062.12 5885.50
26071-200-M6-052-00090 0.05218467116355896 5470.57 1301.40 5622.43 1306.92 5616.90 1458.99 5465.03 1453.47
26071-200-M6-052-00090 0.051628511399030685 1363.15 2461.21 1481.22 2471.24 1470.89 2592.86 1352.81 2582.83
26071-203-M6-320-00061 0.08337854593992233 2797.24 1849.92 2917.21 1863.42 2904.08 1980.14 2784.11 1966.64
26071-203-M6-320-00061 0.07498413324356079 5497.80 1849.02 5616.83 1862.99 5603.11 1979.96 5484.08 1966.00
26071-203-M6-320-00061 0.07021638005971909 5688.20 4789.47 5809.00 4799.46 5799.08 4919.42 5678.27 4909.42
26071-203-M6-320-00061 0.06597692519426346 5092.94 1522.27 5211.80 1542.85 5191.54 1659.88 5072.68 1639.30
26071-203-M6-320-00061 0.065188467502594 2175.74 4791.41 2289.45 4777.47 2305.45 4907.97 2191.75 4921.92
26071-203-M6-320-00061 0.0628165453672409 4877.11 4791.44 4987.88 4778.05 5003.70 4908.95 4892.93 4922.34
26071-203-M6-320-00061 0.0609198734164238 4598.69 4792.03 4710.44 4777.09 4727.69 4906.12 4615.94 4921.05
26071-203-M6-320-00061 0.0603315569460392 2386.97 1517.03 2506.95 1522.38 2501.57 1643.07 2381.59 1637.72
26071-203-M6-320-00061 0.058398570865392685 2988.70 4791.76 3109.27 4800.30 3100.84 4919.40 2980.27 4910.86
26071-203-M6-320-00061 0.05682998523116112 7299.57 4791.82 7411.00 4777.64 7427.44 4906.87 7316.01 4921.04
26071-203-M6-320-00061 0.054936543107032776 2715.90 4792.97 2837.41 4795.53 2834.83 4918.05 2713.32 4915.49
26071-203-M6-320-00061 0.05258351191878319 3794.72 4792.09 3917.77 4790.41 3919.45 4913.71 3796.40 4915.39
26071-203-M6-320-00061 0.051428478211164474 4064.57 4791.38 4187.57 4791.98 4186.97 4914.38 4063.98 4913.79
26071-203-M6-320-00061 0.050546858459711075 5416.37 4793.10 5538.23 4796.68 5534.63 4919.08 5412.77 4915.50
26071-600-M6-065-00037 0.9966539144515991 649.24 6515.53 770.62 6519.50 763.75 6729.65 642.36 6725.68
26071-600-M6-065-00037 0.9961657524108887 4484.97 5446.99 4605.47 5447.05 4605.37 5660.37 4484.87 5660.31
26071-600-M6-065-00037 0.9961544871330261 413.27 6511.16 533.25 6512.79 530.40 6721.94 410.43 6720.31
26071-600-M6-065-00037 0.9955483675003052 1179.14 5437.05 1298.56 5438.00 1296.86 5652.57 1177.44 5651.63
26071-600-M6-065-00037 0.07104798406362534 2315.17 3295.16 2363.18 3294.64 2363.38 3312.25 2315.36 3312.77
26071-600-M6-065-00037 0.06619607657194138 6359.35 3029.21 6513.77 3035.45 6507.65 3186.93 6353.23 3180.69
26071-300-M6-053-00010 0.9940968751907349 2191.29 5090.57 2310.05 5098.65 2295.59 5311.24 2176.83 5303.16
26071-300-M6-053-00010 0.09103584289550781 1580.93 3628.77 1737.08 3640.13 1725.96 3792.88 1569.82 3781.51
26071-300-M6-053-00010 0.07788356393575668 1998.83 5135.53 2130.05 5128.61 2139.91 5315.44 2008.68 5322.35
26071-300-M6-053-00010 0.06970349699258804 6295.71 2577.19 6341.28 2577.32 6341.22 2602.29 6295.64 2602.16
26071-300-M6-053-00010 0.05154631286859512 6380.72 6003.28 6502.55 6011.09 6494.73 6133.01 6372.90 6125.19
26071-300-M6-053-00010 0.050042781978845596 1859.70 3621.60 2017.25 3643.28 1996.27 3795.70 1838.72 3774.02
26071-203-M6-320-00042 0.0712055042386055 3966.73 3057.02 4109.98 3072.85 4092.75 3228.69 3949.51 3212.87
26071-200-M6-052-00540 0.06911802291870117 7027.01 5308.27 7084.80 5309.17 7078.75 5699.02 7020.96 5698.13
26071-200-M6-052-00540 0.06835408508777618 1886.71 5329.91 1951.36 5324.65 1984.43 5731.17 1919.78 5736.43
26071-200-M6-052-00540 0.06513447314500809 3120.70 4869.20 3188.44 4870.21 3181.83 5313.03 3114.09 5312.01
26071-200-M6-052-00540 0.06269586086273193 5792.84 4875.92 5865.07 4873.67 5879.01 5321.04 5806.78 5323.29
26071-200-M6-052-00540 0.056669190526008606 4650.45 5310.44 4707.53 5315.37 4675.34 5687.87 4618.26 5682.94
26071-200-M6-052-00540 0.05586407333612442 5819.36 753.16 5880.13 749.99 5900.98 1149.44 5840.22 1152.61
26071-200-M6-052-00540 0.05559913069009781 6366.69 4858.74 6441.00 4857.54 6448.51 5321.03 6374.20 5322.23
26071-200-M6-052-00540 0.05333062633872032 5212.59 5306.80 5275.31 5303.07 5300.04 5718.94 5237.32 5722.67
26071-200-M6-052-00540 0.05289283022284508 7788.87 754.11 7850.66 751.52 7867.36 1150.29 7805.56 1152.88
26071-200-M6-052-00540 0.051664501428604126 686.53 4875.48 757.37 4875.20 759.10 5314.23 688.25 5314.51
26071-200-M6-052-00540 0.05101244896650314 7300.84 4876.18 7374.62 4873.32 7391.61 5310.82 7317.83 5313.69
26071-200-M6-052-00540 0.05024188756942749 7179.53 5360.72 7248.86 5351.58 7304.09 5770.26 7234.76 5779.40
26071-203-M6-160-00291 0.17873860895633698 7843.12 3854.12 7942.06 3858.32 7933.80 4052.78 7834.86 4048.58
26071-203-M6-160-00291 0.11802884936332703 2185.25 3335.02 2334.31 3361.21 2308.29 3509.28 2159.23 3483.08
26071-203-M6-160-00291 0.08999691158533096 1273.89 1188.51 1432.13 1190.51 1430.26 1338.56 1272.01 1336.56
26071-203-M6-160-00291 0.06687987595796585 4293.98 3017.74 4442.48 3066.64 4393.08 3216.66 4244.58 3167.76
26071-203-M6-160-00291 0.059610284864902496 3355.38 5078.91 3509.84 5069.14 3520.57 5238.65 3366.11 5248.42
26071-203-M6-160-00291 0.0540454164147377 2768.29 5887.85 2923.43 5908.44 2903.29 6060.15 2748.15 6039.56
26071-600-M6-066-00002 0.09176264703273773 6657.15 3353.55 6811.72 3368.67 6796.81 3521.20 6642.24 3506.09
26071-600-M6-066-00002 0.06816510111093521 3226.27 3262.39 3380.08 3280.26 3361.79 3437.65 3207.98 3419.77
26071-300-M6-053-00008 0.993690013885498 2418.49 6246.37 2540.23 6244.14 2544.01 6450.47 2422.27 6452.70
26071-300-M6-053-00008 0.07820329815149307 2071.38 6286.53 2170.80 6283.86 2176.01 6477.20 2076.59 6479.87
26071-300-M6-053-00008 0.07322106510400772 2363.96 6469.56 2588.18 6459.66 2590.31 6508.01 2366.10 6517.91
26071-300-M6-053-00008 0.05634216219186783 2693.50 1377.93 2740.46 1377.57 2740.60 1395.29 2693.64 1395.66
26071-300-M6-053-00008 0.05188743770122528 4197.62 1460.35 4352.73 1486.05 4328.30 1633.51 4173.18 1607.81
26071-203-M6-060-00001 0.99649578332901 2114.69 4156.68 2233.85 4156.56 2234.07 4371.78 2114.91 4371.90
26071-203-M6-060-00001 0.9949021339416504 1733.31 6272.46 1855.15 6273.41 1853.50 6485.18 1731.65 6484.22
26071-203-M6-060-00001 0.05809246003627777 3000.09 1163.37 3156.81 1181.67 3139.28 1331.86 2982.56 1313.56
26071-203-M6-060-00001 0.05781236290931702 2775.33 1160.14 2921.56 1187.09 2895.22 1330.02 2748.98 1303.07
26071-203-M6-060-00001 0.05663527920842171 1686.43 6490.82 1905.01 6488.03 1905.63 6536.53 1687.05 6539.31
26071-203-M6-060-00001 0.055039182305336 2752.33 5059.92 2908.43 5063.30 2905.10 5216.95 2749.01 5213.57
26071-203-M6-060-00001 0.0504562146961689 361.67 4622.57 893.07 4625.55 892.74 4685.05 361.33 4682.07
26071-200-M6-063-00010 0.06821532547473907 7684.20 1872.82 7803.08 1890.47 7785.49 2008.99 7666.61 1991.34
26071-200-M6-063-00010 0.05392729863524437 5975.08 1913.95 6066.52 1911.78 6067.63 1958.86 5976.20 1961.03
26071-200-M6-063-00010 0.05385727435350418 3359.96 5432.16 3513.75 5465.89 3480.35 5618.16 3326.56 5584.43
26071-203-M6-060-00006 0.15974459052085876 2169.90 4760.27 2316.45 4783.99 2292.37 4932.76 2145.82 4909.04
26071-203-M6-060-00006 0.1230989322066307 4183.85 4765.59 4333.79 4794.06 4307.48 4932.60 4157.54 4904.13
26071-203-M6-060-00006 0.08578778058290482 6491.31 4671.18 6645.99 4682.18 6634.85 4838.69 6480.17 4827.69
26071-203-M6-060-00006 0.07765784859657288 6920.57 4679.31 7072.34 4674.89 7077.02 4835.49 6925.25 4839.91
26071-203-M6-060-00006 0.06611565500497818 3647.51 5448.67 3795.99 5448.68 3795.99 5608.14 3647.50 5608.14
26071-203-M6-325-00013 0.11575096845626831 5041.30 6310.48 5158.89 6312.37 5156.05 6489.08 5038.46 6487.19
26071-203-M6-325-00013 0.10363446176052094 1564.82 3988.91 1686.30 3999.33 1671.52 4171.69 1550.03 4161.27
26071-675-M6-068-00041 0.055334098637104034 4000.98 4153.08 4118.14 4169.32 4100.69 4295.20 3983.53 4278.95
26071-300-M6-053-00012 0.9947400689125061 4904.33 4795.31 5027.08 4799.99 5019.12 5008.87 4896.37 5004.19
26071-300-M6-053-00012 0.9939218759536743 6274.31 6413.10 6395.74 6418.94 6385.61 6629.70 6264.17 6623.86
26071-300-M6-053-00012 0.9938604831695557 4274.52 4677.28 4395.58 4678.39 4393.63 4890.38 4272.57 4889.27
26071-300-M6-053-00012 0.9937310814857483 4392.93 6413.00 4511.15 6412.67 4511.75 6623.25 4393.52 6623.59
26071-300-M6-053-00012 0.1292758733034134 3661.36 5973.97 3811.35 5970.18 3815.26 6124.91 3665.27 6128.70
26071-300-M6-053-00012 0.1020217016339302 5526.52 4682.75 5573.14 4682.13 5573.38 4699.59 5526.75 4700.22
26071-300-M6-053-00012 0.09781461209058762 2773.76 4841.75 2925.62 4872.58 2895.25 5022.14 2743.40 4991.31
26071-300-M6-053-00012 0.09051714837551117 6567.51 6460.56 6669.25 6455.96 6677.96 6648.73 6576.22 6653.33
26071-300-M6-053-00012 0.07936587184667587 5295.30 1560.57 5447.75 1583.86 5423.95 1739.66 5271.50 1716.37
26071-300-M6-053-00012 0.068508580327034 5569.39 5956.73 5724.11 5984.76 5697.85 6129.67 5543.14 6101.64
26071-300-M6-053-00012 0.05541309341788292 5716.33 2098.54 5763.20 2098.51 5763.21 2115.99 5716.34 2116.02
26071-300-M6-053-00012 0.054608236998319626 4224.95 4892.80 4446.35 4897.52 4445.31 4945.93 4223.92 4941.21
26071-300-M6-053-00012 0.05320848897099495 4687.04 6459.78 4808.39 6464.92 4801.32 6632.02 4679.97 6626.88
26071-300-M6-053-00012 0.052782878279685974 3927.06 4726.16 4043.84 4732.36 4034.81 4902.59 3918.03 4896.40
26071-450-M6-082-00221 0.06305912882089615 352.65 4980.50 895.18 4970.57 896.34 5033.96 353.81 5043.89
26071-675-M6-068-00034 0.06434229016304016 3007.34 4839.20 3176.94 4849.39 3164.80 5051.17 2995.21 5040.97
26071-675-M6-068-00034 0.06062401458621025 3454.87 1317.49 3502.71 1318.09 3501.58 1408.28 3453.75 1407.68
26071-675-M6-068-00034 0.05037849023938179 2855.76 4797.16 2905.81 4797.02 2905.86 4812.32 2855.80 4812.46
26071-675-M6-068-00034 0.05011788755655289 3095.73 4797.38 3144.15 4796.27 3144.48 4810.61 3096.06 4811.71
26071-450-M6-082-00031 0.9971518516540527 3722.36 6484.87 3842.13 6487.04 3838.26 6700.21 3718.50 6698.04
26071-450-M6-082-00031 0.9959269165992737 5730.73 5091.09 5852.44 5098.01 5840.50 5308.04 5718.78 5301.11
26071-450-M6-082-00031 0.9957646131515503 4382.58 2600.05 4504.38 2604.08 4497.41 2814.72 4375.61 2810.69
26071-450-M6-082-00031 0.9950915575027466 3431.23 5132.94 3551.39 5128.08 3559.97 5340.18 3439.81 5345.04
26071-450-M6-082-00031 0.1667097806930542 3670.78 5183.40 3788.81 5178.20 3796.25 5346.96 3678.23 5352.17
26071-450-M6-082-00031 0.12445536255836487 2780.63 4213.69 2932.95 4228.06 2918.89 4377.13 2766.57 4362.77
26071-450-M6-082-00031 0.10211387276649475 5989.68 5134.29 6088.10 5144.87 6069.52 5317.77 5971.09 5307.19
26071-450-M6-082-00031 0.09662194550037384 5678.39 5308.54 5896.29 5308.08 5896.39 5356.65 5678.49 5357.11
26071-450-M6-082-00031 0.091269850730896 3024.03 3483.91 3070.94 3483.08 3071.24 3500.39 3024.34 3501.22
26071-450-M6-082-00031 0.08430072665214539 4582.29 2625.75 4719.46 2617.38 4730.64 2800.73 4593.47 2809.10
26071-450-M6-082-00031 0.06118577718734741 3618.62 3248.87 3791.01 3242.75 3797.29 3419.90 3624.90 3426.02
26071-450-M6-082-00031 0.05612592026591301 3259.22 2661.82 3422.82 2661.45 3423.24 2844.38 3259.64 2844.76
26071-450-M6-082-00031 0.05404435843229294 4330.98 2817.79 4552.92 2813.48 4553.86 2861.65 4331.92 2865.97
26071-200-M6-062-00276 0.10919586569070816 1243.42 4723.57 1361.77 4729.89 1352.69 4899.77 1234.34 4893.44
26071-200-M6-062-00276 0.08262788504362106 4577.54 3295.69 4726.90 3315.45 4706.92 3466.45 4557.56 3446.69
26071-200-M6-062-00276 0.062382664531469345 1458.52 3675.47 1608.98 3678.85 1605.69 3825.15 1455.23 3821.77
26071-200-M6-062-00276 0.058279845863580704 590.33 2115.68 708.97 2111.42 713.32 2232.45 594.68 2236.72
26071-200-M6-062-00276 0.051069702953100204 594.02 2467.45 714.37 2473.54 707.97 2599.89 587.62 2593.80
26071-500-M6-059-00011 0.9957452416419983 4783.54 6423.61 4906.59 6427.88 4899.27 6639.00 4776.22 6634.73
26071-500-M6-059-00011 0.10383289307355881 5164.59 6467.07 5280.96 6475.75 5268.16 6647.36 5151.79 6638.68
26071-500-M6-059-00011 0.050379104912281036 6079.56 2420.24 6229.21 2422.12 6227.34 2571.32 6077.69 2569.44
26071-600-M6-065-00021 0.9966200590133667 1710.68 3712.56 1833.63 3714.11 1830.99 3923.20 1708.04 3921.65
26071-600-M6-065-00021 0.9964614510536194 7797.06 6470.74 7915.09 6473.81 7909.64 6682.95 7791.62 6679.88
26071-600-M6-065-00021 0.9962239265441895 7560.18 6474.64 7679.36 6475.31 7678.15 6690.11 7558.96 6689.44
26071-600-M6-065-00021 0.9952893257141113 5846.96 6247.92 5965.41 6250.27 5961.25 6459.70 5842.80 6457.35
26071-600-M6-065-00021 0.2781098484992981 3777.44 6196.54 3893.56 6191.25 3902.18 6380.34 3786.05 6385.63
26071-600-M6-065-00021 0.10218112915754318 2950.33 5397.78 3094.82 5350.07 3148.38 5512.28 3003.88 5559.99
26071-600-M6-065-00021 0.0979122444987297 7267.82 3633.42 7421.97 3657.37 7399.16 3804.24 7245.01 3780.29
26071-600-M6-065-00021 0.09003808349370956 7254.86 3903.53 7410.46 3911.71 7402.27 4067.57 7246.67 4059.39
26071-600-M6-065-00021 0.08034437894821167 5788.93 6469.93 6009.81 6459.68 6012.06 6508.34 5791.19 6518.59
26071-600-M6-065-00021 0.06311789155006409 2483.76 2995.71 2605.04 3005.69 2595.35 3123.52 2474.07 3113.55
26071-600-M6-065-00021 0.05910700559616089 4707.03 5370.61 4854.12 5390.69 4832.68 5547.75 4685.59 5527.67
26071-600-M6-065-00021 0.05778154358267784 4417.58 3864.23 4563.29 3876.09 4551.49 4020.99 4405.78 4009.13
26071-600-M6-065-00021 0.05358384922146797 3862.29 1563.33 4010.67 1580.07 3993.94 1728.35 3845.57 1711.61
26071-600-M6-065-00021 0.05180319771170616 3567.43 5432.83 3712.71 5434.86 3712.05 5481.91 3566.77 5479.88
26071-500-M6-059-00044 0.9959180951118469 7807.19 6509.12 7927.76 6510.81 7924.85 6718.27 7804.29 6716.58
26071-500-M6-059-00044 0.09661552309989929 2446.27 4564.71 2601.82 4560.26 2606.09 4709.36 2450.53 4713.81
26071-500-M6-059-00044 0.07472147047519684 7564.05 4558.17 7719.96 4559.15 7719.01 4710.40 7563.09 4709.41
26071-500-M6-059-00044 0.057376131415367126 3989.44 4549.67 4138.39 4552.93 4134.82 4716.22 3985.87 4712.97
26071-500-M6-059-00044 0.05480383336544037 1871.83 3953.51 2026.97 3943.72 2037.11 4104.55 1881.97 4114.34
26071-500-M6-059-00044 0.054488543421030045 5449.16 3965.88 5607.26 3948.16 5624.91 4105.58 5466.80 4123.31
26071-200-M6-052-00093 0.10064233839511871 2779.38 941.79 2927.98 976.49 2894.37 1120.43 2745.77 1085.73
26071-200-M6-052-00093 0.1005963608622551 5324.01 6172.41 5476.87 6191.99 5457.94 6339.74 5305.09 6320.17
26071-200-M6-052-00093 0.10030919313430786 3845.72 2057.33 3997.20 2072.81 3982.17 2219.84 3830.69 2204.36
26071-200-M6-052-00093 0.09548301249742508 3508.95 1865.74 3661.71 1875.97 3651.96 2021.54 3499.20 2011.32
26071-200-M6-052-00093 0.08967658132314682 6359.28 3316.97 6511.84 3318.11 6510.69 3471.68 6358.13 3470.54
26071-200-M6-052-00093 0.08945413678884506 3518.27 4167.26 3668.94 4188.66 3648.82 4330.36 3498.15 4308.96
26071-200-M6-052-00093 0.07219478487968445 988.90 2087.69 1140.24 2100.81 1126.58 2258.37 975.24 2245.25
26071-200-M6-052-00093 0.06333784013986588 1832.01 3423.30 1946.23 3427.02 1940.72 3596.25 1826.49 3592.53
26071-200-M6-052-00093 0.057904843240976334 4297.70 2672.68 4446.14 2682.03 4436.07 2841.83 4287.63 2832.49
26071-200-M6-052-00093 0.05234122276306152 988.09 2370.02 1143.97 2378.91 1135.16 2533.21 979.28 2524.32
26071-200-M6-052-00093 0.05084037780761719 1828.94 2119.34 1943.29 2117.96 1945.47 2299.47 1831.12 2300.84
26071-200-M6-052-00002 0.0772690400481224 1479.36 5002.23 1596.38 5005.02 1593.37 5131.39 1476.35 5128.60
26071-200-M6-052-00002 0.07474488019943237 7279.52 5578.83 7432.18 5584.94 7426.14 5735.77 7273.48 5729.66
26071-200-M6-052-00002 0.06937260925769806 4134.57 2173.26 4259.17 2179.35 4253.20 2301.54 4128.60 2295.45
26071-200-M6-052-00002 0.06010158360004425 2191.65 5702.68 2311.61 5717.25 2296.62 5840.67 2176.66 5826.11
26071-200-M6-052-00002 0.05539187043905258 2176.52 3205.68 2328.74 3208.23 2326.13 3364.25 2173.91 3361.71
26071-200-M6-052-00002 0.05515139922499657 3955.05 2129.56 4105.23 2165.95 4070.06 2311.07 3919.88 2274.67
26071-200-M6-052-00002 0.054155539721250534 5853.43 374.33 6561.13 383.99 6560.40 437.65 5852.70 427.99
26071-200-M6-052-00002 0.05109928920865059 3163.47 5751.57 3212.13 5751.61 3212.12 5768.29 3163.46 5768.26
26071-750-M6-085-00012 0.06579022854566574 5337.93 5057.73 5496.64 5039.12 5523.40 5267.40 5364.69 5286.00
26071-750-M6-085-00012 0.062317267060279846 7145.74 4479.60 7318.27 4471.01 7326.76 4641.69 7154.23 4650.28
26071-750-M6-085-00012 0.051701392978429794 7715.46 3269.09 7861.85 3288.13 7843.06 3432.60 7696.67 3413.57
26071-750-M6-085-00012 0.05093952640891075 6257.40 3264.65 6400.41 3274.15 6391.08 3414.74 6248.06 3405.25
26071-750-M6-085-00012 0.050701674073934555 889.61 4696.84 1010.80 4704.61 1003.39 4820.16 882.20 4812.39
26071-200-M6-062-00277 0.10495928674936295 4791.02 1870.26 4910.17 1882.51 4897.67 2004.29 4778.51 1992.05
26071-200-M6-062-00277 0.06447628140449524 4790.35 1517.20 4909.43 1529.29 4897.61 1645.68 4778.53 1633.58
26071-200-M6-062-00277 0.058513298630714417 6324.16 1873.83 6442.21 1886.14 6429.70 2006.21 6311.65 1993.90
26071-200-M6-062-00277 0.054086267948150635 4788.85 3289.55 4909.43 3301.66 4897.36 3421.78 4776.79 3409.67
26071-200-M6-062-00277 0.05201342701911926 4784.41 2230.57 4905.35 2234.56 4901.46 2352.56 4780.52 2348.57
26071-600-M6-065-00259 0.07974573224782944 6670.20 871.84 6792.64 870.26 6794.26 995.73 6671.81 997.30
26071-600-M6-065-00259 0.07044527679681778 996.20 2253.07 1142.75 2284.36 1103.30 2469.13 956.75 2437.84
26071-600-M6-065-00259 0.06416886299848557 2387.80 5243.20 2507.82 5246.14 2505.00 5361.30 2384.98 5358.35
26071-600-M6-065-00259 0.06398696452379227 7274.91 5471.60 7393.25 5491.81 7372.70 5612.13 7254.36 5591.92
26071-600-M6-065-00259 0.06311233341693878 4500.14 1216.48 4617.34 1239.76 4594.18 1356.34 4476.98 1333.06
26071-600-M6-065-00259 0.05879960209131241 4196.37 5240.26 4313.15 5242.59 4310.73 5363.83 4193.96 5361.50
26071-600-M6-065-00259 0.05794486775994301 1009.28 868.71 1128.28 884.08 1113.01 1002.27 994.01 986.90
26071-600-M6-065-00259 0.050699010491371155 4317.53 866.94 4435.72 884.95 4417.68 1003.38 4299.49 985.37
26071-600-M6-065-00259 0.0506262369453907 6922.03 5467.08 7036.37 5493.35 7009.07 5612.13 6894.74 5585.86
26071-200-M6-052-00544 0.06976038962602615 4280.80 3552.26 4394.08 3586.16 4343.09 3756.53 4229.82 3722.63
26071-200-M6-052-00544 0.06552455574274063 3778.30 2672.75 3932.43 2698.31 3907.52 2848.49 3753.39 2822.93
26071-200-M6-052-00544 0.0632128119468689 4772.16 3868.21 4923.49 3882.55 4909.49 4030.33 4758.16 4016.00
26071-200-M6-052-00544 0.06232345849275589 3571.36 3861.54 3730.37 3864.76 3726.88 4037.42 3567.87 4034.21
26071-200-M6-052-00544 0.06186944618821144 698.90 3292.45 811.99 3278.99 827.14 3406.27 714.05 3419.74
26071-200-M6-052-00544 0.05746730417013168 5011.00 3864.92 5160.38 3885.78 5139.41 4035.99 4990.03 4015.13
26071-600-M6-066-00003 0.07114210724830627 5486.71 1822.38 5646.34 1849.21 5621.01 1999.91 5461.39 1973.08
26071-600-M6-066-00003 0.06597848236560822 6068.57 4181.29 6220.30 4188.43 6213.24 4338.52 6061.50 4331.38
26071-600-M6-066-00003 0.052703093737363815 1875.10 4617.97 2029.14 4628.59 2019.04 4775.05 1865.00 4764.44
26071-750-M6-085-00309 0.09126652032136917 6366.47 3875.19 6518.71 3869.76 6524.23 4024.49 6371.98 4029.92
