26071-200-M6-052-00001 0.057103876024484634 3872.75 3274.79 3952.55 3265.56 3966.37 3385.05 3886.57 3394.28
26071-200-M6-052-00001 0.05354287847876549 5673.53 1618.19 5744.79 1619.69 5743.11 1700.02 5671.85 1698.53
26071-500-M6-059-00040 0.05762532353401184 4193.83 5682.59 4300.14 5687.56 4296.33 5769.09 4190.02 5764.12
26071-500-M6-059-00040 0.05086361616849899 2527.96 1316.10 2596.59 1312.92 2602.04 1430.43 2533.41 1433.62
26071-550-M6-084-00248 0.07876593619585037 1968.80 5074.46 2056.02 5081.62 2048.37 5174.82 1961.15 5167.66
26071-203-M6-332-00008 0.05389013513922691 4931.22 3563.97 4981.81 3542.72 5018.93 3631.08 4968.34 3652.33
26071-203-M6-332-00008 0.05206502228975296 6625.30 3653.54 6669.67 3620.47 6734.03 3706.84 6689.66 3739.91
26071-200-M6-052-00080 0.13542191684246063 6061.86 5023.77 6130.32 5020.31 6134.80 5108.78 6066.33 5112.24
26071-200-M6-052-00080 0.11911088228225708 2632.84 5022.93 2701.70 5018.13 2708.03 5109.17 2639.18 5113.96
26071-300-M6-053-00309 0.06446003913879395 1250.72 5692.98 1344.15 5693.49 1343.90 5740.94 1250.47 5740.43
26071-750-M6-085-00007 0.05270209163427353 4737.10 4746.25 4861.44 4745.07 4862.24 4829.52 4737.90 4830.69
26071-203-M6-337-00031 0.06976688653230667 4800.13 607.27 4894.49 608.95 4893.64 656.74 4799.28 655.05
26071-200-M6-052-00150 0.14853622019290924 1371.34 2399.01 1468.77 2402.55 1465.62 2489.32 1368.19 2485.78
26071-200-M6-052-00150 0.0947050154209137 4227.23 5836.78 4288.95 5842.95 4275.58 5976.78 4213.86 5970.61
26071-200-M6-052-00150 0.07588926702737808 5516.03 5839.85 5577.78 5836.31 5585.81 5976.29 5524.06 5979.84
26071-200-M6-052-00150 0.060977887362241745 4491.66 3086.62 4586.20 3085.61 4586.72 3134.10 4492.18 3135.11
26071-200-M6-052-00150 0.053244296461343765 2492.64 3087.81 2587.67 3085.17 2589.01 3133.62 2493.98 3136.25
26071-500-M6-059-00071 0.06700734794139862 7289.38 3574.49 7366.64 3582.61 7359.79 3647.80 7282.53 3639.67
26071-500-M6-059-00071 0.06144797429442406 5521.32 3886.43 5602.06 3887.40 5600.79 3992.88 5520.05 3991.90
26071-500-M6-059-00071 0.054306261241436005 3988.45 2083.52 4087.85 2083.72 4087.74 2138.41 3988.34 2138.21
26071-500-M6-059-00116 0.09757093340158463 5108.25 1331.03 5180.37 1341.01 5169.89 1416.80 5097.77 1406.82
26071-500-M6-059-00116 0.07314391434192657 3283.57 4917.09 3332.37 4917.83 3331.15 4996.88 3282.36 4996.14
26071-550-M6-084-00026 0.05821680277585983 7228.43 3468.94 7323.16 3467.43 7323.92 3515.71 7229.20 3517.21
26071-200-M6-052-00090 0.18917912244796753 2997.44 6047.84 3090.05 6049.48 3089.23 6096.12 2996.62 6094.48
26071-200-M6-052-00090 0.14242443442344666 8127.09 3613.40 8175.30 3614.54 8173.09 3708.91 8124.87 3707.77
26071-200-M6-052-00090 0.13443785905838013 6413.94 2725.40 6461.58 2725.37 6461.63 2818.91 6414.00 2818.94
26071-200-M6-052-00090 0.13208624720573425 5207.45 4374.89 5275.84 4369.30 5283.06 4457.62 5214.67 4463.21
26071-200-M6-052-00090 0.13127544522285461 3189.65 6047.58 3281.61 6046.60 3282.12 6094.07 3190.16 6095.05
26071-200-M6-052-00090 0.12722088396549225 3662.39 6046.72 3755.12 6045.97 3755.51 6093.27 3662.78 6094.02
26071-200-M6-052-00090 0.12281631678342819 2195.09 4372.90 2263.51 4368.36 2269.39 4457.07 2200.97 4461.61
26071-200-M6-052-00090 0.12147647887468338 8125.61 3814.72 8173.55 3814.90 8173.20 3909.67 8125.26 3909.49
26071-200-M6-052-00090 0.12050145864486694 3852.99 6047.66 3945.32 6047.24 3945.54 6094.34 3853.20 6094.75
26071-200-M6-052-00090 0.08917398750782013 2576.14 6518.56 2623.92 6519.36 2622.34 6613.57 2574.55 6612.77
26071-200-M6-052-00090 0.08776888251304626 6413.72 5052.13 6460.78 5051.24 6462.56 5145.45 6415.50 5146.35
26071-200-M6-052-00090 0.08215957880020142 6412.84 2905.67 6461.79 2905.88 6461.39 2998.66 6412.44 2998.45
26071-200-M6-052-00090 0.08178570866584778 6414.02 5222.05 6461.97 5223.18 6459.75 5317.84 6411.79 5316.71
26071-200-M6-052-00090 0.07093685865402222 3400.07 1075.47 3446.98 1075.38 3447.17 1171.21 3400.26 1171.31
26071-200-M6-052-00090 0.06120816990733147 6158.71 3962.39 6231.84 3968.27 6221.15 4101.24 6148.02 4095.36
26071-200-M6-052-00090 0.05349176749587059 3159.72 4011.79 3233.05 4034.28 3208.56 4114.08 3135.24 4091.59
26071-600-M6-065-00037 0.0506417453289032 2522.16 3154.75 2598.71 3183.89 2586.72 3215.39 2510.16 3186.25
26071-203-M6-320-00042 0.10671038925647736 3204.18 2866.54 3296.02 2888.09 3274.91 2978.03 3183.07 2956.47
26071-600-M6-066-00002 0.1809932142496109 4213.83 3739.05 4291.12 3732.73 4298.28 3820.21 4220.98 3826.53
26071-600-M6-066-00002 0.0828571692109108 4197.90 2694.29 4288.11 2681.19 4304.69 2795.38 4214.48 2808.48
26071-203-M6-060-00001 0.0504414327442646 3615.41 1372.56 3706.44 1372.43 3706.48 1404.97 3615.45 1405.10
26071-203-M6-060-00006 0.054114025086164474 3225.75 3011.36 3293.92 3014.67 3289.38 3108.27 3221.21 3104.96
26071-300-M6-053-00012 0.05398610606789589 5030.65 3399.11 5154.47 3401.98 5152.54 3485.38 5028.71 3482.51
26071-200-M6-062-00276 0.05663537606596947 2385.53 4602.98 2506.23 4588.54 2516.38 4673.44 2395.68 4687.87
26071-600-M6-065-00021 0.0837530791759491 1394.73 1499.24 1486.60 1501.94 1485.23 1548.47 1393.37 1545.77
26071-600-M6-065-00021 0.05307099223136902 5371.34 2915.99 5493.72 2916.75 5493.21 3000.07 5370.82 2999.31
26071-500-M6-059-00013 0.14286740124225616 7400.38 2003.98 7471.08 2014.54 7457.72 2103.98 7387.02 2093.42
26071-500-M6-059-00044 0.14687488973140717 1311.80 3586.53 1378.37 3649.80 1314.58 3716.92 1248.01 3653.64
26071-500-M6-059-00044 0.10017533600330353 1102.25 3578.03 1192.26 3645.54 1140.19 3714.96 1050.18 3647.46
26071-500-M6-059-00044 0.08419442921876907 3106.47 2004.54 3201.67 2004.95 3201.45 2056.90 3106.24 2056.49
26071-500-M6-059-00044 0.07265212386846542 2515.95 2004.36 2610.82 2004.34 2610.83 2055.49 2515.96 2055.51
26071-500-M6-059-00044 0.06192410737276077 1465.14 2005.32 1559.92 2005.86 1559.64 2056.12 1464.85 2055.58
26071-675-M6-068-10002 0.054559942334890366 2262.69 5331.01 2325.36 5381.95 2276.58 5441.97 2213.91 5391.02
26071-750-M6-085-00012 0.09407828748226166 1852.78 3685.78 1918.46 3686.64 1917.86 3732.10 1852.18 3731.24
26071-750-M6-085-00012 0.08908163011074066 7950.40 2375.78 7999.30 2378.24 7994.70 2469.42 7945.80 2466.95
26071-750-M6-085-00012 0.07396476715803146 4288.60 3304.84 4337.08 3306.12 4335.25 3375.39 4286.78 3374.11
26071-750-M6-085-00012 0.069351926445961 6472.29 3306.23 6520.31 3306.98 6519.25 3374.65 6471.23 3373.89
26071-600-M6-066-00003 0.0553625263273716 7770.77 5237.97 7837.61 5239.41 7836.34 5297.95 7769.51 5296.51
26071-750-M6-085-00309 0.051882948726415634 4320.20 2270.37 4439.14 2273.04 4438.04 2321.97 4319.10 2319.30
