26071-200-M6-052-00001 0.09657824784517288 2364.66 3376.03 2562.66 3374.65 2564.04 3572.76 2366.04 3574.14
26071-500-M6-059-00017 0.08277919888496399 5790.41 3748.59 6276.37 3753.42 6274.35 3956.21 5788.40 3951.38
26071-500-M6-059-00017 0.07847179472446442 3819.50 3724.00 4220.00 3772.55 4196.95 3962.72 3796.45 3914.17
26071-500-M6-059-00017 0.07658513635396957 1789.14 3746.58 2265.63 3712.77 2279.42 3906.98 1802.92 3940.79
26071-200-M6-052-00539 0.1026172786951065 3189.29 5386.22 3380.68 5382.45 3384.73 5588.20 3193.33 5591.96
26071-500-M6-059-00248 0.0522826686501503 4432.84 4417.35 4633.21 4393.66 4661.55 4633.34 4461.18 4657.03
26071-500-M6-059-00040 0.053988266736269 3628.10 2817.25 3794.86 2834.51 3776.43 3012.66 3609.67 2995.41
26071-550-M6-084-00248 0.0740814134478569 5177.50 3958.41 5348.76 3974.79 5330.62 4164.45 5159.37 4148.08
26071-200-M6-052-00080 0.06515247374773026 7085.11 3863.18 7271.66 3855.96 7279.95 4070.44 7093.41 4077.65
26071-200-M6-052-00080 0.060150425881147385 3657.84 3860.95 3845.32 3855.06 3852.19 4073.74 3664.71 4079.63
26071-300-M6-053-00309 0.10041575133800507 3345.88 3141.73 3490.31 2998.96 3720.21 3231.53 3575.78 3374.30
26071-300-M6-053-00309 0.08677881956100464 3358.56 5183.22 3549.71 5165.11 3572.90 5409.90 3381.75 5428.01
26071-300-M6-053-00309 0.07325446605682373 5487.96 4685.12 5653.72 4705.86 5631.58 4882.86 5465.81 4862.12
26071-450-M6-082-00009 0.10358987003564835 3660.70 4501.99 3840.23 4490.54 3855.29 4726.41 3675.75 4737.87
26071-750-M6-085-00007 0.05240588262677193 3680.88 2614.12 4141.09 2616.82 4140.08 2788.67 3679.87 2785.97
26071-203-M6-337-00031 0.13410815596580505 4709.27 1992.76 5062.48 1979.14 5069.18 2152.98 4715.98 2166.60
26071-203-M6-337-00031 0.12347489595413208 4696.79 3124.58 5061.28 3118.83 5064.06 3295.17 4699.57 3300.92
26071-203-M6-337-00031 0.11840321123600006 4695.05 1629.95 5051.71 1604.08 5064.64 1782.39 4707.98 1808.26
26071-203-M6-337-00031 0.11670295149087906 4715.33 1271.41 5064.70 1264.24 5068.15 1432.14 4718.77 1439.31
26071-203-M6-337-00031 0.11096134036779404 6402.87 534.80 6588.23 527.92 6596.78 758.08 6411.42 764.96
26071-203-M6-337-00031 0.1106308251619339 4712.83 2373.26 5049.69 2357.50 5058.20 2539.35 4721.34 2555.11
26071-203-M6-337-00031 0.10390575975179672 6414.07 1158.66 6588.40 1159.62 6587.26 1367.85 6412.93 1366.89
26071-203-M6-337-00031 0.10114416480064392 4708.55 2768.20 5071.20 2763.88 5073.26 2936.82 4710.61 2941.15
26071-203-M6-337-00031 0.09470099955797195 3535.49 1649.35 3717.65 1618.72 3753.45 1831.63 3571.29 1862.26
26071-203-M6-337-00031 0.09280100464820862 3539.23 1289.13 3720.02 1262.00 3751.49 1471.70 3570.70 1498.83
26071-203-M6-337-00031 0.07665730267763138 4954.12 1819.13 5022.36 1828.53 5005.65 1949.78 4937.41 1940.38
26071-203-M6-337-00031 0.07562937587499619 4954.53 1098.09 5022.68 1108.23 5004.49 1230.52 4936.34 1220.39
26071-203-M6-337-00031 0.07114440947771072 2208.67 2491.26 2386.36 2509.21 2364.06 2729.92 2186.37 2711.97
26071-203-M6-337-00031 0.06249845772981644 4953.40 2599.33 5021.31 2608.06 5005.27 2732.77 4937.36 2724.04
26071-203-M6-337-00031 0.06001491844654083 5628.68 2094.94 5803.56 2125.63 5771.92 2305.92 5597.05 2275.23
26071-203-M6-337-00031 0.057342130690813065 2729.92 2226.91 2920.95 2235.69 2907.50 2528.61 2716.47 2519.84
26071-203-M6-337-00031 0.057311348617076874 5371.24 693.93 5485.77 595.29 5670.55 809.83 5556.02 908.47
26071-203-M6-337-00031 0.05455078184604645 5620.00 1097.17 5807.05 1124.14 5780.81 1306.17 5593.76 1279.21
26071-203-M6-337-00031 0.0526433102786541 5615.88 1762.69 5789.46 1767.72 5784.58 1935.95 5611.00 1930.92
26071-203-M6-337-00031 0.05196594074368477 4856.31 2857.42 5169.28 3118.74 5062.30 3246.87 4749.33 2985.55
26071-203-M6-337-00031 0.05186660215258598 3659.85 586.32 4041.66 565.46 4054.36 797.91 3672.55 818.77
26071-203-M6-337-00031 0.05015799403190613 2728.24 1863.85 2922.32 1867.21 2917.49 2146.73 2723.41 2143.37
26071-200-M6-052-00150 0.16366969048976898 3433.06 1867.23 3811.06 1876.81 3805.14 2110.11 3427.15 2100.53
26071-500-M6-059-00116 0.08844558894634247 5891.60 5582.03 6072.90 5536.17 6128.44 5755.74 5947.14 5801.60
26071-500-M6-059-00116 0.05754820629954338 3577.55 2412.05 3732.24 2400.27 3747.24 2597.22 3592.55 2609.00
26071-550-M6-084-00026 0.07075750082731247 2199.35 3302.34 2368.30 3303.53 2367.12 3470.40 2198.17 3469.20
26071-550-M6-084-00026 0.06588158011436462 4554.93 3285.79 4727.50 3296.71 4716.34 3473.02 4543.77 3462.10
26071-200-M6-052-00090 0.05772631987929344 3305.47 3456.96 3493.43 3448.00 3503.04 3649.71 3315.08 3658.67
26071-200-M6-052-00090 0.0561467669904232 6316.54 3454.87 6506.11 3448.45 6513.30 3660.80 6323.74 3667.23
26071-200-M6-052-00090 0.0518089234828949 6404.26 5080.64 6442.97 5066.24 6470.29 5139.72 6431.58 5154.11
26071-300-M6-053-00010 0.06681828200817108 1888.01 4314.83 2086.90 4320.63 2080.84 4528.24 1881.96 4522.45
26071-203-M6-160-00291 0.07061514258384705 2737.27 5288.32 2913.26 5292.71 2908.99 5464.06 2732.99 5459.66
26071-203-M6-160-00291 0.06048087403178215 5230.56 5301.25 5408.84 5304.92 5405.35 5475.13 5227.06 5471.47
26071-200-M6-063-00010 0.07497797906398773 2360.20 3961.79 2582.07 3964.72 2579.36 4170.05 2357.49 4167.12
26071-203-M6-060-00006 0.08600285649299622 3269.05 4200.11 3740.97 4205.33 3738.67 4413.56 3266.75 4408.35
26071-203-M6-060-00006 0.08346081525087357 2767.99 4196.95 3164.19 4233.46 3146.88 4421.27 2750.69 4384.76
26071-203-M6-060-00006 0.06402231007814407 5910.26 4102.06 6265.74 4094.46 6269.35 4263.70 5913.88 4271.30
26071-300-M6-053-00012 0.07070174813270569 3920.73 5663.98 4107.05 5661.83 4109.57 5880.95 3923.26 5883.10
26071-300-M6-053-00012 0.060669347643852234 5134.13 2272.73 5672.54 2265.23 5675.36 2467.10 5136.95 2474.61
26071-300-M6-053-00012 0.05936608463525772 5824.05 5653.97 6010.03 5663.36 5999.36 5874.84 5813.38 5865.46
26071-300-M6-053-00012 0.05607141926884651 4952.98 2276.36 5151.16 2296.23 5132.97 2477.73 4934.79 2457.87
26071-675-M6-068-00034 0.08350183814764023 3424.47 4856.70 3876.65 4820.37 3892.29 5015.10 3440.12 5051.42
26071-675-M6-068-00034 0.07148700952529907 2662.88 4850.55 3113.16 4833.67 3120.71 5035.14 2670.43 5052.02
26071-450-M6-082-00031 0.07830221205949783 2888.25 3230.20 3072.88 3239.68 3062.90 3433.86 2878.27 3424.37
26071-200-M6-062-00276 0.08933688700199127 3824.89 3701.95 4003.26 3714.06 3986.53 3960.28 3808.17 3948.17
26071-600-M6-065-00021 0.05741323158144951 3477.71 5348.18 3674.80 5370.17 3650.41 5588.65 3453.33 5566.65
26071-600-M6-065-00021 0.055586572736501694 5214.96 5348.60 5409.97 5370.35 5385.51 5589.62 5190.50 5567.86
26071-500-M6-059-00013 0.06985567510128021 2878.58 4893.75 3316.12 4882.81 3321.90 5114.19 2884.36 5125.13
26071-500-M6-059-00044 0.06715542078018188 2896.41 4962.60 2963.51 4967.67 2954.78 5083.13 2887.68 5078.06
26071-500-M6-059-00044 0.06269563734531403 6472.53 4962.82 6539.23 4965.02 6535.29 5084.03 6468.59 5081.82
26071-500-M6-059-00044 0.058271948248147964 3876.43 4345.06 3947.48 4340.80 3955.49 4474.45 3884.44 4478.71
26071-500-M6-059-00044 0.054512739181518555 1793.25 4467.95 1856.74 4474.56 1845.42 4583.21 1781.93 4576.60
26071-500-M6-059-00044 0.05084437131881714 3315.08 4440.99 3407.41 4450.23 3392.97 4594.38 3300.64 4585.13
26071-200-M6-052-00093 0.11120057106018066 3875.64 2236.54 4079.87 2232.83 4083.84 2451.64 3879.61 2455.35
26071-200-M6-052-00093 0.10792846977710724 3869.57 1468.05 4072.24 1459.94 4080.98 1678.21 3878.31 1686.33
26071-200-M6-052-00093 0.10463009029626846 3871.35 3828.71 4077.33 3828.24 4077.83 4046.87 3871.86 4047.34
26071-200-M6-052-00093 0.09016956388950348 3881.54 4481.25 4086.26 4486.35 4080.73 4708.69 3876.01 4703.59
26071-200-M6-052-00002 0.10835796594619751 2829.32 3117.20 3022.24 3103.24 3036.48 3299.91 2843.56 3313.87
26071-675-M6-068-10002 0.05388178676366806 4553.46 1583.26 5114.15 1577.92 5115.80 1751.41 4555.12 1756.75
26071-675-M6-068-10002 0.05367813631892204 3756.88 1594.47 4244.66 1581.56 4248.87 1740.90 3761.10 1753.80
26071-750-M6-085-00012 0.11009727418422699 2957.25 5132.17 3082.71 5039.17 3231.20 5239.48 3105.74 5332.48
26071-750-M6-085-00012 0.10620725899934769 1632.40 2038.32 1796.19 2071.79 1759.19 2252.83 1595.40 2219.35
26071-750-M6-085-00012 0.07713384181261063 5024.71 3717.56 5347.28 3827.32 5302.79 3958.06 4980.23 3848.31
26071-750-M6-085-00012 0.07506326586008072 2342.42 4252.91 2809.32 4269.33 2802.76 4455.84 2335.86 4439.42
26071-750-M6-085-00012 0.07333088666200638 5007.60 5114.78 5380.69 5110.64 5382.22 5248.27 5009.13 5252.41
26071-750-M6-085-00012 0.07084766030311584 2943.97 3600.20 3207.82 3661.29 3178.61 3787.44 2914.76 3726.35
26071-750-M6-085-00012 0.06753934919834137 7482.17 5055.41 7701.17 5182.32 7632.90 5300.11 7413.91 5173.20
26071-750-M6-085-00012 0.06432516127824783 7480.73 3696.10 7698.70 3793.24 7643.07 3918.07 7425.10 3820.92
26071-750-M6-085-00012 0.06287984549999237 2683.72 3657.85 2830.60 3595.03 2925.95 3818.01 2779.07 3880.82
26071-750-M6-085-00012 0.06115961819887161 3082.76 4260.29 3568.95 4259.04 3569.45 4455.41 3083.27 4456.66
26071-750-M6-085-00012 0.06039760634303093 2673.16 5125.86 2808.94 5045.74 2933.33 5256.53 2797.54 5336.65
26071-750-M6-085-00012 0.055464331060647964 7241.12 4247.22 7680.62 4238.76 7684.78 4454.76 7245.27 4463.22
26071-750-M6-085-00012 0.05543528124690056 5087.70 4232.51 5491.28 4244.61 5484.61 4467.03 5081.03 4454.93
26071-750-M6-085-00012 0.05488697811961174 7242.59 5051.97 7457.92 5198.84 7368.58 5329.82 7153.25 5182.95
26071-750-M6-085-00012 0.05184077471494675 7160.14 3777.60 7264.55 3693.42 7434.92 3904.70 7330.51 3988.89
26071-750-M6-085-00012 0.05049797147512436 1086.31 1791.53 1179.40 1787.48 1185.95 1938.01 1092.86 1942.06
26071-750-M6-085-00309 0.09552258253097534 2940.00 3581.40 3121.20 3592.70 3108.78 3791.87 2927.58 3780.57
