26071-200-M6-052-00001 0.8699480295181274 3101.22 3354.97 3302.15 3384.26 3271.77 3592.68 3070.84 3563.39
26071-200-M6-052-00001 0.16875207424163818 2377.83 3366.21 2544.14 3362.95 2547.83 3550.63 2381.51 3553.90
26071-200-M6-052-00001 0.05342225730419159 3164.61 3301.29 3211.81 3297.50 3213.22 3315.04 3166.02 3318.83
26071-200-M6-052-00001 0.0532054603099823 5880.76 2398.63 5928.43 2397.95 5928.67 2415.24 5881.00 2415.91
26071-200-M6-052-00001 0.05038309842348099 2525.74 3302.52 3146.91 3274.03 3158.19 3520.09 2537.02 3548.58
26071-500-M6-059-00017 0.23716318607330322 5774.29 3728.82 5928.64 3748.69 5904.09 3939.41 5749.75 3919.54
26071-500-M6-059-00017 0.1846422255039215 3733.12 3820.17 3868.16 3687.41 4042.37 3864.60 3907.33 3997.37
26071-500-M6-059-00017 0.17848986387252808 1747.51 3748.51 1926.53 3721.44 1956.68 3920.87 1777.66 3947.94
26071-500-M6-059-00017 0.07042277604341507 2026.47 3821.87 2164.76 3700.68 2322.04 3880.17 2183.75 4001.35
26071-500-M6-059-00017 0.06636843085289001 6158.08 3648.83 6426.01 3904.93 6289.45 4047.80 6021.52 3791.69
26071-500-M6-059-00017 0.05289518088102341 4006.53 3707.80 4366.52 3807.65 4315.01 3993.37 3955.02 3893.52
26071-600-M6-066-00012 0.07914482057094574 5364.04 1298.37 5464.81 1290.30 5501.62 1749.81 5400.86 1757.89
26071-600-M6-066-00012 0.054943233728408813 3165.06 3767.68 3211.84 3766.21 3212.38 3783.48 3165.60 3784.96
26071-200-M6-052-00539 0.9248713254928589 3918.41 5375.37 4103.28 5370.23 4109.17 5581.68 3924.29 5586.82
26071-200-M6-052-00539 0.09176349639892578 3673.48 5428.83 3839.41 5321.06 4022.89 5603.54 3856.96 5711.31
26071-200-M6-052-00539 0.07595494389533997 3210.99 5378.87 3406.27 5388.46 3396.38 5589.91 3201.10 5580.32
26071-200-M6-052-00539 0.06770909577608109 5177.60 6037.80 5331.30 6046.97 5322.21 6199.32 5168.51 6190.14
26071-200-M6-052-00539 0.06406965106725693 6104.76 4202.46 6176.39 4195.88 6203.61 4492.35 6131.97 4498.93
26071-200-M6-052-00539 0.05171777307987213 2338.84 3224.46 2491.18 3216.22 2506.30 3495.77 2353.96 3504.01
26071-500-M6-059-00248 0.17013713717460632 4415.86 4424.74 4612.90 4415.60 4623.19 4637.45 4426.15 4646.59
26071-500-M6-059-00248 0.1433243602514267 4560.98 4422.87 5105.81 4404.81 5113.29 4630.51 4568.46 4648.58
26071-203-M6-325-00012 0.09991573542356491 267.67 3033.20 815.03 3010.54 817.61 3072.89 270.25 3095.56
26071-203-M6-325-00012 0.08702852576971054 5999.64 742.61 6086.36 662.66 6173.48 757.15 6086.77 837.10
26071-203-M6-325-00012 0.07967442274093628 271.47 5726.59 814.71 5718.33 815.69 5782.83 272.45 5791.09
26071-203-M6-325-00012 0.06050139293074608 257.68 2399.82 801.37 2395.33 801.88 2457.84 258.19 2462.32
26071-203-M6-325-00012 0.05910712480545044 5763.00 663.55 5877.08 731.39 5819.37 828.44 5705.29 760.60
26071-700-M6-054-00246 0.0763239860534668 2784.63 4284.25 2903.79 4308.25 2880.69 4422.95 2761.52 4398.94
26071-700-M6-054-00246 0.07494587451219559 4333.08 3143.36 4463.22 3168.65 4420.97 3386.02 4290.83 3360.73
26071-700-M6-054-00246 0.0650499016046524 3895.99 4293.77 4012.78 4291.10 4015.67 4417.88 3898.88 4420.54
26071-700-M6-054-00246 0.0629815012216568 3611.71 4286.59 3730.54 4307.40 3709.68 4426.48 3590.86 4405.67
26071-700-M6-054-00246 0.05634506419301033 7616.66 2696.69 7734.37 2712.89 7717.76 2833.57 7600.05 2817.37
26071-700-M6-054-00246 0.0504615418612957 3021.28 4286.37 3139.16 4307.00 3117.86 4428.66 2999.99 4408.03
26071-500-M6-059-00040 0.11576235294342041 4078.63 4656.40 4265.42 4638.40 4289.43 4887.47 4102.63 4905.47
26071-500-M6-059-00040 0.11149896681308746 3608.10 2841.53 3785.37 2833.00 3794.25 3017.65 3616.99 3026.18
26071-500-M6-059-00040 0.08986052870750427 2786.20 4638.00 2967.94 4633.65 2974.36 4902.71 2792.63 4907.05
26071-203-M6-333-00010 0.0854005366563797 4565.30 286.24 4627.76 287.93 4613.19 829.05 4550.73 827.37
26071-750-M6-085-00286 0.06935733556747437 3048.14 1229.32 3178.47 1329.78 3076.12 1462.56 2945.79 1362.09
26071-550-M6-084-00248 0.20974300801753998 4425.96 3943.17 4608.23 3949.00 4601.87 4148.06 4419.59 4142.23
26071-550-M6-084-00248 0.1266648769378662 4570.72 3962.10 5112.74 3936.10 5123.51 4160.52 4581.49 4186.52
26071-550-M6-084-00248 0.09141780436038971 5136.78 3948.41 5312.00 3948.16 5312.29 4153.18 5137.07 4153.42
26071-203-M6-332-00008 0.05594242736697197 4153.29 632.82 4681.62 629.17 4682.09 697.84 4153.76 701.49
26071-200-M6-052-00080 0.8976505398750305 3677.97 3847.37 3876.05 3880.60 3840.26 4093.97 3642.18 4060.74
26071-200-M6-052-00080 0.8722842931747437 7104.97 3850.96 7287.94 3863.09 7273.62 4079.15 7090.65 4067.03
26071-200-M6-052-00080 0.09973106533288956 6891.94 3780.24 7182.32 3979.32 7075.99 4134.40 6785.62 3935.32
26071-200-M6-052-00080 0.09753046929836273 3447.63 3787.56 3749.94 3984.25 3648.10 4140.78 3345.79 3944.09
26071-200-M6-052-00080 0.08141206949949265 6972.46 1578.54 7092.92 1586.07 7085.32 1707.68 6964.86 1700.15
26071-200-M6-052-00080 0.06652573496103287 669.98 5178.61 788.99 5190.59 776.76 5312.05 657.75 5300.07
26071-200-M6-052-00080 0.0637260302901268 3909.47 4876.27 4027.59 4899.52 4004.02 5019.21 3885.91 4995.95
26071-200-M6-052-00080 0.06039910763502121 2985.04 3843.13 3140.28 3771.48 3249.31 4007.70 3094.07 4079.35
26071-200-M6-052-00080 0.05448950082063675 3542.85 1579.98 3662.23 1582.85 3659.34 1703.08 3539.95 1700.20
26071-200-M6-052-00080 0.053285736590623856 2068.38 2521.30 2188.69 2528.11 2181.97 2646.85 2061.66 2640.05
26071-200-M6-052-00080 0.05035535618662834 6176.28 3761.99 6919.92 3789.71 6911.01 4028.71 6167.37 4000.98
26071-203-M6-321-00604 0.10710190236568451 3631.72 5362.93 3690.03 5368.66 3634.32 5935.39 3576.01 5929.66
26071-203-M6-321-00604 0.07542811334133148 3915.33 5406.53 3976.68 5410.50 3942.86 5933.69 3881.51 5929.72
26071-203-M6-321-00604 0.07529444247484207 4347.52 5387.14 4408.61 5386.93 4410.37 5920.44 4349.27 5920.64
26071-203-M6-321-00604 0.06965355575084686 2239.35 5394.65 2299.52 5391.97 2323.59 5933.20 2263.43 5935.88
26071-203-M6-321-00604 0.059382785111665726 4127.22 5581.00 4187.33 5586.80 4153.88 5933.44 4093.77 5927.64
26071-203-M6-321-00604 0.05873238295316696 3274.58 5593.45 3333.21 5594.26 3328.83 5910.10 3270.19 5909.28
26071-300-M6-053-00309 0.14363202452659607 4078.74 5182.04 4240.71 5161.78 4269.56 5392.51 4107.59 5412.76
26071-300-M6-053-00309 0.12620015442371368 4053.83 3038.96 4229.76 3018.76 4259.50 3277.68 4083.57 3297.89
26071-300-M6-053-00309 0.10714903473854065 3357.19 5195.95 3516.76 5203.98 3506.29 5411.95 3346.72 5403.92
26071-300-M6-053-00309 0.10165805369615555 3355.78 3044.82 3540.34 3059.09 3523.46 3277.53 3338.90 3263.27
26071-300-M6-053-00309 0.0716123878955841 2493.83 4433.88 2626.35 4466.01 2587.12 4627.82 2454.59 4595.69
26071-300-M6-053-00309 0.06025251746177673 5939.72 1991.60 6090.44 1990.91 6091.46 2215.18 5940.74 2215.87
26071-300-M6-053-00309 0.05829156935214996 6035.28 1139.92 6167.33 1149.22 6149.14 1407.74 6017.09 1398.45
26071-300-M6-053-00309 0.05656834691762924 2696.67 2447.03 2852.99 2459.80 2840.28 2615.43 2683.96 2602.66
26071-300-M6-053-00309 0.05266914516687393 4876.11 6148.59 5038.82 6170.71 5015.85 6339.65 4853.14 6317.53
26071-450-M6-082-00009 0.15073361992835999 5983.76 5433.35 6144.09 5453.71 6121.41 5632.41 5961.08 5612.05
26071-450-M6-082-00009 0.14050741493701935 3668.74 4504.02 3858.96 4493.93 3872.53 4749.97 3682.32 4760.06
26071-450-M6-082-00009 0.09878966957330704 923.55 5966.07 1060.42 5980.14 1044.54 6134.66 907.67 6120.59
26071-450-M6-082-00009 0.07005053013563156 3646.66 5235.47 3821.59 5221.01 3841.60 5463.15 3666.66 5477.61
26071-450-M6-082-00009 0.05605652555823326 6654.65 2387.73 6672.07 2385.83 6677.26 2433.23 6659.85 2435.14
26071-450-M6-082-00009 0.054632458835840225 4501.55 3639.69 4618.90 3659.53 4598.62 3779.53 4481.27 3759.69
26071-200-M6-052-00552 0.0539008304476738 3843.12 2407.85 4242.13 2506.83 4198.10 2684.32 3799.09 2585.34
26071-750-M6-085-00007 0.15274465084075928 4971.98 3538.92 5107.15 3537.84 5109.93 3885.81 4974.77 3886.89
26071-750-M6-085-00007 0.0634244978427887 2776.81 2627.87 2933.08 2623.67 2937.83 2800.19 2781.55 2804.39
26071-750-M6-085-00007 0.055520087480545044 2430.50 2542.83 2656.40 2684.34 2569.89 2822.45 2343.98 2680.94
26071-203-M6-064-00271 0.09018010646104813 355.43 4853.03 887.32 4859.48 886.54 4923.60 354.66 4917.15
26071-203-M6-064-00271 0.0831025168299675 4165.20 6201.80 4285.20 6200.35 4287.24 6368.36 4167.24 6369.82
26071-203-M6-064-00271 0.07547521591186523 1897.66 3397.05 2018.05 3408.98 2006.87 3521.77 1886.48 3509.84
26071-203-M6-064-00271 0.06721173226833344 6562.54 3727.63 6683.26 3719.70 6695.81 3910.89 6575.08 3918.81
26071-203-M6-064-00271 0.06326469033956528 5667.18 1466.82 5788.10 1461.68 5796.58 1661.22 5675.66 1666.36
26071-203-M6-064-00271 0.0584842674434185 6408.09 3397.39 6524.63 3408.37 6513.58 3525.71 6397.04 3514.73
26071-203-M6-064-00271 0.056235697120428085 356.02 2618.62 898.12 2610.51 899.05 2672.40 356.94 2680.51
26071-203-M6-064-00271 0.055885378271341324 5962.00 1473.65 6081.76 1465.56 6094.77 1658.12 5975.01 1666.21
26071-203-M6-064-00271 0.05064527690410614 5371.95 1469.36 5491.51 1467.60 5494.46 1668.10 5374.89 1669.86
26071-203-M6-337-00031 0.1434842348098755 4819.42 1950.94 5051.55 2055.23 4995.81 2179.28 4763.69 2074.99
26071-203-M6-337-00031 0.14193470776081085 5611.04 2510.64 5805.13 2521.86 5794.76 2701.33 5600.67 2690.12
26071-203-M6-337-00031 0.14150549471378326 5634.61 2098.15 5802.31 2128.51 5768.47 2315.46 5600.77 2285.10
26071-203-M6-337-00031 0.13806046545505524 4813.57 1229.88 5050.84 1332.60 4996.69 1457.67 4759.43 1354.95
26071-203-M6-337-00031 0.12979471683502197 5589.95 1196.97 5702.05 1117.75 5824.47 1290.98 5712.37 1370.20
26071-203-M6-337-00031 0.12485267966985703 4731.76 1611.31 5057.61 1617.00 5054.52 1793.92 4728.67 1788.23
26071-203-M6-337-00031 0.11352813243865967 4704.84 3099.44 5132.10 3104.39 5129.77 3305.97 4702.51 3301.02
26071-203-M6-337-00031 0.1108396127820015 4706.52 2740.98 5145.44 2745.68 5143.44 2932.40 4704.52 2927.70
26071-203-M6-337-00031 0.10452017933130264 4698.16 2352.86 5152.29 2364.63 5147.37 2554.17 4693.25 2542.40
26071-203-M6-337-00031 0.10409688949584961 5626.36 1750.64 5801.55 1775.27 5777.08 1949.33 5601.89 1924.70
26071-203-M6-337-00031 0.10184270888566971 5622.11 1406.88 5835.00 1524.08 5766.36 1648.77 5553.46 1531.57
26071-203-M6-337-00031 0.08612504601478577 5603.57 2878.59 5792.98 2871.66 5799.67 3054.57 5610.26 3061.50
26071-203-M6-337-00031 0.08270194381475449 2713.26 1828.13 2911.14 1818.23 2923.87 2072.56 2725.99 2082.47
26071-203-M6-337-00031 0.07614943385124207 3519.17 1293.37 3688.43 1265.46 3717.48 1441.62 3548.22 1469.53
26071-203-M6-337-00031 0.0705418661236763 3578.96 624.56 3769.22 610.76 3784.95 827.54 3594.69 841.35
26071-203-M6-337-00031 0.058492932468652725 4821.26 1371.71 5137.70 1485.55 5085.98 1629.33 4769.54 1515.50
26071-203-M6-337-00031 0.056229252368211746 4789.21 2876.76 5139.46 2963.75 5100.34 3121.27 4750.08 3034.28
26071-203-M6-337-00031 0.055025793612003326 2783.57 2287.83 2870.62 2296.08 2847.29 2542.11 2760.24 2533.85
26071-203-M6-337-00031 0.05411619693040848 3794.92 662.27 3956.95 531.86 4134.74 752.77 3972.70 883.17
26071-203-M6-337-00031 0.053426593542099 4865.42 2152.70 4975.07 2090.21 5146.83 2391.57 5037.17 2454.06
26071-203-M6-337-00031 0.05249396711587906 4823.90 1081.60 5156.88 1315.43 5085.05 1417.72 4752.07 1183.90
26071-203-M6-337-00031 0.05119320750236511 4933.61 1741.43 5143.20 1937.63 5032.86 2055.49 4823.28 1859.29
26071-203-M6-332-00001 0.0635182335972786 4599.04 3007.59 4759.72 3035.53 4723.98 3241.09 4563.30 3213.15
26071-203-M6-332-00001 0.050490595400333405 4889.90 1532.19 5038.60 1544.41 5025.80 1700.03 4877.11 1687.81
26071-203-M6-079-00001 0.07153323292732239 351.65 3916.27 899.43 3912.90 899.81 3974.12 352.02 3977.49
26071-200-M6-052-00003 0.05941691994667053 7566.73 1278.69 7687.39 1291.39 7674.51 1413.73 7553.86 1401.03
26071-200-M6-052-00003 0.05387810990214348 1770.55 4831.52 1887.59 4836.46 1882.57 4955.21 1765.53 4950.26
26071-200-M6-052-00003 0.051462091505527496 3413.51 5111.33 3530.02 5134.39 3506.55 5252.92 3390.05 5229.86
26071-200-M6-052-00003 0.05131325498223305 5383.18 5703.37 5499.04 5725.05 5476.49 5845.60 5360.63 5823.93
26071-203-M6-320-00060 0.06039588898420334 3878.47 2626.42 3997.01 2646.06 3977.97 2760.97 3859.43 2741.33
26071-203-M6-321-00225 0.08738916367292404 293.39 5457.07 839.25 5463.25 838.57 5523.61 292.70 5517.43
26071-203-M6-321-00225 0.0531589537858963 279.74 1799.14 874.41 1781.65 876.37 1848.18 281.70 1865.67
26071-700-M6-054-00036 0.9104987382888794 3761.08 3497.74 3945.00 3479.15 3966.39 3690.81 3782.47 3709.40
26071-700-M6-054-00036 0.1176435574889183 4586.64 4699.19 4736.26 4720.20 4709.61 4910.03 4559.99 4889.02
26071-700-M6-054-00036 0.0932815819978714 4676.28 1333.78 4775.29 1338.03 4756.20 1782.05 4657.19 1777.79
26071-700-M6-054-00036 0.09064765274524689 3919.42 3558.79 4053.52 3508.57 4164.98 3806.20 4030.88 3856.42
26071-700-M6-054-00036 0.07009269297122955 4306.53 5161.10 4424.00 5164.42 4420.48 5288.62 4303.01 5285.29
26071-700-M6-054-00036 0.057596877217292786 1771.73 4477.89 1889.15 4479.16 1887.88 4596.33 1770.46 4595.06
26071-700-M6-054-00036 0.05109736695885658 4467.88 1535.04 4629.13 1531.60 4632.37 1683.06 4471.11 1686.50
26071-203-M6-320-00044 0.0604802742600441 4178.43 3152.74 4300.75 3171.75 4282.24 3290.87 4159.92 3271.86
26071-203-M6-320-00044 0.05608408525586128 2499.52 2898.19 2621.22 2915.91 2603.76 3035.81 2482.06 3018.08
26071-203-M6-320-00044 0.05247466638684273 2973.44 2901.14 3096.15 2911.41 3086.04 3032.26 2963.33 3022.00
26071-203-M6-320-00044 0.05073165521025658 3695.56 3150.66 3818.38 3169.71 3800.26 3286.56 3677.44 3267.52
26071-600-M6-065-00231 0.07980927079916 6044.12 3316.73 6199.73 3312.70 6204.15 3483.19 6048.53 3487.22
26071-500-M6-059-00071 0.05562539026141167 1601.96 5401.53 1675.95 5387.15 1702.18 5522.15 1628.19 5536.53
26071-203-M6-320-00008 0.06380762904882431 260.18 2750.09 810.58 2755.74 809.95 2817.11 259.55 2811.47
26071-500-M6-059-00116 0.13790224492549896 3583.04 2407.13 3741.39 2417.94 3728.25 2610.28 3569.91 2599.47
26071-500-M6-059-00116 0.06528865545988083 6822.86 5253.24 6884.27 5258.31 6870.16 5429.15 6808.74 5424.07
26071-500-M6-059-00116 0.062491729855537415 3853.36 4097.74 4467.91 4121.72 4461.93 4274.95 3847.38 4250.97
26071-500-M6-059-00116 0.056327320635318756 7718.37 1178.95 8111.21 1220.73 8105.12 1277.98 7712.28 1236.20
26071-550-M6-084-00026 0.11300055682659149 2181.95 3292.69 2356.69 3288.22 2361.38 3471.65 2186.64 3476.12
26071-550-M6-084-00026 0.10741635411977768 4557.46 3291.24 4736.19 3291.82 4735.56 3483.38 4556.83 3482.79
26071-200-M6-052-00090 0.8786768913269043 6331.53 3437.04 6529.45 3455.20 6509.96 3667.57 6312.05 3649.42
26071-200-M6-052-00090 0.8636115789413452 3330.54 3425.42 3526.42 3463.33 3484.21 3681.43 3288.33 3643.52
26071-200-M6-052-00090 0.08433277159929276 7314.81 2168.84 7431.93 2177.46 7423.28 2294.98 7306.17 2286.36
26071-200-M6-052-00090 0.08185147494077682 6053.40 3447.89 6217.29 3341.00 6392.72 3610.00 6228.83 3716.88
26071-200-M6-052-00090 0.07399697601795197 3671.67 5787.41 3791.43 5809.15 3769.67 5929.01 3649.91 5907.27
26071-200-M6-052-00090 0.07277743518352509 3029.94 3481.65 3176.06 3362.47 3376.20 3607.85 3230.08 3727.04
26071-200-M6-052-00090 0.055345091968774796 3313.06 3660.29 3447.43 3585.82 3593.30 3849.04 3458.93 3923.51
26071-200-M6-052-00090 0.0552198588848114 6316.99 3677.44 6453.21 3596.99 6597.69 3841.63 6461.47 3922.08
26071-200-M6-052-00090 0.055192980915308 6410.67 3286.23 6474.99 3295.49 6456.05 3427.01 6391.73 3417.75
26071-200-M6-052-00090 0.05500217527151108 1363.15 2461.21 1481.22 2471.24 1470.89 2592.86 1352.81 2582.83
26071-200-M6-052-00090 0.053100571036338806 3369.49 4768.45 3490.08 4772.16 3486.24 4896.82 3365.65 4893.11
26071-200-M6-052-00090 0.05298461765050888 4316.04 5786.45 4440.79 5802.96 4424.96 5922.62 4300.20 5906.11
26071-200-M6-052-00090 0.052526120096445084 2775.10 5074.57 2894.73 5071.10 2898.22 5191.78 2778.59 5195.24
26071-200-M6-052-00090 0.05215146020054817 4848.04 2165.83 4967.92 2173.51 4960.04 2296.48 4840.16 2288.80
26071-200-M6-052-00090 0.05005132779479027 2573.23 3265.95 3341.13 3270.29 3339.76 3511.92 2571.87 3507.58
26071-203-M6-320-00061 0.18101856112480164 959.15 3630.19 1151.37 3707.87 1094.09 3849.61 901.88 3771.93
26071-203-M6-320-00061 0.08865124732255936 959.51 3961.58 1149.71 4021.65 1107.06 4156.73 916.86 4096.66
26071-203-M6-320-00061 0.08349713683128357 6578.57 1843.27 6699.61 1863.71 6679.75 1981.35 6558.71 1960.91
26071-203-M6-320-00061 0.08278285712003708 4011.00 1516.48 4132.23 1526.91 4121.76 1648.64 4000.53 1638.22
26071-203-M6-320-00061 0.07572626322507858 2399.72 1514.99 2515.85 1544.00 2486.91 1659.86 2370.77 1630.85
26071-203-M6-320-00061 0.07508870959281921 3878.96 1842.55 4000.50 1863.59 3980.08 1981.55 3858.53 1960.50
26071-203-M6-320-00061 0.0719156563282013 5091.40 1519.15 5209.03 1537.15 5191.20 1653.62 5073.58 1635.62
26071-203-M6-320-00061 0.06236790493130684 7171.52 4430.32 7290.75 4436.30 7284.66 4557.54 7165.43 4551.55
26071-203-M6-320-00061 0.060267310589551926 5486.80 1872.35 5598.16 1857.88 5613.25 1974.02 5501.89 1988.49
26071-203-M6-320-00061 0.05881115049123764 2788.37 1871.00 2898.82 1857.77 2912.90 1975.36 2802.46 1988.59
26071-203-M6-320-00061 0.05874956026673317 2994.70 4787.10 3113.23 4804.09 3096.28 4922.39 2977.75 4905.41
26071-203-M6-320-00061 0.057839054614305496 5691.08 4788.03 5809.57 4801.58 5795.93 4920.81 5677.45 4907.26
26071-203-M6-320-00061 0.053360018879175186 4471.97 4430.17 4591.20 4438.36 4582.89 4559.20 4463.66 4551.00
26071-203-M6-320-00061 0.05115583911538124 306.54 3676.57 424.90 3692.12 408.98 3813.35 290.62 3797.80
26071-203-M6-320-00061 0.051132287830114365 7315.13 4785.20 7432.73 4802.43 7414.75 4925.17 7297.15 4907.94
26071-203-M6-320-00061 0.0508471354842186 4616.39 4784.60 4736.30 4804.03 4716.81 4924.33 4596.90 4904.90
26071-600-M6-065-00037 0.06475871801376343 5195.71 4535.07 5326.62 4549.63 5298.15 4805.64 5167.24 4791.08
26071-600-M6-065-00037 0.05627839267253876 5806.98 1813.88 5949.62 1836.95 5914.90 2051.61 5772.26 2028.54
26071-600-M6-065-00037 0.05370209738612175 1890.69 4587.46 2013.76 4585.70 2015.47 4705.26 1892.41 4707.03
26071-300-M6-053-00010 0.11494921147823334 2618.12 4308.14 2810.40 4314.36 2804.27 4503.66 2611.99 4497.44
26071-300-M6-053-00010 0.05642756074666977 1907.38 4318.20 2074.30 4344.84 2043.70 4536.55 1876.78 4509.90
26071-203-M6-320-00042 0.11663725227117538 6356.61 2022.00 6515.12 2038.10 6495.94 2226.93 6337.43 2210.83
26071-200-M6-052-00540 0.18329550325870514 5232.30 5274.54 5295.67 5277.96 5272.97 5698.28 5209.60 5694.86
26071-200-M6-052-00540 0.17661035060882568 6462.16 5271.49 6525.92 5274.62 6505.26 5694.67 6441.50 5691.53
26071-200-M6-052-00540 0.17478443682193756 965.88 5289.48 1031.29 5292.37 1013.81 5689.03 948.40 5686.14
26071-200-M6-052-00540 0.1728133261203766 7028.29 5273.47 7090.90 5275.58 7076.51 5701.15 7013.90 5699.03
26071-200-M6-052-00540 0.1706055998802185 1725.92 5273.41 1788.73 5276.37 1769.10 5692.92 1706.29 5689.96
26071-200-M6-052-00540 0.16704818606376648 4633.07 5295.28 4697.21 5295.86 4693.74 5683.12 4629.60 5682.54
26071-200-M6-052-00540 0.16663973033428192 1543.78 5269.79 1607.55 5275.57 1568.95 5701.93 1505.17 5696.15
26071-200-M6-052-00540 0.16481278836727142 1161.12 5272.72 1223.96 5276.78 1197.30 5689.71 1134.46 5685.66
26071-200-M6-052-00540 0.1646207720041275 586.50 5292.05 651.40 5294.21 638.48 5681.55 573.58 5679.39
26071-200-M6-052-00540 0.16448673605918884 2719.78 5273.56 2779.31 5272.07 2789.96 5699.54 2730.43 5701.02
26071-200-M6-052-00540 0.16379347443580627 4066.61 5292.37 4131.15 5293.06 4126.95 5684.46 4062.41 5683.77
26071-200-M6-052-00540 0.16064153611660004 5400.42 5302.40 5464.45 5303.22 5459.64 5676.36 5395.61 5675.54
26071-200-M6-052-00540 0.16057226061820984 2908.45 5267.10 2972.29 5270.80 2947.81 5693.01 2883.97 5689.30
26071-200-M6-052-00540 0.1591951698064804 1340.12 5294.97 1406.01 5296.93 1394.50 5684.35 1328.61 5682.39
26071-200-M6-052-00540 0.15813422203063965 5023.22 5268.17 5086.66 5270.56 5070.45 5701.07 5007.01 5698.68
26071-200-M6-052-00540 0.1574925035238266 4448.61 5270.91 4510.12 5271.07 4508.99 5706.32 4447.48 5706.16
26071-200-M6-052-00540 0.15711230039596558 5894.75 5269.01 5957.90 5272.18 5936.48 5698.37 5873.33 5695.20
26071-200-M6-052-00540 0.15665662288665771 6076.72 5294.45 6142.16 5296.41 6130.35 5690.10 6064.91 5688.14
26071-200-M6-052-00540 0.156438410282135 4263.84 5273.60 4326.76 5275.94 4311.04 5698.05 4248.12 5695.70
26071-200-M6-052-00540 0.15406498312950134 1918.51 5274.62 1978.32 5277.95 1953.74 5719.25 1893.93 5715.91
26071-200-M6-052-00540 0.15106923878192902 6830.70 5292.56 6895.34 5293.36 6890.50 5683.38 6825.86 5682.58
26071-200-M6-052-00540 0.14964769780635834 3879.11 5267.44 3940.39 5267.29 3941.45 5702.95 3880.17 5703.10
26071-200-M6-052-00540 0.1489505171775818 8092.51 5273.76 8156.31 5278.06 8128.61 5689.43 8064.81 5685.13
26071-200-M6-052-00540 0.1488010138273239 772.65 5293.76 838.15 5295.41 828.24 5687.94 762.75 5686.29
26071-200-M6-052-00540 0.14622893929481506 6265.07 5289.68 6329.86 5290.83 6322.86 5686.31 6258.07 5685.16
26071-200-M6-052-00540 0.14605672657489777 2543.93 5297.57 2608.09 5298.89 2600.25 5677.44 2536.10 5676.11
26071-200-M6-052-00540 0.14241772890090942 5588.29 5267.63 5651.09 5269.86 5635.75 5702.11 5572.94 5699.88
26071-200-M6-052-00540 0.1414586305618286 4830.41 5269.59 4892.72 5271.10 4882.28 5701.70 4819.96 5700.18
26071-200-M6-052-00540 0.14066055417060852 7203.02 5295.17 7265.80 5292.31 7283.78 5686.93 7221.00 5689.79
26071-200-M6-052-00540 0.1381581723690033 3207.25 5294.43 3273.53 5296.64 3260.89 5676.02 3194.60 5673.81
26071-200-M6-052-00540 0.13813136518001556 3394.19 5288.06 3460.03 5289.77 3449.78 5685.46 3383.94 5683.75
26071-200-M6-052-00540 0.13727913796901703 3585.16 5284.39 3650.31 5286.14 3640.01 5669.49 3574.86 5667.74
26071-200-M6-052-00540 0.13264155387878418 7397.82 5292.96 7463.21 5294.13 7456.23 5684.28 7390.84 5683.11
26071-200-M6-052-00540 0.1322755366563797 6640.46 5294.09 6702.90 5293.51 6706.65 5700.82 6644.21 5701.40
26071-200-M6-052-00540 0.13145636022090912 7846.79 5290.85 7910.75 5292.25 7902.20 5683.81 7838.24 5682.41
26071-200-M6-052-00540 0.13108791410923004 391.69 5269.43 453.15 5270.98 441.99 5711.41 380.53 5709.85
26071-200-M6-052-00540 0.11645185947418213 2126.82 1219.43 2192.54 1218.86 2196.17 1634.09 2130.45 1634.67
26071-200-M6-052-00540 0.11120660603046417 4523.75 1221.69 4588.84 1220.93 4593.70 1632.05 4528.60 1632.82
26071-200-M6-052-00540 0.09310480207204819 7514.75 4839.46 7574.77 4842.29 7555.25 5256.88 7495.23 5254.06
26071-200-M6-052-00540 0.08594794571399689 3075.11 709.33 3137.04 712.61 3114.38 1140.92 3052.45 1137.64
26071-200-M6-052-00540 0.0848400816321373 7802.85 763.41 7862.83 766.57 7841.88 1165.04 7781.90 1161.89
26071-200-M6-052-00540 0.08320728689432144 6117.75 1239.72 6176.59 1237.19 6193.24 1624.57 6134.39 1627.09
26071-200-M6-052-00540 0.0785958468914032 6762.81 4847.54 6820.28 4851.70 6789.21 5280.58 6731.74 5276.41
26071-200-M6-052-00540 0.07804527133703232 3332.18 4830.37 3393.57 4836.75 3348.77 5268.00 3287.38 5261.62
26071-200-M6-052-00540 0.0773497223854065 977.84 707.51 1040.38 708.71 1031.87 1150.22 969.33 1149.02
26071-200-M6-052-00540 0.07706353068351746 1839.44 729.74 1901.07 730.66 1894.96 1137.83 1833.33 1136.91
26071-200-M6-052-00540 0.076549232006073 4244.98 725.84 4305.46 728.78 4285.48 1140.32 4225.00 1137.38
26071-200-M6-052-00540 0.07498059421777725 6335.85 1214.72 6396.93 1217.78 6376.87 1617.49 6315.79 1614.42
26071-200-M6-052-00540 0.0732623040676117 4984.14 1218.31 5047.02 1220.19 5035.21 1615.90 4972.33 1614.03
26071-200-M6-052-00540 0.07315650582313538 2230.74 727.80 2290.05 732.28 2259.50 1136.21 2200.20 1131.72
26071-200-M6-052-00540 0.07264328747987747 4632.71 729.60 4690.01 735.82 4644.04 1158.98 4586.74 1152.76
26071-200-M6-052-00540 0.07219012081623077 3377.66 708.07 3442.79 710.80 3425.34 1126.08 3360.20 1123.35
26071-200-M6-052-00540 0.07208462804555893 3688.82 1198.85 3763.83 1205.08 3728.74 1627.13 3653.73 1620.89
26071-200-M6-052-00540 0.07172223925590515 1351.15 734.57 1414.46 734.73 1413.47 1130.62 1350.15 1130.46
26071-200-M6-052-00540 0.07156115770339966 7490.65 1219.68 7560.64 1216.65 7578.71 1633.63 7508.73 1636.67
26071-200-M6-052-00540 0.06932318955659866 6562.73 4848.48 6634.48 4851.41 6627.34 5026.24 6555.59 5023.31
26071-200-M6-052-00540 0.06928850710391998 908.65 1203.45 969.36 1207.71 939.56 1632.30 878.86 1628.04
26071-200-M6-052-00540 0.0688646212220192 6030.08 737.34 6091.89 741.88 6061.12 1160.74 5999.31 1156.20
26071-200-M6-052-00540 0.06883461773395538 7315.17 4844.21 7383.16 4841.15 7391.55 5027.72 7323.56 5030.78
26071-200-M6-052-00540 0.06869275122880936 1661.57 1152.59 1720.72 1156.12 1694.65 1593.50 1635.49 1589.97
26071-200-M6-052-00540 0.06782940030097961 4360.08 1195.74 4417.77 1201.10 4380.93 1598.18 4323.23 1592.83
26071-200-M6-052-00540 0.06770611554384232 3572.80 702.27 3632.69 701.29 3640.14 1158.05 3580.25 1159.03
26071-200-M6-052-00540 0.06768286973237991 5806.01 4849.21 5873.08 4846.80 5879.69 5030.64 5812.62 5033.05
26071-200-M6-052-00540 0.06613163650035858 6012.24 4856.68 6073.70 4863.20 6028.98 5284.72 5967.52 5278.20
26071-200-M6-052-00540 0.06502536684274673 6441.11 727.11 6498.43 736.49 6432.84 1137.42 6375.52 1128.04
26071-200-M6-052-00540 0.0644456148147583 1539.72 713.06 1600.78 712.12 1607.54 1155.73 1546.49 1156.66
26071-200-M6-052-00540 0.06444171071052551 6901.38 1214.39 6964.00 1217.42 6944.53 1619.05 6881.91 1616.01
26071-200-M6-052-00540 0.0635916218161583 2689.24 736.51 2752.28 738.06 2742.45 1137.99 2679.40 1136.44
26071-200-M6-052-00540 0.06329891830682755 4778.09 1232.57 4842.86 1230.28 4856.48 1615.32 4791.71 1617.61
26071-200-M6-052-00540 0.06317334622144699 6982.56 701.43 7045.13 704.09 7027.16 1126.95 6964.59 1124.29
26071-200-M6-052-00540 0.06299041956663132 6706.14 1217.91 6767.13 1218.32 6764.45 1621.30 6703.47 1620.89
26071-200-M6-052-00540 0.06247089058160782 2405.74 745.53 2475.75 748.30 2459.03 1170.76 2389.03 1167.99
26071-200-M6-052-00540 0.06240999326109886 1846.95 4840.11 1906.68 4847.25 1857.02 5262.35 1797.29 5255.21
26071-200-M6-052-00540 0.06205290928483009 6366.69 4858.74 6441.00 4857.54 6448.51 5321.03 6374.20 5322.23
26071-200-M6-052-00540 0.061383843421936035 695.30 4846.45 767.29 4851.04 756.08 5026.76 684.09 5022.17
26071-200-M6-052-00540 0.06099874526262283 5841.45 720.04 5902.96 724.29 5874.32 1138.94 5812.82 1134.69
26071-200-M6-052-00540 0.060616541653871536 3987.09 4847.71 4061.80 4852.34 4051.22 5023.21 3976.51 5018.59
26071-200-M6-052-00540 0.06039638817310333 7721.11 1210.49 7782.46 1214.83 7752.72 1634.79 7691.38 1630.44
26071-200-M6-052-00540 0.060272976756095886 4049.38 740.49 4112.02 742.04 4102.28 1135.75 4039.63 1134.19
26071-200-M6-052-00540 0.05979371815919876 5177.22 1213.64 5239.35 1216.96 5217.59 1624.24 5155.46 1620.92
26071-200-M6-052-00540 0.059605181217193604 1628.74 4849.12 1692.79 4844.09 1707.50 5031.12 1643.46 5036.16
26071-200-M6-052-00540 0.05953149124979973 4980.79 4828.83 5051.76 4846.44 4945.17 5276.05 4874.19 5258.44
26071-200-M6-052-00540 0.05940660461783409 7131.18 4848.73 7203.62 4853.42 7192.37 5027.04 7119.93 5022.35
26071-200-M6-052-00540 0.05864705890417099 3120.70 4869.20 3188.44 4870.21 3181.83 5313.03 3114.09 5312.01
26071-200-M6-052-00540 0.05841076374053955 4882.23 699.36 4945.97 702.72 4923.96 1119.32 4860.22 1115.95
26071-200-M6-052-00540 0.058026861399412155 5760.09 1215.70 5821.27 1220.11 5792.04 1625.65 5730.86 1621.24
26071-200-M6-052-00540 0.057966187596321106 1279.35 1204.94 1339.84 1207.07 1325.17 1624.14 1264.68 1622.02
26071-200-M6-052-00540 0.0578942745923996 6177.13 4852.84 6255.72 4850.01 6261.83 5019.60 6183.24 5022.44
26071-200-M6-052-00540 0.057824987918138504 7604.50 732.56 7665.11 733.58 7658.32 1140.02 7597.70 1139.00
26071-200-M6-052-00540 0.0577116422355175 5471.79 673.54 5531.77 677.15 5505.09 1121.11 5445.11 1117.51
26071-200-M6-052-00540 0.05755166336894035 2875.00 727.06 2937.80 727.80 2932.93 1145.03 2870.12 1144.29
26071-200-M6-052-00540 0.057262491434812546 6941.03 4845.58 7011.10 4846.83 7007.81 5031.18 6937.75 5029.93
26071-200-M6-052-00540 0.05626079440116882 2019.54 728.42 2082.06 727.45 2088.55 1149.27 2026.03 1150.23
26071-200-M6-052-00540 0.05618800222873688 1069.75 4835.34 1142.70 4837.60 1136.91 5024.40 1063.96 5022.14
26071-200-M6-052-00540 0.0559287890791893 5925.15 1221.40 5989.93 1219.16 6003.87 1621.72 5939.09 1623.97
26071-200-M6-052-00540 0.05520226061344147 1959.25 1207.10 2020.64 1211.55 1990.60 1626.34 1929.21 1621.89
26071-200-M6-052-00540 0.05477474257349968 4368.06 4846.14 4438.58 4850.36 4428.00 5027.28 4357.48 5023.07
26071-200-M6-052-00540 0.05441339686512947 503.54 4835.59 576.73 4839.48 566.93 5024.08 493.74 5020.19
26071-200-M6-052-00540 0.05379755422472954 7066.82 1212.30 7128.78 1208.48 7153.79 1613.63 7091.83 1617.45
26071-200-M6-052-00540 0.05364494025707245 5562.91 1133.50 5619.47 1135.51 5602.81 1605.47 5546.24 1603.47
26071-200-M6-052-00540 0.05333660915493965 596.50 731.62 659.30 731.95 657.23 1132.33 594.43 1132.01
26071-200-M6-052-00540 0.05323122814297676 880.58 4844.72 952.60 4847.44 945.79 5027.54 873.77 5024.82
26071-200-M6-052-00540 0.053076837211847305 7900.96 1190.75 7959.78 1191.54 7954.04 1616.70 7895.22 1615.91
26071-200-M6-052-00540 0.05268207564949989 1263.21 4842.12 1333.23 4847.20 1319.90 5030.87 1249.87 5025.79
26071-200-M6-052-00540 0.052285391837358475 4558.67 4857.11 4622.09 4851.12 4668.63 5344.05 4605.21 5350.04
26071-200-M6-052-00540 0.05201595276594162 772.53 734.65 835.49 731.63 855.39 1146.90 792.42 1149.92
26071-200-M6-052-00540 0.05161179602146149 708.68 1210.66 767.53 1211.18 763.89 1623.34 705.04 1622.82
26071-200-M6-052-00540 0.05134447291493416 4177.28 4852.36 4248.18 4855.83 4239.76 5027.94 4168.86 5024.47
26071-200-M6-052-00540 0.05097782239317894 4744.06 4850.64 4814.20 4852.80 4808.79 5028.38 4738.66 5026.22
26071-200-M6-052-00540 0.05035431683063507 6498.66 1225.33 6563.66 1221.31 6588.09 1616.28 6523.09 1620.30
26071-203-M6-160-00291 0.09054842591285706 2731.22 5317.77 2901.56 5264.34 2961.90 5456.68 2791.55 5510.12
26071-203-M6-160-00291 0.07122698426246643 2546.42 5186.88 2607.71 5180.71 2623.57 5338.40 2562.28 5344.57
26071-203-M6-160-00291 0.06802776455879211 4293.98 3017.74 4442.48 3066.64 4393.08 3216.66 4244.58 3167.76
26071-203-M6-160-00291 0.05696616694331169 5238.02 5296.38 5418.32 5295.33 5419.33 5467.54 5239.02 5468.59
26071-203-M6-160-00291 0.05471966043114662 5003.25 5114.89 5087.78 5094.50 5155.04 5373.36 5070.51 5393.75
26071-203-M6-160-00291 0.05460573360323906 2905.48 3622.97 3703.48 3597.20 3711.08 3832.59 2913.08 3858.37
26071-203-M6-160-00291 0.053101684898138046 6196.28 3240.28 6472.97 3254.76 6463.94 3427.23 6187.25 3412.75
26071-203-M6-160-00291 0.05298159271478653 2185.25 3335.02 2334.31 3361.21 2308.29 3509.28 2159.23 3483.08
26071-300-M6-053-00008 0.09960035234689713 5484.00 1186.44 5635.43 1207.09 5612.40 1375.97 5460.96 1355.32
26071-300-M6-053-00008 0.08327382057905197 349.37 2734.61 888.64 2732.01 888.93 2793.89 349.67 2796.49
26071-203-M6-060-00001 0.05355512723326683 344.32 4625.34 883.57 4620.20 884.15 4681.83 344.91 4686.97
26071-200-M6-063-00010 0.36217620968818665 3094.26 3956.53 3275.35 3958.89 3272.58 4170.89 3091.49 4168.52
26071-200-M6-063-00010 0.11112411320209503 2387.94 3957.78 2574.12 3948.77 2584.21 4157.04 2398.03 4166.06
26071-203-M6-060-00006 0.11290811747312546 2982.43 4226.22 3152.45 4194.48 3186.79 4378.45 3016.76 4410.18
26071-203-M6-060-00006 0.08620432764291763 3274.80 4227.46 3402.32 4234.24 3393.20 4405.92 3265.68 4399.15
26071-203-M6-060-00006 0.0810973197221756 2666.04 4238.73 2803.98 4237.43 2805.51 4399.59 2667.57 4400.89
26071-203-M6-060-00006 0.08027458935976028 1343.30 4233.39 1488.13 4247.86 1472.91 4400.19 1328.07 4385.71
26071-203-M6-060-00006 0.07979578524827957 5923.28 4081.22 6319.39 4128.55 6300.12 4289.90 5904.00 4242.57
26071-203-M6-060-00006 0.0707855224609375 3364.33 4202.82 3761.57 4232.00 3746.70 4434.47 3349.46 4405.29
26071-203-M6-060-00006 0.06107214465737343 4179.29 4771.13 4335.17 4787.49 4319.11 4940.57 4163.23 4924.21
26071-203-M6-060-00006 0.06085618957877159 7187.28 4098.23 7332.86 4112.49 7317.41 4270.22 7171.83 4255.96
26071-203-M6-060-00006 0.058391351252794266 2160.51 4777.43 2311.14 4782.05 2306.22 4942.80 2155.59 4938.19
26071-203-M6-325-00013 0.1081937849521637 6025.26 2465.38 6210.19 2410.42 6256.02 2564.63 6071.08 2619.59
26071-203-M6-325-00013 0.0514901801943779 251.45 3142.71 816.63 3142.11 816.70 3204.08 251.51 3204.69
26071-675-M6-068-00041 0.07408509403467178 5673.62 4162.67 5792.53 4170.67 5784.44 4290.90 5665.53 4282.89
26071-675-M6-068-00041 0.07089158147573471 2676.33 4159.67 2795.64 4172.98 2782.47 4291.02 2663.16 4277.70
26071-675-M6-068-00041 0.05506056174635887 3990.06 4174.44 4109.85 4177.77 4106.65 4292.90 3986.85 4289.57
26071-675-M6-068-00041 0.05480579286813736 6990.52 4174.44 7110.57 4178.77 7106.39 4294.67 6986.34 4290.34
26071-675-M6-068-00041 0.05067138373851776 5674.84 2644.51 5794.17 2653.63 5785.13 2771.98 5665.80 2762.86
26071-300-M6-053-00012 0.8121408224105835 5674.73 2270.14 5870.46 2272.91 5867.64 2472.73 5671.91 2469.96
26071-300-M6-053-00012 0.10864820331335068 5157.23 2263.97 5640.28 2285.62 5631.51 2481.34 5148.46 2459.69
26071-300-M6-053-00012 0.0693386122584343 6269.49 6420.60 6389.67 6419.33 6391.92 6632.94 6271.74 6634.21
26071-300-M6-053-00012 0.0628579780459404 4902.34 4803.30 5023.44 4803.72 5022.76 5000.81 4901.66 5000.39
26071-300-M6-053-00012 0.05281912907958031 5328.56 3877.83 5481.49 3906.33 5452.33 4062.77 5299.40 4034.27
26071-675-M6-068-00034 0.164264515042305 3007.34 4839.20 3176.94 4849.39 3164.80 5051.17 2995.21 5040.97
26071-675-M6-068-00034 0.11680208146572113 3755.72 4828.65 3914.93 4827.05 3917.06 5038.84 3757.85 5040.45
26071-675-M6-068-00034 0.08814974874258041 2670.54 4853.63 3043.98 4856.90 3042.26 5053.02 2668.82 5049.75
26071-675-M6-068-00034 0.062159303575754166 3884.87 1439.84 4026.88 1434.14 4037.33 1694.47 3895.31 1700.17
26071-675-M6-068-00034 0.05414802208542824 2855.76 4797.16 2905.81 4797.02 2905.86 4812.32 2855.80 4812.46
26071-450-M6-082-00031 0.8178091049194336 3606.78 3218.44 3800.03 3217.16 3801.45 3430.37 3608.20 3431.66
26071-450-M6-082-00031 0.12188812345266342 3372.80 3097.51 3700.92 3317.36 3584.12 3491.68 3256.00 3271.83
26071-450-M6-082-00031 0.05743987858295441 7621.17 6106.90 8108.24 6108.52 8108.03 6169.63 7620.96 6168.01
26071-200-M6-062-00276 0.07241945713758469 594.02 2467.45 714.37 2473.54 707.97 2599.89 587.62 2593.80
26071-200-M6-062-00276 0.05107118934392929 3815.83 3707.34 3991.74 3723.30 3969.29 3970.74 3793.38 3954.78
26071-500-M6-059-00011 0.05070650205016136 7615.12 2813.32 7733.62 2827.94 7718.60 2949.68 7600.10 2935.07
26071-500-M6-059-00011 0.05005451291799545 7616.05 2223.09 7734.21 2237.31 7719.44 2360.04 7601.28 2345.82
26071-600-M6-065-00021 0.053231049329042435 5819.45 3013.44 5937.42 3030.51 5920.13 3150.06 5802.15 3132.99
26071-600-M6-065-00021 0.05091290920972824 7691.55 5808.27 8104.44 5812.89 8103.78 5871.78 7690.89 5867.15
26071-500-M6-059-00013 0.2506481409072876 5331.32 1742.19 5546.87 1747.13 5543.72 1884.88 5328.16 1879.94
26071-500-M6-059-00013 0.11827510595321655 7413.50 2272.94 7497.78 2278.58 7468.31 2718.80 7384.03 2713.16
26071-500-M6-059-00013 0.09248112887144089 3357.52 4256.03 3509.80 4276.41 3489.83 4425.63 3337.55 4405.25
26071-500-M6-059-00013 0.0778985470533371 2897.81 4901.88 3321.89 4905.76 3319.85 5128.09 2895.77 5124.20
26071-500-M6-059-00013 0.0591169148683548 2669.34 4219.35 2832.55 4217.05 2834.92 4386.24 2671.72 4388.53
26071-500-M6-059-00013 0.05395403876900673 5379.60 2642.15 5498.00 2654.83 5485.32 2773.25 5366.92 2760.57
26071-500-M6-059-00013 0.050378959625959396 5153.71 5169.49 5301.91 5158.77 5313.93 5325.09 5165.73 5335.80
26071-500-M6-059-00044 0.16382835805416107 3538.73 4697.31 3733.00 4698.05 3732.00 4959.21 3537.73 4958.47
26071-500-M6-059-00044 0.15980082750320435 2000.92 4691.24 2186.00 4689.18 2188.98 4955.94 2003.89 4958.00
26071-500-M6-059-00044 0.15486310422420502 5578.47 4690.98 5773.38 4690.86 5773.56 4955.83 5578.65 4955.96
26071-500-M6-059-00044 0.12026206403970718 7123.29 4695.73 7296.97 4693.45 7300.51 4962.65 7126.83 4964.93
26071-500-M6-059-00044 0.06079878658056259 1779.73 4428.72 1845.41 4422.44 1860.67 4582.03 1794.99 4588.31
26071-500-M6-059-00044 0.05846113711595535 7564.05 4558.17 7719.96 4559.15 7719.01 4710.40 7563.09 4709.41
26071-500-M6-059-00044 0.054366711527109146 2446.27 4564.71 2601.82 4560.26 2606.09 4709.36 2450.53 4713.81
26071-500-M6-059-00044 0.05001356080174446 6892.37 4400.97 6967.25 4399.45 6970.94 4581.56 6896.07 4583.08
26071-200-M6-052-00093 0.31263968348503113 4606.80 3826.23 4783.99 3848.96 4760.09 4035.25 4582.90 4012.52
26071-200-M6-052-00093 0.23505081236362457 4599.80 4498.30 4776.43 4513.76 4760.41 4696.74 4583.78 4681.28
26071-200-M6-052-00093 0.22765640914440155 4565.58 1473.83 4741.22 1468.13 4747.25 1653.73 4571.60 1659.44
26071-200-M6-052-00093 0.16493530571460724 4604.81 2235.17 4780.53 2251.14 4762.59 2448.64 4586.87 2432.68
26071-200-M6-052-00093 0.08177274465560913 4450.89 3809.44 4636.88 3825.83 4618.22 4037.71 4432.22 4021.33
26071-200-M6-052-00093 0.08099956810474396 2569.30 4234.72 2658.64 4216.55 2714.89 4493.10 2625.55 4511.27
26071-200-M6-052-00093 0.05925646051764488 3899.01 3765.92 4523.72 3773.22 4521.05 4002.12 3896.34 3994.82
26071-200-M6-052-00093 0.05868589133024216 3926.58 1449.26 4533.20 1459.83 4529.51 1671.38 3922.90 1660.81
26071-200-M6-052-00002 0.8772245645523071 3581.04 3100.74 3779.09 3132.14 3747.05 3334.22 3549.00 3302.82
26071-200-M6-052-00002 0.06829419732093811 1472.78 5006.78 1593.54 5011.06 1589.34 5129.83 1468.58 5125.55
26071-200-M6-052-00002 0.06023377925157547 6975.61 4172.08 7095.66 4184.02 7083.28 4308.46 6963.23 4296.52
26071-200-M6-052-00002 0.05362434312701225 1297.10 1180.25 1413.83 1177.33 1416.83 1296.91 1300.09 1299.83
26071-200-M6-052-00002 0.05139021575450897 2862.08 3077.24 3018.86 3086.59 3007.66 3274.31 2850.88 3264.96
26071-675-M6-068-10002 0.10676655173301697 3441.16 4459.89 3544.38 4488.73 3454.71 4809.56 3351.49 4780.71
26071-675-M6-068-10002 0.08035584539175034 3441.44 4714.25 3545.59 4734.57 3487.75 5031.09 3383.60 5010.77
26071-675-M6-068-10002 0.07524959743022919 3682.34 1597.79 4222.61 1587.52 4225.77 1753.82 3685.50 1764.09
26071-675-M6-068-10002 0.07323671877384186 4551.75 1597.49 5105.43 1593.45 5106.61 1755.68 4552.93 1759.73
26071-675-M6-068-10002 0.0580899678170681 6270.52 1770.15 6787.61 1750.72 6792.70 1886.09 6275.60 1905.51
26071-675-M6-068-10002 0.0574328675866127 7289.67 1766.70 7793.03 1737.33 7801.41 1880.89 7298.05 1910.27
26071-675-M6-068-10002 0.056615907698869705 4620.98 1866.30 4789.80 1865.46 4790.84 2075.43 4622.02 2076.26
26071-675-M6-068-10002 0.05386507511138916 5475.20 1860.44 5632.97 1866.73 5625.87 2044.69 5468.10 2038.40
26071-675-M6-068-10002 0.053170837461948395 7566.01 2016.00 7721.36 1995.01 7744.03 2162.77 7588.68 2183.76
26071-675-M6-068-10002 0.052073534578084946 2043.48 4445.82 2766.92 4470.55 2758.95 4703.71 2035.51 4678.98
26071-750-M6-085-00012 0.14699263870716095 3443.16 4246.22 3609.93 4232.74 3626.36 4435.94 3459.59 4449.42
26071-750-M6-085-00012 0.12993328273296356 2996.48 5107.57 3074.70 5039.01 3236.73 5223.89 3158.50 5292.45
26071-750-M6-085-00012 0.12984202802181244 7496.28 5099.62 7565.05 5042.31 7729.13 5239.20 7660.35 5296.51
26071-750-M6-085-00012 0.12647542357444763 2387.52 4267.33 2701.87 4274.93 2697.61 4450.93 2383.26 4443.32
26071-750-M6-085-00012 0.10061262547969818 6197.97 1546.26 6347.94 1580.27 6311.40 1741.39 6161.43 1707.38
26071-750-M6-085-00012 0.10037490725517273 4985.73 3770.98 5451.29 3777.86 5449.38 3907.12 4983.82 3900.24
26071-750-M6-085-00012 0.09442125260829926 2765.34 3617.29 2997.92 3768.88 2927.96 3876.21 2695.39 3724.62
26071-750-M6-085-00012 0.09115517884492874 7249.40 3727.91 7496.64 3899.95 7426.49 4000.76 7179.26 3828.72
26071-750-M6-085-00012 0.0894867554306984 1531.18 3743.31 1678.38 3765.54 1654.42 3924.17 1507.22 3901.94
26071-750-M6-085-00012 0.0888696014881134 7157.97 4286.55 7308.00 4235.62 7367.53 4410.96 7217.50 4461.89
26071-750-M6-085-00012 0.08064702898263931 4991.39 4266.86 5144.36 4242.68 5173.88 4429.48 5020.91 4453.65
26071-750-M6-085-00012 0.080133356153965 2767.38 5077.59 2996.63 5228.93 2927.31 5333.93 2698.06 5182.59
26071-750-M6-085-00012 0.0786808580160141 3002.00 3641.70 3075.86 3575.24 3236.88 3754.19 3163.02 3820.65
26071-750-M6-085-00012 0.07492068409919739 7244.43 5090.01 7505.58 5216.79 7455.63 5319.67 7194.49 5192.89
26071-750-M6-085-00012 0.06930515915155411 4990.21 5123.21 5440.42 5124.23 5440.13 5252.45 4989.92 5251.44
26071-750-M6-085-00012 0.06595681607723236 5307.43 5032.49 5417.99 4983.88 5538.74 5258.49 5428.18 5307.11
26071-750-M6-085-00012 0.06219042092561722 7442.65 4170.12 7742.31 4293.55 7661.52 4489.67 7361.86 4366.23
26071-750-M6-085-00012 0.059915587306022644 4023.83 1551.47 4174.17 1585.65 4139.76 1736.98 3989.42 1702.80
26071-750-M6-085-00012 0.05925603210926056 5115.15 4200.19 5514.94 4267.08 5482.25 4462.44 5082.47 4395.55
26071-750-M6-085-00012 0.0519079826772213 3051.79 3801.37 3252.87 3926.03 3175.48 4050.85 2974.41 3926.19
26071-750-M6-085-00012 0.05093253031373024 897.23 4690.03 1014.26 4708.43 995.62 4826.97 878.59 4808.56
26071-200-M6-062-00277 0.10783941298723221 4791.02 1870.26 4910.17 1882.51 4897.67 2004.29 4778.51 1992.05
26071-200-M6-062-00277 0.05163067206740379 4791.42 3288.60 4911.12 3303.91 4896.04 3421.78 4776.34 3406.47
26071-600-M6-065-00259 0.1281851828098297 996.20 2253.07 1142.75 2284.36 1103.30 2469.13 956.75 2437.84
26071-600-M6-065-00259 0.08073747903108597 4502.93 1217.60 4619.19 1244.51 4592.46 1359.99 4476.20 1333.08
26071-600-M6-065-00259 0.06933990120887756 636.80 2245.18 796.35 2259.44 778.99 2453.67 619.44 2439.41
26071-600-M6-065-00259 0.06490225344896317 7274.91 5471.60 7393.25 5491.81 7372.70 5612.13 7254.36 5591.92
26071-600-M6-065-00259 0.05752992630004883 6670.20 871.84 6792.64 870.26 6794.26 995.73 6671.81 997.30
26071-600-M6-065-00259 0.05732578784227371 1006.92 863.91 1130.47 874.18 1120.22 997.47 996.67 987.19
26071-600-M6-065-00259 0.05527060478925705 4202.36 5235.58 4315.76 5248.46 4302.00 5369.63 4188.59 5356.75
26071-600-M6-065-00259 0.052533771842718124 4318.66 860.41 4439.60 877.25 4422.61 999.22 4301.67 982.38
26071-600-M6-065-00259 0.05198274180293083 2396.00 5236.06 2514.68 5257.26 2494.17 5372.08 2375.49 5350.88
26071-600-M6-065-00259 0.050838928669691086 3901.37 865.13 4025.02 878.48 4011.74 1001.55 3888.09 988.20
26071-600-M6-065-00259 0.05045056343078613 6621.72 3695.61 6741.96 3714.86 6722.93 3833.81 6602.69 3814.57
26071-600-M6-066-00003 0.06741949915885925 5484.14 1823.31 5645.02 1842.33 5626.80 1996.51 5465.92 1977.49
26071-750-M6-085-00309 0.0651918426156044 2948.85 2472.66 3341.95 2476.56 3340.99 2573.12 2947.89 2569.22
26071-750-M6-085-00309 0.05621974915266037 5829.22 2617.49 5965.61 2671.46 5885.19 2874.70 5748.80 2820.73
26071-750-M6-085-00309 0.05066477879881859 5199.90 2421.34 5795.79 2418.61 5796.30 2528.52 5200.41 2531.25
