26071-200-M6-052-00001 0.10997577011585236 3073.72 3395.00 3227.80 3339.76 3295.30 3528.03 3141.23 3583.27
26071-200-M6-052-00001 0.07370086014270782 5795.10 2484.10 5927.09 2473.96 5934.75 2573.54 5802.76 2583.69
26071-500-M6-059-00017 0.10129871219396591 6025.32 3315.74 6079.13 3280.80 6135.75 3368.01 6081.94 3402.94
26071-500-M6-059-00017 0.08765455335378647 4024.43 3310.75 4082.54 3281.33 4128.36 3371.85 4070.26 3401.26
26071-500-M6-059-00017 0.08440965414047241 2028.82 3297.40 2091.83 3288.33 2106.13 3387.70 2043.12 3396.77
26071-500-M6-059-00017 0.06987638771533966 5792.62 3757.81 5897.09 3760.48 5892.54 3938.37 5788.08 3935.71
26071-500-M6-059-00017 0.05581658333539963 3818.52 3745.71 4210.60 3751.46 4207.76 3945.08 3815.68 3939.33
26071-500-M6-059-00017 0.05369408056139946 4011.04 3598.75 4091.16 3569.98 4132.56 3685.27 4052.44 3714.04
26071-600-M6-066-00012 0.11599291115999222 5390.15 1315.37 5492.37 1316.76 5485.52 1818.01 5383.30 1816.62
26071-600-M6-066-00012 0.08390922844409943 7279.44 2708.13 7383.39 2719.56 7373.96 2805.30 7270.01 2793.86
26071-200-M6-052-00539 0.08984572440385818 3953.34 5354.36 4119.55 5396.74 4065.95 5606.98 3899.74 5564.61
26071-500-M6-059-00040 0.17962023615837097 2531.81 1318.17 2589.31 1310.11 2607.57 1440.49 2550.06 1448.54
26071-500-M6-059-00040 0.08603048324584961 1474.47 2371.75 1588.70 2371.62 1588.79 2454.64 1474.56 2454.77
26071-500-M6-059-00040 0.055705711245536804 1480.18 2484.30 1595.13 2489.16 1592.36 2554.51 1477.42 2549.66
26071-550-M6-084-00248 0.06127336621284485 4432.90 3999.48 4579.72 3950.21 4636.83 4120.39 4490.01 4169.66
26071-203-M6-332-00008 0.06235026940703392 6647.84 3614.55 6736.33 3673.93 6699.99 3728.08 6611.51 3668.71
26071-203-M6-332-00008 0.06150304526090622 3903.15 3651.01 3992.28 3685.31 3967.66 3749.29 3878.54 3714.99
26071-203-M6-332-00008 0.05969960242509842 6316.37 3653.46 6402.25 3660.97 6396.39 3727.94 6310.51 3720.42
26071-203-M6-332-00008 0.05844831466674805 1455.60 3655.86 1548.00 3656.57 1547.43 3729.76 1455.03 3729.04
26071-203-M6-332-00008 0.057670723646879196 4934.53 3544.71 4993.42 3534.61 5010.45 3633.97 4951.56 3644.07
26071-203-M6-332-00008 0.05371173098683357 4201.22 3639.05 4308.17 3655.32 4298.62 3718.06 4191.67 3701.79
26071-200-M6-052-00080 0.06331562250852585 7088.58 3865.74 7280.54 3855.44 7292.74 4082.88 7100.79 4093.18
26071-200-M6-052-00080 0.06317092478275299 2638.87 3781.54 2738.19 3781.03 2738.43 3827.61 2639.11 3828.11
26071-200-M6-052-00080 0.05868840590119362 6063.58 3781.24 6163.54 3781.38 6163.47 3828.15 6063.51 3828.01
26071-200-M6-052-00080 0.05523582920432091 3657.36 3867.80 3853.46 3854.70 3868.74 4083.46 3672.65 4096.56
26071-300-M6-053-00309 0.06396377831697464 3311.72 5232.86 3507.81 5183.34 3555.36 5371.67 3359.28 5421.18
26071-300-M6-053-00309 0.05996384471654892 5995.95 2046.00 6054.37 2048.99 6047.92 2175.09 5989.51 2172.10
26071-300-M6-053-00309 0.059416577219963074 3317.65 3090.48 3519.61 3068.73 3540.74 3264.94 3338.78 3286.69
26071-450-M6-082-00009 0.056783732026815414 3662.54 4510.86 3856.34 4496.57 3874.65 4744.77 3680.85 4759.06
26071-200-M6-052-00552 0.07410485297441483 5254.61 4301.08 5323.21 4308.40 5311.65 4416.77 5243.05 4409.45
26071-750-M6-085-00007 0.07515937834978104 4732.66 4752.73 4858.29 4741.59 4865.80 4826.24 4740.17 4837.38
26071-203-M6-064-00271 0.05220487341284752 1332.42 4795.26 1418.87 4784.42 1433.02 4897.30 1346.57 4908.14
26071-203-M6-337-00031 0.13396835327148438 4939.37 2605.74 5011.18 2602.42 5017.02 2728.86 4945.20 2732.18
26071-203-M6-337-00031 0.11715597659349442 4938.42 1108.89 5012.22 1105.14 5018.39 1226.68 4944.59 1230.43
26071-203-M6-337-00031 0.10969558358192444 4938.28 1828.69 5012.35 1824.50 5019.20 1945.76 4945.14 1949.95
26071-203-M6-337-00031 0.10813415050506592 4942.41 2965.21 5009.41 2960.78 5017.75 3086.65 4950.74 3091.09
26071-203-M6-337-00031 0.10708727687597275 4942.92 2215.68 5009.17 2210.58 5019.04 2339.03 4952.80 2344.12
26071-203-M6-337-00031 0.10538602620363235 4942.68 1465.01 5009.65 1460.59 5017.96 1586.73 4950.98 1591.14
26071-203-M6-337-00031 0.096229687333107 3329.46 902.81 3485.72 905.27 3484.77 965.20 3328.52 962.74
26071-203-M6-337-00031 0.09408476948738098 5610.28 2100.23 5793.75 2116.68 5777.04 2303.01 5593.56 2286.56
26071-203-M6-337-00031 0.08187370002269745 4710.85 1616.30 5014.09 1617.15 5013.62 1788.78 4710.37 1787.93
26071-203-M6-337-00031 0.07493043690919876 5603.64 2514.89 5788.53 2516.13 5787.29 2700.79 5602.40 2699.55
26071-203-M6-337-00031 0.07199037075042725 4716.12 1256.40 5025.73 1275.23 5015.62 1441.50 4706.00 1422.67
26071-203-M6-337-00031 0.07193182408809662 4718.22 2756.28 5033.45 2775.83 5022.69 2949.32 4707.46 2929.77
26071-203-M6-337-00031 0.07186517864465714 2732.07 2229.48 2934.58 2248.73 2908.03 2528.04 2705.52 2508.80
26071-203-M6-337-00031 0.07145367562770844 5621.31 1399.82 5810.85 1421.65 5790.29 1600.18 5600.75 1578.35
26071-203-M6-337-00031 0.06943780928850174 4710.21 1979.28 5017.56 1984.75 5014.51 2156.49 4707.16 2151.03
26071-203-M6-337-00031 0.0685715600848198 4707.99 3117.61 5021.75 3119.09 5020.92 3293.08 4707.17 3291.60
26071-203-M6-337-00031 0.06804295629262924 4702.69 2367.53 5015.22 2366.21 5015.98 2546.44 4703.45 2547.75
26071-203-M6-337-00031 0.06742239743471146 5606.91 2856.02 5805.94 2883.15 5781.43 3062.92 5582.40 3035.78
26071-203-M6-337-00031 0.06494825333356857 5599.71 1754.10 5790.34 1744.44 5800.61 1946.93 5609.98 1956.60
26071-203-M6-337-00031 0.06442907452583313 5609.83 1104.25 5791.95 1116.85 5779.69 1294.02 5597.57 1281.42
26071-203-M6-337-00031 0.0578293576836586 3519.17 1293.37 3688.43 1265.46 3717.48 1441.62 3548.22 1469.53
26071-203-M6-337-00031 0.05751917138695717 1980.08 1009.87 2536.67 1003.12 2538.28 1136.07 1981.70 1142.82
26071-203-M6-337-00031 0.0571468360722065 2733.96 1853.32 2936.97 1875.33 2907.54 2146.75 2704.53 2124.74
26071-203-M6-337-00031 0.05079586058855057 5367.98 684.77 5631.14 692.22 5627.93 805.38 5364.77 797.93
26071-203-M6-332-00001 0.06003298610448837 5085.09 2551.06 5186.65 2555.53 5183.92 2617.56 5082.36 2613.10
26071-203-M6-332-00001 0.059083372354507446 3402.24 2552.22 3513.71 2554.33 3512.65 2610.46 3401.17 2608.34
26071-203-M6-332-00001 0.05659699812531471 5501.22 2554.44 5612.75 2552.25 5613.84 2607.84 5502.31 2610.03
26071-203-M6-332-00001 0.05200713500380516 2981.90 2533.87 3087.69 2561.88 3070.42 2627.08 2964.63 2599.07
26071-200-M6-052-00150 0.05963132157921791 5512.79 5844.98 5578.21 5839.74 5588.60 5969.69 5523.19 5974.92
26071-200-M6-052-00150 0.05383966118097305 1375.57 2392.62 1467.04 2399.58 1459.98 2492.37 1368.51 2485.41
26071-200-M6-052-00150 0.05377298593521118 3642.53 3230.72 3687.84 3241.75 3679.86 3274.52 3634.55 3263.48
26071-200-M6-052-00150 0.05256221815943718 3503.88 1856.81 3692.45 1777.25 3832.68 2109.63 3644.11 2189.19
26071-200-M6-052-00003 0.08466989547014236 2783.15 4555.01 2901.55 4531.30 2918.21 4614.49 2799.81 4638.20
26071-200-M6-052-00003 0.057024288922548294 1609.82 2381.99 1671.15 2374.13 1691.00 2529.10 1629.67 2536.95
26071-700-M6-054-00036 0.10242495685815811 4680.74 1354.19 4770.92 1355.68 4762.54 1860.99 4672.36 1859.50
26071-700-M6-054-00036 0.05762346461415291 4700.00 1827.74 4744.81 1812.04 4761.86 1860.71 4717.06 1876.42
26071-203-M6-320-00044 0.06071161851286888 5199.55 3289.09 5287.26 3284.02 5293.81 3397.55 5206.11 3402.61
26071-500-M6-059-00071 0.07088199257850647 1479.46 5235.66 1657.10 5237.82 1656.34 5300.42 1478.70 5298.26
26071-500-M6-059-00071 0.06058923900127411 1601.89 5407.91 1674.38 5389.36 1706.29 5514.05 1633.80 5532.60
26071-500-M6-059-00071 0.06051990017294884 3982.95 2097.42 4086.55 2087.65 4090.57 2130.42 3986.98 2140.18
26071-203-M6-320-00008 0.08810441941022873 4229.09 4147.42 4320.27 4163.78 4309.05 4226.30 4217.87 4209.95
26071-203-M6-320-00008 0.08349327743053436 1844.46 4230.43 1935.62 4239.53 1928.81 4307.80 1837.65 4298.71
26071-203-M6-320-00008 0.0658142939209938 4792.57 4137.33 4948.09 4143.39 4946.24 4191.00 4790.71 4184.93
26071-500-M6-059-00116 0.12251494079828262 6828.33 5254.54 6897.79 5271.54 6859.80 5426.79 6790.34 5409.79
26071-500-M6-059-00116 0.05891744792461395 3975.43 4061.65 4182.69 4168.34 4101.47 4326.11 3894.21 4219.41
26071-550-M6-084-00026 0.1230902448296547 7228.12 3326.62 7321.84 3325.16 7322.60 3373.56 7228.88 3375.02
26071-550-M6-084-00026 0.08108103275299072 7247.93 3457.88 7381.23 3473.49 7374.38 3531.95 7241.08 3516.33
26071-550-M6-084-00026 0.07008671015501022 4549.99 3328.46 4713.63 3300.42 4739.93 3453.89 4576.29 3481.93
26071-550-M6-084-00026 0.05639466270804405 6375.66 2852.98 6444.28 2851.69 6446.64 2976.67 6378.01 2977.97
26071-550-M6-084-00026 0.05597659572958946 7339.48 3324.48 7453.98 3330.95 7450.71 3388.79 7336.21 3382.31
26071-203-M6-337-00007 0.11411029100418091 4329.24 4097.19 4410.67 4098.52 4408.74 4216.28 4327.31 4214.95
26071-203-M6-337-00007 0.09117189049720764 4333.85 1398.62 4410.52 1402.56 4404.77 1514.60 4328.10 1510.67
26071-200-M6-052-00090 0.10909507423639297 6372.94 3427.96 6534.31 3481.93 6466.71 3684.07 6305.34 3630.10
26071-200-M6-052-00090 0.09596201032400131 3327.94 3453.44 3484.59 3446.86 3493.77 3665.40 3337.12 3671.98
26071-200-M6-052-00090 0.05493718758225441 6150.47 5688.52 6261.65 5687.18 6262.04 5719.08 6150.85 5720.42
26071-200-M6-052-00090 0.05380602553486824 6406.60 5053.42 6523.31 5052.03 6524.15 5122.33 6407.44 5123.73
26071-200-M6-052-00090 0.052852120250463486 6401.63 3691.99 6473.29 3685.43 6484.28 3805.57 6412.62 3812.12
26071-200-M6-052-00090 0.052322521805763245 3315.56 1188.76 3421.34 1186.81 3421.95 1219.29 3316.16 1221.25
26071-200-M6-052-00090 0.052247434854507446 6410.67 3286.23 6474.99 3295.49 6456.05 3427.01 6391.73 3417.75
26071-200-M6-052-00090 0.05111425742506981 6171.87 4000.12 6251.58 4024.24 6220.26 4127.74 6140.55 4103.61
26071-203-M6-320-00061 0.08303511142730713 959.15 3630.19 1151.37 3707.87 1094.09 3849.61 901.88 3771.93
26071-203-M6-320-00061 0.05652501434087753 959.51 3961.58 1149.71 4021.65 1107.06 4156.73 916.86 4096.66
26071-600-M6-065-00037 0.13017864525318146 1898.90 4580.87 2013.38 4586.73 2007.02 4711.16 1892.53 4705.30
26071-600-M6-065-00037 0.12395499646663666 5211.29 4581.19 5317.61 4586.90 5311.01 4709.90 5204.69 4704.19
26071-300-M6-053-00010 0.11097658425569534 6304.34 2573.82 6370.46 2608.21 6321.53 2702.28 6255.41 2667.89
26071-300-M6-053-00010 0.06841409206390381 7049.12 3127.16 7132.90 3134.78 7124.81 3223.77 7041.03 3216.16
26071-200-M6-052-00540 0.06791342794895172 5377.69 5315.30 5440.04 5306.44 5496.25 5701.66 5433.90 5710.52
26071-200-M6-052-00540 0.06419726461172104 7177.65 5319.96 7238.58 5310.08 7301.61 5698.50 7240.68 5708.38
26071-200-M6-052-00540 0.06369084864854813 4831.07 5281.81 4896.02 5286.28 4866.70 5712.21 4801.75 5707.74
26071-200-M6-052-00540 0.059825070202350616 1535.98 5283.96 1602.88 5289.31 1568.61 5717.06 1501.72 5711.71
26071-200-M6-052-00540 0.05972946807742119 2725.54 5284.35 2791.73 5288.77 2763.10 5717.45 2696.91 5713.03
26071-200-M6-052-00540 0.05411120504140854 1922.52 5288.12 1978.40 5290.80 1959.06 5692.97 1903.19 5690.28
26071-200-M6-052-00540 0.05338171124458313 1329.25 5306.58 1397.47 5306.16 1399.83 5683.81 1331.61 5684.24
26071-200-M6-052-00540 0.053361017256975174 5240.62 5288.70 5296.66 5292.55 5268.83 5697.55 5212.79 5693.70
26071-200-M6-052-00540 0.05285605788230896 7027.01 5308.27 7084.80 5309.17 7078.75 5699.02 7020.96 5698.13
26071-200-M6-052-00540 0.05092547833919525 6281.83 5287.29 6336.84 5291.40 6307.00 5691.56 6251.99 5687.46
26071-200-M6-052-00540 0.05076398327946663 4082.90 5285.77 4138.30 5289.73 4109.29 5695.25 4053.89 5691.29
26071-200-M6-052-00540 0.050740908831357956 582.31 5297.98 647.47 5295.69 662.43 5722.08 597.28 5724.37
26071-200-M6-052-00540 0.05056505650281906 1163.92 5280.46 1220.61 5283.98 1195.14 5695.08 1138.45 5691.57
26071-200-M6-052-00540 0.050530124455690384 4621.27 5309.09 4690.89 5306.95 4702.71 5691.74 4633.09 5693.88
26071-200-M6-052-00540 0.050387538969516754 3598.63 5284.76 3655.17 5288.62 3628.47 5679.92 3571.93 5676.06
26071-200-M6-052-00540 0.05033859238028526 6623.48 5276.17 6689.38 5276.26 6688.71 5719.40 6622.82 5719.30
26071-200-M6-052-00540 0.05023130029439926 6366.69 4858.74 6441.00 4857.54 6448.51 5321.03 6374.20 5322.23
26071-200-M6-052-00540 0.05016675218939781 6845.96 5291.00 6901.69 5294.53 6876.94 5685.40 6821.21 5681.87
26071-203-M6-160-00291 0.12014825642108917 2544.66 5198.31 2611.93 5191.48 2626.96 5339.33 2559.69 5346.17
26071-203-M6-160-00291 0.07822567969560623 2162.66 5433.58 2255.83 5434.21 2255.35 5505.33 2162.19 5504.71
26071-203-M6-160-00291 0.07331328094005585 3285.43 2225.84 3351.72 2240.66 3329.14 2341.67 3262.85 2326.86
26071-203-M6-160-00291 0.0671989694237709 4654.53 5432.95 4747.67 5430.70 4749.36 5500.87 4656.22 5503.12
26071-600-M6-066-00002 0.07749675214290619 4276.34 2731.20 4358.99 2714.94 4369.94 2770.58 4287.29 2786.84
26071-200-M6-063-00010 0.058817021548748016 4907.18 1896.14 4999.48 1889.78 5005.59 1978.35 4913.29 1984.72
26071-203-M6-060-00006 0.12041407823562622 3233.24 3007.75 3306.15 3028.10 3280.20 3121.06 3207.29 3100.70
26071-203-M6-060-00006 0.07827258110046387 3364.33 4202.82 3761.57 4232.00 3746.70 4434.47 3349.46 4405.29
26071-203-M6-060-00006 0.07607727497816086 2953.98 4231.56 3113.38 4125.44 3255.24 4338.53 3095.84 4444.65
26071-203-M6-060-00006 0.059203971177339554 5923.28 4081.22 6319.39 4128.55 6300.12 4289.90 5904.00 4242.57
26071-203-M6-325-00013 0.10290727764368057 6042.38 2427.34 6257.99 2440.87 6247.51 2607.78 6031.91 2594.25
26071-203-M6-325-00013 0.05104875937104225 3875.09 4789.01 3964.15 4787.50 3966.37 4918.57 3877.31 4920.08
26071-300-M6-053-00012 0.11091078072786331 5024.58 3407.43 5148.88 3396.85 5155.96 3480.09 5031.67 3490.67
26071-300-M6-053-00012 0.10458333045244217 5513.78 1590.11 5599.69 1598.12 5591.36 1687.48 5505.45 1679.47
26071-300-M6-053-00012 0.09133262932300568 6392.21 5727.99 6481.88 5736.66 6475.38 5803.81 6385.72 5795.14
26071-300-M6-053-00012 0.0889768972992897 4507.85 5725.22 4606.21 5730.90 4602.27 5799.14 4503.91 5793.47
26071-300-M6-053-00012 0.07217258960008621 4607.67 3376.80 4704.70 3373.62 4709.26 3512.80 4612.23 3515.98
26071-450-M6-082-00221 0.05038100481033325 4565.51 5225.45 4653.22 5235.19 4642.39 5332.69 4554.69 5322.95
26071-675-M6-068-00034 0.14110799133777618 3774.34 3354.38 3893.05 3354.55 3892.97 3412.33 3774.25 3412.16
26071-675-M6-068-00034 0.13623425364494324 3512.46 5185.43 3623.48 5176.09 3629.00 5241.61 3517.98 5250.96
26071-675-M6-068-00034 0.12687109410762787 3027.01 3356.01 3141.61 3353.45 3142.88 3410.36 3028.28 3412.92
26071-675-M6-068-00034 0.12139786779880524 2767.00 5187.02 2871.08 5182.57 2873.53 5239.88 2769.45 5244.33
26071-675-M6-068-00034 0.06726878136396408 3056.96 4875.68 3158.71 4875.71 3158.66 5032.65 3056.91 5032.62
26071-675-M6-068-00034 0.06390535086393356 3795.72 4881.74 3907.90 4877.95 3912.85 5024.31 3800.66 5028.10
26071-450-M6-082-00031 0.06104624643921852 5019.72 6122.48 5083.85 6070.21 5147.05 6147.75 5082.92 6200.03
26071-450-M6-082-00031 0.05641920492053032 5384.32 4909.68 5517.42 4935.84 5502.93 5009.56 5369.83 4983.40
26071-200-M6-062-00276 0.0824943408370018 2383.40 4603.79 2504.36 4589.44 2514.35 4673.67 2393.39 4688.02
26071-200-M6-062-00276 0.057432621717453 1273.54 3878.53 1318.56 3871.27 1323.65 3902.83 1278.63 3910.08
26071-200-M6-062-00276 0.05061734840273857 6024.72 4101.98 6118.00 4097.41 6135.46 4453.40 6042.19 4457.97
26071-500-M6-059-00011 0.05468360334634781 5211.41 1917.89 5276.40 1942.66 5242.75 2030.92 5177.77 2006.15
26071-500-M6-059-00011 0.05346539616584778 5696.20 2200.92 5779.55 2188.92 5800.24 2332.70 5716.89 2344.70
26071-500-M6-059-00011 0.05200153961777687 4684.88 1624.01 4752.46 1672.37 4711.00 1730.30 4643.43 1681.94
26071-600-M6-065-00021 0.06320250779390335 3981.01 5413.56 4069.68 5442.58 4047.04 5511.74 3958.38 5482.72
26071-600-M6-065-00021 0.06226297467947006 5372.01 2922.50 5496.00 2914.23 5501.67 2999.23 5377.69 3007.50
26071-600-M6-065-00021 0.05567171052098274 5719.05 5433.29 5812.64 5457.81 5797.03 5517.41 5703.44 5492.88
26071-500-M6-059-00013 0.10819760710000992 2928.04 3635.90 2997.27 3634.57 2999.06 3727.82 2929.83 3729.15
26071-500-M6-059-00013 0.0828450620174408 5355.28 1718.95 5563.80 1788.20 5523.79 1908.66 5315.28 1839.40
26071-500-M6-059-00044 0.09908629208803177 1628.24 1986.05 1732.70 1987.40 1731.67 2067.39 1627.22 2066.04
26071-500-M6-059-00044 0.09259003400802612 1085.00 3595.98 1182.58 3618.31 1162.34 3706.74 1064.76 3684.41
26071-500-M6-059-00044 0.07842076569795609 3094.90 2000.50 3173.38 1961.03 3227.76 2069.15 3149.28 2108.61
26071-500-M6-059-00044 0.07669930160045624 1788.97 4417.90 1858.29 4419.05 1855.57 4583.15 1786.25 4582.00
26071-500-M6-059-00044 0.07274655252695084 2515.02 2005.46 2610.11 2005.69 2609.99 2053.58 2514.90 2053.35
26071-500-M6-059-00044 0.06646871566772461 2797.78 1992.53 2894.83 1981.56 2904.11 2063.64 2807.06 2074.61
26071-500-M6-059-00044 0.05628830939531326 1045.28 6369.01 1092.75 6357.98 1113.13 6445.79 1065.66 6456.81
26071-500-M6-059-00044 0.05302904546260834 1275.51 2382.09 1362.93 2381.37 1363.37 2434.82 1275.95 2435.54
26071-500-M6-059-00044 0.05246124789118767 6565.11 735.01 6651.52 701.58 6695.21 814.51 6608.81 847.94
26071-500-M6-059-00044 0.052071258425712585 3499.60 4808.75 3590.76 4808.67 3590.81 4855.31 3499.64 4855.39
26071-200-M6-052-00093 0.08513632416725159 5160.10 6224.91 5254.84 6217.18 5261.75 6301.86 5167.01 6309.59
26071-200-M6-052-00093 0.05114515870809555 4475.87 1419.70 4582.89 1412.65 4585.01 1444.97 4478.00 1452.01
26071-200-M6-052-00002 0.08315810561180115 3578.85 3119.05 3759.10 3119.69 3758.40 3319.22 3578.15 3318.58
26071-200-M6-052-00002 0.07296433299779892 6167.00 1887.87 6455.33 1897.09 6452.41 1988.38 6164.08 1979.16
26071-200-M6-052-00002 0.060541871935129166 2846.80 3122.77 2988.23 3088.47 3022.28 3228.92 2880.85 3263.22
26071-675-M6-068-10002 0.06723012030124664 3712.33 3744.13 3800.32 3744.14 3800.31 3824.75 3712.32 3824.74
26071-675-M6-068-10002 0.053526315838098526 4624.36 1838.70 4722.79 1841.62 4715.82 2076.86 4617.39 2073.94
26071-675-M6-068-10002 0.050999559462070465 3880.42 1903.80 3959.79 1897.30 3971.23 2036.81 3891.86 2043.32
26071-750-M6-085-00012 0.09345173835754395 2310.21 4293.72 2444.99 4286.88 2452.32 4431.43 2317.55 4438.27
26071-750-M6-085-00012 0.08370531350374222 5009.30 4290.13 5141.04 4292.45 5138.61 4430.04 5006.88 4427.71
26071-750-M6-085-00012 0.083274245262146 742.25 1903.85 800.61 1912.89 782.84 2027.69 724.47 2018.66
26071-750-M6-085-00012 0.06170042231678963 7247.02 4259.13 7697.53 4225.63 7714.06 4448.01 7263.55 4481.51
26071-750-M6-085-00012 0.061168819665908813 7195.66 4282.15 7332.15 4298.48 7316.05 4433.06 7179.56 4416.73
26071-750-M6-085-00012 0.06076651066541672 2986.54 4421.29 3088.96 4421.19 3089.00 4462.52 2986.58 4462.62
26071-750-M6-085-00012 0.05744801461696625 3496.03 4300.09 3612.05 4299.26 3612.99 4430.68 3496.97 4431.52
26071-750-M6-085-00012 0.05584253370761871 4979.82 3770.19 5449.89 3800.11 5441.47 3932.42 4971.40 3902.51
26071-750-M6-085-00012 0.05132409557700157 2765.34 3617.29 2997.92 3768.88 2927.96 3876.21 2695.39 3724.62
26071-200-M6-052-00544 0.06812664121389389 1327.64 4205.85 1405.46 4191.64 1426.64 4307.64 1348.83 4321.85
26071-200-M6-052-00544 0.05376918613910675 4035.73 3983.99 4090.53 3989.15 4075.04 4153.74 4020.24 4148.58
26071-600-M6-066-00003 0.08548694849014282 1472.83 4845.02 1586.91 4853.66 1580.22 4942.00 1466.14 4933.36
26071-750-M6-085-00309 0.09094704687595367 4323.64 2273.48 4447.88 2277.34 4445.95 2339.58 4321.71 2335.73
