26071-500-M6-059-00017 0.06769212335348129 1792.18 3732.68 2235.98 3744.41 2230.77 3941.56 1786.97 3929.82
26071-500-M6-059-00017 0.06519041210412979 5797.01 3736.13 6248.91 3739.57 6247.40 3936.74 5795.51 3933.29
26071-500-M6-059-00017 0.05783545970916748 3781.39 3731.01 4244.92 3743.12 4239.74 3941.18 3776.21 3929.07
26071-700-M6-054-00246 0.05456085130572319 4310.23 3246.57 4783.32 3247.71 4783.10 3335.22 4310.02 3334.07
26071-550-M6-084-00248 0.052113134413957596 4425.91 3724.37 5038.77 3905.63 4960.98 4168.65 4348.12 3987.38
26071-300-M6-053-00309 0.050593968480825424 3345.88 3141.73 3490.31 2998.96 3720.21 3231.53 3575.78 3374.30
26071-203-M6-337-00031 0.07353341579437256 5352.13 701.64 5653.34 680.77 5661.62 800.28 5360.41 821.15
26071-203-M6-337-00031 0.06971345841884613 4715.06 2374.56 5051.04 2365.44 5055.59 2533.11 4719.62 2542.23
26071-203-M6-337-00031 0.06960414350032806 4695.05 1629.95 5051.71 1604.08 5064.64 1782.39 4707.98 1808.26
26071-203-M6-337-00031 0.06886850297451019 4710.79 3114.65 5049.96 3110.49 5052.19 3291.84 4713.02 3296.01
26071-203-M6-337-00031 0.06222038343548775 4721.05 2755.69 5061.79 2753.95 5062.76 2943.69 4722.02 2945.43
26071-203-M6-337-00031 0.05911053717136383 4711.78 1981.65 5065.20 1982.35 5064.86 2154.26 4711.44 2153.55
26071-203-M6-337-00031 0.052454203367233276 4715.33 1271.41 5064.70 1264.24 5068.15 1432.14 4718.77 1439.31
26071-200-M6-052-00150 0.05763164535164833 3433.06 1867.23 3811.06 1876.81 3805.14 2110.11 3427.15 2100.53
26071-203-M6-160-00291 0.07994057983160019 3004.87 2245.43 3320.89 2222.53 3329.42 2340.24 3013.40 2363.14
26071-203-M6-060-00006 0.06645896285772324 3282.89 4202.23 3738.34 4205.31 3736.87 4421.37 3281.42 4418.28
26071-203-M6-060-00006 0.06492310762405396 2698.17 4201.79 3143.17 4214.24 3137.59 4413.85 2692.58 4401.40
26071-203-M6-060-00006 0.050920940935611725 5909.70 4079.19 6400.59 4086.51 6397.93 4264.74 5907.04 4257.42
26071-675-M6-068-00034 0.05569954589009285 2662.88 4850.55 3113.16 4833.67 3120.71 5035.14 2670.43 5052.02
26071-675-M6-068-00034 0.052441101521253586 3424.47 4856.70 3876.65 4820.37 3892.29 5015.10 3440.12 5051.42
26071-500-M6-059-00011 0.05250537395477295 3582.66 3590.66 4113.42 3596.22 4112.57 3677.59 3581.81 3672.04
26071-600-M6-065-00021 0.0915849357843399 2209.91 1468.70 2531.46 1446.16 2539.88 1566.37 2218.34 1588.91
26071-500-M6-059-00013 0.052500348538160324 2880.63 4889.14 3319.58 4887.19 3320.63 5123.17 2881.68 5125.12
26071-500-M6-059-00044 0.05438582971692085 2852.82 1951.15 2929.39 2017.74 2851.97 2106.76 2775.40 2040.18
26071-750-M6-085-00012 0.05812794342637062 7241.12 4247.22 7680.62 4238.76 7684.78 4454.76 7245.27 4463.22
26071-750-M6-085-00012 0.05642155557870865 5081.08 4266.23 5493.56 4241.06 5505.58 4438.12 5093.10 4463.29
26071-750-M6-085-00309 0.06616999208927155 2939.85 3589.77 3110.05 3578.91 3122.96 3781.32 2952.76 3792.18
26071-750-M6-085-00309 0.05697614699602127 3064.52 4381.94 3546.11 4352.01 3552.51 4455.12 3070.93 4485.05
