26071-200-M6-052-00001 0.06087076663970947 2447.10 3391.02 2973.49 3400.57 2970.19 3582.43 2443.80 3572.88
26071-500-M6-059-00017 0.11985352635383606 1794.43 3722.72 2262.18 3752.53 2249.62 3949.64 1781.87 3919.83
26071-500-M6-059-00017 0.11526544392108917 3793.10 3734.89 4257.40 3745.20 4252.91 3947.31 3788.61 3937.00
26071-500-M6-059-00017 0.11213469505310059 5813.97 3727.70 6277.53 3751.96 6267.25 3948.45 5803.69 3924.19
26071-500-M6-059-00017 0.06772278249263763 3246.18 3983.62 4055.05 3907.85 4082.99 4206.14 3274.11 4281.90
26071-600-M6-066-00012 0.06691166013479233 5364.48 1438.64 5460.66 1425.81 5513.91 1824.93 5417.73 1837.76
26071-200-M6-052-00539 0.1002795472741127 3364.07 5400.43 3894.79 5355.87 3911.12 5550.33 3380.40 5594.90
26071-500-M6-059-00248 0.16888874769210815 4586.03 4414.05 5197.10 4420.85 5194.79 4628.14 4583.72 4621.34
26071-700-M6-054-00246 0.07914599031209946 4209.34 3086.10 4921.73 3113.14 4911.50 3382.76 4199.11 3355.72
26071-500-M6-059-00040 0.07651890814304352 2531.95 1322.77 2593.56 1316.04 2607.58 1444.42 2545.97 1451.15
26071-550-M6-084-00248 0.1279071420431137 4648.86 3998.02 5174.23 3947.29 5194.11 4153.20 4668.75 4203.94
26071-200-M6-052-00080 0.09832369536161423 6305.57 3807.49 7069.32 3822.41 7064.24 4082.26 6300.49 4067.34
26071-200-M6-052-00080 0.0861690491437912 2919.26 3821.11 3654.73 3850.10 3645.46 4085.16 2909.99 4056.16
26071-200-M6-052-00080 0.05258600413799286 2736.57 3778.41 2938.13 3725.65 3034.88 4095.19 2833.32 4147.96
26071-300-M6-053-00309 0.13728536665439606 3383.68 3056.16 4179.47 3046.71 4182.28 3283.34 3386.49 3292.79
26071-300-M6-053-00309 0.11368205398321152 3374.92 5170.91 4201.79 5163.47 4203.96 5404.24 3377.08 5411.68
26071-300-M6-053-00309 0.08564767986536026 5481.09 4672.14 5652.86 4697.24 5627.09 4873.61 5455.32 4848.51
26071-300-M6-053-00309 0.051960546523332596 4753.23 4762.45 5529.52 4754.65 5532.69 5071.16 4756.40 5078.95
26071-450-M6-082-00009 0.11868652701377869 3669.38 4495.21 3854.99 4502.49 3844.88 4759.85 3659.28 4752.56
26071-450-M6-082-00009 0.05925653874874115 2430.56 2545.32 2973.74 2517.09 2983.72 2709.10 2440.54 2737.33
26071-200-M6-052-00552 0.07158390432596207 5256.49 4297.27 5322.63 4298.36 5320.66 4419.05 5254.52 4417.97
26071-200-M6-052-00552 0.05605101212859154 3798.34 2401.71 4254.58 2471.18 4216.17 2723.41 3759.93 2653.95
26071-750-M6-085-00007 0.07389795035123825 2065.80 2611.46 2550.23 2614.33 2549.19 2789.66 2064.76 2786.78
26071-750-M6-085-00007 0.0715356394648552 3680.88 2614.12 4141.09 2616.82 4140.08 2788.67 3679.87 2785.97
26071-750-M6-085-00007 0.06545015424489975 3286.90 2639.74 3691.87 2648.06 3689.93 2742.21 3284.96 2733.89
26071-750-M6-085-00007 0.05484534054994583 1691.00 2627.72 2092.88 2644.16 2088.97 2739.72 1687.09 2723.28
26071-203-M6-337-00031 0.15002991259098053 4709.27 1992.76 5062.48 1979.14 5069.18 2152.98 4715.98 2166.60
26071-203-M6-337-00031 0.1468045860528946 4696.79 3124.58 5061.28 3118.83 5064.06 3295.17 4699.57 3300.92
26071-203-M6-337-00031 0.1435808688402176 4699.81 2372.71 5050.86 2369.13 5052.57 2536.97 4701.52 2540.55
26071-203-M6-337-00031 0.1434255689382553 4699.80 1622.04 5042.76 1610.71 5048.46 1783.22 4705.50 1794.55
26071-203-M6-337-00031 0.13704608380794525 4715.33 1271.41 5064.70 1264.24 5068.15 1432.14 4718.77 1439.31
26071-203-M6-337-00031 0.13050515949726105 4708.55 2768.20 5071.20 2763.88 5073.26 2936.82 4710.61 2941.15
26071-203-M6-337-00031 0.11616485565900803 4949.13 2218.73 5018.88 2221.60 5013.92 2342.11 4944.18 2339.25
26071-203-M6-337-00031 0.10479302704334259 4940.55 1109.65 5009.75 1106.97 5014.32 1225.09 4945.12 1227.76
26071-203-M6-337-00031 0.10434284806251526 4951.87 1820.85 5024.54 1830.46 5008.40 1952.55 4935.73 1942.94
26071-203-M6-337-00031 0.09312332421541214 5413.33 1504.77 6067.54 1527.19 6059.22 1770.03 5405.01 1747.61
26071-203-M6-337-00031 0.09116122871637344 4949.17 1466.03 5018.46 1468.67 5013.86 1589.52 4944.58 1586.89
26071-203-M6-337-00031 0.08964859694242477 4949.49 2966.08 5018.44 2968.56 5014.09 3089.40 4945.14 3086.91
26071-203-M6-337-00031 0.08612101525068283 5609.83 1104.25 5791.95 1116.85 5779.69 1294.02 5597.57 1281.42
26071-203-M6-337-00031 0.08504555374383926 5351.46 684.73 5643.74 695.20 5639.38 816.94 5347.10 806.48
26071-203-M6-337-00031 0.08403317630290985 4954.30 2600.01 5026.53 2608.87 5011.25 2733.47 4939.02 2724.61
26071-203-M6-337-00031 0.08225754648447037 5619.40 1771.33 5792.66 1778.81 5785.21 1951.53 5611.94 1944.06
26071-203-M6-337-00031 0.08016110956668854 5619.24 2870.80 5798.19 2891.80 5777.51 3068.04 5598.56 3047.04
26071-203-M6-337-00031 0.07936038821935654 5620.52 1400.45 5793.13 1417.15 5775.71 1597.25 5603.10 1580.56
26071-203-M6-337-00031 0.07786346226930618 5619.30 2510.94 5794.70 2529.70 5775.58 2708.58 5600.18 2689.83
26071-203-M6-337-00031 0.07617702335119247 5618.34 2105.14 5794.79 2116.59 5783.93 2284.01 5607.49 2272.57
26071-203-M6-337-00031 0.07012317329645157 5446.17 1240.94 6018.08 1219.28 6027.94 1479.82 5456.04 1501.48
26071-203-M6-337-00031 0.0658436194062233 5509.56 2298.46 6136.98 2264.76 6151.31 2531.56 5523.89 2565.26
26071-203-M6-337-00031 0.06527382135391235 4835.71 3195.06 5731.72 3183.42 5735.13 3445.46 4839.12 3457.11
26071-203-M6-337-00031 0.06290710717439651 4821.72 2445.61 5565.47 2415.28 5578.79 2741.94 4835.04 2772.27
26071-203-M6-337-00031 0.05945086106657982 2009.47 1022.04 2627.73 1142.80 2555.66 1511.77 1937.40 1391.01
26071-203-M6-337-00031 0.05561986193060875 4905.84 1623.94 5640.58 1638.89 5634.20 1952.51 4899.46 1937.56
26071-203-M6-337-00031 0.05397436022758484 5498.28 1843.32 6091.06 1958.43 6042.96 2206.14 5450.18 2091.04
26071-203-M6-337-00031 0.050482891499996185 4935.93 2896.86 5058.61 2838.65 5296.54 3340.14 5173.86 3398.34
26071-203-M6-332-00001 0.15209181606769562 4181.68 2722.61 4609.56 2810.66 4473.19 3473.37 4045.31 3385.32
26071-203-M6-332-00001 0.14349623024463654 4622.49 2712.36 5061.56 2810.34 4907.73 3499.70 4468.65 3401.72
26071-203-M6-332-00001 0.1419999897480011 3772.85 2686.59 4198.54 2794.10 4021.62 3494.57 3595.93 3387.06
26071-203-M6-332-00001 0.12639880180358887 3329.25 2739.14 3755.88 2794.06 3670.71 3455.71 3244.09 3400.79
26071-203-M6-332-00001 0.12438850849866867 4792.60 3090.24 5143.05 2832.28 5547.90 3382.29 5197.45 3640.25
26071-203-M6-332-00001 0.12358371913433075 5428.96 2742.45 5853.55 2794.19 5773.12 3454.26 5348.52 3402.52
26071-203-M6-332-00001 0.1194097027182579 5858.11 2785.16 6300.58 2869.93 6176.77 3516.21 5734.30 3431.44
26071-203-M6-332-00001 0.1140405535697937 2753.60 2887.06 3230.47 2760.07 3416.82 3459.85 2939.95 3586.84
26071-200-M6-052-00150 0.20268990099430084 3438.79 1864.59 3815.69 1875.73 3808.94 2104.03 3432.05 2092.89
26071-200-M6-052-00150 0.052905719727277756 2938.08 3038.49 3687.80 2997.43 3704.16 3296.01 2954.44 3337.07
26071-200-M6-052-00003 0.08443906903266907 4152.10 4810.31 4333.87 4728.49 4465.69 5021.33 4283.93 5103.15
26071-700-M6-054-00036 0.12480369955301285 3955.33 3456.30 4656.22 3451.39 4657.75 3670.05 3956.87 3674.96
26071-700-M6-054-00036 0.06055939570069313 4706.95 1332.52 4798.35 1337.87 4768.10 1854.58 4676.71 1849.23
26071-600-M6-065-00231 0.08804886788129807 6038.19 3301.41 6550.75 3310.40 6547.48 3497.31 6034.91 3488.32
26071-600-M6-065-00231 0.05175517871975899 6973.36 3308.75 7412.04 3315.51 7409.26 3496.04 6970.58 3489.27
26071-500-M6-059-00116 0.08666285872459412 3875.97 4072.24 4479.45 4093.11 4472.82 4284.90 3869.33 4264.02
26071-203-M6-337-00007 0.052533894777297974 4332.94 4100.24 4412.37 4104.26 4406.45 4221.13 4327.02 4217.11
26071-203-M6-337-00007 0.05074875056743622 4332.16 1399.82 4411.36 1403.95 4405.28 1520.37 4326.08 1516.23
26071-200-M6-052-00090 0.11717845499515533 2424.92 3375.69 3290.49 3315.09 3310.47 3600.51 2444.90 3661.10
26071-200-M6-052-00090 0.08772946149110794 5430.33 3387.61 6324.19 3364.56 6330.89 3624.28 5437.03 3647.33
26071-600-M6-065-00037 0.07867822051048279 1829.01 4536.48 1986.16 4509.40 2036.24 4799.95 1879.09 4827.03
26071-600-M6-065-00037 0.0671798586845398 5146.09 4563.51 5309.64 4540.14 5348.09 4809.29 5184.53 4832.65
26071-300-M6-053-00010 0.09831570088863373 2076.90 4322.10 2693.76 4290.73 2704.18 4495.44 2087.32 4526.82
26071-203-M6-320-00042 0.06338952481746674 2603.82 3563.48 2700.07 3561.83 2710.52 4171.39 2614.27 4173.04
26071-203-M6-160-00291 0.1554875373840332 2838.69 3568.69 3856.88 3597.13 3849.94 3845.62 2831.75 3817.19
26071-203-M6-160-00291 0.061104174703359604 6196.28 3240.28 6472.97 3254.76 6463.94 3427.23 6187.25 3412.75
26071-203-M6-160-00291 0.05781012028455734 3020.11 2247.50 3347.74 2222.97 3356.13 2335.02 3028.50 2359.56
26071-203-M6-160-00291 0.05101554095745087 2542.57 5104.79 2606.75 5102.93 2613.23 5327.02 2549.05 5328.88
26071-300-M6-053-00008 0.06343471258878708 5229.07 1959.84 5934.68 2041.56 5896.15 2374.29 5190.53 2292.57
26071-200-M6-063-00010 0.06811072677373886 2543.47 3984.23 3085.24 3961.59 3093.45 4158.04 2551.68 4180.67
26071-203-M6-060-00006 0.16000241041183472 3285.30 4193.92 3762.29 4210.02 3755.40 4414.17 3278.41 4398.07
26071-203-M6-060-00006 0.15320640802383423 2678.19 4207.84 3157.29 4211.16 3155.90 4412.96 2676.79 4409.65
26071-203-M6-060-00006 0.10820349305868149 5907.62 4115.12 6258.34 4079.81 6274.55 4240.86 5923.83 4276.17
26071-300-M6-053-00012 0.12208140641450882 5124.90 2263.06 5663.25 2265.89 5662.17 2471.09 5123.82 2468.26
26071-300-M6-053-00012 0.0860966295003891 4212.93 3439.97 4488.62 3452.42 4463.89 3999.68 4188.21 3987.22
26071-675-M6-068-00034 0.1875213235616684 2662.88 4850.55 3113.16 4833.67 3120.71 5035.14 2670.43 5052.02
26071-675-M6-068-00034 0.18472717702388763 3413.07 4846.83 3861.74 4844.16 3862.93 5043.72 3414.26 5046.39
26071-450-M6-082-00031 0.09958914667367935 2988.09 3246.71 3549.54 3212.67 3561.29 3406.44 2999.83 3440.48
26071-200-M6-062-00276 0.10989659279584885 6007.52 4118.55 6108.23 4118.10 6109.75 4456.68 6009.04 4457.13
26071-200-M6-062-00276 0.09466415643692017 6463.15 4116.66 6561.83 4120.93 6547.44 4453.66 6448.76 4449.39
26071-500-M6-059-00011 0.053309228271245956 3516.53 3465.64 4311.50 3402.29 4332.85 3670.24 3537.88 3733.60
26071-600-M6-065-00021 0.08319945633411407 2209.88 1465.11 2535.64 1465.17 2535.62 1574.08 2209.86 1574.02
26071-500-M6-059-00013 0.1442212611436844 2880.63 4889.14 3319.58 4887.19 3320.63 5123.17 2881.68 5125.12
26071-500-M6-059-00013 0.082828089594841 5341.12 1711.26 5559.35 1803.07 5514.55 1909.56 5296.32 1817.76
26071-500-M6-059-00013 0.05150008946657181 7391.48 2250.84 7486.02 2249.32 7496.00 2871.03 7401.46 2872.55
26071-500-M6-059-00044 0.13549388945102692 2852.82 1951.15 2929.39 2017.74 2851.97 2106.76 2775.40 2040.18
26071-500-M6-059-00044 0.0861043930053711 2894.37 4962.73 2963.09 4967.32 2955.10 5086.93 2886.39 5082.35
26071-500-M6-059-00044 0.07318216562271118 6473.32 4966.27 6540.52 4970.51 6533.23 5086.18 6466.02 5081.94
26071-200-M6-052-00093 0.1316661536693573 3960.00 1440.56 4572.70 1383.95 4592.58 1599.08 3979.88 1655.69
26071-200-M6-052-00093 0.11286997050046921 3961.04 3802.66 4568.69 3755.25 4583.86 3949.72 3976.21 3997.12
26071-200-M6-052-00093 0.06600205600261688 3987.52 4504.41 4612.94 4462.56 4625.81 4654.83 4000.39 4696.68
26071-200-M6-052-00093 0.06266171485185623 4002.30 2253.24 4617.82 2231.73 4624.72 2428.99 4009.20 2450.51
26071-200-M6-052-00002 0.07414107769727707 2974.81 3121.08 3543.81 3101.51 3550.75 3303.47 2981.76 3323.04
26071-675-M6-068-10002 0.09378963708877563 4557.17 1586.18 5096.75 1573.13 5100.95 1746.88 4561.38 1759.94
26071-675-M6-068-10002 0.08746568858623505 3724.69 1586.02 4215.31 1586.27 4215.22 1755.54 3724.60 1755.29
26071-675-M6-068-10002 0.06084292754530907 2020.19 4434.46 2878.89 4349.58 2897.77 4540.58 2039.07 4625.46
26071-750-M6-085-00012 0.21472789347171783 7221.07 4266.22 7686.59 4235.02 7700.12 4436.94 7234.60 4468.14
26071-750-M6-085-00012 0.2006874680519104 5075.58 4241.09 5501.88 4245.10 5499.85 4460.18 5073.56 4456.18
26071-750-M6-085-00012 0.15514522790908813 3109.12 4255.49 3587.82 4260.82 3585.63 4457.33 3106.93 4452.00
26071-750-M6-085-00012 0.14695680141448975 2342.42 4252.91 2809.32 4269.33 2802.76 4455.84 2335.86 4439.42
26071-750-M6-085-00012 0.12520647048950195 1632.40 2038.32 1796.19 2071.79 1759.19 2252.83 1595.40 2219.35
26071-750-M6-085-00012 0.0839473158121109 2725.77 3687.53 2878.18 3581.66 3108.17 3912.74 2955.76 4018.62
26071-750-M6-085-00012 0.07644184678792953 5042.18 3721.26 5395.81 3856.52 5353.72 3966.58 5000.08 3831.32
26071-750-M6-085-00012 0.06478594243526459 5007.60 5114.78 5380.69 5110.64 5382.22 5248.27 5009.13 5252.41
26071-750-M6-085-00012 0.06221180409193039 1041.90 2127.13 1219.54 2073.34 1300.59 2341.02 1122.95 2394.81
26071-750-M6-085-00012 0.061987265944480896 2735.27 5131.56 3184.02 5104.24 3191.88 5233.34 2743.13 5260.66
26071-750-M6-085-00012 0.057987235486507416 7222.63 3726.53 7545.13 3810.51 7512.90 3934.29 7190.39 3850.32
26071-750-M6-085-00012 0.05534536764025688 7222.51 5133.47 7681.08 5104.15 7688.99 5227.90 7230.43 5257.22
26071-750-M6-085-00012 0.05183028802275658 3055.43 4131.80 3183.28 4007.60 3370.35 4200.17 3242.50 4324.37
26071-750-M6-085-00012 0.05161694437265396 726.55 1735.37 1150.15 1745.89 1144.81 1961.05 721.21 1950.53
26071-750-M6-085-00309 0.11576919257640839 2953.85 3626.86 3134.80 3635.96 3126.21 3806.73 2945.26 3797.64
26071-750-M6-085-00309 0.06783702224493027 3072.98 4387.45 3541.27 4382.86 3542.13 4470.31 3073.84 4474.90
26071-750-M6-085-00309 0.05175939202308655 2967.74 2443.25 3636.25 2409.70 3641.07 2505.75 2972.56 2539.30
