26071-500-M6-059-00017 0.0756353959441185 2038.58 3780.86 2209.69 3707.69 2294.71 3906.53 2123.60 3979.69
26071-600-M6-066-00012 0.05318869650363922 5377.21 1282.52 5483.11 1284.76 5474.11 1709.39 5368.20 1707.14
26071-500-M6-059-00040 0.08441668748855591 3608.03 2841.64 3766.32 2811.99 3798.63 2984.52 3640.34 3014.17
26071-750-M6-085-00286 0.08219705522060394 3504.08 3353.32 3598.45 3350.36 3602.32 3473.62 3507.95 3476.57
26071-300-M6-053-00309 0.09906560182571411 5487.96 4685.12 5653.72 4705.86 5631.58 4882.86 5465.81 4862.12
26071-300-M6-053-00309 0.0775715783238411 5928.05 2033.60 6107.29 2028.34 6112.59 2208.97 5933.35 2214.23
26071-300-M6-053-00309 0.07142943143844604 6013.27 1195.53 6183.20 1212.88 6164.46 1396.43 5994.53 1379.08
26071-300-M6-053-00309 0.06941801309585571 3328.76 5192.29 3518.22 5187.05 3524.58 5417.36 3335.13 5422.60
26071-300-M6-053-00309 0.06363650411367416 3332.15 3066.49 3518.39 3077.21 3505.74 3296.78 3319.51 3286.05
26071-450-M6-082-00009 0.06210731714963913 3669.84 4497.22 3848.75 4509.32 3832.48 4749.86 3653.58 4737.76
26071-203-M6-337-00031 0.09921316802501678 5603.15 1761.66 5785.57 1748.07 5799.80 1939.13 5617.38 1952.72
26071-203-M6-337-00031 0.09019976854324341 5620.00 1097.17 5807.05 1124.14 5780.81 1306.17 5593.76 1279.21
26071-203-M6-337-00031 0.08946414291858673 5595.54 2515.83 5792.79 2496.67 5810.94 2683.47 5613.68 2702.62
26071-203-M6-337-00031 0.08918090164661407 4709.27 1992.76 5062.48 1979.14 5069.18 2152.98 4715.98 2166.60
26071-203-M6-337-00031 0.08897463977336884 4715.06 2374.56 5051.04 2365.44 5055.59 2533.11 4719.62 2542.23
26071-203-M6-337-00031 0.08773737400770187 4729.86 1588.67 5014.52 1619.95 4995.06 1797.05 4710.40 1765.77
26071-203-M6-337-00031 0.08620264381170273 4728.57 3089.78 5027.21 3129.76 5002.55 3313.99 4703.90 3274.01
26071-203-M6-337-00031 0.08420801907777786 4715.33 1271.41 5064.70 1264.24 5068.15 1432.14 4718.77 1439.31
26071-203-M6-337-00031 0.08308564871549606 5608.89 2102.14 5788.38 2084.98 5806.23 2271.69 5626.74 2288.85
26071-203-M6-337-00031 0.08138657361268997 5625.09 2860.15 5816.04 2880.12 5796.76 3064.46 5605.82 3044.50
26071-203-M6-337-00031 0.07662203162908554 4742.26 2714.83 5050.58 2796.81 4999.90 2987.39 4691.59 2905.41
26071-203-M6-337-00031 0.07475638389587402 5615.37 1407.32 5808.85 1418.38 5798.91 1592.23 5605.43 1581.18
26071-203-M6-337-00031 0.05313776805996895 6418.50 509.07 6573.75 516.01 6565.28 705.63 6410.04 698.70
26071-203-M6-332-00001 0.0526634119451046 3558.02 3043.63 3677.40 3035.89 3689.74 3226.19 3570.36 3233.93
26071-203-M6-332-00001 0.05218499153852463 5657.31 3043.33 5776.79 3035.06 5790.05 3226.53 5670.56 3234.80
26071-700-M6-054-00036 0.05401334539055824 4674.30 1349.47 4774.81 1348.21 4780.87 1831.51 4680.36 1832.77
26071-203-M6-320-00044 0.08952708542346954 5213.49 3270.11 5310.24 3283.40 5294.18 3400.29 5197.42 3387.00
26071-600-M6-065-00231 0.06323670595884323 7182.21 3522.22 7299.49 3515.92 7312.47 3757.73 7195.18 3764.03
26071-500-M6-059-00116 0.0697295218706131 6804.56 5169.21 6909.08 5173.18 6903.38 5323.75 6798.85 5319.79
26071-550-M6-084-00026 0.11624379456043243 2186.42 3305.04 2364.33 3295.29 2373.92 3470.45 2196.01 3480.19
26071-550-M6-084-00026 0.10046254098415375 4575.76 3296.70 4742.89 3314.07 4725.04 3485.74 4557.92 3468.36
26071-550-M6-084-00026 0.07452817261219025 5897.69 4119.56 5990.95 4113.16 5999.49 4237.56 5906.23 4243.96
26071-203-M6-337-00007 0.0652589425444603 4329.93 4101.90 4425.36 4095.94 4432.96 4217.47 4337.53 4223.44
26071-203-M6-337-00007 0.06432162970304489 4325.36 1400.54 4423.28 1390.79 4435.68 1515.40 4337.77 1525.15
26071-203-M6-320-00042 0.08641782402992249 3139.20 2636.18 3238.14 2639.39 3234.25 2758.91 3135.31 2755.69
26071-203-M6-160-00291 0.13304929435253143 5240.48 5297.72 5419.70 5298.09 5419.33 5477.77 5240.11 5477.39
26071-203-M6-160-00291 0.1025787740945816 2745.50 5306.87 2917.68 5301.76 2922.81 5474.28 2750.63 5479.39
26071-203-M6-160-00291 0.0656929463148117 5603.68 1640.31 5700.07 1638.52 5702.33 1760.32 5605.95 1762.11
26071-203-M6-060-00006 0.08516726642847061 2940.89 4276.35 3111.98 4180.23 3201.14 4338.92 3030.05 4435.04
26071-203-M6-060-00006 0.07894603163003922 3536.85 4267.53 3710.62 4192.13 3783.53 4360.15 3609.76 4435.55
26071-200-M6-062-00276 0.05572477728128433 3830.61 3693.86 4002.66 3720.62 3971.83 3918.80 3799.79 3892.04
26071-600-M6-065-00021 0.054089128971099854 2277.76 1433.31 2533.26 1564.90 2478.76 1670.72 2223.26 1539.14
26071-500-M6-059-00013 0.07418753951787949 5331.32 1742.19 5546.87 1747.13 5543.72 1884.88 5328.16 1879.94
26071-500-M6-059-00044 0.0514364130795002 3889.74 4371.23 3969.67 4380.44 3946.84 4578.58 3866.91 4569.37
26071-200-M6-052-00093 0.05318443849682808 3873.84 1474.53 4028.15 1496.14 4003.52 1672.04 3849.21 1650.42
26071-200-M6-052-00093 0.05227223038673401 3876.23 3830.15 4018.36 3855.73 3987.77 4025.65 3845.64 4000.07
26071-750-M6-085-00012 0.062091048806905746 752.88 2104.73 878.87 2180.07 800.87 2310.51 674.88 2235.16
26071-750-M6-085-00012 0.061217982321977615 1627.26 2036.01 1804.73 2064.32 1775.29 2248.87 1597.82 2220.56
26071-750-M6-085-00309 0.1198357492685318 2947.38 3616.31 3125.31 3613.16 3128.40 3787.60 2950.47 3790.76
