26071-200-M6-052-00001 0.09602118283510208 2262.23 5785.63 2378.90 5781.44 2385.17 5955.93 2268.50 5960.12
26071-200-M6-052-00001 0.06735723465681076 6294.81 2148.44 6385.03 2150.04 6384.19 2197.55 6293.97 2195.95
26071-200-M6-052-00001 0.05369541049003601 5003.65 5610.30 5151.94 5614.78 5147.40 5765.00 4999.11 5760.52
26071-500-M6-059-00017 0.9956600069999695 672.95 3469.65 826.24 3483.80 812.14 3636.62 658.85 3622.47
26071-500-M6-059-00017 0.0788397341966629 666.71 3192.83 819.79 3192.98 819.63 3347.57 666.55 3347.42
26071-500-M6-059-00017 0.056884877383708954 682.08 3042.12 833.78 3060.80 815.02 3213.12 663.33 3194.44
26071-600-M6-066-00012 0.11057094484567642 3673.17 3152.47 3826.74 3165.06 3813.93 3321.22 3660.36 3308.63
26071-600-M6-066-00012 0.06845375150442123 5849.09 4260.93 5968.34 4262.38 5966.44 4418.69 5847.19 4417.24
26071-600-M6-066-00012 0.0645306408405304 5174.71 5811.33 5221.55 5811.84 5220.54 5905.45 5173.70 5904.94
26071-600-M6-066-00012 0.06359333544969559 7371.09 1767.60 7491.66 1757.69 7506.10 1933.34 7385.53 1943.26
26071-600-M6-066-00012 0.05879237502813339 5606.83 2128.11 5728.17 2127.32 5729.27 2298.66 5607.94 2299.45
26071-200-M6-052-00539 0.062444861978292465 2407.98 1284.85 2560.20 1271.89 2573.79 1431.38 2421.57 1444.35
26071-200-M6-052-00539 0.0541110597550869 6234.02 6062.41 6384.41 6068.36 6378.49 6218.07 6228.10 6212.13
26071-200-M6-052-00539 0.05188657343387604 3448.34 1296.79 3604.26 1266.59 3634.15 1420.92 3478.22 1451.12
26071-203-M6-325-00012 0.06530418992042542 3954.39 2802.90 4105.10 2792.86 4115.12 2943.39 3964.42 2953.43
26071-203-M6-325-00012 0.05574182793498039 3973.19 1246.12 4121.78 1240.58 4127.43 1391.87 3978.84 1397.42
26071-700-M6-054-00246 0.06208854168653488 4128.24 5470.75 4250.10 5468.25 4253.52 5635.17 4131.66 5637.67
26071-500-M6-059-00040 0.09472410380840302 3678.71 2331.37 3826.66 2328.56 3829.51 2479.10 3681.57 2481.91
26071-500-M6-059-00040 0.0689600333571434 6963.36 2099.83 7115.21 2101.34 7113.76 2247.76 6961.90 2246.25
26071-500-M6-059-00040 0.05571974813938141 4308.69 2004.54 4450.81 2023.82 4431.45 2166.51 4289.33 2147.23
26071-750-M6-085-00286 0.05324918404221535 3884.28 2566.35 4037.18 2571.79 4031.91 2719.84 3879.01 2714.39
26071-550-M6-084-00248 0.06479666382074356 2908.35 4191.60 2989.82 4190.69 2990.73 4272.47 2909.26 4273.38
26071-203-M6-332-00008 0.10954626649618149 1875.32 4550.06 2030.68 4554.10 2026.59 4711.52 1871.23 4707.49
26071-203-M6-332-00008 0.06290491670370102 4316.30 4545.71 4462.84 4563.77 4443.65 4719.55 4297.11 4701.50
26071-203-M6-332-00008 0.05288108065724373 6749.61 4542.81 6895.76 4563.60 6873.56 4719.64 6727.41 4698.85
26071-200-M6-052-00080 0.08016708493232727 7623.31 4845.18 7737.99 4848.98 7732.38 5018.57 7617.70 5014.77
26071-200-M6-052-00080 0.07647979259490967 4196.02 4835.89 4312.91 4836.68 4311.75 5008.86 4194.85 5008.07
26071-200-M6-052-00080 0.07210398465394974 6613.98 1879.76 6761.96 1884.69 6756.99 2033.66 6609.01 2028.73
26071-200-M6-052-00080 0.06655452400445938 3580.11 2203.36 3625.78 2206.03 3620.29 2300.09 3574.62 2297.42
26071-200-M6-052-00080 0.06615947932004929 7006.43 2204.04 7052.03 2206.32 7047.31 2300.64 7001.70 2298.35
26071-200-M6-052-00080 0.06503918766975403 3583.53 5445.54 3730.66 5458.36 3717.50 5609.54 3570.37 5596.73
26071-200-M6-052-00080 0.06103823706507683 2146.09 5007.94 2277.56 5022.79 2260.74 5171.70 2129.27 5156.86
26071-300-M6-053-00309 0.9950447082519531 5480.97 5753.37 5635.06 5765.56 5623.14 5916.30 5469.05 5904.11
26071-300-M6-053-00309 0.9943922162055969 5008.95 863.77 5161.91 878.42 5147.25 1031.57 4994.29 1016.92
26071-300-M6-053-00309 0.07033232599496841 5755.94 1479.42 5916.33 1478.96 5916.74 1625.89 5756.36 1626.34
26071-300-M6-053-00309 0.05760855972766876 5370.32 3914.68 5525.06 3916.21 5523.60 4063.49 5368.86 4061.96
26071-450-M6-082-00009 0.17110158503055573 2758.70 4776.06 2911.97 4772.57 2915.43 4924.45 2762.16 4927.94
26071-450-M6-082-00009 0.1412063091993332 4890.40 5750.51 5037.12 5759.00 5028.31 5911.22 4881.60 5902.73
26071-450-M6-082-00009 0.11705944687128067 6079.70 5738.55 6198.67 5733.43 6205.98 5903.32 6087.01 5908.44
26071-450-M6-082-00009 0.09278498589992523 5243.29 1572.97 5398.27 1581.38 5389.98 1734.24 5234.99 1725.83
26071-450-M6-082-00009 0.08185084909200668 7112.33 1796.22 7204.48 1793.66 7205.80 1841.16 7113.65 1843.73
26071-450-M6-082-00009 0.08175971359014511 4946.30 1576.02 5096.36 1577.31 5095.04 1730.24 4944.98 1728.94
26071-450-M6-082-00009 0.07010342925786972 1227.50 6105.74 1381.91 6117.33 1370.39 6270.74 1215.98 6259.14
26071-450-M6-082-00009 0.06935146450996399 1748.28 3684.47 1895.56 3690.87 1889.10 3839.32 1741.83 3832.91
26071-450-M6-082-00009 0.06913783401250839 4895.64 5893.71 5050.93 5908.90 5035.56 6065.97 4880.27 6050.78
26071-450-M6-082-00009 0.06652888655662537 4914.04 6520.23 5006.88 6519.10 5007.45 6566.26 4914.61 6567.39
26071-450-M6-082-00009 0.06598741561174393 5533.41 1573.37 5689.84 1577.56 5685.72 1731.36 5529.30 1727.17
26071-450-M6-082-00009 0.062177933752536774 6306.81 4305.88 6448.86 4307.97 6446.55 4465.49 6304.50 4463.41
26071-450-M6-082-00009 0.058979153633117676 1459.61 3921.51 1609.27 3939.34 1591.44 4089.06 1441.78 4071.24
26071-450-M6-082-00009 0.05683724582195282 6310.88 5395.94 6460.94 5409.97 6446.68 5562.47 6296.62 5548.44
26071-450-M6-082-00009 0.056376829743385315 754.58 2720.62 908.58 2724.20 905.06 2875.65 751.06 2872.07
26071-450-M6-082-00009 0.05211584270000458 2649.28 1876.30 2800.64 1890.21 2787.01 2038.52 2635.65 2024.61
26071-750-M6-085-00007 0.16565768420696259 6365.73 4157.47 6519.22 4165.57 6511.06 4319.99 6357.58 4311.89
26071-750-M6-085-00007 0.08351625502109528 1859.72 3148.30 2012.57 3173.93 1987.94 3320.81 1835.10 3295.19
26071-750-M6-085-00007 0.0766628310084343 2895.24 1254.28 3040.02 1263.47 3030.28 1416.89 2885.50 1407.70
26071-750-M6-085-00007 0.07146402448415756 6665.73 5753.42 6809.72 5760.08 6802.62 5913.54 6658.63 5906.88
26071-750-M6-085-00007 0.06687258183956146 5718.16 5557.39 5839.38 5546.39 5854.51 5712.94 5733.28 5723.95
26071-750-M6-085-00007 0.05720559135079384 5294.07 5808.86 5339.88 5811.52 5334.69 5901.17 5288.87 5898.52
26071-750-M6-085-00007 0.05601855367422104 6772.13 6048.43 6917.99 6060.71 6905.01 6214.88 6759.15 6202.60
26071-203-M6-337-00031 0.052651554346084595 2103.02 2386.37 2252.02 2394.15 2243.72 2552.76 2094.73 2544.97
26071-203-M6-332-00001 0.14214959740638733 4872.69 2455.02 5027.75 2452.61 5030.15 2606.98 4875.09 2609.39
26071-203-M6-332-00001 0.11274596303701401 4275.98 3082.71 4401.40 3070.94 4417.72 3244.74 4292.30 3256.51
26071-203-M6-332-00001 0.0926637351512909 3864.59 3088.10 3998.24 3072.66 4017.33 3237.90 3883.68 3253.34
26071-203-M6-332-00001 0.09254840016365051 5965.49 3087.88 6098.95 3072.74 6117.70 3238.07 5984.24 3253.21
26071-203-M6-332-00001 0.06557701528072357 3626.62 2446.50 3776.52 2465.42 3757.39 2617.01 3607.48 2598.10
26071-203-M6-332-00001 0.06363069266080856 5726.92 2445.97 5876.66 2465.81 5856.57 2617.39 5706.84 2597.56
26071-203-M6-332-00001 0.06111547350883484 5057.10 3078.33 5165.08 3012.24 5286.78 3211.08 5178.80 3277.17
26071-203-M6-332-00001 0.05917482450604439 2956.36 3078.22 3065.34 3010.99 3188.52 3210.69 3079.54 3277.92
26071-203-M6-332-00001 0.058135826140642166 6149.39 2445.04 6299.20 2467.95 6276.11 2618.93 6126.30 2596.02
26071-203-M6-332-00001 0.0570470355451107 7292.46 4231.71 7414.43 4232.79 7412.86 4409.32 7290.89 4408.23
26071-203-M6-332-00001 0.054176222532987595 4049.05 2444.89 4198.84 2467.70 4175.85 2618.72 4026.06 2595.92
26071-203-M6-332-00001 0.05393289029598236 2700.64 2157.90 2822.59 2159.56 2820.41 2319.83 2698.46 2318.17
26071-203-M6-079-00001 0.09899072349071503 4681.20 5753.44 4826.06 5764.82 4814.20 5915.83 4669.34 5904.44
26071-200-M6-052-00150 0.9938353300094604 3980.80 1439.68 4131.65 1454.14 4116.96 1607.37 3966.11 1592.91
26071-200-M6-052-00150 0.0626084953546524 4845.21 5342.76 4996.26 5347.99 4990.85 5504.31 4839.80 5499.09
26071-200-M6-052-00150 0.054375920444726944 7275.50 4549.02 7430.88 4551.76 7428.03 4713.03 7272.65 4710.28
26071-200-M6-052-00150 0.052154868841171265 4492.43 1436.01 4645.99 1446.28 4635.23 1607.19 4481.67 1596.92
26071-200-M6-052-00150 0.051737163215875626 5463.56 3971.79 5613.52 3996.76 5588.64 4146.16 5438.68 4121.19
26071-200-M6-052-00003 0.11870363354682922 4245.15 5545.64 4355.19 5551.51 4345.87 5726.02 4235.84 5720.14
26071-200-M6-052-00003 0.1139497309923172 1581.65 2072.06 1737.36 2084.38 1725.06 2239.85 1569.35 2227.53
26071-200-M6-052-00003 0.08277679234743118 3481.19 1891.21 3597.72 1891.64 3597.10 2060.24 3480.58 2059.81
26071-200-M6-052-00003 0.07559824734926224 4969.08 5733.81 5115.04 5738.19 5110.53 5888.68 4964.56 5884.30
26071-200-M6-052-00003 0.06651484221220016 6237.14 4170.63 6386.13 4179.93 6376.54 4333.49 6227.55 4324.19
26071-700-M6-054-00013 0.06970300525426865 3725.12 5745.10 3871.60 5756.66 3859.55 5909.36 3713.07 5897.80
26071-700-M6-054-00013 0.050785813480615616 3715.40 3278.77 3866.96 3280.73 3865.04 3429.90 3713.47 3427.95
26071-700-M6-054-00036 0.06323809921741486 4908.08 2057.33 5033.32 2059.64 5030.37 2219.98 4905.13 2217.67
26071-600-M6-065-00231 0.09538809210062027 6648.09 3914.01 6801.96 3925.96 6790.49 4073.65 6636.62 4061.71
26071-600-M6-065-00231 0.0765075534582138 7182.00 3904.98 7330.36 3916.76 7318.36 4067.77 7170.01 4055.99
26071-500-M6-059-00071 0.9965848922729492 2682.56 4062.52 2834.38 4076.61 2820.23 4229.03 2668.41 4214.93
26071-500-M6-059-00071 0.9960151314735413 1215.53 4513.32 1368.49 4525.36 1356.51 4677.61 1203.55 4665.58
26071-500-M6-059-00071 0.9956194758415222 768.02 4063.31 920.23 4075.48 908.00 4228.42 755.79 4216.25
26071-500-M6-059-00071 0.994966447353363 6553.01 2464.32 6703.49 2484.02 6683.50 2636.73 6533.01 2617.03
26071-500-M6-059-00071 0.9930825233459473 1218.79 5184.00 1370.49 5197.55 1356.89 5349.68 1205.20 5336.12
26071-500-M6-059-00071 0.9928690791130066 5483.87 3435.91 5635.67 3452.00 5619.61 3603.49 5467.81 3587.40
26071-500-M6-059-00071 0.9919819235801697 3901.73 1616.46 4052.04 1632.06 4036.23 1784.38 3885.92 1768.77
26071-500-M6-059-00071 0.9919245839118958 4535.66 3448.95 4689.22 3461.62 4676.79 3612.37 4523.23 3599.71
26071-500-M6-059-00071 0.06216096878051758 7425.35 3360.62 7574.01 3363.74 7570.85 3514.25 7422.19 3511.13
26071-500-M6-059-00071 0.060478758066892624 7254.21 3053.67 7404.63 3063.81 7394.46 3214.61 7244.05 3204.47
26071-500-M6-059-00071 0.05739938095211983 1411.97 5063.73 1556.45 5057.63 1562.87 5209.54 1418.38 5215.64
26071-203-M6-320-00008 0.08738646656274796 4879.72 3394.41 5033.79 3405.18 5022.96 3559.96 4868.89 3549.18
26071-203-M6-320-00008 0.07224539667367935 2454.13 3480.87 2606.40 3506.36 2582.26 3650.54 2429.99 3625.06
26071-203-M6-320-00008 0.06991284340620041 3417.22 5252.23 3510.67 5251.53 3511.02 5298.76 3417.57 5299.46
26071-203-M6-320-00008 0.0633128434419632 4689.78 960.02 4837.50 964.07 4833.35 1115.50 4685.63 1111.46
26071-500-M6-059-00116 0.9959431290626526 4655.17 1687.53 4808.55 1704.50 4791.84 1855.64 4638.46 1838.68
26071-203-M6-337-00007 0.054668743163347244 3062.87 2580.69 3212.22 2588.88 3204.09 2737.07 3054.74 2728.87
26071-203-M6-337-00007 0.051164161413908005 2787.73 3695.05 2911.00 3693.50 2913.20 3868.90 2789.94 3870.45
26071-200-M6-052-00090 0.1111864298582077 6564.59 3312.73 6686.45 3324.73 6670.29 3488.73 6548.44 3476.73
26071-200-M6-052-00090 0.11065857857465744 2996.76 4044.06 3042.95 4041.29 3048.44 4132.91 3002.25 4135.68
26071-200-M6-052-00090 0.1044931560754776 5821.46 4183.23 5870.53 4183.80 5869.43 4278.62 5820.36 4278.05
26071-200-M6-052-00090 0.09151141345500946 6236.58 2218.34 6284.64 2219.42 6282.51 2313.88 6234.45 2312.79
26071-200-M6-052-00090 0.08926130831241608 2809.49 4182.97 2860.05 4183.57 2858.94 4277.60 2808.37 4277.01
26071-200-M6-052-00090 0.08078247308731079 1918.36 1347.36 2009.44 1347.26 2009.49 1394.25 1918.41 1394.35
26071-200-M6-052-00090 0.07195477932691574 3540.76 1581.07 3658.76 1574.88 3667.72 1745.55 3549.72 1751.74
26071-200-M6-052-00090 0.07016537338495255 6794.66 4098.87 6904.97 4102.36 6899.40 4279.05 6789.08 4275.56
26071-200-M6-052-00090 0.06644465774297714 3599.36 3423.42 3719.62 3425.01 3717.35 3596.06 3597.10 3594.47
26071-600-M6-065-00037 0.11857011169195175 2493.80 2152.90 2640.82 2161.92 2631.65 2311.63 2484.62 2302.62
26071-600-M6-065-00037 0.09605754911899567 7322.75 2447.56 7467.57 2459.70 7454.62 2614.33 7309.80 2602.20
26071-600-M6-065-00037 0.06384214758872986 1104.82 2743.98 1254.40 2754.69 1243.76 2903.26 1094.18 2892.55
26071-600-M6-065-00037 0.0537077821791172 7502.95 5057.11 7653.08 5065.14 7645.03 5215.63 7494.89 5207.60
26071-600-M6-065-00037 0.052194129675626755 6122.46 2255.52 6268.36 2248.99 6275.14 2400.15 6129.24 2406.68
26071-300-M6-053-00010 0.12195489555597305 4559.53 2451.30 4709.67 2454.21 4706.74 2605.40 4556.61 2602.49
26071-300-M6-053-00010 0.1216784119606018 5184.45 2095.51 5336.07 2105.22 5326.49 2254.85 5174.88 2245.15
26071-300-M6-053-00010 0.11180543899536133 5186.96 1797.60 5337.96 1811.13 5324.37 1962.77 5173.37 1949.24
26071-300-M6-053-00010 0.07199658453464508 2007.87 5135.90 2124.09 5133.52 2127.58 5304.26 2011.36 5306.64
26071-300-M6-053-00010 0.056724537163972855 6921.31 1796.00 7013.47 1795.47 7013.75 1842.54 6921.58 1843.07
26071-300-M6-053-00010 0.051942333579063416 5341.64 2447.44 5486.79 2456.93 5476.83 2609.25 5331.69 2599.77
26071-300-M6-053-00010 0.05030179023742676 6711.04 2737.70 6803.54 2742.09 6801.31 2789.05 6708.82 2784.67
26071-200-M6-052-00540 0.051836397498846054 6459.74 4610.77 6506.08 4610.38 6506.83 4699.19 6460.49 4699.58
26071-200-M6-052-00540 0.050413578748703 6753.96 4610.03 6800.89 4608.44 6803.87 4696.49 6756.94 4698.08
26071-203-M6-160-00291 0.1720736026763916 2764.13 6180.11 2918.09 6190.36 2907.80 6344.96 2753.84 6334.71
26071-203-M6-160-00291 0.12582992017269135 2768.29 5887.85 2923.43 5908.44 2903.29 6060.15 2748.15 6039.56
26071-203-M6-160-00291 0.07292655855417252 1183.59 3591.85 1276.00 3589.31 1277.30 3636.57 1184.89 3639.11
26071-203-M6-160-00291 0.06660982221364975 7826.86 3871.99 7945.20 3871.58 7945.77 4037.26 7827.43 4037.67
26071-203-M6-160-00291 0.059957027435302734 5245.35 6179.74 5395.46 6189.08 5385.73 6345.56 5235.61 6336.22
26071-203-M6-160-00291 0.05975203216075897 1281.64 639.44 1431.75 654.49 1416.40 807.56 1266.29 792.51
26071-203-M6-160-00291 0.05130385607481003 1869.29 2058.57 2020.07 2054.40 2024.10 2200.25 1873.32 2204.42
26071-300-M6-053-00008 0.11356233805418015 2694.84 1694.21 2743.97 1696.90 2739.05 1786.99 2689.92 1784.30
26071-300-M6-053-00008 0.07053140550851822 4863.16 657.72 5010.66 669.79 4997.91 825.71 4850.41 813.65
26071-300-M6-053-00008 0.050464071333408356 2068.22 6296.64 2189.79 6296.13 2190.50 6465.94 2068.92 6466.44
26071-203-M6-060-00001 0.06727906316518784 3424.27 1256.21 3572.69 1262.67 3566.11 1413.81 3417.69 1407.35
26071-203-M6-060-00001 0.05245973914861679 3427.58 5361.99 3574.83 5365.94 3570.84 5514.52 3423.59 5510.57
26071-200-M6-063-00010 0.06631972640752792 5620.23 5694.75 5713.28 5692.19 5714.57 5739.09 5621.52 5741.65
26071-200-M6-063-00010 0.06007011607289314 6315.48 1186.96 6464.44 1210.05 6441.05 1360.97 6292.09 1337.88
26071-200-M6-063-00010 0.05013608559966087 6315.31 1505.37 6464.39 1529.21 6440.62 1677.80 6291.55 1653.96
26071-203-M6-060-00006 0.9933505654335022 2174.97 4226.36 2325.46 4240.96 2310.67 4393.53 2160.17 4378.93
26071-203-M6-060-00006 0.1326095461845398 2164.27 5045.53 2317.41 5061.24 2302.14 5210.14 2149.00 5194.44
26071-203-M6-060-00006 0.06793785095214844 4176.47 5045.87 4330.09 5052.99 4323.15 5202.71 4169.53 5195.59
26071-203-M6-325-00013 0.11662466824054718 3396.01 3986.69 3548.51 4000.49 3534.39 4156.57 3381.89 4142.78
26071-300-M6-053-00012 0.17782415449619293 3661.36 5973.97 3811.35 5970.18 3815.26 6124.91 3665.27 6128.70
26071-300-M6-053-00012 0.09551139920949936 6106.87 654.46 6260.65 668.69 6246.46 822.16 6092.67 807.94
26071-300-M6-053-00012 0.08690202981233597 3669.95 6322.71 3820.77 6327.50 3815.80 6483.97 3664.98 6479.18
26071-300-M6-053-00012 0.0712229460477829 5503.16 4839.02 5619.59 4838.23 5620.83 5020.65 5504.41 5021.44
26071-300-M6-053-00012 0.0678786188364029 2424.98 1549.60 2567.49 1557.99 2558.41 1712.07 2415.90 1703.67
26071-300-M6-053-00012 0.06671983748674393 2137.05 2563.51 2230.50 2561.85 2231.33 2608.47 2137.87 2610.13
26071-300-M6-053-00012 0.0605003722012043 6557.72 6464.83 6681.06 6459.56 6688.38 6630.90 6565.03 6636.17
26071-300-M6-053-00012 0.058123935014009476 6106.17 1146.53 6198.51 1144.14 6199.74 1191.48 6107.40 1193.88
26071-300-M6-053-00012 0.05691533908247948 4674.41 6463.20 4802.03 6452.70 4815.84 6620.60 4688.21 6631.10
26071-300-M6-053-00012 0.05350319668650627 5565.62 5965.45 5716.90 5978.46 5703.75 6131.26 5552.47 6118.25
26071-675-M6-068-00034 0.07698028534650803 2737.39 6113.78 2783.82 6114.83 2781.72 6207.35 2735.30 6206.30
26071-675-M6-068-00034 0.0764194056391716 3488.02 6112.95 3534.46 6115.14 3530.11 6207.31 3483.67 6205.12
26071-675-M6-068-00034 0.074127197265625 5839.65 1852.82 5991.91 1866.76 5977.85 2020.23 5825.60 2006.29
26071-675-M6-068-00034 0.07024097442626953 6375.73 1812.44 6535.72 1828.61 6519.70 1987.17 6359.70 1971.00
26071-675-M6-068-00034 0.05444266274571419 4063.47 655.62 4208.64 676.06 4186.49 833.43 4041.32 813.00
26071-450-M6-082-00031 0.08751154690980911 3671.63 5176.40 3793.22 5173.87 3796.49 5331.33 3674.91 5333.85
26071-450-M6-082-00031 0.0810830369591713 5966.73 5132.68 6081.38 5132.84 6081.14 5307.75 5966.49 5307.59
26071-450-M6-082-00031 0.08086425065994263 2221.70 1918.08 2269.05 1919.84 2265.64 2011.47 2218.30 2009.71
26071-450-M6-082-00031 0.07263088971376419 3259.15 4924.40 3306.82 4925.81 3304.09 5018.16 3256.42 5016.75
26071-450-M6-082-00031 0.05508823320269585 5059.47 2253.67 5213.99 2230.97 5235.19 2375.32 5080.68 2398.02
26071-450-M6-082-00031 0.05297473818063736 4271.10 1875.86 4430.49 1872.61 4433.45 2018.16 4274.06 2021.41
26071-200-M6-062-00276 0.0747116431593895 1253.37 4720.97 1359.30 4730.23 1344.73 4896.88 1238.80 4887.62
26071-200-M6-062-00276 0.053713735193014145 1984.50 2857.59 2077.91 2858.76 2077.32 2905.51 1983.92 2904.34
26071-200-M6-062-00276 0.05124882236123085 1019.60 3565.83 1110.59 3567.66 1109.64 3614.64 1018.65 3612.81
26071-500-M6-059-00011 0.11617597192525864 5164.59 6467.07 5280.96 6475.75 5268.16 6647.36 5151.79 6638.68
26071-500-M6-059-00011 0.07441453635692596 2958.27 4567.28 3107.10 4589.31 3085.15 4737.51 2936.33 4715.47
26071-500-M6-059-00011 0.07319032400846481 6075.67 2429.97 6229.93 2431.67 6228.32 2577.73 6074.06 2576.03
26071-500-M6-059-00011 0.05160902068018913 7309.74 3127.71 7357.22 3128.94 7354.83 3221.31 7307.34 3220.08
26071-600-M6-065-00021 0.10360846668481827 2966.60 5374.36 3115.82 5386.63 3103.14 5540.75 2953.92 5528.47
26071-600-M6-065-00021 0.09517069160938263 5505.82 2092.21 5598.90 2089.93 5600.05 2136.94 5506.97 2139.23
26071-600-M6-065-00021 0.08537790179252625 2102.59 2209.25 2149.08 2210.29 2146.97 2304.62 2100.48 2303.58
26071-600-M6-065-00021 0.08094921708106995 4703.75 5373.00 4853.04 5385.87 4839.75 5540.03 4690.46 5527.16
26071-600-M6-065-00021 0.06762108951807022 5542.99 6299.33 5670.43 6293.15 5678.40 6457.73 5550.97 6463.91
26071-600-M6-065-00021 0.06049385294318199 3776.95 6197.31 3897.67 6191.60 3905.91 6365.64 3785.19 6371.36
26071-600-M6-065-00021 0.05470443516969681 6408.54 3203.06 6500.46 3221.83 6491.10 3267.72 6399.17 3248.95
26071-600-M6-065-00021 0.053348831832408905 5677.35 3990.88 5828.87 3959.39 5861.87 4118.15 5710.35 4149.64
26071-500-M6-059-00013 0.9942396879196167 2361.78 4924.99 2515.16 4937.13 2503.16 5088.76 2349.78 5076.61
26071-500-M6-059-00013 0.11548267304897308 2361.48 4644.29 2510.02 4649.13 2504.95 4804.57 2356.41 4799.73
26071-500-M6-059-00044 0.08790130913257599 3284.15 5040.67 3431.46 5049.26 3422.46 5203.52 3275.16 5194.93
26071-500-M6-059-00044 0.06894905865192413 5449.16 3965.88 5607.26 3948.16 5624.91 4105.58 5466.80 4123.31
26071-500-M6-059-00044 0.06302019208669662 1871.83 3953.51 2026.97 3943.72 2037.11 4104.55 1881.97 4114.34
26071-500-M6-059-00044 0.05848991125822067 6435.68 657.30 6585.94 659.45 6583.82 807.55 6433.55 805.39
26071-500-M6-059-00044 0.056971222162246704 1217.60 3379.70 1364.01 3386.23 1357.41 3534.22 1210.99 3527.68
26071-200-M6-052-00093 0.11305774748325348 1832.01 3423.30 1946.23 3427.02 1940.72 3596.25 1826.49 3592.53
26071-200-M6-052-00093 0.11101789772510529 1828.94 2119.34 1943.29 2117.96 1945.47 2299.47 1831.12 2300.84
26071-200-M6-052-00093 0.07819667458534241 5783.13 3835.58 5905.26 3835.31 5905.63 4004.65 5783.51 4004.92
26071-200-M6-052-00093 0.056787386536598206 3348.05 3980.18 3503.10 3988.19 3495.31 4138.87 3340.26 4130.86
26071-200-M6-052-00093 0.053448643535375595 3344.37 1626.60 3489.16 1623.78 3492.13 1776.14 3347.34 1778.95
26071-200-M6-052-00093 0.0503925122320652 6990.49 3360.64 7135.61 3363.69 7132.50 3511.96 6987.38 3508.92
26071-200-M6-052-00002 0.13881255686283112 1701.84 5555.44 1818.78 5545.19 1834.40 5723.45 1717.46 5733.69
26071-200-M6-052-00002 0.07984844595193863 645.85 5315.49 751.73 5310.68 759.80 5488.20 653.92 5493.01
26071-200-M6-052-00002 0.055040035396814346 4836.37 1697.61 4982.77 1693.67 4986.78 1842.81 4840.39 1846.75
26071-200-M6-052-00002 0.05065593868494034 6614.07 1605.32 6704.60 1606.45 6704.00 1654.58 6613.47 1653.45
26071-750-M6-085-00012 0.08836638927459717 3875.08 2215.83 3922.86 2217.02 3920.57 2308.51 3872.80 2307.32
26071-750-M6-085-00012 0.08350145816802979 6058.65 2216.62 6106.44 2216.77 6106.15 2309.11 6058.36 2308.97
26071-750-M6-085-00012 0.08232266455888748 4014.83 4562.27 4170.62 4581.91 4151.20 4735.97 3995.41 4716.34
26071-750-M6-085-00012 0.08098352700471878 2831.26 4467.51 2985.19 4473.68 2979.14 4624.55 2825.21 4618.37
26071-750-M6-085-00012 0.08023232221603394 4070.83 5751.86 4217.79 5765.67 4203.56 5916.97 4056.61 5903.16
26071-750-M6-085-00012 0.07668934017419815 6014.05 4268.55 6170.36 4289.37 6150.34 4439.68 5994.03 4418.85
26071-750-M6-085-00012 0.0647246465086937 7177.75 2918.97 7330.53 2926.00 7323.66 3075.45 7170.87 3068.42
26071-750-M6-085-00012 0.05879755690693855 6012.97 3924.81 6163.11 3934.62 6153.33 4084.36 6003.19 4074.56
26071-750-M6-085-00012 0.05395844206213951 7772.81 960.86 7921.52 971.20 7911.24 1119.09 7762.52 1108.75
26071-750-M6-085-00012 0.052286047488451004 3715.64 6033.30 3863.96 6049.53 3847.18 6202.89 3698.86 6186.66
26071-750-M6-085-00012 0.05132710561156273 4198.67 6217.32 4352.59 6207.31 4362.30 6356.48 4208.38 6366.50
26071-200-M6-052-00544 0.08405103534460068 1298.87 4961.90 1415.07 4961.34 1415.88 5131.86 1299.68 5132.42
26071-200-M6-052-00544 0.07321000099182129 1017.77 4039.87 1111.39 4038.29 1112.19 4085.63 1018.57 4087.20
26071-200-M6-052-00544 0.050361115485429764 1609.53 4213.13 1701.06 4219.29 1697.87 4266.57 1606.35 4260.41
26071-600-M6-066-00003 0.13115091621875763 2768.25 1335.49 2921.07 1348.46 2908.28 1499.21 2755.46 1486.25
26071-750-M6-085-00309 0.9956119060516357 6381.46 3863.54 6535.87 3874.22 6525.37 4026.07 6370.96 4015.39
26071-750-M6-085-00309 0.9953847527503967 7014.86 1915.74 7168.04 1929.84 7154.09 2081.47 7000.91 2067.38
26071-750-M6-085-00309 0.9953077435493469 6487.70 1916.99 6638.78 1932.45 6623.25 2084.19 6472.17 2068.73
