26071-200-M6-052-00001 0.06412407010793686 2445.50 3386.65 2970.31 3366.92 2977.84 3567.34 2453.03 3587.07
26071-500-M6-059-00017 0.14177650213241577 3793.10 3734.89 4257.40 3745.20 4252.91 3947.31 3788.61 3937.00
26071-500-M6-059-00017 0.13903959095478058 1805.46 3733.94 2253.26 3741.96 2249.80 3935.35 1801.99 3927.32
26071-500-M6-059-00017 0.13448451459407806 5813.97 3727.70 6277.53 3751.96 6267.25 3948.45 5803.69 3924.19
26071-600-M6-066-00012 0.05687696114182472 5385.01 1413.18 5481.26 1408.75 5501.17 1840.89 5404.92 1845.32
26071-200-M6-052-00539 0.09828660637140274 3379.31 5392.95 3904.51 5384.64 3907.50 5573.14 3382.29 5581.45
26071-200-M6-052-00539 0.05296909436583519 3874.09 5341.08 4066.09 5347.45 4057.82 5596.32 3865.82 5589.94
26071-500-M6-059-00248 0.15525175631046295 4626.98 4431.65 5215.99 4422.74 5219.12 4629.98 4630.11 4638.89
26071-700-M6-054-00246 0.06501365453004837 4307.14 2952.61 4962.89 3246.24 4822.67 3559.38 4166.92 3265.76
26071-500-M6-059-00040 0.07265106588602066 2536.15 1312.32 2592.77 1309.21 2599.90 1439.18 2543.28 1442.29
26071-550-M6-084-00248 0.11225897073745728 4648.86 3998.02 5174.23 3947.29 5194.11 4153.20 4668.75 4203.94
26071-200-M6-052-00080 0.08466800302267075 6305.57 3807.49 7069.32 3822.41 7064.24 4082.26 6300.49 4067.34
26071-200-M6-052-00080 0.08289844542741776 2919.26 3821.11 3654.73 3850.10 3645.46 4085.16 2909.99 4056.16
26071-200-M6-052-00080 0.06897476315498352 7091.17 3867.00 7278.08 3872.05 7272.44 4080.73 7085.53 4075.68
26071-200-M6-052-00080 0.05999566242098808 3660.31 3871.92 3845.22 3865.65 3852.20 4071.67 3667.29 4077.94
26071-200-M6-052-00080 0.051026955246925354 2736.57 3778.41 2938.13 3725.65 3034.88 4095.19 2833.32 4147.96
26071-300-M6-053-00309 0.11295557767152786 3427.89 3050.82 4167.98 3130.21 4145.79 3336.99 3405.70 3257.59
26071-300-M6-053-00309 0.09589212387800217 3445.45 5156.36 4225.30 5238.03 4203.78 5443.51 3423.93 5361.84
26071-300-M6-053-00309 0.0737781673669815 3318.14 5225.00 3497.35 5188.40 3539.37 5394.15 3360.16 5430.75
26071-450-M6-082-00009 0.11261133849620819 3637.56 4534.01 3819.59 4482.95 3893.91 4747.88 3711.89 4798.95
26071-450-M6-082-00009 0.056936439126729965 2430.56 2545.32 2973.74 2517.09 2983.72 2709.10 2440.54 2737.33
26071-200-M6-052-00552 0.06393703073263168 3798.34 2401.71 4254.58 2471.18 4216.17 2723.41 3759.93 2653.95
26071-750-M6-085-00007 0.08320256322622299 3680.88 2614.12 4141.09 2616.82 4140.08 2788.67 3679.87 2785.97
26071-750-M6-085-00007 0.07906116545200348 2065.80 2611.46 2550.23 2614.33 2549.19 2789.66 2064.76 2786.78
26071-750-M6-085-00007 0.05391216650605202 3292.11 2613.85 3693.37 2654.19 3683.42 2753.16 3282.17 2712.83
26071-750-M6-085-00007 0.05206470564007759 1691.86 2607.71 2096.67 2638.58 2088.23 2749.28 1683.41 2718.42
26071-203-M6-337-00031 0.16077060997486115 4710.21 1979.28 5017.56 1984.75 5014.51 2156.49 4707.16 2151.03
26071-203-M6-337-00031 0.14694786071777344 4718.22 2756.28 5033.45 2775.83 5022.69 2949.32 4707.46 2929.77
26071-203-M6-337-00031 0.14523445069789886 4701.67 3120.84 5037.15 3121.43 5036.85 3294.01 4701.37 3293.42
26071-203-M6-337-00031 0.14487263560295105 4715.33 1271.41 5064.70 1264.24 5068.15 1432.14 4718.77 1439.31
26071-203-M6-337-00031 0.14135587215423584 4721.69 2368.98 5031.18 2365.27 5033.25 2537.48 4723.75 2541.19
26071-203-M6-337-00031 0.14083585143089294 4710.85 1616.30 5014.09 1617.15 5013.62 1788.78 4710.37 1787.93
26071-203-M6-337-00031 0.1081184446811676 5612.51 1407.58 5805.75 1415.03 5798.74 1596.84 5605.51 1589.39
26071-203-M6-337-00031 0.10464483499526978 5576.15 1771.42 5767.77 1719.45 5822.02 1919.47 5630.40 1971.44
26071-203-M6-337-00031 0.10036252439022064 5598.34 2529.76 5783.29 2511.65 5800.45 2686.87 5615.51 2704.98
26071-203-M6-337-00031 0.0925430953502655 5607.36 1113.66 5789.45 1115.07 5788.09 1290.96 5606.00 1289.55
26071-203-M6-337-00031 0.08251067250967026 5600.46 2882.17 5793.69 2875.78 5799.67 3056.66 5606.44 3063.05
26071-203-M6-337-00031 0.07941023260354996 5599.16 2104.27 5794.81 2092.71 5805.12 2267.26 5609.47 2278.82
26071-203-M6-337-00031 0.07786088436841965 4938.42 1108.89 5012.22 1105.14 5018.39 1226.68 4944.59 1230.43
26071-203-M6-337-00031 0.07616282999515533 4938.28 1828.69 5012.35 1824.50 5019.20 1945.76 4945.14 1949.95
26071-203-M6-337-00031 0.07455074042081833 1980.08 1009.87 2536.67 1003.12 2538.28 1136.07 1981.70 1142.82
26071-203-M6-337-00031 0.07283884286880493 4940.24 2610.73 5009.68 2605.51 5019.26 2732.82 4949.81 2738.05
26071-203-M6-337-00031 0.07267574220895767 4855.81 3179.51 5694.60 3178.81 5694.81 3428.83 4856.02 3429.53
26071-203-M6-337-00031 0.06986859440803528 3655.90 574.84 4044.38 579.25 4041.72 812.71 3653.24 808.30
26071-203-M6-337-00031 0.06865871697664261 4833.49 1654.21 5601.01 1603.04 5621.40 1908.87 4853.88 1960.04
26071-203-M6-337-00031 0.06839582324028015 5359.37 673.13 5628.26 701.20 5614.91 829.12 5346.01 801.05
26071-203-M6-337-00031 0.06561755388975143 5441.61 1528.56 6039.15 1505.47 6049.64 1777.03 5452.11 1800.11
26071-203-M6-337-00031 0.06091020628809929 2724.39 2244.21 2918.30 2248.12 2912.54 2533.48 2718.63 2529.57
26071-203-M6-337-00031 0.06076248362660408 5460.91 1226.32 5971.30 1210.66 5979.67 1483.45 5469.28 1499.11
26071-203-M6-337-00031 0.0555136501789093 2715.94 1872.14 2918.37 1863.98 2929.41 2137.82 2726.98 2145.98
26071-203-M6-337-00031 0.0505523756146431 5509.56 2298.46 6136.98 2264.76 6151.31 2531.56 5523.89 2565.26
26071-203-M6-337-00031 0.05024241283535957 4949.13 2218.73 5018.88 2221.60 5013.92 2342.11 4944.18 2339.25
26071-203-M6-332-00001 0.1139940544962883 4181.68 2722.61 4609.56 2810.66 4473.19 3473.37 4045.31 3385.32
26071-203-M6-332-00001 0.1047646552324295 3772.85 2686.59 4198.54 2794.10 4021.62 3494.57 3595.93 3387.06
26071-203-M6-332-00001 0.10276126116514206 4622.49 2712.36 5061.56 2810.34 4907.73 3499.70 4468.65 3401.72
26071-203-M6-332-00001 0.09613800793886185 4792.60 3090.24 5143.05 2832.28 5547.90 3382.29 5197.45 3640.25
26071-203-M6-332-00001 0.09297709167003632 3329.25 2739.14 3755.88 2794.06 3670.71 3455.71 3244.09 3400.79
26071-203-M6-332-00001 0.09079377353191376 5858.11 2785.16 6300.58 2869.93 6176.77 3516.21 5734.30 3431.44
26071-203-M6-332-00001 0.0906258150935173 5428.96 2742.45 5853.55 2794.19 5773.12 3454.26 5348.52 3402.52
26071-203-M6-332-00001 0.09009860455989838 2738.12 3039.11 3153.02 2845.49 3434.59 3448.85 3019.70 3642.48
26071-200-M6-052-00150 0.22086206078529358 3438.79 1864.59 3815.69 1875.73 3808.94 2104.03 3432.05 2092.89
26071-200-M6-052-00003 0.09906219691038132 4159.30 4743.38 4372.11 4695.05 4452.26 5047.92 4239.45 5096.26
26071-200-M6-052-00003 0.055091023445129395 2781.69 4546.01 2900.07 4531.65 2910.48 4617.42 2792.09 4631.78
26071-700-M6-054-00036 0.10627017170190811 3956.43 3502.14 4685.06 3488.23 4688.50 3668.35 3959.86 3682.26
26071-700-M6-054-00036 0.05205661058425903 4693.58 1446.01 4787.68 1446.65 4784.74 1876.27 4690.65 1875.63
26071-600-M6-065-00231 0.10390537977218628 6038.19 3301.41 6550.75 3310.40 6547.48 3497.31 6034.91 3488.32
26071-600-M6-065-00231 0.06089670583605766 6973.36 3308.75 7412.04 3315.51 7409.26 3496.04 6970.58 3489.27
26071-600-M6-065-00231 0.052397001534700394 6508.00 3289.61 7044.52 3307.57 7037.94 3504.18 6501.42 3486.22
26071-500-M6-059-00116 0.10006911307573318 3911.73 4082.36 4486.37 4078.28 4487.81 4280.65 3913.17 4284.73
26071-200-M6-052-00090 0.09287190437316895 2424.92 3375.69 3290.49 3315.09 3310.47 3600.51 2444.90 3661.10
26071-200-M6-052-00090 0.06754813343286514 5661.21 3507.26 6346.78 3457.47 6361.88 3665.35 5676.30 3715.14
26071-200-M6-052-00090 0.06746124476194382 5567.84 3346.38 6125.02 3319.24 6133.94 3502.36 5576.76 3529.51
26071-600-M6-065-00037 0.07241276651620865 1829.01 4536.48 1986.16 4509.40 2036.24 4799.95 1879.09 4827.03
26071-600-M6-065-00037 0.06488216668367386 5146.09 4563.51 5309.64 4540.14 5348.09 4809.29 5184.53 4832.65
26071-300-M6-053-00010 0.1055729016661644 2067.63 4316.99 2607.90 4303.09 2613.48 4520.05 2073.21 4533.95
26071-203-M6-160-00291 0.11617729067802429 2838.69 3568.69 3856.88 3597.13 3849.94 3845.62 2831.75 3817.19
26071-203-M6-160-00291 0.05716739222407341 6202.36 3254.42 6487.60 3271.14 6479.05 3417.02 6193.82 3400.30
26071-300-M6-053-00008 0.053623445332050323 5192.58 1963.30 5866.29 1961.52 5867.04 2244.46 5193.32 2246.24
26071-200-M6-063-00010 0.06846792250871658 2543.47 3984.23 3085.24 3961.59 3093.45 4158.04 2551.68 4180.67
26071-203-M6-060-00006 0.19689927995204926 3285.30 4193.92 3762.29 4210.02 3755.40 4414.17 3278.41 4398.07
26071-203-M6-060-00006 0.19380173087120056 2678.19 4207.84 3157.29 4211.16 3155.90 4412.96 2676.79 4409.65
26071-203-M6-060-00006 0.11156844347715378 5927.58 4094.83 6416.84 4083.85 6420.64 4252.99 5931.38 4263.97
26071-300-M6-053-00012 0.15849031507968903 5121.89 2265.63 5665.77 2255.86 5669.61 2469.61 5125.73 2479.39
26071-300-M6-053-00012 0.08914514631032944 4212.93 3439.97 4488.62 3452.42 4463.89 3999.68 4188.21 3987.22
26071-675-M6-068-00034 0.2162560075521469 3413.07 4846.83 3861.74 4844.16 3862.93 5043.72 3414.26 5046.39
26071-675-M6-068-00034 0.21376149356365204 2662.88 4850.55 3113.16 4833.67 3120.71 5035.14 2670.43 5052.02
26071-450-M6-082-00031 0.09613991528749466 3023.11 3219.09 3563.12 3248.49 3551.88 3455.02 3011.86 3425.62
26071-200-M6-062-00276 0.08396529406309128 6033.01 4104.97 6147.66 4104.65 6148.46 4394.54 6033.81 4394.86
26071-200-M6-062-00276 0.07279687374830246 6463.15 4116.66 6561.83 4120.93 6547.44 4453.66 6448.76 4449.39
26071-500-M6-059-00011 0.050395283848047256 3516.53 3465.64 4311.50 3402.29 4332.85 3670.24 3537.88 3733.60
26071-600-M6-065-00021 0.07529427111148834 2226.02 1470.04 2531.89 1501.74 2519.65 1619.79 2213.79 1588.09
26071-500-M6-059-00013 0.16159160435199738 2878.58 4893.75 3316.12 4882.81 3321.90 5114.19 2884.36 5125.13
26071-500-M6-059-00013 0.07909489423036575 5355.28 1718.95 5563.80 1788.20 5523.79 1908.66 5315.28 1839.40
26071-500-M6-059-00044 0.0616789236664772 2773.23 2027.81 2862.58 1955.75 2926.55 2035.07 2837.20 2107.13
26071-200-M6-052-00093 0.12341580539941788 3961.04 3802.66 4568.69 3755.25 4583.86 3949.72 3976.21 3997.12
26071-200-M6-052-00093 0.12058631330728531 3975.76 1411.10 4602.68 1382.26 4612.63 1598.71 3985.72 1627.54
26071-200-M6-052-00093 0.07849758118391037 4009.69 4478.12 4592.17 4480.73 4591.29 4676.96 4008.81 4674.35
26071-200-M6-052-00093 0.06039835140109062 4002.30 2253.24 4617.82 2231.73 4624.72 2428.99 4009.20 2450.51
26071-200-M6-052-00002 0.08691427111625671 2974.81 3121.08 3543.81 3101.51 3550.75 3303.47 2981.76 3323.04
26071-675-M6-068-10002 0.12150004506111145 4553.46 1583.26 5114.15 1577.92 5115.80 1751.41 4555.12 1756.75
26071-675-M6-068-10002 0.10861685127019882 3734.42 1589.34 4304.67 1569.11 4310.80 1741.93 3740.55 1762.15
26071-675-M6-068-10002 0.05718304216861725 2020.19 4434.46 2878.89 4349.58 2897.77 4540.58 2039.07 4625.46
26071-675-M6-068-10002 0.0525076761841774 5369.45 1607.19 5812.80 1591.07 5818.38 1744.49 5375.03 1760.61
26071-750-M6-085-00012 0.2257944792509079 7221.07 4266.22 7686.59 4235.02 7700.12 4436.94 7234.60 4468.14
26071-750-M6-085-00012 0.20171400904655457 5058.20 4261.19 5491.16 4244.33 5499.02 4446.22 5066.07 4463.09
26071-750-M6-085-00012 0.17577238380908966 2342.42 4252.91 2809.32 4269.33 2802.76 4455.84 2335.86 4439.42
26071-750-M6-085-00012 0.16446053981781006 3109.12 4255.49 3587.82 4260.82 3585.63 4457.33 3106.93 4452.00
26071-750-M6-085-00012 0.09111440926790237 2759.99 3588.15 3115.14 3752.77 3062.12 3867.15 2706.97 3702.53
26071-750-M6-085-00012 0.08597975224256516 2729.11 5099.55 3163.56 5137.94 3151.69 5272.34 2717.23 5233.95
26071-750-M6-085-00012 0.08566994220018387 7222.51 5133.47 7681.08 5104.15 7688.99 5227.90 7230.43 5257.22
26071-750-M6-085-00012 0.0801151767373085 5037.50 5099.73 5450.59 5127.71 5441.74 5258.31 5028.66 5230.33
26071-750-M6-085-00012 0.07648167759180069 5042.18 3721.26 5395.81 3856.52 5353.72 3966.58 5000.08 3831.32
26071-750-M6-085-00012 0.07381094247102737 7191.59 3783.99 7635.52 3743.21 7647.21 3870.52 7203.28 3911.29
26071-750-M6-085-00012 0.06486112624406815 1632.40 2038.32 1796.19 2071.79 1759.19 2252.83 1595.40 2219.35
26071-750-M6-085-00012 0.06469663977622986 994.43 2182.13 1131.59 2082.32 1280.17 2286.50 1143.02 2386.31
26071-750-M6-085-00012 0.05250684544444084 2655.30 3754.25 2876.85 3660.26 3019.34 3996.16 2797.80 4090.15
26071-750-M6-085-00012 0.05213633179664612 2949.88 3491.42 3204.73 3696.80 3122.50 3798.83 2867.66 3593.44
26071-750-M6-085-00012 0.05123855918645859 716.43 1747.35 1174.79 1730.53 1183.00 1954.20 724.64 1971.02
26071-750-M6-085-00309 0.06059681251645088 2953.85 3626.86 3134.80 3635.96 3126.21 3806.73 2945.26 3797.64
26071-750-M6-085-00309 0.05711203068494797 2987.63 2417.59 3631.39 2415.22 3631.81 2529.42 2988.05 2531.79
26071-750-M6-085-00309 0.05182943493127823 5170.34 2430.29 5757.45 2376.60 5768.98 2502.73 5181.88 2556.42
