26071-200-M6-052-00001 0.18503670394420624 5661.68 1612.82 5741.09 1622.41 5731.45 1702.28 5652.04 1692.69
26071-200-M6-052-00001 0.06543677300214767 2259.40 5814.36 2323.06 5809.07 2330.47 5898.13 2266.81 5903.42
26071-200-M6-052-00001 0.06474827975034714 2447.10 3391.02 2973.49 3400.57 2970.19 3582.43 2443.80 3572.88
26071-200-M6-052-00001 0.05379350483417511 3487.37 4854.49 3533.74 4851.31 3544.29 5005.39 3497.92 5008.56
26071-500-M6-059-00017 0.22804014384746552 2025.79 3294.54 2096.10 3292.38 2099.03 3387.45 2028.72 3389.61
26071-500-M6-059-00017 0.22511471807956696 4037.60 3292.31 4101.38 3293.09 4100.16 3392.31 4036.38 3391.53
26071-500-M6-059-00017 0.22491982579231262 6042.00 3294.34 6112.13 3292.36 6114.82 3387.59 6044.68 3389.57
26071-500-M6-059-00017 0.09673862904310226 2021.67 3586.33 2077.16 3582.25 2085.96 3702.07 2030.46 3706.14
26071-500-M6-059-00017 0.0842449963092804 4018.96 3591.40 4078.11 3580.12 4100.40 3696.97 4041.24 3708.25
26071-500-M6-059-00017 0.07996104657649994 6029.61 3590.73 6083.26 3578.79 6109.84 3698.16 6056.18 3710.11
26071-600-M6-066-00012 0.06600746512413025 4629.46 4638.27 4695.73 4625.19 4711.14 4703.34 4644.87 4716.41
26071-600-M6-066-00012 0.06259150803089142 4938.68 5547.58 5009.52 5567.16 4996.41 5614.59 4925.57 5595.01
26071-200-M6-052-00539 0.0992811769247055 4000.39 5608.35 4050.24 5614.71 4034.82 5735.56 3984.97 5729.20
26071-200-M6-052-00539 0.08530129492282867 3991.25 5223.55 4039.21 5222.80 4041.19 5349.87 3993.22 5350.61
26071-200-M6-052-00539 0.05730065703392029 1943.98 4118.49 2001.10 4111.85 2018.39 4260.78 1961.27 4267.41
26071-500-M6-059-00248 0.09522328525781631 4485.04 4279.20 4535.31 4276.76 4541.36 4401.11 4491.09 4403.56
26071-500-M6-059-00248 0.08270473778247833 4493.96 4659.20 4550.15 4665.94 4535.13 4791.25 4478.94 4784.51
26071-203-M6-325-00012 0.05485042929649353 2184.63 3545.62 2532.54 3585.45 2510.99 3773.75 2163.07 3733.92
26071-203-M6-325-00012 0.05146830528974533 8087.08 2403.24 8194.61 2398.78 8196.64 2447.58 8089.11 2452.04
26071-700-M6-054-00246 0.15735609829425812 4540.58 2862.99 4586.34 2866.08 4578.31 2984.65 4532.55 2981.55
26071-500-M6-059-00040 0.31137216091156006 2530.88 1314.51 2600.20 1314.47 2600.28 1443.30 2530.95 1443.34
26071-500-M6-059-00040 0.27763786911964417 1482.69 2377.05 1593.97 2381.28 1591.88 2436.45 1480.59 2432.22
26071-500-M6-059-00040 0.14977961778640747 1473.54 2501.48 1588.23 2507.86 1585.58 2555.38 1470.90 2549.00
26071-500-M6-059-00040 0.07076366245746613 4191.09 5694.48 4298.94 5689.13 4302.90 5768.93 4195.05 5774.28
26071-500-M6-059-00040 0.058640141040086746 5771.32 5845.68 5832.45 5826.74 5866.37 5936.23 5805.25 5955.17
26071-203-M6-333-00010 0.13579504191875458 5587.36 4096.82 5658.33 4094.47 5661.56 4192.25 5590.60 4194.59
26071-203-M6-333-00010 0.06975013017654419 2378.72 2702.15 2437.55 2654.33 2508.46 2741.56 2449.63 2789.38
26071-750-M6-085-00286 0.24082662165164948 5344.14 3271.42 5387.54 3263.68 5409.20 3385.19 5365.79 3392.93
26071-750-M6-085-00286 0.2382274568080902 6167.42 3266.96 6211.71 3258.78 6234.47 3382.04 6190.18 3390.21
26071-550-M6-084-00248 0.10608607530593872 4491.94 4192.76 4538.25 4195.75 4530.35 4318.11 4484.04 4315.12
26071-550-M6-084-00248 0.08344046026468277 4495.41 3806.04 4544.11 3811.97 4529.73 3929.96 4481.03 3924.02
26071-550-M6-084-00248 0.05236063525080681 4617.29 3941.48 5167.30 3904.04 5183.78 4146.22 4633.77 4183.66
26071-203-M6-332-00008 0.3010852038860321 6656.81 3632.52 6714.46 3636.35 6708.15 3731.37 6650.49 3727.53
26071-203-M6-332-00008 0.2839048504829407 4226.68 3631.87 4284.22 3638.00 4274.20 3732.18 4216.66 3726.06
26071-203-M6-332-00008 0.21995173394680023 4924.31 3564.98 4971.86 3539.92 5015.36 3622.45 4967.81 3647.51
26071-203-M6-332-00008 0.2034670114517212 2555.21 3548.83 2635.42 3596.66 2606.96 3644.39 2526.74 3596.57
26071-203-M6-332-00008 0.1935357302427292 7375.22 3561.33 7426.72 3541.42 7459.68 3626.71 7408.18 3646.61
26071-203-M6-332-00008 0.1417490690946579 1818.12 3632.54 1872.97 3631.62 1874.67 3733.76 1819.82 3734.67
26071-203-M6-332-00008 0.08353724330663681 4355.59 3669.44 4405.51 3679.54 4396.55 3723.86 4346.62 3713.76
26071-203-M6-332-00008 0.07279650866985321 1954.89 3670.77 2005.00 3676.43 1999.50 3725.17 1949.39 3719.51
26071-203-M6-332-00008 0.07055645436048508 1452.30 3659.55 1546.16 3659.57 1546.14 3727.51 1452.29 3727.49
26071-203-M6-332-00008 0.06560589373111725 6312.20 3657.70 6405.40 3663.37 6401.26 3731.41 6308.07 3725.74
26071-203-M6-332-00008 0.06085445359349251 3881.42 3661.93 3975.64 3660.10 3976.94 3727.12 3882.72 3728.94
26071-200-M6-052-00080 0.11628877371549606 3755.25 3721.82 3803.62 3721.46 3804.54 3846.37 3756.17 3846.72
26071-200-M6-052-00080 0.10952208936214447 3757.47 4101.85 3805.12 4101.73 3805.44 4226.09 3757.78 4226.21
26071-200-M6-052-00080 0.07474016398191452 7167.62 4090.04 7225.60 4086.48 7233.46 4214.78 7175.48 4218.33
26071-200-M6-052-00080 0.05806461721658707 7165.85 3713.26 7220.05 3705.94 7237.46 3834.92 7183.27 3842.24
26071-300-M6-053-00309 0.10725084692239761 6135.89 4758.06 6223.73 4752.04 6228.81 4826.29 6140.98 4832.31
26071-300-M6-053-00309 0.08628393709659576 5484.47 5334.67 5607.38 5323.17 5613.74 5391.17 5490.83 5402.67
26071-300-M6-053-00309 0.07019916921854019 1059.69 3453.17 1180.92 3453.26 1180.89 3499.12 1059.66 3499.03
26071-300-M6-053-00309 0.05231324955821037 4353.50 2156.84 4393.65 2159.78 4386.70 2254.48 4346.55 2251.54
26071-450-M6-082-00009 0.05764857307076454 3902.54 5376.75 4023.16 5380.20 4021.84 5426.08 3901.22 5422.62
26071-200-M6-052-00552 0.11531110852956772 3994.73 2248.90 4038.47 2249.94 4035.54 2373.75 3991.80 2372.71
26071-200-M6-052-00552 0.09135374426841736 5251.06 4299.89 5318.23 4293.39 5330.31 4418.27 5263.14 4424.77
26071-203-M6-337-00031 0.10937383025884628 4941.22 1106.50 5013.96 1105.73 5015.27 1228.72 4942.53 1229.49
26071-203-M6-337-00031 0.0913340374827385 4939.77 2605.49 5012.79 2605.20 5013.26 2725.54 4940.25 2725.83
26071-203-M6-337-00031 0.08159872144460678 4941.43 1827.37 5015.04 1827.59 5014.68 1946.29 4941.08 1946.07
26071-203-M6-337-00031 0.07871101051568985 3157.22 582.16 3236.87 581.86 3237.05 630.85 3157.40 631.15
26071-203-M6-337-00031 0.06796279549598694 4952.58 2213.66 5031.97 2226.43 5014.94 2332.31 4935.55 2319.54
26071-203-M6-337-00031 0.06345508247613907 3331.50 901.15 3488.02 905.10 3486.52 964.43 3330.00 960.47
26071-203-M6-337-00031 0.055479519069194794 4939.37 2964.60 5009.38 2962.22 5013.60 3086.14 4943.60 3088.52
26071-203-M6-337-00031 0.05444314330816269 4940.02 1463.94 5010.07 1461.99 5013.55 1586.63 4943.50 1588.59
26071-203-M6-337-00031 0.053877782076597214 3871.32 2258.33 3962.54 2261.06 3961.18 2306.47 3869.97 2303.75
26071-203-M6-332-00001 0.08445091545581818 5505.30 2546.09 5611.32 2551.34 5608.40 2610.37 5502.37 2605.11
26071-203-M6-332-00001 0.07155130803585052 4663.37 2550.68 4766.09 2556.71 4762.89 2611.19 4660.17 2605.16
26071-203-M6-332-00001 0.07025396823883057 2985.09 2546.67 3090.66 2557.26 3084.52 2618.48 2978.94 2607.89
26071-203-M6-332-00001 0.06286627799272537 5087.78 2544.65 5189.14 2562.32 5178.50 2623.36 5077.14 2605.69
26071-203-M6-332-00001 0.05850354582071304 3822.39 2551.35 3925.91 2557.67 3922.57 2612.38 3819.05 2606.06
26071-203-M6-332-00001 0.05379221588373184 3397.85 2554.71 3504.54 2552.48 3505.72 2609.09 3399.03 2611.31
26071-203-M6-332-00001 0.053604502230882645 4238.64 2552.11 4346.83 2560.89 4342.56 2613.49 4234.37 2604.71
26071-200-M6-052-00150 0.9461820721626282 5515.56 5831.08 5575.64 5830.65 5576.72 5981.21 5516.64 5981.64
26071-200-M6-052-00150 0.9454759955406189 4217.64 5830.22 4277.84 5830.10 4278.16 5979.41 4217.96 5979.54
26071-200-M6-052-00150 0.17796175181865692 2481.28 3077.35 2601.96 3076.52 2602.35 3132.95 2481.67 3133.78
26071-200-M6-052-00150 0.11221778392791748 4479.61 3065.73 4589.57 3083.15 4581.14 3136.38 4471.18 3118.96
26071-200-M6-052-00003 0.08402310311794281 4462.44 3726.69 4512.67 3724.95 4517.24 3857.10 4467.01 3858.84
26071-200-M6-052-00003 0.08389300107955933 6105.56 1986.70 6182.16 1988.59 6178.79 2125.02 6102.19 2123.13
26071-200-M6-052-00003 0.08366115391254425 6106.04 1205.75 6185.04 1211.28 6175.60 1346.22 6096.60 1340.69
26071-200-M6-052-00003 0.07349769026041031 5853.36 2873.47 5898.07 2839.20 5938.86 2892.41 5894.15 2926.68
26071-700-M6-054-00036 0.09388813376426697 3858.44 3340.33 3907.95 3346.07 3893.94 3466.93 3844.42 3461.19
26071-700-M6-054-00036 0.06790761649608612 6106.26 5415.87 6182.61 5417.41 6179.93 5550.48 6103.58 5548.94
26071-700-M6-054-00036 0.06722589582204819 6466.23 2845.87 6522.98 2875.11 6500.23 2919.25 6443.49 2890.01
26071-700-M6-054-00036 0.05822472646832466 4649.39 5245.52 4713.75 5277.47 4691.73 5321.84 4627.36 5289.89
26071-500-M6-059-00071 0.18554915487766266 1616.71 5404.08 1671.21 5398.99 1682.78 5522.59 1628.27 5527.69
26071-500-M6-059-00071 0.1654626876115799 1996.85 3788.95 2118.72 3819.65 2103.84 3878.72 1981.97 3848.02
26071-500-M6-059-00071 0.13101758062839508 7286.67 3575.76 7363.06 3582.31 7357.74 3644.27 7281.35 3637.71
26071-500-M6-059-00071 0.095053531229496 3965.95 2073.70 4100.59 2077.00 4098.83 2148.82 3964.18 2145.52
26071-500-M6-059-00071 0.06791193038225174 5562.85 3883.28 5675.58 3911.06 5658.38 3980.82 5545.66 3953.05
26071-500-M6-059-00071 0.06411298364400864 6104.18 2630.47 6181.72 2631.25 6180.35 2766.38 6102.82 2765.60
26071-500-M6-059-00071 0.06344732642173767 6571.75 3455.80 6646.29 3451.32 6654.17 3582.31 6579.63 3586.79
26071-203-M6-320-00008 0.07030071318149567 1843.92 4232.18 1935.64 4233.31 1934.76 4304.48 1843.05 4303.35
26071-203-M6-320-00008 0.05074003338813782 4213.97 4142.37 4305.27 4143.60 4304.33 4212.96 4213.04 4211.72
26071-500-M6-059-00116 0.12467377632856369 5750.60 5547.66 5839.90 5617.57 5803.51 5664.05 5714.21 5594.14
26071-500-M6-059-00116 0.11960339546203613 3283.57 4917.09 3332.37 4917.83 3331.15 4996.88 3282.36 4996.14
26071-500-M6-059-00116 0.08426475524902344 5103.73 1336.40 5179.88 1334.77 5181.61 1415.43 5105.47 1417.07
26071-500-M6-059-00116 0.08159854263067245 3176.28 4610.90 3305.31 4616.50 3302.11 4690.19 3173.08 4684.60
26071-500-M6-059-00116 0.05632375553250313 4348.24 3275.52 4396.82 3271.68 4402.50 3343.52 4353.91 3347.36
26071-550-M6-084-00026 0.3986035883426666 7334.50 3467.44 7441.06 3471.44 7439.10 3523.53 7332.55 3519.54
26071-550-M6-084-00026 0.3422161638736725 7331.72 3327.82 7452.01 3330.70 7450.80 3381.06 7330.52 3378.19
26071-550-M6-084-00026 0.19632521271705627 4182.15 3406.63 4285.79 3415.88 4278.30 3499.81 4174.66 3490.56
26071-550-M6-084-00026 0.1963188499212265 1820.66 3408.40 1924.62 3415.34 1918.99 3499.65 1815.03 3492.71
26071-550-M6-084-00026 0.06422964483499527 2824.57 2853.89 2939.27 2852.32 2939.74 2886.48 2825.03 2888.05
26071-550-M6-084-00026 0.06144217029213905 6373.89 2855.49 6443.00 2853.42 6446.44 2968.34 6377.34 2970.42
26071-200-M6-052-00090 0.1737677901983261 2546.53 6517.18 2657.95 6547.00 2641.48 6608.56 2530.05 6578.73
26071-200-M6-052-00090 0.15868225693702698 6415.57 5030.92 6519.42 5085.14 6488.36 5144.62 6384.52 5090.40
26071-200-M6-052-00090 0.14154444634914398 4714.19 3742.76 4796.02 3743.77 4794.95 3830.61 4713.11 3829.60
26071-200-M6-052-00090 0.12200958281755447 1700.57 3740.78 1782.14 3739.42 1783.64 3829.02 1702.07 3830.39
26071-200-M6-052-00090 0.11288125813007355 3846.04 6043.23 3953.88 6043.16 3953.91 6099.50 3846.07 6099.57
26071-200-M6-052-00090 0.10721840709447861 3193.97 6045.09 3288.56 6043.32 3289.73 6106.07 3195.14 6107.84
26071-200-M6-052-00090 0.10366498678922653 3660.69 6049.60 3759.92 6041.34 3764.78 6099.71 3665.55 6107.97
26071-200-M6-052-00090 0.0995788425207138 6429.44 2727.39 6526.15 2792.15 6497.11 2835.51 6400.40 2770.76
26071-200-M6-052-00090 0.0994541347026825 3427.78 1095.46 3529.59 1128.35 3510.37 1187.86 3408.56 1154.97
26071-200-M6-052-00090 0.09939003735780716 3397.19 3686.56 3451.62 3687.43 3449.72 3806.16 3395.29 3805.29
26071-200-M6-052-00090 0.09118550270795822 6407.79 5226.47 6465.67 5225.91 6466.55 5317.50 6408.67 5318.06
26071-200-M6-052-00090 0.08816897869110107 8124.16 3610.87 8188.65 3621.10 8173.34 3717.59 8108.86 3707.36
26071-200-M6-052-00090 0.08734924346208572 3392.66 3301.89 3442.78 3298.48 3451.70 3429.75 3401.58 3433.15
26071-200-M6-052-00090 0.08674939721822739 3140.28 4024.54 3222.91 4022.95 3224.50 4105.79 3141.87 4107.37
26071-200-M6-052-00090 0.0851796418428421 2990.29 6055.22 3087.54 6041.04 3096.18 6100.29 2998.93 6114.48
26071-200-M6-052-00090 0.08427376300096512 6397.37 3690.90 6468.22 3682.08 6483.62 3805.72 6412.77 3814.55
26071-200-M6-052-00090 0.08079532533884048 8123.53 3814.94 8183.80 3819.22 8177.54 3907.41 8117.27 3903.13
26071-200-M6-052-00090 0.07904871553182602 6403.19 3299.61 6478.65 3303.51 6471.60 3440.02 6396.13 3436.12
26071-200-M6-052-00090 0.07795211672782898 3409.52 1235.92 3465.37 1244.02 3449.17 1355.59 3393.32 1347.49
26071-200-M6-052-00090 0.07684388756752014 6404.45 2915.42 6526.25 2946.56 6513.99 2994.52 6392.19 2963.37
26071-200-M6-052-00090 0.06539216637611389 6154.16 4015.60 6220.25 4020.64 6214.01 4102.46 6147.92 4097.42
26071-200-M6-052-00090 0.0554993636906147 2244.70 2826.06 2280.16 2821.75 2294.00 2935.54 2258.55 2939.86
26071-200-M6-052-00090 0.053076356649398804 2825.22 4029.87 2939.38 4035.43 2937.66 4070.80 2823.50 4065.24
26071-200-M6-052-00090 0.05058341100811958 2436.99 3488.69 2494.83 3491.19 2488.26 3643.36 2430.42 3640.86
26071-203-M6-320-00061 0.051624514162540436 7655.77 3094.27 7703.42 3086.58 7717.73 3175.30 7670.09 3182.99
26071-600-M6-065-00037 0.3109498918056488 1518.76 5988.18 1659.01 6015.57 1648.47 6069.56 1508.21 6042.16
26071-600-M6-065-00037 0.24095945060253143 1462.94 6036.37 1532.14 6041.54 1518.53 6223.75 1449.33 6218.58
26071-600-M6-065-00037 0.19714239239692688 1477.55 5983.07 1598.85 6068.10 1568.99 6110.71 1447.68 6025.69
26071-600-M6-065-00037 0.19198065996170044 1550.62 6045.68 1632.58 6031.97 1660.32 6197.84 1578.37 6211.55
26071-600-M6-065-00037 0.07513316720724106 2585.79 2082.34 2713.53 2081.45 2714.02 2152.99 2586.29 2153.87
26071-300-M6-053-00010 0.12145498394966125 2696.79 4172.61 2746.98 4173.30 2745.32 4293.06 2695.13 4292.36
26071-300-M6-053-00010 0.08925464004278183 7049.12 3127.16 7132.90 3134.78 7124.81 3223.77 7041.03 3216.16
26071-203-M6-320-00042 0.11166945844888687 5527.41 3296.98 5588.04 3302.50 5577.57 3417.67 5516.94 3412.16
26071-203-M6-160-00291 0.08914633840322495 4641.55 5462.42 4694.59 5424.69 4730.11 5474.63 4677.06 5512.36
26071-203-M6-160-00291 0.05782149359583855 2165.10 5432.22 2257.38 5436.99 2253.73 5507.50 2161.45 5502.72
26071-600-M6-066-00002 0.0832609087228775 4205.73 3768.67 4265.90 3721.96 4325.00 3798.09 4264.83 3844.80
26071-300-M6-053-00008 0.05379617586731911 5464.04 1784.76 5532.12 1775.42 5545.93 1875.99 5477.84 1885.34
26071-200-M6-063-00010 0.10934707522392273 3161.95 3813.91 3212.12 3813.60 3212.86 3935.02 3162.69 3935.32
26071-203-M6-060-00006 0.2149009257555008 3227.27 3006.49 3294.62 3011.99 3286.80 3107.64 3219.46 3102.14
26071-203-M6-060-00006 0.05555553734302521 2711.92 4156.31 3186.83 4218.82 3158.56 4433.56 2683.65 4371.04
26071-300-M6-053-00012 0.19656430184841156 5710.32 2122.48 5769.80 2122.94 5768.92 2235.77 5709.44 2235.31
26071-300-M6-053-00012 0.11100900918245316 5027.92 3404.37 5149.72 3398.50 5153.65 3480.15 5031.86 3486.02
26071-300-M6-053-00012 0.09353725612163544 6394.45 5726.39 6483.60 5736.47 6475.98 5803.84 6386.83 5793.76
26071-300-M6-053-00012 0.05474693700671196 4514.20 5718.78 4606.79 5737.76 4592.70 5806.53 4500.10 5787.55
26071-450-M6-082-00221 0.13806261122226715 6586.04 1326.42 6666.63 1348.48 6640.29 1444.71 6559.70 1422.65
26071-450-M6-082-00221 0.08243817836046219 4573.45 2626.82 4656.54 2644.11 4636.99 2738.11 4553.89 2720.82
26071-450-M6-082-00221 0.08044907450675964 4571.95 5215.15 4656.97 5230.37 4639.54 5327.77 4554.52 5312.55
26071-450-M6-082-00221 0.07433725148439407 4573.51 3927.73 4658.26 3944.64 4639.21 4040.04 4554.47 4023.13
26071-675-M6-068-00034 0.09474556148052216 2551.21 5475.96 2641.42 5477.95 2639.16 5580.84 2548.94 5578.85
26071-675-M6-068-00034 0.06519518047571182 3332.60 5458.05 3415.23 5459.83 3413.16 5555.64 3330.53 5553.86
26071-675-M6-068-00034 0.05110418051481247 3513.84 5186.23 3620.04 5181.40 3622.71 5239.99 3516.50 5244.82
26071-450-M6-082-00031 0.25765106081962585 3689.38 3074.27 3738.15 3078.72 3726.62 3205.24 3677.85 3200.80
26071-450-M6-082-00031 0.14089122414588928 2912.62 4933.23 3045.70 4936.98 3043.49 5015.34 2910.41 5011.59
26071-450-M6-082-00031 0.11830995976924896 5372.67 4918.53 5506.75 4922.89 5504.20 5001.14 5370.12 4996.78
26071-200-M6-062-00276 0.10451225936412811 2383.40 4603.79 2504.36 4589.44 2514.35 4673.67 2393.39 4688.02
26071-200-M6-062-00276 0.05140518397092819 3639.31 3704.08 3687.44 3706.81 3681.11 3818.70 3632.98 3815.97
26071-500-M6-059-00011 0.05977174639701843 4684.88 1624.01 4752.46 1672.37 4711.00 1730.30 4643.43 1681.94
26071-600-M6-065-00021 0.07728083431720734 5707.80 5429.33 5799.11 5434.87 5794.83 5505.44 5703.52 5499.90
26071-600-M6-065-00021 0.06551840901374817 3970.68 5431.13 4062.63 5432.79 4061.42 5500.35 3969.46 5498.69
26071-600-M6-065-00021 0.050338633358478546 3701.63 5549.65 3839.61 5574.66 3828.90 5633.76 3690.91 5608.75
26071-500-M6-059-00013 0.11967477202415466 2928.08 3635.34 2999.73 3636.35 2998.40 3730.36 2926.75 3729.34
26071-500-M6-059-00013 0.07447861135005951 7398.64 2002.10 7473.62 2011.34 7462.43 2102.25 7387.44 2093.02
26071-500-M6-059-00013 0.06541162729263306 2936.94 4728.34 2992.10 4735.44 2976.02 4860.43 2920.86 4853.34
26071-500-M6-059-00044 0.14533796906471252 7281.30 6078.86 7340.74 6080.08 7337.55 6235.39 7278.10 6234.16
26071-500-M6-059-00044 0.08830701559782028 1057.83 2138.81 1114.54 2133.34 1124.52 2236.86 1067.81 2242.33
26071-500-M6-059-00044 0.08019256591796875 1458.06 1995.92 1572.77 1999.01 1570.69 2076.13 1455.98 2073.05
26071-500-M6-059-00044 0.06947971880435944 1035.82 6370.28 1086.79 6348.59 1123.14 6434.03 1072.18 6455.72
26071-500-M6-059-00044 0.0677972063422203 2899.64 4963.33 2964.23 4971.95 2948.31 5091.30 2883.72 5082.69
26071-500-M6-059-00044 0.06635129451751709 2797.78 1992.53 2894.83 1981.56 2904.11 2063.64 2807.06 2074.61
26071-500-M6-059-00044 0.06514852494001389 3116.03 1981.98 3221.53 2008.56 3201.97 2086.20 3096.47 2059.62
26071-500-M6-059-00044 0.06195364519953728 2514.01 1990.17 2629.14 1999.67 2622.65 2078.35 2507.52 2068.86
26071-500-M6-059-00044 0.05331424996256828 6476.28 4964.62 6540.70 4972.20 6526.79 5090.52 6462.37 5082.95
26071-500-M6-059-00044 0.05131661146879196 1793.25 4467.95 1856.74 4474.56 1845.42 4583.21 1781.93 4576.60
26071-200-M6-052-00093 0.152452290058136 6408.45 3574.96 6479.95 3584.24 6472.09 3644.81 6400.59 3635.53
26071-200-M6-052-00093 0.11714881658554077 4682.18 2461.10 4730.50 2462.19 4727.55 2593.24 4679.23 2592.15
26071-200-M6-052-00093 0.11113875359296799 4681.33 1322.98 4727.73 1322.42 4729.26 1450.17 4682.85 1450.73
26071-200-M6-052-00093 0.11081475764513016 4679.01 4712.36 4732.38 4711.78 4733.68 4832.44 4680.31 4833.02
26071-200-M6-052-00093 0.08799269795417786 4676.73 3688.39 4725.75 3685.97 4732.11 3814.85 4683.09 3817.27
26071-200-M6-052-00093 0.05478368699550629 4017.20 1464.66 4577.89 1461.51 4579.08 1674.74 4018.39 1677.89
26071-200-M6-052-00093 0.052355971187353134 3942.40 4511.65 4459.92 4508.81 4460.78 4665.77 3943.26 4668.61
26071-200-M6-052-00002 0.15936799347400665 6016.15 1019.21 6093.92 1029.99 6082.52 1112.27 6004.74 1101.49
26071-200-M6-052-00002 0.057128094136714935 6889.67 1363.36 6958.10 1368.90 6954.33 1415.43 6885.90 1409.89
26071-200-M6-052-00002 0.05656365305185318 4089.63 4387.37 4137.99 4389.59 4130.51 4552.60 4082.15 4550.38
26071-200-M6-052-00002 0.05400501564145088 5515.17 5341.01 5591.83 5342.95 5588.37 5480.00 5511.71 5478.06
26071-675-M6-068-10002 0.06187016889452934 2235.75 5339.32 2323.78 5355.70 2307.99 5440.54 2219.96 5424.15
26071-750-M6-085-00012 0.13067114353179932 2967.33 4418.66 3087.26 4419.02 3087.13 4462.12 2967.20 4461.75
26071-750-M6-085-00012 0.11311183124780655 7948.31 2370.71 8001.03 2375.75 7992.31 2467.00 7939.59 2461.96
26071-750-M6-085-00012 0.1122615858912468 6980.43 3797.47 7083.89 3809.45 7078.14 3859.11 6974.67 3847.13
26071-750-M6-085-00012 0.11194901168346405 4796.73 3806.76 4899.72 3803.80 4901.20 3855.23 4798.21 3858.19
26071-750-M6-085-00012 0.0998782366514206 4288.97 3304.80 4335.33 3309.63 4328.71 3373.32 4282.34 3368.49
26071-750-M6-085-00012 0.08063699305057526 6481.35 3306.97 6522.44 3315.77 6509.72 3375.20 6468.63 3366.40
26071-750-M6-085-00012 0.06827163696289062 1855.37 3684.67 1922.69 3685.30 1922.26 3729.84 1854.95 3729.20
26071-200-M6-052-00544 0.05838051065802574 4036.55 3965.61 4099.39 3975.60 4077.76 4111.72 4014.91 4101.73
26071-200-M6-052-00544 0.053479406982660294 4536.65 4136.39 4684.76 4138.92 4683.96 4185.14 4535.86 4182.61
26071-600-M6-066-00003 0.13828742504119873 7770.77 5237.97 7837.61 5239.41 7836.34 5297.95 7769.51 5296.51
26071-600-M6-066-00003 0.11401492357254028 2363.34 5204.98 2494.28 5212.39 2490.11 5286.13 2359.17 5278.72
26071-600-M6-066-00003 0.08731786906719208 4867.87 2151.21 4979.24 2168.08 4970.72 2224.32 4859.35 2207.45
26071-600-M6-066-00003 0.0525544174015522 3752.22 2165.48 3874.94 2141.61 3886.82 2202.72 3764.10 2226.59
26071-750-M6-085-00309 0.08168351650238037 4319.90 2271.44 4427.83 2274.48 4426.42 2324.61 4318.49 2321.57
