26071-200-M6-052-00001 0.48063868284225464 5004.30 4555.11 5081.48 4564.77 5071.72 4642.78 4994.53 4633.11
26071-500-M6-059-00248 0.4604523777961731 2956.58 4668.53 3032.79 4668.54 3032.77 4742.69 2956.57 4742.68
26071-700-M6-054-00246 0.09331756830215454 3967.16 1780.05 4033.98 1772.85 4043.66 1862.61 3976.83 1869.82
26071-550-M6-084-00248 0.520760715007782 2914.46 4187.52 2993.54 4200.90 2980.79 4276.26 2901.71 4262.88
26071-300-M6-053-00309 0.10590089112520218 4331.59 2078.92 4416.35 2097.95 4401.54 2163.90 4316.79 2144.87
26071-300-M6-053-00309 0.08816515654325485 5639.47 2469.02 5710.04 2478.98 5698.68 2559.50 5628.10 2549.54
26071-300-M6-053-00309 0.08713311702013016 6295.76 1657.20 6363.42 1657.88 6362.42 1756.90 6294.77 1756.22
26071-300-M6-053-00309 0.08688674867153168 5682.85 1652.74 5745.91 1654.93 5742.54 1752.27 5679.48 1750.08
26071-300-M6-053-00309 0.05499720945954323 3613.45 3781.56 3681.97 3784.19 3678.34 3878.76 3609.82 3876.12
26071-450-M6-082-00009 0.059908363968133926 5242.46 1565.79 5398.05 1583.58 5380.68 1735.45 5225.10 1717.66
26071-450-M6-082-00009 0.058277759701013565 2649.28 1876.30 2800.64 1890.21 2787.01 2038.52 2635.65 2024.61
26071-450-M6-082-00009 0.050257667899131775 2038.52 3679.87 2196.45 3697.80 2180.27 3840.32 2022.34 3822.39
26071-750-M6-085-00007 0.510674238204956 2913.08 951.59 2988.75 960.28 2979.62 1039.78 2903.95 1031.09
26071-750-M6-085-00007 0.5080559253692627 6808.76 5676.84 6885.45 5683.84 6878.16 5763.72 6801.47 5756.72
26071-203-M6-064-00271 0.050439026206731796 2036.54 2539.47 2087.36 2554.33 2069.97 2613.79 2019.15 2598.93
26071-200-M6-052-00150 0.059499986469745636 5037.92 3976.10 5186.19 3994.22 5168.59 4138.21 5020.32 4120.08
26071-700-M6-054-00036 0.05687151104211807 4623.27 5259.21 4690.61 5264.99 4682.67 5357.47 4615.34 5351.69
26071-500-M6-059-00116 0.07577601820230484 5106.68 1328.76 5186.34 1338.52 5176.59 1418.12 5096.93 1408.36
26071-200-M6-052-00090 0.06255408376455307 2205.96 4364.72 2277.02 4372.80 2266.86 4462.24 2195.79 4454.17
26071-200-M6-052-00090 0.05704215168952942 5215.78 4367.53 5287.52 4374.80 5278.21 4466.64 5206.47 4459.37
26071-600-M6-065-00037 0.0696699246764183 5660.52 3085.32 5734.57 3081.20 5740.39 3185.65 5666.34 3189.77
26071-600-M6-065-00037 0.059216342866420746 3000.18 3098.13 3083.05 3097.45 3084.03 3215.15 3001.16 3215.83
26071-300-M6-053-00010 0.5043548941612244 4919.12 4307.91 4998.75 4318.58 4988.33 4396.31 4908.70 4385.64
26071-203-M6-320-00042 0.06625048071146011 3203.74 2866.53 3295.47 2886.92 3275.14 2978.38 3183.41 2957.99
26071-200-M6-063-00010 0.509638786315918 5751.84 3843.33 5824.43 3854.32 5812.17 3935.29 5739.57 3924.30
26071-200-M6-063-00010 0.06925308704376221 4442.56 2372.15 4503.40 2373.68 4501.25 2459.21 4440.40 2457.68
26071-203-M6-325-00013 0.05146263539791107 3406.69 3978.70 3550.92 4011.35 3519.60 4149.68 3375.36 4117.03
26071-675-M6-068-00034 0.05307750776410103 4775.26 5179.03 4912.29 5214.19 4877.90 5348.26 4740.87 5313.10
26071-675-M6-068-00034 0.05213050916790962 4399.42 1582.01 4472.68 1586.30 4467.99 1666.13 4394.74 1661.84
26071-500-M6-059-00011 0.0559350959956646 2958.27 4567.28 3107.10 4589.31 3085.15 4737.51 2936.33 4715.47
26071-200-M6-052-00002 0.42503222823143005 5630.91 4201.69 5707.45 4211.10 5698.01 4287.90 5621.47 4278.50
26071-750-M6-085-00012 0.05660468712449074 6013.04 4274.61 6165.70 4283.98 6156.61 4432.08 6003.95 4422.71
26071-750-M6-085-00012 0.054604727774858475 4014.83 4562.27 4170.62 4581.91 4151.20 4735.97 3995.41 4716.34
