26071-600-M6-066-00012 0.07880400121212006 7290.45 2718.32 7375.77 2732.77 7362.32 2812.15 7277.00 2797.69
26071-500-M6-059-00040 0.06354345381259918 2536.15 1312.32 2592.77 1309.21 2599.90 1439.18 2543.28 1442.29
26071-750-M6-085-00286 0.05632048845291138 4778.59 3235.01 4927.84 3251.83 4910.95 3401.67 4761.70 3384.85
26071-550-M6-084-00248 0.1297171413898468 2199.45 2243.46 2291.99 2245.69 2289.77 2337.92 2197.23 2335.69
26071-203-M6-332-00008 0.06163648143410683 1860.28 4562.89 2006.88 4539.24 2031.86 4694.09 1885.26 4717.74
26071-200-M6-052-00080 0.05727124959230423 4869.14 5200.67 4960.26 5203.89 4957.09 5293.65 4865.98 5290.44
26071-300-M6-053-00309 0.08858329802751541 5517.63 4676.06 5614.98 4694.31 5583.85 4860.39 5486.50 4842.14
26071-750-M6-085-00007 0.050458796322345734 4050.09 2584.14 4097.49 2583.36 4097.76 2600.10 4050.36 2600.88
26071-700-M6-054-00013 0.08107596635818481 5165.10 5304.64 5255.46 5332.16 5228.08 5422.05 5137.73 5394.52
26071-700-M6-054-00013 0.06867050379514694 5151.40 3426.51 5236.12 3419.54 5244.08 3516.33 5159.36 3523.29
26071-700-M6-054-00036 0.12177133560180664 6875.37 5494.61 6963.88 5513.36 6944.20 5606.26 6855.70 5587.51
26071-203-M6-320-00044 0.05844733864068985 5210.81 3276.80 5307.72 3283.49 5299.32 3405.09 5202.41 3398.40
26071-500-M6-059-00116 0.05902092531323433 5110.87 1325.15 5188.28 1338.75 5173.79 1421.21 5096.38 1407.61
26071-203-M6-337-00007 0.05733104422688484 4346.50 4098.76 4411.89 4100.82 4408.56 4206.89 4343.17 4204.83
26071-200-M6-052-00090 0.07518601417541504 6155.69 4015.51 6245.79 4024.10 6237.83 4107.58 6147.73 4098.99
26071-200-M6-052-00090 0.0685422420501709 3145.53 4013.39 3235.51 4024.33 3224.96 4111.11 3134.98 4100.17
26071-300-M6-053-00010 0.05628064647316933 4919.12 4312.42 4999.67 4315.13 4996.96 4395.95 4916.41 4393.25
26071-203-M6-320-00042 0.08828872442245483 3202.39 2865.38 3295.61 2881.25 3280.45 2970.32 3187.23 2954.45
26071-600-M6-066-00002 0.13340777158737183 4217.94 2712.83 4292.09 2715.62 4288.46 2812.22 4214.31 2809.44
26071-600-M6-066-00002 0.1298881620168686 4216.74 3742.48 4291.90 3746.55 4286.81 3840.46 4211.65 3836.38
26071-203-M6-060-00001 0.11109797656536102 3627.83 4600.57 3716.13 4618.64 3697.32 4710.55 3609.02 4692.48
26071-203-M6-060-00001 0.09939245879650116 3626.58 5546.64 3715.37 5562.86 3698.48 5655.31 3609.69 5639.09
26071-200-M6-063-00010 0.09792846441268921 4912.22 1898.90 4999.64 1887.89 5011.15 1979.23 4923.73 1990.24
26071-300-M6-053-00012 0.054235100746154785 5569.39 5956.73 5724.11 5984.76 5697.85 6129.67 5543.14 6101.64
26071-200-M6-062-00276 0.11764784902334213 2149.45 1764.00 2239.14 1778.64 2223.94 1871.82 2134.25 1857.19
26071-600-M6-065-00021 0.11212418973445892 5400.45 4124.98 5491.51 4147.58 5469.16 4237.65 5378.09 4215.04
26071-600-M6-065-00021 0.07298564165830612 2864.95 4009.37 2957.43 4025.50 2941.52 4116.71 2849.04 4100.58
26071-600-M6-065-00021 0.07173153012990952 2964.58 5367.67 3103.99 5365.97 3105.90 5522.23 2966.49 5523.93
26071-500-M6-059-00044 0.05549421161413193 6863.34 5043.69 7012.17 5053.59 7002.03 5206.10 6853.20 5196.20
26071-675-M6-068-10002 0.05610043182969093 4906.06 1868.65 5006.41 1953.16 4951.42 2018.46 4851.07 1933.94
26071-750-M6-085-00012 0.08521256595849991 5269.08 6379.38 5363.29 6384.61 5358.39 6472.97 5264.17 6467.75
26071-200-M6-052-00544 0.12463881075382233 2791.37 2247.03 2875.61 2252.82 2870.97 2320.36 2786.73 2314.57
26071-200-M6-052-00544 0.05061797797679901 4251.88 3546.42 4400.60 3579.86 4368.41 3723.03 4219.69 3689.59
26071-750-M6-085-00309 0.051122575998306274 2970.46 3625.93 3132.73 3621.81 3137.45 3807.47 2975.18 3811.59
