26071-200-M6-052-00001 0.05136613920331001 5880.83 2398.72 5927.82 2397.13 5928.41 2414.75 5881.43 2416.34
26071-600-M6-066-00012 0.08959723263978958 5390.33 1397.80 5474.57 1396.11 5482.92 1812.63 5398.69 1814.32
26071-600-M6-066-00012 0.07648861408233643 349.08 3447.29 902.80 3439.16 903.71 3501.54 350.00 3509.67
26071-600-M6-066-00012 0.05220992490649223 1810.29 4393.23 1864.64 4380.73 1867.93 4395.02 1813.58 4407.52
26071-600-M6-066-00012 0.051062773913145065 1810.12 3921.24 1864.58 3908.85 1867.82 3923.12 1813.37 3935.50
26071-200-M6-052-00539 0.09455332159996033 5177.60 6037.80 5331.30 6046.97 5322.21 6199.32 5168.51 6190.14
26071-200-M6-052-00539 0.07231779396533966 3923.48 5381.29 4122.59 5392.02 4110.79 5610.95 3911.68 5600.22
26071-200-M6-052-00539 0.07227926701307297 2778.69 4839.37 2929.41 4873.66 2895.44 5023.00 2744.72 4988.72
26071-200-M6-052-00539 0.06937523931264877 2394.81 823.83 2450.83 832.39 2448.50 847.64 2392.48 839.07
26071-200-M6-052-00539 0.06090782582759857 6880.29 5756.49 7046.78 5761.29 7041.94 5928.76 6875.45 5923.96
26071-200-M6-052-00539 0.05570084601640701 2769.28 4557.18 2915.39 4579.29 2891.69 4735.86 2745.59 4713.75
26071-500-M6-059-00248 0.05175912007689476 4572.41 4465.04 5141.81 4460.70 5143.49 4680.38 4574.09 4684.73
26071-203-M6-325-00012 0.15025702118873596 269.83 3025.22 815.35 3023.63 815.53 3086.63 270.01 3088.21
26071-203-M6-325-00012 0.11078950017690659 272.31 5721.36 824.97 5723.58 824.72 5786.68 272.05 5784.46
26071-203-M6-325-00012 0.10330788791179657 272.94 3713.22 812.07 3713.13 812.08 3777.92 272.95 3778.01
26071-203-M6-325-00012 0.10071409493684769 263.68 2396.71 814.27 2395.00 814.46 2457.22 263.87 2458.93
26071-203-M6-325-00012 0.08725477010011673 260.30 4349.68 822.47 4336.60 823.89 4397.40 261.72 4410.48
26071-203-M6-325-00012 0.08573520928621292 264.05 5034.55 814.26 5034.36 814.29 5096.08 264.07 5096.27
26071-203-M6-325-00012 0.083868108689785 5151.93 263.40 5216.33 261.71 5230.33 794.45 5165.94 796.15
26071-203-M6-325-00012 0.06652957201004028 5457.64 263.99 5522.97 263.60 5526.25 810.49 5460.93 810.88
26071-203-M6-325-00012 0.059471916407346725 3966.23 1234.40 4130.35 1240.42 4124.81 1391.52 3960.69 1385.50
26071-203-M6-325-00012 0.057628072798252106 3269.94 5166.63 3434.84 5166.85 3434.61 5334.04 3269.71 5333.81
26071-203-M6-325-00012 0.05655531957745552 3265.16 1857.22 3431.08 1852.64 3435.69 2019.88 3269.78 2024.45
26071-203-M6-325-00012 0.052766021341085434 3096.29 5442.03 3243.46 5452.51 3232.61 5604.93 3085.44 5594.45
26071-203-M6-333-00010 0.47055867314338684 2337.48 333.38 2399.44 333.13 2401.57 866.17 2339.62 866.42
26071-203-M6-333-00010 0.41580110788345337 305.54 4222.19 842.96 4226.70 842.43 4289.83 305.01 4285.32
26071-203-M6-333-00010 0.3935101330280304 4543.94 285.39 4604.10 282.21 4633.58 839.67 4573.42 842.85
26071-203-M6-333-00010 0.3489181399345398 363.53 5598.59 895.74 5609.21 894.47 5672.56 362.26 5661.94
26071-203-M6-333-00010 0.12764085829257965 6649.11 288.66 6712.62 286.43 6731.02 810.04 6667.51 812.28
26071-203-M6-333-00010 0.06838037073612213 322.71 4287.06 848.74 4284.02 849.03 4334.62 323.01 4337.66
26071-203-M6-333-00010 0.06816166639328003 365.55 5559.98 897.73 5553.25 898.34 5601.76 366.16 5608.48
26071-203-M6-333-00010 0.0672273337841034 5578.21 3666.56 5994.35 3644.74 5997.26 3700.17 5581.12 3721.99
26071-203-M6-333-00010 0.05651023983955383 4596.50 306.00 4645.29 301.80 4692.60 851.10 4643.81 855.30
26071-203-M6-333-00010 0.053480394184589386 4502.28 293.18 4552.14 291.67 4568.48 833.18 4518.62 834.69
26071-203-M6-333-00010 0.05029623955488205 2396.88 339.81 2444.81 339.00 2454.02 881.17 2406.10 881.98
26071-750-M6-085-00286 0.07660640776157379 5054.98 3277.83 5188.92 3264.94 5210.49 3489.20 5076.56 3502.08
26071-750-M6-085-00286 0.06677494943141937 419.89 4026.98 836.52 4030.26 836.01 4095.01 419.38 4091.73
26071-550-M6-084-00248 0.0698261708021164 358.94 6147.41 912.41 6168.99 909.92 6232.78 356.46 6211.20
26071-550-M6-084-00248 0.06112824007868767 5476.43 3440.79 5631.61 3447.55 5625.20 3594.65 5470.02 3587.89
26071-550-M6-084-00248 0.05042647942900658 3639.98 4272.56 3793.23 4263.09 3802.81 4418.06 3649.56 4427.53
26071-203-M6-332-00008 0.07503450661897659 4153.29 632.82 4681.62 629.17 4682.09 697.84 4153.76 701.49
26071-203-M6-332-00008 0.06608691066503525 1576.74 4544.91 1729.25 4567.16 1707.35 4717.29 1554.84 4695.04
26071-203-M6-332-00008 0.06566048413515091 6262.46 3345.10 6435.87 3346.66 6434.39 3512.50 6260.97 3510.94
26071-203-M6-332-00008 0.06346695870161057 3530.75 637.57 4016.86 626.06 4017.92 670.66 3531.80 682.17
26071-203-M6-332-00008 0.06243487447500229 290.33 6124.11 842.46 6104.23 844.73 6167.38 292.61 6187.26
26071-203-M6-332-00008 0.05435233935713768 280.23 1637.11 823.66 1654.69 821.68 1715.94 278.25 1698.36
26071-203-M6-332-00008 0.05155263841152191 2204.10 3841.11 2325.42 3851.44 2306.38 4075.00 2185.06 4064.67
26071-200-M6-052-00080 0.0611930750310421 6004.79 4794.51 6145.46 4808.53 6129.19 4971.76 5988.52 4957.74
26071-200-M6-052-00080 0.0589437335729599 3889.58 5171.91 4037.19 5164.05 4045.62 5322.47 3898.01 5330.32
26071-200-M6-052-00080 0.05581652745604515 6874.62 5165.96 7037.84 5167.92 7035.87 5332.22 6872.65 5330.26
26071-200-M6-052-00080 0.05123161897063255 3085.03 1757.64 3241.62 1770.71 3229.01 1921.77 3072.42 1908.71
26071-203-M6-321-00604 0.2017545849084854 2006.13 5388.58 2068.95 5388.12 2072.98 5933.92 2010.16 5934.38
26071-203-M6-321-00604 0.17152069509029388 4347.52 5387.14 4408.61 5386.93 4410.37 5920.44 4349.27 5920.64
26071-203-M6-321-00604 0.16598308086395264 2247.78 5395.91 2309.15 5395.77 2310.37 5945.18 2249.00 5945.31
26071-203-M6-321-00604 0.15891095995903015 4114.78 5395.28 4177.83 5397.00 4163.13 5936.65 4100.08 5934.94
26071-203-M6-321-00604 0.13567982614040375 3915.33 5406.53 3976.68 5410.50 3942.86 5933.69 3881.51 5929.72
26071-203-M6-321-00604 0.1316743642091751 2503.71 5396.64 2565.10 5399.42 2540.10 5952.34 2478.70 5949.56
26071-203-M6-321-00604 0.12290113419294357 3607.10 5426.74 3667.38 5429.48 3645.35 5914.05 3585.07 5911.31
26071-203-M6-321-00604 0.08931528776884079 4657.20 430.82 4713.73 432.56 4698.44 927.59 4641.90 925.85
26071-203-M6-321-00604 0.07541265338659286 3274.18 5601.51 3328.47 5601.25 3329.93 5904.20 3275.64 5904.46
26071-203-M6-321-00604 0.06769063323736191 289.18 1620.01 840.90 1613.78 841.58 1674.61 289.87 1680.85
26071-203-M6-321-00604 0.05366823077201843 7737.57 2849.87 8177.31 2848.15 8177.52 2904.13 7737.79 2905.85
26071-203-M6-321-00604 0.05206609144806862 2202.27 5403.50 2249.67 5403.55 2249.12 5925.38 2201.72 5925.33
26071-203-M6-321-00604 0.051478151232004166 2302.19 5393.16 2349.34 5391.63 2366.69 5928.08 2319.54 5929.60
26071-300-M6-053-00309 0.06574981659650803 7613.19 3439.08 8087.24 3442.80 8086.75 3505.06 7612.70 3501.34
26071-300-M6-053-00309 0.06554676592350006 5490.42 4904.46 5625.49 4906.56 5622.33 5108.86 5487.26 5106.75
26071-300-M6-053-00309 0.06302345544099808 5939.72 1991.60 6090.44 1990.91 6091.46 2215.18 5940.74 2215.87
26071-300-M6-053-00309 0.05890759825706482 3545.45 5304.41 4030.20 5312.69 4029.16 5373.61 3544.41 5365.32
26071-300-M6-053-00309 0.05885707587003708 5356.76 3034.56 5494.01 3027.63 5501.59 3177.83 5364.34 3184.76
26071-300-M6-053-00309 0.05822024121880531 5752.10 1489.13 5914.89 1483.26 5920.02 1625.86 5757.24 1631.72
26071-300-M6-053-00309 0.05699308589100838 3609.75 3091.40 4030.98 3098.78 4029.63 3176.00 3608.40 3168.61
26071-300-M6-053-00309 0.05591968819499016 3645.32 2973.76 4028.92 3000.59 4021.62 3104.98 3638.02 3078.15
26071-300-M6-053-00309 0.05221198871731758 3634.32 5199.10 3985.69 5199.33 3985.63 5278.99 3634.26 5278.76
26071-300-M6-053-00309 0.0520077720284462 7609.17 1640.60 8089.62 1596.69 8096.14 1668.06 7615.69 1711.97
26071-450-M6-082-00009 0.07357852160930634 5176.93 6057.90 5327.43 6061.56 5323.74 6213.42 5173.24 6209.76
26071-450-M6-082-00009 0.07178474217653275 360.33 4212.46 899.81 4203.54 900.84 4265.73 361.35 4274.65
26071-450-M6-082-00009 0.06891053169965744 6884.19 5394.22 7036.47 5398.89 7031.36 5565.65 6879.08 5560.98
26071-450-M6-082-00009 0.06659027189016342 5897.74 5701.47 6020.63 5696.26 6028.66 5885.63 5905.77 5890.84
26071-450-M6-082-00009 0.05685536563396454 3668.74 4504.02 3858.96 4493.93 3872.53 4749.97 3682.32 4760.06
26071-200-M6-052-00552 0.06321097910404205 4158.24 4863.18 4323.06 4856.32 4329.97 5022.35 4165.16 5029.21
26071-200-M6-052-00552 0.05599819868803024 4531.11 4862.04 4679.26 4861.60 4679.71 5012.12 4531.55 5012.56
26071-750-M6-085-00007 0.06018729880452156 352.23 2018.31 913.80 2028.33 912.64 2093.21 351.07 2083.19
26071-750-M6-085-00007 0.051967523992061615 6409.34 2120.85 6462.31 2137.36 6457.88 2151.57 6404.91 2135.06
26071-750-M6-085-00007 0.05124209448695183 1874.36 2827.33 1992.91 2835.32 1977.51 3063.87 1858.96 3055.88
26071-750-M6-085-00007 0.050304681062698364 7677.39 1315.39 8117.58 1324.97 8116.33 1382.33 7676.14 1372.75
26071-203-M6-064-00271 0.2892478108406067 3280.37 3716.24 3404.60 3717.82 3401.90 3930.66 3277.67 3929.08
26071-203-M6-064-00271 0.257060170173645 2381.55 3712.84 2505.04 3712.24 2506.07 3926.26 2382.58 3926.85
26071-203-M6-064-00271 0.21872113645076752 3585.76 3717.47 3707.82 3715.25 3711.72 3929.94 3589.66 3932.16
26071-203-M6-064-00271 0.20924408733844757 5078.88 1458.56 5203.37 1465.26 5192.00 1676.68 5067.50 1669.99
26071-203-M6-064-00271 0.20341072976589203 4574.80 3728.08 4692.00 3717.62 4709.83 3917.56 4592.63 3928.02
26071-203-M6-064-00271 0.20229314267635345 4784.13 1459.85 4909.42 1464.69 4901.31 1674.36 4776.02 1669.52
26071-203-M6-064-00271 0.18362534046173096 5375.44 1456.50 5498.10 1462.48 5487.76 1674.60 5365.10 1668.63
26071-203-M6-064-00271 0.18040508031845093 4480.30 1464.61 4604.64 1458.44 4615.12 1669.63 4490.78 1675.80
26071-203-M6-064-00271 0.15770410001277924 1883.27 3420.45 2008.34 3414.55 2018.16 3622.83 1893.09 3628.73
26071-203-M6-064-00271 0.15706372261047363 6393.88 3417.43 6513.98 3409.83 6527.38 3621.80 6407.28 3629.39
26071-203-M6-064-00271 0.15271857380867004 358.62 4858.71 896.34 4859.82 896.21 4921.78 358.49 4920.66
26071-203-M6-064-00271 0.15064378082752228 4187.87 1457.37 4310.45 1453.83 4316.71 1670.55 4194.14 1674.09
26071-203-M6-064-00271 0.15015466511249542 2996.60 3723.54 3118.78 3723.98 3118.00 3940.28 2995.82 3939.84
26071-203-M6-064-00271 0.14996474981307983 4005.36 5845.87 4124.87 5847.04 4122.82 6057.17 4003.32 6056.01
26071-203-M6-064-00271 0.14566422998905182 5673.64 1455.01 5794.72 1462.32 5781.98 1673.10 5660.90 1665.79
26071-203-M6-064-00271 0.1439075469970703 6564.63 3714.66 6686.31 3713.42 6688.50 3928.77 6566.82 3930.01
26071-203-M6-064-00271 0.14111265540122986 356.02 2618.62 898.12 2610.51 899.05 2672.40 356.94 2680.51
26071-203-M6-064-00271 0.14010562002658844 7556.61 3721.05 7679.52 3722.85 7676.39 3936.01 7553.48 3934.20
26071-203-M6-064-00271 0.13503628969192505 2711.75 3723.24 2835.14 3722.47 2836.48 3937.12 2713.09 3937.90
26071-203-M6-064-00271 0.1334037035703659 5570.44 3722.48 5693.25 3721.66 5694.70 3939.63 5571.89 3940.44
26071-203-M6-064-00271 0.1319144368171692 6891.71 3718.26 7011.48 3715.36 7016.49 3922.39 6896.72 3925.29
26071-203-M6-064-00271 0.12945625185966492 5239.91 3722.69 5362.89 3721.82 5364.42 3939.30 5241.44 3940.17
26071-203-M6-064-00271 0.1290900856256485 7224.11 3722.40 7346.89 3721.57 7348.36 3939.61 7225.57 3940.43
26071-203-M6-064-00271 0.12317489087581635 3882.04 1471.24 3998.71 1459.99 4018.76 1667.98 3902.09 1679.23
26071-203-M6-064-00271 0.12112846225500107 4169.15 6164.85 4287.88 6164.55 4288.39 6369.11 4169.66 6369.41
26071-203-M6-064-00271 0.11722610145807266 4903.41 3721.90 5024.73 3713.25 5039.44 3919.50 4918.11 3928.16
26071-203-M6-064-00271 0.11694034188985825 5899.52 3723.09 6022.40 3720.81 6026.48 3941.27 5903.60 3943.55
26071-203-M6-064-00271 0.11648181080818176 2051.86 3719.06 2173.80 3719.47 2173.08 3936.17 2051.13 3935.77
26071-203-M6-064-00271 0.11325167864561081 3303.89 1463.11 3426.23 1462.65 3427.06 1680.81 3304.72 1681.28
26071-203-M6-064-00271 0.112286776304245 7142.46 1464.36 7263.05 1462.63 7266.18 1681.26 7145.59 1682.99
26071-203-M6-064-00271 0.11079123616218567 5962.01 1463.14 6082.78 1461.95 6084.94 1680.58 5964.16 1681.77
26071-203-M6-064-00271 0.11046420782804489 3919.91 3721.07 4041.72 3722.88 4038.46 3942.08 3916.65 3940.27
26071-203-M6-064-00271 0.10525660961866379 2467.47 6156.61 2582.86 6155.03 2585.76 6366.45 2470.37 6368.03
26071-203-M6-064-00271 0.10515416413545609 7436.93 1464.12 7561.00 1464.11 7561.03 1679.83 7436.96 1679.85
26071-203-M6-064-00271 0.10511688143014908 6255.00 1464.03 6380.45 1463.95 6380.60 1679.40 6255.14 1679.48
26071-203-M6-064-00271 0.1044679582118988 3675.19 5851.23 3789.03 5847.74 3795.54 6059.50 3681.70 6063.00
26071-203-M6-064-00271 0.10367469489574432 3598.38 1465.04 3718.18 1463.45 3721.04 1679.38 3601.25 1680.97
26071-203-M6-064-00271 0.10038608312606812 2713.64 1462.58 2838.27 1464.84 2834.32 1682.09 2709.70 1679.83
26071-203-M6-064-00271 0.09988576918840408 3009.89 1463.80 3129.87 1463.50 3130.41 1679.83 3010.43 1680.13
26071-203-M6-064-00271 0.09605298191308975 6846.76 1464.60 6966.46 1463.88 6967.76 1679.53 6848.06 1680.25
26071-203-M6-064-00271 0.08992458134889603 6547.74 1463.26 6674.32 1462.44 6675.72 1677.24 6549.14 1678.06
26071-203-M6-064-00271 0.08534666150808334 3141.38 3411.56 3261.27 3412.48 3259.64 3625.58 3139.75 3624.66
26071-203-M6-064-00271 0.08459527790546417 3421.32 3416.42 3543.84 3415.57 3545.34 3632.70 3422.82 3633.55
26071-203-M6-064-00271 0.08188459277153015 7061.58 3412.79 7180.86 3411.95 7182.37 3624.85 7063.09 3625.70
26071-203-M6-064-00271 0.07924813777208328 7393.53 3411.72 7513.07 3412.13 7512.34 3625.66 7392.80 3625.25
26071-203-M6-064-00271 0.07786979526281357 5406.83 3412.27 5526.31 3410.31 5529.78 3622.64 5410.31 3624.59
26071-203-M6-064-00271 0.07627853751182556 6730.92 3412.97 6850.67 3412.99 6850.63 3625.71 6730.89 3625.69
26071-203-M6-064-00271 0.07483140379190445 5737.22 3412.91 5856.94 3410.64 5860.97 3623.10 5741.25 3625.37
26071-203-M6-064-00271 0.07321318238973618 2856.84 3408.59 2976.20 3408.20 2976.91 3624.68 2857.54 3625.07
26071-203-M6-064-00271 0.07205908745527267 2304.58 5854.23 2413.23 5850.98 2419.26 6052.62 2310.61 6055.86
26071-203-M6-064-00271 0.07022958248853683 2138.16 6180.15 2242.69 6179.94 2243.11 6393.76 2138.58 6393.96
26071-203-M6-064-00271 0.0690433531999588 4083.61 3412.98 4203.18 3409.03 4210.17 3620.33 4090.59 3624.28
26071-203-M6-064-00271 0.06832040101289749 2549.03 3412.94 2668.91 3411.49 2671.46 3623.32 2551.58 3624.76
26071-203-M6-064-00271 0.0672697126865387 2215.52 3413.76 2335.74 3408.81 2344.40 3619.27 2224.18 3624.22
26071-203-M6-064-00271 0.0659341812133789 4411.82 3414.10 4532.09 3408.92 4541.14 3619.24 4420.87 3624.42
26071-203-M6-064-00271 0.05912881717085838 3751.16 3414.98 3871.81 3410.16 3880.18 3619.49 3759.53 3624.31
26071-203-M6-064-00271 0.058246221393346786 4745.50 3414.49 4865.88 3412.50 4869.35 3623.10 4748.97 3625.08
26071-203-M6-337-00031 0.07460267096757889 7724.71 3414.86 8269.88 3408.65 8270.55 3467.50 7725.38 3473.72
26071-203-M6-337-00031 0.0631210207939148 7710.26 5249.14 8263.68 5236.88 8265.09 5300.35 7711.67 5312.62
26071-203-M6-337-00031 0.05967921018600464 276.84 921.04 820.76 912.45 821.72 973.58 277.80 982.16
26071-203-M6-337-00031 0.051624659448862076 3370.40 984.27 3524.41 967.17 3541.16 1118.07 3387.16 1135.16
26071-203-M6-332-00001 0.11747363209724426 7714.99 4860.52 8237.63 4846.45 8239.41 4912.60 7716.77 4926.67
26071-203-M6-332-00001 0.10178464651107788 4306.56 2729.95 4420.55 2740.46 4397.40 2991.55 4283.42 2981.05
26071-203-M6-332-00001 0.09111086279153824 7750.40 5104.25 8214.27 5092.23 8215.88 5154.28 7752.01 5166.30
26071-203-M6-332-00001 0.07028113305568695 271.65 2814.97 795.16 2808.70 795.90 2870.53 272.39 2876.79
26071-203-M6-332-00001 0.06913956254720688 7707.83 6046.59 8262.00 6060.77 8260.34 6125.41 7706.18 6111.23
26071-203-M6-332-00001 0.06790301948785782 3580.08 2790.96 3722.11 2830.25 3672.34 3010.15 3530.31 2970.86
26071-203-M6-332-00001 0.06240152567625046 4463.74 1537.37 4629.89 1551.38 4615.74 1719.15 4449.60 1705.14
26071-203-M6-332-00001 0.06224591284990311 5680.28 2790.67 5822.16 2830.48 5771.63 3010.57 5629.75 2970.76
26071-203-M6-332-00001 0.05778435990214348 5657.31 3043.33 5776.79 3035.06 5790.05 3226.53 5670.56 3234.80
26071-203-M6-332-00001 0.057364918291568756 3558.02 3043.63 3677.40 3035.89 3689.74 3226.19 3570.36 3233.93
26071-203-M6-332-00001 0.055920783430337906 4416.16 2786.40 4560.63 2832.26 4502.49 3015.40 4358.02 2969.54
26071-203-M6-332-00001 0.05486457422375679 1275.79 5135.53 1427.40 5145.54 1417.60 5293.91 1265.99 5283.89
26071-203-M6-332-00001 0.052940577268600464 267.36 3289.37 814.62 3294.25 814.06 3357.40 266.79 3352.53
26071-203-M6-332-00001 0.050740163773298264 6073.03 2830.61 6226.00 2829.81 6226.79 2980.97 6073.82 2981.77
26071-203-M6-332-00001 0.05018885061144829 4889.90 1532.19 5038.60 1544.41 5025.80 1700.03 4877.11 1687.81
26071-203-M6-332-00001 0.05008162930607796 265.23 6091.12 808.85 6081.11 809.90 6138.14 266.28 6148.15
26071-203-M6-079-00001 0.13885807991027832 358.13 3914.04 906.33 3915.26 906.19 3976.83 357.99 3975.61
26071-203-M6-079-00001 0.12577101588249207 350.07 2021.55 897.30 2024.19 897.00 2086.00 349.77 2083.35
26071-203-M6-079-00001 0.10208547860383987 353.76 2966.62 899.48 2971.88 898.89 3033.29 353.17 3028.04
26071-203-M6-079-00001 0.09430652856826782 353.66 4979.94 893.06 4971.39 894.05 5034.00 354.65 5042.56
26071-203-M6-079-00001 0.06840790808200836 345.31 1088.25 900.44 1072.64 902.15 1133.76 347.03 1149.37
26071-203-M6-079-00001 0.05534081906080246 355.30 5930.01 899.81 5924.09 900.45 5983.47 355.94 5989.39
26071-200-M6-052-00150 0.071308434009552 7275.50 4549.02 7430.88 4551.76 7428.03 4713.03 7272.65 4710.28
26071-200-M6-052-00150 0.05532503128051758 5810.25 5612.98 5918.40 5617.28 5908.66 5862.17 5800.51 5857.86
26071-200-M6-052-00150 0.05211622267961502 2763.04 2847.08 2915.30 2849.01 2913.30 3006.99 2761.04 3005.06
26071-200-M6-052-00150 0.05096447840332985 2164.66 1466.82 2318.39 1463.94 2321.30 1619.45 2167.58 1622.33
26071-200-M6-052-00003 0.05154385045170784 7705.20 3444.29 8253.80 3437.64 8254.59 3502.62 7705.99 3509.27
26071-700-M6-054-00013 0.051135752350091934 330.85 3447.64 895.70 3435.34 897.14 3501.38 332.29 3513.68
26071-203-M6-320-00060 0.07471641898155212 261.70 4107.15 809.87 4101.89 810.48 4164.71 262.30 4169.97
26071-203-M6-321-00225 0.2150563895702362 291.97 1797.13 842.49 1789.89 843.33 1854.01 292.81 1861.25
26071-203-M6-321-00225 0.20406010746955872 298.66 5450.03 841.43 5455.91 840.75 5518.37 297.98 5512.50
26071-203-M6-321-00225 0.06203100085258484 300.05 5684.73 833.48 5700.17 831.61 5764.94 298.18 5749.49
26071-203-M6-321-00225 0.05802352726459503 5010.18 342.43 5066.41 342.44 5066.28 871.23 5010.05 871.21
26071-700-M6-054-00036 0.1279086172580719 4467.88 1535.04 4629.13 1531.60 4632.37 1683.06 4471.11 1686.50
26071-700-M6-054-00036 0.10163458436727524 4676.53 1338.19 4775.67 1337.14 4780.15 1758.63 4681.00 1759.68
26071-700-M6-054-00036 0.06327985227108002 4586.64 4699.19 4736.26 4720.20 4709.61 4910.03 4559.99 4889.02
26071-700-M6-054-00036 0.058936405926942825 328.29 4037.45 913.49 4029.07 914.37 4090.66 329.17 4099.05
26071-700-M6-054-00036 0.05033797025680542 7680.05 2841.82 8103.89 2846.18 8103.29 2904.91 7679.45 2900.55
26071-600-M6-065-00231 0.06490921229124069 6152.24 3666.90 6302.47 3693.46 6278.28 3830.30 6128.04 3803.73
26071-600-M6-065-00231 0.05644804611802101 7594.49 5287.48 8153.16 5300.38 8151.63 5366.55 7592.97 5353.66
26071-600-M6-065-00231 0.05214593559503555 7182.21 3522.22 7299.49 3515.92 7312.47 3757.73 7195.18 3764.03
26071-203-M6-320-00008 0.15663713216781616 246.17 1171.56 797.64 1162.69 798.60 1222.69 247.13 1231.56
26071-203-M6-320-00008 0.14170339703559875 272.02 2755.35 813.98 2747.07 814.95 2810.47 272.98 2818.75
26071-203-M6-320-00008 0.12491476535797119 7696.51 2428.08 8245.55 2419.52 8246.52 2481.70 7697.48 2490.26
26071-203-M6-320-00008 0.07176686823368073 4886.25 3852.04 5001.60 3849.31 5007.04 4078.81 4891.70 4081.55
26071-203-M6-320-00008 0.05926072597503662 4179.88 3899.13 4335.82 3916.76 4318.56 4069.48 4162.62 4051.85
26071-203-M6-320-00008 0.05122348666191101 7714.55 2476.41 8264.66 2472.79 8265.16 2549.63 7715.06 2553.24
26071-500-M6-059-00116 0.07416851818561554 3579.49 2404.79 3751.00 2412.31 3742.06 2616.18 3570.55 2608.66
26071-500-M6-059-00116 0.0559387132525444 355.70 1081.49 899.32 1076.42 899.89 1138.08 356.28 1143.15
26071-500-M6-059-00116 0.05111326649785042 3085.96 4433.03 3229.87 4433.30 3229.59 4583.66 3085.68 4583.39
26071-500-M6-059-00116 0.051052626222372055 7589.30 4153.23 8160.84 4139.78 8162.34 4203.39 7590.79 4216.84
26071-550-M6-084-00026 0.0939965546131134 7482.37 6079.62 7609.80 6068.33 7627.70 6270.30 7500.27 6281.59
26071-550-M6-084-00026 0.06019306182861328 4607.96 3469.92 4723.35 3470.46 4722.20 3714.94 4606.81 3714.40
26071-203-M6-337-00007 0.09763458371162415 313.44 2782.40 841.78 2785.18 841.44 2850.60 313.10 2847.81
26071-203-M6-337-00007 0.0737282782793045 285.19 1194.11 827.28 1190.71 827.66 1251.49 285.58 1254.89
26071-203-M6-337-00007 0.06448926031589508 7611.82 2830.48 8134.20 2826.27 8134.70 2888.68 7612.33 2892.88
26071-203-M6-337-00007 0.05256306007504463 7688.50 3078.29 8138.97 3089.93 8137.25 3156.51 7686.78 3144.87
26071-200-M6-052-00090 0.07248815149068832 969.72 4542.01 1118.23 4577.32 1082.09 4729.30 933.59 4694.00
26071-200-M6-052-00090 0.06724181771278381 3982.00 4547.47 4136.14 4572.15 4111.26 4727.50 3957.12 4702.83
26071-200-M6-052-00090 0.06469941139221191 5751.63 1543.91 5905.96 1566.86 5883.57 1717.43 5729.23 1694.48
26071-200-M6-052-00090 0.06092750281095505 5474.64 4544.54 5616.58 4577.52 5582.52 4724.12 5440.58 4691.14
26071-200-M6-052-00090 0.055636171251535416 2472.07 4544.79 2606.57 4580.09 2569.18 4722.50 2434.69 4687.19
26071-200-M6-052-00090 0.05477121099829674 5228.42 3974.15 5372.72 3989.97 5356.85 4134.69 5212.56 4118.87
26071-200-M6-052-00090 0.05291997268795967 6917.23 3970.35 7063.77 3959.62 7074.96 4112.49 6928.41 4123.22
26071-200-M6-052-00090 0.050579871982336044 3010.61 1571.99 3168.49 1580.78 3160.11 1731.29 3002.23 1722.50
26071-203-M6-320-00061 0.07361225038766861 7704.89 3175.71 8263.86 3182.34 8263.15 3242.29 7704.18 3235.66
26071-600-M6-065-00037 0.13609784841537476 1182.11 5438.68 1302.85 5441.34 1298.18 5653.13 1177.45 5650.47
26071-600-M6-065-00037 0.13472186028957367 4483.15 5454.75 4607.53 5450.14 4615.15 5655.42 4490.77 5660.03
26071-600-M6-065-00037 0.0537855289876461 7597.08 5747.77 8138.98 5741.20 8139.73 5803.04 7597.83 5809.61
26071-300-M6-053-00010 0.11758439242839813 2180.36 5093.60 2300.89 5090.00 2307.17 5299.81 2186.64 5303.41
26071-300-M6-053-00010 0.0625363439321518 361.73 6027.82 909.50 6053.85 906.49 6117.10 358.73 6091.07
26071-300-M6-053-00010 0.056410666555166245 1584.71 3620.08 1739.07 3635.71 1723.01 3794.27 1568.65 3778.64
26071-300-M6-053-00010 0.054774828255176544 6292.07 2576.37 6338.03 2579.02 6336.60 2603.90 6290.64 2601.26
26071-300-M6-053-00010 0.051909588277339935 4548.73 2450.21 4707.00 2452.06 4705.26 2600.40 4547.00 2598.55
26071-203-M6-320-00042 0.08110206574201584 7695.83 2098.50 8254.17 2089.93 8255.13 2152.65 7696.79 2161.22
26071-203-M6-320-00042 0.06451387703418732 3966.73 3057.02 4109.98 3072.85 4092.75 3228.69 3949.51 3212.87
26071-200-M6-052-00540 0.20454542338848114 6426.93 736.95 6487.82 742.93 6450.55 1122.60 6389.66 1116.62
26071-200-M6-052-00540 0.19969359040260315 2418.22 729.99 2483.31 734.25 2457.49 1128.67 2392.41 1124.41
26071-200-M6-052-00540 0.19734954833984375 4522.55 1233.64 4587.88 1233.19 4590.71 1642.73 4525.38 1643.18
26071-200-M6-052-00540 0.1911344677209854 4621.37 766.95 4685.86 770.77 4662.56 1164.49 4598.06 1160.68
26071-200-M6-052-00540 0.18695028126239777 4875.35 752.30 4939.11 754.18 4927.90 1134.54 4864.14 1132.66
26071-200-M6-052-00540 0.18692293763160706 1844.79 748.21 1906.95 750.91 1890.29 1135.23 1828.12 1132.54
26071-200-M6-052-00540 0.18463432788848877 7897.13 1210.83 7959.69 1212.42 7949.32 1620.58 7886.75 1618.98
26071-200-M6-052-00540 0.18064740300178528 1167.94 747.28 1226.11 748.70 1216.11 1157.25 1157.95 1155.83
26071-200-M6-052-00540 0.1784328669309616 8080.50 5313.37 8139.10 5312.07 8147.88 5710.36 8089.28 5711.66
26071-200-M6-052-00540 0.1740810126066208 3378.65 750.28 3440.68 753.71 3419.24 1141.42 3357.22 1138.00
26071-200-M6-052-00540 0.16959062218666077 4345.78 1179.44 4405.50 1181.02 4394.39 1599.60 4334.67 1598.01
26071-200-M6-052-00540 0.16828589141368866 6635.16 5319.24 6700.37 5317.69 6709.52 5702.68 6644.31 5704.23
26071-200-M6-052-00540 0.16757558286190033 7611.22 718.92 7671.63 721.17 7656.74 1121.04 7596.33 1118.79
26071-200-M6-052-00540 0.1673947125673294 4047.97 760.53 4110.99 762.46 4099.06 1152.41 4036.04 1150.48
26071-200-M6-052-00540 0.16712796688079834 1919.91 5326.00 1981.36 5330.39 1953.67 5717.29 1892.21 5712.89
26071-200-M6-052-00540 0.16552095115184784 4241.14 739.64 4300.13 742.08 4283.18 1152.38 4224.19 1149.94
26071-200-M6-052-00540 0.164594367146492 1542.64 777.99 1607.27 780.51 1592.08 1169.55 1527.45 1167.03
26071-200-M6-052-00540 0.16393321752548218 586.27 5320.04 648.07 5321.13 641.23 5710.39 579.43 5709.30
26071-200-M6-052-00540 0.16336415708065033 3070.63 765.05 3132.22 767.85 3114.09 1167.00 3052.51 1164.20
26071-200-M6-052-00540 0.1599908173084259 3584.93 5329.55 3646.30 5328.94 3650.02 5705.39 3588.65 5706.00
26071-200-M6-052-00540 0.15943051874637604 7028.71 5326.53 7091.84 5329.83 7071.22 5725.20 7008.09 5721.91
26071-200-M6-052-00540 0.15836367011070251 6972.73 739.59 7036.80 740.10 7033.70 1131.09 6969.64 1130.58
26071-200-M6-052-00540 0.1583542376756668 2129.53 1216.43 2197.25 1219.03 2181.54 1627.69 2113.81 1625.09
26071-200-M6-052-00540 0.15824192762374878 7847.89 5309.98 7908.91 5309.47 7912.28 5709.60 7851.26 5710.12
26071-200-M6-052-00540 0.1576303094625473 7389.10 5309.84 7449.31 5306.80 7468.99 5697.01 7408.78 5700.05
26071-200-M6-052-00540 0.15702970325946808 7809.89 764.37 7873.81 768.16 7851.46 1144.92 7787.54 1141.13
26071-200-M6-052-00540 0.15665842592716217 2230.74 727.80 2290.05 732.28 2259.50 1136.21 2200.20 1131.72
26071-200-M6-052-00540 0.15650929510593414 2018.91 747.19 2081.32 745.99 2088.96 1145.81 2026.55 1147.00
26071-200-M6-052-00540 0.1562981903553009 969.54 746.36 1031.60 746.42 1031.21 1157.00 969.15 1156.94
26071-200-M6-052-00540 0.15491138398647308 4260.13 5318.04 4319.58 5318.89 4314.01 5705.01 4254.56 5704.15
26071-200-M6-052-00540 0.15397435426712036 1656.86 1167.08 1712.74 1169.56 1693.14 1611.54 1637.26 1609.06
26071-200-M6-052-00540 0.15269653499126434 6762.81 4847.54 6820.28 4851.70 6789.21 5280.58 6731.74 5276.41
26071-200-M6-052-00540 0.15265560150146484 2727.24 5317.33 2789.41 5319.37 2776.64 5706.91 2714.48 5704.86
26071-200-M6-052-00540 0.1522681564092636 3858.69 752.37 3921.00 753.87 3911.25 1159.84 3848.94 1158.34
26071-200-M6-052-00540 0.15226387977600098 7418.54 748.19 7482.05 750.80 7466.08 1139.60 7402.57 1136.99
26071-200-M6-052-00540 0.15204128623008728 3577.74 751.52 3638.38 754.13 3621.16 1153.67 3560.52 1151.06
26071-200-M6-052-00540 0.15093772113323212 1526.62 5341.79 1585.88 5341.52 1587.73 5750.27 1528.47 5750.54
26071-200-M6-052-00540 0.1502244919538498 3384.60 5331.00 3446.02 5327.61 3467.08 5709.47 3405.66 5712.86
26071-200-M6-052-00540 0.1499319225549698 1450.27 1212.64 1512.09 1209.59 1532.74 1628.10 1470.91 1631.15
26071-200-M6-052-00540 0.14842171967029572 603.08 762.59 662.09 764.65 648.46 1154.37 589.45 1152.30
26071-200-M6-052-00540 0.14803610742092133 5260.77 756.22 5325.40 757.62 5317.04 1144.38 5252.42 1142.98
26071-200-M6-052-00540 0.14786389470100403 4414.77 750.46 4476.54 748.93 4486.58 1153.04 4424.81 1154.58
26071-200-M6-052-00540 0.14673160016536713 2336.03 1219.45 2397.11 1224.09 2366.73 1623.73 2305.65 1619.08
26071-200-M6-052-00540 0.14592984318733215 1345.19 697.62 1402.37 696.81 1408.71 1143.09 1351.53 1143.91
26071-200-M6-052-00540 0.1454622596502304 3688.82 1198.85 3763.83 1205.08 3728.74 1627.13 3653.73 1620.89
26071-200-M6-052-00540 0.14524027705192566 962.78 5317.32 1023.72 5317.32 1023.73 5697.47 962.79 5697.47
26071-200-M6-052-00540 0.14514702558517456 2872.88 747.11 2935.66 747.33 2934.28 1143.17 2871.50 1142.95
26071-200-M6-052-00540 0.14482158422470093 7335.91 4856.28 7392.77 4861.70 7355.70 5250.66 7298.85 5245.24
26071-200-M6-052-00540 0.1444295197725296 7504.89 1227.96 7567.65 1229.22 7559.61 1630.57 7496.85 1629.31
26071-200-M6-052-00540 0.14431048929691315 3873.61 5313.95 3939.03 5312.81 3946.06 5716.84 3880.64 5717.98
26071-200-M6-052-00540 0.14374113082885742 4644.55 5319.61 4708.27 5322.86 4687.38 5732.00 4623.67 5728.75
26071-200-M6-052-00540 0.14245380461215973 384.79 5315.65 441.84 5315.20 445.01 5713.04 387.95 5713.49
26071-200-M6-052-00540 0.14088286459445953 6451.59 5330.19 6509.37 5330.99 6503.38 5762.92 6445.60 5762.11
26071-200-M6-052-00540 0.14078690111637115 5846.70 4847.50 5910.62 4859.20 5832.15 5287.82 5768.23 5276.11
26071-200-M6-052-00540 0.1402258425951004 5557.54 1218.83 5623.36 1220.99 5610.35 1617.67 5544.54 1615.51
26071-200-M6-052-00540 0.1401301473379135 5412.69 5344.18 5475.46 5348.70 5445.74 5761.19 5382.97 5756.67
26071-200-M6-052-00540 0.14001472294330597 2695.03 762.81 2756.51 766.89 2730.50 1158.82 2669.01 1154.74
26071-200-M6-052-00540 0.13955625891685486 7175.22 738.65 7240.42 743.43 7211.42 1139.17 7146.22 1134.39
26071-200-M6-052-00540 0.139412060379982 1287.24 1212.19 1349.86 1218.20 1311.41 1618.96 1248.79 1612.95
26071-200-M6-052-00540 0.13908742368221283 7511.11 4842.35 7571.66 4844.05 7559.93 5261.56 7499.38 5259.86
26071-200-M6-052-00540 0.13881590962409973 6713.80 1219.21 6774.56 1223.03 6748.77 1632.83 6688.02 1629.00
26071-200-M6-052-00540 0.13866274058818817 6090.52 5308.29 6150.92 5311.67 6127.88 5722.88 6067.48 5719.49
26071-200-M6-052-00540 0.13852855563163757 697.70 1216.75 759.42 1215.95 764.63 1617.41 702.90 1618.21
26071-200-M6-052-00540 0.13840846717357635 1626.76 4831.15 1690.26 4829.04 1704.47 5256.73 1640.97 5258.83
26071-200-M6-052-00540 0.13834089040756226 6020.89 729.78 6083.10 730.81 6076.52 1129.31 6014.31 1128.29
26071-200-M6-052-00540 0.13825318217277527 7222.86 5325.70 7284.48 5330.35 7252.48 5754.49 7190.86 5749.84
26071-200-M6-052-00540 0.13814346492290497 5212.59 5306.80 5275.31 5303.07 5300.04 5718.94 5237.32 5722.67
26071-200-M6-052-00540 0.13767246901988983 1322.60 5307.34 1385.27 5301.91 1421.83 5723.45 1359.17 5728.88
26071-200-M6-052-00540 0.13748939335346222 4823.03 5342.06 4882.64 5342.65 4878.59 5752.02 4818.98 5751.43
26071-200-M6-052-00540 0.137352854013443 5488.19 716.36 5549.20 726.91 5478.53 1135.73 5417.51 1125.18
26071-200-M6-052-00540 0.13699916005134583 2893.32 5311.40 2957.55 5307.57 2981.44 5708.34 2917.21 5712.17
26071-200-M6-052-00540 0.13524238765239716 6138.25 1202.88 6199.05 1207.07 6172.50 1592.28 6111.70 1588.09
26071-200-M6-052-00540 0.1351427584886551 4566.58 4846.94 4634.57 4852.18 4602.78 5264.29 4534.79 5259.05
26071-200-M6-052-00540 0.13459087908267975 5585.81 5315.06 5646.09 5316.17 5638.82 5711.88 5578.54 5710.77
26071-200-M6-052-00540 0.13306334614753723 3145.39 4845.80 3208.88 4853.10 3160.37 5274.97 3096.88 5267.67
26071-200-M6-052-00540 0.1328849196434021 3173.02 1211.74 3234.55 1213.30 3223.91 1632.06 3162.39 1630.50
26071-200-M6-052-00540 0.13239672780036926 5860.37 688.75 5919.99 697.56 5858.12 1116.56 5798.50 1107.75
26071-200-M6-052-00540 0.1306276172399521 6824.47 5327.95 6884.97 5325.60 6899.71 5705.48 6839.20 5707.82
26071-200-M6-052-00540 0.1301874816417694 6013.57 4848.74 6078.74 4854.42 6041.94 5277.36 5976.77 5271.69
26071-200-M6-052-00540 0.1300414353609085 1715.51 5334.75 1779.70 5333.14 1789.59 5727.93 1725.40 5729.54
26071-200-M6-052-00540 0.12982526421546936 5053.77 734.49 5117.57 735.13 5113.44 1143.40 5049.63 1142.75
26071-200-M6-052-00540 0.129450261592865 4941.48 4853.65 5001.80 4857.44 4976.79 5255.96 4916.47 5252.18
26071-200-M6-052-00540 0.12932243943214417 774.69 758.28 837.51 756.08 851.31 1149.56 788.48 1151.76
26071-200-M6-052-00540 0.12773685157299042 7093.04 1214.69 7153.17 1219.19 7123.18 1619.80 7063.04 1615.30
26071-200-M6-052-00540 0.1274542361497879 3335.77 4841.40 3396.89 4848.57 3347.32 5271.01 3286.21 5263.83
26071-200-M6-052-00540 0.12662748992443085 1953.41 1226.71 2015.91 1229.62 1997.30 1629.02 1934.80 1626.11
26071-200-M6-052-00540 0.12539063394069672 4143.24 1217.88 4206.38 1216.36 4216.33 1630.21 4153.19 1631.73
26071-200-M6-052-00540 0.1253189891576767 3195.67 5330.67 3257.74 5327.72 3276.36 5719.56 3214.29 5722.51
26071-200-M6-052-00540 0.12455278635025024 6382.69 4846.46 6452.45 4850.78 6426.62 5268.46 6356.86 5264.15
26071-200-M6-052-00540 0.12378744781017303 6258.41 5330.34 6320.58 5328.19 6333.94 5714.70 6271.77 5716.85
26071-200-M6-052-00540 0.12377587705850601 5013.92 5329.43 5074.51 5327.98 5083.87 5718.61 5023.28 5720.07
26071-200-M6-052-00540 0.123598113656044 1846.95 4840.11 1906.68 4847.25 1857.02 5262.35 1797.29 5255.21
26071-200-M6-052-00540 0.12331486493349075 731.79 4851.91 793.70 4862.54 719.93 5292.17 658.03 5281.54
26071-200-M6-052-00540 0.12159506231546402 901.57 1218.98 963.61 1222.53 939.81 1638.69 877.77 1635.14
26071-200-M6-052-00540 0.1213608831167221 2797.27 1222.94 2860.91 1226.35 2839.26 1630.42 2775.62 1627.01
26071-200-M6-052-00540 0.1211249902844429 3960.67 1220.68 4024.23 1221.06 4021.75 1632.70 3958.18 1632.32
26071-200-M6-052-00540 0.12030205130577087 5177.36 1201.07 5241.06 1205.41 5213.74 1606.46 5150.04 1602.12
26071-200-M6-052-00540 0.1202264353632927 2973.36 1220.54 3036.62 1219.17 3045.52 1628.91 2982.26 1630.29
26071-200-M6-052-00540 0.11957424879074097 2546.91 5332.90 2610.56 5333.76 2605.05 5741.67 2541.39 5740.81
26071-200-M6-052-00540 0.11935074627399445 1247.13 4841.79 1307.10 4838.56 1330.22 5268.70 1270.26 5271.93
26071-200-M6-052-00540 0.11780434101819992 5368.48 1228.82 5431.73 1230.21 5423.00 1628.78 5359.75 1627.39
26071-200-M6-052-00540 0.11749725043773651 7709.32 1235.15 7771.18 1235.48 7769.04 1629.18 7707.18 1628.85
26071-200-M6-052-00540 0.1171443834900856 4786.75 1224.78 4844.03 1224.98 4842.62 1625.41 4785.34 1625.21
26071-200-M6-052-00540 0.11642307043075562 4360.97 4836.87 4424.11 4836.99 4423.33 5239.44 4360.19 5239.32
26071-200-M6-052-00540 0.11568964272737503 7127.58 4829.29 7190.42 4830.12 7184.98 5242.39 7122.14 5241.56
26071-200-M6-052-00540 0.11548817157745361 4062.87 5324.95 4122.94 5323.24 4134.11 5713.95 4074.05 5715.67
26071-200-M6-052-00540 0.11547629535198212 4988.43 1213.99 5050.25 1217.77 5026.32 1608.79 4964.50 1605.01
26071-200-M6-052-00540 0.11515114456415176 6557.75 4831.27 6620.09 4831.15 6620.91 5242.35 6558.58 5242.47
26071-200-M6-052-00540 0.11448583751916885 1069.88 1223.45 1135.14 1221.10 1149.90 1629.96 1084.64 1632.32
26071-200-M6-052-00540 0.11375205218791962 4737.74 4839.04 4799.01 4838.13 4804.98 5238.48 4743.70 5239.39
26071-200-M6-052-00540 0.11261403560638428 518.82 4832.87 574.74 4836.40 547.49 5268.17 491.57 5264.64
26071-200-M6-052-00540 0.11162576079368591 5932.37 1222.94 5994.84 1223.50 5991.20 1632.51 5928.74 1631.96
26071-200-M6-052-00540 0.11125097423791885 4160.84 4839.47 4224.39 4835.75 4247.77 5235.70 4184.22 5239.41
26071-200-M6-052-00540 0.11119245737791061 1087.31 4834.21 1143.24 4838.16 1112.41 5274.25 1056.48 5270.30
26071-200-M6-052-00540 0.11111551523208618 6590.81 740.39 6654.43 740.43 6654.13 1167.11 6590.51 1167.07
26071-200-M6-052-00540 0.1107722595334053 1999.83 4846.63 2062.84 4843.03 2085.22 5234.76 2022.21 5238.36
26071-200-M6-052-00540 0.1104714646935463 6905.23 1211.83 6969.49 1217.53 6934.86 1608.15 6870.60 1602.45
26071-200-M6-052-00540 0.10971402376890182 5643.26 732.58 5710.10 734.27 5700.40 1117.26 5633.56 1115.56
26071-200-M6-052-00540 0.10941089689731598 6219.52 724.94 6281.03 725.37 6278.15 1145.87 6216.64 1145.45
26071-200-M6-052-00540 0.10900329053401947 6926.92 4834.40 6990.07 4831.58 7008.28 5240.22 6945.13 5243.03
26071-200-M6-052-00540 0.10861308127641678 3984.26 4873.62 4060.46 4874.93 4052.90 5312.56 3976.69 5311.25
26071-200-M6-052-00540 0.1082773208618164 1151.05 5337.72 1216.40 5337.14 1219.96 5736.59 1154.62 5737.17
26071-200-M6-052-00540 0.10794392973184586 5727.50 1195.46 5788.48 1191.17 5819.81 1636.75 5758.83 1641.04
26071-200-M6-052-00540 0.10637941211462021 778.19 5323.70 844.20 5326.51 826.85 5734.44 760.84 5731.63
26071-200-M6-052-00540 0.10630106925964355 4428.65 5313.25 4492.44 5308.46 4522.27 5706.07 4458.48 5710.85
26071-200-M6-052-00540 0.10505423694849014 6779.20 735.85 6843.36 735.32 6846.56 1121.69 6782.40 1122.22
26071-200-M6-052-00540 0.10458752512931824 5889.59 5305.72 5947.03 5305.96 5945.38 5707.35 5887.94 5707.12
26071-200-M6-052-00540 0.10447116941213608 904.02 4818.69 971.18 4824.81 929.58 5281.31 862.42 5275.19
26071-200-M6-052-00540 0.1023654043674469 7729.45 4838.81 7793.62 4835.99 7810.84 5228.19 7746.68 5231.01
26071-200-M6-052-00540 0.09971321374177933 6320.92 1210.22 6389.21 1212.61 6374.92 1622.29 6306.64 1619.91
26071-200-M6-052-00540 0.09901989996433258 3468.75 1227.77 3532.60 1225.93 3544.30 1632.33 3480.45 1634.17
26071-200-M6-052-00540 0.09808662533760071 3768.79 4847.77 3829.13 4843.77 3857.75 5276.35 3797.41 5280.34
26071-200-M6-052-00540 0.09757821261882782 7967.49 4838.07 8029.60 4835.93 8043.24 5232.46 7981.13 5234.60
26071-200-M6-052-00540 0.0964420884847641 6177.48 4838.16 6240.96 4837.27 6246.62 5241.30 6183.15 5242.19
26071-200-M6-052-00540 0.09453903138637543 3520.39 4825.41 3577.15 4829.29 3546.70 5274.31 3489.94 5270.43
26071-200-M6-052-00540 0.09211258590221405 6493.81 1223.28 6559.32 1218.18 6590.90 1624.22 6525.39 1629.31
26071-200-M6-052-00540 0.08819378167390823 1442.32 4837.69 1504.34 4836.80 1510.18 5242.79 1448.16 5243.68
26071-200-M6-052-00540 0.06279809027910233 5511.47 1112.01 5559.39 1111.75 5562.27 1634.57 5514.35 1634.83
26071-200-M6-052-00540 0.060714010149240494 4185.04 675.39 4231.71 675.04 4235.50 1185.81 4188.83 1186.15
26071-200-M6-052-00540 0.06056394428014755 5983.30 675.29 6029.79 675.92 6023.22 1161.86 5976.73 1161.23
26071-200-M6-052-00540 0.05870475620031357 2772.28 5313.04 2821.70 5311.18 2839.57 5786.80 2790.15 5788.65
26071-200-M6-052-00540 0.05720626562833786 6379.26 625.01 6432.74 628.96 6393.02 1166.72 6339.54 1162.77
26071-200-M6-052-00540 0.05717749521136284 4838.85 610.72 4889.83 613.39 4861.14 1162.42 4810.16 1159.75
26071-200-M6-052-00540 0.05593080818653107 6562.17 616.18 6613.56 619.09 6582.89 1160.91 6531.50 1158.00
26071-200-M6-052-00540 0.05545902997255325 3455.76 5303.38 3505.26 5303.38 3505.29 5812.25 3455.79 5812.26
26071-200-M6-052-00540 0.05514274910092354 1208.29 1082.41 1256.33 1079.96 1284.90 1639.56 1236.85 1642.01
26071-200-M6-052-00540 0.05460117384791374 6190.54 614.93 6241.50 618.76 6200.91 1158.94 6149.94 1155.11
26071-200-M6-052-00540 0.05372907593846321 248.73 6403.31 719.01 6394.38 720.05 6448.91 249.77 6457.83
26071-200-M6-052-00540 0.05338261276483536 6328.06 4823.08 6377.70 4824.28 6364.78 5357.59 6315.15 5356.39
26071-200-M6-052-00540 0.05319393053650856 1974.97 4827.16 2024.71 4828.67 2008.78 5356.28 1959.04 5354.78
26071-200-M6-052-00540 0.05260428786277771 7837.18 1095.27 7886.03 1093.50 7905.98 1645.80 7857.13 1647.56
26071-200-M6-052-00540 0.05230415239930153 7448.01 1098.15 7496.55 1096.44 7515.87 1644.34 7467.33 1646.05
26071-200-M6-052-00540 0.05230390280485153 6936.22 609.10 6986.35 611.25 6962.80 1161.28 6912.66 1159.13
26071-200-M6-052-00540 0.05190712958574295 1592.81 1088.06 1641.55 1086.72 1656.73 1637.93 1608.00 1639.27
26071-200-M6-052-00540 0.05155809223651886 3905.43 1079.25 3953.95 1077.71 3971.65 1634.88 3923.13 1636.42
26071-200-M6-052-00540 0.0513373464345932 7572.80 621.60 7624.05 625.27 7585.66 1161.49 7534.40 1157.82
26071-200-M6-052-00540 0.05091158300638199 6751.21 621.58 6802.89 624.14 6776.14 1163.25 6724.45 1160.69
26071-200-M6-052-00540 0.050782423466444016 4323.88 4827.52 4373.10 4828.86 4358.69 5359.30 4309.47 5357.97
26071-200-M6-052-00540 0.05073609575629234 1582.42 4814.64 1632.83 4813.74 1642.26 5341.20 1591.85 5342.10
26071-200-M6-052-00540 0.05034395679831505 7137.40 628.34 7189.03 632.73 7143.96 1161.84 7092.34 1157.44
26071-200-M6-052-00540 0.050330016762018204 1401.33 1082.14 1449.06 1080.49 1468.83 1653.41 1421.10 1655.06
26071-200-M6-052-00540 0.050290364772081375 3258.94 5301.80 3309.95 5301.36 3314.35 5805.22 3263.34 5805.66
26071-200-M6-052-00540 0.050171397626399994 6143.37 4826.62 6193.19 4828.00 6178.65 5354.62 6128.84 5353.24
26071-203-M6-160-00291 0.09430766850709915 4293.98 3017.74 4442.48 3066.64 4393.08 3216.66 4244.58 3167.76
26071-203-M6-160-00291 0.08489799499511719 2185.25 3335.02 2334.31 3361.21 2308.29 3509.28 2159.23 3483.08
26071-203-M6-160-00291 0.07535533607006073 5038.39 5101.43 5113.20 5100.74 5115.45 5348.15 5040.64 5348.83
26071-203-M6-160-00291 0.0681491270661354 2546.73 5101.56 2618.38 5099.28 2626.00 5338.89 2554.35 5341.17
26071-203-M6-160-00291 0.0640915110707283 2771.30 5484.44 2887.67 5477.36 2902.06 5713.85 2785.68 5720.93
26071-203-M6-160-00291 0.05822455510497093 3355.38 5078.91 3509.84 5069.14 3520.57 5238.65 3366.11 5248.42
26071-203-M6-160-00291 0.05649188905954361 2757.22 5275.92 2928.92 5297.21 2906.62 5477.01 2734.93 5455.72
26071-203-M6-160-00291 0.051692694425582886 7594.74 1010.94 8153.65 1030.84 8151.39 1094.32 7592.48 1074.41
26071-600-M6-066-00002 0.07125092297792435 6657.15 3353.55 6811.72 3368.67 6796.81 3521.20 6642.24 3506.09
26071-600-M6-066-00002 0.05676018074154854 6367.47 1670.08 6422.50 1656.88 6425.92 1671.13 6370.89 1684.32
26071-600-M6-066-00002 0.05605362355709076 295.31 2867.46 929.97 2857.45 930.94 2919.38 296.28 2929.39
26071-600-M6-066-00002 0.05077063664793968 7659.09 5215.07 8117.10 5215.95 8116.99 5274.59 7658.97 5273.72
26071-300-M6-053-00008 0.12442993372678757 349.37 2734.61 888.64 2732.01 888.93 2793.89 349.67 2796.49
26071-300-M6-053-00008 0.07045605033636093 4863.16 657.72 5010.66 669.79 4997.91 825.71 4850.41 813.65
26071-300-M6-053-00008 0.06792820990085602 347.33 1045.22 900.78 1037.46 901.66 1100.08 348.21 1107.84
26071-300-M6-053-00008 0.06777331233024597 2691.86 1377.10 2740.78 1378.59 2740.20 1397.59 2691.28 1396.09
26071-300-M6-053-00008 0.062287237495183945 4473.40 2757.35 4633.91 2752.90 4638.47 2917.17 4477.96 2921.62
26071-300-M6-053-00008 0.05158773809671402 2066.14 6294.27 2169.03 6288.30 2179.60 6470.29 2076.71 6476.26
26071-300-M6-053-00008 0.051562048494815826 2370.67 6231.10 2489.15 6203.62 2546.71 6451.74 2428.22 6479.22
26071-203-M6-060-00001 0.10360779613256454 359.17 5569.86 897.51 5567.60 897.77 5629.84 359.43 5632.09
26071-203-M6-060-00001 0.10353514552116394 344.32 4625.34 883.57 4620.20 884.15 4681.83 344.91 4686.97
26071-203-M6-060-00001 0.10289174318313599 340.86 3439.16 893.24 3435.67 893.65 3501.06 341.27 3504.55
26071-203-M6-060-00001 0.09680691361427307 2110.37 4172.89 2226.87 4172.93 2226.79 4367.79 2110.29 4367.74
26071-203-M6-060-00001 0.0770592913031578 346.76 2502.44 902.77 2493.55 903.73 2554.11 347.73 2563.01
26071-203-M6-060-00001 0.05829508602619171 7628.58 3452.46 8148.68 3433.48 8150.89 3494.16 7630.79 3513.14
26071-203-M6-060-00006 0.07604929059743881 2670.44 5459.10 2834.10 5453.80 2839.52 5621.38 2675.85 5626.67
26071-203-M6-060-00006 0.05884971097111702 3647.51 5448.67 3795.99 5448.68 3795.99 5608.14 3647.50 5608.14
26071-203-M6-325-00013 0.1548161655664444 264.12 3144.33 818.46 3145.66 818.31 3207.69 263.97 3206.37
26071-203-M6-325-00013 0.09340780973434448 3206.92 354.11 3266.86 353.48 3272.51 890.08 3212.56 890.71
26071-675-M6-068-00041 0.06891089677810669 274.96 1051.58 821.49 1037.16 823.14 1099.60 276.61 1114.02
26071-300-M6-053-00012 0.15216273069381714 4903.53 4797.65 5026.83 4802.82 5017.94 5014.88 4894.64 5009.71
26071-300-M6-053-00012 0.1209702417254448 6270.92 6422.04 6389.81 6421.87 6390.11 6631.34 6271.23 6631.51
26071-300-M6-053-00012 0.08025962859392166 4278.05 4682.23 4395.87 4681.28 4397.56 4891.18 4279.74 4892.13
26071-300-M6-053-00012 0.07082037627696991 5652.83 2270.80 5839.78 2227.49 5894.87 2465.30 5707.92 2508.61
26071-300-M6-053-00012 0.06887087225914001 6095.19 1491.19 6242.50 1520.08 6213.75 1666.66 6066.44 1637.77
26071-300-M6-053-00012 0.06468237191438675 2773.76 4841.75 2925.62 4872.58 2895.25 5022.14 2743.40 4991.31
26071-300-M6-053-00012 0.06179562583565712 5295.30 1560.57 5447.75 1583.86 5423.95 1739.66 5271.50 1716.37
26071-300-M6-053-00012 0.05904211848974228 5526.90 4682.78 5573.82 4682.65 5573.87 4699.55 5526.94 4699.67
26071-450-M6-082-00221 0.22452344000339508 352.80 4978.42 890.03 4970.83 890.92 5033.79 353.68 5041.38
26071-450-M6-082-00221 0.050842657685279846 366.50 5035.46 903.70 5027.50 904.46 5078.49 367.26 5086.45
26071-675-M6-068-00034 0.08084315061569214 305.69 4290.18 845.11 4279.64 846.32 4341.33 306.89 4351.87
26071-450-M6-082-00031 0.11427541077136993 5722.97 5093.99 5842.13 5088.90 5851.06 5298.19 5731.90 5303.28
26071-450-M6-082-00031 0.08873598277568817 347.88 1310.79 912.58 1318.51 911.72 1381.34 347.02 1373.62
26071-450-M6-082-00031 0.08460812270641327 3439.69 5122.02 3563.82 5127.30 3554.84 5338.49 3430.71 5333.21
26071-450-M6-082-00031 0.07424379140138626 2780.63 4213.69 2932.95 4228.06 2918.89 4377.13 2766.57 4362.77
26071-450-M6-082-00031 0.06855841726064682 3261.24 2455.35 3427.05 2456.82 3425.59 2621.71 3259.78 2620.24
26071-450-M6-082-00031 0.06721848994493484 348.85 2255.26 914.95 2264.28 913.95 2326.96 347.85 2317.94
26071-450-M6-082-00031 0.06481193006038666 3618.62 3248.87 3791.01 3242.75 3797.29 3419.90 3624.90 3426.02
26071-450-M6-082-00031 0.06337873637676239 4282.23 1853.68 4436.38 1866.92 4422.28 2031.22 4268.12 2017.98
26071-450-M6-082-00031 0.061037227511405945 5962.05 5102.34 6064.59 5095.20 6080.31 5321.12 5977.76 5328.25
26071-450-M6-082-00031 0.057361990213394165 7621.17 6106.90 8108.24 6108.52 8108.03 6169.63 7620.96 6168.01
26071-450-M6-082-00031 0.056394804269075394 3008.26 3257.92 3609.87 3270.34 3605.56 3479.26 3003.94 3466.84
26071-450-M6-082-00031 0.055501870810985565 7587.71 2105.70 8154.43 2081.64 8157.23 2147.65 7590.51 2171.71
26071-200-M6-062-00276 0.055430129170417786 4507.90 5583.97 4563.47 5574.29 4566.05 5589.10 4510.48 5598.78
26071-200-M6-062-00276 0.05309029296040535 1458.52 3675.47 1608.98 3678.85 1605.69 3825.15 1455.23 3821.77
26071-200-M6-062-00276 0.052011504769325256 4577.54 3295.69 4726.90 3315.45 4706.92 3466.45 4557.56 3446.69
26071-200-M6-062-00276 0.052004940807819366 7536.00 4381.46 7590.00 4368.20 7593.54 4382.63 7539.54 4395.89
26071-500-M6-059-00011 0.08901353180408478 4777.81 6429.44 4900.65 6427.73 4903.56 6637.41 4780.72 6639.11
26071-500-M6-059-00011 0.06795000284910202 6075.67 2429.97 6229.93 2431.67 6228.32 2577.73 6074.06 2576.03
26071-500-M6-059-00011 0.06028478965163231 346.04 4033.50 922.16 4034.49 922.06 4093.74 345.94 4092.75
26071-500-M6-059-00011 0.05094775930047035 373.56 3445.93 907.93 3436.68 908.96 3496.29 374.59 3505.54
26071-600-M6-065-00021 0.10185576975345612 7789.69 6480.77 7911.83 6474.02 7923.17 6679.33 7801.03 6686.08
26071-600-M6-065-00021 0.06350578367710114 7267.82 3633.42 7421.97 3657.37 7399.16 3804.24 7245.01 3780.29
26071-600-M6-065-00021 0.06254269182682037 7530.58 6467.33 7676.79 6453.14 7696.81 6659.46 7550.60 6673.65
26071-500-M6-059-00013 0.08408000320196152 5161.25 5167.53 5315.57 5158.98 5324.41 5318.56 5170.09 5327.11
26071-500-M6-059-00013 0.07439693808555603 2779.93 4729.95 2931.05 4753.14 2907.44 4907.02 2756.31 4883.83
26071-500-M6-059-00013 0.07013460993766785 7413.50 2272.94 7497.78 2278.58 7468.31 2718.80 7384.03 2713.16
26071-500-M6-059-00013 0.057352762669324875 5308.02 1752.60 5543.17 1757.72 5540.93 1860.35 5305.79 1855.23
26071-500-M6-059-00044 0.0903022438287735 7799.65 6518.72 7911.26 6506.27 7933.80 6708.42 7822.18 6720.86
26071-500-M6-059-00044 0.08745737373828888 5449.16 3965.88 5607.26 3948.16 5624.91 4105.58 5466.80 4123.31
26071-500-M6-059-00044 0.08156754821538925 1871.83 3953.51 2026.97 3943.72 2037.11 4104.55 1881.97 4114.34
26071-500-M6-059-00044 0.07000327855348587 2446.27 4564.71 2601.82 4560.26 2606.09 4709.36 2450.53 4713.81
26071-500-M6-059-00044 0.05350577086210251 6866.34 4335.67 6948.52 4318.59 7001.46 4573.21 6919.28 4590.29
26071-500-M6-059-00044 0.05253295600414276 7564.05 4558.17 7719.96 4559.15 7719.01 4710.40 7563.09 4709.41
26071-500-M6-059-00044 0.05197690427303314 3261.00 4337.93 3343.46 4305.79 3436.07 4543.37 3353.60 4575.52
26071-200-M6-052-00093 0.08027759939432144 2779.38 941.79 2927.98 976.49 2894.37 1120.43 2745.77 1085.73
26071-200-M6-052-00093 0.07452786713838577 6359.28 3316.97 6511.84 3318.11 6510.69 3471.68 6358.13 3470.54
26071-200-M6-052-00093 0.07086563855409622 3508.95 1865.74 3661.71 1875.97 3651.96 2021.54 3499.20 2011.32
26071-200-M6-052-00093 0.05336993187665939 3989.01 1421.26 4589.93 1399.34 4598.79 1642.22 3997.87 1664.14
26071-200-M6-052-00093 0.05183074623346329 6981.49 3353.02 7134.10 3367.10 7119.77 3522.37 6967.16 3508.29
26071-200-M6-052-00093 0.050191015005111694 2569.30 4234.72 2658.64 4216.55 2714.89 4493.10 2625.55 4511.27
26071-200-M6-052-00093 0.050102997571229935 3328.28 4000.29 3473.28 3958.67 3518.76 4117.15 3373.76 4158.76
26071-200-M6-052-00002 0.10838054120540619 3567.57 3119.40 3756.74 3098.14 3778.81 3294.38 3589.64 3315.64
26071-200-M6-052-00002 0.06716940551996231 7279.52 5578.83 7432.18 5584.94 7426.14 5735.77 7273.48 5729.66
26071-200-M6-052-00002 0.0577474944293499 225.57 1908.25 775.74 1906.00 775.99 1966.78 225.82 1969.03
26071-200-M6-052-00002 0.057520169764757156 2165.53 3209.76 2319.61 3203.71 2325.87 3362.78 2171.79 3368.84
26071-200-M6-052-00002 0.056779082864522934 3955.05 2129.56 4105.23 2165.95 4070.06 2311.07 3919.88 2274.67
26071-750-M6-085-00012 0.08577069640159607 2862.52 3598.69 3205.87 3670.41 3182.45 3782.56 2839.09 3710.84
26071-750-M6-085-00012 0.06801781058311462 2910.56 5052.46 3213.04 5145.08 3173.12 5275.46 2870.64 5182.84
26071-750-M6-085-00012 0.0667114183306694 4993.73 5101.27 5516.46 5101.46 5516.42 5228.04 4993.69 5227.85
26071-750-M6-085-00012 0.06054512783885002 7412.99 5050.70 7713.83 5165.05 7667.06 5288.11 7366.21 5173.76
26071-750-M6-085-00012 0.05145908519625664 7160.90 4486.64 7314.85 4488.34 7313.19 4638.88 7159.24 4637.18
26071-750-M6-085-00012 0.051326025277376175 6197.97 1546.26 6347.94 1580.27 6311.40 1741.39 6161.43 1707.38
26071-200-M6-062-00277 0.06004141643643379 5480.37 1957.79 5535.47 1971.67 5531.84 1986.06 5476.74 1972.19
26071-200-M6-062-00277 0.054661937057971954 3956.88 1958.77 4013.16 1970.76 4010.02 1985.45 3953.75 1973.46
26071-200-M6-062-00277 0.05124552175402641 3993.35 3377.74 4048.16 3389.25 4045.14 3403.63 3990.33 3392.12
26071-600-M6-065-00259 0.07169334590435028 995.40 2251.04 1142.69 2280.18 1106.05 2465.33 958.77 2436.18
26071-600-M6-066-00003 0.10513236373662949 5486.71 1822.38 5646.34 1849.21 5621.01 1999.91 5461.39 1973.08
26071-750-M6-085-00309 0.06028205528855324 385.38 2517.26 865.11 2505.67 866.53 2564.58 386.80 2576.17
