26071-200-M6-052-00001 0.05872692912817001 3068.82 3334.45 3247.35 3352.78 3224.39 3576.44 3045.86 3558.11
26071-200-M6-052-00001 0.055956900119781494 2447.10 3391.02 2973.49 3400.57 2970.19 3582.43 2443.80 3572.88
26071-500-M6-059-00017 0.05796670913696289 5787.52 3729.66 6317.14 3754.15 6308.34 3944.58 5778.72 3920.10
26071-500-M6-059-00017 0.056031543761491776 4043.55 3667.42 4327.32 3811.33 4241.93 3979.73 3958.15 3835.82
26071-500-M6-059-00017 0.055647630244493484 1871.54 3684.28 2107.89 3842.68 1996.30 4009.17 1759.96 3850.78
26071-500-M6-059-00248 0.05932452902197838 4563.84 4428.15 5114.08 4409.40 5121.89 4638.51 4571.64 4657.26
26071-700-M6-054-00246 0.0547906793653965 4313.53 3028.37 4880.79 3063.52 4867.00 3286.17 4299.73 3251.02
26071-500-M6-059-00040 0.35808268189430237 2536.15 1312.32 2592.77 1309.21 2599.90 1439.18 2543.28 1442.29
26071-500-M6-059-00040 0.09127484261989594 4193.51 5694.71 4289.54 5688.37 4294.73 5767.03 4198.70 5773.37
26071-500-M6-059-00040 0.06067745015025139 3031.29 2936.87 3129.81 2949.29 3119.61 3030.17 3021.09 3017.74
26071-750-M6-085-00286 0.06704672425985336 2962.84 1254.85 3156.59 1279.02 3136.88 1437.00 2943.14 1412.84
26071-550-M6-084-00248 0.05741654708981514 4592.12 3949.26 5106.15 3934.03 5112.71 4155.81 4598.69 4171.03
26071-203-M6-332-00008 0.07613018155097961 4959.38 3534.99 5011.24 3541.95 4996.97 3648.39 4945.10 3641.44
26071-203-M6-332-00008 0.06497058272361755 2553.92 3542.70 2607.97 3542.98 2607.44 3645.84 2553.39 3645.57
26071-203-M6-332-00008 0.05135197564959526 4568.32 3606.13 4742.29 3610.95 4736.14 3832.74 4562.17 3827.91
26071-203-M6-332-00008 0.05077388510107994 2168.67 3606.37 2342.31 3610.85 2336.60 3832.37 2162.96 3827.89
26071-200-M6-052-00080 0.057581182569265366 6478.18 3748.62 6716.46 3986.48 6590.87 4112.29 6352.59 3874.44
26071-200-M6-052-00080 0.057437360286712646 2888.57 3765.99 3336.70 3803.32 3322.40 3975.00 2874.27 3937.67
26071-200-M6-052-00080 0.05473775789141655 3749.32 5248.44 3803.58 5239.18 3817.86 5322.93 3763.60 5332.18
26071-200-M6-052-00080 0.05237279832363129 3660.67 3890.49 3845.28 3893.10 3841.79 4140.03 3657.18 4137.42
26071-200-M6-052-00080 0.05150069668889046 6186.39 3775.46 6417.32 3760.59 6440.94 4127.41 6210.01 4142.29
26071-300-M6-053-00309 0.07799908518791199 5413.28 6112.27 5508.61 6107.88 5513.73 6218.94 5418.40 6223.33
26071-300-M6-053-00309 0.0693083107471466 6139.78 4738.92 6226.85 4764.62 6204.42 4840.61 6117.35 4814.91
26071-300-M6-053-00309 0.05760139226913452 5120.90 6114.99 5210.38 6112.43 5213.52 6221.90 5124.05 6224.47
26071-300-M6-053-00309 0.056235142052173615 3321.87 3123.93 3483.71 3003.98 3687.11 3278.40 3525.27 3398.35
26071-450-M6-082-00009 0.05707573518157005 3670.33 4494.19 3857.82 4499.81 3848.68 4804.35 3661.19 4798.73
26071-200-M6-052-00552 0.06886447966098785 5248.90 4307.02 5310.78 4301.38 5321.82 4422.36 5259.94 4428.01
26071-200-M6-052-00552 0.06445188820362091 3798.34 2401.71 4254.58 2471.18 4216.17 2723.41 3759.93 2653.95
26071-750-M6-085-00007 0.9546530842781067 4741.87 4747.03 4863.34 4745.74 4864.24 4830.44 4742.77 4831.73
26071-750-M6-085-00007 0.06257057934999466 2387.04 2655.82 2499.57 2552.55 2660.87 2728.29 2548.34 2831.57
26071-750-M6-085-00007 0.05530128628015518 6693.21 6178.57 6776.43 6171.22 6788.86 6311.96 6705.63 6319.30
26071-203-M6-337-00031 0.15722967684268951 2715.94 1872.14 2918.37 1863.98 2929.41 2137.82 2726.98 2145.98
26071-203-M6-337-00031 0.11835010349750519 2715.98 2241.83 2911.87 2235.22 2921.71 2526.79 2725.82 2533.40
26071-203-M6-337-00031 0.1158292219042778 4941.06 1824.83 5014.06 1823.81 5015.77 1945.47 4942.77 1946.49
26071-203-M6-337-00031 0.11460275202989578 4936.47 1107.62 5010.24 1101.70 5020.01 1223.43 4946.24 1229.35
26071-203-M6-337-00031 0.10894324630498886 4938.01 2610.57 5010.47 2607.21 5016.17 2730.34 4943.72 2733.70
26071-203-M6-337-00031 0.09530472010374069 4952.58 2213.66 5031.97 2226.43 5014.94 2332.31 4935.55 2319.54
26071-203-M6-337-00031 0.08489624410867691 5383.13 677.98 5510.24 594.41 5660.67 823.19 5533.56 906.77
26071-203-M6-337-00031 0.07047206908464432 3659.85 586.32 4041.66 565.46 4054.36 797.91 3672.55 818.77
26071-203-M6-337-00031 0.05873130261898041 4942.68 1465.01 5009.65 1460.59 5017.96 1586.73 4950.98 1591.14
26071-203-M6-337-00031 0.056977346539497375 4942.41 2965.21 5009.41 2960.78 5017.75 3086.65 4950.74 3091.09
26071-203-M6-337-00031 0.05369057506322861 3353.67 961.04 3509.08 931.56 3539.81 1093.56 3384.40 1123.03
26071-203-M6-337-00031 0.05177728459239006 4704.84 3099.44 5132.10 3104.39 5129.77 3305.97 4702.51 3301.02
26071-203-M6-337-00031 0.050314657390117645 3550.55 1630.25 3731.67 1610.53 3756.11 1834.96 3574.98 1854.68
26071-203-M6-332-00001 0.07051101326942444 4600.04 2999.80 4754.76 3027.49 4715.55 3246.54 4560.83 3218.85
26071-203-M6-332-00001 0.0600411519408226 3376.06 3003.42 3499.64 2998.80 3508.91 3246.85 3385.33 3251.47
26071-203-M6-332-00001 0.05923991650342941 5475.29 3002.97 5598.71 2997.95 5608.70 3243.74 5485.29 3248.76
26071-203-M6-332-00001 0.05786135792732239 4734.96 2968.66 4848.45 2915.67 4967.17 3169.98 4853.68 3222.96
26071-203-M6-079-00001 0.05011632293462753 4617.78 3904.41 4719.70 3905.91 4718.79 3967.51 4616.88 3966.01
26071-200-M6-052-00150 0.12330508977174759 3465.18 1835.22 3820.23 1915.51 3769.14 2141.44 3414.08 2061.15
26071-200-M6-052-00150 0.12273608893156052 2506.26 3067.46 2622.97 3085.50 2614.59 3139.71 2497.88 3121.66
26071-200-M6-052-00150 0.11728214472532272 4479.61 3065.73 4589.57 3083.15 4581.14 3136.38 4471.18 3118.96
26071-200-M6-052-00150 0.0973442941904068 3562.69 2923.45 3792.97 2944.70 3767.74 3218.25 3537.45 3197.01
26071-200-M6-052-00150 0.09089680016040802 5514.47 5840.00 5572.38 5833.98 5585.97 5964.63 5528.06 5970.65
26071-200-M6-052-00150 0.07627201825380325 5783.91 5841.55 5959.76 5874.54 5918.79 6092.91 5742.94 6059.91
26071-200-M6-052-00150 0.05289464443922043 4460.04 5857.29 4639.97 5846.38 4653.16 6063.76 4473.23 6074.67
26071-200-M6-052-00150 0.05009278655052185 4214.48 5822.78 4272.70 5815.52 4285.85 5920.97 4227.63 5928.23
26071-200-M6-052-00003 0.9403283596038818 2782.99 4537.83 2905.11 4538.36 2904.74 4624.24 2782.63 4623.72
26071-200-M6-052-00003 0.06007495895028114 4139.05 4867.08 4322.50 4799.11 4428.41 5084.96 4244.96 5152.93
26071-600-M6-065-00231 0.10134820640087128 6682.79 1935.96 6768.81 1893.16 6825.47 2007.05 6739.44 2049.85
26071-600-M6-065-00231 0.06201062723994255 6957.55 3295.67 7436.22 3323.25 7426.45 3492.70 6947.78 3465.12
26071-600-M6-065-00231 0.05115046724677086 6036.82 3304.62 6565.92 3292.69 6568.75 3418.59 6039.66 3430.51
26071-500-M6-059-00071 0.1373569220304489 1594.34 2548.48 1681.47 2531.80 1702.49 2641.64 1615.36 2658.32
26071-500-M6-059-00071 0.12322048097848892 1848.61 1829.64 1960.10 1825.18 1964.75 1941.45 1853.26 1945.91
26071-500-M6-059-00071 0.0961354449391365 1833.66 5666.11 1930.23 5629.96 1971.26 5739.56 1874.69 5775.71
26071-500-M6-059-00071 0.08466777205467224 1336.22 1823.92 1469.36 1828.08 1465.48 1952.24 1332.35 1948.08
26071-500-M6-059-00071 0.08278727531433105 1336.23 5637.42 1467.16 5644.12 1460.80 5768.35 1329.86 5761.64
26071-500-M6-059-00071 0.05404194816946983 3965.95 2073.70 4100.59 2077.00 4098.83 2148.82 3964.18 2145.52
26071-203-M6-320-00008 0.07442424446344376 2446.93 4183.11 2638.81 4183.48 2638.37 4413.84 2446.49 4413.48
26071-203-M6-320-00008 0.05711035430431366 4902.89 4061.54 5056.26 4090.69 5015.97 4302.62 4862.61 4273.46
26071-500-M6-059-00116 0.08313662558794022 5095.95 1338.49 5173.00 1336.58 5174.96 1415.72 5097.91 1417.63
26071-500-M6-059-00116 0.07497227936983109 6622.25 2333.67 6810.01 2336.87 6807.43 2488.24 6619.67 2485.03
26071-500-M6-059-00116 0.07372727990150452 3176.28 4610.90 3305.31 4616.50 3302.11 4690.19 3173.08 4684.60
26071-500-M6-059-00116 0.058312755078077316 3880.43 4063.11 4488.15 4084.69 4481.29 4277.70 3873.57 4256.12
26071-500-M6-059-00116 0.05550271272659302 5753.90 5562.26 5858.27 5583.83 5844.55 5650.18 5740.18 5628.60
26071-550-M6-084-00026 0.22250980138778687 7228.26 3462.62 7345.27 3471.86 7340.44 3533.08 7223.42 3523.84
26071-550-M6-084-00026 0.1022723987698555 7216.69 3313.50 7346.43 3327.72 7338.92 3396.17 7209.19 3381.95
26071-550-M6-084-00026 0.07742877304553986 4182.15 3406.63 4285.79 3415.88 4278.30 3499.81 4174.66 3490.56
26071-550-M6-084-00026 0.06155119836330414 1818.37 3411.22 1925.85 3416.49 1921.78 3499.34 1814.31 3494.07
26071-550-M6-084-00026 0.059527866542339325 7323.74 3465.43 7439.00 3466.45 7438.46 3527.17 7323.20 3526.15
26071-550-M6-084-00026 0.05592609941959381 6470.29 5675.13 6547.80 5638.16 6603.55 5755.04 6526.03 5792.01
26071-203-M6-337-00007 0.1188822016119957 4330.59 1395.89 4407.90 1399.13 4403.04 1514.81 4325.74 1511.57
26071-203-M6-337-00007 0.10452326387166977 4336.89 4090.93 4410.98 4094.03 4405.74 4219.25 4331.66 4216.15
26071-200-M6-052-00090 0.25197985768318176 8126.60 3613.21 8187.86 3625.14 8169.72 3718.33 8108.45 3706.40
26071-200-M6-052-00090 0.23121528327465057 8121.15 3808.92 8183.81 3819.34 8168.89 3909.08 8106.23 3898.67
26071-200-M6-052-00090 0.22614650428295135 2547.40 6518.51 2670.39 6519.07 2670.06 6589.79 2547.08 6589.23
26071-200-M6-052-00090 0.2085864394903183 6406.60 5053.42 6523.31 5052.03 6524.15 5122.33 6407.44 5123.73
26071-200-M6-052-00090 0.16555072367191315 3396.26 1240.21 3455.81 1244.82 3447.48 1352.36 3387.93 1347.75
26071-200-M6-052-00090 0.1231321319937706 6404.36 5224.40 6461.23 5219.87 6468.69 5313.47 6411.82 5318.00
26071-200-M6-052-00090 0.10468494147062302 6367.77 2930.50 6484.96 2920.36 6490.50 2984.43 6373.31 2994.57
26071-200-M6-052-00090 0.10237773507833481 3846.04 6043.23 3953.88 6043.16 3953.91 6099.50 3846.07 6099.57
26071-200-M6-052-00090 0.09450177103281021 6429.44 2727.39 6526.15 2792.15 6497.11 2835.51 6400.40 2770.76
26071-200-M6-052-00090 0.07326827943325043 3605.94 3410.30 3713.37 3421.67 3700.21 3545.94 3592.78 3534.56
26071-200-M6-052-00090 0.06738193333148956 2992.65 6041.25 3091.07 6033.20 3096.23 6096.26 2997.80 6104.31
26071-200-M6-052-00090 0.06073179468512535 3655.74 6043.08 3768.28 6044.45 3767.59 6101.10 3655.06 6099.74
26071-200-M6-052-00090 0.06032342463731766 3126.00 4010.56 3216.29 4010.37 3216.54 4126.79 3126.25 4126.99
26071-200-M6-052-00090 0.058714400976896286 2478.41 3306.86 3046.70 3377.02 3024.24 3558.95 2455.95 3488.78
26071-200-M6-052-00090 0.05528467521071434 3426.67 1090.33 3535.03 1126.34 3516.24 1182.88 3407.88 1146.86
26071-200-M6-052-00090 0.052995700389146805 5582.42 3351.97 6061.22 3353.58 6060.62 3532.12 5581.82 3530.51
26071-200-M6-052-00090 0.05295310914516449 6141.92 4004.81 6207.37 4005.47 6206.15 4126.96 6140.69 4126.30
26071-200-M6-052-00090 0.05202865228056908 3193.97 6045.09 3288.56 6043.32 3289.73 6106.07 3195.14 6107.84
26071-203-M6-320-00061 0.12255176901817322 959.15 3630.19 1151.37 3707.87 1094.09 3849.61 901.88 3771.93
26071-203-M6-320-00061 0.0788298100233078 959.51 3961.58 1149.71 4021.65 1107.06 4156.73 916.86 4096.66
26071-600-M6-065-00037 0.12376829236745834 5211.29 4581.19 5317.61 4586.90 5311.01 4709.90 5204.69 4704.19
26071-600-M6-065-00037 0.11970999836921692 1898.90 4580.87 2013.38 4586.73 2007.02 4711.16 1892.53 4705.30
26071-600-M6-065-00037 0.0718061551451683 6016.57 2202.77 6149.88 2196.00 6153.89 2274.89 6020.58 2281.66
26071-600-M6-065-00037 0.06452889740467072 2585.79 2082.34 2713.53 2081.45 2714.02 2152.99 2586.29 2153.87
26071-300-M6-053-00010 0.05909458547830582 1910.53 4311.63 2052.20 4336.29 2018.46 4530.11 1876.79 4505.46
26071-300-M6-053-00010 0.05417151376605034 2619.33 4380.68 2781.54 4322.42 2839.73 4484.46 2677.52 4542.71
26071-300-M6-053-00010 0.053851429373025894 6101.39 2591.64 6252.59 2578.04 6261.99 2682.63 6110.80 2696.23
26071-300-M6-053-00010 0.05190718546509743 1977.53 4319.77 2442.57 4305.82 2448.76 4512.11 1983.72 4526.06
26071-203-M6-160-00291 0.08791477978229523 2547.34 5203.62 2618.36 5198.63 2628.28 5339.79 2557.25 5344.77
26071-203-M6-160-00291 0.07401305437088013 3086.46 2164.33 3260.47 2279.37 3184.68 2393.99 3010.68 2278.95
26071-203-M6-160-00291 0.06930770725011826 5615.88 1648.23 5671.39 1641.04 5682.97 1730.47 5627.46 1737.66
26071-600-M6-066-00002 0.08821209520101547 4192.34 3753.44 4270.13 3730.92 4296.08 3820.56 4218.30 3843.09
26071-200-M6-063-00010 0.06602440029382706 2370.61 3966.97 2548.72 3936.95 2586.05 4158.41 2407.94 4188.43
26071-203-M6-060-00006 0.06662191450595856 2953.98 4231.56 3113.38 4125.44 3255.24 4338.53 3095.84 4444.65
26071-203-M6-060-00006 0.06326267123222351 3377.15 4151.22 3754.85 4254.65 3702.82 4444.65 3325.12 4341.22
26071-203-M6-060-00006 0.05187809467315674 2755.78 4159.41 3106.50 4285.26 3035.89 4482.03 2685.17 4356.18
26071-203-M6-325-00013 0.14487265050411224 6042.38 2427.34 6257.99 2440.87 6247.51 2607.78 6031.91 2594.25
26071-203-M6-325-00013 0.09049183875322342 6078.73 1843.20 6270.82 1840.79 6272.67 1988.25 6080.58 1990.66
26071-300-M6-053-00012 0.9520073533058167 5029.79 3405.01 5152.93 3400.61 5155.89 3483.21 5032.74 3487.61
26071-300-M6-053-00012 0.17971332371234894 3919.30 5674.61 4106.83 5676.44 4104.90 5873.66 3917.37 5871.83
26071-300-M6-053-00012 0.14921581745147705 5808.14 5663.86 5987.31 5656.81 5995.56 5866.49 5816.39 5873.54
26071-300-M6-053-00012 0.08797625452280045 6115.26 1027.93 6192.09 1029.87 6188.40 1176.36 6111.57 1174.43
26071-300-M6-053-00012 0.061737868934869766 4248.37 3720.21 4438.35 3700.25 4465.17 3955.44 4275.19 3975.40
26071-300-M6-053-00012 0.05594979226589203 5128.11 2272.35 5669.27 2261.83 5673.21 2464.44 5132.05 2474.97
26071-675-M6-068-00034 0.06410200893878937 3391.31 4868.77 3868.94 4817.88 3886.01 4978.12 3408.38 5029.01
26071-450-M6-082-00031 0.13302205502986908 5377.06 4917.55 5512.02 4926.48 5506.97 5002.83 5372.01 4993.90
26071-450-M6-082-00031 0.08374113589525223 2898.98 4934.52 3035.46 4928.95 3038.66 5007.52 2902.19 5013.09
26071-200-M6-062-00276 0.9559512734413147 2391.56 4594.92 2513.44 4597.99 2511.36 4680.38 2389.49 4677.31
26071-600-M6-065-00021 0.9405404925346375 2853.08 2904.38 2973.45 2907.60 2971.21 2991.40 2850.84 2988.17
26071-600-M6-065-00021 0.9259395599365234 5375.15 2915.89 5495.13 2920.37 5492.02 3003.69 5372.04 2999.22
26071-600-M6-065-00021 0.11378970742225647 3458.79 5356.77 3654.65 5353.96 3657.79 5573.31 3461.94 5576.11
26071-600-M6-065-00021 0.10478251427412033 5197.42 5356.12 5391.93 5355.27 5392.89 5574.75 5198.38 5575.60
26071-600-M6-065-00021 0.08155675232410431 2242.53 1490.41 2535.47 1464.36 2546.42 1587.50 2253.49 1613.55
26071-500-M6-059-00013 0.05639396607875824 5712.68 1916.72 5808.16 1899.04 5832.85 2032.37 5737.37 2050.05
26071-500-M6-059-00013 0.05324198678135872 2878.58 4893.75 3316.12 4882.81 3321.90 5114.19 2884.36 5125.13
26071-500-M6-059-00044 0.43693405389785767 3116.03 1981.98 3221.53 2008.56 3201.97 2086.20 3096.47 2059.62
26071-500-M6-059-00044 0.3470524549484253 2514.01 1990.17 2629.14 1999.67 2622.65 2078.35 2507.52 2068.86
26071-500-M6-059-00044 0.31414130330085754 1458.88 1994.56 1573.20 1993.84 1573.69 2071.22 1459.37 2071.94
26071-500-M6-059-00044 0.15358328819274902 1245.71 3637.83 1314.03 3583.41 1380.11 3666.37 1311.79 3720.79
26071-500-M6-059-00044 0.07725933194160461 1781.22 4472.29 1847.76 4466.15 1858.18 4578.99 1791.64 4585.14
26071-500-M6-059-00044 0.06813790649175644 1036.56 6376.34 1086.35 6352.45 1124.94 6432.87 1075.15 6456.76
26071-500-M6-059-00044 0.06697054207324982 5372.94 4353.84 5434.97 4343.07 5455.95 4463.93 5393.91 4474.70
26071-500-M6-059-00044 0.06591857224702835 4642.84 1200.83 4721.30 1196.77 4728.17 1329.45 4649.70 1333.51
26071-500-M6-059-00044 0.058271970599889755 6460.69 4970.56 6523.85 4975.08 6515.34 5093.97 6452.18 5089.45
26071-200-M6-052-00093 0.09818542003631592 3873.48 1475.36 4070.63 1462.41 4084.34 1671.16 3887.18 1684.11
26071-200-M6-052-00093 0.06909539550542831 3854.28 3830.72 4040.16 3801.52 4076.00 4029.63 3890.12 4058.83
26071-200-M6-052-00093 0.06192922592163086 3942.40 4511.65 4459.92 4508.81 4460.78 4665.77 3943.26 4668.61
26071-200-M6-052-00093 0.05992280691862106 3847.52 2262.05 4022.52 2204.31 4092.92 2417.65 3917.92 2475.39
26071-200-M6-052-00093 0.05097154900431633 1830.57 3418.77 1936.79 3413.16 1943.53 3540.70 1837.30 3546.31
26071-200-M6-052-00002 0.08165641874074936 2845.54 3120.57 2980.05 3085.02 3016.70 3223.70 2882.19 3259.25
26071-675-M6-068-10002 0.05897083505988121 3725.93 3733.53 3814.02 3764.44 3786.83 3841.92 3698.74 3811.00
26071-675-M6-068-10002 0.057372238487005234 2159.45 4417.39 2758.49 4416.03 2758.97 4625.54 2159.93 4626.90
26071-675-M6-068-10002 0.051003944128751755 3412.36 4430.66 3985.85 4415.43 3991.38 4623.61 3417.88 4638.83
26071-750-M6-085-00012 0.10134188830852509 5032.84 5099.37 5229.09 5167.55 5192.92 5271.64 4996.68 5203.46
26071-750-M6-085-00012 0.09832057356834412 7938.54 2389.00 8010.24 2388.77 8010.52 2473.71 7938.82 2473.94
26071-750-M6-085-00012 0.09529033303260803 4977.27 3757.35 5445.05 3790.08 5435.38 3928.34 4967.59 3895.61
26071-750-M6-085-00012 0.09433312714099884 7223.48 5088.67 7442.50 5171.69 7399.68 5284.66 7180.66 5201.65
26071-750-M6-085-00012 0.09122158586978912 3070.58 3579.79 3253.73 3720.50 3189.21 3804.48 3006.06 3663.78
26071-750-M6-085-00012 0.07060448080301285 2996.48 5107.57 3074.70 5039.01 3236.73 5223.89 3158.50 5292.45
26071-750-M6-085-00012 0.06832250952720642 2765.34 3617.29 2997.92 3768.88 2927.96 3876.21 2695.39 3724.62
26071-750-M6-085-00012 0.06693242490291595 7511.64 5081.95 7636.55 5041.54 7712.20 5275.38 7587.29 5315.79
26071-750-M6-085-00012 0.06386689096689224 2722.45 5105.46 2922.91 5159.21 2895.40 5261.83 2694.94 5208.07
26071-750-M6-085-00012 0.060330282896757126 7271.04 3728.03 7477.75 3905.26 7395.40 4001.31 7188.69 3824.08
26071-200-M6-052-00544 0.9121211767196655 2952.54 3918.85 3041.57 3918.85 3041.57 4039.58 2952.54 4039.58
26071-200-M6-052-00544 0.05088663846254349 5987.44 5360.93 6118.38 5406.42 6093.14 5479.06 5962.21 5433.57
26071-600-M6-066-00003 0.08151094615459442 2365.97 5205.60 2497.18 5212.06 2493.56 5285.69 2362.35 5279.23
26071-600-M6-066-00003 0.0637182667851448 7792.03 5218.51 7845.73 5237.65 7819.18 5312.15 7765.48 5293.01
26071-750-M6-085-00309 0.08891113847494125 2953.40 3593.55 3132.93 3623.98 3097.33 3834.03 2917.80 3803.61
26071-750-M6-085-00309 0.05013652890920639 5798.51 3127.34 5928.32 3171.41 5909.75 3226.11 5779.94 3182.04
