26071-200-M6-052-00001 0.06332537531852722 3079.91 3597.00 3211.57 3594.68 3212.14 3626.56 3080.47 3628.88
26071-200-M6-052-00001 0.05635887384414673 3441.77 2854.03 3525.84 2852.12 3526.59 2885.00 3442.51 2886.91
26071-200-M6-052-00001 0.05154276266694069 4893.73 5691.51 4970.83 5696.45 4961.90 5835.67 4884.80 5830.73
26071-200-M6-052-00001 0.05134184658527374 3877.71 3282.13 3966.13 3285.70 3961.59 3398.29 3873.17 3394.72
26071-500-M6-059-00017 0.08496285229921341 4563.90 3129.87 4659.38 3076.15 4728.14 3198.37 4632.66 3252.09
26071-500-M6-059-00017 0.08128178864717484 6378.52 1559.77 6507.40 1595.42 6469.29 1733.19 6340.41 1697.53
26071-500-M6-059-00017 0.07544039934873581 4443.86 1571.58 4561.58 1664.42 4496.02 1747.55 4378.30 1654.71
26071-500-M6-059-00017 0.07399249821901321 4251.21 1592.38 4328.19 1548.51 4423.51 1715.76 4346.53 1759.63
26071-500-M6-059-00017 0.060652460902929306 6370.52 3091.50 6494.35 3108.11 6477.64 3232.68 6353.81 3216.07
26071-600-M6-066-00012 0.15220025181770325 7135.41 1594.99 7276.44 1598.79 7272.50 1744.85 7131.47 1741.05
26071-600-M6-066-00012 0.14164255559444427 5595.07 3866.82 5746.41 3874.74 5738.40 4027.97 5587.06 4020.06
26071-200-M6-052-00539 0.06340555101633072 5204.06 930.46 5283.19 936.12 5274.34 1059.83 5195.21 1054.17
26071-200-M6-052-00539 0.05863941088318825 6382.31 6172.27 6459.86 6164.08 6475.11 6308.45 6397.56 6316.64
26071-500-M6-059-00248 0.10749173909425735 2846.39 5928.94 2918.18 5931.03 2914.10 6070.78 2842.32 6068.68
26071-500-M6-059-00248 0.08191758394241333 5074.26 4655.92 5197.91 4661.25 5196.56 4692.65 5072.91 4687.32
26071-500-M6-059-00248 0.06506142765283585 3724.53 3022.76 3811.75 3028.27 3803.15 3164.53 3715.93 3159.02
26071-700-M6-054-00246 0.07351075857877731 5251.81 2595.88 5399.09 2616.28 5378.85 2762.40 5231.57 2742.01
26071-700-M6-054-00246 0.07133840024471283 3957.60 1767.58 4049.73 1771.12 4046.00 1868.05 3953.88 1864.50
26071-500-M6-059-00040 0.32997265458106995 2536.15 1312.32 2592.77 1309.21 2599.90 1439.18 2543.28 1442.29
26071-500-M6-059-00040 0.09469916671514511 3688.69 2589.15 3805.12 2583.40 3816.72 2818.37 3700.30 2824.12
26071-500-M6-059-00040 0.09198176860809326 4186.24 2077.68 4279.28 2080.88 4274.36 2224.08 4181.32 2220.88
26071-500-M6-059-00040 0.07634246349334717 2812.58 3965.91 2900.30 3969.54 2894.23 4116.31 2806.51 4112.69
26071-500-M6-059-00040 0.06743214279413223 4112.66 3968.98 4198.58 3968.79 4198.90 4110.81 4112.98 4111.00
26071-500-M6-059-00040 0.06294481456279755 2811.68 4883.28 2928.38 4882.26 2930.49 5122.33 2813.79 5123.36
26071-750-M6-085-00286 0.06744800508022308 5035.44 3277.05 5183.21 3246.91 5232.20 3487.07 5084.43 3517.21
26071-550-M6-084-00248 0.06849980354309082 3712.65 2551.85 3799.72 2550.58 3801.79 2693.13 3714.73 2694.39
26071-550-M6-084-00248 0.05931863561272621 2795.76 4989.88 2873.09 4990.87 2871.37 5125.21 2794.05 5124.22
26071-550-M6-084-00248 0.058319151401519775 3077.17 2983.50 3142.55 2975.06 3164.66 3146.28 3099.28 3154.72
26071-203-M6-332-00008 0.09393566101789474 4602.95 3841.91 4724.02 3851.83 4705.66 4075.75 4584.59 4065.82
26071-203-M6-332-00008 0.09114670008420944 2204.10 3841.11 2325.42 3851.44 2306.38 4075.00 2185.06 4064.67
26071-203-M6-332-00008 0.05546975135803223 7015.14 3825.95 7127.68 3820.36 7139.57 4059.72 7027.03 4065.31
26071-200-M6-052-00080 0.05886368453502655 5988.24 4819.04 6137.07 4810.59 6145.87 4965.55 5997.04 4974.01
26071-200-M6-052-00080 0.056672077625989914 2638.45 5021.50 2704.21 5024.99 2699.41 5115.13 2633.66 5111.63
26071-200-M6-052-00080 0.05292477458715439 6067.15 5015.75 6139.53 5027.78 6124.87 5115.91 6052.49 5103.88
26071-300-M6-053-00309 0.20711733400821686 5506.24 4686.66 5610.30 4693.88 5598.70 4861.22 5494.63 4854.01
26071-300-M6-053-00309 0.13410787284374237 5500.88 4849.04 5609.73 4852.81 5601.88 5079.78 5493.03 5076.02
26071-300-M6-053-00309 0.12599165737628937 3929.99 3780.65 4002.17 3782.78 3999.42 3875.70 3927.24 3873.56
26071-300-M6-053-00309 0.11178342252969742 3609.95 3791.18 3679.18 3778.11 3696.59 3870.34 3627.35 3883.41
26071-300-M6-053-00309 0.10171668231487274 4324.41 2057.41 4396.32 2055.07 4399.81 2162.44 4327.90 2164.78
26071-300-M6-053-00309 0.08694964647293091 6293.29 1655.02 6360.23 1653.52 6362.35 1748.52 6295.41 1750.02
26071-300-M6-053-00309 0.08228854089975357 5866.72 2629.01 5940.55 2627.66 5943.03 2764.05 5869.21 2765.39
26071-300-M6-053-00309 0.074568010866642 2279.79 3973.51 2361.38 3969.86 2367.52 4107.21 2285.93 4110.85
26071-300-M6-053-00309 0.07019593566656113 5665.63 1656.85 5736.90 1645.38 5752.77 1743.93 5681.50 1755.40
26071-300-M6-053-00309 0.06295038014650345 5612.76 2494.13 5683.96 2463.50 5717.08 2540.47 5645.88 2571.10
26071-300-M6-053-00309 0.06201053038239479 5527.91 3972.23 5619.54 3974.18 5616.65 4110.12 5525.02 4108.18
26071-450-M6-082-00009 0.17169708013534546 4931.35 6165.59 5005.93 6164.80 5007.51 6314.08 4932.93 6314.87
26071-450-M6-082-00009 0.12512031197547913 3405.24 3616.54 3488.82 3620.62 3482.12 3757.87 3398.54 3753.79
26071-450-M6-082-00009 0.10372087359428406 3404.27 1197.31 3488.82 1199.60 3485.29 1329.99 3400.74 1327.70
26071-450-M6-082-00009 0.08487577736377716 5727.47 4878.39 5807.93 4879.00 5806.94 5009.73 5726.48 5009.12
26071-450-M6-082-00009 0.07387835532426834 3596.91 5196.01 3628.20 5194.09 3636.18 5324.71 3604.89 5326.62
26071-450-M6-082-00009 0.05134481191635132 3994.73 1671.01 4083.34 1675.42 4076.76 1807.86 3988.15 1803.46
26071-200-M6-052-00552 0.0919741615653038 5254.61 4301.08 5323.21 4308.40 5311.65 4416.77 5243.05 4409.45
26071-750-M6-085-00007 0.11015820503234863 6695.91 6165.10 6775.01 6168.52 6768.86 6310.90 6689.77 6307.49
26071-750-M6-085-00007 0.09866949170827866 1883.43 2824.72 1982.28 2827.84 1974.82 3064.20 1875.97 3061.08
26071-750-M6-085-00007 0.07937052100896835 2843.68 2805.36 3128.55 2792.56 3130.71 2840.50 2845.83 2853.31
26071-750-M6-085-00007 0.07827088981866837 1252.69 2802.04 1534.66 2797.84 1535.37 2845.54 1253.40 2849.73
26071-750-M6-085-00007 0.07772693783044815 6414.94 2550.65 6499.36 2553.57 6494.49 2694.31 6410.07 2691.39
26071-750-M6-085-00007 0.07180577516555786 5879.02 2076.29 5967.83 2076.90 5966.88 2214.53 5878.07 2213.92
26071-750-M6-085-00007 0.07000899314880371 1764.51 2784.27 2073.47 2807.65 2069.26 2863.20 1760.31 2839.83
26071-750-M6-085-00007 0.06291649490594864 2934.33 2819.60 3054.76 2827.49 3039.72 3057.09 2919.29 3049.20
26071-750-M6-085-00007 0.0595962218940258 2797.95 1384.00 2876.69 1387.78 2870.05 1526.33 2791.30 1522.56
26071-750-M6-085-00007 0.054694607853889465 1321.52 2842.41 1435.69 2824.90 1469.52 3045.52 1355.35 3063.03
26071-750-M6-085-00007 0.0522802509367466 3364.38 2796.50 3669.58 2800.83 3668.86 2851.84 3363.65 2847.50
26071-203-M6-337-00031 0.10692379623651505 3323.70 894.05 3482.18 913.49 3475.26 969.97 3316.78 950.53
26071-203-M6-337-00031 0.10326676815748215 4943.15 1819.94 5020.13 1825.34 5011.61 1946.83 4934.62 1941.43
26071-203-M6-337-00031 0.08931755274534225 4950.02 2211.18 5031.55 2225.15 5013.22 2332.14 4931.69 2318.17
26071-203-M6-337-00031 0.08895448595285416 3966.81 2120.85 4028.83 2117.67 4037.01 2277.17 3974.99 2280.35
26071-203-M6-337-00031 0.08784353733062744 4951.28 1102.58 5022.47 1111.46 5007.65 1230.29 4936.46 1221.41
26071-203-M6-337-00031 0.08747172355651855 4953.96 2602.56 5024.34 2614.76 5003.54 2734.69 4933.16 2722.48
26071-203-M6-337-00031 0.07181648910045624 4819.16 464.85 4878.61 466.87 4872.93 634.60 4813.48 632.58
26071-203-M6-337-00031 0.06766050308942795 3353.67 961.04 3509.08 931.56 3539.81 1093.56 3384.40 1123.03
26071-203-M6-337-00031 0.056657880544662476 3971.30 961.76 4133.55 964.34 4132.60 1024.09 3970.35 1021.51
26071-203-M6-337-00031 0.05577589571475983 2009.48 2450.85 2073.55 2454.34 2064.64 2617.76 2000.58 2614.27
26071-203-M6-332-00001 0.13653303682804108 4289.33 2744.95 4410.89 2747.22 4406.49 2982.63 4284.93 2980.36
26071-203-M6-332-00001 0.0652911588549614 5970.36 2735.91 6084.06 2734.47 6087.12 2975.36 5973.43 2976.81
26071-203-M6-332-00001 0.06431508809328079 3871.02 2735.97 3984.42 2735.04 3986.40 2975.92 3873.00 2976.85
26071-203-M6-332-00001 0.05914014205336571 2695.75 1363.31 2848.43 1397.28 2816.27 1541.80 2663.59 1507.83
26071-200-M6-052-00150 0.10522741079330444 2822.02 1169.67 2884.78 1167.59 2890.53 1341.84 2827.77 1343.91
26071-200-M6-052-00150 0.08085402846336365 2953.82 2616.93 3214.58 2605.26 3217.66 2674.13 2956.91 2685.80
26071-200-M6-052-00150 0.07595889270305634 5807.72 5634.12 5929.37 5644.33 5909.75 5877.89 5788.11 5867.67
26071-200-M6-052-00003 0.09386622160673141 6106.62 1209.64 6181.09 1211.64 6177.50 1345.44 6103.02 1343.44
26071-200-M6-052-00003 0.09350834786891937 1609.82 2381.99 1671.15 2374.13 1691.00 2529.10 1629.67 2536.95
26071-200-M6-052-00003 0.07822354137897491 6099.36 1990.64 6176.96 1986.84 6183.88 2128.42 6106.28 2132.21
26071-200-M6-052-00003 0.06101924926042557 5842.79 4485.42 5878.06 4488.27 5870.37 4583.45 5835.09 4580.60
26071-200-M6-052-00003 0.06070629134774208 5166.66 2499.23 5249.29 2490.50 5263.59 2625.90 5180.96 2634.63
26071-700-M6-054-00036 0.13023768365383148 4319.27 4895.73 4464.70 4942.32 4414.56 5098.83 4269.13 5052.24
26071-700-M6-054-00036 0.1033954843878746 4622.08 5255.68 4694.57 5263.10 4684.81 5358.51 4612.31 5351.09
26071-700-M6-054-00036 0.082955501973629 6102.39 5417.71 6180.04 5415.37 6184.15 5552.20 6106.50 5554.53
26071-700-M6-054-00036 0.06448644399642944 4373.43 4473.27 4464.41 4475.27 4461.93 4588.30 4370.95 4586.31
26071-700-M6-054-00036 0.05372890457510948 4127.89 2196.49 4209.96 2198.84 4206.04 2335.39 4123.97 2333.04
26071-203-M6-320-00044 0.0766616240143776 5218.31 3275.50 5309.71 3286.97 5294.28 3409.98 5202.88 3398.51
26071-600-M6-065-00231 0.12566427886486053 6665.03 3519.62 6778.86 3519.08 6779.95 3750.02 6666.13 3750.57
26071-600-M6-065-00231 0.10302834957838058 6682.79 1935.96 6768.81 1893.16 6825.47 2007.05 6739.44 2049.85
26071-600-M6-065-00231 0.09912096709012985 7161.30 3521.09 7291.27 3500.22 7329.57 3738.76 7199.60 3759.63
26071-600-M6-065-00231 0.07511391490697861 6700.40 1463.74 6808.55 1451.95 6825.37 1606.19 6717.22 1617.99
26071-600-M6-065-00231 0.06430874764919281 7148.22 3480.46 7399.40 3510.88 7393.62 3558.58 7142.44 3528.16
26071-600-M6-065-00231 0.05613955855369568 3281.61 1555.69 3371.65 1549.43 3380.98 1683.58 3290.94 1689.85
26071-600-M6-065-00231 0.05390869081020355 6592.96 3492.55 6864.28 3498.66 6863.13 3549.61 6591.81 3543.50
26071-500-M6-059-00071 0.19286327064037323 5517.87 3857.07 5594.01 3854.41 5599.04 3998.23 5522.90 4000.89
26071-500-M6-059-00071 0.13221608102321625 1483.76 5236.30 1658.61 5239.79 1657.33 5303.63 1482.49 5300.14
26071-500-M6-059-00071 0.11135600507259369 3462.32 3264.82 3544.87 3266.68 3541.89 3399.14 3459.34 3397.29
26071-500-M6-059-00071 0.07118385285139084 6104.18 2630.47 6181.72 2631.25 6180.35 2766.38 6102.82 2765.60
26071-500-M6-059-00071 0.07104046642780304 1485.65 4562.63 1655.38 4563.24 1655.15 4627.56 1485.42 4626.96
26071-500-M6-059-00071 0.059654757380485535 2930.61 2783.43 3015.56 2784.96 3012.90 2932.54 2927.95 2931.01
26071-203-M6-320-00008 0.09054910391569138 4891.55 3839.81 5011.44 3845.32 5000.75 4077.63 4880.86 4072.12
26071-203-M6-320-00008 0.06006048247218132 2460.72 3913.07 2591.07 3915.01 2587.53 4152.93 2457.18 4151.00
26071-203-M6-320-00008 0.05554002523422241 5867.99 5079.85 5900.19 5078.70 5904.51 5199.71 5872.31 5200.86
26071-500-M6-059-00116 0.07576756924390793 3175.83 4611.04 3311.79 4617.12 3308.43 4692.20 3172.47 4686.12
26071-550-M6-084-00026 0.07077085971832275 5870.79 4256.93 5962.64 4265.46 5947.50 4428.39 5855.65 4419.85
26071-550-M6-084-00026 0.06375333666801453 4882.73 2840.30 4944.40 2839.82 4945.16 2936.98 4883.49 2937.46
26071-550-M6-084-00026 0.060573723167181015 4605.13 3471.42 4727.27 3473.34 4723.56 3708.98 4601.42 3707.06
26071-550-M6-084-00026 0.05617298185825348 2520.78 2835.40 2582.80 2846.58 2565.75 2941.11 2503.73 2929.92
26071-550-M6-084-00026 0.052005115896463394 6375.66 2852.98 6444.28 2851.69 6446.64 2976.67 6378.01 2977.97
26071-550-M6-084-00026 0.0504271499812603 2787.57 2547.06 2862.43 2552.75 2851.23 2700.01 2776.38 2694.32
26071-203-M6-337-00007 0.5264164209365845 3227.63 5345.61 3302.01 5345.23 3302.88 5515.37 3228.50 5515.75
26071-203-M6-337-00007 0.503665030002594 3227.04 2645.21 3301.85 2644.60 3303.23 2814.32 3228.42 2814.94
26071-203-M6-337-00007 0.48954060673713684 5226.21 5634.66 5301.97 5636.85 5296.67 5819.56 5220.91 5817.36
26071-203-M6-337-00007 0.4818645119667053 5232.75 2939.80 5307.92 2942.01 5302.74 3118.13 5227.57 3115.92
26071-203-M6-337-00007 0.135261669754982 4335.33 4094.44 4417.66 4101.29 4407.86 4219.06 4325.53 4212.21
26071-203-M6-337-00007 0.1251063048839569 4330.59 1395.89 4407.90 1399.13 4403.04 1514.81 4325.74 1511.57
26071-200-M6-052-00090 0.12812508642673492 5215.49 4371.11 5288.17 4366.54 5293.91 4457.89 5221.23 4462.46
26071-200-M6-052-00090 0.11372797191143036 4604.10 4693.87 4682.94 4693.56 4683.48 4832.37 4604.64 4832.68
26071-200-M6-052-00090 0.09831308573484421 5675.61 2414.84 5754.85 2415.03 5754.55 2537.02 5675.31 2536.82
26071-200-M6-052-00090 0.08334433287382126 1599.04 4692.57 1676.43 4696.32 1669.77 4833.73 1592.37 4829.98
26071-200-M6-052-00090 0.08233430981636047 6072.16 5237.00 6152.35 5200.88 6207.83 5324.04 6127.63 5360.16
26071-200-M6-052-00090 0.07137952744960785 2653.97 2378.25 2743.97 2380.40 2740.41 2529.92 2650.41 2527.78
26071-200-M6-052-00090 0.06806214898824692 2201.84 4378.37 2269.03 4365.90 2285.60 4455.17 2218.42 4467.64
26071-200-M6-052-00090 0.058655012398958206 4005.00 5946.46 4098.03 5947.03 4097.83 5979.13 4004.80 5978.56
26071-203-M6-320-00061 0.05299889296293259 571.10 4048.57 662.76 4056.23 658.92 4102.16 567.26 4094.50
26071-600-M6-065-00037 0.10218065232038498 7444.17 4979.52 7613.20 4976.40 7614.30 5035.58 7445.26 5038.70
26071-600-M6-065-00037 0.08794981241226196 4134.98 6157.76 4298.74 6160.64 4297.69 6220.26 4133.93 6217.38
26071-600-M6-065-00037 0.08521702885627747 6113.66 3156.87 6207.44 3155.31 6207.96 3186.58 6114.18 3188.15
26071-600-M6-065-00037 0.061220914125442505 2585.79 2082.34 2713.53 2081.45 2714.02 2152.99 2586.29 2153.87
26071-600-M6-065-00037 0.05548996478319168 4351.36 6358.17 4408.71 6349.21 4424.17 6448.25 4366.83 6457.20
26071-600-M6-065-00037 0.05034449324011803 5675.68 3122.08 5738.18 3111.97 5754.76 3214.46 5692.27 3224.57
26071-300-M6-053-00010 0.11883457750082016 5221.60 2479.10 5283.44 2478.00 5286.34 2640.49 5224.49 2641.59
26071-300-M6-053-00010 0.09122543781995773 4927.68 2478.12 4989.88 2478.41 4989.11 2641.88 4926.91 2641.58
26071-300-M6-053-00010 0.08741776645183563 6926.90 1452.61 7003.50 1449.29 7009.41 1585.80 6932.81 1589.12
26071-300-M6-053-00010 0.07427533715963364 4051.23 3097.57 4132.47 3094.60 4137.55 3233.70 4056.32 3236.67
26071-300-M6-053-00010 0.06040478125214577 4768.23 5959.29 4847.89 5935.31 4888.48 6070.12 4808.82 6094.10
26071-203-M6-320-00042 0.054753538221120834 3141.14 2643.54 3223.18 2648.59 3216.39 2759.01 3134.35 2753.96
26071-203-M6-160-00291 0.10128138214349747 2530.01 5102.20 2589.80 5095.22 2618.51 5341.18 2558.72 5348.16
26071-203-M6-160-00291 0.0980411171913147 4270.93 3041.31 4423.14 3051.97 4412.62 3202.07 4260.41 3191.41
26071-203-M6-160-00291 0.08912292122840881 1786.35 2150.72 1860.06 2153.65 1854.81 2285.69 1781.11 2282.76
26071-203-M6-160-00291 0.07588479667901993 1788.24 1383.71 1859.81 1387.14 1853.35 1521.74 1781.78 1518.31
26071-203-M6-160-00291 0.06947959959506989 5596.23 1632.90 5674.98 1626.32 5684.83 1744.16 5606.08 1750.75
26071-203-M6-160-00291 0.06716808676719666 1479.25 3008.27 1561.15 3009.15 1559.79 3136.46 1477.90 3135.59
26071-203-M6-160-00291 0.06442049145698547 2788.86 5494.60 2916.11 5508.45 2893.58 5715.53 2766.33 5701.68
26071-203-M6-160-00291 0.05675957724452019 5559.12 5033.96 5642.86 5028.37 5655.90 5223.52 5572.16 5229.12
26071-600-M6-066-00002 0.1410178542137146 4198.13 2736.08 4270.44 2704.86 4306.89 2789.29 4234.58 2820.51
26071-600-M6-066-00002 0.12772148847579956 4193.23 3778.28 4255.44 3729.58 4311.88 3801.69 4249.67 3850.39
26071-600-M6-066-00002 0.06066546589136124 4272.29 2721.95 4419.99 2719.66 4421.15 2794.43 4273.45 2796.72
26071-203-M6-060-00001 0.05122622847557068 4345.31 1331.24 4391.08 1329.73 4394.39 1429.82 4348.61 1431.33
26071-200-M6-063-00010 0.11966881901025772 5994.06 1773.02 6057.31 1775.00 6052.27 1935.80 5989.02 1933.82
26071-200-M6-063-00010 0.061673853546381 6345.29 1778.92 6402.21 1776.33 6409.75 1941.76 6352.83 1944.35
26071-203-M6-060-00006 0.10593855381011963 6941.42 4304.66 7054.08 4299.93 7063.72 4529.63 6951.05 4534.36
26071-203-M6-060-00006 0.08310050517320633 6852.49 4278.45 7141.60 4271.66 7142.80 4323.02 6853.70 4329.81
26071-203-M6-060-00006 0.06291517615318298 6512.41 4300.27 6629.26 4303.47 6623.17 4526.19 6506.32 4522.99
26071-203-M6-060-00006 0.058566126972436905 2420.15 4259.45 2665.71 4249.12 2670.51 4363.22 2424.95 4373.55
26071-203-M6-325-00013 0.1358126401901245 3433.95 4704.87 3495.91 4706.07 3492.53 4879.60 3430.57 4878.39
26071-300-M6-053-00012 0.09491358697414398 6112.59 1031.62 6188.97 1029.92 6192.07 1168.92 6115.69 1170.62
26071-300-M6-053-00012 0.0895707830786705 6083.20 1507.97 6228.26 1517.73 6218.56 1662.00 6073.49 1652.24
26071-300-M6-053-00012 0.06245808303356171 5577.15 5685.69 5818.66 5692.79 5814.99 5817.75 5573.47 5810.65
26071-300-M6-053-00012 0.05858095362782478 7119.80 1487.57 7199.53 1485.29 7203.60 1627.73 7123.87 1630.01
26071-675-M6-068-00034 0.05564796179533005 3418.87 1068.74 3510.03 1071.67 3505.72 1205.68 3414.56 1202.75
26071-675-M6-068-00034 0.0547296404838562 5881.10 2101.98 5957.20 2109.79 5943.29 2245.39 5867.19 2237.58
26071-675-M6-068-00034 0.05182259529829025 2501.09 5716.16 2631.84 5718.95 2631.18 5749.58 2500.43 5746.79
26071-450-M6-082-00031 0.2771678566932678 5377.06 4917.55 5512.02 4926.48 5506.97 5002.83 5372.01 4993.90
26071-450-M6-082-00031 0.08084132522344589 5231.28 2299.55 5311.88 2297.50 5315.59 2442.95 5234.98 2445.00
26071-450-M6-082-00031 0.07281497865915298 2913.64 4936.46 3047.98 4931.64 3050.75 5009.06 2916.42 5013.88
26071-200-M6-062-00276 0.1563638597726822 1254.47 3911.58 1332.69 3905.74 1348.73 4120.42 1270.51 4126.27
26071-500-M6-059-00011 0.10005035251379013 3814.25 5084.16 3874.51 5031.24 3955.87 5123.89 3895.61 5176.81
26071-500-M6-059-00011 0.0865745097398758 6776.35 2788.70 6861.10 2784.47 6868.06 2923.83 6783.31 2928.06
26071-500-M6-059-00011 0.057981688529253006 6247.83 2493.74 6331.36 2490.46 6336.89 2631.01 6253.36 2634.30
26071-600-M6-065-00021 0.1267361342906952 6457.10 4495.82 6586.79 4537.44 6533.95 4702.08 6404.26 4660.46
26071-600-M6-065-00021 0.0763753354549408 4773.07 2262.76 4905.10 2265.47 4904.44 2297.46 4772.41 2294.74
26071-600-M6-065-00021 0.06801363080739975 3235.26 5399.17 3459.41 5399.03 3459.48 5513.13 3235.33 5513.27
26071-600-M6-065-00021 0.06656412035226822 4970.87 5398.77 5195.62 5399.59 5195.21 5513.38 4970.45 5512.55
26071-500-M6-059-00013 0.7432159185409546 2775.70 2916.59 2955.17 2918.62 2954.31 2994.89 2774.84 2992.85
26071-500-M6-059-00013 0.5640442371368408 4685.88 4369.72 4756.96 4368.06 4760.94 4538.92 4689.86 4540.58
26071-500-M6-059-00013 0.09455979615449905 2684.71 3470.84 2834.62 3464.14 2841.42 3616.34 2691.52 3623.04
26071-500-M6-059-00013 0.09450393915176392 5163.47 5176.94 5306.66 5160.43 5324.57 5315.74 5181.38 5332.26
26071-500-M6-059-00013 0.07152821123600006 5717.82 1909.74 5812.31 1898.58 5829.06 2040.45 5734.57 2051.61
26071-500-M6-059-00044 0.09660953283309937 4642.84 1200.83 4721.30 1196.77 4728.17 1329.45 4649.70 1333.51
26071-500-M6-059-00044 0.09300953894853592 5361.36 4339.62 5440.52 4329.85 5460.78 4494.00 5381.63 4503.77
26071-500-M6-059-00044 0.07722386717796326 5513.71 1181.66 5618.06 1178.92 5622.21 1336.97 5517.85 1339.71
26071-500-M6-059-00044 0.06456729024648666 1775.25 4443.01 1861.45 4441.49 1864.10 4591.49 1777.90 4593.01
26071-500-M6-059-00044 0.059360384941101074 3862.97 4325.81 3951.85 4317.40 3969.84 4507.73 3880.96 4516.13
26071-500-M6-059-00044 0.05818988382816315 7462.45 4335.78 7550.62 4332.51 7556.90 4502.01 7468.72 4505.28
26071-500-M6-059-00044 0.054359886795282364 6869.00 4429.79 6961.10 4418.39 6981.53 4583.54 6889.43 4594.94
26071-500-M6-059-00044 0.05098205804824829 7176.38 4058.16 7256.66 4061.23 7252.04 4181.96 7171.76 4178.89
26071-200-M6-052-00093 0.07137732952833176 6464.53 4171.81 6556.30 4171.14 6557.10 4281.09 6465.33 4281.76
26071-200-M6-052-00093 0.0671953409910202 2573.40 1830.06 2648.23 1828.35 2653.26 2047.70 2578.43 2049.41
26071-200-M6-052-00093 0.060650572180747986 2580.69 4179.95 2651.48 4183.73 2637.73 4441.43 2566.94 4437.65
26071-200-M6-052-00093 0.057418327778577805 6896.05 3453.75 6967.34 3452.52 6969.71 3590.15 6898.42 3591.38
26071-200-M6-052-00093 0.05289589241147041 2646.01 4261.57 2715.69 4261.28 2716.35 4422.16 2646.67 4422.45
26071-200-M6-052-00002 0.08702043443918228 6865.37 1260.22 6936.97 1262.75 6932.36 1393.19 6860.76 1390.66
26071-200-M6-052-00002 0.0857928916811943 5508.25 5344.15 5586.27 5340.99 5591.86 5479.18 5513.84 5482.34
26071-200-M6-052-00002 0.08187248557806015 7297.07 3878.83 7383.50 3859.17 7409.70 3974.30 7323.27 3993.97
26071-200-M6-052-00002 0.058906156569719315 1615.00 873.78 1698.85 860.25 1727.49 1037.75 1643.64 1051.28
26071-675-M6-068-10002 0.06814265996217728 4864.94 1877.32 4984.91 1927.77 4950.84 2008.80 4830.87 1958.34
26071-675-M6-068-10002 0.05410171300172806 4064.52 1873.64 4175.76 1942.28 4130.32 2015.92 4019.08 1947.28
26071-750-M6-085-00012 0.0788014605641365 6964.54 4294.61 7212.76 4295.32 7212.41 4416.19 6964.20 4415.48
26071-750-M6-085-00012 0.06549152731895447 7613.46 1541.24 7724.36 1543.72 7723.64 1576.20 7612.73 1573.72
26071-750-M6-085-00012 0.057781510055065155 7611.45 1329.80 7725.23 1326.66 7726.11 1358.76 7612.33 1361.90
26071-200-M6-052-00544 0.0668812245130539 4287.17 3950.09 4372.98 3946.87 4378.07 4082.78 4292.26 4085.99
26071-200-M6-052-00544 0.057323161512613297 1302.07 4238.72 1390.75 4223.64 1429.52 4451.59 1340.84 4466.68
26071-600-M6-066-00003 0.08139587938785553 3622.64 5366.97 3697.37 5362.98 3704.64 5499.20 3629.92 5503.19
26071-600-M6-066-00003 0.07053545862436295 5473.97 1839.41 5622.88 1839.77 5622.51 1992.58 5473.61 1992.23
26071-750-M6-085-00309 0.15557031333446503 2989.14 3630.20 3106.93 3618.06 3124.79 3791.29 3006.99 3803.43
