26071-600-M6-066-00012 0.13427932560443878 6271.62 4669.83 6326.21 4661.08 6340.61 4750.94 6286.02 4759.69
26071-600-M6-066-00012 0.05976974219083786 5405.50 5560.55 5452.17 5540.61 5480.24 5606.28 5433.57 5626.23
26071-600-M6-066-00012 0.05652710050344467 4636.41 4624.91 4697.41 4640.28 4677.15 4720.67 4616.15 4705.30
26071-600-M6-066-00012 0.05182603746652603 4927.32 5550.71 4991.97 5560.53 4984.42 5610.27 4919.77 5600.45
26071-500-M6-059-00248 0.08422158658504486 2843.72 5959.81 2896.93 5942.21 2926.53 6031.69 2873.32 6049.29
26071-203-M6-325-00012 0.07852662354707718 1592.71 2975.07 1625.07 2977.34 1617.97 3078.50 1585.61 3076.23
26071-203-M6-325-00012 0.05673142522573471 1660.00 1530.75 1704.06 1534.52 1696.41 1624.09 1652.35 1620.33
26071-500-M6-059-00040 0.1210334524512291 4129.29 5799.66 4195.71 5740.11 4228.38 5776.54 4161.95 5836.09
26071-203-M6-333-00010 0.08024895936250687 3658.62 4224.10 3751.85 4229.76 3748.95 4277.52 3655.72 4271.85
26071-203-M6-333-00010 0.07303472608327866 7380.39 3762.58 7463.08 3755.75 7466.11 3792.43 7383.42 3799.26
26071-203-M6-333-00010 0.05359272286295891 1527.75 4230.39 1621.38 4230.04 1621.56 4278.25 1527.93 4278.60
26071-203-M6-333-00010 0.05122244358062744 3372.97 5611.09 3467.73 5611.11 3467.72 5659.32 3372.96 5659.30
26071-750-M6-085-00286 0.1001201719045639 3330.45 3510.67 3387.07 3521.54 3372.61 3596.87 3315.99 3586.00
26071-200-M6-052-00080 0.2403242439031601 6066.60 5020.73 6125.33 5023.94 6120.44 5113.27 6061.72 5110.06
26071-200-M6-052-00080 0.20132207870483398 2639.64 5021.67 2699.59 5024.35 2695.57 5114.42 2635.62 5111.75
26071-200-M6-052-00080 0.0612773597240448 7073.24 5656.97 7188.42 5652.98 7190.00 5698.79 7074.83 5702.77
26071-200-M6-052-00080 0.0607951357960701 3648.53 5657.53 3760.19 5652.43 3762.22 5696.83 3650.56 5701.94
26071-200-M6-052-00080 0.05877275392413139 7620.75 4846.28 7720.39 4834.80 7727.69 4898.09 7628.05 4909.57
26071-300-M6-053-00309 0.11705727130174637 5617.68 2491.32 5711.11 2480.15 5718.64 2543.15 5625.21 2554.32
26071-300-M6-053-00309 0.0892883911728859 5979.86 1659.93 6030.50 1652.17 6046.16 1754.39 5995.53 1762.15
26071-300-M6-053-00309 0.06905288249254227 5869.42 2696.51 5912.43 2680.82 5942.02 2761.90 5899.01 2777.59
26071-300-M6-053-00309 0.06252474337816238 3614.79 3783.38 3683.69 3778.93 3689.73 3872.40 3620.83 3876.86
26071-300-M6-053-00309 0.058388762176036835 3930.59 3776.78 4001.58 3782.76 3993.72 3876.10 3922.74 3870.12
26071-300-M6-053-00309 0.05709626525640488 5702.50 1645.29 5766.49 1673.46 5746.22 1719.50 5682.24 1691.33
26071-300-M6-053-00309 0.05246250331401825 6308.14 1643.46 6369.12 1676.81 6344.89 1721.11 6283.91 1687.76
26071-450-M6-082-00009 0.13592496514320374 4958.95 6222.72 4999.80 6226.75 4991.80 6307.83 4950.96 6303.80
26071-450-M6-082-00009 0.08228422701358795 5727.47 4878.39 5807.93 4879.00 5806.94 5009.73 5726.48 5009.12
26071-750-M6-085-00007 0.23683086037635803 4733.40 4752.80 4849.48 4741.52 4856.98 4818.80 4740.90 4830.07
26071-203-M6-064-00271 0.07206764072179794 1451.52 4646.63 1499.45 4644.33 1502.75 4713.05 1454.82 4715.35
26071-203-M6-337-00031 0.079276442527771 6948.72 552.35 6987.56 554.94 6978.81 686.46 6939.96 683.88
26071-203-M6-337-00031 0.06797945499420166 6946.61 3415.85 6981.16 3417.60 6975.54 3528.86 6940.99 3527.12
26071-203-M6-079-00001 0.06872306764125824 2572.06 3866.15 2603.99 3868.39 2596.84 3970.16 2564.91 3967.92
26071-200-M6-052-00150 0.1242571473121643 2493.53 3092.33 2584.75 3078.64 2592.17 3128.09 2500.95 3141.78
26071-200-M6-052-00150 0.07694447785615921 4489.57 3088.03 4582.24 3077.37 4588.22 3129.39 4495.56 3140.05
26071-200-M6-052-00003 0.1396835446357727 2774.45 4545.30 2898.60 4539.99 2902.17 4623.45 2778.01 4628.76
26071-200-M6-052-00003 0.05844026431441307 4556.11 4534.93 4653.97 4534.96 4653.96 4582.85 4556.09 4582.82
26071-200-M6-052-00003 0.05022880807518959 4239.71 5579.89 4335.73 5545.09 4353.20 5593.29 4257.18 5628.09
26071-700-M6-054-00036 0.1520298421382904 4921.98 2071.47 5022.41 2066.41 5025.33 2124.49 4924.91 2129.55
26071-700-M6-054-00036 0.09421996027231216 4324.78 5055.71 4416.92 5066.37 4411.60 5112.40 4319.46 5101.74
26071-700-M6-054-00036 0.0753406286239624 4381.45 4490.99 4448.72 4488.39 4452.39 4583.45 4385.13 4586.04
26071-700-M6-054-00036 0.059007566422224045 4637.81 5246.17 4706.53 5270.11 4689.06 5320.25 4620.34 5296.31
26071-203-M6-320-00044 0.07002516835927963 590.82 4243.35 634.93 4226.58 668.84 4315.77 624.72 4332.54
26071-500-M6-059-00071 0.2853083610534668 3953.45 2081.55 3996.97 2080.27 3998.98 2148.63 3955.45 2149.91
26071-500-M6-059-00071 0.23192714154720306 5537.08 3901.67 5575.38 3899.39 5579.20 3963.40 5540.90 3965.69
26071-500-M6-059-00071 0.125250443816185 5574.50 3911.58 5660.37 3903.75 5664.66 3950.81 5578.79 3958.64
26071-500-M6-059-00071 0.10905493795871735 3988.68 2091.93 4081.36 2083.70 4085.50 2130.37 3992.83 2138.60
26071-500-M6-059-00071 0.07032901793718338 5534.12 3948.90 5603.02 3977.65 5585.09 4020.61 5516.20 3991.86
26071-500-M6-059-00071 0.06786205619573593 3944.63 2138.90 4020.98 2154.94 4011.69 2199.19 3935.33 2183.15
26071-500-M6-059-00071 0.06699270009994507 1612.46 2572.24 1696.76 2588.65 1686.34 2642.18 1602.04 2625.78
26071-203-M6-320-00008 0.05321758612990379 1585.52 4179.80 1618.27 4182.60 1610.06 4278.55 1577.31 4275.75
26071-500-M6-059-00116 0.2945524752140045 3290.90 4911.38 3338.27 4918.09 3325.02 5011.53 3277.66 5004.81
26071-500-M6-059-00116 0.05614292994141579 3173.93 4616.38 3304.11 4614.74 3305.02 4686.62 3174.84 4688.26
26071-550-M6-084-00026 0.05534105747938156 6515.68 5641.88 6570.46 5660.79 6544.10 5737.19 6489.31 5718.28
26071-203-M6-337-00007 0.10592646896839142 5193.78 3039.44 5225.93 3038.39 5229.13 3137.00 5196.97 3138.05
26071-203-M6-337-00007 0.09991929680109024 5194.24 5738.32 5226.10 5739.49 5222.46 5838.31 5190.60 5837.14
26071-203-M6-337-00007 0.07677803933620453 3222.38 2763.16 3265.24 2749.15 3289.77 2824.17 3246.90 2838.18
26071-203-M6-337-00007 0.06558384001255035 3222.60 5463.88 3265.07 5449.75 3289.92 5524.41 3247.45 5538.54
26071-203-M6-337-00007 0.06161760538816452 5240.29 5743.81 5286.89 5734.24 5305.10 5822.88 5258.50 5832.45
26071-203-M6-337-00007 0.05868975818157196 5239.36 3041.94 5285.66 3030.79 5307.41 3121.07 5261.11 3132.23
26071-200-M6-052-00090 0.26966795325279236 2203.65 4369.76 2269.02 4375.73 2260.80 4465.64 2195.44 4459.67
26071-200-M6-052-00090 0.21385517716407776 5218.22 4367.72 5285.22 4376.78 5273.07 4466.65 5206.07 4457.59
26071-200-M6-052-00090 0.07170834392309189 8125.21 3606.78 8186.79 3621.61 8164.51 3714.11 8102.93 3699.28
26071-200-M6-052-00090 0.05888136848807335 8117.55 3809.22 8177.88 3811.33 8174.62 3904.81 8114.29 3902.70
26071-200-M6-052-00090 0.0512741319835186 8096.10 3685.26 8161.40 3687.78 8155.81 3832.39 8090.52 3829.87
26071-200-M6-052-00090 0.05126951262354851 6403.49 5034.70 6524.51 5056.03 6512.12 5126.30 6391.11 5104.97
26071-600-M6-065-00037 0.0884634330868721 6023.63 2199.76 6155.33 2195.76 6157.70 2273.99 6026.01 2277.98
26071-600-M6-065-00037 0.05057079344987869 2586.53 2086.99 2709.70 2086.35 2710.02 2148.64 2586.85 2149.27
26071-203-M6-320-00042 0.06169779598712921 2643.04 3544.06 2695.74 3563.73 2669.14 3634.99 2616.44 3615.31
26071-203-M6-160-00291 0.051390402019023895 7532.81 3528.61 7604.67 3555.44 7587.57 3601.25 7515.71 3574.41
26071-600-M6-066-00002 0.12103945016860962 4286.64 2728.47 4364.08 2723.57 4367.62 2779.37 4290.17 2784.27
26071-600-M6-066-00002 0.06536747515201569 4295.07 3760.89 4354.84 3750.68 4362.99 3798.41 4303.22 3808.62
26071-300-M6-053-00008 0.05334300175309181 2073.16 6316.53 2177.34 6304.96 2183.23 6358.07 2079.05 6369.64
26071-200-M6-063-00010 0.05855680629611015 4448.06 2361.87 4508.69 2368.61 4498.05 2464.22 4437.42 2457.47
26071-203-M6-325-00013 0.13366954028606415 3438.18 4781.85 3487.23 4778.73 3493.36 4875.10 3444.31 4878.23
26071-203-M6-325-00013 0.07379648089408875 3416.39 4859.06 3508.75 4861.20 3507.67 4907.71 3415.31 4905.56
26071-300-M6-053-00012 0.16166400909423828 5032.55 3404.81 5155.85 3398.44 5159.83 3475.66 5036.53 3482.02
26071-300-M6-053-00012 0.08311187475919724 4604.90 3383.03 4700.02 3379.48 4701.81 3427.51 4606.69 3431.07
26071-300-M6-053-00012 0.05058107525110245 5798.03 2146.50 5844.69 2145.47 5846.91 2245.77 5800.25 2246.80
26071-675-M6-068-00034 0.22469747066497803 5889.72 2155.50 5932.75 2151.45 5939.09 2218.77 5896.06 2222.82
26071-675-M6-068-00034 0.05561167374253273 5869.53 2220.75 5957.38 2223.55 5955.93 2269.01 5868.08 2266.22
26071-675-M6-068-00034 0.05267542228102684 5881.78 2112.27 5951.00 2120.75 5946.10 2160.79 5876.87 2152.31
26071-675-M6-068-00034 0.050544414669275284 2566.74 5463.50 2647.15 5479.91 2626.93 5579.01 2546.52 5562.60
26071-450-M6-082-00031 0.4466618597507477 5393.22 4934.51 5478.19 4919.75 5486.97 4970.29 5402.00 4985.06
26071-450-M6-082-00031 0.3142668306827545 5479.07 4918.10 5525.61 4918.10 5525.61 5006.24 5479.07 5006.24
26071-450-M6-082-00031 0.10236314684152603 3015.75 4923.65 3070.98 4925.13 3068.46 5018.94 3013.22 5017.45
26071-450-M6-082-00031 0.08121839910745621 5471.67 4168.92 5530.53 4166.94 5534.26 4277.79 5475.40 4279.77
26071-450-M6-082-00031 0.07905367761850357 4612.21 2668.07 4717.47 2658.10 4722.77 2714.00 4617.51 2723.97
26071-450-M6-082-00031 0.05094587802886963 4217.64 1992.99 4292.97 1994.51 4290.29 2126.56 4214.97 2125.04
26071-200-M6-062-00276 0.21052797138690948 2382.13 4601.48 2503.86 4592.59 2509.60 4671.15 2387.86 4680.04
26071-200-M6-062-00276 0.051171980798244476 6471.05 4101.86 6531.34 4096.48 6538.63 4178.20 6478.34 4183.58
26071-600-M6-065-00021 0.16518741846084595 2845.05 2907.59 2962.17 2898.71 2968.18 2977.87 2851.06 2986.75
26071-600-M6-065-00021 0.12089994549751282 5371.53 2917.59 5486.06 2910.65 5490.89 2990.39 5376.36 2997.32
26071-600-M6-065-00021 0.10368825495243073 1396.30 1499.09 1488.81 1495.84 1490.52 1544.55 1398.02 1547.80
26071-600-M6-065-00021 0.053012069314718246 6454.41 4651.35 6541.32 4665.15 6534.24 4709.73 6447.33 4695.92
26071-500-M6-059-00013 0.06352327764034271 5643.41 3275.11 5677.22 3273.97 5680.70 3377.14 5646.90 3378.28
26071-500-M6-059-00013 0.06104005500674248 2927.54 2908.93 2974.89 2908.13 2976.44 2999.97 2929.09 3000.77
26071-500-M6-059-00044 0.08232207596302032 4217.49 4966.82 4275.46 4970.69 4269.13 5065.49 4211.16 5061.62
26071-500-M6-059-00044 0.07652313262224197 2654.78 4971.48 2714.20 4971.74 2713.81 5060.64 2654.40 5060.38
26071-500-M6-059-00044 0.061755817383527756 4653.95 1219.29 4715.42 1213.98 4724.58 1319.90 4663.10 1325.21
26071-200-M6-052-00002 0.05035676062107086 1712.78 5581.48 1809.95 5545.39 1827.73 5593.26 1730.56 5629.35
26071-675-M6-068-10002 0.05734836682677269 2959.96 1482.09 3013.82 1490.82 3005.84 1540.08 2951.98 1531.35
26071-675-M6-068-10002 0.050630927085876465 867.25 5680.40 927.43 5672.16 933.25 5714.62 873.07 5722.87
26071-750-M6-085-00012 0.2931443154811859 7942.15 2386.53 7992.27 2384.22 7996.48 2475.49 7946.36 2477.80
26071-750-M6-085-00012 0.06951561570167542 989.83 3248.14 1023.07 3250.05 1016.83 3359.07 983.58 3357.17
26071-750-M6-085-00012 0.06633007526397705 7961.08 2296.96 8003.90 2311.26 7979.29 2384.94 7936.47 2370.63
26071-200-M6-052-00544 0.17710697650909424 2961.11 3913.24 3046.92 3924.18 3031.61 4044.23 2945.81 4033.29
26071-200-M6-052-00544 0.0613754503428936 2983.83 4037.25 3030.61 4032.88 3040.32 4136.79 2993.54 4141.16
26071-600-M6-066-00003 0.20787757635116577 2374.94 5214.85 2453.63 5205.19 2459.50 5253.00 2380.81 5262.67
26071-600-M6-066-00003 0.20083768665790558 3627.95 5394.23 3674.05 5393.04 3675.79 5460.20 3629.69 5461.39
