26071-200-M6-052-00080 0.9991974234580994 2553.03 6695.22 2641.67 6695.53 2641.49 6744.98 2552.86 6744.67
26071-200-M6-052-00080 0.9968795776367188 2558.18 6459.59 2638.76 6460.16 2638.40 6511.05 2557.83 6510.49
26071-200-M6-052-00080 0.4306299090385437 3355.03 1506.01 3468.72 1506.75 3468.50 1541.78 3354.80 1541.05
26071-200-M6-052-00080 0.34984785318374634 6780.73 1507.14 6893.03 1506.16 6893.33 1540.45 6781.03 1541.44
26071-200-M6-052-00080 0.09037986397743225 7188.89 5627.48 7228.95 5628.44 7226.45 5732.86 7186.39 5731.90
26071-200-M6-052-00090 0.9807239770889282 3427.92 6046.80 3514.27 6047.13 3514.09 6094.35 3427.74 6094.01
26071-200-M6-052-00090 0.5501227378845215 3850.82 6044.16 3948.56 6046.43 3947.42 6095.44 3849.68 6093.16
26071-200-M6-052-00090 0.5106343626976013 3188.92 6045.37 3288.44 6048.40 3287.01 6095.61 3187.48 6092.58
26071-200-M6-052-00090 0.4870844781398773 3662.35 6044.65 3759.88 6047.45 3758.49 6095.90 3660.96 6093.10
26071-200-M6-052-00090 0.32478493452072144 6796.22 1286.57 6832.79 1286.68 6832.39 1414.83 6795.81 1414.71
26071-200-M6-052-00090 0.31217578053474426 3400.13 1239.87 3449.46 1240.08 3449.07 1331.22 3399.73 1331.01
26071-200-M6-052-00090 0.3091178834438324 3395.80 1070.36 3454.46 1071.16 3453.15 1167.71 3394.49 1166.92
26071-200-M6-052-00090 0.2145548164844513 2997.33 6046.40 3096.28 6047.18 3095.88 6098.16 2996.92 6097.38
26071-200-M6-052-00090 0.17525650560855865 6410.00 5231.56 6470.65 5232.76 6469.09 5311.33 6408.44 5310.13
26071-200-M6-052-00090 0.16611500084400177 8126.04 3606.56 8176.14 3606.88 8175.49 3709.22 8125.39 3708.90
26071-200-M6-052-00090 0.16323865950107574 5472.83 3481.32 5520.52 3481.48 5520.11 3605.35 5472.42 3605.19
26071-200-M6-052-00090 0.15305718779563904 8124.91 3807.30 8176.35 3807.70 8175.57 3910.39 8124.13 3910.00
26071-200-M6-052-00090 0.12865863740444183 2573.43 6509.99 2625.73 6510.35 2625.03 6613.81 2572.73 6613.46
26071-200-M6-052-00090 0.11130575835704803 2458.42 3484.02 2511.65 3484.37 2510.87 3601.36 2457.64 3601.00
26071-200-M6-052-00090 0.10614348948001862 6408.14 2905.33 6464.83 2906.00 6463.62 3008.80 6406.94 3008.13
26071-200-M6-052-00090 0.09273770451545715 6411.02 2721.64 6464.47 2721.86 6464.03 2825.84 6410.58 2825.62
26071-200-M6-052-00090 0.09139926731586456 3595.79 6063.17 3630.05 6062.95 3630.90 6194.13 3596.65 6194.36
26071-200-M6-052-00090 0.09027944505214691 6436.75 2842.42 6560.23 2842.52 6560.20 2874.88 6436.73 2874.78
26071-200-M6-052-00090 0.08680693060159683 6411.12 5052.60 6462.96 5053.81 6460.65 5152.40 6408.81 5151.18
26071-200-M6-052-00090 0.08474492281675339 6150.10 5687.99 6271.85 5689.08 6271.56 5721.78 6149.81 5720.70
26071-200-M6-052-00090 0.06097683310508728 7087.50 4555.97 7212.62 4555.32 7212.79 4587.84 7087.67 4588.49
26071-200-M6-052-00090 0.05043818801641464 6155.93 5523.36 6275.79 5523.55 6275.73 5556.61 6155.88 5556.42
26071-200-M6-052-00093 0.0733489841222763 6775.36 3591.32 6807.41 3591.60 6806.37 3710.49 6774.32 3710.21
26071-200-M6-052-00093 0.07162660360336304 2659.44 2387.40 2748.72 2387.59 2748.63 2431.70 2659.35 2431.51
26071-200-M6-052-00093 0.06559737026691437 5263.70 1625.95 5295.90 1626.45 5294.03 1748.60 5261.83 1748.11
26071-200-M6-052-00150 0.18604667484760284 2494.02 3079.71 2582.87 3077.21 2584.66 3140.93 2495.81 3143.43
26071-200-M6-052-00150 0.1376769095659256 4497.29 3081.41 4584.60 3080.48 4585.26 3142.85 4497.95 3143.78
26071-200-M6-052-00539 0.9996144771575928 5210.94 4985.36 5301.60 4985.55 5301.51 5031.02 5210.84 5030.83
26071-200-M6-052-00539 0.9995999932289124 4559.94 5811.16 4653.04 5811.57 4652.84 5856.91 4559.74 5856.50
26071-200-M6-052-00539 0.9995816349983215 5054.86 5433.86 5102.42 5434.23 5101.70 5526.51 5054.14 5526.15
26071-203-M6-160-00291 0.10657883435487747 1775.53 2448.62 1863.03 2443.27 1865.84 2489.21 1778.34 2494.56
26071-203-M6-160-00291 0.06614807993173599 1774.60 1681.59 1862.06 1675.67 1865.11 1720.62 1777.65 1726.54
26071-203-M6-320-00008 0.05113174021244049 5869.08 5078.82 5902.23 5077.79 5906.28 5208.39 5873.14 5209.42
26071-203-M6-325-00012 0.9995731711387634 1504.99 5732.63 1601.51 5733.34 1601.18 5778.57 1504.66 5777.87
26071-203-M6-325-00012 0.9995483756065369 1511.37 5042.30 1596.27 5041.77 1596.55 5087.35 1511.66 5087.88
26071-203-M6-332-00001 0.9998181462287903 1775.60 894.40 1821.98 894.53 1821.73 986.52 1775.35 986.39
26071-203-M6-332-00001 0.9997850060462952 5947.42 1312.19 5992.45 1312.52 5991.75 1408.91 5946.72 1408.59
26071-203-M6-332-00001 0.9997441172599792 5526.58 1314.66 5572.42 1314.97 5571.80 1407.28 5525.96 1406.97
26071-203-M6-332-00001 0.9997370839118958 3847.14 1315.20 3892.16 1315.40 3891.76 1406.88 3846.74 1406.68
26071-203-M6-332-00001 0.9997230172157288 3006.93 1315.69 3051.74 1315.90 3051.30 1407.09 3006.50 1406.88
26071-203-M6-332-00001 0.99972003698349 5106.71 1314.57 5152.69 1314.94 5151.96 1407.22 5105.98 1406.85
26071-203-M6-332-00001 0.9997071623802185 4266.78 1314.49 4312.43 1314.92 4311.57 1407.45 4265.92 1407.03
26071-203-M6-332-00001 0.9996920824050903 3426.86 1314.35 3472.80 1314.74 3472.02 1407.40 3426.08 1407.02
26071-203-M6-332-00001 0.9996820688247681 4687.92 1312.59 4731.99 1312.84 4731.46 1407.02 4687.39 1406.77
26071-203-M6-332-00001 0.9994872808456421 2083.40 5942.26 2175.87 5943.13 2175.44 5989.19 2082.97 5988.33
26071-203-M6-332-00001 0.9994286894798279 2352.68 5642.77 2447.11 5642.73 2447.13 5689.50 2352.69 5689.54
26071-203-M6-332-00001 0.9993923902511597 2735.11 4022.04 2834.50 4022.82 2834.14 4069.74 2734.75 4068.96
26071-203-M6-332-00001 0.9993447661399841 6479.38 3812.63 6571.35 3813.57 6570.87 3860.29 6478.91 3859.35
26071-203-M6-332-00001 0.9992129802703857 1797.13 5642.64 1892.07 5642.27 1892.26 5689.72 1797.31 5690.08
26071-203-M6-332-00001 0.9982169270515442 2082.55 5643.00 2175.80 5643.37 2175.62 5689.68 2082.37 5689.31
26071-203-M6-332-00008 0.999822199344635 8046.88 2558.98 8091.97 2559.58 8090.72 2652.90 8045.64 2652.30
26071-203-M6-332-00008 0.9997782111167908 5526.36 2557.67 5571.92 2558.00 5571.26 2650.69 5525.69 2650.37
26071-203-M6-332-00008 0.9996167421340942 5922.62 3662.99 6017.30 3661.74 6017.91 3708.17 5923.23 3709.42
26071-203-M6-332-00008 0.999614953994751 3522.60 3662.99 3617.30 3661.73 3617.92 3708.17 3523.22 3709.43
26071-203-M6-332-00008 0.9994882345199585 1093.42 3662.62 1186.38 3661.74 1186.83 3708.49 1093.86 3709.38
26071-203-M6-332-00008 0.9992471933364868 3156.85 2560.28 3202.74 2560.62 3202.07 2652.36 3156.17 2652.03
26071-203-M6-337-00031 0.9997174143791199 3953.37 945.61 3998.10 945.73 3997.85 1038.32 3953.12 1038.20
26071-203-M6-337-00031 0.999636173248291 4445.99 947.50 4492.94 947.06 4493.83 1040.83 4446.88 1041.27
26071-203-M6-337-00031 0.9996065497398376 3306.25 886.49 3352.49 886.60 3352.26 980.81 3306.02 980.70
26071-203-M6-337-00031 0.9996050000190735 7169.33 5252.45 7263.38 5253.56 7262.85 5298.76 7168.80 5297.65
26071-203-M6-337-00031 0.9994876384735107 3847.73 2468.72 3893.91 2468.93 3893.47 2564.62 3847.28 2564.41
26071-203-M6-337-00031 0.9993832111358643 7168.22 542.56 7261.46 542.70 7261.39 588.92 7168.15 588.78
26071-203-M6-337-00031 0.9992753863334656 1348.82 2598.46 1441.82 2597.11 1442.50 2644.18 1349.51 2645.54
26071-203-M6-337-00031 0.9991826415061951 1349.57 4772.35 1441.41 4772.43 1441.37 4818.72 1349.53 4818.65
26071-203-M6-337-00031 0.9990200996398926 4795.45 610.15 4893.88 610.12 4893.89 656.28 4795.46 656.30
26071-203-M6-337-00031 0.999001681804657 1348.96 3872.54 1442.34 3871.89 1442.67 3919.30 1349.29 3919.95
26071-203-M6-337-00031 0.998994767665863 1349.60 5222.74 1441.93 5222.64 1441.98 5269.64 1349.65 5269.74
26071-203-M6-337-00031 0.9989583492279053 3956.15 2253.71 4052.15 2253.32 4052.33 2298.45 3956.33 2298.84
26071-203-M6-337-00031 0.9988585710525513 3147.90 580.02 3241.90 580.59 3241.63 624.72 3147.63 624.15
26071-203-M6-337-00031 0.9987567663192749 1349.14 4323.45 1442.26 4322.13 1442.92 4369.23 1349.81 4370.54
26071-203-M6-337-00031 0.9981927275657654 1992.91 2597.81 2084.77 2596.29 2085.53 2642.35 1993.67 2643.87
26071-300-M6-053-00012 0.9997885823249817 7240.75 2362.62 7284.93 2362.86 7284.42 2456.25 7240.24 2456.01
26071-300-M6-053-00012 0.9997307658195496 7099.85 2740.17 7193.24 2740.72 7192.96 2788.14 7099.58 2787.60
26071-300-M6-053-00012 0.9996539354324341 7570.85 2031.29 7663.76 2032.01 7663.40 2078.27 7570.49 2077.55
26071-300-M6-053-00012 0.9995535016059875 4631.19 3922.46 4678.03 3922.79 4677.41 4011.65 4630.56 4011.32
26071-300-M6-053-00012 0.051115117967128754 4934.83 4475.79 4984.23 4475.43 4985.04 4585.13 4935.64 4585.49
26071-300-M6-053-00309 0.9996504783630371 2671.79 3566.47 2764.37 3567.22 2764.00 3613.20 2671.42 3612.45
26071-300-M6-053-00309 0.9994470477104187 1253.45 5692.58 1345.37 5692.91 1345.20 5739.24 1253.29 5738.92
26071-300-M6-053-00309 0.9994288086891174 1961.00 5692.48 2055.57 5692.11 2055.75 5738.11 1961.18 5738.48
26071-300-M6-053-00309 0.9994006156921387 1253.99 4511.53 1345.04 4512.31 1344.64 4558.31 1253.59 4557.53
26071-450-M6-082-00031 0.9998347759246826 5409.78 3311.52 5455.48 3311.42 5455.68 3401.59 5409.97 3401.70
26071-450-M6-082-00031 0.9996753931045532 4986.82 3685.31 5081.76 3685.64 5081.60 3732.46 4986.66 3732.13
26071-450-M6-082-00031 0.9995144605636597 5694.97 2928.96 5789.25 2929.48 5788.98 2976.63 5694.70 2976.10
26071-500-M6-059-00011 0.05483831465244293 7309.42 3130.15 7356.38 3129.26 7358.09 3219.42 7311.14 3220.31
26071-500-M6-059-00071 0.0994010716676712 6582.64 3561.06 6651.17 3562.84 6649.64 3621.44 6581.11 3619.66
26071-500-M6-059-00116 0.9991971850395203 4346.61 3247.65 4392.43 3247.20 4393.32 3337.78 4347.50 3338.24
26071-500-M6-059-00116 0.9990990161895752 3283.17 4607.29 3330.49 4607.36 3330.35 4699.47 3283.03 4699.40
26071-500-M6-059-00116 0.094202920794487 3287.46 4906.12 3330.90 4906.06 3331.04 5005.72 3287.60 5005.78
26071-500-M6-059-00248 0.1906561702489853 2837.10 6046.48 2925.45 6046.61 2925.38 6094.27 2837.03 6094.14
26071-500-M6-059-00248 0.17195184528827667 2837.77 6282.21 2927.39 6285.12 2925.92 6330.18 2836.30 6327.26
26071-600-M6-065-00021 0.5209431648254395 1392.45 1502.35 1499.47 1503.37 1499.06 1546.91 1392.03 1545.89
26071-600-M6-065-00021 0.06435400247573853 1310.20 1501.57 1402.40 1502.14 1402.13 1546.79 1309.92 1546.23
26071-600-M6-065-00021 0.0559273399412632 2099.84 2121.36 2149.51 2120.68 2150.81 2215.88 2101.14 2216.56
26071-600-M6-065-00037 0.05095398426055908 2929.36 2074.67 2974.73 2072.49 2978.50 2151.08 2933.13 2153.26
26071-600-M6-066-00002 0.1890987604856491 7029.99 2029.86 7125.33 2032.01 7124.26 2079.65 7028.92 2077.51
26071-600-M6-066-00002 0.12722158432006836 4218.94 2710.83 4284.94 2710.69 4285.16 2812.75 4219.16 2812.90
26071-600-M6-066-00002 0.07104295492172241 4217.09 3741.03 4284.33 3741.10 4284.23 3839.08 4216.99 3839.01
26071-600-M6-066-00003 0.9995750784873962 2340.17 5197.66 2384.51 5197.22 2385.43 5291.18 2341.08 5291.61
26071-600-M6-066-00003 0.9984656572341919 3613.04 5458.26 3708.63 5457.81 3708.84 5501.76 3613.25 5502.21
26071-600-M6-066-00012 0.05449967831373215 3873.72 3611.41 3932.89 3611.84 3932.01 3733.95 3872.84 3733.52
26071-600-M6-066-00012 0.05179789289832115 5088.93 5789.62 5219.79 5790.48 5219.57 5823.37 5088.71 5822.51
26071-675-M6-068-00034 0.9996802806854248 4784.86 4562.59 4876.21 4563.12 4875.95 4607.70 4784.60 4607.17
26071-675-M6-068-00034 0.9994445443153381 4785.98 3874.02 4873.94 3873.77 4874.05 3916.60 4786.10 3916.84
26071-675-M6-068-00034 0.06517849117517471 1615.80 5972.75 1651.46 5972.73 1651.53 6104.27 1615.86 6104.28
26071-700-M6-054-00246 0.21796336770057678 4531.92 4941.10 4591.39 4941.02 4591.50 5023.23 4532.03 5023.30
26071-750-M6-085-00012 0.07275694608688354 1223.22 3583.77 1258.04 3584.09 1256.93 3702.40 1222.11 3702.07
26071-750-M6-085-00286 0.06672845780849457 3047.69 3876.37 3098.83 3876.76 3097.90 3996.72 3046.76 3996.32
