26071-200-M6-052-00001 0.07654671370983124 2522.70 3378.97 3129.41 3381.64 3128.63 3559.97 2521.92 3557.30
26071-200-M6-052-00002 0.06197503209114075 2997.65 3121.68 3594.60 3122.41 3594.38 3302.78 2997.43 3302.05
26071-200-M6-052-00093 0.1455700844526291 4078.65 4495.42 4648.82 4497.22 4648.26 4675.39 4078.08 4673.59
26071-200-M6-052-00093 0.11387497931718826 4032.79 2249.67 4642.06 2251.90 4641.40 2430.08 4032.14 2427.84
26071-200-M6-052-00093 0.10435223579406738 4034.18 1474.62 4638.11 1476.64 4637.49 1660.64 4033.57 1658.62
26071-200-M6-052-00093 0.09555325657129288 4028.28 3839.12 4639.80 3840.34 4639.43 4022.82 4027.91 4021.59
26071-200-M6-052-00539 0.134201318025589 3409.00 5395.75 3989.47 5399.45 3988.34 5575.06 3407.87 5571.36
26071-203-M6-060-00006 0.6057623624801636 2709.07 4221.21 3171.76 4219.69 3172.34 4396.26 2709.65 4397.78
26071-203-M6-060-00006 0.5346535444259644 3301.25 4219.37 3747.80 4218.49 3748.16 4401.83 3301.62 4402.71
26071-203-M6-060-00006 0.05766426399350166 5898.30 4115.13 6376.29 4115.18 6376.28 4244.53 5898.29 4244.48
26071-203-M6-337-00031 0.15386039018630981 4736.44 2372.28 5019.06 2376.09 5016.80 2544.05 4734.18 2540.24
26071-203-M6-337-00031 0.14246059954166412 4732.82 1984.77 5024.84 1987.64 5023.24 2151.24 4731.21 2148.36
26071-203-M6-337-00031 0.13078249990940094 4730.55 3122.85 5017.93 3125.15 5016.57 3295.27 4729.18 3292.96
26071-203-M6-337-00031 0.11691242456436157 6785.62 4447.20 6875.89 4447.02 6877.14 5074.94 6786.87 5075.12
26071-203-M6-337-00031 0.09798839688301086 4733.82 2764.66 5029.08 2765.87 5028.40 2933.65 4733.13 2932.45
26071-203-M6-337-00031 0.09018151462078094 4733.01 1622.23 5020.32 1619.89 5021.71 1790.38 4734.40 1792.72
26071-203-M6-337-00031 0.07733780145645142 5613.04 2192.16 5798.46 2190.91 5800.94 2558.90 5615.53 2560.15
26071-203-M6-337-00031 0.07619219273328781 4732.07 1259.58 5028.91 1260.13 5028.59 1431.35 4731.75 1430.80
26071-203-M6-337-00031 0.05517391115427017 5604.07 1467.49 5800.88 1465.32 5805.10 1848.30 5608.29 1850.47
26071-300-M6-053-00012 0.0717538371682167 5150.71 2278.42 5680.48 2282.41 5679.11 2464.58 5149.34 2460.59
26071-500-M6-059-00017 0.5111689567565918 1806.29 3744.78 2247.02 3744.99 2246.93 3930.17 1806.20 3929.96
26071-500-M6-059-00017 0.4705996513366699 3787.66 3743.47 4263.09 3743.42 4263.11 3929.82 3787.68 3929.88
26071-500-M6-059-00017 0.4642060399055481 5791.25 3742.65 6270.66 3742.60 6270.68 3931.51 5791.26 3931.56
26071-600-M6-065-00231 0.11349906027317047 6021.84 3334.76 6522.54 3333.97 6522.75 3466.00 6022.04 3466.78
26071-600-M6-066-00012 0.09044165909290314 5385.91 1337.59 5480.96 1337.78 5479.99 1833.03 5384.95 1832.85
26071-675-M6-068-00034 0.5538384914398193 3419.19 4852.25 3900.36 4852.86 3900.12 5041.70 3418.95 5041.09
26071-675-M6-068-00034 0.49023258686065674 2667.28 4851.10 3142.46 4853.49 3141.51 5042.43 2666.33 5040.03
26071-700-M6-054-00036 0.12058909237384796 4677.23 1376.74 4772.11 1376.73 4772.16 1870.80 4677.29 1870.81
26071-750-M6-085-00007 0.06729508191347122 2101.27 2634.79 2604.47 2634.08 2604.66 2765.38 2101.46 2766.09
26071-750-M6-085-00007 0.05106709524989128 3698.49 2637.89 4191.72 2637.17 4191.91 2766.84 3698.68 2767.55
26071-750-M6-085-00012 0.5161548256874084 3104.82 4270.76 3603.74 4272.15 3603.25 4446.53 3104.33 4445.14
26071-750-M6-085-00012 0.46786433458328247 7244.32 4260.96 7659.22 4260.71 7659.33 4442.00 7244.43 4442.26
26071-750-M6-085-00012 0.3949134647846222 5069.49 4262.12 5487.69 4261.20 5488.09 4441.26 5069.88 4442.18
26071-750-M6-085-00012 0.34822019934654236 2329.74 4272.35 2814.35 4271.71 2814.57 4438.65 2329.96 4439.29
26071-750-M6-085-00012 0.05367933586239815 7229.76 3759.35 7664.89 3763.53 7663.68 3888.33 7228.56 3884.15
