26071-200-M6-052-00003 0.9924063086509705 5124.46 5225.94 5270.97 5225.08 5271.85 5373.98 5125.34 5374.84
26071-203-M6-060-00006 0.9950685501098633 4177.27 4782.76 4327.83 4784.06 4326.56 4931.17 4176.00 4929.87
26071-203-M6-060-00006 0.9948886036872864 2157.74 4782.30 2307.29 4783.73 2305.88 4931.04 2156.33 4929.60
26071-203-M6-060-00006 0.9945906400680542 1333.76 4239.01 1479.99 4237.55 1481.48 4387.65 1335.25 4389.10
26071-203-M6-337-00007 0.077659972012043 5696.27 5178.09 5846.89 5174.37 5850.51 5320.86 5699.89 5324.58
26071-300-M6-053-00012 0.9890003204345703 5317.27 3893.97 5465.72 3895.09 5464.60 4043.42 5316.15 4042.30
26071-450-M6-082-00009 0.9957915544509888 907.10 5962.34 1052.83 5961.99 1053.19 6111.02 907.45 6111.37
26071-450-M6-082-00009 0.9784764647483826 907.08 6118.08 1055.94 6117.82 1056.19 6266.14 907.33 6266.39
26071-450-M6-082-00009 0.08104689419269562 1633.11 2719.37 1785.10 2718.37 1786.14 2876.57 1634.16 2877.57
26071-450-M6-082-00009 0.07483984529972076 5240.29 1866.41 5390.99 1865.87 5391.52 2012.50 5240.82 2013.05
26071-450-M6-082-00009 0.05357609689235687 2332.57 1888.25 2485.02 1887.47 2485.78 2038.12 2333.34 2038.90
26071-500-M6-059-00011 0.053136616945266724 4967.93 4581.45 5115.77 4579.63 5117.63 4730.87 4969.79 4732.70
26071-500-M6-059-00013 0.9929940104484558 2362.32 4379.40 2507.30 4379.72 2506.97 4529.46 2361.98 4529.14
26071-500-M6-059-00013 0.3740958869457245 3348.43 4268.39 3501.80 4267.09 3503.06 4414.70 3349.69 4416.01
26071-500-M6-059-00013 0.09791377931833267 2683.06 4229.51 2832.48 4226.88 2835.03 4371.80 2685.61 4374.43
26071-500-M6-059-00013 0.0691620483994484 2359.33 5480.75 2505.52 5480.37 2505.89 5624.14 2359.71 5624.52
26071-500-M6-059-00017 0.05681569501757622 3363.91 1960.66 3523.85 1962.38 3522.28 2108.23 3362.35 2106.51
26071-600-M6-065-00037 0.05908043310046196 6363.04 2770.01 6511.26 2770.14 6511.12 2919.44 6362.91 2919.30
26071-750-M6-085-00007 0.0572456456720829 6655.94 5763.86 6804.25 5762.61 6805.52 5912.54 6657.20 5913.79
26071-750-M6-085-00007 0.05146258696913719 6361.46 3742.48 6513.10 3740.73 6514.80 3888.20 6363.16 3889.95
