26071-200-M6-052-00001 0.99903404712677 4394.61 2482.66 4486.87 2481.59 4487.90 2569.97 4395.64 2571.05
26071-200-M6-052-00001 0.1401733160018921 5867.34 2445.70 5941.46 2446.05 5940.91 2562.57 5866.79 2562.22
26071-200-M6-052-00002 0.9988943934440613 5033.04 1892.82 5124.85 1891.13 5126.51 1981.39 5034.71 1983.08
26071-200-M6-052-00002 0.132466122508049 6218.07 1866.58 6293.65 1865.17 6295.58 1969.32 6220.01 1970.73
26071-200-M6-052-00080 0.9991318583488464 4870.02 5198.55 4958.32 5198.70 4958.17 5290.11 4869.87 5289.97
26071-200-M6-052-00080 0.9990785121917725 1396.34 5197.72 1484.93 5198.10 1484.54 5291.06 1395.94 5290.68
26071-200-M6-052-00080 0.9988779425621033 3306.03 2043.24 3400.42 2042.81 3400.84 2135.54 3306.45 2135.96
26071-200-M6-052-00080 0.9987599849700928 6731.62 2045.22 6826.85 2042.37 6829.65 2135.93 6734.42 2138.78
26071-200-M6-052-00090 0.9991188645362854 4006.48 4784.49 4095.61 4783.17 4097.00 4877.39 4007.87 4878.70
26071-200-M6-052-00090 0.9990973472595215 982.84 4783.58 1072.78 4783.53 1072.83 4876.33 982.89 4876.38
26071-200-M6-052-00090 0.9972131848335266 5965.14 1584.06 6056.32 1583.19 6057.19 1674.59 5966.01 1675.46
26071-200-M6-052-00093 0.9990335702896118 6393.35 3542.61 6480.95 3542.18 6481.43 3637.80 6393.82 3638.23
26071-200-M6-052-00093 0.9965783953666687 5151.94 6215.00 5240.16 6214.93 5240.24 6306.69 5152.02 6306.77
26071-200-M6-052-00150 0.9992223978042603 6923.00 4724.07 7012.50 4722.81 7013.83 4817.31 6924.33 4818.57
26071-200-M6-052-00544 0.9989182949066162 2790.32 2245.08 2880.10 2245.10 2880.09 2337.12 2790.30 2337.10
26071-200-M6-062-00276 0.9987448453903198 2141.98 1770.95 2229.35 1771.35 2228.93 1864.01 2141.56 1863.61
26071-200-M6-063-00010 0.9988099336624146 4916.98 1890.92 5004.11 1891.45 5003.57 1981.22 4916.44 1980.70
26071-203-M6-060-00001 0.9987241625785828 3616.58 4604.16 3705.99 4604.59 3705.52 4700.19 3616.12 4699.76
26071-203-M6-060-00001 0.9985804557800293 3617.98 5550.94 3705.55 5550.29 3706.24 5643.22 3618.68 5643.87
26071-300-M6-053-00010 0.0802297443151474 6277.42 2570.52 6346.85 2570.60 6346.70 2703.23 6277.27 2703.15
26071-300-M6-053-00012 0.9992914199829102 5502.15 1597.04 5593.57 1594.84 5595.76 1685.98 5504.34 1688.18
26071-500-M6-059-00071 0.9982660412788391 7278.26 3543.88 7367.69 3544.30 7367.24 3638.73 7277.81 3638.31
26071-500-M6-059-00248 0.9992932081222534 2198.65 2716.10 2290.21 2715.85 2290.47 2809.21 2198.91 2809.47
26071-550-M6-084-00248 0.9989125728607178 2198.68 2243.50 2289.88 2242.55 2290.87 2335.83 2199.66 2336.79
26071-600-M6-065-00021 0.9985679388046265 5387.72 4134.91 5477.87 4133.40 5479.42 4225.59 5389.27 4227.11
26071-600-M6-065-00021 0.998521625995636 2861.02 4016.32 2948.51 4016.56 2948.26 4108.89 2860.76 4108.65
26071-600-M6-066-00002 0.05047374218702316 4213.14 2719.53 4290.28 2719.14 4290.71 2804.69 4213.57 2805.08
26071-600-M6-066-00012 0.9982251524925232 7276.13 2720.08 7367.90 2718.20 7369.72 2806.92 7277.95 2808.81
26071-700-M6-054-00013 0.9990247488021851 5153.57 3429.34 5241.68 3427.93 5243.09 3516.11 5154.98 3517.52
26071-700-M6-054-00013 0.9988250136375427 5153.65 5318.21 5242.28 5317.47 5243.01 5405.31 5154.39 5406.05
26071-700-M6-054-00036 0.9987228512763977 6865.86 5508.05 6953.66 5506.57 6955.14 5593.93 6867.34 5595.41
26071-750-M6-085-00012 0.9990749359130859 5270.84 6379.32 5358.32 6379.77 5357.86 6469.78 5270.38 6469.34
