26071-200-M6-052-00001 0.9997778534889221 5513.84 2257.11 5662.73 2257.51 5662.33 2405.93 5513.44 2405.53
26071-200-M6-052-00001 0.9997662901878357 3938.95 1982.76 4085.83 1980.17 4088.46 2128.90 3941.58 2131.50
26071-200-M6-052-00001 0.9995563626289368 4848.80 4638.71 4998.82 4639.06 4998.47 4788.79 4848.45 4788.44
26071-200-M6-052-00001 0.9995158910751343 4674.99 2733.19 4824.00 2733.33 4823.87 2883.48 4674.85 2883.35
26071-200-M6-052-00001 0.9993283748626709 5512.98 1695.51 5662.43 1695.56 5662.38 1845.46 5512.93 1845.42
26071-200-M6-052-00001 0.9992421865463257 5005.07 1695.70 5155.60 1695.61 5155.69 1843.71 5005.16 1843.81
26071-200-M6-052-00001 0.9992367029190063 4674.82 2260.82 4823.88 2261.74 4822.97 2409.33 4673.91 2408.41
26071-200-M6-052-00001 0.9991922974586487 4568.61 4639.34 4717.43 4639.37 4717.40 4787.88 4568.58 4787.85
26071-200-M6-052-00002 0.99978107213974 7133.59 5312.18 7283.02 5311.54 7283.66 5460.49 7134.23 5461.13
26071-200-M6-052-00002 0.999768078327179 7284.07 5312.15 7434.92 5310.98 7436.09 5461.28 7285.24 5462.46
26071-200-M6-052-00002 0.9997254014015198 5867.56 1387.58 6016.84 1388.16 6016.25 1537.80 5866.97 1537.22
26071-200-M6-052-00002 0.9996950626373291 4414.04 1388.21 4564.50 1388.75 4563.97 1537.20 4413.51 1536.66
26071-200-M6-052-00002 0.9995205402374268 4649.21 1671.75 4801.66 1672.54 4800.89 1820.25 4648.45 1819.46
26071-200-M6-052-00002 0.999504566192627 5867.56 1107.44 6016.90 1107.65 6016.69 1256.78 5867.35 1256.57
26071-200-M6-052-00002 0.9995017051696777 1933.17 5659.77 2082.22 5659.87 2082.12 5811.30 1933.07 5811.20
26071-200-M6-052-00002 0.9993311166763306 5594.82 1104.90 5744.01 1105.08 5743.83 1255.88 5594.64 1255.70
26071-200-M6-052-00002 0.9993269443511963 5005.51 1388.74 5153.69 1388.61 5153.82 1539.98 5005.64 1540.11
26071-200-M6-052-00002 0.9992241859436035 5473.30 4283.97 5621.74 4281.63 5624.14 4433.98 5475.70 4436.32
26071-200-M6-052-00002 0.9985104203224182 5193.14 4281.39 5343.27 4281.39 5343.28 4431.57 5193.15 4431.58
26071-200-M6-052-00003 0.9997993111610413 6855.03 4178.80 7005.28 4177.33 7006.75 4327.52 6856.50 4329.00
26071-200-M6-052-00003 0.9997808337211609 4178.22 2640.48 4327.17 2640.64 4327.00 2791.47 4178.05 2791.31
26071-200-M6-052-00003 0.9997765421867371 6706.84 4178.56 6855.58 4178.59 6855.54 4327.52 6706.80 4327.48
26071-200-M6-052-00003 0.9997395873069763 6555.75 4179.35 6703.83 4179.52 6703.66 4325.36 6555.58 4325.18
26071-200-M6-052-00003 0.9997134804725647 3421.96 2479.97 3571.89 2480.70 3571.16 2629.06 3421.23 2628.33
26071-200-M6-052-00003 0.9994989633560181 3089.06 4957.44 3239.52 4958.33 3238.64 5107.07 3088.18 5106.19
26071-200-M6-052-00003 0.999489426612854 2016.80 4178.58 2166.50 4178.38 2166.70 4325.98 2016.99 4326.18
26071-200-M6-052-00080 0.9997705817222595 6890.67 4857.11 7039.28 4857.21 7039.18 5007.48 6890.57 5007.38
26071-200-M6-052-00080 0.9996932744979858 3463.24 4858.80 3613.10 4859.03 3612.87 5008.36 3463.01 5008.12
26071-200-M6-052-00080 0.9996551275253296 2524.35 6041.64 2672.98 6041.69 2672.94 6191.49 2524.30 6191.44
26071-200-M6-052-00080 0.9996428489685059 6936.53 4189.83 7085.20 4190.35 7084.68 4340.21 6936.01 4339.69
26071-200-M6-052-00080 0.9996330738067627 2817.24 2017.51 2966.55 2016.94 2967.13 2166.50 2817.81 2167.07
26071-200-M6-052-00080 0.9995970129966736 5429.34 4833.84 5580.12 4834.01 5579.96 4982.34 5429.18 4982.17
26071-200-M6-052-00080 0.999594509601593 2006.18 4836.28 2154.43 4836.20 2154.50 4984.89 2006.25 4984.96
26071-200-M6-052-00080 0.9995700716972351 6241.61 2017.44 6391.51 2016.74 6392.20 2164.73 6242.30 2165.43
26071-200-M6-052-00080 0.9995588660240173 2004.12 3839.03 2155.15 3839.20 2154.99 3989.19 2003.96 3989.02
26071-200-M6-052-00080 0.9995487332344055 3512.82 4190.31 3661.45 4190.02 3661.74 4339.01 3513.11 4339.30
26071-200-M6-052-00080 0.9995484948158264 2817.17 2345.23 2965.73 2345.30 2965.66 2495.99 2817.10 2495.92
26071-200-M6-052-00080 0.9995180368423462 6242.38 2345.95 6390.54 2346.06 6390.43 2494.72 6242.27 2494.61
26071-200-M6-052-00080 0.9994933605194092 2359.78 840.55 2508.25 841.08 2507.72 989.15 2359.26 988.62
26071-200-M6-052-00080 0.9994877576828003 1879.61 6204.05 2028.90 6204.07 2028.88 6351.68 1879.60 6351.67
26071-200-M6-052-00080 0.9994736313819885 5426.44 3843.13 5575.39 3842.31 5576.21 3989.68 5427.26 3990.51
26071-200-M6-052-00080 0.9994499087333679 5427.02 4241.65 5574.94 4240.97 5575.63 4389.81 5427.71 4390.49
26071-200-M6-052-00080 0.9994459748268127 5960.31 1771.47 6109.71 1770.64 6110.53 1917.26 5961.13 1918.09
26071-200-M6-052-00080 0.9994025230407715 1878.94 5923.76 2028.36 5923.65 2028.47 6074.66 1879.05 6074.78
26071-200-M6-052-00080 0.9993701577186584 2535.08 1771.23 2684.42 1770.44 2685.19 1916.68 2535.85 1917.46
26071-200-M6-052-00080 0.9991191029548645 2002.04 4241.43 2150.01 4239.18 2152.31 4390.77 2004.34 4393.02
26071-200-M6-052-00090 0.9997279047966003 1556.34 4421.75 1706.21 4422.04 1705.92 4572.50 1556.05 4572.22
26071-200-M6-052-00090 0.9996999502182007 4568.69 4421.92 4718.45 4422.15 4718.22 4572.51 4568.46 4572.28
26071-200-M6-052-00090 0.9996083378791809 5474.54 1556.19 5623.54 1556.59 5623.15 1704.49 5474.15 1704.09
26071-200-M6-052-00090 0.9994656443595886 2413.92 1912.56 2563.75 1911.92 2564.38 2059.11 2414.55 2059.75
26071-200-M6-052-00090 0.9994410872459412 2414.92 1579.93 2565.34 1579.19 2566.07 1729.49 2415.65 1730.23
26071-200-M6-052-00090 0.9994149208068848 5343.57 1958.94 5493.55 1959.69 5492.81 2106.53 5342.83 2105.77
26071-200-M6-052-00090 0.9993871450424194 3861.60 2010.43 4012.20 2007.09 4015.51 2156.62 3864.91 2159.96
26071-200-M6-052-00090 0.9993809461593628 3398.70 5628.13 3547.83 5628.24 3547.72 5779.65 3398.60 5779.55
26071-200-M6-052-00090 0.9993098974227905 1556.08 3426.64 1706.25 3427.02 1705.88 3575.43 1555.71 3575.05
26071-200-M6-052-00090 0.9992977380752563 4568.10 3825.87 4717.56 3826.31 4717.12 3976.00 4567.66 3975.56
26071-200-M6-052-00090 0.9992586970329285 1556.11 3825.69 1705.55 3826.14 1705.10 3975.82 1555.66 3975.36
26071-200-M6-052-00090 0.9992164373397827 5079.85 5803.76 5230.82 5804.06 5230.53 5950.47 5079.56 5950.17
26071-200-M6-052-00090 0.999152660369873 2123.04 1352.33 2271.06 1352.47 2270.91 1503.99 2122.89 1503.85
26071-200-M6-052-00090 0.9990554451942444 4567.15 3426.23 4717.85 3426.29 4717.79 3576.40 4567.09 3576.33
26071-200-M6-052-00090 0.9989410042762756 5191.94 1307.41 5341.35 1306.69 5342.07 1456.75 5192.66 1457.47
26071-200-M6-052-00093 0.9996343851089478 3232.37 529.78 3382.48 529.59 3382.66 675.11 3232.54 675.29
26071-200-M6-052-00093 0.9996273517608643 987.16 1815.99 1136.25 1817.15 1135.10 1965.60 986.01 1964.45
26071-200-M6-052-00093 0.9995527863502502 6860.38 3126.23 7009.11 3126.55 7008.78 3277.39 6860.05 3277.06
26071-200-M6-052-00093 0.9995197057723999 5832.26 2757.90 5980.61 2758.41 5980.10 2906.70 5831.75 2906.19
26071-200-M6-052-00093 0.9993239641189575 5513.74 5533.67 5661.51 5533.73 5661.44 5684.03 5513.68 5683.96
26071-200-M6-052-00093 0.9993060827255249 7204.47 3125.73 7353.06 3126.80 7351.97 3278.03 7203.38 3276.96
26071-200-M6-052-00093 0.05347573757171631 4887.97 1470.89 5028.36 1466.13 5033.69 1623.04 4893.30 1627.80
26071-200-M6-052-00150 0.9999107122421265 5452.53 3990.36 5605.20 3990.04 5605.51 4138.26 5452.84 4138.57
26071-200-M6-052-00150 0.9997876286506653 4487.57 1154.90 4638.91 1154.70 4639.11 1302.88 4487.76 1303.08
26071-200-M6-052-00150 0.9997842907905579 2167.53 518.39 2317.28 518.51 2317.15 665.85 2167.41 665.73
26071-200-M6-052-00150 0.9997413754463196 4639.71 1155.83 4788.69 1155.47 4789.05 1303.33 4640.08 1303.69
26071-200-M6-052-00150 0.9997099041938782 2403.67 517.09 2553.02 517.77 2552.34 666.19 2402.99 665.51
26071-200-M6-052-00150 0.9996873140335083 6894.35 3234.46 7042.81 3234.46 7042.81 3378.89 6894.35 3378.89
26071-200-M6-052-00150 0.9996230602264404 4791.51 1155.95 4937.46 1154.15 4939.31 1303.70 4793.36 1305.50
26071-200-M6-052-00150 0.9996063113212585 5979.08 4505.15 6128.35 4505.84 6127.67 4654.61 5978.39 4653.93
26071-200-M6-052-00150 0.9994920492172241 1934.40 3989.60 2083.10 3989.36 2083.34 4136.60 1934.63 4136.84
26071-200-M6-052-00150 0.9994478821754456 5305.53 3989.34 5453.27 3989.24 5453.36 4133.96 5305.62 4134.06
26071-200-M6-052-00150 0.9993687272071838 4958.91 1451.37 5107.08 1450.08 5108.37 1597.77 4960.21 1599.07
26071-200-M6-052-00539 0.9995414018630981 6893.52 5474.66 7044.25 5475.30 7043.63 5623.64 6892.90 5623.00
26071-200-M6-052-00539 0.999422550201416 3745.86 3799.65 3897.91 3799.80 3897.77 3948.53 3745.72 3948.39
26071-200-M6-052-00539 0.9992231130599976 2758.55 4295.84 2906.23 4294.62 2907.47 4445.33 2759.80 4446.55
26071-200-M6-052-00539 0.998760461807251 3131.79 3801.00 3282.39 3801.02 3282.37 3948.41 3131.77 3948.39
26071-200-M6-052-00544 0.9998536109924316 4237.19 2818.96 4388.21 2819.53 4387.66 2966.73 4236.64 2966.16
26071-200-M6-052-00544 0.9998012185096741 2761.53 1691.45 2910.87 1691.80 2910.51 1842.90 2761.17 1842.54
26071-200-M6-052-00544 0.9997149109840393 6183.77 2308.16 6334.37 2308.85 6333.70 2457.28 6183.09 2456.60
26071-200-M6-052-00544 0.9996379613876343 4232.13 2971.07 4382.57 2968.27 4385.37 3118.24 4234.92 3121.04
26071-200-M6-052-00544 0.9996253252029419 5005.28 3311.66 5155.09 3311.92 5154.83 3461.96 5005.01 3461.70
26071-200-M6-052-00544 0.9995131492614746 3585.42 3606.04 3735.86 3606.99 3734.90 3758.12 3584.46 3757.17
26071-200-M6-052-00552 0.9995668530464172 4177.67 4295.49 4327.66 4295.90 4327.25 4445.54 4177.26 4445.13
26071-200-M6-062-00276 0.9999072551727295 2110.91 1211.35 2260.92 1211.92 2260.36 1362.39 2110.34 1361.82
26071-200-M6-062-00276 0.999858021736145 5831.33 2494.19 5979.97 2494.54 5979.63 2642.78 5830.98 2642.43
26071-200-M6-062-00276 0.9998062252998352 4768.37 2746.72 4918.35 2747.22 4917.85 2896.38 4767.87 2895.88
26071-200-M6-062-00276 0.9997337460517883 5120.61 3238.06 5274.50 3237.88 5274.68 3389.68 5120.79 3389.86
26071-200-M6-062-00276 0.9997093081474304 3349.35 3522.80 3497.85 3523.47 3497.16 3674.63 3348.66 3673.95
26071-200-M6-063-00010 0.999900221824646 5592.37 3930.14 5742.45 3930.29 5742.30 4079.54 5592.22 4079.39
26071-200-M6-063-00010 0.9998383522033691 4413.91 1387.93 4563.26 1388.41 4562.78 1537.02 4413.43 1536.54
26071-200-M6-063-00010 0.999821126461029 4887.44 1387.72 5035.57 1387.87 5035.42 1539.37 4887.29 1539.22
26071-200-M6-063-00010 0.9998188614845276 2287.76 2757.53 2437.67 2758.13 2437.08 2909.01 2287.16 2908.42
26071-200-M6-063-00010 0.9998080134391785 5245.37 3928.06 5394.50 3928.11 5394.45 4077.91 5245.32 4077.87
26071-203-M6-060-00001 0.9998949766159058 2996.95 1991.25 3146.53 1991.66 3146.13 2140.02 2996.55 2139.61
26071-203-M6-060-00001 0.9998918771743774 3586.75 916.46 3737.43 917.02 3736.88 1065.45 3586.20 1064.89
26071-203-M6-060-00001 0.9998874664306641 2997.03 2935.31 3146.05 2935.45 3145.92 3085.62 2996.90 3085.49
26071-203-M6-060-00001 0.9998635053634644 3232.97 5013.84 3382.89 5014.51 3382.23 5162.83 3232.31 5162.17
26071-203-M6-060-00001 0.9998626708984375 3586.82 5014.52 3737.09 5015.27 3736.35 5164.13 3586.07 5163.37
26071-203-M6-060-00001 0.9998592138290405 3587.12 4070.08 3736.80 4070.53 3736.36 4219.14 3586.68 4218.69
26071-203-M6-060-00001 0.9998589754104614 3232.82 4069.95 3382.55 4070.49 3382.02 4218.38 3232.28 4217.84
26071-203-M6-060-00001 0.9998389482498169 2997.02 903.91 3146.14 904.03 3146.01 1054.21 2996.90 1054.09
26071-203-M6-060-00001 0.9998375177383423 3586.77 648.57 3735.46 648.32 3735.71 794.22 3587.02 794.47
26071-203-M6-060-00001 0.9997723698616028 3871.63 647.07 4020.42 646.84 4020.65 794.33 3871.86 794.56
26071-203-M6-060-00001 0.9997672438621521 2761.16 4792.06 2911.56 4791.86 2911.75 4940.23 2761.36 4940.43
26071-203-M6-060-00001 0.9997624754905701 3233.23 2666.18 3382.34 2666.22 3382.30 2815.09 3233.19 2815.05
26071-203-M6-060-00001 0.9997485280036926 2760.97 3844.75 2911.15 3845.38 2910.52 3994.34 2760.34 3993.72
26071-203-M6-060-00001 0.999731719493866 3233.28 1733.58 3382.01 1733.59 3382.00 1881.72 3233.28 1881.72
26071-203-M6-060-00001 0.9997088313102722 3232.82 648.57 3381.87 647.38 3383.04 794.49 3234.00 795.68
26071-203-M6-060-00006 0.9998897314071655 2287.93 2188.19 2438.53 2188.86 2437.87 2338.67 2287.27 2338.01
26071-203-M6-060-00006 0.9998724460601807 3905.71 4697.16 4056.16 4697.29 4056.03 4845.30 3905.58 4845.16
26071-203-M6-060-00006 0.999864935874939 1332.79 4011.52 1481.27 4012.48 1480.30 4162.90 1331.82 4161.94
26071-203-M6-060-00006 0.9998639822006226 3905.70 3454.89 4055.68 3455.49 4055.09 3604.44 3905.11 3603.85
26071-203-M6-060-00006 0.9998633861541748 2678.12 2982.84 2826.86 2983.12 2826.58 3133.34 2677.84 3133.06
26071-203-M6-060-00006 0.9998406171798706 7367.00 5238.77 7517.08 5239.38 7516.47 5388.71 7366.39 5388.10
26071-203-M6-060-00006 0.9998152852058411 5949.22 2054.48 6100.55 2054.52 6100.50 2203.69 5949.18 2203.65
26071-203-M6-060-00006 0.9997785687446594 2689.79 3339.15 2839.90 3339.94 2839.13 3486.73 2689.02 3485.95
26071-203-M6-060-00006 0.99977046251297 2418.47 4696.16 2566.56 4696.27 2566.44 4845.76 2418.35 4845.65
26071-203-M6-060-00006 0.9997697472572327 4517.13 5501.30 4668.60 5501.04 4668.86 5652.17 4517.39 5652.43
26071-203-M6-060-00006 0.9997393488883972 1815.35 5501.57 1964.05 5501.93 1963.69 5652.03 1814.99 5651.67
26071-203-M6-060-00006 0.9997220635414124 1338.57 4497.37 1487.66 4496.90 1488.14 4645.38 1339.05 4645.85
26071-203-M6-060-00006 0.9995716214179993 4518.67 5047.69 4669.79 5047.47 4670.01 5201.49 4518.89 5201.70
26071-203-M6-060-00006 0.9995279312133789 1815.06 5047.32 1964.56 5046.79 1965.10 5200.39 1815.60 5200.92
26071-203-M6-060-00006 0.9991255402565002 4521.26 5351.48 4665.88 5350.79 4666.59 5501.48 4521.98 5502.16
26071-203-M6-060-00006 0.9990473389625549 1814.85 5201.37 1965.99 5201.46 1965.90 5352.51 1814.76 5352.42
26071-203-M6-060-00006 0.9990301132202148 1815.26 5351.37 1964.94 5351.44 1964.87 5502.56 1815.19 5502.49
26071-203-M6-060-00006 0.9990094900131226 4521.20 5202.87 4665.40 5202.29 4666.01 5352.74 4521.82 5353.32
26071-203-M6-060-00006 0.38753750920295715 4173.38 4783.76 4328.29 4782.02 4329.95 4929.52 4175.04 4931.26
26071-203-M6-060-00006 0.1456684172153473 2150.90 4779.17 2310.47 4775.87 2313.66 4930.17 2154.09 4933.46
26071-203-M6-060-00006 0.06217664107680321 2961.60 2987.04 3106.25 2984.76 3108.52 3128.68 2963.88 3130.97
26071-203-M6-079-00001 0.9998961687088013 4531.87 4432.95 4682.76 4433.79 4681.94 4581.41 4531.04 4580.57
26071-203-M6-079-00001 0.9998887777328491 3824.08 5406.99 3973.22 5406.51 3973.70 5555.56 3824.56 5556.05
26071-203-M6-079-00001 0.9998868703842163 4531.16 5376.16 4682.04 5376.23 4681.97 5527.03 4531.09 5526.96
26071-203-M6-079-00001 0.9998868703842163 3824.00 3399.62 3973.23 3399.23 3973.61 3546.07 3824.38 3546.46
26071-203-M6-079-00001 0.9998670816421509 4532.72 534.86 4681.92 534.89 4681.89 682.79 4532.69 682.76
26071-203-M6-079-00001 0.9998661279678345 4532.12 3370.72 4682.64 3371.26 4682.11 3518.24 4531.59 3517.70
26071-203-M6-079-00001 0.9998544454574585 4532.10 4167.33 4682.21 4167.68 4681.87 4313.25 4531.75 4312.90
26071-203-M6-079-00001 0.9998512268066406 3821.75 563.57 3972.60 564.26 3971.91 714.05 3821.06 713.35
26071-203-M6-079-00001 0.9998476505279541 3824.76 4462.93 3973.00 4462.58 3973.34 4609.08 3825.10 4609.42
26071-203-M6-079-00001 0.999835729598999 4532.21 268.00 4680.66 267.79 4680.87 415.92 4532.42 416.13
26071-203-M6-079-00001 0.9998345375061035 4531.15 3104.52 4681.63 3104.63 4681.52 3248.66 4531.04 3248.55
26071-203-M6-079-00001 0.9998328685760498 4531.57 5111.02 4680.69 5110.83 4680.88 5258.59 4531.76 5258.78
26071-203-M6-079-00001 0.999813973903656 4176.13 5111.04 4326.43 5111.92 4325.55 5261.28 4175.25 5260.40
26071-203-M6-079-00001 0.9997861981391907 4886.64 4166.62 5035.58 4167.31 5034.90 4314.64 4885.96 4313.96
26071-203-M6-079-00001 0.9997848868370056 4176.33 4163.38 4328.27 4163.25 4328.40 4314.68 4176.46 4314.81
26071-203-M6-079-00001 0.9997829794883728 4177.37 1212.30 4327.89 1212.43 4327.76 1358.93 4177.25 1358.80
26071-203-M6-079-00001 0.9997809529304504 4885.71 5110.80 5034.43 5111.70 5033.51 5262.43 4884.79 5261.52
26071-203-M6-079-00001 0.999775230884552 3824.17 2168.71 3974.54 2169.34 3973.91 2317.44 3823.54 2316.80
26071-203-M6-079-00001 0.9997614026069641 4886.86 3105.05 5035.87 3104.86 5036.05 3249.58 4887.04 3249.76
26071-203-M6-079-00001 0.999729335308075 4886.90 270.12 5035.93 270.05 5036.00 417.34 4886.97 417.41
26071-203-M6-079-00001 0.9996602535247803 4176.90 3103.18 4328.63 3104.02 4327.82 3250.73 4176.09 3249.88
26071-203-M6-079-00001 0.9995954632759094 4178.15 269.54 4326.58 269.45 4326.66 418.14 4178.23 418.22
26071-203-M6-160-00291 0.9998756647109985 1272.96 916.11 1421.99 916.20 1421.91 1065.33 1272.87 1065.24
26071-203-M6-160-00291 0.9998520612716675 1271.45 643.82 1422.34 643.90 1422.27 794.04 1271.37 793.97
26071-203-M6-160-00291 0.9998307228088379 3126.36 2723.55 3276.89 2724.18 3276.27 2872.18 3125.73 2871.54
26071-203-M6-160-00291 0.9998227953910828 6126.51 1155.45 6277.41 1155.43 6277.43 1302.98 6126.53 1303.00
26071-203-M6-160-00291 0.9997935891151428 1106.78 1743.26 1256.68 1743.38 1256.57 1891.10 1106.66 1890.98
26071-203-M6-160-00291 0.9997817873954773 6505.35 1435.56 6655.14 1436.01 6654.69 1585.91 6504.90 1585.46
26071-203-M6-160-00291 0.9997178912162781 6008.39 2304.82 6158.52 2304.82 6158.52 2451.26 6008.39 2451.26
26071-203-M6-160-00291 0.9995790123939514 2997.05 5549.55 3148.00 5550.39 3147.20 5695.30 2996.25 5694.46
26071-203-M6-160-00291 0.9995625615119934 5489.68 5547.86 5639.68 5548.40 5639.14 5697.86 5489.13 5697.31
26071-203-M6-320-00008 0.9998726844787598 6705.65 1765.30 6855.54 1765.77 6855.08 1913.77 6705.18 1913.30
26071-203-M6-320-00008 0.9998282194137573 6226.38 1766.62 6376.19 1767.29 6375.51 1918.00 6225.70 1917.33
26071-203-M6-320-00042 0.9998146891593933 4215.66 2365.16 4366.44 2365.51 4366.09 2515.66 4215.32 2515.32
26071-203-M6-320-00042 0.9997891783714294 6135.03 2903.40 6286.09 2903.97 6285.53 3053.72 6134.47 3053.15
26071-203-M6-325-00012 0.9998786449432373 3795.79 895.56 3945.94 896.17 3945.33 1044.22 3795.19 1043.61
26071-203-M6-325-00012 0.9998782873153687 2535.86 2544.18 2685.10 2544.35 2684.93 2694.82 2535.69 2694.65
26071-203-M6-325-00012 0.9998750686645508 3796.00 1856.92 3945.61 1857.11 3945.43 2002.62 3795.82 2002.43
26071-203-M6-325-00012 0.999864935874939 2535.48 923.65 2685.76 924.12 2685.28 1073.00 2535.01 1072.52
26071-203-M6-325-00012 0.9998602867126465 2535.80 3144.12 2685.10 3144.28 2684.94 3294.63 2535.64 3294.47
26071-203-M6-325-00012 0.9998579025268555 2535.73 1854.24 2685.98 1854.76 2685.46 2002.96 2535.21 2002.43
26071-203-M6-325-00012 0.9998564720153809 2535.42 3864.14 2685.29 3864.50 2684.93 4012.93 2535.07 4012.57
26071-203-M6-325-00012 0.9998457431793213 4155.81 4479.15 4305.80 4479.75 4305.20 4629.65 4155.21 4629.05
26071-203-M6-325-00012 0.9998365640640259 4156.09 3145.35 4306.35 3145.97 4305.74 3293.93 4155.48 3293.31
26071-203-M6-325-00012 0.9998350143432617 4111.07 2607.86 4259.83 2607.88 4259.81 2754.01 4111.05 2753.99
26071-203-M6-325-00012 0.9998337030410767 4410.74 2607.46 4560.90 2607.80 4560.56 2755.03 4410.40 2754.69
26071-203-M6-325-00012 0.9998331069946289 2535.04 4480.34 2686.05 4480.45 2685.94 4626.67 2534.93 4626.56
26071-203-M6-325-00012 0.9997575879096985 3285.39 684.66 3436.04 685.28 3435.43 834.36 3284.78 833.75
26071-203-M6-325-00012 0.999692440032959 3284.32 1615.18 3432.94 1615.71 3432.40 1767.01 3283.79 1766.48
26071-203-M6-325-00012 0.9996374845504761 2987.07 3146.49 3133.89 3146.19 3134.20 3295.96 2987.39 3296.27
26071-203-M6-325-00012 0.9996032118797302 3016.11 5169.79 3165.82 5169.99 3165.62 5317.67 3015.92 5317.46
26071-203-M6-325-00012 0.9995924830436707 2984.39 4480.59 3133.55 4481.64 3132.49 4632.21 2983.33 4631.15
26071-203-M6-325-00013 0.999783456325531 3390.88 3639.58 3541.52 3640.01 3541.10 3788.59 3390.45 3788.16
26071-203-M6-332-00001 0.9998606443405151 2055.68 533.99 2205.80 534.60 2205.18 684.64 2055.06 684.02
26071-203-M6-332-00001 0.9998526573181152 1486.65 4946.68 1633.90 4946.24 1634.35 5095.96 1487.10 5096.40
26071-203-M6-332-00001 0.9998088479042053 3194.03 2089.53 3343.16 2090.34 3342.34 2240.23 3193.21 2239.42
26071-203-M6-332-00001 0.9997923970222473 5293.55 2088.63 5442.06 2088.46 5442.23 2239.28 5293.73 2239.45
26071-203-M6-332-00001 0.9997921586036682 4454.36 2089.01 4602.12 2089.02 4602.11 2239.21 4454.34 2239.20
26071-203-M6-332-00001 0.9997885823249817 6450.86 3040.13 6601.55 3041.03 6600.64 3192.24 6449.96 3191.34
26071-203-M6-332-00001 0.9997841715812683 2445.62 263.23 2594.72 263.65 2594.30 413.78 2445.20 413.37
26071-203-M6-332-00001 0.9997838139533997 5713.89 2089.40 5863.39 2090.26 5862.53 2240.38 5713.03 2239.52
26071-203-M6-332-00001 0.9997790455818176 6811.36 3189.32 6961.18 3189.81 6960.69 3340.93 6810.88 3340.44
26071-203-M6-332-00001 0.9997754693031311 3613.85 2089.43 3763.22 2090.21 3762.43 2240.02 3613.06 2239.23
26071-203-M6-332-00001 0.9997665286064148 4873.19 2089.33 5022.91 2089.71 5022.53 2239.39 4872.82 2239.02
26071-203-M6-332-00001 0.9997649788856506 4032.27 2089.85 4181.00 2089.00 4181.86 2239.17 4033.13 2240.02
26071-203-M6-332-00001 0.9997602105140686 1935.60 3879.45 2085.92 3879.78 2085.59 4029.12 1935.27 4028.79
26071-203-M6-332-00001 0.9997503161430359 6134.36 2087.98 6285.35 2087.73 6285.60 2236.56 6134.60 2236.80
26071-203-M6-332-00001 0.9997304081916809 2057.16 5172.30 2206.14 5172.31 2206.13 5321.33 2057.15 5321.31
26071-203-M6-332-00001 0.9994847774505615 1486.56 3882.18 1634.85 3881.76 1635.27 4030.10 1486.97 4030.52
26071-203-M6-332-00008 0.9998373985290527 4305.85 6234.34 4455.14 6234.51 4454.97 6384.78 4305.68 6384.62
26071-203-M6-332-00008 0.9998140931129456 3855.52 3100.63 4006.11 3101.19 4005.57 3248.60 3854.97 3248.04
26071-203-M6-332-00008 0.9997885823249817 1425.17 3099.69 1576.38 3100.42 1575.65 3249.83 1424.44 3249.10
26071-203-M6-332-00008 0.9997443556785583 6286.47 3099.43 6434.53 3099.48 6434.49 3250.00 6286.43 3249.96
26071-203-M6-332-00008 0.9997101426124573 4304.97 5741.72 4455.24 5741.38 4455.58 5890.65 4305.31 5891.00
26071-203-M6-337-00007 0.999738872051239 2296.44 1150.65 2446.45 1151.17 2445.94 1299.27 2295.93 1298.76
26071-203-M6-337-00007 0.9995637536048889 5700.42 2501.84 5850.07 2501.67 5850.24 2652.44 5700.59 2652.61
26071-203-M6-337-00007 0.9993571639060974 5700.48 5171.69 5850.13 5171.53 5850.28 5322.48 5700.64 5322.64
26071-203-M6-337-00031 0.9998470544815063 1358.90 1119.60 1506.25 1119.70 1506.16 1269.78 1358.80 1269.68
26071-203-M6-337-00031 0.9997733235359192 1358.35 1359.68 1506.47 1359.71 1506.44 1509.81 1358.32 1509.79
26071-203-M6-337-00031 0.9997425675392151 1358.71 1599.89 1508.14 1600.38 1507.66 1748.37 1358.23 1747.88
26071-300-M6-053-00008 0.9998262524604797 3563.59 3987.05 3713.70 3987.71 3713.06 4134.77 3562.95 4134.12
26071-300-M6-053-00008 0.9998251795768738 3340.23 4875.61 3489.67 4874.94 3490.34 5024.63 3340.90 5025.29
26071-300-M6-053-00008 0.9998212456703186 6733.26 2746.76 6882.70 2747.03 6882.43 2897.09 6732.99 2896.82
26071-300-M6-053-00008 0.9998030066490173 6732.58 2393.69 6883.00 2394.39 6882.31 2542.54 6731.88 2541.84
26071-300-M6-053-00008 0.9997984766960144 6732.42 4460.54 6882.99 4461.30 6882.25 4608.79 6731.67 4608.03
26071-300-M6-053-00008 0.9997941851615906 5013.49 5229.37 5161.18 5228.92 5161.64 5377.17 5013.94 5377.62
26071-300-M6-053-00008 0.9997925162315369 3337.55 3104.71 3492.48 3104.85 3492.34 3254.71 3337.41 3254.56
26071-300-M6-053-00008 0.9997912049293518 3338.64 3459.07 3490.89 3458.02 3491.92 3607.14 3339.67 3608.19
26071-300-M6-053-00008 0.9997877478599548 3337.69 4522.89 3492.88 4522.67 3493.09 4671.56 3337.89 4671.78
26071-300-M6-053-00008 0.9997826218605042 3559.65 2215.95 3708.69 2216.02 3708.62 2365.25 3559.58 2365.18
26071-300-M6-053-00008 0.9997690320014954 3339.84 4167.15 3490.09 4166.35 3490.87 4315.08 3340.63 4315.88
26071-300-M6-053-00008 0.9997665286064148 6732.65 4104.94 6883.38 4105.67 6882.66 4254.73 6731.93 4254.00
26071-300-M6-053-00008 0.9997656941413879 2654.70 3635.34 2803.83 3635.24 2803.93 3783.98 2654.80 3784.07
26071-300-M6-053-00008 0.9997596144676208 3144.26 5364.87 3298.21 5363.94 3299.11 5512.83 3145.16 5513.77
26071-300-M6-053-00008 0.9997486472129822 2654.99 3281.54 2804.21 3281.43 2804.32 3428.95 2655.10 3429.07
26071-300-M6-053-00008 0.9997395873069763 2653.77 4344.41 2803.18 4344.44 2803.15 4491.60 2653.74 4491.57
26071-300-M6-053-00008 0.9997363686561584 2997.12 2218.29 3146.20 2218.13 3146.36 2365.49 2997.28 2365.66
26071-300-M6-053-00008 0.9997219443321228 6732.61 3752.13 6882.46 3752.26 6882.33 3898.76 6732.48 3898.63
26071-300-M6-053-00008 0.9997199177742004 2655.12 3989.55 2804.33 3989.49 2804.39 4138.09 2655.18 4138.15
26071-300-M6-053-00008 0.9997186064720154 6732.92 3102.48 6883.12 3102.76 6882.84 3250.64 6732.63 3250.35
26071-300-M6-053-00008 0.9997184872627258 3340.28 3815.22 3489.78 3814.90 3490.08 3957.05 3340.59 3957.37
26071-300-M6-053-00008 0.9997056126594543 3902.88 1237.42 4050.20 1237.28 4050.34 1385.67 3903.02 1385.81
26071-300-M6-053-00008 0.9997007846832275 2653.45 2926.56 2807.77 2926.86 2807.48 3075.72 2653.16 3075.42
26071-300-M6-053-00008 0.9996987581253052 4742.51 5639.78 4894.06 5639.50 4894.35 5790.21 4742.80 5790.50
26071-300-M6-053-00008 0.9996874332427979 2802.49 2927.14 2954.53 2926.66 2955.00 3075.65 2802.96 3076.13
26071-300-M6-053-00008 0.9996602535247803 2654.64 4698.21 2804.45 4697.99 2804.68 4847.01 2654.86 4847.24
26071-300-M6-053-00008 0.9996463060379028 3190.15 4874.85 3338.93 4875.12 3338.66 5023.35 3189.88 5023.08
26071-300-M6-053-00008 0.9996429681777954 4221.07 4459.56 4371.80 4460.30 4371.07 4608.48 4220.34 4607.74
26071-300-M6-053-00008 0.9996191263198853 4220.58 3751.42 4370.77 3751.61 4370.58 3898.39 4220.39 3898.20
26071-300-M6-053-00008 0.9996107220649719 4217.74 2748.75 4367.99 2748.18 4368.57 2899.16 4218.32 2899.73
26071-300-M6-053-00008 0.9995796084403992 4219.82 4106.89 4370.57 4106.68 4370.78 4257.22 4220.03 4257.44
26071-300-M6-053-00008 0.9995738863945007 4220.72 3101.86 4371.65 3102.57 4370.96 3250.13 4220.03 3249.42
26071-300-M6-053-00008 0.9995597004890442 3190.07 4164.33 3339.79 4164.76 3339.37 4313.44 3189.65 4313.01
26071-300-M6-053-00008 0.9995518326759338 4221.44 2392.79 4369.92 2392.82 4369.90 2541.55 4221.41 2541.53
26071-300-M6-053-00008 0.9995399713516235 2804.11 3283.46 2953.74 3283.86 2953.34 3427.50 2803.72 3427.10
26071-300-M6-053-00008 0.9995112419128418 3190.50 3457.62 3339.63 3457.83 3339.43 3605.67 3190.29 3605.47
26071-300-M6-053-00008 0.9995076656341553 2996.89 5361.27 3146.44 5361.72 3145.99 5510.59 2996.44 5510.13
26071-300-M6-053-00008 0.9995021820068359 3190.24 4519.76 3339.55 4520.08 3339.23 4668.88 3189.92 4668.56
26071-300-M6-053-00008 0.9994065761566162 2803.41 3989.44 2954.50 3989.12 2954.81 4140.11 2803.72 4140.43
26071-300-M6-053-00008 0.9993786811828613 3190.67 3811.31 3339.06 3811.44 3338.93 3959.46 3190.54 3959.34
26071-300-M6-053-00008 0.9993672966957092 2803.26 3634.80 2954.85 3634.41 2955.24 3786.53 2803.65 3786.92
26071-300-M6-053-00008 0.9993219375610352 2802.84 4697.96 2954.19 4697.85 2954.30 4847.88 2802.96 4847.99
26071-300-M6-053-00008 0.9993124008178711 2802.73 4343.79 2954.49 4343.43 2954.85 4494.61 2803.09 4494.98
26071-300-M6-053-00008 0.9993048906326294 3190.09 3101.58 3339.66 3101.97 3339.27 3250.44 3189.70 3250.04
26071-300-M6-053-00010 0.9998711347579956 5890.68 2097.47 6041.16 2098.23 6040.41 2246.25 5889.93 2245.48
26071-300-M6-053-00010 0.9998563528060913 5891.05 1804.98 6039.82 1805.71 6039.10 1951.32 5890.33 1950.59
26071-300-M6-053-00010 0.9998507499694824 4766.01 4390.51 4915.73 4390.21 4916.03 4540.53 4766.30 4540.82
26071-300-M6-053-00010 0.9998379945755005 1816.02 5259.25 1966.04 5259.59 1965.70 5409.21 1815.68 5408.86
26071-300-M6-053-00010 0.9997599720954895 2996.96 5261.02 3146.28 5260.76 3146.54 5408.87 2997.22 5409.13
26071-300-M6-053-00010 0.9997299313545227 4413.84 2098.94 4562.25 2099.52 4561.67 2247.89 4413.27 2247.32
26071-300-M6-053-00010 0.9997053742408752 5535.32 1802.58 5685.58 1802.72 5685.44 1951.83 5535.18 1951.69
26071-300-M6-053-00010 0.999630331993103 1295.54 3635.60 1445.04 3634.76 1445.87 3782.23 1296.37 3783.07
26071-300-M6-053-00010 0.9995662569999695 4343.15 4388.13 4492.25 4387.97 4492.41 4538.42 4343.32 4538.58
26071-300-M6-053-00012 0.9998512268066406 2760.79 4578.17 2911.16 4578.28 2911.05 4726.98 2760.69 4726.87
26071-300-M6-053-00012 0.9998291730880737 2052.27 3245.10 2201.08 3244.91 2201.26 3392.56 2052.45 3392.75
26071-300-M6-053-00012 0.9998086094856262 5016.49 1567.32 5166.50 1568.06 5165.78 1714.80 5015.77 1714.06
26071-300-M6-053-00012 0.9997875094413757 4060.01 2098.38 4209.36 2098.73 4209.02 2246.97 4059.67 2246.63
26071-300-M6-053-00012 0.9997621178627014 3155.91 3634.18 3305.45 3634.92 3304.71 3785.04 3155.17 3784.31
26071-300-M6-053-00012 0.9997357726097107 4420.38 1515.80 4568.64 1516.90 4567.53 1666.23 4419.27 1665.13
26071-300-M6-053-00012 0.9997357726097107 1213.47 4106.25 1361.74 4106.16 1361.84 4257.08 1213.56 4257.18
26071-300-M6-053-00012 0.9997298121452332 1769.11 4108.03 1917.59 4108.02 1917.59 4255.84 1769.11 4255.84
26071-300-M6-053-00012 0.9996368885040283 4725.74 1154.41 4874.93 1155.21 4874.13 1304.41 4724.94 1303.61
26071-300-M6-053-00309 0.9998934268951416 6303.84 503.98 6453.96 504.67 6453.28 651.86 6303.15 651.17
26071-300-M6-053-00309 0.9998898506164551 7484.67 5759.26 7634.41 5759.44 7634.23 5907.82 7484.49 5907.64
26071-300-M6-053-00309 0.9998780488967896 7483.91 5997.54 7635.02 5997.02 7635.53 6145.94 7484.42 6146.46
26071-300-M6-053-00309 0.9998281002044678 7484.40 6231.87 7634.30 6231.88 7634.29 6378.82 7484.38 6378.81
26071-300-M6-053-00309 0.9996148347854614 4634.22 609.33 4783.05 609.37 4783.01 758.18 4634.18 758.13
26071-450-M6-082-00009 0.9999001026153564 6303.94 5829.40 6451.28 5829.64 6451.04 5978.72 6303.70 5978.48
26071-450-M6-082-00009 0.9998853206634521 1046.98 1911.68 1197.14 1911.07 1197.74 2057.77 1047.58 2058.38
26071-450-M6-082-00009 0.999879002571106 5592.84 5761.36 5742.33 5761.81 5741.89 5910.33 5592.40 5909.88
26071-450-M6-082-00009 0.9997969269752502 4001.26 4270.34 4148.56 4270.33 4148.58 4421.42 4001.28 4421.44
26071-450-M6-082-00009 0.9997829794883728 1224.49 6399.27 1375.10 6399.02 1375.35 6546.80 1224.73 6547.04
26071-450-M6-082-00009 0.999763548374176 2336.08 3396.77 2484.74 3397.12 2484.39 3547.35 2335.72 3547.00
26071-450-M6-082-00009 0.9997566342353821 5122.81 4176.83 5273.70 4177.78 5272.76 4327.46 5121.87 4326.51
26071-450-M6-082-00009 0.9997541308403015 5829.23 1579.99 5979.08 1580.58 5978.49 1729.18 5828.65 1728.59
26071-450-M6-082-00009 0.9997501969337463 1992.96 1744.22 2142.73 1744.98 2141.98 1892.74 1992.21 1891.98
26071-450-M6-082-00009 0.9996823072433472 6599.86 5828.60 6746.64 5828.63 6746.61 5979.76 6599.83 5979.73
26071-450-M6-082-00009 0.9996412992477417 1320.38 3514.73 1468.84 3515.10 1468.47 3665.31 1320.01 3664.95
26071-450-M6-082-00009 0.999626636505127 2642.10 1506.15 2790.37 1506.07 2790.45 1658.77 2642.18 1658.85
26071-450-M6-082-00009 0.9996142387390137 6891.72 5832.74 7038.31 5831.76 7039.29 5980.31 6892.71 5981.28
26071-450-M6-082-00009 0.9995918869972229 1317.58 3256.30 1466.24 3255.76 1466.79 3407.60 1318.13 3408.14
26071-450-M6-082-00009 0.9995812773704529 1532.16 6113.62 1682.06 6113.84 1681.84 6264.01 1531.94 6263.79
26071-450-M6-082-00009 0.9995738863945007 2335.55 1683.93 2484.34 1683.99 2484.28 1831.29 2335.49 1831.23
26071-450-M6-082-00009 0.9995564818382263 1342.66 2570.27 1493.33 2570.95 1492.66 2719.15 1341.99 2718.46
26071-450-M6-082-00009 0.9994874000549316 4294.93 4271.86 4445.24 4272.55 4444.57 4419.92 4294.26 4419.24
26071-450-M6-082-00009 0.999320387840271 4884.31 5913.03 5034.65 5912.73 5034.96 6064.61 4884.61 6064.91
26071-450-M6-082-00009 0.12136723101139069 4891.16 5409.96 5035.64 5411.43 5034.17 5556.91 4889.69 5555.44
26071-450-M6-082-00031 0.9998725652694702 2996.69 2411.48 3146.53 2411.80 3146.20 2562.21 2996.36 2561.89
26071-450-M6-082-00031 0.999848484992981 5005.08 5570.04 5155.92 5569.93 5156.04 5719.14 5005.20 5719.26
26071-450-M6-082-00031 0.9998396635055542 4946.09 4223.27 5096.25 4224.16 5095.38 4372.48 4945.21 4371.60
26071-450-M6-082-00031 0.9998224377632141 5358.61 919.25 5507.81 918.66 5508.40 1065.96 5359.20 1066.55
26071-450-M6-082-00031 0.9998040795326233 5358.73 1578.58 5509.14 1579.32 5508.41 1727.08 5358.01 1726.34
26071-450-M6-082-00031 0.9998016953468323 4733.67 5570.39 4882.63 5570.57 4882.45 5718.05 4733.49 5717.87
26071-450-M6-082-00031 0.9997883439064026 5359.52 1269.94 5506.91 1270.04 5506.80 1421.15 5359.41 1421.04
26071-450-M6-082-00031 0.9997847676277161 2499.95 3988.03 2650.37 3988.28 2650.13 4136.34 2499.71 4136.09
26071-450-M6-082-00031 0.999777615070343 4022.29 5606.52 4171.90 5607.60 4170.81 5758.05 4021.20 5756.97
26071-450-M6-082-00031 0.9997556805610657 3733.14 4344.52 3882.16 4344.13 3882.54 4492.15 3733.52 4492.54
26071-500-M6-059-00011 0.9998385906219482 5026.35 729.44 5175.82 730.40 5174.87 879.42 5025.40 878.47
26071-500-M6-059-00011 0.9997308850288391 4531.99 3812.70 4681.67 3812.63 4681.74 3960.19 4532.06 3960.26
26071-500-M6-059-00011 0.9996993541717529 6446.39 726.30 6594.11 726.36 6594.05 876.57 6446.32 876.50
26071-500-M6-059-00011 0.9996694326400757 5913.05 729.88 6064.23 729.70 6064.40 876.31 5913.22 876.49
26071-500-M6-059-00011 0.9996206760406494 2606.06 4426.79 2756.64 4426.49 2756.95 4579.64 2606.36 4579.94
26071-500-M6-059-00011 0.9993649125099182 2604.75 4581.17 2754.90 4582.07 2754.02 4728.65 2603.88 4727.75
26071-500-M6-059-00011 0.9992710947990417 4968.60 4577.72 5118.09 4577.76 5118.04 4727.54 4968.55 4727.50
26071-500-M6-059-00013 0.9998125433921814 2406.57 3930.76 2555.40 3930.94 2555.23 4077.61 2406.40 4077.44
26071-500-M6-059-00013 0.9997945427894592 4024.22 3901.91 4174.89 3902.51 4174.29 4052.72 4023.62 4052.12
26071-500-M6-059-00013 0.9997662901878357 6304.14 1517.86 6454.21 1518.12 6453.94 1668.52 6303.88 1668.25
26071-500-M6-059-00013 0.9997565150260925 2772.51 4466.67 2920.77 4466.85 2920.59 4616.79 2772.34 4616.62
26071-500-M6-059-00013 0.9997133612632751 2677.75 5557.61 2826.96 5557.76 2826.81 5707.45 2677.61 5707.30
26071-500-M6-059-00013 0.9996696710586548 3704.42 4732.71 3853.30 4733.67 3852.34 4882.16 3703.46 4881.19
26071-500-M6-059-00013 0.9996663331985474 2051.28 4649.72 2199.72 4650.81 2198.64 4799.10 2050.20 4798.02
26071-500-M6-059-00013 0.9995471835136414 4024.26 3746.60 4174.12 3746.44 4174.28 3900.98 4024.42 3901.14
26071-500-M6-059-00013 0.9993603825569153 2359.02 5475.03 2507.15 5475.17 2507.02 5625.63 2358.89 5625.49
26071-500-M6-059-00013 0.9984838366508484 2357.48 5286.86 2505.86 5287.83 2504.88 5438.39 2356.50 5437.42
26071-500-M6-059-00013 0.32340487837791443 2352.12 4378.35 2508.76 4374.94 2512.13 4530.14 2355.50 4533.54
26071-500-M6-059-00017 0.9998688697814941 670.63 3044.85 818.95 3045.02 818.78 3195.41 670.46 3195.25
26071-500-M6-059-00017 0.9998167157173157 5372.52 1958.54 5524.71 1958.68 5524.58 2106.37 5372.38 2106.23
26071-500-M6-059-00017 0.9997591376304626 3519.45 1957.72 3666.78 1957.39 3667.10 2107.24 3519.78 2107.56
26071-500-M6-059-00017 0.9997550845146179 5524.10 1957.78 5675.20 1957.21 5675.76 2107.00 5524.67 2107.57
26071-500-M6-059-00017 0.999736487865448 1507.35 1955.90 1658.97 1956.07 1658.80 2105.50 1507.19 2105.33
26071-500-M6-059-00017 0.999729335308075 3367.64 1960.05 3515.80 1959.86 3515.98 2105.96 3367.82 2106.15
26071-500-M6-059-00017 0.9996711015701294 1357.77 1958.16 1508.20 1958.31 1508.05 2106.26 1357.63 2106.11
26071-500-M6-059-00017 0.9996298551559448 386.04 3482.29 536.98 3481.92 537.33 3628.28 386.39 3628.64
26071-500-M6-059-00017 0.9994695782661438 1341.70 2938.02 1489.05 2937.32 1489.76 3086.90 1342.41 3087.60
26071-500-M6-059-00017 0.9992444515228271 3066.79 3220.91 3215.54 3222.31 3214.14 3370.84 3065.39 3369.44
26071-500-M6-059-00017 0.9991825222969055 5073.42 3221.51 5222.72 3220.73 5223.52 3370.66 5074.21 3371.45
26071-500-M6-059-00044 0.9998323917388916 1047.99 3102.11 1198.16 3102.66 1197.62 3250.07 1047.45 3249.52
26071-500-M6-059-00071 0.9997656941413879 3897.60 1343.22 4047.88 1344.34 4046.77 1493.55 3896.49 1492.43
26071-500-M6-059-00071 0.9997593760490417 3746.60 1343.51 3897.07 1343.94 3896.64 1493.52 3746.17 1493.09
26071-500-M6-059-00071 0.9997102618217468 871.97 5191.48 1018.87 5191.39 1018.96 5342.28 872.06 5342.37
26071-500-M6-059-00071 0.9997084736824036 4814.94 3455.77 4965.49 3455.79 4965.47 3606.06 4814.92 3606.04
26071-500-M6-059-00071 0.9997040629386902 5323.96 3162.27 5472.48 3161.45 5473.31 3311.86 5324.79 3312.68
26071-500-M6-059-00071 0.999699592590332 4047.39 1344.51 4196.91 1344.06 4197.36 1492.05 4047.84 1492.51
26071-500-M6-059-00071 0.9996925592422485 7250.22 3053.68 7397.86 3053.86 7397.68 3204.53 7250.04 3204.35
26071-500-M6-059-00071 0.9996912479400635 4177.63 3454.37 4329.10 3454.11 4329.36 3604.13 4177.89 3604.40
26071-500-M6-059-00071 0.9996209144592285 480.94 4071.32 631.40 4070.83 631.89 4220.75 481.43 4221.24
26071-500-M6-059-00071 0.9995810389518738 2973.63 4071.15 3123.15 4071.88 3122.41 4222.26 2972.90 4221.53
26071-500-M6-059-00071 0.9995551705360413 5626.84 3163.27 5774.78 3162.11 5775.95 3311.10 5628.01 3312.26
26071-500-M6-059-00071 0.9995404481887817 871.66 4518.38 1018.42 4518.12 1018.69 4669.27 871.94 4669.53
26071-500-M6-059-00071 0.9995259046554565 5477.51 3161.44 5624.57 3160.83 5625.20 3312.39 5478.14 3313.00
26071-500-M6-059-00071 0.9994854927062988 2394.92 4072.29 2542.87 4072.13 2543.03 4220.99 2395.08 4221.14
26071-500-M6-059-00116 0.9998308420181274 4649.56 1411.43 4799.53 1411.54 4799.42 1562.24 4649.45 1562.13
26071-500-M6-059-00116 0.9998304843902588 2405.36 4767.73 2556.38 4768.47 2555.65 4915.79 2404.63 4915.04
26071-500-M6-059-00116 0.9997860789299011 5830.81 1518.10 5980.29 1518.82 5979.57 1667.06 5830.09 1666.33
26071-500-M6-059-00116 0.999778687953949 5642.70 6175.69 5791.31 6175.51 5791.49 6321.86 5642.87 6322.04
26071-500-M6-059-00116 0.9997579455375671 6245.09 5867.17 6395.84 5867.77 6395.25 6014.64 6244.51 6014.04
26071-500-M6-059-00116 0.9997500777244568 2051.86 4765.47 2202.22 4766.12 2201.57 4914.81 2051.21 4914.15
26071-500-M6-059-00116 0.9997069239616394 4957.78 1411.69 5106.01 1411.78 5105.92 1562.43 4957.69 1562.34
26071-500-M6-059-00116 0.9996724128723145 5240.03 1414.39 5388.33 1414.66 5388.06 1563.82 5239.76 1563.55
26071-500-M6-059-00116 0.9995482563972473 4363.99 1697.93 4512.91 1697.08 4513.77 1846.92 4364.84 1847.77
26071-500-M6-059-00116 0.9977155923843384 6292.42 6173.34 6440.75 6172.99 6441.10 6323.96 6292.78 6324.31
26071-500-M6-059-00248 0.9997808337211609 5713.44 4460.15 5863.41 4460.84 5862.73 4607.95 5712.76 4607.25
26071-500-M6-059-00248 0.9997465014457703 2525.69 1034.82 2673.60 1034.78 2673.64 1182.22 2525.73 1182.26
26071-500-M6-059-00248 0.9997263550758362 4178.17 1932.54 4328.11 1932.84 4327.81 2082.30 4177.87 2082.00
26071-500-M6-059-00248 0.9996168613433838 6067.43 4178.49 6218.43 4178.84 6218.09 4325.00 6067.09 4324.65
26071-500-M6-059-00248 0.9995983242988586 2170.25 752.79 2319.86 753.07 2319.59 900.38 2169.98 900.11
26071-500-M6-059-00248 0.9995569586753845 2171.03 2217.34 2319.36 2217.70 2319.00 2365.79 2170.68 2365.44
26071-500-M6-059-00248 0.9995105266571045 2806.50 4745.01 2956.47 4745.05 2956.43 4894.91 2806.46 4894.88
26071-500-M6-059-00248 0.9991543292999268 3125.84 4743.60 3274.83 4744.25 3274.16 4895.56 3125.17 4894.91
26071-550-M6-084-00248 0.9999076128005981 5477.77 3161.66 5627.52 3162.09 5627.10 3309.52 5477.34 3309.08
26071-550-M6-084-00248 0.999897837638855 2524.82 5643.20 2671.81 5642.76 2672.26 5791.23 2525.27 5791.68
26071-550-M6-084-00248 0.9998352527618408 2170.15 1742.56 2319.34 1742.54 2319.35 1893.22 2170.16 1893.23
26071-550-M6-084-00248 0.9998263716697693 4178.14 1460.66 4328.50 1461.42 4327.76 1608.32 4177.39 1607.56
26071-550-M6-084-00248 0.99982088804245 5831.25 2878.49 5982.24 2879.30 5981.46 3025.95 5830.47 3025.14
26071-550-M6-084-00248 0.9998027682304382 2169.78 5359.04 2319.83 5359.43 2319.45 5506.17 2169.40 5505.78
26071-550-M6-084-00248 0.9997734427452087 2759.04 4272.87 2908.34 4273.34 2907.88 4422.29 2758.58 4421.82
26071-550-M6-084-00248 0.9996263980865479 3127.35 4273.40 3277.21 4273.46 3277.14 4421.97 3127.28 4421.91
26071-600-M6-065-00021 0.9998635053634644 5358.77 3643.20 5506.89 3643.58 5506.51 3792.26 5358.39 3791.89
26071-600-M6-065-00021 0.9998482465744019 4943.70 3869.94 5093.86 3870.86 5092.94 4021.32 4942.78 4020.40
26071-600-M6-065-00021 0.9998331069946289 3859.01 1754.55 4007.06 1754.95 4006.67 1902.84 3858.61 1902.45
26071-600-M6-065-00021 0.9998193383216858 3858.51 1293.63 4007.82 1293.83 4007.62 1444.91 3858.31 1444.71
26071-600-M6-065-00021 0.9998165965080261 2288.38 2289.08 2437.20 2289.13 2437.15 2435.64 2288.33 2435.59
26071-600-M6-065-00021 0.9998070597648621 6421.46 3737.95 6571.21 3738.19 6570.96 3889.67 6421.21 3889.42
26071-600-M6-065-00021 0.999779999256134 4946.45 3635.89 5095.34 3635.81 5095.42 3781.97 4946.52 3782.05
26071-600-M6-065-00021 0.9997732043266296 2288.06 3671.11 2437.11 3671.00 2437.23 3817.18 2288.18 3817.29
26071-600-M6-065-00021 0.999765932559967 7260.70 3383.96 7411.10 3384.56 7410.50 3534.20 7260.10 3533.59
26071-600-M6-065-00021 0.9997140765190125 6586.82 2159.33 6736.27 2158.55 6737.05 2307.44 6587.60 2308.22
26071-600-M6-065-00021 0.9996888637542725 6437.24 2158.54 6588.04 2158.22 6588.35 2306.07 6437.55 2306.39
26071-600-M6-065-00021 0.11395109444856644 2487.95 2095.86 2637.99 2095.22 2638.64 2246.86 2488.60 2247.51
26071-600-M6-065-00021 0.06397249549627304 3857.31 1571.10 4005.08 1568.49 4007.78 1721.31 3860.01 1723.93
26071-600-M6-065-00037 0.9998816251754761 6090.62 2665.46 6241.59 2665.80 6241.26 2813.41 6090.29 2813.07
26071-600-M6-065-00037 0.9998670816421509 2453.72 2358.97 2604.32 2359.80 2603.52 2506.05 2452.92 2505.22
26071-600-M6-065-00037 0.9998568296432495 6362.87 2762.75 6512.82 2762.93 6512.64 2913.60 6362.68 2913.41
26071-600-M6-065-00037 0.9998242259025574 5346.68 2882.72 5497.58 2882.84 5497.46 3034.45 5346.56 3034.32
26071-600-M6-065-00037 0.9997994303703308 3765.09 3703.61 3915.15 3704.48 3914.28 3856.33 3764.22 3855.46
26071-600-M6-065-00037 0.999754011631012 2878.37 2534.70 3029.38 2535.16 3028.92 2684.27 2877.91 2683.81
26071-600-M6-065-00037 0.9997068047523499 7129.09 3704.37 7279.56 3705.23 7278.71 3855.98 7128.23 3855.12
26071-600-M6-065-00037 0.9996875524520874 1992.54 2817.79 2142.95 2818.52 2142.22 2968.08 1991.81 2967.35
26071-600-M6-065-00037 0.9996765851974487 1515.51 4346.00 1667.85 4345.28 1668.55 4491.69 1516.21 4492.41
26071-600-M6-065-00037 0.9994547963142395 4670.72 3896.80 4820.19 3894.58 4822.37 4041.16 4672.90 4043.38
26071-600-M6-065-00037 0.9994118213653564 1364.50 4343.21 1517.20 4343.64 1516.79 4493.14 1364.08 4492.71
26071-600-M6-065-00231 0.9998540878295898 5116.15 4721.77 5268.09 4721.24 5268.62 4873.52 5116.68 4874.05
26071-600-M6-065-00231 0.9998284578323364 3905.82 3242.25 4055.92 3243.01 4055.17 3390.61 3905.06 3389.84
26071-600-M6-065-00231 0.9997109770774841 5594.62 3551.27 5745.86 3551.80 5745.35 3699.22 5594.10 3698.69
26071-600-M6-065-00231 0.9995287656784058 4694.88 4497.49 4843.87 4497.05 4844.31 4646.78 4695.33 4647.22
26071-600-M6-065-00231 0.9994378685951233 4969.08 4721.03 5118.50 4721.21 5118.31 4869.00 4968.89 4868.82
26071-600-M6-066-00002 0.9998596906661987 7094.65 3361.88 7244.82 3362.04 7244.66 3511.11 7094.49 3510.95
26071-600-M6-066-00002 0.9998453855514526 5642.75 3219.49 5791.30 3219.61 5791.19 3369.48 5642.63 3369.37
26071-600-M6-066-00002 0.9997983574867249 5642.66 2879.79 5791.95 2879.57 5792.18 3029.34 5642.88 3029.56
26071-600-M6-066-00002 0.9997320771217346 5417.26 2692.34 5568.35 2692.18 5568.50 2835.04 5417.42 2835.21
26071-600-M6-066-00002 0.9996998310089111 5417.26 3514.93 5568.48 3515.65 5567.78 3665.14 5416.55 3664.43
26071-600-M6-066-00002 0.9996927976608276 5640.96 3715.93 5793.08 3715.75 5793.26 3867.51 5641.14 3867.68
26071-600-M6-066-00002 0.9995330572128296 2934.96 3278.12 3085.95 3278.16 3085.91 3427.80 2934.92 3427.77
26071-600-M6-066-00003 0.9998756647109985 4650.62 4189.39 4800.43 4190.04 4799.79 4337.21 4649.98 4336.57
26071-600-M6-066-00003 0.9998688697814941 5026.55 3693.10 5175.73 3693.78 5175.05 3843.58 5025.87 3842.90
26071-600-M6-066-00003 0.9998613595962524 5025.88 2748.70 5176.04 2749.60 5175.15 2898.06 5024.99 2897.16
26071-600-M6-066-00003 0.9998595714569092 5026.01 3221.42 5176.14 3222.46 5175.11 3370.57 5024.98 3369.52
26071-600-M6-066-00003 0.9998536109924316 4647.96 5913.02 4798.12 5913.37 4797.76 6064.28 4647.61 6063.93
26071-600-M6-066-00003 0.9998496770858765 5026.06 3457.68 5175.93 3458.67 5174.96 3606.84 5025.08 3605.85
26071-600-M6-066-00003 0.9998466968536377 4957.44 5640.05 5106.57 5640.30 5106.32 5790.49 4957.19 5790.24
26071-600-M6-066-00003 0.9998371601104736 5025.85 2985.11 5175.99 2986.11 5175.00 3134.19 5024.86 3133.18
26071-600-M6-066-00003 0.9998270869255066 5027.80 2275.94 5177.91 2276.58 5177.28 2423.68 5027.18 2423.04
26071-600-M6-066-00003 0.9997996687889099 2338.55 1344.93 2489.54 1344.68 2489.78 1491.20 2338.79 1491.45
26071-600-M6-066-00003 0.9997832179069519 5712.76 1342.69 5863.51 1343.55 5862.68 1490.02 5711.93 1489.16
26071-600-M6-066-00003 0.9997667670249939 5028.22 3926.90 5177.87 3927.55 5177.22 4077.30 5027.57 4076.65
26071-600-M6-066-00003 0.9997603297233582 1874.46 3869.73 2025.64 3870.29 2025.09 4019.09 1873.91 4018.53
26071-600-M6-066-00003 0.9997590184211731 5783.11 4190.94 5933.24 4189.24 5934.93 4337.98 5784.80 4339.68
26071-600-M6-066-00003 0.9997492432594299 5027.34 2514.06 5177.55 2513.64 5177.97 2660.17 5027.75 2660.59
26071-600-M6-066-00003 0.999729573726654 3116.13 3765.37 3263.41 3765.25 3263.53 3912.17 3116.24 3912.29
26071-600-M6-066-00003 0.9996788501739502 1337.60 4069.27 1488.11 4069.29 1488.08 4221.36 1337.58 4221.34
26071-600-M6-066-00003 0.9996377229690552 2996.39 1340.64 3147.06 1340.84 3146.86 1489.59 2996.20 1489.39
26071-600-M6-066-00003 0.9995867609977722 2487.75 1344.39 2636.99 1343.09 2638.29 1492.86 2489.05 1494.16
26071-600-M6-066-00003 0.9995701909065247 4647.94 5642.53 4798.79 5642.33 4798.98 5790.78 4648.13 5790.97
26071-600-M6-066-00003 0.9995286464691162 3585.67 5050.70 3737.94 5050.60 3738.03 5201.55 3585.76 5201.64
26071-600-M6-066-00003 0.9994854927062988 2635.49 5171.56 2785.56 5171.37 2785.75 5319.63 2635.68 5319.82
26071-600-M6-066-00012 0.9998915195465088 7721.18 2690.87 7869.96 2690.59 7870.24 2837.74 7721.46 2838.03
26071-600-M6-066-00012 0.9998887777328491 4000.38 1201.51 4150.45 1201.42 4150.55 1348.12 4000.48 1348.22
26071-600-M6-066-00012 0.9998407363891602 3645.21 1199.60 3795.81 1200.12 3795.30 1348.82 3644.69 1348.30
26071-600-M6-066-00012 0.9998337030410767 4000.37 1826.30 4151.31 1826.45 4151.16 1975.94 4000.22 1975.79
26071-600-M6-066-00012 0.9998140931129456 6539.54 1223.50 6690.45 1224.08 6689.88 1373.44 6538.97 1372.87
26071-600-M6-066-00012 0.9998055100440979 6185.81 3162.65 6335.34 3162.75 6335.24 3310.67 6185.71 3310.57
26071-600-M6-066-00012 0.9997679591178894 4323.42 3164.32 4476.04 3164.21 4476.15 3311.83 4323.53 3311.95
26071-600-M6-066-00012 0.9996824264526367 4024.56 3160.31 4173.58 3160.49 4173.40 3310.16 4024.38 3309.98
26071-600-M6-066-00012 0.9996740818023682 4171.89 3164.31 4326.16 3164.41 4326.07 3311.89 4171.79 3311.79
26071-675-M6-068-00034 0.9998905658721924 4246.30 1662.45 4395.67 1662.94 4395.18 1810.21 4245.82 1809.72
26071-675-M6-068-00034 0.9998530149459839 5025.99 4033.23 5174.78 4032.91 5175.09 4179.58 5026.31 4179.90
26071-675-M6-068-00034 0.9998341798782349 4485.61 1661.25 4632.27 1661.30 4632.22 1811.97 4485.56 1811.92
26071-675-M6-068-00034 0.9998223185539246 5017.25 4722.47 5167.58 4722.48 5167.56 4869.82 5017.24 4869.81
26071-675-M6-068-00034 0.9998138546943665 4816.37 1405.36 4965.23 1405.33 4965.26 1556.07 4816.40 1556.10
26071-675-M6-068-00034 0.9996387958526611 6090.58 2034.50 6240.43 2034.42 6240.51 2184.86 6090.66 2184.94
26071-700-M6-054-00013 0.9998175501823425 3587.02 1151.87 3736.46 1152.01 3736.32 1302.31 3586.88 1302.17
26071-700-M6-054-00013 0.9997838139533997 3587.26 4931.38 3736.04 4931.43 3735.98 5081.72 3587.20 5081.66
26071-700-M6-054-00013 0.999754011631012 3587.75 2690.73 3736.97 2690.64 3737.06 2839.08 3587.83 2839.17
26071-700-M6-054-00013 0.9997493624687195 3586.55 3043.10 3738.15 3043.90 3737.37 3191.70 3585.77 3190.90
26071-700-M6-054-00013 0.9997445940971375 3587.31 4580.91 3737.47 4580.87 3737.50 4727.61 3587.35 4727.64
26071-700-M6-054-00013 0.9996612071990967 3586.83 798.26 3738.28 798.97 3737.57 948.90 3586.13 948.19
26071-700-M6-054-00036 0.999902606010437 2524.40 2569.75 2674.39 2570.10 2674.04 2720.57 2524.06 2720.23
26071-700-M6-054-00036 0.9998779296875 5005.81 5879.89 5154.29 5879.62 5154.56 6026.30 5006.08 6026.58
26071-700-M6-054-00036 0.9998506307601929 5713.38 2333.09 5862.78 2333.78 5862.08 2483.41 5712.69 2482.72
26071-700-M6-054-00036 0.9998453855514526 6067.48 3456.64 6219.10 3457.07 6218.68 3604.44 6067.06 3604.01
26071-700-M6-054-00036 0.999810516834259 6066.59 5004.60 6215.28 5005.74 6214.12 5156.36 6065.43 5155.21
26071-700-M6-054-00036 0.9998098015785217 5063.41 2333.12 5214.22 2333.64 5213.71 2481.60 5062.90 2481.08
26071-700-M6-054-00036 0.9997918009757996 4531.87 5612.68 4682.59 5613.56 4681.72 5763.80 4530.99 5762.92
26071-700-M6-054-00036 0.9997534155845642 5476.57 2068.70 5627.01 2069.15 5626.56 2218.81 5476.12 2218.36
26071-700-M6-054-00036 0.9997480511665344 2996.86 2304.42 3146.69 2304.96 3146.14 2455.27 2996.31 2454.72
26071-700-M6-054-00036 0.9997339844703674 5690.21 3457.88 5839.77 3457.80 5839.85 3606.81 5690.29 3606.89
26071-700-M6-054-00246 0.9998414516448975 5657.92 3691.38 5807.75 3691.82 5807.31 3840.20 5657.49 3839.76
26071-750-M6-085-00007 0.999833345413208 1697.16 1543.09 1846.89 1543.20 1846.79 1690.43 1697.05 1690.32
26071-750-M6-085-00007 0.999819815158844 3736.27 4164.30 3886.95 4164.72 3886.54 4311.89 3735.86 4311.46
26071-750-M6-085-00007 0.9997640252113342 2760.10 1037.82 2911.36 1037.94 2911.24 1183.21 2759.98 1183.09
26071-750-M6-085-00007 0.9997420907020569 6362.08 3891.71 6513.39 3891.56 6513.54 4035.48 6362.22 4035.63
26071-750-M6-085-00007 0.9997342228889465 4295.87 2895.66 4445.87 2895.42 4446.11 3041.66 4296.11 3041.90
26071-750-M6-085-00007 0.9997079968452454 6655.41 5760.70 6804.85 5761.49 6804.06 5911.28 6654.62 5910.49
26071-750-M6-085-00007 0.9996973276138306 2126.43 3160.31 2277.02 3160.39 2276.94 3310.92 2126.35 3310.85
26071-750-M6-085-00007 0.9996840953826904 6362.21 3739.15 6515.08 3740.07 6514.17 3889.40 6361.30 3888.48
26071-750-M6-085-00007 0.9996582269668579 3720.66 3160.12 3871.15 3160.26 3871.00 3310.30 3720.52 3310.16
26071-750-M6-085-00007 0.9996432065963745 4768.09 2571.76 4917.54 2571.88 4917.43 2718.80 4767.98 2718.68
26071-750-M6-085-00007 0.9994876384735107 1499.32 2276.35 1648.56 2277.49 1647.42 2425.90 1498.18 2424.76
26071-750-M6-085-00007 0.9994192123413086 3096.76 2277.18 3244.70 2277.28 3244.60 2423.91 3096.66 2423.81
26071-750-M6-085-00007 0.05459684878587723 1589.63 3161.54 1739.57 3160.55 1740.56 3311.15 1590.62 3312.14
26071-750-M6-085-00007 0.0510842464864254 2060.77 2275.34 2203.60 2275.32 2203.61 2431.85 2060.79 2431.86
26071-750-M6-085-00012 0.9998863935470581 5830.88 5877.63 5981.46 5878.54 5980.57 6026.22 5829.98 6025.31
26071-750-M6-085-00012 0.9998540878295898 5240.93 5878.77 5390.55 5879.37 5389.95 6027.78 5240.34 6027.18
26071-750-M6-085-00012 0.999841570854187 6598.84 4425.58 6749.47 4426.13 6748.92 4573.38 6598.30 4572.83
26071-750-M6-085-00012 0.9998165965080261 4048.99 4934.87 4197.54 4934.64 4197.77 5080.90 4049.22 5081.13
26071-750-M6-085-00012 0.9998145699501038 1815.20 3214.64 1965.91 3215.18 1965.38 3364.16 1814.66 3363.62
26071-750-M6-085-00012 0.9998096823692322 4413.81 4425.10 4564.34 4425.73 4563.72 4573.53 4413.19 4572.90
26071-750-M6-085-00012 0.9998052716255188 2323.61 3182.32 2472.77 3182.54 2472.55 3329.62 2323.40 3329.40
26071-750-M6-085-00012 0.9997981190681458 6125.00 3520.38 6274.90 3521.11 6274.16 3671.15 6124.26 3670.41
26071-750-M6-085-00012 0.9997829794883728 3781.96 3268.57 3929.85 3268.64 3929.78 3419.43 3781.89 3419.36
26071-750-M6-085-00012 0.9997784495353699 2830.48 4186.04 2980.46 4186.36 2980.14 4337.09 2830.16 4336.77
26071-750-M6-085-00012 0.9997581839561462 4591.23 3298.06 4741.91 3298.35 4741.62 3448.19 4590.94 3447.90
26071-750-M6-085-00012 0.9997451901435852 6481.52 4107.63 6631.09 4107.77 6630.96 4255.00 6481.38 4254.86
26071-750-M6-085-00012 0.9997346997261047 4429.19 5997.58 4578.79 5997.86 4578.51 6144.20 4428.91 6143.92
26071-750-M6-085-00012 0.9997265934944153 6811.63 3298.18 6963.00 3298.46 6962.73 3445.91 6811.35 3445.63
26071-750-M6-085-00012 0.9997171759605408 4014.24 4139.19 4164.99 4140.05 4164.12 4292.27 4013.37 4291.41
26071-750-M6-085-00012 0.9997044205665588 1166.10 4991.94 1315.65 4992.61 1314.99 5141.22 1165.44 5140.56
26071-750-M6-085-00012 0.9996992349624634 7445.71 3281.47 7595.13 3280.90 7595.70 3429.69 7446.27 3430.25
26071-750-M6-085-00012 0.9996955394744873 5595.20 5595.65 5744.32 5595.52 5744.45 5742.66 5595.34 5742.80
26071-750-M6-085-00012 0.9996891021728516 2016.40 4213.39 2167.45 4214.52 2166.34 4363.69 2015.28 4362.56
26071-750-M6-085-00012 0.9996598958969116 5319.04 3278.61 5469.97 3279.18 5469.41 3427.98 5318.48 3427.41
26071-750-M6-085-00012 0.9996168613433838 2016.31 4063.00 2168.65 4063.84 2167.83 4212.18 2015.49 4211.34
26071-750-M6-085-00012 0.9995378255844116 2110.03 2814.00 2262.05 2814.79 2261.28 2963.40 2109.26 2962.62
26071-750-M6-085-00012 0.9994332194328308 4757.12 2924.38 4907.54 2924.19 4907.74 3077.95 4757.31 3078.14
26071-750-M6-085-00012 0.999423623085022 6894.70 2922.87 7043.56 2923.12 7043.30 3077.78 6894.44 3077.53
26071-750-M6-085-00012 0.9993491768836975 4010.08 4291.53 4162.41 4292.21 4161.73 4444.30 4009.40 4443.62
26071-750-M6-085-00012 0.999303936958313 6599.72 3014.14 6748.51 3014.31 6748.33 3164.37 6599.54 3164.20
26071-750-M6-085-00012 0.9992788434028625 4755.48 3076.15 4903.05 3073.86 4905.40 3225.73 4757.84 3228.01
26071-750-M6-085-00012 0.999277651309967 4413.87 3013.80 4565.43 3014.42 4564.80 3166.37 4413.24 3165.74
26071-750-M6-085-00012 0.9992088675498962 6891.93 3074.19 7041.10 3073.97 7041.32 3226.01 6892.15 3226.23
26071-750-M6-085-00286 0.9998182654380798 3582.41 2572.54 3734.86 2571.87 3735.52 2721.72 3583.07 2722.39
26071-750-M6-085-00286 0.9997972846031189 4531.43 2571.13 4681.53 2571.53 4681.14 2720.55 4531.04 2720.15
26071-750-M6-085-00286 0.9996517896652222 3429.36 2572.92 3582.51 2571.89 3583.51 2721.07 3430.36 2722.10
26071-750-M6-085-00286 0.9996185302734375 3998.88 2806.75 4148.56 2807.52 4147.78 2958.50 3998.10 2957.73
26071-750-M6-085-00309 0.9998568296432495 6775.53 1300.10 6924.49 1301.28 6923.31 1450.44 6774.35 1449.26
26071-750-M6-085-00309 0.9998283386230469 7246.68 1299.51 7396.48 1300.97 7395.00 1451.98 7245.20 1450.52
26071-750-M6-085-00309 0.9997503161430359 6480.48 1299.31 6630.74 1299.14 6630.91 1448.76 6480.65 1448.93
26071-750-M6-085-00309 0.9997187256813049 6696.43 3870.87 6845.11 3871.45 6844.53 4021.30 6695.85 4020.72
