26071-200-M6-052-00001 0.9884738326072693 3086.27 3367.15 3280.79 3368.27 3279.62 3573.92 3085.10 3572.81
26071-200-M6-052-00002 0.9843149781227112 3565.26 3108.83 3748.38 3109.95 3747.11 3317.33 3563.99 3316.21
26071-200-M6-052-00080 0.9849066138267517 3660.80 3862.28 3851.35 3863.17 3850.37 4075.18 3659.81 4074.30
26071-200-M6-052-00080 0.9828375577926636 7089.62 3862.67 7274.89 3863.52 7273.93 4071.81 7088.67 4070.96
26071-200-M6-052-00090 0.9891124367713928 3307.04 3449.17 3492.48 3450.34 3491.14 3663.22 3305.70 3662.06
26071-200-M6-052-00090 0.9847257733345032 6315.60 3449.51 6511.59 3448.03 6513.20 3661.48 6317.22 3662.96
26071-200-M6-052-00093 0.8664168119430542 4585.87 3840.28 4789.01 3841.25 4788.14 4023.54 4585.01 4022.58
26071-200-M6-052-00093 0.8378455638885498 4582.74 1479.68 4789.56 1480.63 4788.72 1661.58 4581.90 1660.63
26071-200-M6-052-00093 0.800088107585907 4582.91 4501.40 4786.04 4495.91 4791.00 4679.02 4587.86 4684.51
26071-200-M6-052-00093 0.7682467699050903 4582.56 2257.42 4788.39 2253.48 4791.88 2435.64 4586.05 2439.58
26071-200-M6-052-00539 0.9911066889762878 3909.87 5379.33 4110.89 5375.88 4114.43 5581.46 3913.40 5584.91
26071-200-M6-063-00010 0.4922364056110382 3084.83 3956.15 3282.49 3957.42 3281.07 4178.14 3083.40 4176.87
26071-203-M6-160-00291 0.050181806087493896 2732.24 5291.28 2905.00 5283.78 2913.80 5486.45 2741.03 5493.95
26071-203-M6-332-00008 0.18108975887298584 4490.81 444.91 4661.51 450.36 4652.55 731.14 4481.84 725.69
26071-203-M6-337-00031 0.10913639515638351 5607.22 1111.22 5787.42 1111.16 5787.48 1295.14 5607.28 1295.20
26071-203-M6-337-00031 0.0897265076637268 5620.76 2869.19 5796.64 2868.89 5796.96 3061.22 5621.08 3061.51
26071-203-M6-337-00031 0.08805602788925171 3555.17 594.25 3777.36 592.09 3779.18 779.28 3556.99 781.44
26071-203-M6-337-00031 0.08373437076807022 5615.23 1398.74 5803.77 1399.17 5803.33 1590.76 5614.79 1590.33
26071-203-M6-337-00031 0.07397596538066864 5620.16 1757.11 5795.26 1757.11 5795.25 1952.53 5620.16 1952.52
26071-203-M6-337-00031 0.07369241863489151 5619.04 2087.04 5795.36 2086.76 5795.67 2281.36 5619.35 2281.64
26071-203-M6-337-00031 0.061559680849313736 5620.47 2508.60 5795.85 2508.11 5796.40 2702.66 5621.02 2703.15
26071-300-M6-053-00010 0.17317776381969452 2612.71 4324.14 2807.74 4326.06 2805.89 4513.91 2610.86 4511.99
26071-300-M6-053-00012 0.9530395865440369 5679.17 2271.95 5871.23 2271.49 5871.72 2477.31 5679.67 2477.77
26071-300-M6-053-00309 0.056092049926519394 4070.36 5152.21 4228.58 5153.30 4226.55 5447.76 4068.33 5446.67
26071-300-M6-053-00309 0.05499274656176567 4055.03 3045.67 4237.25 3047.94 4233.98 3309.82 4051.76 3307.55
26071-300-M6-053-00309 0.050002869218587875 5995.30 1186.59 6193.01 1185.95 6193.67 1387.28 5995.96 1387.93
26071-450-M6-082-00031 0.9810512065887451 3609.65 3226.48 3803.23 3227.52 3802.11 3434.33 3608.53 3433.28
26071-500-M6-059-00248 0.18780064582824707 4415.30 4435.22 4605.60 4434.29 4606.62 4643.73 4416.33 4644.66
26071-550-M6-084-00248 0.31638363003730774 4429.38 3955.48 4620.66 3957.87 4617.97 4172.50 4426.69 4170.10
26071-675-M6-068-00034 0.14448167383670807 2993.84 4862.22 3178.55 4864.41 3176.44 5042.32 2991.73 5040.13
26071-675-M6-068-10002 0.07507345080375671 7519.59 2005.06 7698.29 2005.36 7697.99 2188.06 7519.29 2187.77
26071-700-M6-054-00036 0.9899213314056396 3769.48 3486.84 3960.32 3485.30 3962.01 3693.62 3771.17 3695.16
26071-750-M6-085-00012 0.07913558185100555 4993.68 4263.64 5176.37 4264.60 5175.41 4446.52 4992.73 4445.56
26071-750-M6-085-00012 0.061797261238098145 7184.21 4268.30 7377.83 4270.17 7376.14 4445.56 7182.52 4443.69
26071-750-M6-085-00012 0.0595223493874073 2297.77 4266.76 2493.89 4268.22 2492.56 4447.11 2296.44 4445.65
