26071-200-M6-052-00003 0.06179742142558098 5120.85 5225.74 5273.42 5225.45 5273.71 5373.67 5121.14 5373.97
26071-203-M6-060-00006 0.15881283581256866 1335.16 4238.95 1483.80 4239.67 1483.06 4390.13 1334.43 4389.40
26071-203-M6-060-00006 0.10670292377471924 4174.92 4773.17 4329.83 4772.86 4330.15 4929.68 4175.24 4929.99
26071-203-M6-060-00006 0.07927403599023819 2154.81 4773.09 2309.26 4772.75 2309.61 4929.57 2155.16 4929.92
26071-300-M6-053-00012 0.1477607786655426 5312.08 3893.78 5464.55 3890.56 5467.73 4041.05 5315.26 4044.28
26071-300-M6-053-00309 0.9978246688842773 6007.61 5100.40 6160.71 5100.56 6160.56 5241.55 6007.47 5241.40
26071-300-M6-053-00309 0.9972527623176575 6006.49 5289.00 6157.97 5290.54 6156.48 5437.58 6005.00 5436.04
26071-300-M6-053-00309 0.9969714879989624 6004.32 5480.57 6152.56 5477.26 6155.87 5626.01 6007.64 5629.31
26071-300-M6-053-00309 0.39216479659080505 5463.52 6174.48 5630.17 6169.69 5634.72 6328.20 5468.07 6332.99
26071-300-M6-053-00309 0.367496132850647 5173.00 6168.80 5332.80 6166.19 5335.44 6327.69 5175.64 6330.30
26071-300-M6-053-00309 0.36180365085601807 4878.41 6166.91 5034.23 6164.50 5036.76 6327.57 4880.94 6329.98
26071-450-M6-082-00009 0.9980576634407043 1638.59 2573.52 1789.96 2573.57 1789.92 2718.35 1638.55 2718.31
26071-450-M6-082-00009 0.9972366094589233 749.01 1915.22 895.83 1912.10 898.91 2057.01 752.10 2060.14
26071-450-M6-082-00009 0.980309009552002 1637.05 2720.14 1788.01 2721.40 1786.72 2874.25 1635.76 2872.98
26071-450-M6-082-00009 0.7644906640052795 5231.62 1867.22 5385.62 1862.88 5390.00 2018.04 5235.99 2022.38
26071-450-M6-082-00009 0.6777281165122986 5124.66 4459.65 5270.19 4459.19 5270.66 4608.92 5125.14 4609.38
26071-450-M6-082-00009 0.648876428604126 2330.79 1886.14 2480.26 1885.40 2481.01 2035.59 2331.53 2036.33
26071-450-M6-082-00009 0.5098077058792114 2016.71 3259.09 2165.89 3258.20 2166.78 3407.91 2017.60 3408.81
26071-450-M6-082-00009 0.23912490904331207 904.68 6119.18 1057.09 6117.82 1058.42 6268.14 906.01 6269.50
26071-450-M6-082-00009 0.09272664040327072 907.58 5965.20 1058.91 5965.17 1058.94 6113.22 907.61 6113.25
26071-500-M6-059-00013 0.9929157495498657 3350.04 4266.09 3501.85 4266.34 3501.60 4415.67 3349.79 4415.41
26071-500-M6-059-00013 0.9926226139068604 2684.20 4222.80 2838.59 4225.77 2835.67 4376.92 2681.28 4373.95
26071-500-M6-059-00013 0.9668933153152466 2676.83 5291.52 2829.65 5290.88 2830.25 5435.21 2677.43 5435.85
26071-500-M6-059-00013 0.10212985426187515 2354.33 4381.03 2509.80 4381.45 2509.42 4524.12 2353.94 4523.70
26071-500-M6-059-00116 0.09760681539773941 6292.14 6172.61 6441.80 6171.42 6443.00 6321.10 6293.33 6322.29
