26071-200-M6-052-00093 0.1225980594754219 4586.77 2248.52 4788.88 2248.30 4789.07 2430.68 4586.96 2430.89
26071-200-M6-052-00093 0.11484064161777496 4584.16 3845.42 4793.74 3845.23 4793.90 4025.57 4584.33 4025.76
26071-200-M6-052-00093 0.10041937232017517 4588.51 4494.19 4790.21 4493.73 4790.62 4673.59 4588.92 4674.05
26071-200-M6-052-00093 0.0959133729338646 4588.24 1481.79 4793.29 1481.69 4793.37 1662.77 4588.33 1662.86
26071-200-M6-052-00540 0.05788552388548851 1930.46 358.53 2461.67 361.40 2460.10 652.75 1928.89 649.88
26071-200-M6-052-00540 0.05682225525379181 5133.82 5866.83 5700.53 5859.93 5703.90 6136.00 5137.19 6142.90
26071-200-M6-062-00276 0.09075568616390228 3805.77 3711.67 3980.62 3712.38 3979.92 3887.56 3805.07 3886.86
26071-203-M6-060-00006 0.12152021378278732 3315.44 4219.93 3743.55 4220.82 3743.18 4399.04 3315.07 4398.14
26071-203-M6-060-00006 0.10840462148189545 2740.02 4218.78 3164.33 4216.30 3165.39 4397.72 2741.08 4400.20
26071-203-M6-060-00006 0.0929366797208786 7164.92 4125.19 7320.45 4125.13 7320.50 4242.98 7164.97 4243.04
26071-203-M6-160-00291 0.053445782512426376 2876.79 3586.17 3777.70 3588.76 3777.08 3802.21 2876.17 3799.62
26071-203-M6-325-00012 0.07167141884565353 5063.61 6553.50 5316.50 6553.24 5316.61 6659.41 5063.72 6659.67
26071-203-M6-332-00001 0.6825109124183655 5368.19 2869.35 5812.30 2869.36 5812.29 3415.59 5368.18 3415.58
26071-203-M6-332-00001 0.6718032360076904 3267.04 2867.41 3714.69 2867.57 3714.50 3421.09 3266.85 3420.93
26071-203-M6-332-00001 0.6557231545448303 4523.43 2868.46 4964.94 2866.69 4967.14 3417.33 4525.64 3419.10
26071-203-M6-332-00001 0.6447983980178833 3679.58 2865.08 4122.89 2862.76 4125.80 3419.36 3682.50 3421.68
26071-203-M6-332-00001 0.6393136978149414 2864.32 2830.37 3310.19 2838.94 3298.27 3459.06 2852.40 3450.49
26071-203-M6-332-00001 0.6391072869300842 4094.82 2879.31 4570.98 2877.93 4572.57 3424.89 4096.40 3426.27
26071-203-M6-332-00001 0.6147376298904419 5769.89 2857.24 6218.50 2855.08 6221.29 3435.12 5772.68 3437.28
26071-203-M6-332-00001 0.6013250946998596 4966.76 2830.98 5409.07 2839.62 5396.96 3460.05 4954.64 3451.42
26071-203-M6-337-00031 0.9930877089500427 5607.76 2091.27 5794.30 2091.55 5794.03 2277.26 5607.48 2276.99
26071-203-M6-337-00031 0.9927109479904175 5607.95 1763.82 5792.92 1763.99 5792.75 1949.54 5607.78 1949.37
26071-203-M6-337-00031 0.9917585253715515 5606.70 2515.48 5792.37 2515.74 5792.11 2697.44 5606.44 2697.18
26071-203-M6-337-00031 0.9906653165817261 5608.57 2877.21 5794.72 2876.18 5795.72 3056.98 5609.57 3058.01
26071-203-M6-337-00031 0.9900484085083008 5611.17 1107.04 5797.84 1106.15 5798.70 1287.69 5612.04 1288.58
26071-203-M6-337-00031 0.9873815178871155 5607.85 1405.43 5801.51 1405.15 5801.78 1588.54 5608.11 1588.83
26071-203-M6-337-00031 0.9691758155822754 4712.33 3113.48 5023.87 3113.84 5023.66 3295.20 4712.12 3294.84
26071-203-M6-337-00031 0.9589559435844421 4711.98 1613.15 5025.02 1613.36 5024.90 1795.39 4711.86 1795.19
26071-203-M6-337-00031 0.9543274641036987 4717.17 2361.36 5025.41 2361.75 5025.18 2544.39 4716.94 2543.99
26071-203-M6-337-00031 0.895918607711792 4709.62 1971.76 5030.69 1976.58 5028.00 2155.41 4706.93 2150.59
26071-203-M6-337-00031 0.8011325001716614 4724.44 1252.67 5008.56 1254.36 5007.49 1434.21 4723.37 1432.51
26071-203-M6-337-00031 0.6538295149803162 4729.12 2754.59 4994.38 2756.23 4993.27 2934.54 4728.01 2932.89
26071-203-M6-337-00031 0.35742437839508057 3878.41 615.36 4025.82 616.42 4024.38 816.64 3876.97 815.58
26071-203-M6-337-00031 0.2342071235179901 3771.04 4551.57 4336.24 4556.17 4331.69 5115.75 3766.49 5111.15
26071-203-M6-337-00031 0.20087702572345734 5004.89 2451.83 5491.47 2455.86 5490.68 2551.85 5004.09 2547.82
26071-203-M6-337-00031 0.1581016629934311 5014.81 1694.53 5478.70 1695.19 5478.57 1787.50 5014.67 1786.83
26071-203-M6-337-00031 0.14456237852573395 5461.25 1958.52 5940.95 1960.99 5940.48 2052.61 5460.78 2050.14
26071-203-M6-337-00031 0.08737354725599289 4922.74 3071.44 5612.54 3076.39 5609.93 3439.30 4920.13 3434.34
26071-203-M6-337-00031 0.07682967185974121 5349.01 510.87 5716.95 514.20 5710.92 1179.61 5342.97 1176.28
26071-203-M6-337-00031 0.07427522540092468 2012.21 1013.72 2547.95 1012.03 2549.62 1541.77 2013.88 1543.45
26071-203-M6-337-00031 0.06814095377922058 5450.58 1582.31 5971.95 1582.02 5972.00 1680.54 5450.63 1680.83
26071-203-M6-337-00031 0.05718526616692543 3775.06 3674.59 4320.18 3680.50 4314.51 4203.45 3769.40 4197.54
26071-203-M6-337-00031 0.056822892278432846 5462.34 2709.17 5974.51 2711.38 5974.06 2815.19 5461.90 2812.98
26071-203-M6-337-00031 0.05540905147790909 5471.86 1296.67 5932.68 1302.14 5931.71 1384.23 5470.89 1378.76
26071-300-M6-053-00309 0.588219165802002 3503.20 5206.54 4124.07 5204.98 4124.53 5387.48 3503.66 5389.04
26071-300-M6-053-00309 0.5100705623626709 3454.10 3076.53 4136.75 3077.79 4136.39 3268.48 3453.74 3267.21
26071-300-M6-053-00309 0.14853857457637787 5986.01 1187.36 6193.73 1187.65 6193.44 1388.01 5985.72 1387.72
26071-300-M6-053-00309 0.13292160630226135 5921.79 2015.21 6123.06 2015.40 6122.88 2216.07 5921.61 2215.89
26071-300-M6-053-00309 0.0684385895729065 6059.26 2131.93 6831.00 2135.59 6829.91 2363.99 6058.17 2360.33
26071-300-M6-053-00309 0.06115127354860306 5353.79 3308.88 5536.32 3309.44 5535.98 3419.54 5353.46 3418.98
26071-450-M6-082-00009 0.06791971623897552 2792.79 2611.82 2907.31 2607.15 2910.65 2689.08 2796.13 2693.75
26071-500-M6-059-00013 0.8892545700073242 5320.17 1761.22 5550.42 1760.10 5550.88 1852.83 5320.62 1853.95
26071-500-M6-059-00017 0.08252868801355362 1839.88 3739.47 2247.91 3741.78 2246.80 3938.75 1838.77 3936.44
26071-500-M6-059-00017 0.07190771400928497 3820.79 3743.66 4256.37 3745.66 4255.50 3934.07 3819.93 3932.07
26071-500-M6-059-00017 0.0651666596531868 5823.33 3743.47 6267.21 3745.46 6266.36 3935.41 5822.48 3933.42
26071-500-M6-059-00017 0.061267126351594925 3301.45 3997.19 4000.10 4003.51 3997.75 4263.06 3299.10 4256.74
26071-500-M6-059-00040 0.215453639626503 3602.82 2818.61 3786.75 2822.84 3782.55 3005.81 3598.61 3001.59
26071-500-M6-059-00044 0.09901892393827438 2812.68 1976.94 2915.50 1977.36 2915.04 2089.70 2812.23 2089.28
26071-500-M6-059-00044 0.07928425818681717 3549.92 4714.90 3712.06 4713.75 3713.86 4966.56 3551.72 4967.71
26071-500-M6-059-00248 0.08305280655622482 4415.47 4431.23 4600.05 4430.94 4600.38 4644.43 4415.81 4644.72
26071-550-M6-084-00026 0.052974339574575424 2183.57 3336.41 2335.88 3330.09 2342.02 3478.23 2189.71 3484.54
26071-600-M6-066-00012 0.07585317641496658 5390.47 1365.70 5464.53 1366.11 5461.90 1843.03 5387.83 1842.62
26071-675-M6-068-00034 0.10407909750938416 4938.77 3181.75 5133.78 3181.27 5133.95 3250.04 4938.94 3250.51
26071-675-M6-068-00034 0.10076102614402771 6739.02 2998.56 6933.93 2998.31 6934.01 3062.24 6739.10 3062.49
26071-675-M6-068-00034 0.08975706994533539 2681.85 4843.59 3082.53 4842.64 3082.99 5037.19 2682.31 5038.14
26071-675-M6-068-00034 0.0735243558883667 3429.04 4849.41 3869.84 4848.27 3870.33 5036.57 3429.53 5037.71
26071-700-M6-054-00036 0.17386947572231293 4030.54 3371.60 4576.19 3364.13 4580.50 3678.88 4034.85 3686.36
26071-700-M6-054-00036 0.07107965648174286 4680.35 1397.35 4757.03 1397.53 4755.88 1895.00 4679.20 1894.83
26071-750-M6-085-00007 0.12676019966602325 3259.51 2645.84 3724.92 2647.71 3724.47 2758.11 3259.07 2756.24
26071-750-M6-085-00007 0.10182566940784454 1659.15 2646.36 2128.99 2649.85 2128.19 2756.72 1658.35 2753.22
26071-750-M6-085-00012 0.7175212502479553 5106.67 4257.03 5488.01 4259.79 5486.62 4452.64 5105.27 4449.88
26071-750-M6-085-00012 0.6238242983818054 7276.30 4250.94 7673.62 4254.78 7671.73 4450.30 7274.41 4446.46
26071-750-M6-085-00012 0.08445585519075394 3118.66 4269.73 3546.87 4271.14 3546.31 4440.48 3118.11 4439.08
26071-750-M6-085-00012 0.05901835486292839 7072.61 5379.83 7743.95 5371.65 7746.90 5613.87 7075.56 5622.05
26071-750-M6-085-00309 0.5832913517951965 3947.76 3313.02 4087.69 3313.56 4087.33 3403.97 3947.41 3403.43
26071-750-M6-085-00309 0.5408041477203369 3381.01 3305.68 3520.41 3306.22 3520.02 3405.41 3380.63 3404.87
26071-750-M6-085-00309 0.5248045325279236 4478.24 3310.99 4618.60 3311.46 4618.29 3402.67 4477.93 3402.20
26071-750-M6-085-00309 0.49790531396865845 5002.52 3311.84 5135.28 3312.37 5134.92 3403.11 5002.16 3402.59
26071-750-M6-085-00309 0.07587379217147827 5791.48 3148.41 5925.83 3146.17 5928.01 3276.63 5793.66 3278.87
26071-750-M6-085-00309 0.06157354637980461 2990.58 4209.26 3564.13 4213.76 3560.73 4647.04 2987.18 4642.53
26071-750-M6-085-00309 0.05140627175569534 3359.81 2566.90 3544.03 2568.89 3542.89 2674.29 3358.67 2672.30
