26071-200-M6-052-00001 0.9997637867927551 6542.43 1806.36 6616.74 1807.17 6615.37 1932.25 6541.06 1931.44
26071-200-M6-052-00001 0.9997484087944031 4887.23 5703.13 4961.18 5703.42 4960.68 5831.80 4886.73 5831.51
26071-200-M6-052-00002 0.9997637867927551 5514.87 5349.25 5589.10 5350.17 5587.52 5478.32 5513.28 5477.40
26071-200-M6-052-00002 0.9997321963310242 6861.23 1262.08 6933.49 1262.27 6933.14 1391.29 6860.88 1391.10
26071-200-M6-052-00002 0.9993513226509094 1969.21 5939.40 2045.80 5939.34 2045.89 6068.31 1969.30 6068.36
26071-200-M6-052-00003 0.9997506737709045 6104.52 1994.96 6178.82 1995.79 6177.38 2124.85 6103.09 2124.02
26071-200-M6-052-00003 0.9997300505638123 6102.88 1213.82 6178.20 1214.39 6177.21 1344.45 6101.89 1343.88
26071-200-M6-052-00003 0.15909862518310547 1625.22 2370.41 1685.73 2371.19 1683.72 2527.49 1623.22 2526.71
26071-200-M6-052-00003 0.14921073615550995 4572.82 4533.41 4642.74 4533.31 4642.94 4663.88 4573.02 4663.99
26071-200-M6-052-00080 0.999555766582489 3646.15 5640.78 3781.60 5641.62 3781.13 5718.31 3645.68 5717.47
26071-200-M6-052-00080 0.9995427131652832 7071.20 5640.88 7207.42 5641.97 7206.81 5718.28 7070.59 5717.19
26071-200-M6-052-00080 0.9994598031044006 2042.78 5111.44 2113.82 5111.38 2113.93 5243.78 2042.90 5243.84
26071-200-M6-052-00080 0.999397873878479 2563.09 6350.22 2634.92 6350.66 2634.10 6486.42 2562.27 6485.99
26071-200-M6-052-00080 0.999340832233429 5469.20 5110.39 5538.44 5110.24 5538.72 5242.56 5469.48 5242.71
26071-200-M6-052-00080 0.05028332397341728 7053.24 2215.49 7106.97 2215.59 7106.70 2363.21 7052.97 2363.11
26071-200-M6-052-00090 0.9997186064720154 4606.05 4695.74 4678.28 4695.80 4678.16 4830.33 4605.93 4830.27
26071-200-M6-052-00090 0.9997151494026184 1593.44 4697.38 1666.59 4697.88 1665.70 4827.25 1592.55 4826.75
26071-200-M6-052-00090 0.9965541362762451 3438.48 5938.37 3509.58 5939.70 3507.18 6067.97 3436.07 6066.64
26071-200-M6-052-00090 0.06824123114347458 3144.18 4016.78 3239.92 4017.44 3239.32 4104.85 3143.58 4104.19
26071-200-M6-052-00093 0.9993746876716614 5200.77 5572.91 5332.78 5573.73 5332.34 5645.09 5200.33 5644.26
26071-200-M6-052-00093 0.9989320635795593 6896.82 3456.20 6969.08 3456.41 6968.70 3587.99 6896.45 3587.79
26071-200-M6-052-00093 0.1994769275188446 5165.80 6225.12 5341.84 6228.99 5340.20 6303.60 5164.16 6299.73
26071-200-M6-052-00150 0.9997921586036682 6010.73 3458.21 6084.35 3458.95 6083.04 3588.33 6009.42 3587.59
26071-200-M6-052-00150 0.9997363686561584 7450.46 4639.72 7524.29 4639.25 7525.11 4766.85 7451.28 4767.32
26071-200-M6-052-00150 0.16884782910346985 1368.88 2392.29 1471.58 2395.05 1469.01 2490.67 1366.31 2487.91
26071-200-M6-052-00150 0.11428506672382355 2825.22 1192.21 2886.99 1191.74 2888.16 1345.54 2826.39 1346.01
26071-200-M6-052-00150 0.07411771267652512 2496.67 3081.30 2589.26 3081.69 2589.00 3144.54 2496.41 3144.15
26071-200-M6-052-00539 0.9997647404670715 6387.68 6173.64 6462.71 6174.28 6461.61 6304.81 6386.57 6304.17
26071-200-M6-052-00544 0.29122141003608704 3866.36 2719.96 4008.49 2720.21 4008.34 2805.59 3866.22 2805.35
26071-200-M6-052-00544 0.17292308807373047 4259.10 3888.23 4368.39 3888.82 4367.41 4071.26 4258.12 4070.68
26071-200-M6-052-00544 0.1662844717502594 1322.39 4204.53 1387.77 4205.01 1386.47 4383.56 1321.09 4383.08
26071-200-M6-052-00544 0.16049453616142273 4023.81 3956.06 4108.12 3957.51 4105.47 4111.41 4021.17 4109.96
26071-200-M6-052-00552 0.05166362598538399 5241.23 4305.46 5323.67 4301.61 5329.32 4422.37 5246.87 4426.22
26071-200-M6-063-00010 0.9997180104255676 5632.52 5583.31 5706.19 5583.65 5705.56 5715.43 5631.90 5715.08
26071-200-M6-063-00010 0.07016276568174362 5993.10 1776.07 6056.84 1776.15 6056.64 1935.89 5992.90 1935.81
26071-200-M6-063-00010 0.05994151160120964 6352.08 1769.75 6410.82 1771.12 6406.88 1940.15 6348.14 1938.79
26071-203-M6-060-00006 0.05887462571263313 3216.43 3004.10 3303.67 3004.15 3303.62 3113.69 3216.38 3113.64
26071-203-M6-064-00271 0.6253350377082825 1440.88 4770.60 1511.77 4769.58 1513.52 4890.72 1442.64 4891.74
26071-203-M6-160-00291 0.9996944665908813 1781.33 2159.40 1857.48 2159.88 1856.67 2289.27 1780.52 2288.79
26071-203-M6-160-00291 0.9996922016143799 1782.36 1387.17 1855.38 1387.08 1855.55 1522.30 1782.53 1522.40
26071-203-M6-160-00291 0.23875349760055542 2158.03 5430.76 2254.07 5430.81 2254.04 5504.22 2157.99 5504.17
26071-203-M6-160-00291 0.15029333531856537 4795.26 5359.90 4869.36 5360.23 4868.91 5460.34 4794.82 5460.01
26071-203-M6-160-00291 0.13849714398384094 4654.71 5426.76 4742.34 5426.37 4742.70 5506.66 4655.07 5507.06
26071-203-M6-160-00291 0.08807828277349472 7518.87 3534.88 7595.64 3535.50 7593.57 3792.39 7516.80 3791.77
26071-203-M6-160-00291 0.0628264769911766 2296.42 5376.97 2379.59 5375.37 2380.86 5441.56 2297.69 5443.16
26071-203-M6-320-00008 0.999729335308075 4596.22 1062.16 4674.53 1062.71 4673.61 1194.44 4595.29 1193.89
26071-203-M6-320-00008 0.07354611903429031 1848.30 4226.94 1935.56 4227.30 1935.23 4307.03 1847.97 4306.66
26071-203-M6-320-00042 0.1056985929608345 3195.93 2881.75 3284.54 2881.70 3284.58 2963.53 3195.96 2963.57
26071-203-M6-325-00012 0.15285295248031616 8078.05 5035.48 8187.94 5035.90 8187.67 5107.71 8077.78 5107.30
26071-203-M6-325-00012 0.10772470384836197 1607.16 1472.83 1759.96 1473.26 1759.77 1540.48 1606.97 1540.05
26071-203-M6-325-00013 0.41225412487983704 3426.74 4762.37 3503.96 4763.21 3502.60 4888.51 3425.38 4887.67
26071-203-M6-332-00001 0.9997817873954773 2090.43 5529.91 2165.89 5530.44 2164.96 5663.23 2089.50 5662.71
26071-203-M6-332-00008 0.056606076657772064 4507.57 3654.09 4628.89 3655.44 4628.15 3721.36 4506.83 3720.00
26071-203-M6-333-00010 0.06110728904604912 1546.14 4103.48 1623.79 4105.81 1619.26 4256.52 1541.61 4254.19
26071-203-M6-337-00007 0.557437002658844 3232.34 2690.13 3307.81 2689.87 3308.24 2813.79 3232.77 2814.05
26071-203-M6-337-00007 0.5542833805084229 3232.74 5398.26 3305.18 5398.50 3304.81 5511.03 3232.37 5510.79
26071-203-M6-337-00007 0.30832257866859436 5222.38 3000.04 5304.01 2999.86 5304.25 3110.16 5222.62 3110.33
26071-203-M6-337-00007 0.29592281579971313 5222.67 5688.51 5299.36 5688.66 5299.10 5818.40 5222.41 5818.25
26071-203-M6-337-00031 0.7930935621261597 3978.97 965.69 4126.01 967.17 4125.45 1023.25 3978.40 1021.77
26071-203-M6-337-00031 0.6234533786773682 3870.19 2485.62 4029.64 2485.32 4029.75 2547.15 3870.31 2547.44
26071-203-M6-337-00031 0.44916367530822754 3325.37 905.30 3495.75 906.29 3495.39 968.41 3325.01 967.42
26071-203-M6-337-00031 0.4456407129764557 6656.92 6187.79 6740.22 6187.64 6740.54 6358.38 6657.24 6358.53
26071-203-M6-337-00031 0.41531747579574585 4814.75 476.11 4879.15 476.81 4877.50 629.32 4813.10 628.63
26071-203-M6-337-00031 0.3492363691329956 4472.10 962.65 4622.06 963.75 4621.58 1029.33 4471.61 1028.22
26071-203-M6-337-00031 0.2918938994407654 2007.73 2463.91 2072.24 2464.66 2070.46 2617.69 2005.95 2616.94
26071-203-M6-337-00031 0.16973187029361725 3164.06 444.58 3229.75 445.06 3228.63 598.33 3162.93 597.85
26071-203-M6-337-00031 0.14126154780387878 3974.09 2114.65 4039.17 2115.26 4037.69 2272.86 3972.60 2272.25
26071-203-M6-337-00031 0.08290468156337738 4950.63 2972.22 5014.46 2973.06 5012.92 3089.59 4949.09 3088.74
26071-203-M6-337-00031 0.07874293625354767 4950.35 1472.37 5014.43 1473.21 5012.91 1589.39 4948.84 1588.55
26071-203-M6-337-00031 0.060206517577171326 4948.66 2223.09 5015.62 2224.49 5013.17 2342.09 4946.20 2340.70
26071-300-M6-053-00010 0.9996846914291382 4804.17 5938.16 4878.56 5938.63 4877.74 6068.35 4803.35 6067.88
26071-300-M6-053-00010 0.999669075012207 6931.48 1450.61 7004.58 1451.02 7003.86 1581.09 6930.76 1580.68
26071-300-M6-053-00010 0.06399767100811005 4929.56 2490.96 4992.80 2491.12 4992.41 2641.12 4929.17 2640.96
26071-300-M6-053-00010 0.05985846370458603 7045.89 3132.16 7134.12 3133.72 7132.39 3231.71 7044.16 3230.15
26071-300-M6-053-00012 0.9997643828392029 1805.49 4988.61 1880.15 4989.60 1878.33 5126.96 1803.67 5125.97
26071-300-M6-053-00012 0.9995726943016052 2562.40 1686.06 2634.67 1686.45 2633.97 1818.47 2561.70 1818.09
26071-300-M6-053-00012 0.9993441700935364 6116.08 1036.73 6189.94 1036.66 6190.06 1168.68 6116.20 1168.75
26071-300-M6-053-00012 0.4579632878303528 4613.99 3388.88 4692.47 3389.27 4691.79 3525.26 4613.32 3524.87
26071-300-M6-053-00012 0.15632358193397522 4662.73 3932.61 4804.68 3932.61 4804.67 3997.31 4662.73 3997.31
26071-300-M6-053-00012 0.06389916688203812 5392.04 5293.98 5460.77 5294.92 5459.01 5423.17 5390.29 5422.23
26071-300-M6-053-00309 0.9989282488822937 5869.62 2624.77 5941.66 2625.55 5940.16 2765.38 5868.12 2764.60
26071-300-M6-053-00309 0.38877013325691223 3660.20 3787.04 3732.38 3786.11 3733.41 3865.16 3661.23 3866.10
26071-300-M6-053-00309 0.130639910697937 3879.13 3791.32 3962.32 3791.68 3962.01 3863.90 3878.81 3863.54
26071-450-M6-082-00009 0.9995439648628235 5736.63 4874.31 5813.99 4874.93 5812.91 5009.61 5735.55 5008.99
26071-450-M6-082-00009 0.9995250701904297 4924.22 6174.89 4996.61 6175.04 4996.36 6300.46 4923.96 6300.31
26071-450-M6-082-00031 0.9994564652442932 5368.58 4922.19 5507.47 4922.41 5507.35 4996.68 5368.46 4996.46
26071-450-M6-082-00031 0.9992033839225769 2909.35 4935.27 3049.39 4936.03 3048.99 5009.33 2908.95 5008.56
26071-450-M6-082-00031 0.9991194605827332 4214.83 1990.37 4288.67 1991.26 4287.05 2125.41 4213.20 2124.52
26071-500-M6-059-00013 0.4497562050819397 4689.40 4348.98 4759.87 4348.97 4759.89 4542.59 4689.42 4542.60
26071-500-M6-059-00013 0.43348243832588196 2782.62 2923.24 2955.56 2923.40 2955.51 2987.03 2782.56 2986.87
26071-500-M6-059-00013 0.05742139369249344 5738.61 1924.56 5836.43 1926.43 5834.30 2037.53 5736.47 2035.65
26071-500-M6-059-00017 0.25402119755744934 2027.83 3292.90 2101.64 3293.25 2101.18 3392.54 2027.37 3392.20
26071-500-M6-059-00017 0.23927287757396698 6044.03 3293.24 6117.67 3293.58 6117.22 3392.99 6043.58 3392.66
26071-500-M6-059-00017 0.19608314335346222 4036.25 3293.54 4111.41 3294.10 4110.67 3393.55 4035.52 3392.99
26071-500-M6-059-00017 0.1701342910528183 3972.98 4100.29 4135.36 4102.30 4134.52 4170.00 3972.14 4167.98
26071-500-M6-059-00040 0.15948495268821716 1206.65 2657.64 1271.09 2657.69 1270.96 2821.14 1206.52 2821.09
26071-500-M6-059-00040 0.10656560212373734 2534.83 1325.25 2610.31 1326.09 2609.07 1437.27 2533.59 1436.43
26071-500-M6-059-00040 0.10574526339769363 1182.45 2520.48 1301.13 2521.15 1300.63 2610.83 1181.95 2610.16
26071-500-M6-059-00044 0.5163570046424866 4647.59 1201.44 4726.49 1202.65 4724.50 1332.58 4645.61 1331.38
26071-500-M6-059-00044 0.22504004836082458 5525.73 1185.72 5613.20 1184.94 5614.60 1342.88 5527.13 1343.65
26071-500-M6-059-00044 0.09582899510860443 2800.31 1976.41 2917.85 1975.21 2918.96 2083.59 2801.41 2084.79
26071-500-M6-059-00044 0.05409844219684601 2892.77 4962.53 2961.26 4963.78 2959.00 5087.27 2890.51 5086.02
26071-500-M6-059-00071 0.9999178647994995 6104.45 2631.93 6180.59 2633.03 6178.77 2759.70 6102.63 2758.61
26071-500-M6-059-00071 0.9998189806938171 6577.90 3457.15 6651.05 3458.06 6649.40 3590.65 6576.25 3589.74
26071-500-M6-059-00071 0.9997223019599915 3936.58 2040.40 4008.33 2041.10 4007.06 2171.46 3935.31 2170.76
26071-500-M6-059-00071 0.9996764659881592 5517.67 3856.95 5588.58 3857.42 5587.70 3988.89 5516.78 3988.41
26071-500-M6-059-00071 0.28026705980300903 1501.40 5237.51 1649.29 5236.91 1649.56 5303.08 1501.67 5303.67
26071-500-M6-059-00071 0.17515616118907928 1504.16 4565.16 1647.71 4564.96 1647.80 4626.57 1504.25 4626.78
26071-500-M6-059-00116 0.9996542930603027 3175.06 4614.36 3301.54 4616.18 3300.45 4691.86 3173.98 4690.04
26071-500-M6-059-00116 0.9993731379508972 4370.88 3254.08 4505.35 3254.23 4505.27 3330.97 4370.80 3330.83
26071-500-M6-059-00116 0.7138988971710205 5732.09 5559.56 5868.50 5559.91 5868.30 5636.89 5731.89 5636.54
26071-500-M6-059-00248 0.9997625946998596 2843.90 5938.66 2919.31 5939.45 2917.96 6068.60 2842.55 6067.82
26071-550-M6-084-00026 0.08019651472568512 7516.52 3313.90 7719.70 3314.38 7719.54 3380.81 7516.36 3380.33
26071-550-M6-084-00248 0.9997879862785339 2798.05 4990.58 2871.00 4991.56 2869.24 5122.78 2796.29 5121.80
26071-550-M6-084-00248 0.0819183886051178 1963.56 5077.79 2056.04 5077.79 2056.05 5169.12 1963.56 5169.12
26071-600-M6-065-00021 0.999722421169281 2325.80 3927.72 2399.17 3928.39 2397.94 4062.20 2324.58 4061.53
26071-600-M6-065-00021 0.9995495676994324 6459.72 4043.98 6532.36 4044.71 6530.99 4180.51 6458.36 4179.78
26071-600-M6-065-00021 0.07843108475208282 6450.72 4654.91 6539.22 4655.57 6538.28 4781.65 6449.78 4781.00
26071-600-M6-065-00037 0.9997097849845886 2584.10 2075.88 2715.17 2077.08 2714.48 2152.73 2583.41 2151.53
26071-600-M6-065-00037 0.999356210231781 6022.45 2195.04 6155.63 2195.38 6155.43 2273.98 6022.24 2273.64
26071-600-M6-065-00037 0.9993327260017395 1236.83 2891.51 1313.46 2892.03 1312.59 3020.83 1235.96 3020.32
26071-600-M6-065-00037 0.9991544485092163 7436.99 2575.83 7514.26 2576.14 7513.75 2703.81 7436.47 2703.50
26071-600-M6-065-00037 0.28012895584106445 1455.28 6014.76 1521.75 6015.12 1520.57 6227.66 1454.10 6227.29
26071-600-M6-065-00037 0.1588457226753235 1571.28 6244.21 1642.01 6245.07 1640.22 6392.03 1569.49 6391.17
26071-600-M6-065-00037 0.06528234481811523 4127.36 6156.09 4300.69 6157.70 4300.16 6215.28 4126.83 6213.67
26071-600-M6-066-00002 0.9859210848808289 4240.62 2723.94 4451.57 2725.80 4450.94 2797.02 4239.99 2795.15
26071-600-M6-066-00002 0.9651084542274475 4244.61 3750.76 4447.87 3753.29 4446.95 3827.27 4243.69 3824.74
26071-600-M6-066-00003 0.9998735189437866 2361.94 5204.50 2497.40 5205.65 2496.76 5280.91 2361.30 5279.76
26071-600-M6-066-00003 0.9998630285263062 3623.20 5344.22 3697.07 5344.53 3696.51 5478.32 3622.64 5478.01
26071-600-M6-066-00012 0.05420704558491707 6108.03 3566.05 6174.60 3566.51 6173.60 3711.92 6107.04 3711.46
26071-675-M6-068-00034 0.9998019337654114 5873.21 2109.99 5948.56 2110.20 5948.17 2245.36 5872.82 2245.14
26071-675-M6-068-00034 0.6019397974014282 3356.27 5182.98 3507.57 5183.34 3507.41 5248.99 3356.12 5248.63
26071-675-M6-068-00034 0.5577126741409302 2888.86 3344.02 3005.53 3343.92 3005.60 3427.59 2888.93 3427.69
26071-675-M6-068-00034 0.5357711315155029 3638.92 3345.58 3753.02 3345.26 3753.24 3426.64 3639.14 3426.95
26071-675-M6-068-00034 0.4609469771385193 2605.64 5182.67 2756.44 5182.08 2756.71 5249.38 2605.90 5249.98
26071-700-M6-054-00013 0.9998144507408142 3624.59 5228.83 3697.74 5229.24 3697.01 5360.43 3623.86 5360.02
26071-700-M6-054-00013 0.9997923970222473 3625.18 3337.28 3697.18 3337.59 3696.60 3471.95 3624.61 3471.64
26071-700-M6-054-00013 0.9997726082801819 3623.08 3929.11 3697.99 3929.62 3697.11 4060.38 3622.19 4059.87
26071-700-M6-054-00013 0.9997668862342834 3622.95 2040.27 3698.30 2040.72 3697.51 2171.29 3622.16 2170.83
26071-700-M6-054-00013 0.9997416138648987 3625.70 5816.96 3698.30 5817.94 3696.49 5952.23 3623.89 5951.24
26071-700-M6-054-00013 0.9996663331985474 3623.66 1449.20 3699.14 1449.49 3698.63 1580.24 3623.16 1579.95
26071-700-M6-054-00036 0.9997592568397522 6103.48 5418.57 6179.26 5418.43 6179.51 5546.78 6103.72 5546.92
26071-750-M6-085-00007 0.9997596144676208 2796.92 1391.13 2872.76 1391.61 2871.93 1519.82 2796.10 1519.33
26071-750-M6-085-00007 0.9994375109672546 6692.35 6173.76 6772.43 6173.99 6772.06 6305.65 6691.98 6305.42
26071-750-M6-085-00309 0.7599870562553406 4327.44 2276.71 4434.50 2276.46 4434.76 2387.33 4327.71 2387.59
