26071-200-M6-052-00093 0.05579465255141258 3863.33 1475.49 4097.71 1475.83 4097.41 1674.94 3863.04 1674.60
26071-200-M6-052-00150 0.9994587302207947 4499.24 5638.84 4613.76 5638.24 4614.89 5852.67 4500.36 5853.27
26071-200-M6-052-00150 0.9994162321090698 5798.22 5639.85 5912.09 5638.88 5913.91 5852.83 5800.03 5853.80
26071-200-M6-052-00150 0.05207081884145737 5786.47 5858.44 5929.45 5860.81 5925.85 6077.28 5782.88 6074.90
26071-200-M6-052-00544 0.995971143245697 4251.29 3863.42 4364.39 3861.31 4368.26 4067.61 4255.15 4069.73
26071-203-M6-060-00006 0.9995453953742981 6506.83 4306.17 6622.64 4303.86 6627.21 4532.05 6511.39 4534.37
26071-203-M6-060-00006 0.9993510842323303 6942.55 4306.37 7060.05 4304.30 7064.03 4530.15 6946.53 4532.22
26071-203-M6-060-00006 0.9955079555511475 2446.50 4256.08 2684.51 4255.39 2684.84 4368.44 2446.83 4369.14
26071-203-M6-160-00291 0.9994189739227295 2777.87 5480.19 2893.08 5481.64 2890.12 5715.39 2774.92 5713.93
26071-203-M6-160-00291 0.9993664622306824 5255.58 5487.48 5372.61 5488.20 5371.23 5711.54 5254.21 5710.82
26071-203-M6-160-00291 0.09024503082036972 5028.03 5084.99 5128.60 5086.57 5123.99 5380.15 5023.42 5378.57
26071-203-M6-320-00008 0.99920254945755 4887.89 3851.24 5004.54 3850.21 5006.43 4065.72 4889.78 4066.75
26071-203-M6-320-00008 0.9989439845085144 2457.64 3939.97 2574.17 3938.45 2576.95 4151.42 2460.42 4152.94
26071-203-M6-320-00042 0.9993818998336792 5279.79 3309.42 5394.81 3307.96 5397.42 3513.04 5282.40 3514.50
26071-203-M6-332-00001 0.9987414479255676 4289.37 2743.45 4410.74 2744.62 4408.59 2966.74 4287.22 2965.57
26071-203-M6-332-00001 0.9986720085144043 5548.39 2750.06 5671.47 2750.44 5670.80 2966.83 5547.72 2966.45
26071-203-M6-332-00001 0.9986242055892944 3448.40 2749.97 3571.53 2750.33 3570.90 2966.46 3447.77 2966.10
26071-203-M6-332-00001 0.9985525012016296 4708.38 2749.08 4831.65 2748.93 4831.90 2966.62 4708.63 2966.76
26071-203-M6-332-00001 0.998529314994812 3031.58 2744.18 3144.38 2743.45 3145.78 2959.80 3032.97 2960.52
26071-203-M6-332-00001 0.9985122084617615 5131.60 2744.24 5244.42 2743.42 5246.00 2959.40 5133.18 2960.22
26071-203-M6-332-00001 0.9983812570571899 3871.29 2744.77 3984.64 2744.07 3985.97 2960.48 3872.62 2961.18
26071-203-M6-332-00001 0.9983757734298706 5971.23 2744.85 6084.62 2744.07 6086.11 2959.90 5972.72 2960.68
26071-203-M6-332-00001 0.1655968874692917 4201.67 2818.41 4520.99 2824.41 4510.98 3357.21 4191.67 3351.21
26071-203-M6-332-00001 0.09641189128160477 3729.31 2860.13 4089.22 2863.12 4084.94 3379.35 3725.02 3376.37
26071-203-M6-332-00001 0.0898207575082779 5829.75 2858.61 6188.55 2861.60 6184.20 3385.61 5825.40 3382.63
26071-203-M6-332-00001 0.08730898797512054 5411.70 2863.18 5763.85 2865.76 5760.18 3366.78 5408.03 3364.20
26071-203-M6-332-00001 0.08671458065509796 4595.47 2929.24 4934.85 2931.63 4931.81 3365.71 4592.42 3363.33
26071-203-M6-332-00001 0.08400056511163712 3312.73 2864.64 3664.48 2867.15 3660.88 3371.11 3309.13 3368.60
26071-203-M6-332-00001 0.07155110687017441 2873.61 2869.15 3248.76 2871.41 3245.71 3375.71 2870.57 3373.45
26071-203-M6-332-00001 0.06627868115901947 4985.98 2873.36 5348.06 2875.62 5344.95 3371.72 4982.87 3369.46
26071-203-M6-332-00001 0.05910627543926239 2702.43 1287.45 2811.48 1288.37 2810.25 1433.91 2701.19 1432.99
26071-203-M6-332-00008 0.9991340041160583 7022.18 3824.44 7139.03 3826.01 7135.99 4052.67 7019.14 4051.11
26071-203-M6-332-00008 0.9990912675857544 4589.44 3830.27 4706.32 3828.42 4709.88 4053.39 4593.00 4055.24
26071-203-M6-332-00008 0.9990885257720947 2189.28 3830.34 2306.31 3828.49 2309.86 4053.48 2192.82 4055.32
26071-203-M6-337-00007 0.10218161344528198 5222.10 2931.83 5304.33 2932.57 5302.69 3116.06 5220.46 3115.33
26071-203-M6-337-00007 0.08008519560098648 3229.50 2632.84 3308.80 2633.52 3307.17 2821.47 3227.87 2820.78
26071-203-M6-337-00007 0.06875346601009369 5216.93 5640.18 5296.54 5640.23 5296.44 5814.51 5216.83 5814.46
26071-203-M6-337-00007 0.050638098269701004 3233.70 5332.75 3303.36 5332.98 3302.70 5525.93 3233.04 5525.69
26071-203-M6-337-00031 0.055234018713235855 6409.96 505.19 6593.12 504.37 6594.41 790.77 6411.25 791.60
26071-300-M6-053-00008 0.109991155564785 5477.25 1187.76 5626.79 1188.34 5626.11 1363.29 5476.57 1362.71
26071-300-M6-053-00012 0.9956895709037781 3691.02 5697.73 3937.90 5698.69 3937.47 5810.23 3690.59 5809.27
26071-300-M6-053-00012 0.9949213862419128 5577.22 5697.16 5819.61 5697.31 5819.54 5808.71 5577.15 5808.56
26071-300-M6-053-00012 0.05845346301794052 6055.49 1502.02 6232.90 1502.59 6232.40 1657.72 6054.98 1657.14
26071-300-M6-053-00309 0.9993533492088318 5489.87 4867.54 5606.71 4865.61 5610.52 5095.95 5493.68 5097.88
26071-300-M6-053-00309 0.5611544251441956 5476.81 4674.84 5624.84 4676.75 5622.01 4896.75 5473.98 4894.84
26071-300-M6-053-00309 0.18351279199123383 2429.24 4461.07 2626.85 4463.90 2624.82 4606.01 2427.21 4603.18
26071-300-M6-053-00309 0.11718511581420898 2678.41 2451.04 2853.83 2450.61 2854.22 2604.77 2678.79 2605.20
26071-450-M6-082-00031 0.21713502705097198 3707.96 6189.85 3847.64 6189.90 3847.55 6403.62 3707.87 6403.56
26071-500-M6-059-00013 0.9910222291946411 2700.33 4948.00 2927.33 4948.84 2926.89 5067.10 2699.89 5066.26
26071-500-M6-059-00013 0.06978274881839752 4687.22 4347.55 4759.04 4347.80 4758.40 4532.09 4686.58 4531.84
26071-500-M6-059-00017 0.996313750743866 686.83 3783.13 916.19 3782.70 916.40 3897.72 687.04 3898.15
26071-500-M6-059-00017 0.3345579206943512 6328.75 1595.20 6486.29 1595.98 6485.69 1716.49 6328.15 1715.71
26071-500-M6-059-00017 0.3116335868835449 6324.48 3106.88 6486.98 3107.10 6486.82 3228.22 6324.32 3228.01
26071-500-M6-059-00017 0.26838910579681396 4491.06 3105.56 4640.65 3107.07 4639.44 3227.55 4489.85 3226.05
26071-500-M6-059-00017 0.2002144753932953 4323.48 1593.31 4473.59 1594.00 4473.04 1714.65 4322.93 1713.97
26071-500-M6-059-00040 0.9994593262672424 4109.22 4897.13 4225.36 4895.35 4228.85 5122.90 4112.71 5124.68
26071-500-M6-059-00040 0.9994136095046997 3696.15 2602.23 3810.18 2600.74 3812.90 2809.37 3698.86 2810.85
26071-500-M6-059-00040 0.9992734789848328 2810.73 4898.46 2926.20 4897.22 2928.65 5123.97 2813.17 5125.21
26071-500-M6-059-00044 0.9994694590568542 3566.09 4954.78 3681.87 4955.33 3680.79 5181.09 3565.01 5180.54
26071-500-M6-059-00044 0.9994320273399353 7145.33 4952.67 7262.30 4952.28 7263.08 5184.85 7146.11 5185.24
26071-500-M6-059-00044 0.9994215965270996 2031.11 4955.06 2147.58 4954.82 2148.05 5183.24 2031.59 5183.48
26071-500-M6-059-00044 0.9994083642959595 5608.72 4953.95 5726.01 4952.25 5729.33 5181.19 5612.04 5182.90
26071-500-M6-059-00116 0.9993810653686523 5968.27 5776.56 6078.80 5777.74 6076.54 5990.76 5966.00 5989.58
26071-500-M6-059-00116 0.06245354935526848 6802.34 5121.77 6899.14 5123.21 6894.32 5446.61 6797.52 5445.17
26071-550-M6-084-00026 0.9995550513267517 2229.99 3482.51 2348.74 3481.33 2350.94 3704.00 2232.20 3705.18
26071-550-M6-084-00026 0.9994602799415588 4604.24 3479.31 4721.01 3477.54 4724.45 3704.52 4607.68 3706.29
26071-550-M6-084-00026 0.13569466769695282 5869.10 4470.14 5939.83 4470.51 5938.77 4671.55 5868.04 4671.18
26071-550-M6-084-00026 0.11033376306295395 5866.62 4208.47 5952.47 4211.07 5946.90 4395.72 5861.04 4393.13
26071-600-M6-065-00021 0.9968209266662598 4965.90 5402.38 5203.81 5401.79 5204.09 5515.20 4966.18 5515.79
26071-600-M6-065-00021 0.9965883493423462 3229.17 5402.42 3468.51 5401.85 3468.78 5515.21 3229.43 5515.78
26071-600-M6-065-00021 0.05615852028131485 2251.92 1459.57 2545.22 1462.89 2543.84 1584.65 2250.54 1581.32
26071-600-M6-065-00021 0.05024608597159386 6417.76 4516.89 6571.04 4518.08 6569.87 4668.83 6416.59 4667.65
26071-600-M6-065-00231 0.9994927644729614 6659.51 3528.75 6776.59 3526.77 6780.39 3751.19 6663.31 3753.17
26071-600-M6-065-00231 0.9994719624519348 7193.97 3524.81 7310.71 3525.05 7310.23 3751.92 7193.49 3751.68
26071-600-M6-065-00259 0.1714322566986084 1009.08 2129.14 1115.77 2129.02 1116.02 2354.94 1009.33 2355.05
26071-600-M6-065-00259 0.1384352743625641 655.84 2127.29 760.56 2127.13 760.90 2351.48 656.18 2351.64
26071-600-M6-066-00012 0.1695845127105713 5578.80 3857.65 5744.10 3859.76 5741.79 4040.79 5576.49 4038.68
26071-750-M6-085-00007 0.9994951486587524 1866.54 2828.90 1982.67 2830.08 1980.37 3055.36 1864.24 3054.18
26071-750-M6-085-00007 0.9994882345199585 1332.76 2830.61 1450.33 2828.56 1454.28 3055.54 1336.71 3057.58
26071-750-M6-085-00007 0.9994828701019287 2929.68 2830.03 3047.49 2830.85 3045.94 3053.93 2928.14 3053.12
26071-750-M6-085-00007 0.9994412064552307 3461.37 2830.00 3579.65 2831.05 3577.67 3055.29 3459.38 3054.24
26071-750-M6-085-00012 0.9940958023071289 6969.96 4303.50 7201.79 4304.56 7201.27 4418.01 6969.45 4416.96
26071-750-M6-085-00012 0.13094843924045563 3986.60 1572.16 4167.81 1571.72 4168.16 1711.99 3986.94 1712.44
26071-750-M6-085-00012 0.11626649647951126 6140.02 1574.90 6341.59 1571.02 6344.33 1713.45 6142.76 1717.34
26071-750-M6-085-00012 0.08132729679346085 1503.35 3754.66 1666.02 3755.07 1665.59 3923.77 1502.92 3923.36
26071-750-M6-085-00012 0.05367232486605644 2729.76 3646.36 3193.27 3649.52 3192.48 3764.37 2728.98 3761.20
26071-750-M6-085-00286 0.9993991851806641 5078.65 3269.96 5193.16 3268.57 5195.77 3484.48 5081.27 3485.87
26071-750-M6-085-00286 0.9992840886116028 5906.52 3269.33 6018.93 3268.36 6020.77 3481.45 5908.37 3482.42
26071-750-M6-085-00309 0.324027955532074 2965.00 3604.68 3126.49 3606.96 3123.51 3818.01 2962.01 3815.72
