26071-200-M6-052-00001 0.999822199344635 2267.11 5788.37 2386.87 5788.92 2386.14 5949.92 2266.38 5949.38
26071-200-M6-052-00002 0.9998181462287903 650.04 5315.24 768.51 5315.86 767.67 5477.54 649.19 5476.92
26071-200-M6-052-00002 0.9996874332427979 1714.88 5553.26 1833.07 5554.74 1831.01 5719.41 1712.82 5717.93
26071-200-M6-052-00003 0.9999020099639893 3482.76 1891.28 3603.88 1891.90 3603.06 2051.65 3481.95 2051.03
26071-200-M6-052-00003 0.9998403787612915 4238.25 5551.90 4360.45 5552.44 4359.72 5715.18 4237.52 5714.63
26071-200-M6-052-00080 0.9998248219490051 4191.80 4844.05 4312.48 4844.52 4311.86 5003.63 4191.18 5003.16
26071-200-M6-052-00080 0.999776303768158 7619.98 4844.53 7736.53 4844.96 7735.92 5007.22 7619.37 5006.78
26071-200-M6-052-00090 0.9998106360435486 3600.08 3427.78 3721.92 3428.44 3721.04 3588.44 3599.21 3587.78
26071-200-M6-052-00090 0.999764621257782 6554.01 3305.42 6674.71 3305.87 6674.10 3470.11 6553.39 3469.66
26071-200-M6-052-00090 0.9997045397758484 3541.08 1587.57 3662.19 1587.27 3662.58 1746.65 3541.47 1746.95
26071-200-M6-052-00090 0.999658465385437 6791.39 4101.23 6908.24 4101.02 6908.54 4264.24 6791.69 4264.45
26071-200-M6-052-00093 0.9998828172683716 5786.32 3841.34 5907.44 3841.95 5906.64 3999.28 5785.53 3998.67
26071-200-M6-052-00093 0.9998711347579956 1829.72 3427.66 1950.60 3428.42 1949.60 3588.16 1828.71 3587.40
26071-200-M6-052-00093 0.9998496770858765 1829.54 2126.23 1950.96 2126.97 1949.98 2288.69 1828.56 2287.96
26071-200-M6-052-00544 0.9998908042907715 1297.76 4961.50 1418.78 4962.03 1418.07 5122.98 1297.05 5122.45
26071-200-M6-052-00552 0.9998699426651001 4901.75 3165.72 5020.76 3166.35 5019.90 3328.54 4900.89 3327.90
26071-200-M6-052-00552 0.9998388290405273 5609.99 5005.02 5727.24 5005.53 5726.52 5171.83 5609.27 5171.33
26071-200-M6-062-00276 0.9998664855957031 1239.82 4727.44 1356.76 4727.50 1356.68 4886.46 1239.74 4886.40
26071-203-M6-060-00001 0.8398730158805847 2113.87 4180.21 2230.86 4180.07 2231.09 4369.79 2114.10 4369.93
26071-203-M6-060-00001 0.4020865559577942 1733.91 6353.58 1848.98 6349.10 1854.03 6478.84 1738.96 6483.32
26071-203-M6-064-00271 0.9916006326675415 4168.83 6198.20 4286.47 6197.63 4287.26 6360.57 4169.63 6361.14
26071-203-M6-064-00271 0.9883146286010742 2138.99 6197.67 2254.82 6197.26 2255.39 6359.78 2139.56 6360.19
26071-203-M6-064-00271 0.988183319568634 3509.61 6197.51 3625.42 6197.53 3625.40 6363.68 3509.58 6363.66
26071-203-M6-064-00271 0.9880068302154541 2469.96 6198.22 2586.29 6198.17 2586.35 6363.18 2470.02 6363.23
26071-203-M6-064-00271 0.9874342083930969 3840.76 6196.99 3956.40 6196.92 3956.49 6363.82 3840.85 6363.88
26071-203-M6-064-00271 0.5864391922950745 2551.16 3416.51 2666.18 3416.01 2666.97 3597.93 2551.96 3598.43
26071-203-M6-064-00271 0.5833257436752319 5409.17 3416.52 5524.62 3416.00 5525.42 3596.58 5409.97 3597.09
26071-203-M6-064-00271 0.5701503753662109 4416.71 3416.54 4531.84 3415.43 4533.57 3595.36 4418.45 3596.47
26071-203-M6-064-00271 0.5605462789535522 7062.78 3415.50 7177.72 3414.85 7178.76 3597.17 7063.82 3597.83
26071-203-M6-064-00271 0.5483684539794922 3755.32 3416.17 3872.05 3415.60 3872.96 3599.51 3756.23 3600.08
26071-203-M6-064-00271 0.542388916015625 2220.10 3416.77 2335.50 3415.81 2336.99 3596.68 2221.59 3597.64
26071-203-M6-064-00271 0.539460301399231 5740.08 3415.92 5855.11 3415.36 5856.00 3599.03 5740.97 3599.59
26071-203-M6-064-00271 0.5332158803939819 4086.78 3416.86 4202.07 3415.51 4204.20 3596.87 4088.91 3598.22
26071-203-M6-064-00271 0.5277000665664673 6402.36 3415.88 6516.96 3415.60 6517.40 3598.83 6402.79 3599.11
26071-203-M6-064-00271 0.5263186097145081 2857.51 3416.42 2973.62 3415.80 2974.59 3597.62 2858.48 3598.24
26071-203-M6-064-00271 0.5193313956260681 7393.70 3415.65 7508.89 3414.99 7509.94 3598.67 7394.75 3599.33
26071-203-M6-064-00271 0.5108559727668762 6732.44 3415.89 6847.90 3416.49 6846.95 3600.70 6731.49 3600.10
26071-203-M6-064-00271 0.510693371295929 1889.76 3416.90 2004.74 3415.65 2006.68 3595.19 1891.70 3596.43
26071-203-M6-064-00271 0.5100789666175842 4747.80 3416.81 4862.66 3415.93 4864.05 3597.31 4749.18 3598.19
26071-203-M6-064-00271 0.49529844522476196 3142.53 3416.38 3258.16 3416.91 3257.32 3600.38 3141.68 3599.85
26071-203-M6-064-00271 0.4563591778278351 3285.16 3721.79 3397.64 3720.96 3399.09 3918.94 3286.62 3919.77
26071-203-M6-064-00271 0.4088039696216583 3590.88 3725.89 3707.43 3725.94 3707.36 3914.99 3590.80 3914.94
26071-203-M6-064-00271 0.3623076379299164 2386.71 3722.20 2500.21 3721.25 2501.88 3920.55 2388.38 3921.50
26071-203-M6-064-00271 0.20108382403850555 3423.26 3417.24 3540.36 3415.95 3542.32 3594.66 3425.23 3595.95
26071-203-M6-064-00271 0.1783776432275772 5375.59 1465.41 5491.17 1465.10 5491.71 1662.49 5376.13 1662.80
26071-203-M6-064-00271 0.17695844173431396 5672.01 1466.86 5789.10 1466.92 5789.00 1655.13 5671.91 1655.07
26071-203-M6-064-00271 0.15657900273799896 4912.61 3714.90 5029.28 3716.15 5026.99 3928.42 4910.32 3927.17
26071-203-M6-064-00271 0.15196815133094788 1973.69 5848.22 2090.18 5848.99 2088.78 6060.63 1972.28 6059.85
26071-203-M6-064-00271 0.14564086496829987 4668.01 5852.69 4782.25 5853.84 4780.17 6059.48 4665.93 6058.33
26071-203-M6-064-00271 0.14533017575740814 6574.28 3723.39 6683.01 3723.13 6683.44 3900.93 6574.71 3901.20
26071-203-M6-064-00271 0.13701528310775757 2305.22 5852.02 2420.04 5852.60 2419.01 6058.36 2304.19 6057.78
26071-203-M6-064-00271 0.13463890552520752 4006.37 5852.72 4121.02 5853.57 4119.50 6058.61 4004.86 6057.76
26071-203-M6-064-00271 0.13269531726837158 2636.28 5851.38 2750.88 5852.13 2749.53 6058.69 2634.93 6057.94
26071-203-M6-064-00271 0.1309342384338379 4359.39 5855.33 4473.16 5855.28 4473.24 6062.83 4359.48 6062.88
26071-203-M6-064-00271 0.11878899484872818 3675.45 5851.78 3790.18 5852.69 3788.55 6058.71 3673.82 6057.80
26071-203-M6-064-00271 0.09670452028512955 5974.48 1467.57 6086.40 1468.68 6084.58 1651.34 5972.66 1650.22
26071-203-M6-064-00271 0.08376974612474442 6893.28 3725.04 7012.46 3720.40 7020.55 3927.82 6901.36 3932.47
26071-203-M6-064-00271 0.08220832049846649 5078.05 1465.86 5195.17 1465.99 5194.96 1666.61 5077.84 1666.49
26071-203-M6-064-00271 0.06539681553840637 3007.02 1469.70 3128.94 1467.68 3132.12 1659.43 3010.20 1661.45
26071-203-M6-064-00271 0.06293453276157379 4187.31 1464.55 4306.44 1460.39 4314.25 1683.64 4195.11 1687.81
26071-203-M6-064-00271 0.05435406416654587 4778.71 1466.88 4901.09 1466.46 4901.79 1666.01 4779.40 1666.43
26071-203-M6-064-00271 0.051531825214624405 6848.78 1462.79 6966.73 1462.04 6968.05 1671.48 6850.11 1672.22
26071-203-M6-064-00271 0.05093640461564064 6275.56 1465.16 6383.50 1468.91 6376.61 1666.95 6268.67 1663.20
26071-203-M6-079-00001 0.97474604845047 2646.87 4484.71 2762.63 4484.62 2762.76 4648.98 2647.00 4649.07
26071-203-M6-079-00001 0.20309586822986603 2573.84 2565.27 2690.73 2564.61 2691.87 2763.42 2574.98 2764.08
26071-203-M6-079-00001 0.19996528327465057 2633.03 5512.93 2750.18 5512.51 2750.91 5715.16 2633.75 5715.58
26071-203-M6-079-00001 0.12987017631530762 2904.03 1616.97 3021.57 1615.33 3024.36 1815.81 2906.83 1817.45
26071-203-M6-160-00291 0.9998772144317627 7829.15 3879.86 7946.85 3879.54 7947.28 4039.11 7829.58 4039.43
26071-203-M6-320-00008 0.9998735189437866 3632.26 6011.25 3747.62 6011.68 3747.00 6175.95 3631.64 6175.51
26071-203-M6-320-00008 0.999853253364563 5999.40 5942.33 6119.44 5943.05 6118.49 6102.84 5998.44 6102.12
26071-203-M6-320-00008 0.9998492002487183 4860.36 1989.02 4980.04 1989.71 4979.10 2153.04 4859.42 2152.35
26071-203-M6-325-00012 0.9998753070831299 1621.72 2711.04 1739.25 2711.46 1738.67 2872.76 1621.15 2872.34
26071-203-M6-325-00012 0.9998615980148315 1620.04 1809.62 1739.31 1810.16 1738.59 1970.94 1619.32 1970.41
26071-203-M6-325-00013 0.9998606443405151 1561.26 3984.85 1679.27 3985.48 1678.41 4147.46 1560.40 4146.84
26071-203-M6-325-00013 0.9998425245285034 5039.76 6311.57 5160.31 6312.25 5159.41 6470.86 5038.87 6470.18
26071-203-M6-332-00001 0.9998924732208252 7290.40 4238.62 7408.47 4239.38 7407.41 4403.94 7289.34 4403.18
26071-203-M6-332-00001 0.999859094619751 2700.85 2154.62 2819.51 2155.16 2818.78 2315.80 2700.12 2315.26
26071-203-M6-332-00008 0.9998711347579956 5580.36 5078.38 5698.34 5078.91 5697.59 5245.00 5579.61 5244.46
26071-203-M6-332-00008 0.9998598098754883 8010.38 5079.59 8129.54 5080.23 8128.67 5242.29 8009.51 5241.65
26071-203-M6-332-00008 0.9998490810394287 3180.01 5083.66 3300.37 5084.22 3299.62 5245.38 3179.27 5244.82
26071-203-M6-337-00007 0.999790370464325 2790.56 3697.88 2910.24 3698.25 2909.73 3860.22 2790.05 3859.85
26071-203-M6-337-00007 0.9996565580368042 2791.39 6463.04 2908.22 6462.16 2909.42 6622.33 2792.59 6623.20
26071-203-M6-337-00031 0.9998912811279297 2460.69 2708.36 2578.69 2709.18 2577.57 2869.95 2459.57 2869.13
26071-203-M6-337-00031 0.9998494386672974 2056.89 6486.11 2172.94 6486.51 2172.37 6651.87 2056.31 6651.47
26071-203-M6-337-00031 0.9998468160629272 2640.95 2710.48 2759.74 2711.18 2758.81 2868.93 2640.02 2868.23
26071-300-M6-053-00008 0.9998718500137329 2067.51 6297.53 2183.23 6298.12 2182.40 6460.46 2066.68 6459.87
26071-300-M6-053-00008 0.12355184555053711 2422.37 6259.14 2535.58 6258.81 2536.17 6461.46 2422.96 6461.79
26071-300-M6-053-00010 0.9998611211776733 2006.50 5139.78 2123.82 5139.04 2124.85 5299.96 2007.53 5300.70
26071-300-M6-053-00010 0.14170433580875397 2184.23 5186.98 2302.46 5186.11 2303.29 5298.25 2185.06 5299.12
26071-300-M6-053-00012 0.9998735189437866 5491.65 4841.54 5609.54 4841.93 5609.01 5005.51 5491.12 5005.13
26071-300-M6-053-00012 0.9998667240142822 3920.89 4727.37 4037.78 4727.55 4037.53 4887.19 3920.64 4887.00
26071-300-M6-053-00012 0.999847412109375 6567.11 6462.73 6683.51 6463.17 6682.90 6622.35 6566.50 6621.90
26071-300-M6-053-00012 0.9998459815979004 4689.93 6463.97 4805.10 6464.89 4803.83 6624.32 4688.66 6623.40
26071-300-M6-053-00012 0.17183466255664825 4277.69 4687.77 4391.29 4688.10 4390.69 4890.65 4277.10 4890.31
26071-300-M6-053-00012 0.16788539290428162 6273.62 6423.10 6387.80 6423.59 6386.93 6626.78 6272.75 6626.29
26071-300-M6-053-00012 0.1541289985179901 4395.46 6422.67 4509.99 6423.08 4509.27 6626.47 4394.74 6626.07
26071-300-M6-053-00012 0.055859461426734924 4900.81 4810.27 5017.86 4809.43 5019.30 5010.82 4902.26 5011.66
26071-450-M6-082-00009 0.9998078942298889 6082.81 5734.63 6198.62 5734.93 6198.21 5894.79 6082.39 5894.49
26071-450-M6-082-00009 0.12933838367462158 5904.90 5692.76 6020.93 5691.64 6022.85 5892.25 5906.82 5893.36
26071-450-M6-082-00031 0.9998800754547119 4606.69 2649.36 4722.59 2650.29 4721.33 2808.01 4605.42 2807.08
26071-450-M6-082-00031 0.9998763799667358 3673.42 5177.27 3789.72 5178.17 3788.49 5336.30 3672.19 5335.39
26071-450-M6-082-00031 0.999874472618103 5963.92 5140.01 6081.63 5139.76 6081.97 5301.79 5964.27 5302.04
26071-450-M6-082-00031 0.18907217681407928 5729.42 5094.50 5844.25 5094.59 5844.07 5302.42 5729.24 5302.32
26071-450-M6-082-00031 0.17450715601444244 3439.31 5134.36 3553.12 5134.71 3552.51 5339.46 3438.70 5339.12
26071-450-M6-082-00031 0.15192994475364685 4383.76 2605.54 4497.79 2605.43 4497.98 2811.26 4383.95 2811.37
26071-450-M6-082-00031 0.13319449126720428 3719.89 6494.54 3835.81 6493.43 3837.76 6696.27 3721.84 6697.38
26071-500-M6-059-00011 0.9998431205749512 5160.92 6473.89 5280.84 6474.49 5280.02 6636.16 5160.10 6635.55
26071-500-M6-059-00011 0.11491841822862625 4783.55 6433.51 4900.40 6433.43 4900.53 6638.16 4783.68 6638.24
26071-500-M6-059-00040 0.44526171684265137 6791.00 6470.05 6908.88 6468.39 6910.70 6597.52 6792.82 6599.18
26071-500-M6-059-00044 0.5221920609474182 7805.16 6589.34 7921.32 6585.49 7925.70 6717.53 7809.54 6721.38
26071-500-M6-059-00044 0.05284572392702103 1617.47 1967.29 1735.03 1964.34 1737.65 2068.36 1620.09 2071.32
26071-550-M6-084-00026 0.4736516773700714 7498.35 6158.95 7614.23 6155.95 7617.33 6275.72 7501.45 6278.71
26071-600-M6-065-00021 0.9999189376831055 5549.67 6295.46 5669.58 6295.67 5669.29 6460.10 5549.37 6459.88
26071-600-M6-065-00021 0.9998339414596558 3778.70 6204.03 3895.74 6203.36 3896.65 6361.31 3779.61 6361.98
26071-600-M6-065-00021 0.3919772505760193 1712.51 3716.51 1829.11 3715.72 1830.50 3920.89 1713.91 3921.68
26071-600-M6-065-00021 0.33195483684539795 5846.14 6258.37 5962.98 6257.58 5964.34 6459.84 5847.50 6460.63
26071-600-M6-065-00021 0.2821190655231476 7559.06 6480.70 7675.04 6480.16 7675.99 6685.08 7560.02 6685.62
26071-600-M6-065-00021 0.15557222068309784 7794.41 6478.51 7910.89 6477.11 7913.38 6682.43 7796.90 6683.84
26071-600-M6-065-00037 0.2832460403442383 4487.48 5453.53 4603.48 5452.45 4605.38 5657.31 4489.38 5658.38
26071-600-M6-065-00037 0.16693338751792908 414.45 6518.49 530.05 6518.63 529.80 6724.30 414.20 6724.16
26071-600-M6-065-00037 0.1539783775806427 650.29 6520.97 765.97 6520.31 767.14 6725.08 651.46 6725.75
26071-600-M6-065-00037 0.1356763243675232 1180.48 5446.56 1296.06 5447.12 1295.11 5642.76 1179.53 5642.19
26071-600-M6-065-00231 0.9263975620269775 1831.48 4997.55 1947.33 4997.50 1947.39 5121.80 1831.54 5121.85
26071-600-M6-066-00012 0.9998874664306641 5609.87 2131.45 5727.88 2132.10 5727.03 2287.36 5609.01 2286.71
26071-600-M6-066-00012 0.999868631362915 1950.36 2329.70 2065.64 2330.49 2064.54 2491.25 1949.26 2490.47
26071-600-M6-066-00012 0.9998683929443359 7382.69 1774.12 7498.41 1774.88 7497.34 1936.70 7381.62 1935.94
26071-600-M6-066-00012 0.9998520612716675 5844.53 4254.04 5962.63 4253.24 5963.73 4415.19 5845.63 4415.99
26071-700-M6-054-00036 0.9998621940612793 4911.95 2057.10 5028.66 2056.50 5029.48 2217.96 4912.78 2218.56
26071-700-M6-054-00036 0.10256996750831604 4521.20 5038.27 4639.99 5035.84 4642.48 5157.76 4523.69 5160.19
26071-700-M6-054-00246 0.9998735189437866 4134.67 5471.78 4250.44 5472.44 4249.52 5633.34 4133.75 5632.68
26071-750-M6-085-00007 0.9998618364334106 5729.15 5555.16 5844.81 5556.32 5843.22 5714.61 5727.56 5713.45
26071-750-M6-085-00012 0.8026434183120728 1653.28 2428.86 1771.86 2428.31 1772.41 2546.95 1653.83 2547.50
