26071-200-M6-052-00001 0.9858140349388123 2373.15 3374.08 2568.73 3374.24 2568.57 3564.39 2372.99 3564.23
26071-200-M6-052-00002 0.9830846190452576 2847.02 3115.28 3032.26 3114.59 3032.95 3300.78 2847.71 3301.46
26071-200-M6-052-00093 0.08765707910060883 3873.13 3829.07 4092.49 3830.25 4091.38 4038.42 3872.01 4037.25
26071-200-M6-052-00093 0.08171070367097855 3863.33 1475.49 4097.71 1475.83 4097.41 1674.94 3863.04 1674.60
26071-200-M6-052-00093 0.06513616442680359 3872.31 4486.47 4100.68 4488.39 4099.03 4684.80 3870.66 4682.88
26071-200-M6-052-00093 0.06138546019792557 3874.78 2235.88 4098.79 2237.35 4097.28 2467.70 3873.26 2466.23
26071-200-M6-052-00539 0.9862658381462097 3205.65 5387.34 3391.44 5386.98 3391.79 5569.32 3206.00 5569.68
26071-203-M6-160-00291 0.16600929200649261 2732.50 5303.91 2907.00 5301.60 2909.40 5483.80 2734.90 5486.10
26071-203-M6-160-00291 0.15820254385471344 5218.52 5302.62 5397.19 5297.38 5402.58 5481.12 5223.90 5486.36
26071-203-M6-332-00001 0.08196195960044861 3354.63 2962.30 3534.45 2964.30 3531.22 3254.94 3351.40 3252.95
26071-203-M6-332-00001 0.08152775466442108 5454.51 2962.40 5634.52 2964.42 5631.25 3255.49 5451.24 3253.47
26071-203-M6-332-00001 0.054886333644390106 4164.29 2936.39 4572.68 2944.03 4566.30 3285.11 4157.91 3277.47
26071-203-M6-337-00031 0.21341472864151 6409.96 505.19 6593.12 504.37 6594.41 790.77 6411.25 791.60
26071-203-M6-337-00031 0.1730087399482727 6408.95 1134.75 6598.38 1133.73 6599.87 1410.61 6410.44 1411.63
26071-203-M6-337-00031 0.17148932814598083 2735.42 1861.09 2902.95 1863.55 2898.68 2153.52 2731.15 2151.06
26071-203-M6-337-00031 0.12841260433197021 2725.61 2249.56 2902.93 2250.66 2901.22 2525.87 2723.90 2524.77
26071-203-M6-337-00031 0.06693527102470398 2197.08 2469.16 2376.27 2471.45 2372.45 2770.46 2193.27 2768.17
26071-203-M6-337-00031 0.058039888739585876 5379.87 690.25 5663.09 699.69 5659.21 816.13 5375.99 806.70
26071-300-M6-053-00012 0.17774908244609833 4943.76 2281.06 5158.64 2280.63 5159.02 2472.63 4944.15 2473.06
26071-550-M6-084-00026 0.11631658673286438 4541.60 3290.02 4708.34 3282.14 4717.62 3478.70 4550.88 3486.58
26071-550-M6-084-00026 0.06627395004034042 2175.60 3280.63 2364.81 3282.81 2362.47 3485.38 2173.26 3483.20
26071-600-M6-065-00021 0.06462342292070389 2251.92 1459.57 2545.22 1462.89 2543.84 1584.65 2250.54 1581.32
26071-675-M6-068-10002 0.0611831396818161 4626.25 1876.12 4813.98 1877.07 4813.18 2033.85 4625.45 2032.90
26071-675-M6-068-10002 0.05341770127415657 6479.60 2016.07 6660.67 2017.01 6659.90 2164.71 6478.83 2163.77
26071-675-M6-068-10002 0.052082281559705734 5430.96 1866.55 5607.77 1868.75 5605.66 2038.01 5428.85 2035.81
26071-750-M6-085-00012 0.5266212821006775 3075.54 5075.98 3224.66 5073.68 3227.71 5271.43 3078.59 5273.73
26071-750-M6-085-00012 0.15540602803230286 5363.28 5113.61 5503.07 5112.49 5504.21 5255.92 5364.43 5257.03
26071-750-M6-085-00012 0.1450582891702652 5366.49 3760.46 5511.20 3761.77 5510.05 3888.65 5365.34 3887.34
26071-750-M6-085-00012 0.08925903588533401 7517.60 5116.63 7684.10 5116.62 7684.10 5272.78 7517.60 5272.79
26071-750-M6-085-00012 0.060044560581445694 7154.00 5089.72 7316.97 5092.06 7314.79 5244.33 7151.82 5242.00
26071-750-M6-085-00012 0.05146583169698715 2667.55 5095.42 2825.88 5096.29 2825.12 5234.42 2666.79 5233.54
