26071-200-M6-052-00150 0.9235119223594666 2994.76 2608.67 3221.38 2611.41 3220.52 2681.89 2993.91 2679.15
26071-200-M6-052-00544 0.5676038861274719 1325.19 4220.99 1390.49 4221.73 1388.25 4419.35 1322.94 4418.60
26071-200-M6-062-00276 0.9768220782279968 1260.40 3910.89 1339.10 3912.12 1335.48 4143.74 1256.78 4142.51
26071-203-M6-060-00006 0.14264720678329468 6880.46 4276.35 7122.37 4280.29 7121.63 4325.48 6879.73 4321.54
26071-600-M6-065-00231 0.2039349228143692 6585.58 3499.50 6838.66 3496.48 6839.20 3541.72 6586.12 3544.74
26071-600-M6-065-00231 0.10253376513719559 7102.19 3496.31 7414.88 3495.50 7415.00 3540.87 7102.30 3541.68
26071-750-M6-085-00007 0.1313459277153015 1778.23 2802.02 2054.95 2798.05 2055.64 2845.90 1778.91 2849.87
26071-750-M6-085-00007 0.10293804109096527 2940.32 2795.74 3127.32 2798.30 3126.68 2845.25 2939.68 2842.69
26071-750-M6-085-00007 0.09992040693759918 1265.52 2798.53 1442.36 2799.68 1442.05 2847.10 1265.22 2845.95
26071-750-M6-085-00007 0.06385976821184158 3389.52 2799.23 3527.57 2797.97 3527.98 2843.01 3389.93 2844.26
