26071-200-M6-052-00001 0.9997246861457825 4213.84 2331.14 4362.36 2330.75 4362.75 2477.40 4214.22 2477.79
26071-200-M6-052-00001 0.9996732473373413 5003.11 5612.61 5152.74 5612.21 5153.13 5760.06 5003.50 5760.46
26071-200-M6-052-00001 0.99946528673172 3805.68 3098.75 3955.33 3099.16 3954.93 3244.74 3805.29 3244.33
26071-200-M6-052-00001 0.9994296431541443 6649.27 1713.34 6798.50 1713.26 6798.57 1860.23 6649.35 1860.31
26071-200-M6-052-00001 0.17303906381130219 3231.72 2730.73 3383.09 2730.98 3382.83 2884.31 3231.46 2884.06
26071-200-M6-052-00001 0.14483696222305298 4368.85 2257.71 4517.27 2260.79 4514.08 2414.88 4365.66 2411.81
26071-200-M6-052-00001 0.11995489150285721 4412.75 5569.02 4564.47 5568.80 4564.68 5714.54 4412.96 5714.76
26071-200-M6-052-00001 0.11670543998479843 2329.29 3869.06 2481.13 3869.32 2480.87 4020.80 2329.02 4020.54
26071-200-M6-052-00002 0.9998090863227844 5332.38 5259.98 5478.87 5260.27 5478.58 5406.23 5332.10 5405.94
26071-200-M6-052-00002 0.9997537732124329 7137.93 3790.61 7282.73 3790.50 7282.84 3937.49 7138.04 3937.60
26071-200-M6-052-00002 0.9997518658638 1454.37 837.52 1601.52 837.64 1601.40 983.75 1454.25 983.63
26071-200-M6-052-00002 0.9997233748435974 4839.02 1697.72 4988.19 1697.51 4988.39 1845.71 4839.23 1845.91
26071-200-M6-052-00002 0.99960857629776 7284.95 6174.59 7432.78 6174.40 7432.97 6324.89 7285.14 6325.08
26071-200-M6-052-00002 0.9994650483131409 6710.24 1151.67 6858.26 1151.61 6858.32 1298.27 6710.30 1298.34
26071-200-M6-052-00002 0.9993994235992432 4395.49 2662.86 4544.06 2662.63 4544.28 2809.73 4395.71 2809.96
26071-200-M6-052-00002 0.9992839694023132 1798.79 5876.47 1946.17 5876.91 1945.73 6027.46 1798.35 6027.02
26071-200-M6-052-00002 0.3686991333961487 4645.21 4287.63 4798.38 4286.53 4799.41 4430.87 4646.25 4431.97
26071-200-M6-052-00002 0.3463554084300995 7284.82 5583.88 7433.43 5584.37 7432.94 5733.21 7284.33 5732.73
26071-200-M6-052-00002 0.21741677820682526 3388.66 3542.12 3545.97 3538.18 3549.72 3687.83 3392.41 3691.77
26071-200-M6-052-00002 0.18792112171649933 4995.71 1672.76 5154.12 1671.64 5155.18 1821.47 4996.77 1822.58
26071-200-M6-052-00002 0.175985649228096 4905.44 4285.96 5055.71 4283.45 5058.23 4434.54 4907.96 4437.05
26071-200-M6-052-00002 0.09118116647005081 3389.45 3753.78 3546.02 3750.43 3549.25 3901.01 3392.67 3904.35
26071-200-M6-052-00002 0.07486055791378021 4959.21 5212.14 5113.20 5211.19 5114.12 5360.54 4960.13 5361.49
26071-200-M6-052-00002 0.07065539062023163 5475.13 4288.42 5627.19 4283.33 5632.22 4433.33 5480.16 4438.43
26071-200-M6-052-00002 0.06768415123224258 2643.25 3324.64 2790.66 3324.49 2790.81 3470.45 2643.39 3470.60
26071-200-M6-052-00003 0.9998366832733154 4967.69 5742.58 5117.29 5742.18 5117.65 5875.85 4968.05 5876.25
26071-200-M6-052-00003 0.9997827410697937 1427.41 2310.88 1573.75 2310.78 1573.85 2457.83 1427.50 2457.92
26071-200-M6-052-00003 0.9997454285621643 5008.44 2447.01 5154.48 2446.98 5154.50 2596.54 5008.46 2596.57
26071-200-M6-052-00003 0.9996588230133057 5677.45 2798.79 5822.56 2798.78 5822.56 2947.10 5677.45 2947.11
26071-200-M6-052-00003 0.9995574355125427 5954.33 1122.29 6100.06 1121.97 6100.38 1269.02 5954.65 1269.33
26071-200-M6-052-00003 0.9995540976524353 5946.90 1921.10 6094.90 1921.31 6094.70 2069.05 5946.69 2068.84
26071-200-M6-052-00003 0.36626070737838745 6862.31 4176.06 6995.72 4180.02 6991.30 4328.94 6857.89 4324.98
26071-200-M6-052-00003 0.31261271238327026 5352.27 5225.72 5505.87 5225.93 5505.66 5374.55 5352.06 5374.33
26071-200-M6-052-00003 0.25905317068099976 3765.17 4768.10 3913.84 4767.97 3913.97 4920.23 3765.31 4920.36
26071-200-M6-052-00003 0.138998880982399 2520.49 4180.01 2669.05 4177.36 2671.73 4327.20 2523.16 4329.85
26071-200-M6-052-00003 0.1151999831199646 2874.46 4957.77 3025.54 4957.64 3025.66 5109.04 2874.59 5109.17
26071-200-M6-052-00080 0.999771773815155 2135.85 5015.28 2283.37 5015.50 2283.15 5160.37 2135.63 5160.14
26071-200-M6-052-00080 0.9997403025627136 5549.61 5007.21 5696.69 5007.37 5696.53 5156.88 5549.44 5156.71
26071-200-M6-052-00080 0.9997360110282898 3576.78 5453.35 3725.61 5453.62 3725.35 5601.56 3576.52 5601.29
26071-200-M6-052-00080 0.999691367149353 5005.13 5008.49 5153.87 5008.44 5153.92 5156.11 5005.18 5156.15
26071-200-M6-052-00080 0.9996763467788696 1526.12 5016.09 1672.73 5014.07 1674.76 5161.37 1528.15 5163.40
26071-200-M6-052-00080 0.999671220779419 2876.69 3118.18 3027.82 3117.90 3028.09 3263.74 2876.96 3264.02
26071-200-M6-052-00080 0.9996310472488403 3233.60 6550.90 3381.33 6550.60 3381.63 6698.93 3233.90 6699.22
26071-200-M6-052-00080 0.9996296167373657 3102.50 2787.06 3248.96 2785.83 3250.19 2932.66 3103.74 2933.89
26071-200-M6-052-00080 0.9996206760406494 2646.17 6259.06 2789.55 6258.79 2789.82 6402.61 2646.44 6402.88
26071-200-M6-052-00080 0.9996127486228943 6528.40 2786.51 6674.91 2785.82 6675.60 2933.21 6529.09 2933.90
26071-200-M6-052-00080 0.9995860457420349 6302.32 3118.71 6452.15 3118.24 6452.61 3263.55 6302.78 3264.02
26071-200-M6-052-00080 0.9995823502540588 7319.49 5170.21 7469.13 5170.07 7469.27 5318.17 7319.63 5318.31
26071-200-M6-052-00080 0.9994175434112549 3893.99 5168.59 4044.40 5168.49 4044.51 5316.35 3894.10 5316.46
26071-200-M6-052-00080 0.9993522763252258 7001.63 5452.80 7148.71 5453.28 7148.23 5603.14 7001.14 5602.66
26071-200-M6-052-00080 0.9992519021034241 6609.37 1882.42 6760.17 1883.03 6759.56 2036.51 6608.75 2035.91
26071-200-M6-052-00080 0.9987286925315857 3185.61 1882.51 3335.24 1882.86 3334.88 2035.68 3185.25 2035.33
26071-200-M6-052-00080 0.5894176363945007 3464.84 5169.55 3614.11 5168.68 3614.98 5319.81 3465.72 5320.67
26071-200-M6-052-00080 0.4866865873336792 6885.62 5167.82 7038.86 5168.95 7037.73 5321.84 6884.50 5320.71
26071-200-M6-052-00080 0.3023936152458191 3091.28 2181.50 3231.30 2183.62 3229.04 2333.47 3089.02 2331.36
26071-200-M6-052-00080 0.28036215901374817 3228.69 6163.17 3382.27 6164.03 3381.43 6313.00 3227.85 6312.14
26071-200-M6-052-00080 0.22255176305770874 5996.77 4817.84 6144.83 4817.71 6144.97 4969.92 5996.90 4970.05
26071-200-M6-052-00080 0.22235670685768127 2571.43 4817.44 2719.19 4816.84 2719.82 4971.61 2572.06 4972.22
26071-200-M6-052-00080 0.18129965662956238 5986.59 4628.50 6140.10 4629.01 6139.60 4779.14 5986.09 4778.63
26071-200-M6-052-00080 0.16843096911907196 3083.57 1771.92 3239.85 1771.51 3240.25 1923.23 3083.96 1923.64
26071-200-M6-052-00080 0.13440710306167603 7323.39 3366.90 7471.12 3366.43 7471.60 3516.10 7323.86 3516.57
26071-200-M6-052-00080 0.12486600875854492 6513.43 1765.55 6662.96 1765.24 6663.31 1930.17 6513.78 1930.48
26071-200-M6-052-00080 0.12070968747138977 3897.42 3364.45 4049.02 3361.62 4051.95 3518.80 3900.35 3521.62
26071-200-M6-052-00080 0.07989344745874405 3093.65 4583.99 3240.23 4580.35 3243.92 4728.75 3097.34 4732.40
26071-200-M6-052-00080 0.0770149677991867 3087.90 2512.31 3236.04 2510.67 3237.74 2663.65 3089.60 2665.30
26071-200-M6-052-00090 0.9997912049293518 3245.19 5821.11 3394.07 5821.64 3393.55 5966.67 3244.67 5966.14
26071-200-M6-052-00090 0.9996864795684814 2521.58 2704.91 2672.03 2704.22 2672.70 2850.89 2522.26 2851.58
26071-200-M6-052-00090 0.9996706247329712 1107.63 4603.22 1255.43 4603.26 1255.38 4750.24 1107.58 4750.19
26071-200-M6-052-00090 0.9996647834777832 4131.20 4603.25 4280.07 4603.24 4280.08 4750.88 4131.21 4750.89
26071-200-M6-052-00090 0.9996453523635864 3008.32 1577.91 3158.11 1577.97 3158.05 1726.70 3008.26 1726.64
26071-200-M6-052-00090 0.9996342658996582 2748.80 2349.91 2896.78 2349.85 2896.83 2495.72 2748.85 2495.77
26071-200-M6-052-00090 0.9996213912963867 4072.24 6127.44 4220.78 6127.43 4220.79 6273.59 4072.25 6273.61
26071-200-M6-052-00090 0.999617338180542 6920.58 3964.51 7066.53 3964.89 7066.15 4114.28 6920.20 4113.90
26071-200-M6-052-00090 0.9996089339256287 4687.63 4605.90 4833.79 4605.66 4834.03 4750.46 4687.87 4750.71
26071-200-M6-052-00090 0.999576985836029 1674.84 4602.62 1822.87 4602.78 1822.71 4750.70 1674.68 4750.54
26071-200-M6-052-00090 0.9995748400688171 5533.39 2705.38 5683.24 2704.99 5683.63 2852.04 5533.77 2852.43
26071-200-M6-052-00090 0.9995386600494385 5758.99 2373.92 5907.90 2373.57 5908.25 2519.49 5759.34 2519.84
26071-200-M6-052-00090 0.999534010887146 6171.54 5161.41 6319.22 5160.98 6319.65 5306.66 6171.97 5307.09
26071-200-M6-052-00090 0.9989643096923828 5855.58 1438.74 6003.40 1438.90 6003.24 1585.84 5855.42 1585.68
26071-200-M6-052-00090 0.9107426404953003 4072.55 5751.51 4222.16 5753.30 4220.40 5901.20 4070.78 5899.42
26071-200-M6-052-00090 0.7527766227722168 2683.91 1577.68 2843.89 1578.43 2843.18 1730.06 2683.21 1729.32
26071-200-M6-052-00090 0.2780362367630005 2442.99 4566.02 2587.87 4566.77 2587.08 4719.12 2442.20 4718.37
26071-200-M6-052-00090 0.23467053472995758 5452.01 4567.11 5601.14 4566.04 5602.22 4717.72 5453.10 4718.79
26071-200-M6-052-00090 0.23284472525119781 2682.68 1357.29 2834.68 1353.73 2838.16 1502.02 2686.16 1505.58
26071-200-M6-052-00090 0.21391035616397858 3976.38 4562.27 4134.38 4568.26 4128.71 4717.93 3970.71 4711.94
26071-200-M6-052-00090 0.19883942604064941 2219.39 4163.05 2365.49 4163.83 2364.67 4317.73 2218.57 4316.95
26071-200-M6-052-00090 0.19638888537883759 5231.55 4163.84 5377.43 4164.50 5376.74 4317.48 5230.86 4316.82
26071-200-M6-052-00090 0.19170793890953064 951.08 4564.36 1102.41 4562.80 1104.00 4716.87 952.67 4718.43
26071-200-M6-052-00090 0.07036545127630234 2266.60 4562.34 2417.38 4563.03 2416.66 4719.57 2265.88 4718.88
26071-200-M6-052-00090 0.06945247948169708 5278.48 4562.61 5427.71 4563.66 5426.63 4718.99 5277.39 4717.94
26071-200-M6-052-00090 0.06176929920911789 5608.22 1840.00 5762.36 1841.41 5760.95 1995.48 5606.81 1994.08
26071-200-M6-052-00093 0.9997887015342712 4887.21 1473.49 5035.34 1473.25 5035.57 1618.79 4887.44 1619.02
26071-200-M6-052-00093 0.9997448325157166 6303.82 4084.55 6451.26 4084.45 6451.37 4228.84 6303.92 4228.94
26071-200-M6-052-00093 0.9997442364692688 3352.93 3987.96 3497.95 3987.88 3498.02 4136.56 3353.01 4136.64
26071-200-M6-052-00093 0.9997383952140808 3350.31 1624.90 3500.68 1624.68 3500.89 1772.17 3350.52 1772.39
26071-200-M6-052-00093 0.9997130036354065 6990.35 3364.88 7136.84 3364.85 7136.87 3508.78 6990.37 3508.81
26071-200-M6-052-00093 0.9996845722198486 5289.75 5406.49 5435.92 5406.24 5436.17 5551.96 5290.00 5552.21
26071-200-M6-052-00093 0.9995156526565552 5275.68 6019.96 5425.13 6019.96 5425.13 6168.85 5275.69 6168.86
26071-200-M6-052-00093 0.999445378780365 6518.35 3376.35 6663.65 3376.57 6663.43 3522.23 6518.13 3522.01
26071-200-M6-052-00093 0.6008101105690002 3839.98 4308.65 3991.52 4308.85 3991.33 4460.41 3839.78 4460.22
26071-200-M6-052-00093 0.5828461647033691 3837.03 2064.79 3989.35 2059.35 3994.77 2210.88 3842.45 2216.32
26071-200-M6-052-00093 0.5458275675773621 3511.50 2148.15 3662.32 2144.72 3665.64 2290.72 3514.82 2294.15
26071-200-M6-052-00093 0.45695310831069946 983.44 2384.15 1133.45 2380.45 1137.10 2528.35 987.09 2532.05
26071-200-M6-052-00093 0.3319060206413269 3509.65 4504.61 3663.44 4502.83 3665.21 4655.43 3511.42 4657.22
26071-200-M6-052-00093 0.195243701338768 2758.67 962.65 2909.33 960.90 2911.14 1116.63 2760.47 1118.38
26071-200-M6-052-00093 0.1871567815542221 4289.91 2455.75 4445.20 2456.11 4444.86 2603.33 4289.56 2602.96
26071-200-M6-052-00093 0.1676805466413498 4290.49 2692.70 4437.61 2693.32 4437.00 2838.56 4289.87 2837.94
26071-200-M6-052-00093 0.10208520293235779 4292.97 4697.11 4447.24 4698.16 4446.26 4841.90 4291.99 4840.84
26071-200-M6-052-00093 0.10117574036121368 4287.60 4878.95 4438.53 4876.53 4440.99 5030.02 4290.06 5032.44
26071-200-M6-052-00093 0.08326158672571182 6358.83 3323.41 6511.12 3324.03 6510.51 3474.74 6358.21 3474.12
26071-200-M6-052-00093 0.07043758779764175 5314.11 6183.67 5465.97 6182.85 5466.80 6335.97 5314.94 6336.79
26071-200-M6-052-00093 0.06730233877897263 4430.99 2063.03 4578.77 2063.15 4578.64 2217.41 4430.86 2217.28
26071-200-M6-052-00150 0.9997178912162781 5844.04 3374.96 5991.24 3374.92 5991.29 3522.85 5844.09 3522.90
26071-200-M6-052-00150 0.999664306640625 6729.73 4542.82 6876.88 4542.38 6877.32 4690.81 6730.17 4691.25
26071-200-M6-052-00150 0.9996393918991089 7285.59 4555.31 7432.10 4554.86 7432.56 4704.76 7286.06 4705.21
26071-200-M6-052-00150 0.9992116689682007 2171.67 1473.64 2318.03 1473.44 2318.23 1620.74 2171.88 1620.94
26071-200-M6-052-00150 0.45017707347869873 2166.00 1074.09 2320.46 1073.97 2320.58 1223.71 2166.12 1223.84
26071-200-M6-052-00150 0.3070216774940491 4484.01 5074.37 4633.88 5072.10 4636.10 5218.88 4486.23 5221.15
26071-200-M6-052-00150 0.2681955397129059 5782.12 5074.94 5931.67 5072.55 5934.02 5219.35 5784.46 5221.74
26071-200-M6-052-00150 0.17349305748939514 4647.47 3992.04 4800.21 3991.74 4800.51 4139.32 4647.76 4139.63
26071-200-M6-052-00150 0.12025965750217438 2640.45 3990.12 2791.02 3990.33 2790.81 4136.08 2640.25 4135.87
26071-200-M6-052-00150 0.07082770764827728 6719.19 4892.12 6866.63 4892.05 6866.70 5041.48 6719.26 5041.55
26071-200-M6-052-00150 0.06633684784173965 6887.67 4508.36 7043.83 4507.82 7044.34 4656.23 6888.18 4656.77
26071-200-M6-052-00150 0.06469342857599258 4964.91 5593.66 5116.86 5594.29 5116.27 5739.75 4964.32 5739.13
26071-200-M6-052-00150 0.06267663091421127 2402.28 3991.70 2553.51 3992.32 2552.91 4137.09 2401.69 4136.46
26071-200-M6-052-00539 0.9997020363807678 4651.19 4118.55 4799.59 4118.49 4799.65 4265.71 4651.25 4265.77
26071-200-M6-052-00539 0.9997014403343201 2406.63 1283.36 2555.08 1283.43 2555.01 1431.29 2406.56 1431.22
26071-200-M6-052-00539 0.9995952248573303 3458.88 1283.58 3604.73 1283.45 3604.86 1432.12 3459.01 1432.25
26071-200-M6-052-00539 0.9995822310447693 6232.55 6069.64 6381.84 6069.96 6381.52 6215.90 6232.23 6215.58
26071-200-M6-052-00539 0.19882358610630035 5417.47 6042.18 5564.15 6042.41 5563.92 6188.02 5417.24 6187.79
26071-200-M6-052-00539 0.19210326671600342 2991.25 4860.49 3145.24 4859.55 3146.15 5009.53 2992.16 5010.46
26071-200-M6-052-00539 0.1794242113828659 6891.19 6040.12 7039.91 6038.33 7041.74 6189.85 6893.02 6191.65
26071-200-M6-052-00539 0.1780482679605484 4590.30 4740.26 4746.43 4739.84 4746.83 4886.87 4590.69 4887.29
26071-200-M6-052-00539 0.10564686357975006 3229.41 4862.32 3379.99 4861.09 3381.19 5009.15 3230.61 5010.37
26071-200-M6-052-00539 0.06613197922706604 1976.12 2868.69 2124.17 2868.65 2124.20 3017.00 1976.15 3017.03
26071-200-M6-052-00539 0.058893296867609024 2758.76 4860.60 2913.39 4859.34 2914.61 5008.64 2759.98 5009.90
26071-200-M6-052-00539 0.05547285079956055 6891.29 5759.36 7043.19 5760.86 7041.66 5916.39 6889.76 5914.88
26071-200-M6-052-00539 0.05482237786054611 7127.93 6043.76 7274.78 6042.18 7276.35 6187.82 7129.51 6189.40
26071-200-M6-052-00544 0.9996752738952637 2596.07 2087.80 2742.23 2087.65 2742.37 2234.14 2596.21 2234.28
26071-200-M6-052-00544 0.37868088483810425 4999.54 3880.64 5150.00 3877.62 5153.00 4026.88 5002.53 4029.91
26071-200-M6-052-00544 0.1428990662097931 1458.49 3975.03 1606.53 3974.26 1607.32 4126.16 1459.28 4126.93
26071-200-M6-052-00544 0.1400218904018402 4768.62 3878.31 4916.78 3876.03 4919.02 4021.40 4770.87 4023.69
26071-200-M6-052-00544 0.1283259242773056 4508.57 3559.87 4658.69 3556.45 4662.13 3707.50 4512.02 3710.92
26071-200-M6-052-00544 0.06908676028251648 2754.65 2024.79 2909.88 2024.87 2909.81 2176.11 2754.58 2176.04
26071-200-M6-052-00544 0.0664910301566124 3584.63 3874.49 3733.67 3871.93 3736.33 4026.18 3587.29 4028.75
26071-200-M6-052-00544 0.06352081149816513 2228.00 3089.59 2374.84 3088.15 2376.29 3236.92 2229.45 3238.36
26071-200-M6-052-00552 0.9995285272598267 4769.14 3800.23 4917.86 3800.09 4918.00 3948.82 4769.29 3948.96
26071-200-M6-062-00276 0.9996700286865234 1400.68 1899.07 1551.32 1898.81 1551.58 2045.93 1400.94 2046.19
26071-200-M6-062-00276 0.9995785355567932 2275.94 1615.24 2426.36 1615.05 2426.55 1762.71 2276.12 1762.90
26071-200-M6-063-00010 0.9997466206550598 6080.11 1745.55 6227.76 1745.45 6227.86 1891.53 6080.21 1891.64
26071-200-M6-063-00010 0.9997287392616272 5076.51 1722.23 5224.86 1722.00 5225.08 1866.39 5076.74 1866.61
26071-200-M6-063-00010 0.9997218251228333 5724.44 5527.09 5874.86 5527.03 5874.92 5670.38 5724.50 5670.44
26071-200-M6-063-00010 0.9996134638786316 4284.87 2242.08 4432.54 2242.18 4432.44 2387.77 4284.77 2387.66
26071-200-M6-063-00010 0.9993672966957092 6434.99 1744.87 6582.64 1744.89 6582.62 1893.60 6434.97 1893.58
26071-203-M6-060-00001 0.9997357726097107 3423.58 5367.35 3571.48 5367.26 3571.56 5510.24 3423.66 5510.32
26071-203-M6-060-00001 0.9997058510780334 3435.09 4413.41 3584.42 4413.33 3584.49 4561.31 3435.16 4561.38
26071-203-M6-060-00001 0.9997004270553589 3421.66 1260.78 3570.42 1260.63 3570.57 1407.79 3421.81 1407.94
26071-203-M6-060-00006 0.9996652603149414 2465.03 2536.63 2613.52 2536.50 2613.66 2683.45 2465.17 2683.59
26071-203-M6-060-00006 0.17666365206241608 4177.78 4776.79 4330.24 4779.73 4327.41 4926.51 4174.95 4923.58
26071-203-M6-060-00006 0.11390609294176102 7186.34 4451.20 7335.77 4451.71 7335.27 4600.19 7185.84 4599.68
26071-203-M6-060-00006 0.08456091582775116 2961.60 2987.04 3106.25 2984.76 3108.52 3128.68 2963.88 3130.97
26071-203-M6-060-00006 0.06583983451128006 6288.77 4682.99 6435.37 4683.90 6434.40 4839.83 6287.80 4838.92
26071-203-M6-060-00006 0.055153314024209976 2676.12 2977.81 2828.34 2979.42 2826.67 3137.31 2674.45 3135.70
26071-203-M6-079-00001 0.9997560381889343 4698.79 4815.84 4845.63 4815.76 4845.71 4963.28 4698.87 4963.36
26071-203-M6-079-00001 0.9997429251670837 4674.76 5760.94 4822.39 5760.73 4822.59 5908.16 4674.96 5908.36
26071-203-M6-079-00001 0.9997332692146301 4674.51 919.56 4822.74 919.49 4822.81 1063.59 4674.59 1063.67
26071-203-M6-079-00001 0.9997150301933289 4674.67 3751.87 4822.62 3751.56 4822.94 3900.95 4674.98 3901.26
26071-203-M6-160-00291 0.9997977614402771 1875.49 1284.84 2024.27 1284.97 2024.14 1431.57 1875.36 1431.44
26071-203-M6-160-00291 0.9997770190238953 1876.87 2055.03 2022.97 2055.27 2022.74 2198.80 1876.63 2198.56
26071-203-M6-160-00291 0.9997263550758362 1569.60 2926.13 1716.08 2926.20 1716.01 3073.15 1569.54 3073.08
26071-203-M6-160-00291 0.9996957778930664 1238.08 2121.70 1385.51 2121.99 1385.22 2269.40 1237.79 2269.11
26071-203-M6-160-00291 0.999687671661377 5819.98 4641.05 5967.05 4640.72 5967.38 4788.86 5820.32 4789.19
26071-203-M6-160-00291 0.9996238946914673 3330.80 4641.33 3477.18 4641.54 3476.96 4786.11 3330.58 4785.89
26071-203-M6-160-00291 0.9996121525764465 1438.48 1297.40 1587.35 1297.42 1587.34 1442.70 1438.47 1442.69
26071-203-M6-320-00008 0.9996091723442078 4690.87 966.49 4837.16 967.02 4836.63 1114.71 4690.34 1114.19
26071-203-M6-320-00008 0.9995731711387634 6227.04 2544.96 6373.53 2544.81 6373.68 2694.52 6227.19 2694.67
26071-203-M6-320-00008 0.33890438079833984 4183.52 3914.10 4331.35 3914.58 4330.86 4063.71 4183.03 4063.23
26071-203-M6-320-00042 0.09075156599283218 3949.75 3074.98 4112.33 3072.55 4114.54 3220.03 3951.95 3222.45
26071-203-M6-320-00061 0.6787351369857788 779.00 3814.59 931.82 3813.99 932.40 3961.89 779.58 3962.49
26071-203-M6-320-00061 0.22718021273612976 784.71 3488.43 925.75 3488.78 925.36 3641.95 784.32 3641.59
26071-203-M6-321-00604 0.9994138479232788 6809.19 954.22 6957.06 953.71 6957.57 1100.50 6809.70 1101.01
26071-203-M6-325-00012 0.9997254014015198 3962.33 2801.58 4108.97 2801.45 4109.10 2948.41 3962.46 2948.55
26071-203-M6-325-00012 0.9997219443321228 4322.18 3431.29 4469.29 3431.50 4469.08 3578.73 4321.96 3578.51
26071-203-M6-325-00012 0.999714195728302 3975.75 1241.57 4124.82 1241.56 4124.82 1388.69 3975.76 1388.70
26071-203-M6-325-00012 0.9996671676635742 4343.40 4735.94 4492.44 4736.03 4492.35 4883.82 4343.31 4883.73
26071-203-M6-325-00012 0.9996042847633362 3946.98 2230.73 4095.22 2230.35 4095.60 2378.64 3947.36 2379.03
26071-203-M6-325-00013 0.9997401833534241 3240.42 4646.57 3390.36 4646.53 3390.41 4792.65 3240.46 4792.69
26071-203-M6-325-00013 0.9994188547134399 6375.96 2246.26 6525.59 2246.16 6525.69 2396.60 6376.05 2396.69
26071-203-M6-325-00013 0.9994080066680908 6375.90 1646.46 6525.72 1646.32 6525.87 1796.57 6376.05 1796.71
26071-203-M6-332-00001 0.9996040463447571 1923.65 5448.49 2072.06 5448.20 2072.35 5594.25 1923.94 5594.55
26071-203-M6-332-00001 0.9994872808456421 1314.44 5335.41 1460.83 5335.53 1460.70 5483.74 1314.32 5483.62
26071-203-M6-332-00001 0.19973473250865936 4808.62 2830.75 4963.59 2829.79 4964.49 2975.89 4809.52 2976.85
26071-203-M6-332-00001 0.12247586250305176 3968.13 2830.04 4124.97 2829.66 4125.32 2975.54 3968.48 2975.92
26071-203-M6-332-00001 0.11862088739871979 6068.22 2829.83 6225.03 2829.41 6225.42 2975.55 6068.61 2975.97
26071-203-M6-332-00001 0.11802376061677933 5647.90 2829.88 5804.31 2829.44 5804.72 2975.50 5648.32 2975.95
26071-203-M6-332-00001 0.11510621756315231 3547.98 2829.69 3704.37 2829.21 3704.82 2975.51 3548.43 2975.99
26071-203-M6-332-00001 0.09761150926351547 5231.55 2829.90 5384.59 2829.47 5385.00 2975.97 5231.96 2976.40
26071-203-M6-332-00001 0.08674729615449905 3131.27 2829.95 3284.71 2829.57 3285.08 2976.07 3131.64 2976.45
26071-203-M6-332-00001 0.06275150924921036 1485.55 3882.28 1635.51 3881.60 1636.21 4033.15 1486.24 4033.84
26071-203-M6-332-00001 0.059701528400182724 4389.90 2835.93 4545.94 2835.49 4546.34 2975.47 4390.29 2975.91
26071-203-M6-332-00008 0.47393834590911865 6285.46 3344.15 6428.66 3344.27 6428.53 3492.52 6285.33 3492.40
26071-203-M6-332-00008 0.0671786516904831 3854.51 3343.49 3999.42 3339.15 4003.92 3489.39 3859.00 3493.73
26071-203-M6-337-00007 0.9997795224189758 3061.47 2583.82 3209.53 2583.89 3209.45 2730.59 3061.40 2730.51
26071-203-M6-337-00007 0.9997569918632507 3061.38 5283.82 3209.44 5283.90 3209.36 5430.17 3061.30 5430.09
26071-203-M6-337-00007 0.9996091723442078 5330.35 2922.28 5479.96 2922.94 5479.31 3069.97 5329.70 3069.31
26071-203-M6-337-00007 0.9994623064994812 5320.59 5631.59 5466.61 5631.22 5466.99 5778.64 5320.97 5779.01
26071-203-M6-337-00031 0.9991241097450256 3930.70 2572.52 4080.19 2573.08 4079.62 2725.68 3930.13 2725.13
26071-203-M6-337-00031 0.9987646341323853 4491.08 790.49 4638.19 791.30 4637.34 944.80 4490.23 943.98
26071-203-M6-337-00031 0.9983554482460022 3390.33 977.68 3539.23 978.33 3538.57 1126.35 3389.67 1125.69
26071-203-M6-337-00031 0.9983524084091187 4892.37 447.10 5040.81 447.40 5040.51 597.86 4892.08 597.57
26071-203-M6-337-00031 0.9980968832969666 4078.10 791.60 4224.29 791.47 4224.43 941.58 4078.24 941.71
26071-203-M6-337-00031 0.9978669285774231 3243.18 416.33 3392.05 416.81 3391.56 570.11 3242.69 569.64
26071-203-M6-337-00031 0.9974116683006287 2099.18 2394.69 2247.55 2394.11 2248.16 2548.47 2099.79 2549.06
26071-203-M6-337-00031 0.9972795844078064 4042.71 2093.90 4190.68 2095.85 4188.68 2247.50 4040.72 2245.55
26071-300-M6-053-00008 0.9996795654296875 4864.62 671.80 5009.80 671.71 5009.88 815.69 4864.71 815.78
26071-300-M6-053-00008 0.1444939523935318 3562.68 2212.45 3701.07 2212.74 3700.74 2370.62 3562.35 2370.32
26071-300-M6-053-00008 0.07052706182003021 4454.35 1240.15 4601.05 1237.09 4604.25 1390.20 4457.54 1393.26
26071-300-M6-053-00008 0.053833603858947754 4455.13 1477.09 4603.39 1474.66 4605.91 1628.30 4457.65 1630.73
26071-300-M6-053-00008 0.052745189517736435 3557.28 3990.97 3710.70 3990.31 3711.34 4140.32 3557.92 4140.98
26071-300-M6-053-00010 0.9997349381446838 4557.32 2452.22 4704.52 2452.11 4704.63 2598.98 4557.43 2599.09
26071-300-M6-053-00010 0.9997208714485168 4638.72 5831.53 4787.50 5831.36 4787.66 5977.96 4638.88 5978.13
26071-300-M6-053-00010 0.9996978044509888 3884.05 3033.34 4031.01 3033.34 4031.01 3178.84 3884.04 3178.84
26071-300-M6-053-00010 0.9996899366378784 5335.11 2452.86 5483.26 2452.66 5483.45 2597.39 5335.30 2597.58
26071-300-M6-053-00010 0.9994500279426575 7014.21 1356.86 7161.41 1356.73 7161.53 1500.55 7014.33 1500.68
26071-300-M6-053-00010 0.9993541836738586 5028.65 2452.92 5177.53 2453.59 5176.86 2602.71 5027.98 2602.04
26071-300-M6-053-00012 0.9997010231018066 5324.71 1731.74 5472.19 1731.48 5472.45 1880.37 5324.97 1880.63
26071-300-M6-053-00012 0.9996981620788574 2903.31 4932.56 3051.07 4932.49 3051.13 5082.25 2903.38 5082.32
26071-300-M6-053-00012 0.9996592998504639 1898.49 4934.96 2048.52 4934.96 2048.52 5082.61 1898.49 5082.61
26071-300-M6-053-00012 0.9996474981307983 6953.84 1426.71 7101.67 1426.47 7101.91 1573.31 6954.08 1573.56
26071-300-M6-053-00012 0.9996292591094971 2420.12 1557.52 2568.11 1559.11 2566.53 1706.66 2418.54 1705.08
26071-300-M6-053-00012 0.9995606541633606 4709.14 3740.96 4856.43 3740.99 4856.40 3885.48 4709.11 3885.44
26071-300-M6-053-00012 0.9994326233863831 6195.04 879.39 6345.41 879.71 6345.09 1028.04 6194.72 1027.72
26071-300-M6-053-00012 0.07717704027891159 3391.46 5977.09 3540.61 5975.12 3542.52 6119.14 3393.36 6121.11
26071-300-M6-053-00309 0.9996767044067383 2125.59 3922.80 2270.41 3922.84 2270.38 4066.28 2125.56 4066.24
26071-300-M6-053-00309 0.9996438026428223 2302.35 1912.01 2449.13 1912.24 2448.89 2059.36 2302.12 2059.12
26071-300-M6-053-00309 0.9995855689048767 5371.08 3919.73 5519.89 3919.69 5519.92 4065.14 5371.12 4065.17
26071-300-M6-053-00309 0.9994980096817017 4297.40 1912.68 4444.48 1913.28 4443.87 2062.42 4296.79 2061.82
26071-300-M6-053-00309 0.9990025162696838 5359.69 3033.86 5507.71 3033.66 5507.91 3180.33 5359.89 3180.53
26071-300-M6-053-00309 0.9988258481025696 5952.94 2548.37 6096.47 2548.94 6095.88 2698.07 5952.34 2697.50
26071-300-M6-053-00309 0.9987945556640625 5762.27 1488.15 5908.66 1487.45 5909.35 1632.87 5762.97 1633.57
26071-300-M6-053-00309 0.9986129999160767 5419.05 2264.74 5567.17 2264.91 5567.00 2414.87 5418.88 2414.71
26071-300-M6-053-00309 0.05040563642978668 7483.20 5995.12 7633.37 5995.50 7632.99 6142.89 7482.82 6142.51
26071-450-M6-082-00009 0.9998000264167786 5821.79 4748.80 5969.43 4749.00 5969.22 4895.72 5821.58 4895.51
26071-450-M6-082-00009 0.9997480511665344 5430.89 6092.40 5577.53 6092.35 5577.58 6236.53 5430.94 6236.58
26071-450-M6-082-00009 0.9997193217277527 6139.14 4792.19 6287.10 4792.06 6287.24 4938.99 6139.27 4939.13
26071-450-M6-082-00009 0.9997081160545349 3245.99 1143.24 3392.41 1143.11 3392.54 1289.02 3246.13 1289.16
26071-450-M6-082-00009 0.9996374845504761 3210.30 3541.63 3357.89 3541.71 3357.81 3687.51 3210.22 3687.43
26071-450-M6-082-00009 0.9996091723442078 3835.11 1616.66 3983.43 1616.46 3983.62 1761.24 3835.30 1761.44
26071-450-M6-082-00009 0.9993963241577148 4756.80 6067.81 4903.70 6067.86 4903.66 6215.36 4756.75 6215.31
26071-450-M6-082-00009 0.9870389103889465 6895.14 5408.11 7043.74 5407.27 7044.56 5553.73 6895.96 5554.56
26071-450-M6-082-00009 0.9116336107254028 4649.83 4684.61 4799.79 4685.33 4799.06 4835.96 4649.11 4835.24
26071-450-M6-082-00009 0.11211223155260086 5183.38 6069.26 5338.03 6070.10 5337.22 6218.80 5182.56 6217.95
26071-450-M6-082-00031 0.9998258948326111 4286.31 1876.66 4432.50 1876.85 4432.31 2022.06 4286.11 2021.86
26071-450-M6-082-00031 0.9996981620788574 5524.62 1909.18 5672.28 1908.84 5672.62 2056.13 5524.96 2056.47
26071-450-M6-082-00031 0.9996852874755859 5171.58 5925.60 5317.54 5925.52 5317.61 6073.14 5171.66 6073.22
26071-450-M6-082-00031 0.9996317625045776 5301.14 4072.32 5448.61 4072.18 5448.74 4217.86 5301.27 4217.99
26071-450-M6-082-00031 0.9996188879013062 2985.85 1579.54 3134.72 1579.94 3134.32 1726.56 2985.45 1726.16
26071-450-M6-082-00031 0.9994908571243286 2821.33 5014.96 2967.87 5015.23 2967.59 5163.59 2821.05 5163.31
26071-450-M6-082-00031 0.9994869232177734 5276.90 5005.39 5423.38 5005.03 5423.73 5148.70 5277.25 5149.06
26071-450-M6-082-00031 0.9994447827339172 5076.46 2240.52 5223.05 2241.06 5222.51 2389.02 5075.91 2388.48
26071-450-M6-082-00031 0.0820610523223877 5358.93 912.99 5503.49 911.61 5504.97 1067.41 5360.41 1068.78
26071-500-M6-059-00011 0.9997674822807312 6611.40 2726.30 6760.31 2726.29 6760.32 2871.38 6611.41 2871.39
26071-500-M6-059-00011 0.9997395873069763 4486.02 1545.53 4633.15 1545.42 4633.27 1689.24 4486.13 1689.36
26071-500-M6-059-00011 0.9997237324714661 5550.62 2138.08 5696.52 2138.14 5696.45 2284.43 5550.55 2284.36
26071-500-M6-059-00011 0.9996788501739502 5016.82 1840.32 5164.23 1840.16 5164.39 1985.17 5016.98 1985.33
26071-500-M6-059-00011 0.9996404647827148 6082.29 2431.64 6228.31 2432.06 6227.89 2580.07 6081.87 2579.65
26071-500-M6-059-00011 0.8919634222984314 6187.63 1006.06 6333.24 1006.32 6332.96 1158.27 6187.36 1158.00
26071-500-M6-059-00011 0.8858658075332642 4602.65 729.42 4751.50 729.69 4751.23 879.44 4602.37 879.16
26071-500-M6-059-00011 0.6100415587425232 4601.61 1008.11 4752.05 1007.53 4752.62 1155.32 4602.18 1155.90
26071-500-M6-059-00011 0.06374115496873856 4411.81 4577.82 4562.65 4579.73 4560.69 4733.98 4409.85 4732.06
26071-500-M6-059-00013 0.9997202754020691 2738.42 2740.28 2883.60 2740.10 2883.78 2887.24 2738.61 2887.42
26071-500-M6-059-00013 0.9997074007987976 5844.06 1825.53 5991.73 1825.78 5991.47 1975.94 5843.80 1975.68
26071-500-M6-059-00013 0.999354898929596 4793.97 4333.04 4940.63 4333.71 4939.96 4481.45 4793.30 4480.78
26071-500-M6-059-00013 0.3574235737323761 2356.90 5288.53 2503.08 5287.36 2504.33 5444.70 2358.16 5445.87
26071-500-M6-059-00013 0.2115682065486908 3702.42 4270.73 3857.89 4270.15 3858.43 4417.72 3702.96 4418.29
26071-500-M6-059-00013 0.20943090319633484 2352.12 4378.35 2508.76 4374.94 2512.13 4530.14 2355.50 4533.54
26071-500-M6-059-00013 0.1597180813550949 2354.27 5480.33 2509.17 5479.20 2510.25 5627.06 2355.35 5628.19
26071-500-M6-059-00013 0.09578945487737656 5161.41 5173.76 5315.36 5169.91 5319.09 5318.75 5165.14 5322.60
26071-500-M6-059-00013 0.06605087965726852 4650.79 3837.24 4800.81 3837.24 4800.81 3983.78 4650.79 3983.78
26071-500-M6-059-00013 0.054552119225263596 2684.98 3472.12 2833.88 3471.10 2834.89 3618.77 2686.00 3619.79
26071-500-M6-059-00017 0.9997146725654602 5739.33 4639.08 5887.96 4638.94 5888.10 4786.88 5739.47 4787.01
26071-500-M6-059-00017 0.9996868371963501 3733.59 4637.42 3876.41 4639.11 3874.61 4791.33 3731.79 4789.64
26071-500-M6-059-00017 0.9996429681777954 1722.84 4639.75 1869.12 4639.73 1869.13 4786.72 1722.86 4786.74
26071-500-M6-059-00017 0.5947192907333374 3392.06 4816.34 3543.69 4816.37 3543.66 4964.52 3392.03 4964.49
26071-500-M6-059-00017 0.19610631465911865 5356.53 3452.01 5510.39 3452.32 5510.09 3603.52 5356.24 3603.22
26071-500-M6-059-00017 0.17693741619586945 3684.04 3216.79 3834.37 3217.84 3833.35 3364.77 3683.02 3363.72
26071-500-M6-059-00017 0.13203763961791992 1675.71 3214.04 1822.04 3213.56 1822.53 3365.06 1676.20 3365.53
26071-500-M6-059-00017 0.11373279988765717 3344.70 3455.84 3496.86 3454.95 3497.73 3603.36 3345.56 3604.25
26071-500-M6-059-00017 0.10891411453485489 5372.03 1963.42 5523.04 1961.95 5524.45 2106.99 5373.44 2108.46
26071-500-M6-059-00017 0.07196617871522903 1507.23 3217.01 1657.43 3216.78 1657.65 3365.41 1507.45 3365.63
26071-500-M6-059-00017 0.05596889555454254 6095.17 4060.33 6240.68 4059.82 6241.20 4208.47 6095.69 4208.98
26071-500-M6-059-00017 0.05279197916388512 5353.55 3223.46 5504.23 3219.54 5508.14 3369.92 5357.45 3373.84
26071-500-M6-059-00040 0.9998297691345215 6966.78 2099.46 7113.12 2099.53 7113.06 2244.87 6966.71 2244.80
26071-500-M6-059-00040 0.9997791647911072 1923.38 1615.52 2068.44 1615.27 2068.69 1761.60 1923.63 1761.85
26071-500-M6-059-00040 0.9997298121452332 3943.05 3906.24 4090.46 3905.94 4090.75 4052.86 3943.35 4053.16
26071-500-M6-059-00040 0.9996705055236816 2645.07 3906.88 2790.98 3907.15 2790.71 4056.63 2644.80 4056.37
26071-500-M6-059-00040 0.999599277973175 4296.20 2017.35 4443.75 2017.43 4443.67 2166.55 4296.12 2166.47
26071-500-M6-059-00040 0.9992196559906006 6350.56 2023.84 6500.15 2023.79 6500.20 2172.01 6350.61 2172.07
26071-500-M6-059-00040 0.2888055443763733 2521.94 2697.92 2672.70 2697.38 2673.22 2846.30 2522.47 2846.83
26071-500-M6-059-00040 0.06282096356153488 2253.63 4992.76 2403.58 4993.13 2403.21 5142.01 2253.25 5141.63
26071-500-M6-059-00044 0.9997280240058899 7000.84 3966.47 7149.43 3966.16 7149.72 4109.57 7001.14 4109.88
26071-500-M6-059-00044 0.9997230172157288 1887.14 3965.67 2034.82 3965.44 2035.05 4110.98 1887.38 4111.22
26071-500-M6-059-00044 0.999692440032959 5465.71 3964.79 5613.14 3964.64 5613.30 4111.16 5465.87 4111.32
26071-500-M6-059-00044 0.9996751546859741 3423.38 3965.90 3569.44 3965.94 3569.41 4111.07 3423.34 4111.03
26071-500-M6-059-00044 0.9996654987335205 1215.46 3386.64 1360.61 3386.51 1360.75 3533.79 1215.60 3533.93
26071-500-M6-059-00044 0.9996330738067627 5643.56 1109.88 5792.62 1109.95 5792.56 1254.52 5643.49 1254.45
26071-500-M6-059-00044 0.9996001124382019 6435.10 659.86 6580.49 658.36 6582.03 808.26 6436.65 809.76
26071-500-M6-059-00044 0.9995908141136169 4485.28 1109.16 4632.02 1108.86 4632.32 1252.35 4485.58 1252.65
26071-500-M6-059-00071 0.9997923970222473 5348.12 3800.79 5494.21 3800.66 5494.34 3947.05 5348.25 3947.18
26071-500-M6-059-00071 0.9997698664665222 2738.42 2714.41 2886.01 2714.13 2886.29 2860.47 2738.69 2860.75
26071-500-M6-059-00071 0.9997003078460693 3754.14 1959.38 3901.98 1959.39 3901.96 2103.40 3754.13 2103.39
26071-500-M6-059-00071 0.9996936321258545 3269.65 3185.71 3416.89 3185.61 3416.99 3333.46 3269.75 3333.56
26071-500-M6-059-00071 0.9996562004089355 6400.12 3351.90 6546.90 3351.84 6546.96 3498.64 6400.18 3498.70
26071-500-M6-059-00071 0.9995642304420471 1415.63 4662.37 1562.42 4662.27 1562.52 4808.97 1415.73 4809.07
26071-500-M6-059-00071 0.9994494318962097 5938.61 2536.52 6086.18 2536.29 6086.41 2684.24 5938.84 2684.46
26071-500-M6-059-00071 0.9994420409202576 1415.77 5063.95 1560.81 5064.04 1560.72 5212.60 1415.68 5212.51
26071-500-M6-059-00071 0.9994367957115173 7426.89 3362.08 7574.88 3361.79 7575.17 3509.93 7427.18 3510.22
26071-500-M6-059-00071 0.9936407208442688 4118.96 1872.09 4268.18 1870.61 4269.67 2020.25 4120.45 2021.74
26071-500-M6-059-00071 0.9816527962684631 5691.44 3690.93 5840.50 3690.35 5841.06 3835.26 5692.00 3835.84
26071-500-M6-059-00071 0.8734077215194702 5893.95 3694.50 6040.38 3693.87 6040.99 3834.39 5894.57 3835.03
26071-500-M6-059-00071 0.5348324179649353 4331.81 1870.43 4480.66 1869.42 4481.69 2020.37 4332.83 2021.38
26071-500-M6-059-00071 0.17496143281459808 7243.62 3326.09 7395.54 3324.59 7397.01 3473.15 7245.09 3474.65
26071-500-M6-059-00071 0.15939155220985413 868.90 4526.70 1015.79 4524.90 1017.55 4668.64 870.65 4670.43
26071-500-M6-059-00071 0.13648554682731628 869.37 5198.31 1015.32 5196.83 1016.80 5341.99 870.84 5343.47
26071-500-M6-059-00071 0.09165316075086594 6258.50 2472.57 6402.48 2476.19 6398.42 2637.58 6254.44 2633.96
26071-500-M6-059-00116 0.9997641444206238 3092.16 4437.69 3240.55 4438.08 3240.17 4584.95 3091.78 4584.56
26071-500-M6-059-00116 0.9995182752609253 4450.03 3078.09 4598.38 3078.21 4598.25 3228.44 4449.91 3228.32
26071-500-M6-059-00116 0.9994310736656189 3824.82 5330.56 3972.92 5330.51 3972.97 5479.13 3824.87 5479.18
26071-500-M6-059-00248 0.9997389912605286 3849.13 2948.14 3996.21 2948.25 3996.10 3096.29 3849.02 3096.18
26071-500-M6-059-00248 0.9997052550315857 2346.93 2548.35 2495.75 2548.04 2496.07 2694.59 2347.24 2694.91
26071-500-M6-059-00248 0.9996734857559204 3198.19 3398.82 3345.97 3398.60 3346.19 3548.00 3198.41 3548.22
26071-500-M6-059-00248 0.999591052532196 2666.35 5844.57 2815.20 5844.33 2815.43 5988.96 2666.58 5989.20
26071-500-M6-059-00248 0.07819806784391403 6066.47 4464.87 6219.43 4463.29 6220.91 4606.91 6067.95 4608.49
26071-550-M6-084-00026 0.9996957778930664 2880.37 2489.86 3026.98 2489.82 3027.02 2636.41 2880.41 2636.45
26071-550-M6-084-00026 0.999607503414154 5241.25 2489.87 5389.70 2489.67 5389.90 2636.61 5241.45 2636.81
26071-550-M6-084-00248 0.9997332692146301 2347.51 2075.39 2495.22 2075.27 2495.34 2223.13 2347.63 2223.25
26071-550-M6-084-00248 0.9995570778846741 3849.00 2476.30 3995.53 2476.72 3995.11 2623.50 3848.58 2623.08
26071-550-M6-084-00248 0.999542236328125 3200.53 2927.14 3346.60 2927.18 3346.56 3071.03 3200.49 3070.99
26071-550-M6-084-00248 0.9994326233863831 2637.94 4897.81 2784.28 4897.66 2784.43 5042.88 2638.09 5043.03
26071-550-M6-084-00248 0.06489219516515732 2763.65 4271.93 2909.22 4273.98 2907.08 4425.70 2761.51 4423.65
26071-600-M6-065-00021 0.9998040795326233 5689.66 3977.44 5837.92 3977.38 5837.98 4122.68 5689.72 4122.75
26071-600-M6-065-00021 0.9997747540473938 2996.46 3848.53 3146.25 3848.29 3146.48 3993.47 2996.69 3993.70
26071-600-M6-065-00021 0.9997618794441223 5193.42 3963.65 5340.89 3963.56 5340.98 4108.25 5193.51 4108.34
26071-600-M6-065-00021 0.9997392296791077 2429.90 3835.55 2578.71 3835.56 2578.69 3981.75 2429.89 3981.74
26071-600-M6-065-00021 0.9997269511222839 6552.94 3943.62 6700.52 3943.81 6700.34 4087.76 6552.75 4087.56
26071-600-M6-065-00021 0.9996925592422485 4521.72 1319.88 4668.70 1319.70 4668.88 1467.61 4521.89 1467.79
26071-600-M6-065-00021 0.11392471194267273 3857.31 1571.10 4005.08 1568.49 4007.78 1721.31 3860.01 1723.93
26071-600-M6-065-00021 0.10904144495725632 3856.02 1293.12 4005.24 1292.80 4005.57 1445.62 3856.35 1445.94
26071-600-M6-065-00021 0.06625762581825256 2487.95 2095.86 2637.99 2095.22 2638.64 2246.86 2488.60 2247.51
26071-600-M6-065-00037 0.9997416138648987 3330.06 5572.51 3477.61 5572.29 3477.83 5717.25 3330.28 5717.48
26071-600-M6-065-00037 0.9996784925460815 5713.88 2910.81 5861.79 2911.15 5861.44 3058.97 5713.54 3058.63
26071-600-M6-065-00037 0.9996669292449951 4177.72 6239.84 4327.87 6239.91 4327.81 6392.08 4177.66 6392.01
26071-600-M6-065-00037 0.9996347427368164 1100.18 2748.17 1250.18 2748.07 1250.27 2894.61 1100.27 2894.70
26071-600-M6-065-00037 0.9996011853218079 2489.92 2159.36 2638.44 2159.09 2638.70 2304.35 2490.18 2304.62
26071-600-M6-065-00037 0.9995977282524109 2902.30 2917.54 3053.62 2917.51 3053.64 3061.53 2902.33 3061.56
26071-600-M6-065-00037 0.9995550513267517 7494.55 5061.35 7646.53 5061.43 7646.46 5208.41 7494.48 5208.34
26071-600-M6-065-00037 0.9994837045669556 6128.29 2250.71 6277.82 2250.90 6277.63 2398.62 6128.10 2398.43
26071-600-M6-065-00037 0.9992327690124512 7309.90 2454.16 7457.67 2454.01 7457.82 2600.72 7310.05 2600.88
26071-600-M6-065-00231 0.9997727274894714 6827.49 1849.70 6974.70 1849.77 6974.62 1998.80 6827.42 1998.73
26071-600-M6-065-00231 0.9995744824409485 6823.95 1377.90 6970.57 1378.33 6970.11 1529.82 6823.50 1529.39
26071-600-M6-065-00231 0.9994736313819885 4189.63 1486.33 4338.75 1486.09 4338.98 1630.24 4189.86 1630.48
26071-600-M6-065-00231 0.9994584918022156 3128.46 1488.01 3274.70 1487.79 3274.92 1630.19 3128.68 1630.41
26071-600-M6-065-00259 0.9996351003646851 846.54 1981.07 996.23 1980.72 996.57 2127.25 846.88 2127.60
26071-600-M6-065-00259 0.9996160268783569 481.02 1980.76 630.38 1980.50 630.63 2127.79 481.27 2128.05
26071-600-M6-065-00259 0.9996119141578674 7780.29 5289.06 7928.96 5288.79 7929.22 5436.14 7780.55 5436.40
26071-600-M6-065-00259 0.999538779258728 7415.00 5288.67 7563.05 5288.67 7563.05 5436.18 7415.00 5436.18
26071-600-M6-066-00002 0.9995985627174377 4283.35 2489.64 4435.38 2490.06 4434.98 2634.65 4282.95 2634.22
26071-600-M6-066-00002 0.9994725584983826 4284.95 3518.53 4434.21 3518.98 4433.78 3665.03 4284.51 3664.59
26071-600-M6-066-00002 0.25585418939590454 6653.66 3363.10 6811.44 3362.81 6811.72 3513.41 6653.95 3513.71
26071-600-M6-066-00003 0.9997115731239319 4815.07 6231.86 4965.18 6231.82 4965.22 6379.84 4815.12 6379.89
26071-600-M6-066-00003 0.9995638728141785 3730.28 5275.15 3878.42 5275.32 3878.26 5422.61 3730.12 5422.45
26071-600-M6-066-00003 0.9994528889656067 2420.16 5300.52 2568.31 5300.05 2568.79 5449.77 2420.64 5450.24
26071-600-M6-066-00003 0.07052557915449142 5479.78 1830.06 5629.09 1831.20 5627.91 1986.55 5478.60 1985.41
26071-600-M6-066-00012 0.9997708201408386 2407.12 1780.40 2553.72 1780.37 2553.75 1928.23 2407.15 1928.26
26071-600-M6-066-00012 0.9997219443321228 3351.66 1779.66 3499.56 1779.76 3499.46 1928.56 3351.56 1928.47
26071-600-M6-066-00012 0.9996646642684937 7389.09 2524.99 7538.04 2525.74 7537.29 2673.44 7388.35 2672.68
26071-675-M6-068-00034 0.9997732043266296 5704.37 2035.41 5850.59 2035.46 5850.54 2177.44 5704.32 2177.39
26071-675-M6-068-00034 0.9995213747024536 4052.89 670.16 4200.09 670.37 4199.88 818.94 4052.68 818.73
26071-675-M6-068-00034 0.9992052912712097 3509.19 1047.30 3658.67 1047.05 3658.91 1189.57 3509.43 1189.82
26071-675-M6-068-00034 0.08116371184587479 4754.29 4722.17 4902.42 4718.80 4905.80 4867.41 4757.67 4870.77
26071-700-M6-054-00013 0.999710738658905 3717.52 5753.12 3868.11 5753.01 3868.22 5898.43 3717.63 5898.54
26071-700-M6-054-00013 0.9996899366378784 5288.53 3279.59 5437.10 3279.32 5437.37 3427.76 5288.81 3428.03
26071-700-M6-054-00013 0.9996882677078247 5289.51 5169.34 5435.22 5169.07 5435.49 5317.84 5289.78 5318.10
26071-700-M6-054-00013 0.9996665716171265 3717.98 5172.13 3867.85 5172.09 3867.89 5315.78 3718.02 5315.83
26071-700-M6-054-00013 0.9996554851531982 5283.99 1392.53 5433.52 1392.15 5433.88 1538.70 5284.35 1539.07
26071-700-M6-054-00013 0.9996377229690552 3718.35 3862.68 3867.92 3862.71 3867.90 4006.08 3718.32 4006.05
26071-700-M6-054-00013 0.9996267557144165 3716.66 3285.02 3867.48 3284.73 3867.76 3425.74 3716.94 3426.04
26071-700-M6-054-00013 0.9996017813682556 3716.92 1394.46 3868.27 1394.25 3868.47 1538.93 3717.12 1539.14
26071-700-M6-054-00013 0.9993784427642822 3718.82 1970.06 3864.92 1969.81 3865.17 2114.50 3719.06 2114.75
26071-700-M6-054-00036 0.999757707118988 5856.44 2701.03 6003.95 2700.98 6004.00 2848.94 5856.49 2848.99
26071-700-M6-054-00036 0.9997565150260925 4237.79 2133.57 4384.72 2133.60 4384.70 2280.66 4237.77 2280.64
26071-700-M6-054-00036 0.999713122844696 6669.54 5347.30 6819.08 5347.20 6819.17 5494.12 6669.63 5494.22
26071-700-M6-054-00036 0.999705970287323 4474.67 1544.61 4621.65 1544.62 4621.64 1691.76 4474.67 1691.75
26071-700-M6-054-00036 0.9996700286865234 6201.10 5320.18 6348.05 5320.26 6347.97 5469.11 6201.01 5469.02
26071-700-M6-054-00036 0.09027568250894547 4290.93 4916.96 4432.07 4915.09 4434.12 5070.25 4292.98 5072.11
26071-700-M6-054-00246 0.9996883869171143 4084.76 1647.91 4231.28 1647.96 4231.23 1797.51 4084.72 1797.46
26071-750-M6-085-00007 0.999678373336792 6766.66 6057.57 6912.32 6057.98 6911.91 6203.62 6766.25 6203.21
26071-750-M6-085-00007 0.9995800852775574 6233.82 2501.38 6381.23 2501.24 6381.37 2646.42 6233.97 2646.57
26071-750-M6-085-00007 0.9995656609535217 5691.36 2005.00 5837.93 2004.95 5837.98 2151.74 5691.41 2151.79
26071-750-M6-085-00007 0.9995648264884949 2891.84 1259.58 3038.72 1260.17 3038.13 1408.31 2891.25 1407.73
26071-750-M6-085-00007 0.06142067164182663 2057.60 2928.24 2207.71 2927.44 2208.52 3078.95 2058.41 3079.75
26071-750-M6-085-00007 0.061031561344861984 1591.69 3163.27 1743.92 3163.88 1743.33 3311.28 1591.10 3310.67
26071-750-M6-085-00007 0.055879224091768265 2060.77 2275.34 2203.60 2275.32 2203.61 2431.85 2060.79 2431.86
26071-750-M6-085-00012 0.9997531771659851 4204.54 6210.18 4352.24 6210.18 4352.24 6355.19 4204.54 6355.19
26071-750-M6-085-00012 0.9996477365493774 3406.40 4957.97 3556.87 4957.70 3557.13 5104.96 3406.65 5105.22
26071-750-M6-085-00012 0.9996458292007446 3139.50 4070.68 3287.39 4070.65 3287.42 4218.97 3139.53 4219.00
26071-750-M6-085-00012 0.9996228218078613 7682.25 4921.45 7833.20 4921.32 7833.33 5070.77 7682.38 5070.90
26071-750-M6-085-00012 0.999618411064148 5395.50 6208.80 5543.38 6208.69 5543.49 6357.53 5395.61 6357.64
26071-750-M6-085-00012 0.9996090531349182 4843.13 3558.72 4992.29 3558.60 4992.41 3707.84 4843.25 3707.96
26071-750-M6-085-00012 0.9995827078819275 4980.89 4496.88 5129.65 4496.59 5129.94 4643.37 4981.18 4643.66
26071-750-M6-085-00012 0.9995805621147156 2288.68 4072.03 2437.22 4071.93 2437.31 4217.91 2288.77 4218.01
26071-750-M6-085-00012 0.9995455145835876 3138.25 4496.47 3288.31 4496.37 3288.41 4643.52 3138.35 4643.62
26071-750-M6-085-00012 0.9995260238647461 2539.52 3446.39 2689.62 3446.25 2689.75 3592.96 2539.65 3593.10
26071-750-M6-085-00012 0.999518632888794 2288.24 4463.81 2436.26 4463.33 2436.73 4608.14 2288.71 4608.62
26071-750-M6-085-00012 0.9995073080062866 4981.30 4071.78 5130.30 4071.46 5130.62 4219.41 4981.63 4219.73
26071-750-M6-085-00012 0.9994943141937256 7770.60 964.99 7916.78 964.82 7916.94 1111.90 7770.77 1112.06
26071-750-M6-085-00012 0.9994856119155884 7166.59 4071.46 7314.93 4071.31 7315.08 4219.40 7166.74 4219.55
26071-750-M6-085-00012 0.9994494318962097 7028.78 3559.82 7177.27 3559.82 7177.28 3707.40 7028.78 3707.41
26071-750-M6-085-00012 0.999444305896759 7166.04 4496.23 7315.43 4496.12 7315.54 4644.38 7166.15 4644.49
26071-750-M6-085-00012 0.9994440674781799 5498.37 4924.86 5646.44 4924.88 5646.42 5069.14 5498.34 5069.11
26071-750-M6-085-00012 0.9992601275444031 1166.02 3138.07 1316.05 3138.20 1315.92 3287.12 1165.89 3287.00
26071-750-M6-085-00012 0.14056047797203064 6246.15 3269.60 6394.41 3269.52 6394.49 3417.22 6246.23 3417.30
26071-750-M6-085-00012 0.11799240857362747 4759.03 2928.34 4900.41 2927.54 4901.23 3073.55 4759.86 3074.35
26071-750-M6-085-00309 0.9991031885147095 2969.77 3189.46 3115.50 3189.80 3115.17 3334.87 2969.43 3334.53
