26071-200-M6-052-00001 0.9997937083244324 6487.95 1912.48 6534.70 1912.53 6534.65 1961.07 6487.90 1961.02
26071-200-M6-052-00001 0.9997863173484802 3873.78 3398.65 3921.14 3399.00 3920.79 3446.00 3873.43 3445.64
26071-200-M6-052-00001 0.9997298121452332 3939.80 3330.00 3988.61 3329.74 3988.87 3377.88 3940.06 3378.14
26071-200-M6-052-00001 0.9996793270111084 3164.65 3724.05 3211.65 3724.20 3211.50 3771.24 3164.50 3771.09
26071-200-M6-052-00001 0.9996296167373657 6622.00 1915.12 6669.26 1914.66 6669.71 1960.75 6622.45 1961.20
26071-200-M6-052-00001 0.9995889067649841 4833.73 5811.47 4879.95 5810.97 4880.46 5857.94 4834.24 5858.44
26071-200-M6-052-00001 0.9995417594909668 4969.16 5810.94 5015.13 5810.52 5015.57 5858.58 4969.60 5859.00
26071-200-M6-052-00002 0.9997820258140564 5459.58 5456.33 5506.70 5456.35 5506.68 5504.02 5459.57 5504.01
26071-200-M6-052-00002 0.9997544884681702 3637.39 3390.14 3684.08 3390.24 3683.97 3436.43 3637.29 3436.33
26071-200-M6-052-00002 0.9996994733810425 6806.12 1368.75 6853.20 1369.10 6852.85 1417.00 6805.76 1416.65
26071-200-M6-052-00002 0.9996161460876465 6942.52 1369.47 6988.87 1369.44 6988.90 1416.96 6942.55 1416.99
26071-200-M6-052-00002 0.9995970129966736 4464.10 2961.49 4511.48 2961.73 4511.24 3008.93 4463.86 3008.69
26071-200-M6-052-00002 0.9995878338813782 1630.02 1034.51 1675.30 1034.69 1675.11 1083.56 1629.83 1083.39
26071-200-M6-052-00002 0.9995433688163757 7299.30 3987.45 7344.79 3988.01 7344.20 4035.81 7298.71 4035.24
26071-200-M6-052-00002 0.9994722008705139 7366.00 3919.74 7413.48 3919.70 7413.52 3968.86 7366.05 3968.90
26071-200-M6-052-00002 0.9994142055511475 5594.38 5456.23 5641.32 5456.13 5641.43 5504.09 5594.49 5504.19
26071-200-M6-052-00002 0.9992647767066956 1695.87 969.41 1745.28 969.21 1745.45 1014.46 1696.05 1014.65
26071-200-M6-052-00002 0.9992284774780273 1916.94 6048.26 1963.77 6048.17 1963.86 6095.31 1917.03 6095.40
26071-200-M6-052-00002 0.9991625547409058 4530.04 2892.61 4579.18 2892.44 4579.34 2939.95 4530.21 2940.12
26071-200-M6-052-00002 0.9967832565307617 2051.94 6046.85 2099.23 6046.99 2099.09 6095.70 2051.80 6095.56
26071-200-M6-052-00003 0.9997010231018066 5858.32 2948.59 5904.24 2949.25 5903.56 2996.67 5857.63 2996.00
26071-200-M6-052-00003 0.9996412992477417 6050.46 1322.18 6097.51 1322.13 6097.55 1369.43 6050.50 1369.47
26071-200-M6-052-00003 0.9996393918991089 6185.95 2101.77 6232.67 2101.84 6232.59 2150.67 6185.87 2150.59
26071-200-M6-052-00003 0.9996286630630493 6185.82 1322.79 6232.76 1322.34 6233.22 1370.10 6186.28 1370.55
26071-200-M6-052-00003 0.9995772242546082 5172.94 2630.33 5219.52 2630.47 5219.38 2678.49 5172.80 2678.36
26071-200-M6-052-00003 0.9995303153991699 6051.22 2102.82 6097.54 2102.75 6097.61 2149.91 6051.29 2149.98
26071-200-M6-052-00003 0.9994718432426453 5924.78 2881.08 5972.96 2881.15 5972.89 2928.91 5924.72 2928.84
26071-200-M6-052-00003 0.9991658926010132 5238.47 2561.84 5288.39 2561.67 5288.55 2608.22 5238.63 2608.39
26071-200-M6-052-00080 0.9999237060546875 7180.87 5722.62 7227.85 5722.90 7227.57 5770.94 7180.58 5770.66
26071-200-M6-052-00080 0.9998546838760376 3755.88 5723.04 3802.76 5723.43 3802.36 5771.08 3755.48 5770.68
26071-200-M6-052-00080 0.9998389482498169 6471.65 2961.93 6519.32 2961.97 6519.27 3009.20 6471.61 3009.15
26071-200-M6-052-00080 0.9997654557228088 5412.49 5220.75 5459.10 5220.40 5459.46 5268.01 5412.86 5268.37
26071-200-M6-052-00080 0.9997511506080627 1987.56 5220.28 2034.35 5220.34 2034.29 5268.25 1987.51 5268.20
26071-200-M6-052-00080 0.9997482895851135 3046.42 2960.65 3092.38 2960.98 3092.04 3008.94 3046.08 3008.61
26071-200-M6-052-00080 0.9997358918190002 2810.22 3291.57 2857.37 3291.41 2857.53 3338.29 2810.38 3338.45
26071-200-M6-052-00080 0.9997250437736511 7180.84 5587.61 7226.99 5587.54 7227.06 5634.93 7180.91 5635.00
26071-200-M6-052-00080 0.9997194409370422 6235.02 3291.57 6282.40 3291.54 6282.43 3338.95 6235.06 3338.99
26071-200-M6-052-00080 0.9996711015701294 2122.00 5220.94 2169.10 5220.89 2169.15 5268.51 2122.04 5268.56
26071-200-M6-052-00080 0.9996706247329712 3755.35 5587.95 3801.54 5587.92 3801.57 5635.13 3755.38 5635.15
26071-200-M6-052-00080 0.9995658993721008 7475.49 1086.20 7522.63 1086.42 7522.41 1134.04 7475.28 1133.82
26071-200-M6-052-00080 0.9995207786560059 3991.70 6459.25 4038.14 6459.54 4037.84 6507.55 3991.40 6507.27
26071-200-M6-052-00080 0.9992308616638184 5546.43 5219.69 5594.30 5219.88 5594.11 5267.70 5546.24 5267.51
26071-200-M6-052-00080 0.9992073178291321 3980.44 1086.05 4026.47 1086.21 4026.31 1134.87 3980.28 1134.72
26071-200-M6-052-00080 0.9991406202316284 6168.38 3224.24 6215.89 3223.87 6216.25 3271.05 6168.74 3271.42
26071-200-M6-052-00080 0.9991378784179688 6404.53 2893.29 6451.83 2893.68 6451.44 2940.87 6404.14 2940.48
26071-200-M6-052-00080 0.9991140961647034 2742.41 3224.26 2790.74 3224.50 2790.51 3271.58 2742.18 3271.34
26071-200-M6-052-00080 0.9990529417991638 2978.64 2893.40 3026.52 2893.49 3026.43 2941.36 2978.55 2941.26
26071-200-M6-052-00080 0.9990354776382446 2507.42 6459.31 2553.30 6459.28 2553.33 6507.56 2507.45 6507.60
26071-200-M6-052-00080 0.9989748001098633 2642.72 6460.74 2689.68 6460.79 2689.62 6508.76 2642.66 6508.71
26071-200-M6-052-00080 0.9988945126533508 3295.18 3554.60 3340.76 3554.75 3340.60 3602.86 3295.02 3602.72
26071-200-M6-052-00080 0.9988137483596802 3366.62 3555.31 3413.36 3555.40 3413.27 3602.87 3366.53 3602.79
26071-200-M6-052-00080 0.9986359477043152 6720.41 3555.66 6766.90 3555.89 6766.66 3603.07 6720.18 3602.84
26071-200-M6-052-00080 0.997916042804718 6790.86 3554.41 6837.90 3554.48 6837.82 3602.66 6790.79 3602.59
26071-200-M6-052-00090 0.9997686743736267 3731.90 967.57 3778.64 967.81 3778.39 1015.68 3731.66 1015.44
26071-200-M6-052-00090 0.9997406601905823 1673.67 4806.50 1721.01 4806.56 1720.95 4854.35 1673.60 4854.29
26071-200-M6-052-00090 0.9997357726097107 4685.94 4806.22 4732.68 4806.29 4732.61 4854.52 4685.87 4854.45
26071-200-M6-052-00090 0.9996235370635986 4550.49 4805.70 4597.44 4805.82 4597.31 4854.04 4550.37 4853.92
26071-200-M6-052-00090 0.9995734095573425 7062.68 4165.26 7109.37 4165.72 7108.90 4213.41 7062.21 4212.95
26071-200-M6-052-00090 0.9994693398475647 2999.78 6636.89 3045.59 6636.87 3045.61 6684.58 2999.80 6684.60
26071-200-M6-052-00090 0.9994626641273499 1538.64 4806.36 1584.70 4806.09 1584.99 4854.10 1538.92 4854.37
26071-200-M6-052-00090 0.9994577765464783 5705.21 2547.49 5751.11 2547.75 5750.84 2595.10 5704.95 2594.84
26071-200-M6-052-00090 0.9992907047271729 2455.82 2877.05 2501.82 2876.61 2502.29 2925.93 2456.29 2926.37
26071-200-M6-052-00090 0.9992903470993042 2693.14 2524.26 2739.34 2524.46 2739.13 2571.77 2692.93 2571.56
26071-200-M6-052-00090 0.999196469783783 5636.23 2481.38 5683.37 2481.04 5683.70 2528.03 5636.56 2528.36
26071-200-M6-052-00090 0.9991865754127502 5400.13 2810.95 5446.88 2810.62 5447.22 2858.80 5400.47 2859.13
26071-200-M6-052-00090 0.9990032315254211 6059.83 5290.65 6106.58 5290.66 6106.56 5338.37 6059.81 5338.35
26071-200-M6-052-00090 0.9989013671875 3516.03 6049.00 3562.52 6048.68 3562.84 6095.03 3516.34 6095.35
26071-200-M6-052-00090 0.9987634420394897 5467.34 2876.94 5513.40 2876.56 5513.81 2925.84 5467.75 2926.22
26071-200-M6-052-00090 0.9987450838088989 2625.54 2456.84 2672.14 2456.71 2672.27 2504.49 2625.67 2504.62
26071-200-M6-052-00090 0.9987359642982483 7130.12 4098.01 7178.93 4097.86 7179.07 4146.23 7130.27 4146.38
26071-200-M6-052-00090 0.9984879493713379 2388.63 2810.55 2434.81 2810.43 2434.93 2858.06 2388.75 2858.18
26071-200-M6-052-00090 0.9983420372009277 6126.77 5357.98 6173.88 5357.74 6174.12 5405.24 6127.01 5405.48
26071-200-M6-052-00090 0.996538519859314 3379.95 6047.99 3426.23 6047.89 3426.32 6095.06 3380.05 6095.16
26071-200-M6-052-00093 0.9998610019683838 3283.41 1826.61 3330.01 1826.55 3330.06 1874.81 3283.46 1874.86
26071-200-M6-052-00093 0.9998311996459961 5054.86 1673.41 5102.58 1673.31 5102.68 1720.12 5054.95 1720.21
26071-200-M6-052-00093 0.9997963309288025 5122.49 1605.65 5169.88 1605.62 5169.91 1653.10 5122.52 1653.13
26071-200-M6-052-00093 0.9997487664222717 6473.94 4282.37 6519.48 4282.25 6519.61 4330.45 6474.07 4330.57
26071-200-M6-052-00093 0.999725878238678 5173.13 5518.61 5219.15 5518.55 5219.21 5566.23 5173.19 5566.29
26071-200-M6-052-00093 0.9996914863586426 2692.46 1888.39 2739.96 1888.78 2739.57 1936.97 2692.07 1936.59
26071-200-M6-052-00093 0.9996083378791809 5172.94 5654.12 5219.16 5654.28 5219.01 5700.74 5172.78 5700.58
26071-200-M6-052-00093 0.9995965361595154 6977.08 3567.02 7023.57 3566.87 7023.72 3614.51 6977.22 3614.65
26071-200-M6-052-00093 0.999582827091217 3284.08 4189.05 3330.81 4188.99 3330.87 4235.99 3284.14 4236.05
26071-200-M6-052-00093 0.9995342493057251 2693.34 4251.69 2739.78 4251.72 2739.75 4298.89 2693.31 4298.86
26071-200-M6-052-00093 0.9993587136268616 3215.05 4121.97 3262.36 4121.64 3262.69 4168.74 3215.38 4169.08
26071-200-M6-052-00093 0.9992619156837463 6538.92 4214.98 6587.57 4215.02 6587.54 4264.22 6538.88 4264.19
26071-200-M6-052-00093 0.9991832375526428 3214.11 1759.68 3263.42 1759.26 3263.82 1806.61 3214.51 1807.03
26071-200-M6-052-00093 0.9990731477737427 6841.42 3566.39 6888.54 3566.75 6888.19 3613.17 6841.06 3612.82
26071-200-M6-052-00150 0.9995813965797424 5955.71 3566.26 6002.90 3566.37 6002.80 3614.15 5955.61 3614.05
26071-200-M6-052-00150 0.9995679259300232 6090.48 3566.54 6136.99 3566.32 6137.21 3614.50 6090.70 3614.71
26071-200-M6-052-00150 0.9995537400245667 7532.24 4747.15 7578.84 4747.30 7578.68 4795.57 7532.09 4795.42
26071-200-M6-052-00150 0.9991531372070312 7397.80 4748.17 7443.71 4748.09 7443.79 4794.77 7397.89 4794.85
26071-200-M6-052-00539 0.9997928738594055 5171.24 931.64 5218.50 932.04 5218.10 979.00 5170.85 978.60
26071-200-M6-052-00539 0.9997897744178772 3400.99 5301.48 3448.59 5301.68 3448.39 5349.26 3400.79 5349.06
26071-200-M6-052-00539 0.9997665286064148 3637.44 1508.40 3684.66 1508.52 3684.54 1555.94 3637.33 1555.83
26071-200-M6-052-00539 0.9997628331184387 6333.30 6284.02 6380.86 6283.68 6381.20 6330.64 6333.64 6330.99
26071-200-M6-052-00539 0.9997572302818298 3850.50 5728.72 3897.02 5728.96 3896.78 5776.12 3850.26 5775.88
26071-200-M6-052-00539 0.9997497200965881 2574.63 1508.41 2621.24 1508.35 2621.30 1556.22 2574.69 1556.28
26071-200-M6-052-00539 0.9997488856315613 5172.81 755.76 5219.89 755.82 5219.82 802.02 5172.75 801.95
26071-200-M6-052-00539 0.9997110962867737 4818.48 4343.61 4864.43 4342.35 4865.71 4389.22 4819.76 4390.47
26071-200-M6-052-00539 0.9996392726898193 6000.32 4346.90 6047.10 4347.02 6046.98 4394.95 6000.20 4394.83
26071-200-M6-052-00539 0.9996119141578674 4886.07 4274.31 4932.65 4274.32 4932.64 4322.48 4886.05 4322.47
26071-200-M6-052-00539 0.9996101260185242 6469.63 6283.06 6515.84 6283.03 6515.87 6330.78 6469.66 6330.81
26071-200-M6-052-00539 0.9995380640029907 2927.80 2740.22 2974.90 2740.10 2975.03 2787.42 2927.93 2787.55
26071-200-M6-052-00539 0.9991292357444763 3705.39 1440.68 3751.88 1440.62 3751.95 1487.59 3705.45 1487.66
26071-200-M6-052-00539 0.9982033967971802 2639.88 1441.86 2688.26 1441.80 2688.31 1486.61 2639.94 1486.67
26071-200-M6-052-00544 0.9996147155761719 7015.92 4475.98 7063.04 4475.95 7063.07 4523.36 7015.96 4523.39
26071-200-M6-052-00552 0.9998220801353455 3993.91 3921.19 4039.75 3921.45 4039.48 3969.17 3993.64 3968.91
26071-200-M6-062-00276 0.9998577833175659 1274.97 3672.86 1322.40 3673.04 1322.22 3720.37 1274.78 3720.19
26071-200-M6-062-00276 0.999794065952301 1983.65 1795.66 2030.20 1795.51 2030.34 1842.78 1983.80 1842.93
26071-200-M6-062-00276 0.9997085928916931 2338.20 1795.08 2385.29 1794.97 2385.40 1843.02 2338.31 1843.13
26071-200-M6-062-00276 0.9996953010559082 1428.93 3212.27 1475.78 3212.18 1475.87 3259.48 1429.02 3259.57
26071-200-M6-062-00276 0.9996814727783203 767.27 2858.42 814.44 2858.61 814.25 2905.98 767.08 2905.79
26071-200-M6-062-00276 0.9994325041770935 6826.29 4393.82 6873.79 4393.82 6873.78 4440.84 6826.29 4440.83
26071-200-M6-062-00276 0.9992392063140869 3778.78 3909.75 3825.64 3909.90 3825.48 3957.30 3778.62 3957.15
26071-200-M6-062-00277 0.9997226595878601 6944.57 1322.12 6991.27 1322.34 6991.05 1369.90 6944.35 1369.69
26071-200-M6-062-00277 0.9992425441741943 3873.70 4393.09 3920.79 4393.14 3920.74 4440.81 3873.65 4440.76
26071-200-M6-063-00010 0.9998588562011719 2633.82 4251.97 2680.27 4251.95 2680.28 4299.31 2633.83 4299.32
26071-200-M6-063-00010 0.9997921586036682 5763.33 5692.90 5809.98 5692.48 5810.41 5739.55 5763.75 5739.97
26071-200-M6-063-00010 0.9997274279594421 2928.64 4252.10 2975.18 4252.09 2975.19 4299.11 2928.65 4299.12
26071-200-M6-063-00010 0.9997252821922302 2633.22 3825.82 2679.92 3825.96 2679.79 3873.62 2633.08 3873.49
26071-200-M6-063-00010 0.9997126460075378 4570.76 2385.33 4617.22 2385.45 4617.10 2432.72 4570.64 2432.60
26071-200-M6-063-00010 0.9996600151062012 4676.25 5692.89 4723.43 5692.97 4723.34 5740.13 4676.17 5740.05
26071-200-M6-063-00010 0.9996034502983093 4227.62 4762.55 4273.74 4762.60 4273.69 4810.24 4227.57 4810.19
26071-200-M6-063-00010 0.9995622038841248 4440.33 2514.76 4487.77 2515.32 4487.20 2563.35 4439.76 2562.79
26071-200-M6-063-00010 0.9995436072349548 4487.41 5693.15 4534.45 5692.97 4534.63 5739.26 4487.59 5739.44
26071-200-M6-063-00010 0.9995194673538208 2928.84 3826.90 2977.46 3826.93 2977.43 3873.49 2928.81 3873.46
26071-200-M6-063-00010 0.9986889958381653 3164.83 4193.65 3211.78 4193.42 3212.01 4240.08 3165.06 4240.31
26071-203-M6-060-00006 0.9996135830879211 2952.35 1913.81 2999.07 1913.79 2999.10 1960.85 2952.38 1960.87
26071-203-M6-064-00271 0.9999014139175415 7263.89 4476.71 7310.24 4476.61 7310.34 4524.29 7263.99 4524.39
26071-203-M6-064-00271 0.9998886585235596 5775.80 4476.77 5821.97 4476.67 5822.07 4524.27 5775.90 4524.37
26071-203-M6-064-00271 0.9998751878738403 7594.97 4476.83 7641.07 4476.78 7641.13 4524.29 7595.02 4524.34
26071-203-M6-064-00271 0.9998605251312256 5113.58 2232.12 5160.41 2231.98 5160.56 2280.07 5113.73 2280.22
26071-203-M6-064-00271 0.9998425245285034 4452.06 4475.85 4499.45 4476.04 4499.25 4524.14 4451.86 4523.94
26071-203-M6-064-00271 0.9998388290405273 3047.02 2232.10 3093.49 2232.58 3093.00 2280.16 3046.53 2279.67
26071-203-M6-064-00271 0.9998326301574707 2751.24 2233.37 2798.64 2232.63 2799.37 2279.77 2751.97 2280.50
26071-203-M6-064-00271 0.9998325109481812 3343.01 2232.34 3389.11 2232.32 3389.14 2280.08 3343.03 2280.10
26071-203-M6-064-00271 0.9998302459716797 5410.26 2232.06 5456.15 2232.11 5456.10 2280.02 5410.20 2279.97
26071-203-M6-064-00271 0.9998233914375305 4818.55 2231.70 4865.21 2232.05 4864.85 2280.49 4818.20 2280.15
26071-203-M6-064-00271 0.9998179078102112 2090.62 4476.70 2137.27 4476.59 2137.39 4524.27 2090.73 4524.38
26071-203-M6-064-00271 0.99980229139328 6000.13 2232.41 6046.37 2232.59 6046.19 2280.22 5999.95 2280.04
26071-203-M6-064-00271 0.9997978806495667 2586.25 4476.24 2633.03 4476.25 2633.03 4524.35 2586.25 4524.34
26071-203-M6-064-00271 0.9997971653938293 2172.71 5255.03 2219.00 5254.85 2219.18 5302.41 2172.90 5302.60
26071-203-M6-064-00271 0.9997897744178772 2421.71 4476.72 2467.51 4476.86 2467.36 4524.20 2421.56 4524.06
26071-203-M6-064-00271 0.9997872710227966 4038.57 5254.92 4086.38 5255.24 4086.06 5302.92 4038.25 5302.60
26071-203-M6-064-00271 0.999779999256134 2668.41 5255.39 2715.64 5255.54 2715.50 5302.25 2668.27 5302.11
26071-203-M6-064-00271 0.9997684359550476 5704.64 2232.94 5750.94 2232.71 5751.17 2279.87 5704.87 2280.09
26071-203-M6-064-00271 0.9997629523277283 6590.74 2233.05 6637.15 2232.72 6637.49 2280.08 6591.08 2280.41
26071-203-M6-064-00271 0.9997368454933167 4204.36 5255.97 4251.19 5255.46 4251.70 5302.73 4204.87 5303.23
26071-203-M6-064-00271 0.9997279047966003 2503.99 5255.67 2550.05 5255.69 2550.03 5303.12 2503.97 5303.10
26071-203-M6-064-00271 0.9996170997619629 3873.21 5255.08 3920.70 5255.40 3920.37 5302.76 3872.89 5302.44
26071-203-M6-064-00271 0.9995393753051758 4393.02 5254.89 4440.42 5255.26 4440.05 5302.32 4392.65 5301.95
26071-203-M6-079-00001 0.9997046589851379 4346.12 2030.67 4393.41 2030.94 4393.14 2078.50 4345.84 2078.23
26071-203-M6-079-00001 0.9996367692947388 4110.52 2031.45 4156.98 2031.49 4156.94 2078.78 4110.48 2078.74
26071-203-M6-160-00291 0.9997945427894592 4606.01 3094.26 4652.90 3094.19 4652.97 3141.45 4606.08 3141.51
26071-203-M6-160-00291 0.9997473359107971 1511.55 3177.64 1558.48 3177.54 1558.58 3225.19 1511.65 3225.28
26071-203-M6-160-00291 0.9997403025627136 3472.53 5810.62 3519.35 5810.41 3519.56 5857.88 3472.74 5858.09
26071-203-M6-160-00291 0.9996926784515381 6082.54 5810.94 6129.80 5810.85 6129.89 5857.52 6082.64 5857.61
26071-203-M6-160-00291 0.9996738433837891 2409.71 2267.22 2456.76 2267.34 2456.64 2314.80 2409.59 2314.68
26071-203-M6-160-00291 0.9995540976524353 1864.59 3590.60 1912.43 3590.14 1912.88 3637.51 1865.05 3637.97
26071-203-M6-160-00291 0.9994833469390869 1629.28 3590.06 1676.43 3590.06 1676.43 3637.41 1629.29 3637.41
26071-203-M6-320-00008 0.9997542500495911 5803.63 2431.68 5850.59 2431.65 5850.62 2479.03 5803.66 2479.07
26071-203-M6-320-00008 0.9997134804725647 2669.37 4142.23 2715.30 4142.25 2715.28 4190.61 2669.35 4190.59
26071-203-M6-320-00008 0.9996163845062256 4453.31 1172.27 4499.69 1172.14 4499.83 1219.65 4453.44 1219.78
26071-203-M6-320-00008 0.9995392560958862 4768.90 1172.17 4815.62 1172.07 4815.71 1219.71 4768.99 1219.80
26071-203-M6-320-00008 0.9993659853935242 1529.31 2762.27 1576.30 2762.20 1576.37 2809.36 1529.39 2809.44
26071-203-M6-320-00008 0.9992424249649048 5075.42 4052.30 5123.30 4052.31 5123.29 4099.82 5075.41 4099.80
26071-203-M6-325-00012 0.9997431635856628 3449.15 3722.27 3495.64 3722.09 3495.81 3768.93 3449.33 3769.11
26071-203-M6-325-00012 0.9997088313102722 2734.57 3721.81 2782.54 3722.02 2782.34 3769.22 2734.37 3769.02
26071-203-M6-325-00012 0.99967360496521 3448.74 4352.87 3495.38 4352.87 3495.38 4399.70 3448.74 4399.70
26071-203-M6-325-00012 0.9996629953384399 3223.75 4352.20 3270.82 4352.52 3270.50 4399.79 3223.43 4399.47
26071-203-M6-325-00012 0.9996359348297119 3447.96 2402.40 3495.44 2401.98 3495.86 2449.10 3448.38 2449.52
26071-203-M6-325-00012 0.9995893836021423 3223.24 2402.08 3270.14 2401.91 3270.32 2449.27 3223.42 2449.45
26071-203-M6-325-00012 0.9995705485343933 3222.98 1471.79 3270.81 1471.68 3270.92 1519.28 3223.09 1519.39
26071-203-M6-325-00012 0.9995436072349548 3447.87 1472.40 3495.98 1472.05 3496.33 1519.13 3448.22 1519.48
26071-203-M6-332-00001 0.9995554089546204 2218.63 5642.17 2265.98 5642.03 2266.12 5689.49 2218.77 5689.63
26071-203-M6-332-00001 0.9991347193717957 1993.15 5642.78 2039.48 5642.44 2039.83 5689.48 1993.50 5689.82
26071-300-M6-053-00008 0.9998793601989746 2101.49 4854.26 2148.74 4854.35 2148.65 4902.15 2101.39 4902.05
26071-300-M6-053-00008 0.999874472618103 4524.02 932.58 4570.21 932.46 4570.33 979.88 4524.14 980.00
26071-300-M6-053-00008 0.9997428059577942 5668.69 5574.49 5715.53 5574.37 5715.66 5621.97 5668.82 5622.10
26071-300-M6-053-00008 0.9997007846832275 5172.67 814.29 5219.44 814.34 5219.39 862.37 5172.62 862.32
26071-300-M6-053-00008 0.9996871948242188 5055.05 932.00 5101.56 932.44 5101.12 979.57 5054.61 979.13
26071-300-M6-053-00008 0.07793537527322769 5357.00 5019.76 5390.52 5044.15 5364.79 5079.51 5331.27 5055.11
26071-300-M6-053-00008 0.056947458535432816 5718.59 5043.03 5755.84 5018.34 5781.18 5056.58 5743.94 5081.27
26071-300-M6-053-00010 0.999839186668396 2692.38 4039.27 2738.77 4039.49 2738.55 4086.33 2692.16 4086.11
26071-300-M6-053-00010 0.999839186668396 2692.39 4747.32 2739.11 4747.58 2738.85 4794.58 2692.13 4794.32
26071-300-M6-053-00010 0.9998024106025696 4051.06 3295.79 4097.35 3295.76 4097.39 3343.59 4051.09 3343.62
26071-300-M6-053-00010 0.9997232556343079 4936.52 6047.14 4983.69 6046.92 4983.91 6094.27 4936.74 6094.49
26071-300-M6-053-00010 0.9997220635414124 4180.35 3165.30 4227.49 3164.94 4227.86 3212.24 4180.72 3212.61
26071-300-M6-053-00010 0.999691367149353 4700.01 6046.25 4746.95 6046.38 4746.81 6095.03 4699.87 6094.90
26071-300-M6-053-00010 0.9995808005332947 7063.24 1558.45 7110.02 1558.43 7110.04 1605.79 7063.26 1605.81
26071-300-M6-053-00010 0.9994460940361023 6825.76 1558.00 6873.20 1557.95 6873.25 1605.99 6825.80 1606.03
26071-300-M6-053-00012 0.9998538494110107 7121.99 1687.80 7168.60 1688.46 7167.93 1735.65 7121.32 1734.99
26071-300-M6-053-00012 0.9998427629470825 3932.81 6224.08 3979.60 6224.35 3979.32 6272.43 3932.53 6272.16
26071-300-M6-053-00012 0.9998292922973633 5527.46 1736.54 5574.54 1736.93 5574.16 1784.02 5527.07 1783.64
26071-300-M6-053-00012 0.9997923970222473 5881.99 6223.90 5928.95 6223.85 5929.00 6271.80 5882.04 6271.86
26071-300-M6-053-00012 0.9997861981391907 6095.01 2740.02 6142.00 2739.96 6142.06 2787.71 6095.07 2787.76
26071-300-M6-053-00012 0.9997765421867371 6095.02 2031.26 6141.82 2031.20 6141.88 2078.60 6095.08 2078.65
26071-300-M6-053-00012 0.999776303768158 3814.16 5638.17 3861.39 5638.16 3861.40 5685.72 3814.17 5685.73
26071-300-M6-053-00012 0.9997760653495789 6235.60 1145.17 6282.49 1145.16 6282.50 1193.17 6235.61 1193.18
26071-300-M6-053-00012 0.9997232556343079 5527.81 1499.80 5574.26 1499.70 5574.37 1546.87 5527.92 1546.97
26071-300-M6-053-00012 0.9997161030769348 7475.38 2031.28 7522.55 2031.34 7522.48 2078.76 7475.31 2078.69
26071-300-M6-053-00012 0.9996980428695679 7357.38 2031.23 7404.89 2031.30 7404.82 2078.90 7357.30 2078.83
26071-300-M6-053-00012 0.9996968507766724 6022.85 1145.12 6070.44 1144.97 6070.60 1193.38 6023.01 1193.54
26071-300-M6-053-00012 0.9996938705444336 2456.27 1795.38 2503.41 1795.44 2503.35 1842.36 2456.21 1842.31
26071-300-M6-053-00012 0.9996762275695801 5704.53 5638.40 5750.87 5638.34 5750.93 5685.89 5704.59 5685.95
26071-300-M6-053-00012 0.9996627569198608 1937.65 5101.50 1983.85 5101.52 1983.83 5150.09 1937.63 5150.07
26071-300-M6-053-00012 0.9996305704116821 1700.70 5102.43 1746.99 5102.37 1747.05 5149.52 1700.76 5149.58
26071-300-M6-053-00012 0.9996092915534973 2692.03 1795.16 2739.78 1795.24 2739.70 1842.15 2691.96 1842.08
26071-300-M6-053-00012 0.999518871307373 4582.02 1913.48 4629.13 1913.60 4629.01 1961.89 4581.90 1961.77
26071-300-M6-053-00309 0.9997987151145935 4346.60 2232.06 4392.47 2232.26 4392.25 2280.64 4346.38 2280.43
26071-300-M6-053-00309 0.9997631907463074 1511.08 4511.57 1558.65 4511.59 1558.62 4558.62 1511.06 4558.59
26071-300-M6-053-00309 0.9997584223747253 4523.30 3802.77 4570.67 3802.88 4570.55 3850.89 4523.19 3850.78
26071-300-M6-053-00309 0.9997150301933289 4936.39 3802.95 4983.08 3803.15 4982.87 3851.12 4936.18 3850.92
26071-300-M6-053-00309 0.9996799230575562 1747.50 5692.30 1794.11 5692.53 1793.88 5740.21 1747.26 5739.98
26071-300-M6-053-00309 0.9996730089187622 2125.66 4511.18 2172.69 4511.39 2172.49 4558.67 2125.46 4558.46
26071-300-M6-053-00309 0.999658465385437 1960.37 4511.11 2007.71 4511.28 2007.54 4558.93 1960.20 4558.76
26071-300-M6-053-00309 0.9996412992477417 5409.20 1677.46 5456.61 1677.40 5456.67 1724.68 5409.26 1724.74
26071-300-M6-053-00309 0.9996387958526611 4204.40 2090.49 4251.61 2090.64 4251.46 2138.42 4204.24 2138.27
26071-300-M6-053-00309 0.9996187686920166 2125.44 2503.34 2172.61 2503.57 2172.37 2551.31 2125.20 2551.07
26071-300-M6-053-00309 0.9995942711830139 4936.27 1677.42 4983.67 1677.42 4983.67 1724.38 4936.27 1724.38
26071-300-M6-053-00309 0.9995905756950378 4487.36 2090.26 4534.62 2090.32 4534.55 2137.93 4487.30 2137.87
26071-300-M6-053-00309 0.9995267391204834 1960.65 2503.69 2007.40 2503.43 2007.66 2550.86 1960.90 2551.12
26071-450-M6-082-00009 0.9998168349266052 3991.26 1853.98 4038.23 1854.19 4038.01 1901.77 3991.04 1901.56
26071-450-M6-082-00009 0.9998156428337097 2574.63 3909.09 2621.15 3909.11 2621.13 3956.67 2574.61 3956.65
26071-450-M6-082-00009 0.9998152852058411 2574.93 4051.14 2620.95 4051.35 2620.74 4099.08 2574.72 4098.88
26071-450-M6-082-00009 0.9997345805168152 3519.44 3684.55 3566.08 3684.20 3566.44 3731.80 3519.80 3732.15
26071-450-M6-082-00009 0.9997283816337585 3519.23 1263.52 3566.60 1263.62 3566.51 1310.80 3519.14 1310.71
26071-450-M6-082-00009 0.9997166991233826 3401.48 1381.58 3448.06 1381.79 3447.84 1429.60 3401.26 1429.39
26071-450-M6-082-00009 0.9996957778930664 3400.94 3802.71 3448.42 3802.92 3448.21 3850.58 3400.74 3850.38
26071-450-M6-082-00009 0.9996716976165771 5113.52 4984.48 5160.61 4984.31 5160.78 5031.29 5113.69 5031.47
26071-450-M6-082-00009 0.999665379524231 4818.16 6283.53 4864.98 6283.52 4864.99 6330.91 4818.18 6330.93
26071-450-M6-082-00009 0.9996566772460938 5231.24 4983.88 5278.75 4984.15 5278.48 5031.76 5230.97 5031.49
26071-450-M6-082-00009 0.9996558427810669 5870.47 4983.67 5916.70 4983.66 5916.71 5031.50 5870.48 5031.51
26071-450-M6-082-00009 0.9996401071548462 2846.42 5278.33 2893.32 5278.72 2892.92 5327.00 2846.02 5326.61
26071-450-M6-082-00009 0.9995879530906677 5053.67 6283.35 5101.08 6283.04 5101.39 6330.31 5053.98 6330.62
26071-450-M6-082-00009 0.999578058719635 2704.14 5279.42 2751.18 5279.38 2751.22 5326.40 2704.18 5326.45
26071-450-M6-082-00009 0.9995735287666321 5633.54 4984.03 5680.17 4983.66 5680.54 5031.68 5633.92 5032.04
26071-450-M6-082-00009 0.9993939399719238 4109.61 1736.73 4156.91 1736.47 4157.17 1782.81 4109.86 1783.07
26071-450-M6-082-00031 0.9998509883880615 5479.89 5078.74 5526.74 5078.98 5526.50 5125.47 5479.65 5125.23
26071-450-M6-082-00031 0.9998445510864258 5231.89 2492.12 5279.22 2492.67 5278.67 2540.03 5231.34 2539.48
26071-450-M6-082-00031 0.9998188614845276 2927.74 1844.45 2975.10 1843.17 2976.34 1888.97 2928.98 1890.25
26071-450-M6-082-00031 0.9997648596763611 5479.89 4795.22 5526.02 4795.03 5526.21 4841.75 5480.09 4841.94
26071-450-M6-082-00031 0.999680757522583 2822.80 1724.50 2869.86 1724.16 2870.19 1771.64 2823.14 1771.97
26071-450-M6-082-00031 0.9996780157089233 5350.11 2373.05 5397.32 2373.10 5397.27 2420.88 5350.07 2420.83
26071-450-M6-082-00031 0.9996534585952759 3684.06 2102.56 3731.54 2102.57 3731.53 2149.82 3684.05 2149.81
26071-450-M6-082-00031 0.999649167060852 3024.49 5066.93 3070.21 5067.13 3070.00 5114.20 3024.28 5114.00
26071-450-M6-082-00031 0.9995823502540588 4346.88 2102.26 4393.99 2102.17 4394.07 2149.49 4346.96 2149.58
26071-450-M6-082-00031 0.9995114803314209 3023.78 4830.11 3070.12 4830.32 3069.90 4876.88 3023.56 4876.66
26071-450-M6-082-00031 0.999434769153595 4109.41 2102.26 4156.16 2102.25 4156.17 2149.91 4109.42 2149.92
26071-500-M6-059-00011 0.999774158000946 5302.36 1972.81 5349.37 1972.56 5349.61 2019.30 5302.61 2019.54
26071-500-M6-059-00011 0.9997709393501282 6248.33 2680.80 6294.65 2681.44 6293.99 2729.00 6247.68 2728.35
26071-500-M6-059-00011 0.9996446371078491 4652.35 1795.25 4700.07 1794.96 4700.35 1842.38 4652.64 1842.67
26071-500-M6-059-00011 0.9995881915092468 6897.68 2858.35 6944.81 2858.20 6944.96 2905.43 6897.82 2905.58
26071-500-M6-059-00011 0.9995864033699036 5183.93 2090.66 5230.85 2090.34 5231.17 2137.79 5184.25 2138.11
26071-500-M6-059-00011 0.9995587468147278 6365.62 2562.30 6412.26 2562.17 6412.40 2610.19 6365.76 2610.33
26071-500-M6-059-00011 0.9995457530021667 5834.40 2267.36 5881.86 2267.42 5881.80 2314.66 5834.33 2314.59
26071-500-M6-059-00011 0.9995256662368774 5716.17 2385.28 5763.74 2385.96 5763.07 2433.25 5715.49 2432.57
26071-500-M6-059-00011 0.999420166015625 3873.24 3140.43 3920.65 3140.84 3920.24 3187.84 3872.83 3187.43
26071-500-M6-059-00011 0.9993835687637329 4771.82 1677.52 4818.48 1677.30 4818.70 1724.32 4772.04 1724.54
26071-500-M6-059-00011 0.9993603825569153 6779.57 2977.21 6826.24 2976.92 6826.53 3024.10 6779.86 3024.38
26071-500-M6-059-00013 0.9994820952415466 5528.01 5929.11 5574.55 5928.88 5574.78 5975.84 5528.25 5976.08
26071-500-M6-059-00013 0.999146580696106 5291.05 5928.87 5337.15 5928.84 5337.17 5977.02 5291.08 5977.04
26071-500-M6-059-00017 0.9998975992202759 3944.51 4051.57 3991.44 4051.94 3991.07 4098.94 3944.13 4098.56
26071-500-M6-059-00017 0.9998408555984497 5881.89 4877.69 5928.49 4877.84 5928.34 4924.90 5881.73 4924.75
26071-500-M6-059-00017 0.9998268485069275 5952.71 4051.51 5999.47 4052.18 5998.80 4099.05 5952.04 4098.38
26071-500-M6-059-00017 0.9998212456703186 1936.79 4051.57 1983.65 4052.21 1983.01 4099.03 1936.15 4098.40
26071-500-M6-059-00017 0.9997943043708801 1865.61 4877.08 1912.84 4877.07 1912.85 4924.39 1865.62 4924.41
26071-500-M6-059-00017 0.9997686743736267 1936.11 4168.95 1983.63 4169.08 1983.50 4216.80 1935.98 4216.67
26071-500-M6-059-00017 0.9997658133506775 3873.19 4877.88 3920.47 4877.87 3920.49 4924.84 3873.20 4924.85
26071-500-M6-059-00017 0.9997536540031433 3944.05 4168.85 3991.70 4169.13 3991.42 4216.67 3943.77 4216.40
26071-500-M6-059-00017 0.9997381567955017 3802.55 850.46 3849.41 850.62 3849.25 897.28 3802.39 897.12
26071-500-M6-059-00017 0.9997236132621765 1629.35 6224.58 1676.62 6224.61 1676.59 6271.45 1629.32 6271.42
26071-500-M6-059-00017 0.9997004270553589 5952.04 4169.32 5999.44 4169.50 5999.26 4216.79 5951.86 4216.61
26071-500-M6-059-00017 0.9996883869171143 4004.23 4747.08 4050.86 4747.03 4050.91 4794.49 4004.27 4794.53
26071-500-M6-059-00017 0.9996799230575562 6011.59 4747.03 6058.48 4747.30 6058.20 4794.98 6011.32 4794.71
26071-500-M6-059-00017 0.9996154308319092 3637.64 6225.02 3684.59 6225.16 3684.46 6271.78 3637.51 6271.65
26071-500-M6-059-00017 0.9995710253715515 2031.65 1417.29 2078.18 1417.48 2077.99 1464.83 2031.45 1464.64
26071-500-M6-059-00017 0.9995627999305725 5645.08 6035.41 5692.16 6035.53 5692.03 6083.06 5644.96 6082.93
26071-500-M6-059-00017 0.999537467956543 1995.66 4746.86 2042.53 4747.04 2042.35 4794.93 1995.48 4794.76
26071-500-M6-059-00040 0.9996854066848755 6046.13 2552.19 6092.78 2551.41 6093.55 2597.96 6046.90 2598.74
26071-500-M6-059-00040 0.9995916485786438 2574.86 2148.86 2621.54 2149.18 2621.21 2196.76 2574.53 2196.43
26071-500-M6-059-00040 0.3346032500267029 2574.28 1438.82 2621.35 1439.02 2621.14 1488.92 2574.07 1488.72
26071-500-M6-059-00044 0.9999098777770996 5196.64 1736.52 5243.20 1736.39 5243.33 1783.81 5196.77 1783.94
26071-500-M6-059-00044 0.9998818635940552 3330.68 4618.02 3377.53 4617.93 3377.62 4665.19 3330.77 4665.29
26071-500-M6-059-00044 0.9998692274093628 2350.31 4618.60 2397.16 4618.50 2397.26 4665.84 2350.40 4665.93
26071-500-M6-059-00044 0.9998606443405151 1795.03 4618.91 1841.24 4618.84 1841.30 4666.21 1795.09 4666.28
26071-500-M6-059-00044 0.9998594522476196 5928.32 4619.52 5974.84 4618.21 5976.18 4665.69 5929.66 4667.00
26071-500-M6-059-00044 0.9998458623886108 6909.73 4618.13 6956.17 4617.99 6956.31 4665.20 6909.87 4665.33
26071-500-M6-059-00044 0.9998394250869751 7463.84 4618.39 7510.97 4617.25 7512.12 4664.82 7464.98 4665.96
26071-500-M6-059-00044 0.9998231530189514 3885.19 4618.15 3932.74 4617.91 3932.98 4665.24 3885.43 4665.48
26071-500-M6-059-00044 0.9998226761817932 6979.71 4805.96 7026.38 4806.16 7026.17 4853.99 6979.50 4853.79
26071-500-M6-059-00044 0.99981290102005 2834.42 1889.33 2880.88 1889.48 2880.73 1936.72 2834.27 1936.58
26071-500-M6-059-00044 0.9998101592063904 5373.52 4619.08 5420.26 4619.06 5420.27 4666.42 5373.53 4666.44
26071-500-M6-059-00044 0.9998098015785217 6590.06 910.32 6636.67 909.36 6637.64 956.34 6591.03 957.30
26071-500-M6-059-00044 0.9997476935386658 5456.71 4806.28 5503.15 4806.52 5502.90 4854.38 5456.46 4854.14
26071-500-M6-059-00044 0.9997386336326599 4617.28 3332.75 4664.80 3332.63 4664.91 3378.89 4617.39 3379.01
26071-500-M6-059-00044 0.9997264742851257 1865.07 4806.99 1912.45 4806.72 1912.72 4853.89 1865.34 4854.16
26071-500-M6-059-00044 0.9997069239616394 6708.57 791.27 6755.88 791.11 6756.05 838.86 6708.74 839.03
26071-500-M6-059-00044 0.9996520280838013 3412.47 4806.30 3459.20 4806.54 3458.95 4854.18 3412.22 4853.94
26071-500-M6-059-00044 0.9996100068092346 5847.81 5810.96 5894.22 5811.08 5894.09 5858.44 5847.69 5858.32
26071-500-M6-059-00044 0.9995366334915161 3885.35 5929.45 3932.00 5928.66 3932.80 5975.99 3886.16 5976.78
26071-500-M6-059-00044 0.9970431923866272 4899.89 2007.90 4947.82 2007.73 4947.98 2054.41 4900.05 2054.58
26071-500-M6-059-00071 0.9997733235359192 6235.72 2739.73 6282.61 2739.73 6282.61 2787.50 6235.72 2787.49
26071-500-M6-059-00071 0.9997705817222595 2929.09 2976.49 2976.41 2976.45 2976.46 3022.48 2929.13 3022.52
26071-500-M6-059-00071 0.9996885061264038 3579.02 3330.51 3625.30 3330.12 3625.70 3377.93 3579.42 3378.32
26071-500-M6-059-00071 0.9996873140335083 5999.68 2739.89 6046.83 2739.86 6046.86 2787.25 5999.72 2787.28
26071-500-M6-059-00071 0.9996871948242188 6709.34 3566.46 6755.20 3566.22 6755.45 3614.50 6709.60 3614.74
26071-500-M6-059-00071 0.9996687173843384 2185.24 3802.62 2231.69 3802.59 2231.72 3849.87 2185.26 3849.89
26071-500-M6-059-00071 0.999664306640625 3459.90 3448.30 3507.81 3448.48 3507.63 3495.72 3459.72 3495.53
26071-500-M6-059-00071 0.9995704293251038 6472.28 3565.62 6518.87 3565.61 6518.87 3613.79 6472.28 3613.79
26071-500-M6-059-00071 0.9995511174201965 3046.26 2858.58 3093.59 2858.24 3093.93 2904.95 3046.60 2905.30
26071-500-M6-059-00116 0.9998615980148315 3283.62 4746.79 3330.28 4747.06 3330.00 4794.94 3283.34 4794.67
26071-500-M6-059-00116 0.9998143315315247 4346.86 3388.76 4392.72 3389.30 4392.16 3437.32 4346.29 3436.78
26071-500-M6-059-00116 0.9997934699058533 4227.25 5574.75 4274.40 5574.43 4274.72 5621.90 4227.57 5622.22
26071-500-M6-059-00116 0.9997898936271667 3283.61 4511.13 3330.13 4511.44 3329.81 4559.10 3283.29 4558.79
26071-500-M6-059-00116 0.9997655749320984 4346.60 3152.73 4392.36 3153.19 4391.89 3200.92 4346.12 3200.47
26071-500-M6-059-00248 0.9998179078102112 3756.49 3211.96 3802.76 3211.96 3802.76 3259.21 3756.48 3259.21
26071-500-M6-059-00248 0.9997522234916687 3105.88 3662.54 3151.92 3661.70 3152.77 3708.39 3106.74 3709.23
26071-500-M6-059-00248 0.999742329120636 2740.31 6046.80 2787.12 6046.88 2787.04 6093.64 2740.24 6093.56
26071-500-M6-059-00248 0.9997206330299377 2975.84 6046.85 3022.61 6046.85 3022.61 6093.94 2975.85 6093.94
26071-500-M6-059-00248 0.9996715784072876 3637.90 3094.43 3684.10 3094.23 3684.31 3141.25 3638.10 3141.45
26071-500-M6-059-00248 0.9993740916252136 2987.75 3542.41 3034.11 3542.62 3033.89 3590.60 2987.54 3590.39
26071-550-M6-084-00026 0.999904990196228 4889.21 3118.92 4937.00 3118.95 4936.97 3166.52 4889.18 3166.49
26071-550-M6-084-00026 0.9998526573181152 5763.93 1677.48 5810.33 1677.38 5810.44 1725.19 5764.04 1725.29
26071-550-M6-084-00026 0.9998428821563721 2514.32 3119.41 2562.30 3118.48 2563.22 3165.66 2515.25 3166.60
26071-550-M6-084-00026 0.9997976422309875 2810.73 2750.95 2857.33 2751.27 2857.00 2799.01 2810.40 2798.69
26071-550-M6-084-00026 0.9997062087059021 5173.33 2736.95 5219.40 2736.77 5219.58 2783.47 5173.51 2783.65
26071-550-M6-084-00026 0.9995410442352295 2692.17 2621.52 2739.59 2621.47 2739.65 2668.98 2692.22 2669.03
26071-550-M6-084-00026 0.9994667172431946 5059.21 2621.44 5105.95 2621.45 5105.94 2669.04 5059.20 2669.03
26071-550-M6-084-00248 0.999818742275238 3106.11 3187.86 3152.61 3188.39 3152.07 3235.80 3105.57 3235.27
26071-550-M6-084-00248 0.9998108744621277 3756.16 2739.50 3803.02 2740.00 3802.51 2787.88 3755.65 2787.37
26071-550-M6-084-00248 0.9998084902763367 5149.37 3826.49 5196.50 3826.66 5196.33 3873.94 5149.20 3873.77
26071-550-M6-084-00248 0.9997541308403015 4664.82 4299.33 4711.72 4299.34 4711.71 4347.11 4664.81 4347.10
26071-550-M6-084-00248 0.9996681213378906 2928.20 5102.58 2975.29 5102.36 2975.51 5149.14 2928.41 5149.36
26071-550-M6-084-00248 0.999584972858429 2987.68 3069.49 3034.41 3069.83 3034.06 3118.18 2987.33 3117.83
26071-550-M6-084-00248 0.9995673298835754 6884.88 3683.56 6932.93 3683.45 6933.03 3731.84 6884.98 3731.94
26071-550-M6-084-00248 0.9995623230934143 2692.04 5102.14 2739.22 5102.06 2739.29 5149.32 2692.11 5149.40
26071-550-M6-084-00248 0.999387264251709 3637.39 2621.69 3683.93 2621.61 3684.00 2668.94 3637.46 2669.01
26071-600-M6-065-00021 0.9997237324714661 4783.34 1440.41 4830.82 1440.29 4830.94 1487.92 4783.46 1488.03
26071-600-M6-065-00021 0.9997079968452454 7227.51 4156.80 7274.54 4156.77 7274.57 4204.76 7227.54 4204.79
26071-600-M6-065-00021 0.999705970287323 2444.55 4039.07 2491.57 4039.02 2491.62 4086.57 2444.60 4086.62
26071-600-M6-065-00021 0.999704897403717 2231.28 4038.48 2278.54 4038.79 2278.22 4086.83 2230.96 4086.51
26071-600-M6-065-00021 0.9997022747993469 4676.49 1547.17 4724.11 1547.76 4723.54 1595.08 4675.91 1594.49
26071-600-M6-065-00021 0.9996592998504639 3365.91 5341.92 3412.01 5342.19 3411.73 5390.16 3365.63 5389.89
26071-600-M6-065-00021 0.9996585845947266 5101.91 5341.92 5148.01 5342.19 5147.73 5390.16 5101.63 5389.89
26071-600-M6-065-00021 0.9996281862258911 6353.57 4157.13 6401.00 4157.36 6400.77 4204.58 6353.34 4204.35
26071-600-M6-065-00021 0.9994115829467773 7392.96 4157.31 7440.79 4157.47 7440.64 4204.34 7392.80 4204.18
26071-600-M6-065-00021 0.9993927478790283 6590.32 4157.91 6637.70 4157.81 6637.80 4203.88 6590.42 4203.99
26071-600-M6-065-00037 0.9998258948326111 2692.37 2208.35 2738.78 2208.38 2738.74 2255.37 2692.34 2255.34
26071-600-M6-065-00037 0.9998018145561218 956.82 1026.93 1003.83 1027.06 1003.69 1074.95 956.68 1074.82
26071-600-M6-065-00037 0.9997714161872864 2692.36 1972.31 2739.06 1972.31 2739.06 2019.35 2692.36 2019.35
26071-600-M6-065-00037 0.999742329120636 1133.55 2999.89 1180.55 2999.91 1180.53 3046.95 1133.52 3046.92
26071-600-M6-065-00037 0.9997090697288513 7121.38 4511.29 7168.69 4511.36 7168.62 4558.90 7121.31 4558.83
26071-600-M6-065-00037 0.9996984004974365 7238.92 4511.97 7285.91 4511.58 7286.30 4558.54 7239.30 4558.92
26071-600-M6-065-00037 0.9996923208236694 1369.36 2999.90 1416.90 2999.99 1416.81 3046.44 1369.27 3046.35
26071-600-M6-065-00037 0.9996813535690308 7570.73 2681.66 7617.44 2681.93 7617.17 2728.20 7570.46 2727.93
26071-600-M6-065-00037 0.9996471405029297 5999.84 2327.24 6046.48 2327.24 6046.47 2373.68 5999.83 2373.67
26071-600-M6-065-00037 0.9996328353881836 7333.83 2681.58 7381.24 2681.63 7381.19 2728.73 7333.77 2728.67
26071-600-M6-065-00037 0.9996153116226196 5999.84 2090.10 6046.29 2090.10 6046.30 2137.37 5999.84 2137.37
26071-600-M6-065-00037 0.9995678067207336 4109.59 5834.23 4156.77 5834.61 4156.39 5881.86 4109.20 5881.48
26071-600-M6-065-00231 0.9998445510864258 6058.52 3590.76 6105.89 3590.62 6106.04 3637.82 6058.67 3637.97
26071-600-M6-065-00231 0.9998144507408142 4357.91 1747.31 4404.43 1747.51 4404.22 1794.63 4357.71 1794.43
26071-600-M6-065-00231 0.9997814297676086 3294.57 1747.10 3341.14 1747.42 3340.81 1795.28 3294.24 1794.96
26071-600-M6-065-00231 0.9997808337211609 5538.80 4334.04 5586.08 4333.99 5586.13 4381.62 5538.86 4381.68
26071-600-M6-065-00231 0.9997294545173645 6389.71 3590.65 6436.31 3590.77 6436.18 3638.25 6389.58 3638.13
26071-600-M6-065-00231 0.9997081160545349 3425.81 1617.60 3471.50 1617.56 3471.54 1665.35 3425.85 1665.39
26071-600-M6-065-00231 0.9996683597564697 4486.98 1618.58 4534.35 1618.31 4534.62 1665.18 4487.25 1665.45
26071-600-M6-065-00231 0.9996446371078491 6306.17 2976.85 6352.88 2976.11 6353.63 3023.61 6306.92 3024.35
26071-600-M6-065-00231 0.9996302127838135 6141.55 2976.42 6188.45 2975.98 6188.91 3023.47 6142.00 3023.92
26071-600-M6-065-00259 0.9998645782470703 2220.06 4086.41 2267.46 4086.35 2267.51 4133.81 2220.12 4133.86
26071-600-M6-065-00259 0.9997841715812683 2066.97 4098.66 2113.64 4098.67 2113.62 4145.57 2066.95 4145.56
26071-600-M6-066-00003 0.9995868802070618 6496.25 2148.48 6542.73 2148.56 6542.65 2196.78 6496.16 2196.70
26071-600-M6-066-00012 0.9998456239700317 4227.65 4510.99 4274.48 4511.05 4274.43 4558.20 4227.59 4558.14
26071-600-M6-066-00012 0.9997820258140564 6293.97 4795.45 6341.71 4794.95 6342.21 4843.08 6294.48 4843.58
26071-600-M6-066-00012 0.9997819066047668 2207.72 1913.70 2255.32 1913.53 2255.48 1960.76 2207.88 1960.92
26071-600-M6-066-00012 0.9997720122337341 6684.44 2031.40 6731.93 2031.25 6732.08 2078.35 6684.59 2078.49
26071-600-M6-066-00012 0.999733030796051 3152.85 1914.50 3199.84 1913.78 3200.56 1960.69 3153.57 1961.40
26071-600-M6-066-00012 0.9997071623802185 3873.54 4511.95 3920.85 4512.01 3920.79 4559.15 3873.48 4559.09
26071-600-M6-066-00012 0.9996320009231567 6495.45 2031.47 6542.31 2031.34 6542.44 2078.84 6495.58 2078.97
26071-675-M6-068-00034 0.9998468160629272 3066.22 5618.82 3112.69 5619.24 3112.25 5666.89 3065.78 5666.47
26071-675-M6-068-00034 0.9998307228088379 3995.85 1000.12 4042.28 999.48 4042.93 1047.21 3996.50 1047.84
26071-675-M6-068-00034 0.9998300075531006 3095.50 4508.93 3142.26 4509.00 3142.19 4556.50 3095.43 4556.42
26071-675-M6-068-00034 0.9997795224189758 3883.55 841.74 3930.30 841.99 3930.04 890.57 3883.30 890.32
26071-675-M6-068-00034 0.9997239708900452 3816.33 5620.21 3862.99 5619.75 3863.46 5667.05 3816.79 5667.50
26071-675-M6-068-00034 0.9996297359466553 3343.05 1142.44 3390.04 1142.39 3390.10 1189.80 3343.11 1189.85
26071-675-M6-068-00034 0.9995855689048767 3336.20 5604.32 3382.22 5604.10 3382.44 5652.06 3336.43 5652.28
26071-675-M6-068-00034 0.9994474053382874 2585.37 5626.95 2632.22 5626.91 2632.26 5674.43 2585.41 5674.47
26071-675-M6-068-00041 0.9998923540115356 2045.85 4352.07 2092.74 4352.33 2092.47 4399.86 2045.59 4399.59
26071-675-M6-068-00041 0.9998561143875122 6365.67 2496.98 6412.30 2497.19 6412.09 2544.81 6365.46 2544.60
26071-675-M6-068-00041 0.9998552799224854 1715.59 2483.71 1762.17 2483.53 1762.36 2531.87 1715.78 2532.05
26071-675-M6-068-00041 0.9998410940170288 6366.04 4358.56 6412.75 4359.09 6412.21 4406.95 6365.51 4406.42
26071-675-M6-068-00041 0.9998088479042053 1716.16 4344.54 1762.26 4344.06 1762.77 4392.53 1716.67 4393.01
26071-675-M6-068-00041 0.9997953772544861 6036.17 4358.77 6082.59 4359.09 6082.26 4406.55 6035.83 4406.22
26071-675-M6-068-00041 0.999775230884552 6035.64 2491.15 6082.68 2491.25 6082.58 2539.10 6035.55 2539.00
26071-675-M6-068-00041 0.999743640422821 2045.97 2483.85 2092.67 2484.01 2092.51 2531.80 2045.80 2531.64
26071-675-M6-068-10002 0.9997510313987732 3665.47 1562.35 3712.23 1562.35 3712.23 1609.92 3665.47 1609.92
26071-675-M6-068-10002 0.999750554561615 6185.48 1562.35 6232.22 1562.35 6232.22 1609.92 6185.48 1609.92
26071-675-M6-068-10002 0.9996563196182251 1865.46 1442.36 1912.72 1442.37 1912.71 1489.78 1865.45 1489.77
26071-675-M6-068-10002 0.9995535016059875 560.34 4022.44 607.08 4022.45 607.07 4069.62 560.33 4069.61
26071-700-M6-054-00013 0.9998026490211487 3519.69 4038.96 3566.35 4039.19 3566.11 4086.99 3519.46 4086.76
26071-700-M6-054-00013 0.9997932314872742 3519.87 3447.65 3566.39 3448.00 3566.03 3496.48 3519.51 3496.13
26071-700-M6-054-00013 0.9997846484184265 3755.39 4039.07 3802.34 4039.08 3802.33 4086.89 3755.38 4086.87
26071-700-M6-054-00013 0.9997733235359192 3519.67 5928.73 3566.30 5929.02 3566.00 5976.95 3519.37 5976.65
26071-700-M6-054-00013 0.9997565150260925 6354.77 3329.69 6402.03 3330.33 6401.38 3378.60 6354.11 3377.96
26071-700-M6-054-00013 0.9997525811195374 3755.18 3448.71 3801.80 3448.21 3802.30 3495.46 3755.69 3495.95
26071-700-M6-054-00013 0.99974125623703 3755.52 5338.43 3802.01 5338.19 3802.26 5385.90 3755.77 5386.14
26071-700-M6-054-00013 0.9997376799583435 3519.68 2148.96 3565.75 2149.26 3565.44 2197.23 3519.36 2196.92
26071-700-M6-054-00013 0.9997113347053528 3519.71 5337.91 3565.94 5338.14 3565.71 5386.21 3519.48 5385.98
26071-700-M6-054-00013 0.9996941089630127 3755.68 1558.71 3802.04 1558.46 3802.30 1606.17 3755.94 1606.42
26071-700-M6-054-00013 0.9996896982192993 3755.70 5929.08 3802.10 5928.80 3802.39 5976.29 3755.98 5976.57
26071-700-M6-054-00013 0.9996610879898071 3519.55 1558.61 3566.14 1558.71 3566.04 1606.36 3519.44 1606.26
26071-700-M6-054-00013 0.9996358156204224 3755.83 2149.11 3802.33 2149.12 3802.33 2197.37 3755.82 2197.37
26071-700-M6-054-00036 0.999890923500061 4699.93 3095.16 4746.53 3094.20 4747.51 3141.97 4700.91 3142.92
26071-700-M6-054-00036 0.9998607635498047 4169.05 2397.25 4215.64 2397.19 4215.70 2445.25 4169.11 2445.31
26071-700-M6-054-00036 0.999832272529602 6011.67 5527.20 6058.96 5527.09 6059.07 5573.69 6011.78 5573.80
26071-700-M6-054-00036 0.9997748732566833 4286.27 4511.96 4333.23 4511.81 4333.39 4558.95 4286.43 4559.10
26071-700-M6-054-00036 0.999749481678009 4037.98 2267.81 4085.40 2267.78 4085.44 2315.21 4038.01 2315.24
26071-700-M6-054-00036 0.9997264742851257 6222.94 5527.67 6269.86 5527.43 6270.10 5574.78 6223.17 5575.01
26071-700-M6-054-00036 0.9997122883796692 4522.73 5278.50 4570.31 5278.70 4570.11 5326.90 4522.53 5326.71
26071-700-M6-054-00036 0.9997037053108215 4405.33 1806.48 4451.84 1806.22 4452.12 1854.36 4405.60 1854.63
26071-700-M6-054-00036 0.9996814727783203 4275.33 1676.55 4322.56 1676.77 4322.34 1724.89 4275.11 1724.67
26071-700-M6-054-00036 0.9996706247329712 3850.53 3719.82 3897.18 3720.75 3896.21 3769.29 3849.56 3768.36
26071-700-M6-054-00036 0.9995880722999573 4700.07 2514.69 4747.16 2514.95 4746.90 2562.50 4699.81 2562.24
26071-700-M6-054-00246 0.9998045563697815 3991.42 1913.19 4039.39 1913.62 4038.96 1960.94 3990.99 1960.51
26071-700-M6-054-00246 0.9996628761291504 6141.60 2385.25 6188.45 2385.43 6188.26 2433.80 6141.41 2433.62
26071-700-M6-054-00246 0.999518632888794 3873.36 1795.24 3919.88 1795.22 3919.91 1842.54 3873.39 1842.56
26071-750-M6-085-00007 0.9998475313186646 5882.07 2267.53 5928.13 2267.53 5928.12 2315.16 5882.06 2315.16
26071-750-M6-085-00007 0.9997444748878479 6412.90 2739.80 6459.24 2739.85 6459.19 2787.47 6412.85 2787.41
26071-750-M6-085-00007 0.9996761083602905 5999.47 2149.38 6046.58 2149.29 6046.67 2197.07 5999.55 2197.15
26071-750-M6-085-00007 0.9996271133422852 2692.12 1500.13 2738.44 1500.04 2738.53 1547.43 2692.21 1547.52
26071-750-M6-085-00007 0.9996198415756226 2929.35 1499.64 2975.59 1499.53 2975.70 1547.40 2929.47 1547.51
26071-750-M6-085-00007 0.9995833039283752 6826.61 6283.37 6874.00 6283.41 6873.96 6330.30 6826.57 6330.27
26071-750-M6-085-00007 0.9995787739753723 4759.27 3684.87 4806.18 3684.50 4806.56 3731.74 4759.64 3732.11
26071-750-M6-085-00007 0.9995607733726501 6531.36 2621.44 6578.41 2621.27 6578.59 2669.15 6531.53 2669.33
26071-750-M6-085-00007 0.9994741082191467 6590.74 6283.54 6637.29 6283.64 6637.19 6330.82 6590.64 6330.73
26071-750-M6-085-00012 0.9997236132621765 7594.33 1086.78 7641.10 1086.32 7641.57 1133.88 7594.80 1134.33
26071-750-M6-085-00012 0.9997091889381409 7713.10 1203.96 7759.21 1204.15 7759.01 1252.03 7712.90 1251.84
26071-750-M6-085-00012 0.9995324611663818 4700.23 3803.68 4746.74 3803.48 4746.94 3851.08 4700.43 3851.28
26071-750-M6-085-00286 0.9993337988853455 5350.35 3393.56 5395.69 3393.47 5395.79 3443.40 5350.44 3443.49
26071-750-M6-085-00286 0.997033953666687 6177.20 3394.21 6222.95 3394.67 6222.45 3443.15 6176.71 3442.69
