26071-200-M6-052-00001 0.9986844658851624 4765.57 6019.40 4799.83 6019.44 4799.68 6142.67 4765.43 6142.63
26071-200-M6-052-00001 0.9986427426338196 1708.52 1109.28 1741.85 1109.54 1740.90 1229.98 1707.57 1229.71
26071-200-M6-052-00001 0.9983925223350525 6704.10 2169.79 6736.69 2169.89 6736.32 2293.00 6703.73 2292.90
26071-200-M6-052-00001 0.9981790781021118 6419.70 2169.28 6452.39 2169.32 6452.22 2292.48 6419.54 2292.44
26071-200-M6-052-00001 0.9981314539909363 6704.33 1932.30 6737.56 1932.41 6737.14 2056.39 6703.91 2056.28
26071-200-M6-052-00001 0.9980754852294922 7189.33 2526.20 7221.78 2526.34 7221.26 2647.49 7188.80 2647.35
26071-200-M6-052-00001 0.9979758858680725 3896.37 3479.72 4016.74 3479.75 4016.73 3512.23 3896.36 3512.20
26071-200-M6-052-00001 0.9978461265563965 5050.55 5830.78 5084.43 5830.83 5084.27 5953.56 5050.39 5953.52
26071-200-M6-052-00001 0.9973825812339783 4765.88 5830.32 4799.79 5830.36 4799.67 5953.87 4765.76 5953.83
26071-200-M6-052-00001 0.9970571994781494 6892.73 1932.27 6926.06 1932.36 6925.75 2055.76 6892.42 2055.67
26071-200-M6-052-00001 0.9968045949935913 6420.54 1932.14 6453.95 1932.22 6453.65 2055.89 6420.25 2055.81
26071-200-M6-052-00001 0.9953769445419312 6231.56 1932.12 6265.04 1932.22 6264.65 2056.32 6231.17 2056.21
26071-200-M6-052-00001 0.9940969944000244 1539.21 6103.06 1655.24 6102.89 1655.28 6134.39 1539.25 6134.56
26071-200-M6-052-00002 0.9989055395126343 6738.11 1626.19 6771.58 1626.30 6771.17 1749.56 6737.70 1749.45
26071-200-M6-052-00002 0.9986055493354797 7483.35 3938.26 7517.03 3938.32 7516.83 4063.45 7483.15 4063.40
26071-200-M6-052-00002 0.9983081817626953 7211.72 1386.26 7244.88 1386.46 7244.12 1513.26 7210.96 1513.06
26071-200-M6-052-00002 0.9982169270515442 5534.84 5677.09 5568.60 5677.18 5568.26 5800.16 5534.51 5800.07
26071-200-M6-052-00002 0.9981639981269836 7021.99 1389.67 7056.09 1389.83 7055.54 1512.58 7021.45 1512.42
26071-200-M6-052-00002 0.9974219799041748 6739.37 1389.33 6772.85 1389.49 6772.27 1513.10 6738.79 1512.94
26071-200-M6-052-00002 0.9973728656768799 5676.18 5476.66 5709.80 5476.77 5709.37 5600.46 5675.76 5600.35
26071-200-M6-052-00002 0.9969226717948914 5393.44 5477.53 5426.18 5477.53 5426.19 5600.07 5393.45 5600.07
26071-200-M6-052-00002 0.9967706203460693 7022.95 1627.83 7055.36 1627.96 7054.89 1747.70 7022.48 1747.57
26071-200-M6-052-00002 0.9964213371276855 1533.53 1130.75 1657.13 1130.76 1657.13 1163.02 1533.53 1163.00
26071-200-M6-052-00002 0.996394693851471 7212.13 1932.20 7244.93 1932.37 7244.31 2056.85 7211.51 2056.69
26071-200-M6-052-00002 0.9963352680206299 4487.04 3042.64 4608.24 3042.65 4608.24 3074.38 4487.03 3074.37
26071-200-M6-052-00002 0.9959174990653992 6550.89 1388.64 6583.91 1388.64 6583.93 1513.41 6550.91 1513.42
26071-200-M6-052-00002 0.992928683757782 7201.29 4094.95 7329.15 4094.92 7329.16 4128.36 7201.30 4128.39
26071-200-M6-052-00002 0.9001757502555847 1790.87 990.10 1824.12 990.22 1823.68 1113.35 1790.43 1113.23
26071-200-M6-052-00002 0.23767799139022827 1838.12 6070.68 1872.40 6071.06 1871.11 6185.31 1836.84 6184.92
26071-200-M6-052-00002 0.062170062214136124 2131.77 6069.52 2167.26 6069.68 2166.75 6183.32 2131.25 6183.16
26071-200-M6-052-00003 0.998796820640564 5982.91 1342.53 6016.90 1342.60 6016.65 1466.60 5982.66 1466.53
26071-200-M6-052-00003 0.9986864924430847 6125.11 1553.89 6158.98 1553.87 6159.07 1677.76 6125.20 1677.78
26071-200-M6-052-00003 0.9984785914421082 5983.81 2123.81 6017.16 2123.96 6016.63 2244.76 5983.28 2244.61
26071-200-M6-052-00003 0.9982240796089172 6265.42 1342.83 6299.38 1342.79 6299.52 1464.46 6265.56 1464.50
26071-200-M6-052-00003 0.9968902468681335 6266.16 2122.15 6299.96 2122.24 6299.64 2245.40 6265.84 2245.32
26071-200-M6-052-00003 0.9963217973709106 2723.48 4883.61 2756.62 4883.64 2756.53 5009.29 2723.38 5009.26
26071-200-M6-052-00003 0.9939621090888977 5762.48 3043.07 5884.13 3043.18 5884.10 3076.57 5762.45 3076.46
26071-200-M6-052-00003 0.9918996095657349 5077.66 2725.01 5198.24 2725.20 5198.18 2757.47 5077.61 2757.28
26071-200-M6-052-00003 0.2225273996591568 6018.73 2791.53 6050.99 2791.45 6051.27 2909.87 6019.01 2909.94
26071-200-M6-052-00080 0.9992961883544922 2710.74 6478.59 2744.01 6478.62 2743.89 6605.05 2710.62 6605.02
26071-200-M6-052-00080 0.9990537762641907 2415.31 6477.47 2448.77 6477.56 2448.43 6606.16 2414.97 6606.07
26071-200-M6-052-00080 0.9989263415336609 5604.58 5476.76 5638.10 5476.88 5637.67 5600.98 5604.14 5600.87
26071-200-M6-052-00080 0.9988131523132324 2889.17 2797.60 2921.81 2797.77 2921.20 2917.33 2888.56 2917.17
26071-200-M6-052-00080 0.9986751675605774 6054.43 3126.15 6086.54 3126.27 6086.07 3253.23 6053.96 3253.11
26071-200-M6-052-00080 0.9986349940299988 5368.59 5476.36 5402.08 5476.50 5401.55 5600.98 5368.05 5600.84
26071-200-M6-052-00080 0.9985498785972595 6315.27 2797.63 6347.30 2797.75 6346.83 2919.44 6314.80 2919.32
26071-200-M6-052-00080 0.9984434247016907 2179.81 5477.56 2212.98 5477.70 2212.47 5600.71 2179.30 5600.57
26071-200-M6-052-00080 0.9984341263771057 1943.58 5478.85 1977.14 5479.07 1976.35 5600.44 1942.78 5600.22
26071-200-M6-052-00080 0.9983351826667786 5817.50 5238.84 5850.77 5239.00 5850.14 5364.19 5816.88 5364.02
26071-200-M6-052-00080 0.9972353577613831 1919.66 5240.09 1952.96 5240.24 1952.42 5363.27 1919.13 5363.13
26071-200-M6-052-00080 0.9971976280212402 5628.86 5240.50 5662.01 5240.71 5661.26 5362.92 5628.10 5362.71
26071-200-M6-052-00080 0.9971764087677002 6495.18 3067.22 6614.90 3067.19 6614.91 3099.52 6495.19 3099.55
26071-200-M6-052-00080 0.997158408164978 2629.77 3125.32 2661.53 3125.43 2661.07 3252.93 2629.31 3252.82
26071-200-M6-052-00080 0.9971080422401428 5156.28 5240.98 5189.27 5241.11 5188.77 5363.36 5155.77 5363.22
26071-200-M6-052-00080 0.9970705509185791 2203.20 5242.93 2236.40 5242.98 2236.19 5364.44 2202.99 5364.38
26071-200-M6-052-00080 0.9970057606697083 1731.14 5240.39 1763.97 5240.60 1763.22 5362.93 1730.40 5362.73
26071-200-M6-052-00080 0.9970012307167053 6613.08 4259.32 6734.53 4259.21 6734.56 4291.72 6613.11 4291.83
26071-200-M6-052-00080 0.9968392848968506 2392.53 5240.55 2425.28 5240.76 2424.49 5363.28 2391.74 5363.07
26071-200-M6-052-00080 0.996837854385376 2835.32 5015.16 2953.79 5014.88 2953.87 5048.13 2835.40 5048.41
26071-200-M6-052-00080 0.9966633915901184 3775.23 5523.26 3899.79 5523.28 3899.78 5555.41 3775.22 5555.38
26071-200-M6-052-00080 0.9963669776916504 3068.76 3067.11 3189.73 3067.00 3189.76 3099.59 3068.79 3099.70
26071-200-M6-052-00080 0.9963500499725342 5345.14 5241.29 5377.86 5241.42 5377.40 5363.54 5344.67 5363.42
26071-200-M6-052-00080 0.9961982369422913 6259.95 3398.12 6380.20 3398.05 6380.22 3430.38 6259.96 3430.45
26071-200-M6-052-00080 0.9957091808319092 3778.15 5794.82 3897.99 5794.81 3897.99 5827.01 3778.15 5827.02
26071-200-M6-052-00080 0.9956068396568298 3305.04 5015.13 3427.20 5015.25 3427.17 5047.49 3305.01 5047.37
26071-200-M6-052-00080 0.995560884475708 6256.19 5015.33 6380.80 5015.29 6380.81 5047.53 6256.20 5047.57
26071-200-M6-052-00080 0.9951390027999878 6729.01 5015.23 6851.22 5015.05 6851.26 5047.43 6729.06 5047.61
26071-200-M6-052-00080 0.9949459433555603 7200.65 5794.94 7324.19 5794.94 7324.19 5827.32 7200.65 5827.32
26071-200-M6-052-00080 0.9948387742042542 2718.31 4259.11 2837.00 4259.28 2836.95 4292.41 2718.27 4292.25
26071-200-M6-052-00080 0.9946065545082092 6143.76 4259.39 6262.58 4259.35 6262.60 4291.98 6143.78 4292.03
26071-200-M6-052-00080 0.9944022297859192 2832.39 3398.24 2954.85 3398.37 2954.81 3429.82 2832.36 3429.69
26071-200-M6-052-00080 0.9940122961997986 7201.40 5523.43 7324.35 5523.20 7324.41 5555.79 7201.46 5556.02
26071-200-M6-052-00080 0.9939398765563965 3185.09 4258.81 3310.13 4259.01 3310.07 4292.22 3185.04 4292.03
26071-200-M6-052-00080 0.9881258010864258 6257.21 3563.80 6380.53 3563.95 6380.49 3595.13 6257.18 3594.98
26071-200-M6-052-00080 0.9854118227958679 3069.99 3243.78 3193.03 3243.95 3192.98 3275.84 3069.95 3275.67
26071-200-M6-052-00080 0.9853927493095398 2829.69 3563.84 2955.92 3564.55 2955.75 3594.86 2829.52 3594.15
26071-200-M6-052-00080 0.9738703966140747 6494.55 3243.57 6615.77 3243.21 6615.87 3275.46 6494.64 3275.82
26071-200-M6-052-00080 0.28161516785621643 3602.79 2616.77 3723.40 2617.45 3723.21 2651.87 3602.60 2651.18
26071-200-M6-052-00080 0.24222548305988312 3602.02 2428.60 3721.99 2429.20 3721.82 2462.57 3601.85 2461.97
26071-200-M6-052-00080 0.12332616001367569 7027.13 2617.81 7148.06 2617.60 7148.11 2650.04 7027.18 2650.24
26071-200-M6-052-00080 0.11860700696706772 7026.31 2429.14 7148.34 2428.86 7148.42 2460.86 7026.39 2461.14
26071-200-M6-052-00090 0.999414324760437 3031.21 3695.67 3063.26 3695.87 3062.51 3818.11 3030.46 3817.92
26071-200-M6-052-00090 0.9993878602981567 1068.35 1461.64 1102.68 1461.17 1104.36 1582.81 1070.04 1583.28
26071-200-M6-052-00090 0.9991559982299805 6042.94 3693.90 6075.58 3694.03 6075.10 3819.65 6042.46 3819.52
26071-200-M6-052-00090 0.9991181492805481 1636.96 1459.61 1670.36 1459.79 1669.66 1584.95 1636.26 1584.76
26071-200-M6-052-00090 0.999085545539856 5535.01 2383.95 5567.24 2384.03 5566.92 2506.46 5534.69 2506.38
26071-200-M6-052-00090 0.9988113641738892 4507.01 5062.71 4539.94 5063.00 4538.86 5186.05 4505.93 5185.76
26071-200-M6-052-00090 0.9987258315086365 1943.50 4826.89 1977.14 4827.03 1976.61 4951.30 1942.97 4951.16
26071-200-M6-052-00090 0.9986975193023682 1754.79 4828.61 1788.65 4828.83 1787.88 4949.92 1754.02 4949.71
26071-200-M6-052-00090 0.9986448884010315 6613.09 1802.57 6734.71 1802.11 6734.83 1835.12 6613.22 1835.58
26071-200-M6-052-00090 0.9985992312431335 4293.45 4828.94 4327.09 4828.87 4327.38 4950.02 4293.74 4950.10
26071-200-M6-052-00090 0.9985925555229187 1471.13 4827.48 1504.55 4827.64 1503.96 4951.47 1470.54 4951.31
26071-200-M6-052-00090 0.9985767602920532 4955.12 4827.30 4988.61 4827.45 4988.04 4951.33 4954.55 4951.17
26071-200-M6-052-00090 0.9984689354896545 1282.98 4827.67 1315.84 4827.90 1315.01 4949.95 1282.15 4949.73
26071-200-M6-052-00090 0.9983981251716614 1625.57 1225.64 1658.53 1225.92 1657.49 1347.43 1624.54 1347.15
26071-200-M6-052-00090 0.9983909130096436 4743.31 5063.40 4776.37 5063.60 4775.63 5186.48 4742.58 5186.28
26071-200-M6-052-00090 0.9983251690864563 4482.41 4827.21 4516.31 4827.37 4515.74 4951.70 4481.84 4951.54
26071-200-M6-052-00090 0.998145341873169 2250.62 2830.15 2284.19 2830.25 2283.82 2953.55 2250.25 2953.45
26071-200-M6-052-00090 0.998138427734375 1494.52 5062.68 1528.43 5062.91 1527.59 5186.40 1493.68 5186.17
26071-200-M6-052-00090 0.9976778626441956 4766.69 4825.08 4799.07 4825.35 4798.04 4950.30 4765.66 4950.04
26071-200-M6-052-00090 0.9975293278694153 5373.82 4366.00 5492.91 4363.82 5493.52 4397.26 5374.43 4399.44
26071-200-M6-052-00090 0.9974583983421326 2359.79 4365.61 2481.97 4365.09 2482.11 4397.77 2359.93 4398.28
26071-200-M6-052-00090 0.9972535967826843 1730.88 5063.95 1764.14 5064.08 1763.65 5186.64 1730.39 5186.51
26071-200-M6-052-00090 0.9971081614494324 2511.00 2478.06 2544.46 2478.20 2543.95 2600.12 2510.48 2599.98
26071-200-M6-052-00090 0.9970347881317139 5373.08 3846.34 5495.02 3846.28 5495.03 3878.17 5373.09 3878.23
26071-200-M6-052-00090 0.9970030188560486 1389.05 1344.32 1420.84 1344.42 1420.49 1464.75 1388.71 1464.66
26071-200-M6-052-00090 0.9969242215156555 6611.59 1991.66 6735.32 1991.55 6735.35 2023.65 6611.62 2023.77
26071-200-M6-052-00090 0.9962911605834961 2716.25 2829.80 2835.68 2829.73 2835.70 2862.99 2716.27 2863.06
26071-200-M6-052-00090 0.9961840510368347 2833.88 3845.82 2954.15 3845.55 2954.22 3878.37 2833.96 3878.64
26071-200-M6-052-00090 0.9961244463920593 5845.40 3845.86 5966.14 3845.64 5966.20 3878.30 5845.46 3878.52
26071-200-M6-052-00090 0.9959128499031067 6612.88 1543.44 6735.92 1543.10 6736.00 1574.81 6612.97 1575.15
26071-200-M6-052-00090 0.9959099292755127 2359.46 3845.84 2484.43 3845.94 2484.41 3878.26 2359.43 3878.16
26071-200-M6-052-00090 0.9955142140388489 6036.63 3975.65 6154.56 3975.06 6154.73 4007.96 6036.80 4008.56
26071-200-M6-052-00090 0.9945234060287476 2715.78 2653.74 2836.13 2653.58 2836.17 2685.77 2715.82 2685.92
26071-200-M6-052-00090 0.9939613342285156 2479.08 2985.01 2600.68 2985.17 2600.64 3016.58 2479.04 3016.42
26071-200-M6-052-00090 0.9937840700149536 5490.45 2984.16 5611.64 2983.73 5611.75 3016.95 5490.57 3017.38
26071-200-M6-052-00090 0.9931031465530396 5725.94 2830.83 5847.92 2830.86 5847.91 2863.15 5725.93 2863.12
26071-200-M6-052-00090 0.9922963976860046 3020.64 3975.85 3144.32 3975.89 3144.31 4007.34 3020.63 4007.30
26071-200-M6-052-00090 0.991858184337616 5727.20 2653.91 5846.96 2653.67 5847.02 2685.79 5727.26 2686.03
26071-200-M6-052-00090 0.9895864129066467 2834.13 4034.69 2953.17 4034.14 2953.32 4066.73 2834.29 4067.28
26071-200-M6-052-00090 0.9882670044898987 5493.03 3149.03 5612.29 3149.32 5612.21 3182.49 5492.95 3182.20
26071-200-M6-052-00090 0.9852340817451477 5846.04 4034.88 5966.01 4034.17 5966.20 4066.58 5846.24 4067.29
26071-200-M6-052-00090 0.9827614426612854 2478.93 3149.38 2600.18 3149.53 2600.14 3181.79 2478.89 3181.64
26071-200-M6-052-00090 0.9553020000457764 5286.32 2831.56 5318.71 2831.38 5319.41 2952.58 5287.02 2952.77
26071-200-M6-052-00090 0.25192856788635254 6259.39 2345.87 6380.79 2346.16 6380.72 2379.26 6259.31 2378.97
26071-200-M6-052-00090 0.21518085896968842 6797.70 1286.23 6832.36 1286.58 6831.19 1405.10 6796.53 1404.76
26071-200-M6-052-00090 0.17169810831546783 3186.91 2240.14 3308.38 2240.07 3308.40 2272.00 3186.93 2272.07
26071-200-M6-052-00090 0.16540773212909698 3600.18 6057.09 3631.69 6057.43 3630.16 6200.53 3598.64 6200.19
26071-200-M6-052-00090 0.1585528552532196 6257.91 2534.97 6379.51 2534.72 6379.57 2566.38 6257.98 2566.63
26071-200-M6-052-00090 0.14818795025348663 5932.94 5201.98 5964.06 5201.35 5966.44 5317.86 5935.32 5318.50
26071-200-M6-052-00090 0.14755770564079285 3186.24 2429.12 3306.94 2428.86 3307.01 2461.06 3186.31 2461.32
26071-200-M6-052-00090 0.1311589628458023 3316.47 6061.74 3349.22 6061.83 3348.85 6198.27 3316.10 6198.18
26071-200-M6-052-00090 0.10375998169183731 7258.08 4002.47 7289.42 4001.81 7292.08 4128.90 7260.74 4129.55
26071-200-M6-052-00093 0.9994483590126038 2663.45 4419.22 2697.34 4419.41 2696.66 4535.69 2662.78 4535.49
26071-200-M6-052-00093 0.9994401335716248 6679.84 4238.05 6712.95 4238.13 6712.67 4359.44 6679.56 4359.36
26071-200-M6-052-00093 0.9994107484817505 2794.67 2406.68 2828.11 2406.83 2827.55 2529.82 2794.11 2529.67
26071-200-M6-052-00093 0.9992496371269226 2664.16 2055.23 2696.79 2055.44 2696.03 2174.19 2663.40 2173.98
26071-200-M6-052-00093 0.9990512728691101 4885.91 2878.25 4918.36 2878.46 4917.56 3001.86 4885.11 3001.65
26071-200-M6-052-00093 0.9989026784896851 3007.47 2407.65 3039.89 2407.84 3039.18 2528.52 3006.76 2528.33
26071-200-M6-052-00093 0.998765230178833 2794.65 4766.46 2827.85 4766.66 2827.09 4891.00 2793.89 4890.79
26071-200-M6-052-00093 0.9980558156967163 4885.36 5006.45 4918.12 5006.48 4918.03 5126.46 4885.27 5126.44
26071-200-M6-052-00093 0.9980258941650391 4840.31 5713.40 4964.31 5713.53 4964.27 5744.74 4840.28 5744.61
26071-200-M6-052-00093 0.9979958534240723 3007.63 4768.66 3040.90 4768.94 3039.89 4890.08 3006.62 4889.80
26071-200-M6-052-00093 0.9975202679634094 3305.24 4530.88 3426.02 4530.47 3426.13 4563.32 3305.34 4563.72
26071-200-M6-052-00093 0.9971899390220642 5076.35 5452.35 5199.11 5452.51 5199.07 5484.84 5076.31 5484.68
26071-200-M6-052-00093 0.9969981908798218 6375.50 4494.18 6502.39 4494.76 6502.24 4528.00 6375.35 4527.43
26071-200-M6-052-00093 0.9966868758201599 4840.83 5475.95 4964.78 5476.06 4964.75 5508.89 4840.80 5508.78
26071-200-M6-052-00093 0.9965266585350037 3304.84 4294.94 3427.08 4295.00 3427.06 4326.98 3304.82 4326.92
26071-200-M6-052-00093 0.9964656829833984 5076.91 5264.56 5197.65 5262.66 5198.16 5294.58 5077.41 5296.48
26071-200-M6-052-00093 0.9960969090461731 3305.39 2168.94 3425.81 2168.72 3425.87 2200.92 3305.45 2201.14
26071-200-M6-052-00093 0.9959239959716797 5076.84 5736.34 5198.98 5736.33 5198.98 5769.12 5076.84 5769.12
26071-200-M6-052-00093 0.9953296184539795 5076.25 5924.92 5199.08 5925.02 5199.05 5957.54 5076.22 5957.43
26071-200-M6-052-00093 0.9950295090675354 3306.09 1932.87 3425.71 1932.67 3425.76 1965.12 3306.15 1965.31
26071-200-M6-052-00093 0.16562946140766144 7062.00 3582.54 7091.45 3582.77 7090.45 3709.64 7061.01 3709.41
26071-200-M6-052-00093 0.10531172901391983 6774.47 3584.66 6807.15 3584.62 6807.32 3701.90 6774.64 3701.95
26071-200-M6-052-00150 0.9994993209838867 6419.43 5857.07 6452.88 5857.16 6452.54 5982.06 6419.08 5981.96
26071-200-M6-052-00150 0.9993399977684021 5120.90 5858.19 5154.13 5858.37 5153.44 5982.63 5120.21 5982.44
26071-200-M6-052-00150 0.9993091821670532 6172.19 3586.88 6205.71 3586.96 6205.41 3709.91 6171.89 3709.83
26071-200-M6-052-00150 0.9992464780807495 5888.55 3585.23 5921.82 3585.34 5921.37 3711.02 5888.11 3710.90
26071-200-M6-052-00150 0.9991268515586853 4743.34 5740.33 4776.39 5740.43 4776.03 5864.24 4742.98 5864.15
26071-200-M6-052-00150 0.9989811778068542 1519.07 1225.18 1551.22 1225.27 1550.86 1348.50 1518.71 1348.40
26071-200-M6-052-00150 0.9987444877624512 1849.58 1346.39 1882.62 1346.52 1882.14 1465.95 1849.10 1465.82
26071-200-M6-052-00150 0.9985598921775818 6042.52 5739.84 6074.79 5739.89 6074.59 5866.06 6042.31 5866.00
26071-200-M6-052-00150 0.9984068274497986 7329.00 4768.11 7362.51 4768.23 7362.05 4892.31 7328.54 4892.18
26071-200-M6-052-00150 0.9977670907974243 7613.15 4768.39 7646.33 4768.64 7645.40 4892.30 7612.22 4892.05
26071-200-M6-052-00150 0.9822877645492554 4649.02 6019.24 4674.27 5996.41 4723.28 6050.62 4698.03 6073.45
26071-200-M6-052-00150 0.9792062044143677 5947.44 6018.15 5973.24 5994.56 6023.94 6050.02 5998.14 6073.61
26071-200-M6-052-00539 0.9997361302375793 5215.45 1048.63 5248.09 1048.77 5247.58 1169.78 5214.94 1169.65
26071-200-M6-052-00539 0.9996602535247803 6042.04 4461.43 6074.76 4461.58 6074.19 4583.70 6041.47 4583.54
26071-200-M6-052-00539 0.9988055229187012 6195.99 6187.67 6228.51 6187.87 6227.80 6306.89 6195.28 6306.70
26071-200-M6-052-00539 0.9986478686332703 6621.52 6186.28 6653.71 6186.46 6653.03 6308.36 6620.85 6308.18
26071-200-M6-052-00539 0.998079776763916 5050.06 4177.39 5083.29 4177.37 5083.36 4299.97 5050.13 4299.99
26071-200-M6-052-00539 0.9980787038803101 6255.61 6306.32 6288.72 6306.46 6288.21 6426.63 6255.10 6426.49
26071-200-M6-052-00539 0.9978150129318237 6562.48 6307.12 6595.21 6307.26 6594.71 6425.82 6561.98 6425.69
26071-200-M6-052-00539 0.997599184513092 3869.50 1343.98 3902.09 1344.01 3901.97 1465.99 3869.37 1465.96
26071-200-M6-052-00539 0.9971610307693481 2806.16 1343.70 2839.07 1343.72 2838.97 1466.76 2806.07 1466.74
26071-200-M6-052-00539 0.9966278672218323 4721.86 4471.89 4843.66 4471.60 4843.74 4503.67 4721.94 4503.95
26071-200-M6-052-00539 0.9951038360595703 3894.91 5109.03 4016.51 5108.76 4016.59 5141.47 3894.98 5141.74
26071-200-M6-052-00539 0.9233280420303345 3542.54 1636.95 3663.49 1636.77 3663.54 1669.22 3542.59 1669.40
26071-200-M6-052-00539 0.06245001405477524 2489.95 1636.17 2595.68 1636.75 2595.50 1669.66 2489.77 1669.08
26071-200-M6-052-00540 0.9945409893989563 920.92 3346.99 968.03 3347.34 966.79 3509.99 919.68 3509.63
26071-200-M6-062-00276 0.9991415739059448 915.76 3587.85 949.28 3587.84 949.32 3710.67 915.81 3710.69
26071-200-M6-062-00276 0.9985388517379761 1872.94 2879.08 1905.84 2879.09 1905.79 3002.06 1872.89 3002.05
26071-200-M6-062-00276 0.998236894607544 1400.23 2054.02 1432.98 2054.08 1432.78 2173.36 1400.03 2173.30
26071-200-M6-062-00276 0.9978002905845642 1766.64 2053.01 1798.94 2053.13 1798.50 2175.11 1766.20 2174.99
26071-200-M6-062-00276 0.9966036081314087 2449.59 4460.50 2569.59 4460.51 2569.59 4492.68 2449.59 4492.68
26071-200-M6-063-00010 0.9991565942764282 5841.21 5714.55 5875.14 5714.74 5874.44 5837.62 5840.51 5837.42
26071-200-M6-063-00010 0.9988202452659607 5462.65 5715.99 5496.62 5716.12 5496.16 5836.80 5462.19 5836.68
26071-200-M6-063-00010 0.9982466697692871 6479.35 1935.89 6512.49 1936.08 6511.81 2056.41 6478.67 2056.23
26071-200-M6-063-00010 0.9980415105819702 3189.41 3574.67 3310.68 3574.55 3310.71 3606.51 3189.44 3606.62
26071-200-M6-063-00010 0.994181215763092 4462.68 2605.62 4586.85 2605.43 4586.90 2637.38 4462.73 2637.57
26071-203-M6-060-00006 0.9976492524147034 2050.59 1816.43 2083.44 1816.49 2083.25 1940.35 2050.39 1940.30
26071-203-M6-060-00006 0.9965028762817383 2716.63 2310.14 2836.15 2310.10 2836.16 2342.82 2716.64 2342.86
26071-203-M6-060-00006 0.994759738445282 5313.54 2428.48 5435.57 2428.34 5435.61 2460.65 5313.58 2460.80
26071-203-M6-079-00001 0.43516725301742554 3402.98 5170.23 3513.08 5168.40 3513.61 5200.11 3403.51 5201.94
26071-203-M6-160-00291 0.9990231990814209 1412.03 3610.81 1445.00 3611.12 1443.85 3733.50 1410.88 3733.19
26071-203-M6-160-00291 0.9925572872161865 2580.66 3295.09 2613.62 3295.25 2613.23 3376.88 2580.26 3376.72
26071-203-M6-160-00291 0.437542200088501 4488.70 5286.83 4607.12 5286.55 4607.19 5319.33 4488.78 5319.60
26071-203-M6-320-00008 0.9990047812461853 5172.62 3955.34 5206.04 3955.33 5206.09 4076.39 5172.67 4076.40
26071-203-M6-320-00008 0.998102605342865 2742.98 4046.47 2775.10 4046.60 2774.64 4167.90 2742.52 4167.78
26071-203-M6-320-00008 0.9941146969795227 4814.73 3924.13 4846.08 3924.12 4846.10 4001.62 4814.76 4001.63
26071-203-M6-320-00008 0.9935153722763062 2390.89 4015.40 2421.54 4015.49 2421.33 4090.81 2390.68 4090.73
26071-203-M6-320-00042 0.9988456964492798 5683.46 2119.68 5716.70 2119.90 5715.90 2245.95 5682.66 2245.74
26071-203-M6-320-00042 0.9975166320800781 2443.45 4132.00 2475.48 4132.32 2474.26 4256.31 2442.23 4255.99
26071-203-M6-320-00060 0.9987862706184387 5833.78 3445.39 5865.69 3445.39 5865.69 3568.26 5833.77 3568.26
26071-203-M6-320-00060 0.9986674785614014 5833.44 4013.72 5865.95 4013.77 5865.76 4137.57 5833.26 4137.52
26071-203-M6-320-00061 0.9991389513015747 733.72 3623.23 765.92 3623.21 766.00 3747.86 733.80 3747.88
26071-203-M6-320-00061 0.998955488204956 733.55 3953.29 766.14 3953.29 766.17 4077.68 733.58 4077.69
26071-203-M6-320-00061 0.9985766410827637 1603.63 3624.92 1635.55 3625.01 1635.22 3746.65 1603.31 3746.56
26071-203-M6-320-00061 0.9980944991111755 1602.92 3954.88 1635.55 3954.84 1635.69 4078.05 1603.05 4078.08
26071-203-M6-321-00604 0.994012176990509 4676.55 1119.49 4801.04 1120.13 4800.87 1152.75 4676.38 1152.11
26071-203-M6-321-00604 0.9917530417442322 4464.66 1118.40 4590.90 1118.98 4590.75 1152.11 4464.51 1151.52
26071-203-M6-325-00012 0.9989973902702332 8023.67 5754.12 8056.56 5754.25 8056.08 5874.94 8023.19 5874.81
26071-203-M6-325-00012 0.9987403750419617 1812.42 3742.08 1845.75 3742.20 1845.32 3865.43 1811.99 3865.31
26071-203-M6-325-00012 0.9987373948097229 8022.73 5065.64 8056.77 5065.79 8056.26 5185.32 8022.22 5185.17
26071-203-M6-325-00012 0.9987321496009827 1692.38 3053.34 1725.64 3053.45 1725.23 3175.48 1691.98 3175.37
26071-203-M6-325-00012 0.9987044334411621 8022.93 2422.51 8056.48 2422.61 8056.10 2545.99 8022.54 2545.89
26071-203-M6-325-00012 0.9985931515693665 8023.41 4374.24 8056.49 4374.28 8056.32 4494.97 8023.24 4494.92
26071-203-M6-325-00012 0.9984939098358154 8022.13 3055.20 8056.45 3055.07 8056.89 3175.33 8022.57 3175.45
26071-203-M6-325-00012 0.9984720349311829 8023.22 3743.40 8056.64 3743.37 8056.76 3864.86 8023.34 3864.89
26071-203-M6-325-00012 0.9984706044197083 1691.96 5063.83 1726.06 5064.01 1725.40 5185.61 1691.30 5185.43
26071-203-M6-325-00012 0.998451828956604 1691.34 4373.76 1725.81 4373.81 1725.63 4494.66 1691.16 4494.61
26071-203-M6-325-00012 0.9984186887741089 1692.31 5752.86 1726.08 5753.03 1725.43 5875.92 1691.66 5875.74
26071-203-M6-325-00013 0.9993638396263123 4662.75 5364.40 4696.44 5364.47 4696.21 5484.84 4662.52 5484.77
26071-203-M6-325-00013 0.9990707039833069 3597.88 4884.29 3631.48 4884.32 3631.39 5006.32 3597.79 5006.30
26071-203-M6-325-00013 0.998991072177887 5499.01 1796.73 5531.79 1796.81 5531.47 1915.98 5498.69 1915.90
26071-203-M6-325-00013 0.9988672733306885 3297.68 4884.08 3332.05 4884.19 3331.65 5005.81 3297.29 5005.70
26071-203-M6-325-00013 0.998588502407074 1873.21 3055.59 1905.87 3055.79 1905.11 3179.76 1872.45 3179.56
26071-203-M6-325-00013 0.9977506995201111 4800.30 5198.86 4920.82 5198.45 4920.94 5231.85 4800.42 5232.26
26071-203-M6-325-00013 0.9975917339324951 6564.60 1796.05 6596.80 1796.17 6596.36 1916.63 6564.16 1916.51
26071-203-M6-332-00001 0.9994269609451294 1931.90 5663.45 1965.91 5663.56 1965.50 5784.89 1931.49 5784.78
26071-203-M6-332-00001 0.9989203214645386 1843.13 3082.69 1875.83 3082.66 1875.95 3207.28 1843.25 3207.32
26071-203-M6-332-00001 0.9988792538642883 1843.55 3322.64 1876.15 3322.73 1875.83 3447.12 1843.23 3447.04
26071-203-M6-332-00001 0.9987249970436096 1843.33 2601.91 1875.85 2601.99 1875.54 2725.07 1843.02 2724.98
26071-203-M6-332-00001 0.9987230896949768 1843.21 2842.28 1875.96 2842.31 1875.86 2966.97 1843.11 2966.95
26071-203-M6-332-00001 0.9960122108459473 5548.08 1719.53 5670.18 1719.63 5670.15 1752.14 5548.06 1752.04
26071-203-M6-332-00001 0.9959337115287781 5969.21 1719.99 6090.64 1719.78 6090.70 1752.10 5969.27 1752.31
26071-203-M6-332-00001 0.9955050349235535 3447.38 1719.65 3570.39 1719.65 3570.39 1752.11 3447.38 1752.10
26071-203-M6-332-00001 0.9945613741874695 4288.45 1719.73 4411.70 1719.37 4411.80 1752.05 4288.54 1752.42
26071-203-M6-332-00001 0.9943217039108276 4706.35 1719.77 4831.68 1719.57 4831.73 1751.99 4706.40 1752.18
26071-203-M6-332-00001 0.9940857887268066 5125.55 1719.77 5251.59 1719.53 5251.65 1751.96 5125.61 1752.20
26071-203-M6-332-00001 0.9931756854057312 3868.92 1720.16 3990.27 1719.80 3990.37 1752.25 3869.02 1752.60
26071-203-M6-332-00001 0.9920217394828796 3027.91 1719.82 3150.02 1719.54 3150.10 1752.59 3027.99 1752.87
26071-203-M6-332-00008 0.998598039150238 7498.17 3475.53 7531.46 3475.59 7531.25 3598.40 7497.96 3598.35
26071-203-M6-332-00008 0.9979661703109741 2683.49 3477.12 2716.18 3477.20 2715.89 3597.03 2683.21 3596.96
26071-203-M6-332-00008 0.9974138140678406 5052.94 3477.41 5085.23 3477.43 5085.15 3596.41 5052.86 3596.39
26071-203-M6-332-00008 0.9909358620643616 4543.86 3490.50 4575.81 3490.62 4575.53 3564.65 4543.58 3564.53
26071-203-M6-332-00008 0.9903551340103149 2143.90 3487.64 2175.93 3487.75 2175.67 3564.35 2143.64 3564.24
26071-203-M6-332-00008 0.9887450337409973 6974.01 3489.81 7005.89 3489.94 7005.59 3564.22 6973.71 3564.10
26071-203-M6-332-00008 0.05110347270965576 6133.51 3685.69 6166.04 3685.95 6165.15 3800.06 6132.61 3799.81
26071-203-M6-337-00031 0.9990395903587341 1483.03 5694.03 1517.01 5694.14 1516.61 5815.57 1482.63 5815.46
26071-203-M6-337-00031 0.9984295964241028 1481.97 5455.32 1516.01 5455.35 1515.92 5574.68 1481.87 5574.66
26071-203-M6-337-00031 0.9982830286026001 7100.21 3714.42 7133.42 3714.66 7132.57 3834.89 7099.36 3834.65
26071-203-M6-337-00031 0.9982033967971802 7100.44 3441.09 7133.07 3441.29 7132.30 3565.99 7099.67 3565.78
26071-300-M6-053-00008 0.9988083839416504 6006.77 5594.30 6039.84 5594.34 6039.68 5719.87 6006.61 5719.83
26071-300-M6-053-00008 0.9969834685325623 4546.96 692.90 4667.93 692.74 4667.97 724.53 4547.00 724.69
26071-300-M6-053-00010 0.9993082284927368 6762.29 1578.97 6795.03 1578.85 6795.49 1702.15 6762.75 1702.27
26071-300-M6-053-00010 0.9992243051528931 4636.27 6068.68 4670.07 6068.87 4669.38 6190.76 4635.58 6190.57
26071-300-M6-053-00010 0.9990654587745667 7328.54 1580.64 7362.30 1580.62 7362.36 1702.75 7328.61 1702.77
26071-300-M6-053-00010 0.9990348815917969 4636.58 6351.85 4669.71 6351.96 4669.28 6475.19 4636.15 6475.07
26071-300-M6-053-00010 0.9989433884620667 7139.42 1581.93 7173.55 1581.98 7173.36 1702.53 7139.24 1702.48
26071-300-M6-053-00010 0.9987597465515137 4447.90 6068.88 4480.77 6069.04 4480.14 6192.13 4447.27 6191.96
26071-300-M6-053-00010 0.9986559152603149 6573.35 1580.83 6607.14 1580.98 6606.60 1702.06 6572.80 1701.91
26071-300-M6-053-00010 0.9985558390617371 7093.05 1817.29 7126.32 1817.42 7125.84 1938.46 7092.57 1938.33
26071-300-M6-053-00010 0.9982410669326782 6903.10 2644.58 6937.04 2644.47 6937.45 2765.04 6903.51 2765.16
26071-300-M6-053-00010 0.9981350898742676 5061.34 6070.77 5094.56 6070.78 5094.53 6190.12 5061.32 6190.11
26071-300-M6-053-00010 0.9978195428848267 3954.23 3596.51 4075.10 3596.48 4075.11 3629.76 3954.24 3629.79
26071-300-M6-053-00010 0.9950518012046814 3954.84 3385.10 4077.27 3384.90 4077.32 3417.09 3954.89 3417.29
26071-300-M6-053-00012 0.9987850785255432 2817.91 2583.81 2851.14 2583.97 2850.52 2707.75 2817.29 2707.58
26071-300-M6-053-00012 0.9983159303665161 6514.92 1934.52 6547.44 1934.70 6546.77 2055.72 6514.26 2055.54
26071-300-M6-053-00012 0.9974768757820129 7144.75 1779.14 7266.16 1779.29 7266.12 1811.75 7144.71 1811.60
26071-300-M6-053-00012 0.997194766998291 7306.22 809.13 7338.89 809.07 7339.11 933.38 7306.45 933.44
26071-300-M6-053-00012 0.989534318447113 5935.62 1049.37 5969.13 1049.25 5969.53 1168.93 5936.03 1169.05
26071-300-M6-053-00012 0.05344207212328911 2392.82 1944.66 2424.44 1944.68 2424.37 2053.01 2392.75 2052.99
26071-300-M6-053-00309 0.07485862821340561 2368.60 2157.27 2485.56 2155.12 2486.19 2189.30 2369.23 2191.45
26071-300-M6-053-00309 0.05894913524389267 6000.89 2228.39 6045.87 2228.66 6045.25 2332.44 6000.26 2332.17
26071-450-M6-082-00009 0.9989455342292786 5568.43 5003.35 5602.42 5003.05 5603.51 5128.00 5569.52 5128.29
26071-450-M6-082-00009 0.9988665580749512 1989.95 5302.02 2023.91 5302.11 2023.59 5423.80 1989.63 5423.71
26071-450-M6-082-00009 0.9987972974777222 5132.33 6304.41 5166.21 6304.65 5165.34 6427.27 5131.45 6427.03
26071-450-M6-082-00009 0.9986633062362671 4753.90 6306.63 4787.99 6306.82 4787.30 6427.12 4753.21 6426.92
26071-450-M6-082-00009 0.9965664148330688 5320.81 5006.89 5354.39 5006.86 5354.50 5127.09 5320.92 5127.12
26071-450-M6-082-00009 0.9944342970848083 3778.87 4117.74 3899.42 4117.61 3899.45 4149.00 3778.91 4149.13
26071-450-M6-082-00009 0.9906578063964844 3306.78 3893.19 3426.08 3892.74 3426.20 3924.84 3306.90 3925.29
26071-450-M6-082-00009 0.6985296010971069 3609.44 3590.40 3641.92 3590.57 3641.34 3707.40 3608.85 3707.24
26071-450-M6-082-00009 0.6919651627540588 3608.55 1168.92 3642.24 1168.99 3641.98 1290.73 3608.29 1290.65
26071-450-M6-082-00009 0.05804828926920891 3317.70 1674.86 3419.00 1673.51 3419.43 1705.20 3318.13 1706.55
26071-450-M6-082-00031 0.9990381002426147 2758.72 5951.54 2791.70 5951.66 2791.26 6072.91 2758.27 6072.79
26071-450-M6-082-00031 0.9990060925483704 4258.73 5429.23 4291.58 5429.27 4291.45 5553.89 4258.59 5553.85
26071-450-M6-082-00031 0.9987926483154297 2758.86 6363.31 2791.60 6363.41 2791.20 6486.49 2758.46 6486.39
26071-450-M6-082-00031 0.997750461101532 2123.20 2097.49 2242.18 2097.55 2242.16 2129.47 2123.19 2129.41
26071-450-M6-082-00031 0.9976832866668701 5504.09 5157.45 5623.15 5157.40 5623.17 5188.99 5504.10 5189.04
26071-450-M6-082-00031 0.99702388048172 3048.06 5145.31 3166.92 5145.26 3166.93 5177.39 3048.07 5177.45
26071-450-M6-082-00031 0.9965817332267761 3047.45 5664.93 3166.70 5664.60 3166.79 5696.68 3047.54 5697.02
26071-450-M6-082-00031 0.9962926506996155 2951.52 1932.30 3073.81 1932.18 3073.84 1963.70 2951.56 1963.82
26071-450-M6-082-00031 0.4633362293243408 4825.23 3707.78 4858.83 3707.71 4859.07 3828.45 4825.48 3828.51
26071-450-M6-082-00031 0.05063437297940254 3773.73 2836.67 3806.31 2836.37 3807.34 2947.48 3774.76 2947.78
26071-450-M6-082-00221 0.9990635514259338 7542.32 2288.03 7575.32 2288.00 7575.43 2411.98 7542.43 2412.00
26071-450-M6-082-00221 0.9987177848815918 7718.98 2406.21 7752.57 2406.17 7752.72 2530.53 7719.13 2530.57
26071-450-M6-082-00221 0.9985587000846863 7718.65 1107.82 7752.29 1107.80 7752.37 1231.25 7718.74 1231.27
26071-450-M6-082-00221 0.9984197616577148 7542.58 987.49 7575.21 987.53 7575.06 1112.09 7542.43 1112.05
26071-450-M6-082-00221 0.9977479577064514 7730.85 3707.59 7764.36 3707.65 7764.15 3827.32 7730.63 3827.26
26071-450-M6-082-00221 0.9973624348640442 7542.23 3585.87 7575.20 3585.80 7575.48 3710.31 7542.50 3710.38
26071-500-M6-059-00011 0.8253428339958191 5089.66 2393.72 5204.61 2391.99 5205.12 2425.99 5090.17 2427.73
26071-500-M6-059-00011 0.6338513493537903 5086.91 2179.08 5212.35 2180.08 5212.09 2212.77 5086.64 2211.77
26071-500-M6-059-00011 0.1393076479434967 5390.43 1886.51 5423.99 1885.82 5426.18 1992.69 5392.62 1993.38
26071-500-M6-059-00011 0.06637763977050781 4554.24 2096.19 4681.05 2094.45 4681.52 2128.71 4554.72 2130.46
26071-500-M6-059-00013 0.913557767868042 6242.95 2997.25 6277.19 2997.47 6276.40 3118.20 6242.16 3117.98
26071-500-M6-059-00017 0.6100490093231201 7011.52 4297.85 7044.66 4298.10 7043.76 4417.20 7010.62 4416.95
26071-500-M6-059-00017 0.3590850532054901 1772.79 4969.46 1892.42 4969.60 1892.38 5000.13 1772.75 4999.99
26071-500-M6-059-00017 0.3323836624622345 1770.61 5168.66 1892.81 5168.36 1892.89 5200.66 1770.69 5200.96
26071-500-M6-059-00017 0.07348514348268509 5789.22 5168.39 5918.43 5167.25 5918.72 5199.68 5789.51 5200.82
26071-500-M6-059-00040 0.8712809681892395 3579.51 2820.82 3604.88 2797.70 3658.99 2857.07 3633.63 2880.19
26071-500-M6-059-00040 0.8316596150398254 6007.43 3822.48 6039.77 3822.69 6038.97 3946.90 6006.63 3946.69
26071-500-M6-059-00040 0.2867802381515503 3518.77 3057.66 3586.24 2993.92 3608.95 3017.95 3541.47 3081.69
26071-500-M6-059-00044 0.9951125979423523 6493.64 999.00 6616.84 998.55 6616.95 1030.86 6493.75 1031.30
26071-500-M6-059-00044 0.9919824004173279 6943.06 1118.01 7065.54 1118.03 7065.53 1149.06 6943.06 1149.04
26071-500-M6-059-00044 0.06689714640378952 2705.98 4956.13 2773.00 4899.92 2801.73 4934.18 2734.71 4990.39
26071-500-M6-059-00071 0.6430515646934509 5677.78 3987.09 5711.00 3987.56 5709.13 4117.40 5675.91 4116.93
26071-500-M6-059-00071 0.06649726629257202 6314.26 2763.06 6348.45 2763.22 6347.93 2877.87 6313.74 2877.72
26071-500-M6-059-00248 0.06290393322706223 6612.34 6171.85 6725.66 6170.85 6725.97 6206.52 6612.65 6207.52
26071-550-M6-084-00026 0.9994145631790161 3112.55 3351.39 3146.15 3351.40 3146.14 3474.95 3112.54 3474.94
26071-550-M6-084-00026 0.9989000558853149 5002.54 2640.48 5035.49 2640.55 5035.23 2766.83 5002.28 2766.76
26071-550-M6-084-00026 0.9988260865211487 5462.58 3355.81 5496.71 3355.97 5496.15 3473.28 5462.03 3473.12
26071-550-M6-084-00026 0.998822033405304 2616.14 2642.62 2649.87 2642.62 2649.86 2765.37 2616.12 2765.37
26071-550-M6-084-00026 0.998822033405304 4353.12 3435.40 4386.20 3435.53 4385.73 3556.90 4352.64 3556.77
26071-550-M6-084-00026 0.998689591884613 1990.65 3437.96 2024.26 3438.12 2023.71 3556.26 1990.10 3556.11
26071-550-M6-084-00026 0.9979614019393921 5194.09 2805.23 5317.75 2805.46 5317.69 2838.49 5194.02 2838.25
26071-550-M6-084-00026 0.9964331388473511 2833.09 2853.54 2957.23 2853.62 2957.21 2885.50 2833.06 2885.41
26071-550-M6-084-00248 0.9988797307014465 3065.70 5006.94 3098.06 5007.03 3097.71 5127.10 3065.36 5127.01
26071-550-M6-084-00248 0.99868243932724 2628.09 5123.34 2661.32 5123.44 2660.94 5246.75 2627.71 5246.65
26071-550-M6-084-00248 0.9960353970527649 3779.81 2829.51 3900.98 2829.53 3900.97 2862.39 3779.81 2862.38
26071-550-M6-084-00248 0.9944522976875305 2596.90 3490.94 2721.36 3491.05 2721.33 3523.48 2596.87 3523.37
26071-550-M6-084-00248 0.9930524230003357 3129.40 3279.01 3251.02 3278.95 3251.04 3310.85 3129.42 3310.91
26071-550-M6-084-00248 0.6262961626052856 2912.52 2973.81 2944.24 2973.88 2943.97 3096.07 2912.25 3096.00
26071-600-M6-065-00021 0.6180595755577087 1591.41 1790.97 1716.22 1791.13 1716.18 1822.41 1591.37 1822.25
26071-600-M6-065-00021 0.09010110050439835 6668.90 4182.87 6701.05 4183.04 6700.49 4293.24 6668.34 4293.08
26071-600-M6-065-00037 0.9992899894714355 7045.55 4829.02 7079.53 4829.15 7079.07 4949.98 7045.09 4949.85
26071-600-M6-065-00037 0.998932421207428 3620.43 4829.15 3653.92 4829.30 3653.41 4950.34 3619.92 4950.20
26071-600-M6-065-00037 0.9988124370574951 5250.59 2703.89 5283.38 2703.93 5283.22 2824.56 5250.42 2824.51
26071-600-M6-065-00037 0.9986885190010071 1058.14 2904.29 1090.42 2904.22 1090.66 3023.71 1058.38 3023.78
26071-600-M6-065-00037 0.9986500144004822 7282.62 2584.62 7314.49 2584.64 7314.41 2706.51 7282.54 2706.49
26071-600-M6-065-00037 0.99850994348526 7658.98 2584.64 7692.09 2584.35 7693.14 2705.29 7660.04 2705.57
26071-600-M6-065-00037 0.9978522062301636 3407.86 5775.21 3440.91 5775.38 3440.28 5895.16 3407.23 5894.99
26071-600-M6-065-00037 0.9976488947868347 1695.85 776.63 1728.36 776.78 1727.80 900.53 1695.30 900.39
26071-600-M6-065-00037 0.9974247217178345 3221.58 2122.86 3345.60 2123.00 3345.57 2155.82 3221.55 2155.69
26071-600-M6-065-00037 0.997328519821167 1435.55 2904.48 1469.37 2904.45 1469.47 3023.20 1435.65 3023.22
26071-600-M6-065-00037 0.9969479441642761 7439.93 4814.38 7562.39 4814.44 7562.37 4847.38 7439.91 4847.32
26071-600-M6-065-00037 0.9964015483856201 2715.40 2298.52 2836.83 2298.76 2836.77 2330.09 2715.34 2329.85
26071-600-M6-065-00037 0.9963654279708862 5899.95 2393.13 6031.25 2393.20 6031.23 2425.20 5899.93 2425.13
26071-600-M6-065-00037 0.9961347579956055 4133.22 6066.53 4255.88 6066.56 4255.87 6098.74 4133.21 6098.71
26071-600-M6-065-00037 0.9957420229911804 2595.27 1896.55 2718.86 1896.62 2718.84 1928.90 2595.25 1928.83
26071-600-M6-065-00037 0.995328426361084 6022.07 2014.50 6145.23 2014.50 6145.23 2047.61 6022.06 2047.60
26071-600-M6-065-00037 0.9933944344520569 7441.53 5286.72 7562.29 5286.97 7562.22 5319.00 7441.46 5318.75
26071-600-M6-065-00037 0.9930017590522766 5548.83 2971.50 5672.02 2971.43 5672.05 3004.41 5548.85 3004.49
26071-600-M6-065-00037 0.9927020072937012 2182.58 1459.79 2307.78 1459.86 2307.76 1491.66 2182.57 1491.58
26071-600-M6-065-00037 0.9923573732376099 2006.74 775.70 2129.35 775.59 2129.37 807.14 2006.76 807.24
26071-600-M6-065-00037 0.5805065631866455 1518.50 4592.74 1552.60 4592.94 1551.90 4713.13 1517.79 4712.93
26071-600-M6-065-00037 0.5023317933082581 4824.86 4594.40 4858.15 4594.29 4858.56 4716.92 4825.27 4717.03
26071-600-M6-065-00231 0.9989274144172668 1755.12 4486.84 1788.52 4487.05 1787.74 4608.50 1754.34 4608.28
26071-600-M6-065-00231 0.998301088809967 6537.59 1461.55 6570.51 1461.51 6570.66 1582.85 6537.75 1582.89
26071-600-M6-065-00231 0.9981265664100647 6538.53 1934.42 6570.65 1934.46 6570.51 2057.24 6538.39 2057.21
26071-600-M6-065-00231 0.9979907274246216 6999.06 1462.91 7031.24 1462.91 7031.23 1584.28 6999.05 1584.28
26071-600-M6-065-00231 0.9968389272689819 4263.06 1860.93 4384.34 1860.98 4384.32 1893.44 4263.04 1893.39
26071-600-M6-065-00231 0.9962517619132996 3199.52 1861.09 3321.64 1861.05 3321.65 1893.11 3199.53 1893.15
26071-600-M6-065-00259 0.9977046847343445 8029.54 4436.49 8150.90 4436.28 8150.96 4468.73 8029.59 4468.94
26071-600-M6-065-00259 0.996945321559906 8030.90 5524.40 8152.59 5524.25 8152.63 5555.86 8030.94 5556.02
26071-600-M6-065-00259 0.9967713952064514 1062.55 2948.35 1183.65 2948.31 1183.66 2980.32 1062.56 2980.36
26071-600-M6-065-00259 0.9964799284934998 1064.33 1720.12 1184.12 1720.57 1183.99 1752.74 1064.20 1752.28
26071-600-M6-066-00002 0.9990122318267822 6773.70 2054.14 6806.76 2054.29 6806.23 2175.19 6773.17 2175.04
26071-600-M6-066-00012 0.715061366558075 5200.67 5581.15 5314.39 5580.88 5314.47 5613.47 5200.75 5613.74
26071-675-M6-068-00034 0.9987847208976746 6073.95 2240.29 6106.85 2240.48 6106.13 2365.29 6073.23 2365.10
26071-675-M6-068-00034 0.9987081289291382 6313.51 2240.77 6346.27 2240.91 6345.73 2365.39 6312.97 2365.25
26071-675-M6-068-00034 0.997524082660675 3282.91 1045.45 3316.45 1045.48 3316.35 1167.53 3282.81 1167.50
26071-675-M6-068-00034 0.9974159002304077 3478.88 1238.79 3601.12 1239.26 3601.00 1271.23 3478.76 1270.76
26071-675-M6-068-00034 0.9972013235092163 4017.02 1238.68 4139.41 1239.20 4139.27 1271.82 4016.88 1271.30
26071-675-M6-068-00034 0.9968398809432983 4014.44 938.67 4143.01 938.98 4142.93 971.72 4014.37 971.42
26071-675-M6-068-00034 0.9967164397239685 3792.96 747.16 3825.36 747.26 3824.97 868.62 3792.57 868.51
26071-675-M6-068-00034 0.9954364895820618 5503.37 2243.04 5536.89 2243.24 5536.15 2364.08 5502.63 2363.88
26071-675-M6-068-00034 0.31066375970840454 1723.54 5960.83 1755.94 5961.05 1755.05 6092.28 1722.65 6092.06
26071-675-M6-068-00034 0.23843632638454437 1468.24 4312.48 1500.83 4312.44 1500.99 4431.45 1468.40 4431.50
26071-700-M6-054-00013 0.9991395473480225 4068.36 5948.61 4102.53 5948.20 4104.03 6073.58 4069.85 6073.99
26071-700-M6-054-00013 0.9990959167480469 4068.31 2170.17 4102.56 2169.72 4104.21 2294.43 4069.96 2294.89
26071-700-M6-054-00013 0.9989989399909973 3266.15 5359.13 3298.90 5359.23 3298.50 5483.41 3265.75 5483.31
26071-700-M6-054-00013 0.9989738464355469 3266.31 5949.28 3299.28 5949.57 3298.21 6073.70 3265.25 6073.42
26071-700-M6-054-00013 0.9989223480224609 3880.78 4058.91 3913.73 4059.06 3913.14 4183.56 3880.19 4183.40
26071-700-M6-054-00013 0.9989054203033447 3880.89 2167.89 3914.09 2168.03 3913.54 2294.57 3880.34 2294.43
26071-700-M6-054-00013 0.9988846182823181 3880.71 1577.83 3914.00 1577.95 3913.54 1703.10 3880.25 1702.98
26071-700-M6-054-00013 0.9988222718238831 3266.33 2171.85 3299.27 2172.15 3298.15 2294.29 3265.21 2293.99
26071-700-M6-054-00013 0.9988158941268921 4069.69 5356.35 4102.69 5356.58 4101.80 5484.11 4068.81 5483.88
26071-700-M6-054-00013 0.9988043308258057 4068.36 3469.89 4102.83 3469.49 4104.27 3592.89 4069.80 3593.29
26071-700-M6-054-00013 0.9987655878067017 3880.72 5359.24 3913.85 5359.40 3913.27 5483.61 3880.14 5483.46
26071-700-M6-054-00013 0.9985054731369019 3880.76 5951.58 3914.15 5951.82 3913.29 6073.42 3879.90 6073.18
26071-700-M6-054-00013 0.9984488487243652 3266.82 4058.40 3299.33 4058.75 3298.00 4183.71 3265.49 4183.37
26071-700-M6-054-00013 0.998420238494873 4069.88 1577.10 4102.61 1577.32 4101.75 1703.63 4069.02 1703.41
26071-700-M6-054-00013 0.998384952545166 3266.53 1578.62 3298.78 1578.81 3298.03 1703.66 3265.78 1703.47
26071-700-M6-054-00013 0.9983071088790894 3266.40 3470.91 3299.17 3471.20 3298.09 3592.79 3265.32 3592.50
26071-700-M6-054-00013 0.998264491558075 3880.83 3472.00 3913.98 3472.23 3913.14 3592.09 3880.00 3591.86
26071-700-M6-054-00013 0.9981433153152466 4069.68 4059.29 4103.18 4059.42 4102.66 4185.18 4069.16 4185.04
26071-700-M6-054-00036 0.999333918094635 4363.91 5301.14 4397.63 5301.20 4397.41 5422.76 4363.69 5422.70
26071-700-M6-054-00036 0.9992750287055969 6301.89 5784.10 6335.31 5784.37 6334.31 5909.09 6300.89 5908.82
26071-700-M6-054-00036 0.9992017149925232 6302.08 5548.01 6335.33 5548.30 6334.27 5672.45 6301.02 5672.16
26071-700-M6-054-00036 0.9991279244422913 6490.00 5552.21 6523.67 5552.19 6523.74 5670.16 6490.07 5670.19
26071-700-M6-054-00036 0.999042809009552 6773.82 2877.56 6807.13 2877.56 6807.12 3002.31 6773.81 3002.31
26071-700-M6-054-00036 0.9990296363830566 5757.95 5548.59 5791.44 5548.65 5791.21 5671.84 5757.72 5671.77
26071-700-M6-054-00036 0.9986594915390015 3703.50 4061.47 3736.48 4061.59 3736.04 4183.10 3703.06 4182.98
26071-700-M6-054-00036 0.9982455968856812 5946.86 5551.84 5980.35 5551.93 5980.01 5672.24 5946.51 5672.15
26071-700-M6-054-00036 0.9978047013282776 4128.25 4532.07 4161.86 4532.20 4161.37 4655.98 4127.76 4655.84
26071-750-M6-085-00012 0.5848699808120728 1595.76 4235.97 1716.48 4235.62 1716.57 4267.24 1595.85 4267.59
26071-750-M6-085-00012 0.0878109559416771 6086.13 1991.57 6204.84 1992.63 6204.57 2023.42 6085.85 2022.35
26071-750-M6-085-00012 0.06427536904811859 1161.94 2366.02 1197.09 2365.36 1198.65 2448.09 1163.50 2448.75
26071-750-M6-085-00286 0.9985665678977966 6200.17 2405.12 6321.23 2405.31 6321.19 2436.69 6200.12 2436.50
26071-750-M6-085-00286 0.9981971383094788 5370.55 2405.28 5494.75 2405.58 5494.67 2436.94 5370.48 2436.65
26071-750-M6-085-00286 0.9974651336669922 6201.30 2157.06 6321.45 2156.66 6321.56 2188.23 6201.41 2188.63
26071-750-M6-085-00286 0.9962069988250732 5372.99 2156.63 5495.66 2156.47 5495.70 2188.65 5373.04 2188.81
