26071-200-M6-052-00150 0.15296036005020142 5698.99 5927.34 5711.62 5927.32 5711.70 5976.73 5699.07 5976.75
26071-200-M6-052-00150 0.06330908834934235 2581.04 3092.89 2596.45 3092.79 2596.76 3141.21 2581.35 3141.31
26071-200-M6-062-00276 0.2722811698913574 3580.59 4051.59 3625.73 4050.76 3626.10 4070.56 3580.96 4071.39
26071-200-M6-062-00276 0.07819227129220963 2382.56 1390.82 2436.01 1385.24 2436.95 1394.25 2383.50 1399.82
26071-200-M6-062-00277 0.20963266491889954 6777.00 4611.08 6808.81 4579.79 6811.99 4583.02 6780.18 4614.31
26071-200-M6-062-00277 0.0629817470908165 5271.66 3172.75 5275.97 3176.72 5244.72 3210.70 5240.40 3206.73
26071-203-M6-060-00006 0.0747753381729126 3294.25 3035.31 3308.42 3035.26 3308.59 3081.78 3294.42 3081.83
26071-203-M6-060-00006 0.057776905596256256 7261.15 4375.83 7312.10 4375.50 7312.27 4400.86 7261.32 4401.20
26071-203-M6-079-00001 0.09137659519910812 2483.76 5926.70 2496.14 5926.70 2496.15 5974.61 2483.76 5974.62
26071-203-M6-320-00008 0.19968460500240326 4195.95 4142.09 4210.66 4141.93 4211.19 4188.91 4196.48 4189.07
26071-203-M6-325-00012 0.0822569727897644 8196.13 3032.54 8208.82 3032.49 8208.99 3078.86 8196.30 3078.90
26071-203-M6-325-00012 0.07514560967683792 8195.32 2401.77 8207.92 2401.74 8208.02 2447.89 8195.42 2447.92
26071-203-M6-325-00012 0.05935020372271538 8196.10 4352.39 8208.71 4352.34 8208.90 4398.98 8196.28 4399.03
26071-203-M6-332-00001 0.08536551147699356 2986.74 2554.86 3074.80 2553.92 3075.28 2598.04 2987.21 2598.99
26071-203-M6-332-00001 0.08077670633792877 5087.03 2555.01 5174.25 2554.05 5174.74 2598.24 5087.52 2599.20
26071-203-M6-332-00001 0.07110393792390823 5510.21 2561.94 5594.08 2561.55 5594.27 2603.96 5510.41 2604.35
26071-203-M6-332-00001 0.055543940514326096 3411.07 2561.63 3490.15 2561.43 3490.26 2604.33 3411.18 2604.53
26071-203-M6-333-00010 0.059531014412641525 4205.51 2912.54 4218.28 2912.46 4218.58 2958.47 4205.81 2958.56
26071-300-M6-053-00012 0.07288798689842224 5067.19 3490.69 5117.34 3489.58 5117.72 3506.21 5067.56 3507.33
26071-500-M6-059-00040 0.2556415796279907 3095.57 3020.96 3129.47 2990.88 3135.30 2997.46 3101.41 3027.54
26071-500-M6-059-00040 0.09394551813602448 1333.95 2504.38 1349.91 2504.24 1350.30 2550.81 1334.33 2550.94
26071-500-M6-059-00044 0.1653866320848465 7078.29 4806.90 7094.51 4806.89 7094.54 4851.69 7078.33 4851.70
26071-550-M6-084-00026 0.10833912342786789 7545.32 4960.10 7558.63 4960.05 7558.77 5003.33 7545.46 5003.38
26071-550-M6-084-00026 0.10754294693470001 4253.76 3496.45 4287.89 3466.06 4292.23 3470.95 4258.11 3501.34
26071-550-M6-084-00026 0.07512860000133514 7540.55 3472.77 7554.66 3472.64 7555.05 3518.20 7540.95 3518.32
26071-600-M6-065-00037 0.06129229813814163 6978.56 4511.50 6992.27 4511.44 6992.45 4557.66 6978.74 4557.72
26071-600-M6-065-00231 0.05494757741689682 1646.94 4461.85 1659.20 4461.79 1659.44 4511.08 1647.18 4511.14
26071-675-M6-068-10002 0.32569336891174316 781.91 4024.28 799.65 4024.20 799.83 4066.96 782.09 4067.04
26071-675-M6-068-10002 0.1890728920698166 781.69 2373.29 799.40 2373.25 799.50 2416.93 781.79 2416.97
26071-675-M6-068-10002 0.10016367584466934 782.28 5673.46 800.51 5673.41 800.62 5716.71 782.39 5716.75
