26071-200-M6-052-00001 0.9919762015342712 1693.29 978.97 2035.47 979.33 2035.38 1061.31 1693.21 1060.94
26071-200-M6-052-00001 0.9863609075546265 5951.14 1841.68 6279.28 1842.26 6279.18 1898.16 5951.04 1897.58
26071-200-M6-052-00001 0.9276209473609924 1283.59 5919.54 1515.78 5918.83 1516.11 6027.64 1283.93 6028.36
26071-200-M6-052-00001 0.34136876463890076 3238.48 5264.71 3490.52 5264.06 3490.68 5328.28 3238.64 5328.93
26071-200-M6-052-00001 0.3330661356449127 3241.61 5370.89 3352.32 5363.86 3361.92 5515.08 3251.22 5522.12
26071-200-M6-052-00001 0.13777607679367065 2655.07 5942.92 2694.17 5942.93 2694.15 6253.97 2655.05 6253.97
26071-200-M6-052-00002 0.9937884211540222 6261.08 1298.71 6605.46 1298.34 6605.52 1359.23 6261.15 1359.59
26071-200-M6-052-00002 0.9335819482803345 906.86 6118.20 1193.78 6118.98 1193.65 6163.96 906.74 6163.17
26071-200-M6-052-00002 0.9308019876480103 6888.04 5699.81 6964.18 5700.24 6963.38 5841.58 6887.24 5841.15
26071-200-M6-052-00002 0.9024298787117004 1148.99 6119.97 1449.46 6120.15 1449.44 6162.68 1148.97 6162.50
26071-200-M6-052-00002 0.8809545040130615 2748.43 6117.07 3070.80 6118.27 3070.64 6160.32 2748.27 6159.12
26071-200-M6-052-00002 0.8165037631988525 3893.33 4837.30 4067.45 4837.71 4067.23 4932.78 3893.11 4932.37
26071-200-M6-052-00002 0.49643436074256897 3052.44 6115.61 3359.61 6115.96 3359.56 6160.06 3052.39 6159.72
26071-200-M6-052-00002 0.09854716807603836 5510.06 4334.51 5605.56 4328.56 5610.80 4412.67 5515.30 4418.62
26071-200-M6-052-00002 0.07892756909132004 4465.75 2846.18 4566.72 2844.62 4567.83 2915.97 4466.85 2917.53
26071-200-M6-052-00002 0.07739640027284622 3246.80 5670.33 3290.95 5670.57 3289.63 5913.10 3245.48 5912.86
26071-200-M6-052-00002 0.07057743519544601 908.69 5695.67 946.69 5695.66 946.73 6047.78 908.72 6047.78
26071-200-M6-052-00002 0.06071297079324722 6888.93 6093.28 7068.75 6086.25 7074.25 6226.74 6894.43 6233.77
26071-200-M6-052-00002 0.051814839243888855 1790.03 990.06 1821.40 989.21 1824.70 1109.78 1793.33 1110.64
26071-200-M6-052-00003 0.9958403706550598 3370.79 3366.62 3724.95 3366.77 3724.93 3434.77 3370.77 3434.62
26071-200-M6-052-00003 0.9956179857254028 2861.16 2351.83 3030.88 2352.81 3030.21 2468.70 2860.49 2467.72
26071-200-M6-052-00003 0.9940477609634399 4564.44 2033.96 4804.51 2033.81 4804.55 2087.76 4564.47 2087.91
26071-200-M6-052-00003 0.9934396147727966 6070.21 3242.67 6410.04 3241.51 6410.29 3316.12 6070.47 3317.28
26071-200-M6-052-00003 0.9841327667236328 6019.54 2367.87 6365.48 2368.57 6365.39 2410.84 6019.46 2410.14
26071-200-M6-052-00003 0.9791727066040039 1550.26 2586.49 1865.35 2588.69 1864.35 2731.85 1549.26 2729.65
26071-200-M6-052-00003 0.9751021862030029 6262.29 1601.37 6615.70 1599.75 6615.94 1652.22 6262.53 1653.84
26071-200-M6-052-00003 0.9098645448684692 4989.19 6145.06 5327.67 6145.92 5327.53 6201.69 4989.04 6200.83
26071-200-M6-052-00003 0.36391422152519226 5052.06 6009.06 5265.38 6009.04 5265.39 6167.24 5052.07 6167.25
26071-200-M6-052-00003 0.33718928694725037 5847.77 2828.32 5959.96 2827.08 5961.02 2924.09 5848.84 2925.32
26071-200-M6-052-00003 0.05202915519475937 5162.26 2513.07 5287.32 2516.28 5284.71 2617.85 5159.65 2614.64
26071-200-M6-052-00080 0.996364414691925 2444.35 5063.89 2620.05 5063.56 2620.23 5157.97 2444.53 5158.31
26071-200-M6-052-00080 0.9950469732284546 3156.43 1356.08 3315.04 1356.33 3314.89 1449.67 3156.29 1449.43
26071-200-M6-052-00080 0.9936356544494629 6574.17 1357.81 6740.61 1357.44 6740.81 1448.20 6574.36 1448.56
26071-200-M6-052-00080 0.9930815100669861 5870.94 5064.51 6045.98 5063.87 6046.32 5158.08 5871.28 5158.71
26071-200-M6-052-00080 0.9919254183769226 3101.92 5221.71 3273.38 5222.54 3272.95 5312.16 3101.48 5311.33
26071-200-M6-052-00080 0.9914171099662781 3643.65 2081.15 3709.86 2081.59 3708.04 2356.80 3641.83 2356.36
26071-200-M6-052-00080 0.990962564945221 6524.75 5173.61 6700.83 5174.25 6700.49 5266.91 6524.42 5266.27
26071-200-M6-052-00080 0.9900895357131958 7066.57 2022.83 7135.54 2022.83 7135.50 2374.40 7066.53 2374.39
26071-200-M6-052-00080 0.9835366606712341 2149.45 6385.94 2435.34 6386.28 2435.26 6450.60 2149.37 6450.26
26071-200-M6-052-00080 0.13941729068756104 3601.71 2617.24 3720.88 2617.82 3720.72 2651.34 3601.55 2650.77
26071-200-M6-052-00080 0.11980535835027695 3601.70 2427.26 3721.52 2427.95 3721.32 2462.29 3601.50 2461.60
26071-200-M6-052-00080 0.09784214198589325 6780.92 1504.85 6893.15 1505.08 6893.08 1542.47 6780.84 1542.24
26071-200-M6-052-00080 0.09551576524972916 3354.75 1505.48 3470.23 1506.48 3469.92 1542.70 3354.44 1541.70
26071-200-M6-052-00080 0.0932408943772316 6046.21 5019.04 6128.47 5018.85 6128.68 5111.57 6046.42 5111.76
26071-200-M6-052-00080 0.07527553290128708 2963.00 2853.17 3104.73 2841.81 3110.54 2914.24 2968.81 2925.61
26071-200-M6-052-00080 0.07313559949398041 2566.73 6656.11 2627.50 6656.67 2626.57 6757.55 2565.81 6756.99
26071-200-M6-052-00080 0.06808391958475113 7028.21 2427.92 7149.06 2427.67 7149.12 2460.17 7028.27 2460.42
26071-200-M6-052-00090 0.9959322810173035 3222.53 4203.61 3392.52 4204.27 3392.15 4298.07 3222.16 4297.41
26071-200-M6-052-00090 0.9950323104858398 6232.88 4204.25 6401.33 4203.40 6401.79 4294.27 6233.34 4295.12
26071-200-M6-052-00090 0.9943325519561768 2009.66 4415.85 2184.84 4416.03 2184.74 4512.79 2009.56 4512.61
26071-200-M6-052-00090 0.993809163570404 5020.99 4416.17 5197.30 4416.39 5197.18 4512.03 5020.88 4511.81
26071-200-M6-052-00090 0.9913603663444519 6525.33 2100.24 6694.13 2100.03 6694.25 2196.98 6525.45 2197.19
26071-200-M6-052-00090 0.9893609881401062 3088.40 1970.32 3156.76 1970.44 3156.24 2260.32 3087.88 2260.20
26071-200-M6-052-00090 0.9856095910072327 5882.48 4126.91 5954.43 4126.89 5954.50 4435.93 5882.55 4435.94
26071-200-M6-052-00090 0.9845426082611084 6165.98 2075.73 6224.84 2075.85 6224.25 2379.16 6165.39 2379.04
26071-200-M6-052-00090 0.9838780164718628 2873.49 4112.41 2937.64 4112.54 2937.00 4435.71 2872.85 4435.59
26071-200-M6-052-00090 0.9832155108451843 3219.22 1028.49 3395.95 1027.94 3396.23 1118.20 3219.50 1118.75
26071-200-M6-052-00090 0.9830974340438843 7296.72 4532.04 7397.83 4533.10 7395.88 4719.65 7294.77 4718.59
26071-200-M6-052-00090 0.9828510284423828 6784.46 1181.18 7085.32 1181.37 7085.27 1253.39 6784.42 1253.20
26071-200-M6-052-00090 0.9824236631393433 2863.00 5973.03 3132.58 5973.24 3132.53 6035.69 2862.95 6035.48
26071-200-M6-052-00090 0.7685917019844055 5843.71 5816.25 5933.10 5816.82 5932.81 5863.19 5843.42 5862.63
26071-200-M6-052-00090 0.7665308117866516 5829.45 5678.04 5944.84 5677.87 5945.07 5833.20 5829.68 5833.37
26071-200-M6-052-00090 0.5546184778213501 2514.48 6400.65 2559.17 6401.00 2557.40 6626.51 2512.71 6626.16
26071-200-M6-052-00090 0.4811106026172638 6552.27 2923.00 6596.01 2923.42 6594.52 3075.49 6550.79 3075.06
26071-200-M6-052-00090 0.36544933915138245 5465.13 3477.35 5521.13 3477.82 5519.94 3618.28 5463.93 3617.81
26071-200-M6-052-00090 0.3306547999382019 3468.84 1094.39 3515.10 1094.68 3514.06 1257.61 3467.80 1257.32
26071-200-M6-052-00090 0.1890840381383896 6795.73 1285.44 6832.94 1285.61 6832.40 1405.78 6795.19 1405.62
26071-200-M6-052-00090 0.1355213075876236 7316.12 4697.39 7379.06 4697.39 7379.06 4713.60 7316.12 4713.60
26071-200-M6-052-00090 0.12697458267211914 3599.34 6051.44 3631.64 6051.78 3630.03 6206.35 3597.72 6206.02
26071-200-M6-052-00090 0.10724535584449768 3188.74 2427.84 3307.71 2427.85 3307.71 2459.47 3188.74 2459.46
26071-200-M6-052-00090 0.08992496877908707 6358.78 4937.95 6397.19 4938.36 6394.40 5196.88 6355.99 5196.47
26071-200-M6-052-00090 0.08218161761760712 2029.55 4168.84 2135.74 4167.20 2137.75 4296.35 2031.56 4298.00
26071-200-M6-052-00090 0.0674494057893753 5929.61 5186.34 5970.10 5186.46 5969.70 5323.99 5929.20 5323.87
26071-200-M6-052-00090 0.0668957531452179 3124.38 6067.49 3161.69 6067.61 3161.30 6183.04 3123.98 6182.92
26071-200-M6-052-00090 0.0627715066075325 6155.41 3732.44 6222.97 3733.50 6221.95 3798.46 6154.39 3797.40
26071-200-M6-052-00090 0.06136050447821617 5022.23 4175.29 5157.18 4171.36 5160.73 4293.03 5025.77 4296.97
26071-200-M6-052-00090 0.056263260543346405 3316.47 6061.74 3349.22 6061.83 3348.85 6198.27 3316.10 6198.18
26071-200-M6-052-00090 0.05356433615088463 5664.82 2411.09 5757.60 2412.46 5755.70 2541.75 5662.91 2540.38
26071-200-M6-052-00090 0.053509391844272614 3187.13 2239.43 3308.94 2239.58 3308.90 2271.68 3187.09 2271.53
26071-200-M6-052-00093 0.9962388277053833 5359.32 2064.49 5683.09 2064.22 5683.15 2136.06 5359.38 2136.33
26071-200-M6-052-00093 0.9962127208709717 6811.19 4602.48 7123.93 4603.35 7123.73 4676.03 6810.99 4675.17
26071-200-M6-052-00093 0.8777891993522644 2188.94 2885.57 2259.95 2886.32 2258.77 2996.84 2187.76 2996.08
26071-200-M6-052-00093 0.8584400415420532 2187.43 2280.04 2257.31 2280.59 2256.17 2425.19 2186.29 2424.64
26071-200-M6-052-00093 0.7897939085960388 5299.61 3244.74 5368.59 3245.38 5367.57 3353.86 5298.60 3353.22
26071-200-M6-052-00093 0.7876991033554077 2175.26 2558.34 2255.33 2559.06 2253.73 2737.15 2173.66 2736.43
26071-200-M6-052-00093 0.7403584718704224 5301.59 3828.71 5365.22 3829.11 5364.54 3935.67 5300.91 3935.26
26071-200-M6-052-00093 0.7379006147384644 5297.70 3527.66 5391.45 3527.89 5391.12 3663.60 5297.37 3663.37
26071-200-M6-052-00093 0.12829026579856873 5213.96 5566.96 5326.81 5568.22 5325.83 5655.45 5212.99 5654.19
26071-200-M6-052-00093 0.11035113781690598 6772.77 3585.50 6805.14 3585.63 6804.69 3696.74 6772.31 3696.61
26071-200-M6-052-00093 0.08454024791717529 6898.11 3456.26 6968.93 3457.47 6966.36 3607.14 6895.55 3605.93
26071-200-M6-052-00093 0.05029936879873276 2468.32 4207.83 2517.87 4208.14 2516.74 4392.52 2467.18 4392.22
26071-200-M6-052-00150 0.9977535605430603 1487.39 2438.17 1609.50 2438.06 1609.60 2545.78 1487.49 2545.89
26071-200-M6-052-00150 0.13308678567409515 5522.78 5836.29 5583.34 5836.93 5581.99 5965.91 5521.43 5965.27
26071-200-M6-052-00150 0.13143068552017212 4222.13 5837.95 4285.97 5838.30 4285.23 5973.20 4221.39 5972.85
26071-200-M6-052-00150 0.10850369930267334 2931.15 4254.51 2993.49 4254.81 2991.98 4572.82 2929.64 4572.52
26071-200-M6-052-00150 0.09136415272951126 2763.08 2991.29 2887.91 2992.55 2886.80 3102.15 2761.97 3100.89
26071-200-M6-052-00150 0.06017843633890152 6160.00 3593.26 6209.38 3593.94 6207.97 3696.19 6158.60 3695.51
26071-200-M6-052-00539 0.997901439666748 2828.48 2809.47 3037.66 2807.96 3038.20 2883.32 2829.02 2884.83
26071-200-M6-052-00539 0.9973694086074829 2428.72 1457.62 2550.09 1458.67 2549.18 1563.94 2427.81 1562.88
26071-200-M6-052-00539 0.9956855773925781 3490.66 1453.08 3613.80 1453.84 3613.11 1565.72 3489.97 1564.96
26071-200-M6-052-00539 0.9876686930656433 4537.72 1786.76 4606.01 1787.03 4605.46 1928.78 4537.17 1928.51
26071-200-M6-052-00539 0.31516915559768677 1776.24 4543.24 1916.28 4543.07 1916.46 4695.08 1776.42 4695.24
26071-200-M6-052-00539 0.2605423629283905 4532.18 1908.85 4592.11 1909.48 4591.30 1985.83 4531.37 1985.19
26071-200-M6-052-00540 0.08104056864976883 5412.71 4496.45 5450.06 4496.41 5450.16 4598.76 5412.80 4598.80
26071-200-M6-052-00540 0.07268232852220535 2732.62 4485.78 2770.91 4485.93 2770.46 4601.35 2732.17 4601.20
26071-200-M6-052-00544 0.9963625073432922 7833.19 4250.50 7912.82 4250.85 7912.40 4346.24 7832.77 4345.89
26071-200-M6-052-00544 0.16882745921611786 4024.85 3971.26 4109.81 3971.53 4109.60 4037.77 4024.64 4037.50
26071-200-M6-052-00544 0.1274462640285492 6217.47 3901.38 6306.98 3901.72 6304.53 4539.86 6215.02 4539.52
26071-200-M6-052-00544 0.09372153133153915 6745.45 3881.43 6836.81 3881.54 6836.04 4537.63 6744.68 4537.52
26071-200-M6-052-00544 0.07710187137126923 4283.48 3985.25 4371.05 3985.11 4371.22 4088.61 4283.65 4088.76
26071-200-M6-052-00552 0.9958621263504028 4215.44 3919.50 4532.38 3918.41 4532.70 4010.97 4215.76 4012.05
26071-200-M6-052-00552 0.9725661873817444 3393.68 2861.48 3670.40 2861.35 3670.44 2939.74 3393.72 2939.88
26071-200-M6-052-00552 0.26981121301651 4233.53 2424.32 4342.15 2420.87 4345.02 2511.23 4236.40 2514.68
26071-200-M6-062-00276 0.9962977766990662 6403.70 4466.42 6698.18 4464.50 6698.93 4579.74 6404.45 4581.66
26071-200-M6-062-00276 0.1425616592168808 1675.61 3126.43 1733.68 3125.90 1734.88 3258.61 1676.81 3259.14
26071-200-M6-062-00277 0.998847484588623 2927.75 4241.19 3110.14 4240.22 3110.76 4355.05 2928.37 4356.03
26071-200-M6-062-00277 0.998603880405426 1865.95 4241.60 2047.07 4240.84 2047.54 4354.15 1866.43 4354.91
26071-200-M6-062-00277 0.9984361529350281 2218.48 4240.52 2400.59 4239.74 2401.09 4355.49 2218.98 4356.26
26071-200-M6-062-00277 0.998245120048523 2574.26 4239.06 2755.87 4239.98 2755.28 4356.94 2573.67 4356.02
26071-200-M6-062-00277 0.997975766658783 5171.47 5304.49 5346.89 5303.57 5347.47 5416.20 5172.05 5417.11
26071-200-M6-062-00277 0.9979236125946045 6234.55 5305.96 6406.96 5304.63 6407.82 5417.32 6235.42 5418.65
26071-200-M6-062-00277 0.9978610873222351 3756.20 5304.07 3926.56 5303.91 3926.66 5418.25 3756.30 5418.40
26071-200-M6-062-00277 0.9978291392326355 5644.76 5306.95 5817.65 5305.76 5818.41 5415.52 5645.51 5416.70
26071-200-M6-062-00277 0.997821569442749 4699.31 5305.09 4874.23 5304.26 4874.77 5416.27 4699.85 5417.10
26071-200-M6-062-00277 0.9977549910545349 4228.67 5304.76 4396.55 5304.78 4396.54 5418.45 4228.67 5418.44
26071-200-M6-062-00277 0.9977524876594543 1864.23 2353.35 2043.59 2352.65 2044.03 2465.60 1864.67 2466.31
26071-200-M6-062-00277 0.9976181387901306 4080.31 3037.65 4428.93 3038.95 4428.63 3119.41 4080.01 3118.11
26071-200-M6-062-00277 0.9976019263267517 2571.65 2352.18 2757.22 2350.55 2758.21 2462.86 2572.63 2464.48
26071-200-M6-062-00277 0.9975761771202087 3274.50 2349.80 3453.70 2349.56 3453.85 2461.29 3274.65 2461.54
26071-200-M6-062-00277 0.9973756074905396 2921.81 2352.44 3095.75 2352.82 3095.50 2465.50 2921.57 2465.12
26071-200-M6-062-00277 0.997366726398468 2219.39 2351.23 2399.22 2351.12 2399.29 2465.61 2219.46 2465.72
26071-200-M6-062-00277 0.9969959259033203 783.86 3626.52 1108.42 3626.86 1108.35 3697.33 783.79 3696.99
26071-200-M6-062-00277 0.9968079924583435 4085.79 2328.53 4425.94 2329.80 4425.64 2410.77 4085.49 2409.50
26071-200-M6-062-00277 0.9966289401054382 7265.98 2920.04 7617.76 2919.83 7617.80 3000.04 7266.03 3000.26
26071-200-M6-062-00277 0.9965490102767944 4076.48 1622.21 4425.32 1622.40 4425.27 1700.30 4076.44 1700.12
26071-200-M6-062-00277 0.9964248538017273 7265.93 2210.72 7617.23 2210.65 7617.25 2291.69 7265.95 2291.77
26071-200-M6-062-00277 0.9963744282722473 7265.40 3273.34 7618.42 3273.12 7618.47 3353.81 7265.45 3354.02
26071-200-M6-062-00277 0.9963405728340149 5622.01 1623.30 5955.83 1622.22 5956.08 1700.56 5622.27 1701.64
26071-200-M6-062-00277 0.9962872266769409 4076.26 3392.61 4429.91 3393.76 4429.65 3473.00 4076.00 3471.85
26071-200-M6-062-00277 0.9959990978240967 4078.17 2683.98 4423.61 2684.37 4423.52 2763.10 4078.08 2762.72
26071-200-M6-062-00277 0.9959640502929688 7272.67 1621.98 7611.93 1620.00 7612.40 1700.85 7273.14 1702.83
26071-200-M6-062-00277 0.9959622025489807 7271.76 3629.56 7616.60 3628.60 7616.82 3707.83 7271.98 3708.79
26071-200-M6-062-00277 0.9959586262702942 5624.26 2920.56 5954.67 2919.81 5954.85 3000.35 5624.45 3001.10
26071-200-M6-062-00277 0.9959537982940674 4078.10 1976.56 4423.36 1976.90 4423.29 2054.24 4078.03 2053.90
26071-200-M6-062-00277 0.9959290623664856 7269.84 3982.38 7616.86 3981.65 7617.03 4061.65 7270.01 4062.39
26071-200-M6-062-00277 0.9958876967430115 5625.12 2567.18 5956.12 2566.69 5956.24 2647.15 5625.24 2647.64
26071-200-M6-062-00277 0.9957422614097595 5625.01 1977.15 5953.71 1975.80 5954.03 2053.67 5625.34 2055.02
26071-200-M6-062-00277 0.9952874183654785 7272.83 2566.55 7612.22 2564.60 7612.68 2645.14 7273.29 2647.08
26071-200-M6-062-00277 0.9947798252105713 7271.12 4337.21 7611.08 4335.01 7611.60 4416.35 7271.65 4418.56
26071-200-M6-062-00277 0.30518898367881775 2874.02 4245.55 2941.06 4245.88 2940.52 4354.61 2873.48 4354.28
26071-200-M6-062-00277 0.23462213575839996 1809.90 4247.48 1875.00 4248.05 1874.16 4344.57 1809.06 4344.00
26071-200-M6-062-00277 0.2311774045228958 3693.88 5307.08 3777.19 5307.55 3776.57 5419.17 3693.26 5418.70
26071-200-M6-062-00277 0.22272109985351562 2166.84 4242.55 2227.97 4242.68 2227.73 4352.57 2166.60 4352.43
26071-200-M6-062-00277 0.20604969561100006 1810.52 2354.50 1875.14 2355.09 1874.22 2457.37 1809.59 2456.78
26071-200-M6-062-00277 0.19741669297218323 2520.83 4243.39 2581.90 4243.53 2581.64 4353.45 2520.57 4353.30
26071-200-M6-062-00277 0.19577568769454956 3223.56 2350.49 3298.28 2351.12 3297.27 2469.92 3222.55 2469.28
26071-200-M6-062-00277 0.19398489594459534 5113.48 5306.92 5187.22 5307.39 5186.50 5420.07 5112.77 5419.60
26071-200-M6-062-00277 0.19188059866428375 2512.37 2356.50 2595.31 2356.88 2594.81 2467.61 2511.87 2467.23
26071-200-M6-062-00277 0.1910361647605896 2160.71 2355.29 2244.22 2355.65 2243.74 2466.86 2160.23 2466.51
26071-200-M6-062-00277 0.16453883051872253 4165.96 5304.94 4251.18 5305.40 4250.57 5418.63 4165.35 5418.17
26071-200-M6-062-00277 0.162181556224823 5586.34 5306.56 5659.00 5307.03 5658.26 5420.89 5585.60 5420.42
26071-200-M6-062-00277 0.14584451913833618 6177.62 5305.85 6251.17 5306.28 6250.52 5418.87 6176.97 5418.44
26071-200-M6-062-00277 0.08823156356811523 4645.48 5303.31 4708.84 5303.84 4707.90 5415.59 4644.54 5415.06
26071-200-M6-063-00010 0.994899332523346 5558.20 5991.18 5868.69 5990.40 5868.94 6091.27 5558.46 6092.05
26071-200-M6-063-00010 0.9934648871421814 4506.24 2452.65 4610.39 2453.02 4610.03 2554.33 4505.87 2553.95
26071-200-M6-063-00010 0.9911823272705078 6811.66 1972.94 7135.81 1973.86 7135.32 2149.45 6811.16 2148.53
26071-200-M6-063-00010 0.12337946146726608 3278.11 4083.96 3385.04 4086.40 3381.08 4260.42 3274.15 4257.99
26071-200-M6-063-00010 0.11067356169223785 6902.01 1774.82 7029.62 1777.57 7027.07 1895.92 6899.45 1893.16
26071-200-M6-063-00010 0.05073019117116928 4615.16 2496.69 4757.09 2497.75 4756.69 2552.04 4614.76 2550.98
26071-203-M6-060-00001 0.9979648590087891 2091.95 5640.09 2388.44 5637.76 2389.41 5760.17 2092.91 5762.51
26071-203-M6-060-00001 0.9977158308029175 2093.41 4694.37 2375.90 4692.95 2376.52 4815.17 2094.02 4816.59
26071-203-M6-060-00001 0.9946658611297607 2204.84 4008.41 2391.78 4010.47 2390.67 4111.07 2203.73 4109.01
26071-203-M6-060-00001 0.9793736934661865 1401.39 3558.32 1641.05 3558.93 1640.93 3608.12 1401.27 3607.51
26071-203-M6-060-00001 0.9599937796592712 1401.12 2609.21 1644.13 2608.49 1644.29 2661.72 1401.28 2662.44
26071-203-M6-060-00001 0.928766131401062 1370.22 1258.09 1714.06 1258.50 1713.87 1414.56 1370.03 1414.16
26071-203-M6-060-00001 0.8525872826576233 1829.77 6128.51 1878.31 6128.52 1878.29 6226.39 1829.75 6226.38
26071-203-M6-060-00001 0.8128377199172974 1408.97 3491.74 1637.03 3490.43 1637.48 3569.85 1409.43 3571.16
26071-203-M6-060-00001 0.11406318843364716 2175.53 2365.99 2353.86 2368.29 2352.28 2490.59 2173.95 2488.28
26071-203-M6-060-00001 0.0844850167632103 1870.19 6176.64 2021.66 6176.90 2021.57 6225.17 1870.10 6224.91
26071-203-M6-060-00001 0.0768604427576065 1458.55 2568.06 1608.55 2565.32 1609.44 2614.01 1459.44 2616.74
26071-203-M6-060-00006 0.9967741370201111 2964.57 2394.95 3146.39 2393.49 3147.26 2501.44 2965.43 2502.90
26071-203-M6-060-00006 0.9953370094299316 5468.25 2514.39 5638.96 2512.87 5639.88 2616.81 5469.18 2618.33
26071-203-M6-060-00006 0.977421224117279 3861.96 4356.93 4131.91 4356.84 4131.93 4406.48 3861.98 4406.57
26071-203-M6-060-00006 0.2587904632091522 2882.82 2399.82 2971.37 2400.25 2970.90 2498.07 2882.36 2497.65
26071-203-M6-060-00006 0.12795451283454895 2272.67 5081.18 2362.72 5077.88 2366.82 5189.90 2276.78 5193.20
26071-203-M6-060-00006 0.06654053181409836 3223.56 3000.74 3302.67 3001.32 3301.84 3114.18 3222.73 3113.59
26071-203-M6-064-00271 0.9978139400482178 2480.78 2298.56 2656.79 2301.37 2655.27 2396.73 2479.25 2393.93
26071-203-M6-064-00271 0.9973881840705872 7613.24 2301.49 7796.27 2299.75 7797.18 2395.18 7614.16 2396.93
26071-203-M6-064-00271 0.9964558482170105 7732.08 4546.74 7910.73 4546.23 7911.00 4639.18 7732.35 4639.70
26071-203-M6-064-00271 0.9962114095687866 962.45 2515.37 1172.57 2515.62 1172.48 2599.86 962.36 2599.61
26071-203-M6-064-00271 0.9959902167320251 4824.32 5138.95 4998.78 5138.92 4998.79 5231.11 4824.33 5231.13
26071-203-M6-064-00271 0.42960333824157715 2651.18 2303.70 2740.83 2303.06 2741.48 2393.23 2651.82 2393.87
26071-203-M6-064-00271 0.24278533458709717 7541.47 2311.89 7626.56 2311.44 7627.01 2396.59 7541.92 2397.04
26071-203-M6-064-00271 0.18057018518447876 5094.48 4570.49 5280.35 4572.09 5279.90 4624.17 5094.03 4622.57
26071-203-M6-064-00271 0.17393967509269714 4281.18 4567.41 4450.27 4568.54 4449.89 4624.49 4280.81 4623.36
26071-203-M6-064-00271 0.1284177452325821 1852.28 2436.01 1962.10 2434.69 1964.53 2636.84 1854.71 2638.16
26071-203-M6-064-00271 0.10593891143798828 7657.21 4544.33 7736.88 4545.32 7735.71 4640.76 7656.03 4639.78
26071-203-M6-064-00271 0.09841547906398773 1436.84 4654.64 1507.74 4654.96 1506.66 4889.78 1435.76 4889.45
26071-203-M6-064-00271 0.09175445884466171 4765.32 5134.82 4829.24 5135.07 4828.84 5234.47 4764.93 5234.22
26071-203-M6-079-00001 0.9487267732620239 2162.67 931.48 2568.74 931.23 2568.77 974.25 2162.69 974.50
26071-203-M6-079-00001 0.4513801336288452 2358.72 866.30 2408.38 866.18 2408.89 1086.30 2359.24 1086.42
26071-203-M6-079-00001 0.09565922617912292 2408.39 856.36 2466.19 856.45 2465.86 1087.03 2408.06 1086.95
26071-203-M6-160-00291 0.9934675097465515 2178.68 2160.27 2508.15 2160.03 2508.21 2248.96 2178.74 2249.19
26071-203-M6-160-00291 0.9919860363006592 2155.32 4493.49 2222.25 4493.75 2221.91 4580.84 2154.98 4580.57
26071-203-M6-160-00291 0.988229513168335 4665.19 4488.36 4713.34 4488.40 4713.25 4583.60 4665.11 4583.55
26071-203-M6-160-00291 0.45106086134910583 3968.54 6024.95 4128.31 6026.02 4127.57 6137.20 3967.79 6136.13
26071-203-M6-160-00291 0.3401458263397217 6447.14 6025.30 6619.48 6023.65 6620.53 6134.28 6448.20 6135.93
26071-203-M6-160-00291 0.1613975316286087 7498.54 3570.21 7615.94 3571.26 7614.18 3767.99 7496.78 3766.93
26071-203-M6-160-00291 0.12638387084007263 2217.42 4516.21 2364.86 4517.27 2364.41 4578.96 2216.97 4577.90
26071-203-M6-160-00291 0.05397538095712662 650.61 3088.20 833.92 3089.83 833.46 3141.23 650.16 3139.60
26071-203-M6-160-00291 0.05027249455451965 1468.91 3004.88 1556.48 2999.67 1564.41 3132.98 1476.84 3138.18
26071-203-M6-320-00008 0.9926121830940247 2709.27 4575.24 2933.66 4576.81 2933.27 4631.46 2708.89 4629.89
26071-203-M6-320-00008 0.9886304140090942 5755.84 5020.76 6041.09 5020.57 6041.13 5083.19 5755.88 5083.38
26071-203-M6-320-00008 0.9860411286354065 3389.98 5112.50 3669.62 5111.88 3669.75 5171.15 3390.11 5171.77
26071-203-M6-320-00008 0.9857645630836487 6943.40 2315.96 7216.73 2316.88 7216.55 2371.58 6943.22 2370.66
26071-203-M6-320-00008 0.9820452332496643 5128.41 4465.03 5369.84 4465.90 5369.68 4511.23 5128.25 4510.36
26071-203-M6-320-00008 0.2443515509366989 5855.49 5082.59 5924.56 5081.23 5926.90 5200.29 5857.82 5201.65
26071-203-M6-320-00008 0.09338542819023132 2356.91 4230.32 2521.92 4229.92 2522.04 4280.69 2357.03 4281.08
26071-203-M6-320-00008 0.06601063162088394 6122.68 2312.55 6248.95 2313.04 6248.56 2415.02 6122.28 2414.53
26071-203-M6-320-00042 0.9913693070411682 832.66 3817.38 958.05 3814.91 960.06 3917.44 834.67 3919.90
26071-203-M6-320-00042 0.9524658918380737 7001.48 1981.49 7278.09 1978.95 7279.42 2123.38 7002.81 2125.92
26071-203-M6-320-00042 0.24006107449531555 779.35 3776.25 855.18 3776.94 853.83 3924.42 778.00 3923.73
26071-203-M6-320-00042 0.06477075815200806 6990.03 1949.42 7164.01 1949.36 7164.03 2005.91 6990.05 2005.97
26071-203-M6-320-00044 0.9949296712875366 2800.91 4031.72 2882.43 4030.18 2884.61 4145.71 2803.09 4147.25
26071-203-M6-320-00044 0.99482661485672 1601.30 4031.42 1682.36 4029.99 1684.40 4145.41 1603.35 4146.85
26071-203-M6-320-00044 0.9943442344665527 4001.50 4031.32 4082.72 4029.85 4084.82 4145.74 4003.59 4147.21
26071-203-M6-320-00044 0.9942904710769653 1361.15 4034.80 1445.12 4034.67 1445.29 4149.28 1361.33 4149.41
26071-203-M6-320-00044 0.9937799572944641 1840.43 4036.94 1924.49 4035.83 1925.96 4146.69 1841.90 4147.80
26071-203-M6-320-00044 0.9937123656272888 4242.72 4029.00 4325.05 4029.24 4324.70 4148.97 4242.38 4148.73
26071-203-M6-320-00044 0.9936328530311584 2560.76 4035.32 2644.46 4035.16 2644.68 4149.04 2560.98 4149.20
26071-203-M6-320-00044 0.9932286739349365 3040.40 4033.51 3123.87 4032.51 3125.24 4145.84 3041.77 4146.84
26071-203-M6-320-00044 0.9929360747337341 3761.48 4034.29 3844.34 4034.15 3844.54 4149.40 3761.68 4149.55
26071-203-M6-320-00044 0.9921905398368835 3519.32 4041.97 3605.41 4041.52 3605.94 4146.03 3519.85 4146.48
26071-203-M6-320-00044 0.9913412928581238 2319.17 4034.97 2405.53 4033.59 2407.33 4146.81 2320.97 4148.18
26071-203-M6-320-00044 0.991208553314209 2081.17 4030.22 2164.92 4030.07 2165.14 4148.71 2081.39 4148.86
26071-203-M6-320-00060 0.9807567000389099 1540.15 4028.67 1824.29 4028.08 1824.42 4087.54 1540.27 4088.14
26071-203-M6-320-00061 0.9863795638084412 7321.96 3066.94 7560.48 3067.79 7560.29 3119.21 7321.78 3118.36
26071-203-M6-320-00061 0.9178202152252197 1333.69 3768.12 1605.13 3768.02 1605.17 3856.06 1333.72 3856.16
26071-203-M6-320-00061 0.10049524158239365 292.05 4012.70 419.64 4002.80 429.75 4133.09 302.16 4142.99
26071-203-M6-321-00225 0.9890466332435608 4197.99 5373.25 4360.67 5373.96 4360.22 5478.24 4197.53 5477.52
26071-203-M6-321-00225 0.9613518118858337 6933.02 3371.88 7231.02 3372.81 7230.75 3459.07 6932.74 3458.14
26071-203-M6-321-00225 0.08105950057506561 6933.47 3448.37 7229.13 3446.75 7229.56 3525.75 6933.90 3527.37
26071-203-M6-321-00604 0.9906408190727234 6947.44 868.78 7124.86 870.36 7123.84 984.76 6946.42 983.18
26071-203-M6-321-00604 0.9781873226165771 1902.36 5023.74 1952.71 5024.06 1950.62 5354.60 1900.26 5354.29
26071-203-M6-321-00604 0.9715769290924072 7327.01 3762.35 7614.62 3761.43 7614.78 3812.90 7327.18 3813.82
26071-203-M6-321-00604 0.9639560580253601 5115.16 1277.90 5323.63 1277.29 5323.96 1389.39 5115.48 1389.99
26071-203-M6-321-00604 0.9527035355567932 970.95 996.64 1258.94 996.69 1258.93 1042.28 970.94 1042.24
26071-203-M6-321-00604 0.8797404170036316 964.40 935.64 1278.38 935.47 1278.41 1006.51 964.43 1006.68
26071-203-M6-321-00604 0.46860742568969727 7343.98 3673.48 7602.24 3673.70 7602.16 3773.12 7343.90 3772.90
26071-203-M6-321-00604 0.12870201468467712 1840.38 5059.53 1905.91 5059.14 1907.70 5361.65 1842.17 5362.04
26071-203-M6-321-00604 0.08486621826887131 7108.02 876.43 7143.25 876.77 7142.24 981.13 7107.01 980.79
26071-203-M6-325-00012 0.9307120442390442 1330.01 1149.99 1696.84 1150.29 1696.80 1202.70 1329.97 1202.40
26071-203-M6-325-00012 0.35684385895729065 1350.02 5786.11 1674.81 5790.99 1671.90 5985.38 1347.11 5980.51
26071-203-M6-325-00012 0.27969011664390564 1360.55 4393.37 1673.67 4398.51 1670.24 4607.41 1357.12 4602.26
26071-203-M6-325-00012 0.24285252392292023 1345.57 3078.26 1697.59 3078.39 1697.52 3258.49 1345.50 3258.36
26071-203-M6-325-00012 0.17174561321735382 8100.44 5775.57 8290.86 5767.21 8297.69 5922.99 8107.28 5931.35
26071-203-M6-325-00012 0.07883459329605103 1388.53 5089.54 1690.17 5089.98 1689.85 5305.39 1388.21 5304.95
26071-203-M6-325-00012 0.05698968842625618 8072.17 5026.09 8203.49 5027.13 8202.79 5115.38 8071.48 5114.35
26071-203-M6-325-00013 0.9890047907829285 5561.56 2577.51 5842.35 2575.99 5843.20 2734.35 5562.41 2735.86
26071-203-M6-325-00013 0.9857228398323059 5559.64 1971.20 5842.85 1971.21 5842.84 2138.80 5559.63 2138.78
26071-203-M6-325-00013 0.97239089012146 4622.22 4885.15 4939.09 4884.07 4939.29 4943.04 4622.42 4944.12
26071-203-M6-325-00013 0.9715319275856018 1311.65 2918.24 1514.04 2919.03 1513.84 2970.23 1311.45 2969.44
26071-203-M6-325-00013 0.9295037984848022 1698.98 3290.60 1896.25 3290.49 1896.32 3412.38 1699.05 3412.49
26071-203-M6-325-00013 0.7490313053131104 5124.21 5645.53 5169.46 5645.63 5169.24 5744.23 5123.99 5744.13
26071-203-M6-325-00013 0.6747075915336609 5154.96 5640.14 5323.02 5641.30 5322.21 5757.94 5154.15 5756.77
26071-203-M6-325-00013 0.3559260368347168 1988.57 3544.53 2038.21 3544.56 2038.00 3868.64 1988.37 3868.61
26071-203-M6-325-00013 0.16867348551750183 1637.06 3308.02 1727.61 3306.94 1728.64 3393.63 1638.10 3394.71
26071-203-M6-325-00013 0.15622562170028687 3332.72 4048.50 3387.48 4044.73 3392.09 4111.81 3337.34 4115.58
26071-203-M6-325-00013 0.07908005267381668 5608.36 4919.15 5728.50 4917.44 5730.00 5023.43 5609.87 5025.14
26071-203-M6-325-00013 0.06415126472711563 1309.90 2962.74 1574.97 2961.07 1575.28 3010.56 1310.21 3012.23
26071-203-M6-325-00013 0.05460229516029358 1826.62 2975.18 1956.82 2974.25 1957.59 3081.66 1827.38 3082.59
26071-203-M6-332-00001 0.9841905236244202 7078.52 2936.07 7367.41 2936.39 7367.36 2982.27 7078.47 2981.95
26071-203-M6-332-00001 0.4783855080604553 1821.33 1023.78 1911.44 1024.36 1910.76 1130.34 1820.64 1129.77
26071-203-M6-332-00001 0.1298680454492569 2996.28 2544.85 3063.93 2545.31 3063.36 2627.93 2995.71 2627.47
26071-203-M6-332-00001 0.1289193034172058 1886.38 1061.67 2078.27 1060.51 2078.66 1125.06 1886.77 1126.23
26071-203-M6-332-00001 0.10927261412143707 1750.71 901.59 1829.01 900.25 1830.39 980.95 1752.09 982.28
26071-203-M6-332-00001 0.07318899780511856 4657.93 2556.84 4753.52 2557.07 4753.41 2603.66 4657.82 2603.43
26071-203-M6-332-00001 0.07087676972150803 5910.45 2556.09 6016.16 2556.28 6016.07 2606.82 5910.36 2606.63
26071-203-M6-332-00001 0.06118454784154892 1387.99 5533.68 1521.23 5534.00 1520.97 5644.49 1387.73 5644.17
26071-203-M6-332-00001 0.054085299372673035 1478.46 5576.39 1700.93 5576.79 1700.83 5633.45 1478.36 5633.06
26071-203-M6-332-00001 0.050869401544332504 2751.28 3976.63 2817.59 3977.02 2817.01 4075.94 2750.69 4075.55
26071-203-M6-332-00008 0.9927543997764587 6523.92 2088.47 6699.11 2089.55 6698.37 2208.74 6523.18 2207.66
26071-203-M6-332-00008 0.975437343120575 5238.92 2503.54 5456.98 2502.69 5457.42 2614.95 5239.36 2615.80
26071-203-M6-332-00008 0.974949836730957 7760.39 2503.42 7965.75 2502.40 7966.31 2617.11 7760.96 2618.13
26071-203-M6-332-00008 0.9724035859107971 3045.48 2502.19 3147.60 2502.45 3147.30 2620.56 3045.18 2620.30
26071-203-M6-332-00008 0.9573227763175964 2479.11 4018.10 2817.44 4019.63 2817.24 4063.85 2478.91 4062.31
26071-203-M6-332-00008 0.9547616839408875 7307.49 4027.69 7646.77 4027.78 7646.75 4071.08 7307.48 4070.99
26071-203-M6-332-00008 0.9532456994056702 4881.24 4018.18 5209.23 4019.69 5209.02 4064.45 4881.04 4062.94
26071-203-M6-332-00008 0.9365712404251099 2880.64 2517.04 3065.77 2517.31 3065.62 2619.11 2880.50 2618.84
26071-203-M6-332-00008 0.898844301700592 5423.99 2510.98 5500.02 2509.85 5501.30 2596.09 5425.26 2597.22
26071-203-M6-332-00008 0.8842602372169495 7942.00 2495.03 8022.91 2495.52 8022.17 2618.74 7941.26 2618.26
26071-203-M6-332-00008 0.1451278179883957 1817.04 3627.84 1869.85 3628.06 1869.40 3737.02 1816.59 3736.80
26071-203-M6-332-00008 0.12784519791603088 6689.04 2090.62 6756.08 2091.02 6755.32 2218.09 6688.28 2217.69
26071-203-M6-332-00008 0.05493291839957237 4947.06 3540.83 5009.77 3541.74 5008.26 3646.73 4945.55 3645.82
26071-203-M6-333-00010 0.9991375207901001 4412.50 1718.61 4527.48 1719.48 4526.57 1840.05 4411.59 1839.19
26071-203-M6-333-00010 0.9989665746688843 4413.22 2348.70 4528.41 2349.38 4527.67 2473.72 4412.48 2473.03
26071-203-M6-333-00010 0.9988968372344971 4413.05 3248.07 4527.91 3248.72 4527.20 3373.01 4412.34 3372.35
26071-203-M6-333-00010 0.9988742470741272 3964.29 5046.90 4079.44 5047.22 4079.08 5175.85 3963.92 5175.52
26071-203-M6-333-00010 0.9988652467727661 2433.23 3247.28 2542.09 3247.34 2542.02 3376.12 2433.16 3376.07
26071-203-M6-333-00010 0.9988580942153931 2433.34 2616.59 2544.59 2617.03 2544.10 2743.84 2432.84 2743.41
26071-203-M6-333-00010 0.9987909197807312 7201.83 2948.30 7315.40 2948.63 7315.03 3073.13 7201.46 3072.79
26071-203-M6-333-00010 0.9987403750419617 2432.82 2108.28 2545.62 2108.69 2545.17 2231.16 2432.37 2230.76
26071-203-M6-333-00010 0.9987359642982483 5164.71 3203.33 5277.16 3204.00 5276.44 3323.45 5163.99 3322.77
26071-203-M6-333-00010 0.9987242817878723 3964.70 4839.86 4077.84 4840.19 4077.49 4965.39 3964.34 4965.06
26071-203-M6-333-00010 0.998588502407074 7203.40 3667.22 7314.95 3667.34 7314.82 3794.33 7203.27 3794.21
26071-203-M6-333-00010 0.9985270500183105 5164.36 2378.89 5273.93 2379.19 5273.59 2503.28 5164.02 2502.98
26071-203-M6-333-00010 0.9983500242233276 6281.96 4107.31 6443.70 4107.18 6443.79 4225.07 6282.05 4225.19
26071-203-M6-333-00010 0.9983376264572144 6580.82 4107.04 6743.74 4106.97 6743.80 4225.33 6580.87 4225.41
26071-203-M6-333-00010 0.9983009696006775 2861.72 4108.66 3023.33 4108.52 3023.43 4224.98 2861.82 4225.12
26071-203-M6-333-00010 0.9982894062995911 5080.22 4107.66 5243.51 4107.48 5243.65 4225.45 5080.36 4225.64
26071-203-M6-333-00010 0.9982889294624329 1721.41 4108.44 1885.35 4108.11 1885.58 4224.53 1721.65 4224.86
26071-203-M6-333-00010 0.9982263445854187 4181.70 4106.71 4343.58 4106.64 4343.63 4225.35 4181.75 4225.42
26071-203-M6-333-00010 0.9982068538665771 4780.23 4107.52 4943.46 4107.35 4943.58 4225.78 4780.36 4225.95
26071-203-M6-333-00010 0.9982004165649414 5980.34 4107.59 6143.43 4107.40 6143.57 4225.75 5980.47 4225.94
26071-203-M6-333-00010 0.9981834292411804 5323.94 4107.93 5484.66 4107.58 5484.92 4225.12 5324.20 4225.48
26071-203-M6-333-00010 0.998123824596405 5683.22 4106.96 5843.58 4106.77 5843.72 4225.20 5683.36 4225.39
26071-203-M6-333-00010 0.9980981945991516 3764.06 5487.70 3923.90 5488.02 3923.67 5605.36 3763.83 5605.04
26071-203-M6-333-00010 0.9980875849723816 3431.19 4107.76 3574.13 4108.29 3573.71 4223.54 3430.77 4223.02
26071-203-M6-333-00010 0.9977123737335205 2082.26 5486.01 2242.27 5486.40 2241.99 5605.55 2081.97 5605.16
26071-203-M6-333-00010 0.9977028965950012 2502.55 5486.10 2663.07 5486.07 2663.10 5605.16 2502.57 5605.19
26071-203-M6-333-00010 0.8989604115486145 4817.44 3496.50 5038.30 3488.57 5045.48 3688.66 4824.62 3696.59
26071-203-M6-333-00010 0.8055369257926941 6792.57 1386.11 6834.59 1386.24 6834.28 1488.51 6792.26 1488.38
26071-203-M6-333-00010 0.23320609331130981 2683.36 3540.96 2781.76 3541.48 2780.81 3720.88 2682.41 3720.36
26071-203-M6-333-00010 0.21151664853096008 2683.91 2381.44 2783.06 2381.96 2782.18 2550.76 2683.03 2550.25
26071-203-M6-333-00010 0.17873531579971313 4177.31 2215.17 4274.98 2216.12 4273.90 2326.27 4176.24 2325.31
26071-203-M6-333-00010 0.062228791415691376 2440.25 2802.13 2535.41 2802.80 2534.53 2928.29 2439.37 2927.62
26071-203-M6-333-00010 0.06209287792444229 4838.99 3484.30 4951.29 3484.66 4951.17 3520.11 4838.88 3519.75
26071-203-M6-337-00031 0.9959105253219604 2539.55 6237.12 2625.18 6236.59 2625.92 6353.87 2540.29 6354.41
26071-203-M6-337-00031 0.9880595803260803 6809.22 398.32 7055.01 399.16 7054.83 453.08 6809.04 452.24
26071-203-M6-337-00031 0.9830828905105591 1586.88 1884.14 1856.85 1885.22 1856.64 1936.22 1586.67 1935.13
26071-203-M6-337-00031 0.6403115391731262 1638.13 5371.73 1732.76 5372.63 1731.72 5481.82 1637.09 5480.92
26071-203-M6-337-00031 0.3988942801952362 6910.56 540.00 7008.07 539.34 7008.79 647.57 6911.29 648.23
26071-203-M6-337-00031 0.2884368300437927 6908.38 5249.57 7007.80 5250.10 7007.29 5344.73 6907.87 5344.19
26071-203-M6-337-00031 0.17285794019699097 1640.44 5204.39 1732.32 5205.43 1731.10 5313.30 1639.21 5312.26
26071-203-M6-337-00031 0.10610011965036392 1638.09 3874.34 1745.08 3875.03 1744.36 3988.21 1637.36 3987.53
26071-203-M6-337-00031 0.09807083010673523 6909.55 3451.94 7010.20 3452.55 7009.90 3501.89 6909.25 3501.27
26071-203-M6-337-00031 0.07366110384464264 2041.68 5687.20 2111.02 5688.02 2109.42 5822.42 2040.08 5821.59
26071-203-M6-337-00031 0.05243121087551117 6918.15 3673.84 7014.34 3676.09 7011.66 3790.58 6915.47 3788.33
26071-300-M6-053-00008 0.9964655637741089 4662.42 6580.72 5032.78 6582.93 5032.36 6652.32 4662.01 6650.11
26071-300-M6-053-00008 0.9956845045089722 6501.68 5727.25 6824.84 5727.66 6824.75 5796.77 6501.60 5796.37
26071-300-M6-053-00008 0.9941135048866272 2507.24 1736.34 2675.05 1737.61 2674.37 1826.87 2506.56 1825.59
26071-300-M6-053-00008 0.9940916895866394 4584.24 813.60 4756.78 812.14 4757.58 907.48 4585.04 908.93
26071-300-M6-053-00008 0.9866039752960205 5648.03 946.13 5695.08 945.95 5695.45 1037.72 5648.40 1037.91
26071-300-M6-053-00008 0.9838511347770691 5644.17 5516.04 5932.08 5516.29 5932.04 5562.66 5644.12 5562.41
26071-300-M6-053-00008 0.9678410887718201 5119.87 909.37 5239.38 909.37 5239.39 1005.52 5119.87 1005.53
26071-300-M6-053-00008 0.6454281210899353 5675.87 945.73 5848.31 944.62 5848.91 1038.34 5676.47 1039.44
26071-300-M6-053-00008 0.11447872221469879 6114.95 5496.76 6168.59 5497.45 6166.95 5624.21 6113.31 5623.51
26071-300-M6-053-00008 0.1135627031326294 4587.90 6322.67 4858.58 6322.40 4858.65 6386.09 4587.96 6386.36
26071-300-M6-053-00008 0.11163514852523804 5447.01 1770.52 5548.20 1770.66 5548.04 1885.88 5446.85 1885.73
26071-300-M6-053-00008 0.09165257215499878 5057.97 766.73 5129.68 762.21 5132.19 802.02 5060.48 806.54
26071-300-M6-053-00008 0.06015002727508545 5230.82 951.25 5374.36 951.99 5374.09 1003.06 5230.55 1002.31
26071-300-M6-053-00008 0.059822164475917816 6224.91 5723.09 6281.20 5722.77 6281.97 5855.97 6225.68 5856.29
26071-300-M6-053-00010 0.9909770488739014 4732.18 6396.91 5053.06 6395.98 5053.50 6548.33 4732.62 6549.26
26071-300-M6-053-00010 0.9335719347000122 3056.23 4738.88 3212.99 4739.65 3212.45 4848.98 3055.69 4848.21
26071-300-M6-053-00010 0.896940290927887 4119.31 3244.72 4167.04 3244.80 4166.88 3342.76 4119.15 3342.69
26071-300-M6-053-00010 0.09058386087417603 4047.61 3091.77 4117.23 3091.19 4118.43 3234.95 4048.81 3235.54
26071-300-M6-053-00010 0.07603858411312103 4610.45 574.67 4701.91 566.43 4712.01 678.46 4620.55 686.70
26071-300-M6-053-00010 0.07088156044483185 2469.67 4822.40 2657.56 4822.43 2657.55 4877.12 2469.66 4877.09
26071-300-M6-053-00010 0.05044740438461304 4157.60 3250.82 4312.15 3250.39 4312.39 3337.65 4157.84 3338.08
26071-300-M6-053-00012 0.9977331161499023 7378.50 973.39 7707.69 973.70 7707.62 1044.86 7378.44 1044.55
26071-300-M6-053-00012 0.9967724680900574 2836.87 2489.52 3120.79 2488.53 3121.01 2552.55 2837.09 2553.54
26071-300-M6-053-00012 0.9964295029640198 2500.15 2095.36 2799.13 2093.05 2799.99 2203.96 2501.01 2206.27
26071-300-M6-053-00012 0.994899332523346 4020.44 4405.90 4175.74 4407.46 4174.81 4500.74 4019.51 4499.18
26071-300-M6-053-00012 0.9943403005599976 5583.07 4629.02 5754.66 4629.37 5754.47 4723.66 5582.88 4723.31
26071-300-M6-053-00012 0.9938931465148926 4373.52 4489.02 4545.76 4488.60 4545.99 4581.84 4373.75 4582.26
26071-300-M6-053-00012 0.9932600855827332 4991.66 4616.36 5164.06 4616.43 5164.01 4711.74 4991.62 4711.67
26071-300-M6-053-00012 0.05601810663938522 2729.61 2474.58 2785.44 2473.96 2787.02 2615.80 2731.19 2616.42
26071-300-M6-053-00012 0.05367337912321091 5446.27 4653.28 5580.53 4654.32 5580.27 4687.09 5446.02 4686.05
26071-300-M6-053-00309 0.9926759600639343 1087.44 1501.77 1350.65 1502.91 1350.45 1549.86 1087.23 1548.72
26071-300-M6-053-00309 0.9864815473556519 6396.49 5114.57 6671.03 5116.12 6670.74 5166.40 6396.20 5164.84
26071-300-M6-053-00309 0.43056046962738037 5497.47 5333.93 5608.06 5334.22 5607.85 5414.26 5497.26 5413.98
26071-300-M6-053-00309 0.08759801089763641 7031.57 6520.52 7138.30 6522.10 7136.71 6628.94 7029.99 6627.36
26071-450-M6-082-00009 0.9973624348640442 7054.75 1857.16 7360.81 1856.30 7361.07 1947.46 7055.01 1948.31
26071-450-M6-082-00009 0.9971908926963806 6632.19 2448.01 6940.00 2446.80 6940.46 2564.08 6632.65 2565.29
26071-450-M6-082-00009 0.9961372017860413 4604.39 1713.21 4726.46 1713.95 4725.90 1806.76 4603.83 1806.02
26071-450-M6-082-00009 0.9960842132568359 1676.35 5576.30 2007.78 5576.69 2007.63 5702.84 1676.20 5702.45
26071-450-M6-082-00009 0.9958820343017578 7097.94 5366.19 7426.90 5365.18 7427.29 5492.67 7098.34 5493.68
26071-450-M6-082-00009 0.994940996170044 3938.11 3906.50 4050.85 3907.73 4049.75 4008.20 3937.01 4006.97
26071-450-M6-082-00009 0.9938964247703552 2635.42 4380.18 2803.05 4380.44 2802.90 4473.64 2635.28 4473.38
26071-450-M6-082-00009 0.9911453127861023 4051.76 1865.00 4171.49 1865.83 4170.84 1959.05 4051.12 1958.22
26071-450-M6-082-00009 0.989489734172821 3467.41 1393.46 3580.38 1393.53 3580.32 1486.34 3467.34 1486.26
26071-450-M6-082-00009 0.9888985753059387 3467.96 3781.69 3578.32 3782.47 3577.68 3872.76 3467.32 3871.98
26071-450-M6-082-00009 0.9834851622581482 6474.39 2648.74 6531.92 2648.69 6531.99 2739.76 6474.46 2739.80
26071-450-M6-082-00009 0.1713702380657196 1184.27 2727.84 1237.54 2727.94 1237.27 2868.75 1184.00 2868.65
26071-450-M6-082-00009 0.1527574062347412 3558.94 1403.33 3723.53 1404.14 3723.13 1484.71 3558.54 1483.90
26071-450-M6-082-00009 0.15264339745044708 1781.55 3310.53 1986.15 3311.14 1986.06 3341.93 1781.45 3341.31
26071-450-M6-082-00009 0.12337931990623474 3563.65 3815.81 3717.70 3815.51 3717.81 3874.18 3563.76 3874.48
26071-450-M6-082-00009 0.10572240501642227 4050.07 3949.32 4194.80 3949.82 4194.60 4006.48 4049.87 4005.99
26071-450-M6-082-00009 0.09541153162717819 4722.14 1756.08 4865.20 1756.75 4864.95 1810.14 4721.89 1809.47
26071-450-M6-082-00009 0.0850849598646164 4157.41 1890.11 4315.92 1890.28 4315.85 1955.68 4157.34 1955.51
26071-450-M6-082-00009 0.06641878932714462 2373.47 4145.14 2458.11 4145.34 2457.85 4253.92 2373.21 4253.72
26071-450-M6-082-00031 0.9966075420379639 5326.84 2444.55 5506.40 2445.31 5506.00 2539.12 5326.45 2538.36
26071-450-M6-082-00031 0.996157705783844 5600.03 2989.37 5971.57 2990.28 5971.38 3071.41 5599.84 3070.50
26071-450-M6-082-00031 0.9955476522445679 2698.34 1791.54 2882.47 1793.65 2881.36 1890.17 2697.23 1888.06
26071-450-M6-082-00031 0.9947720170021057 2008.28 1865.79 2177.75 1867.68 2176.65 1966.95 2007.17 1965.06
26071-450-M6-082-00031 0.993030846118927 4892.78 3563.40 5269.19 3563.89 5269.05 3668.69 4892.64 3668.20
26071-450-M6-082-00031 0.9862828850746155 5471.86 3355.85 5526.30 3355.97 5526.11 3449.47 5471.67 3449.36
26071-450-M6-082-00031 0.0502573661506176 2514.95 6398.22 2730.03 6391.31 2734.45 6528.92 2519.37 6535.83
26071-500-M6-059-00011 0.994512677192688 4875.96 6185.85 5048.38 6184.38 5049.22 6282.81 4876.80 6284.28
26071-500-M6-059-00011 0.9783822298049927 7366.84 3086.51 7455.31 3087.39 7454.45 3174.04 7365.98 3173.16
26071-500-M6-059-00011 0.9753892421722412 6319.21 2694.38 6369.16 2694.56 6368.83 2786.04 6318.88 2785.87
26071-500-M6-059-00011 0.9693237543106079 4721.58 1808.75 4774.02 1808.64 4774.22 1901.90 4721.79 1902.02
26071-500-M6-059-00011 0.9681985974311829 5783.65 2396.50 5835.56 2396.50 5835.57 2490.63 5783.66 2490.63
26071-500-M6-059-00011 0.9656512141227722 2238.87 3956.44 2290.32 3956.66 2289.90 4052.60 2238.45 4052.37
26071-500-M6-059-00011 0.9649158716201782 5254.06 2101.67 5302.68 2101.89 5302.24 2198.50 5253.62 2198.29
26071-500-M6-059-00011 0.9625099301338196 6846.22 2990.99 6898.79 2991.64 6897.69 3080.48 6845.12 3079.83
26071-500-M6-059-00011 0.9202290177345276 5246.32 6202.05 5293.75 6202.15 5293.56 6290.14 5246.13 6290.04
26071-500-M6-059-00011 0.2757720351219177 6877.76 3014.57 7040.98 3015.25 7040.70 3082.75 6877.48 3082.06
26071-500-M6-059-00011 0.2572963535785675 7355.70 2681.72 7429.67 2682.32 7428.28 2854.49 7354.31 2853.89
26071-500-M6-059-00011 0.23495759069919586 2279.09 3958.56 2373.04 3959.49 2372.30 4034.65 2278.35 4033.73
26071-500-M6-059-00011 0.17259439826011658 5278.45 6244.30 5424.57 6244.40 5424.53 6295.03 5278.42 6294.92
26071-500-M6-059-00011 0.11334343254566193 6777.88 2778.80 6861.09 2779.09 6860.57 2924.40 6777.36 2924.10
26071-500-M6-059-00011 0.11157932877540588 6303.18 1185.55 6378.37 1186.42 6376.43 1354.22 6301.25 1353.35
26071-500-M6-059-00011 0.10461593419313431 4755.12 1823.36 4918.09 1824.77 4917.43 1900.62 4754.46 1899.21
26071-500-M6-059-00011 0.10246589034795761 5189.18 1898.76 5268.02 1899.29 5267.14 2029.26 5188.30 2028.73
26071-500-M6-059-00011 0.10174822062253952 6369.57 2692.04 6510.57 2692.78 6510.32 2740.56 6369.32 2739.83
26071-500-M6-059-00011 0.0927266776561737 5715.02 2191.58 5799.34 2192.14 5798.42 2330.94 5714.09 2330.38
26071-500-M6-059-00011 0.08681620657444 4646.81 1624.41 4739.69 1620.04 4744.45 1721.21 4651.56 1725.57
26071-500-M6-059-00011 0.07119675725698471 6248.84 2476.50 6328.81 2477.07 6327.71 2631.86 6247.74 2631.29
26071-500-M6-059-00011 0.06510688364505768 6366.08 2731.12 6520.66 2732.82 6520.06 2787.01 6365.49 2785.32
26071-500-M6-059-00011 0.05752750486135483 6184.42 1167.06 6287.22 1165.48 6290.16 1356.09 6187.36 1357.68
26071-500-M6-059-00013 0.9976794123649597 3013.53 3275.17 3365.44 3275.74 3365.32 3353.65 3013.40 3353.08
26071-500-M6-059-00013 0.9974225759506226 5497.65 3040.22 5841.09 3038.90 5841.39 3117.17 5497.95 3118.49
26071-500-M6-059-00013 0.9974090456962585 5492.91 3394.60 5842.68 3392.81 5843.08 3470.42 5493.31 3472.21
26071-500-M6-059-00013 0.9968434572219849 3698.51 3039.26 4048.96 3037.30 4049.41 3117.04 3698.95 3119.00
26071-500-M6-059-00013 0.991935133934021 5468.22 2399.30 5516.47 2399.56 5515.99 2488.56 5467.74 2488.30
26071-500-M6-059-00013 0.9916832447052002 5114.07 4254.57 5163.75 4254.81 5163.33 4343.28 5113.65 4343.05
26071-500-M6-059-00013 0.9900330901145935 1548.29 5966.40 1597.10 5966.48 1596.95 6060.07 1548.13 6060.00
26071-500-M6-059-00013 0.9892695546150208 4405.49 4252.70 4454.15 4252.75 4454.05 4343.92 4405.40 4343.87
26071-500-M6-059-00013 0.9880300164222717 4405.45 3497.72 4454.42 3498.05 4453.84 3586.00 4404.87 3585.68
26071-500-M6-059-00013 0.9873429536819458 6178.15 3543.85 6225.36 3544.36 6224.35 3638.09 6177.14 3637.58
26071-500-M6-059-00013 0.9836558103561401 6060.82 6154.60 6108.43 6154.90 6107.84 6248.32 6060.23 6248.02
26071-500-M6-059-00013 0.9748044013977051 1667.37 5848.31 1715.76 5848.19 1716.00 5938.50 1667.61 5938.63
26071-500-M6-059-00013 0.970310389995575 7084.29 2841.27 7390.44 2841.06 7390.47 2890.18 7084.33 2890.39
26071-500-M6-059-00013 0.2861800491809845 5161.90 4251.39 5324.36 4252.77 5323.75 4324.51 5161.29 4323.13
26071-500-M6-059-00013 0.23895667493343353 6097.50 6174.57 6186.89 6174.22 6187.14 6237.49 6097.75 6237.84
26071-500-M6-059-00013 0.16563165187835693 5511.74 2433.04 5659.11 2434.13 5658.69 2490.36 5511.33 2489.27
26071-500-M6-059-00013 0.11408534646034241 1466.69 5970.56 1556.79 5971.60 1555.83 6055.23 1465.72 6054.19
26071-500-M6-059-00013 0.0956161841750145 4450.23 4285.77 4596.24 4287.06 4595.73 4344.63 4449.72 4343.34
26071-500-M6-059-00013 0.07531507313251495 1593.07 5846.31 1673.20 5846.97 1672.46 5937.12 1592.34 5936.47
26071-500-M6-059-00017 0.9978796243667603 4145.73 2728.93 4411.93 2728.41 4412.07 2799.33 4145.87 2799.85
26071-500-M6-059-00017 0.997738242149353 6161.09 1688.29 6348.93 1688.18 6348.97 1760.48 6161.13 1760.59
26071-500-M6-059-00017 0.9976981282234192 3105.33 6416.73 3395.18 6416.39 3395.26 6487.45 3105.41 6487.78
26071-500-M6-059-00017 0.9973512887954712 4157.05 1687.65 4338.72 1688.08 4338.55 1760.74 4156.88 1760.30
26071-500-M6-059-00017 0.9970682263374329 6113.58 1912.53 6289.04 1912.98 6288.80 2005.23 6113.34 2004.78
26071-500-M6-059-00017 0.9969362020492554 2135.84 2659.95 2429.41 2658.18 2429.83 2728.26 2136.26 2730.03
26071-500-M6-059-00017 0.9968974590301514 6613.57 3732.63 6781.55 3731.45 6782.19 3823.92 6614.21 3825.10
26071-500-M6-059-00017 0.9968066215515137 5124.04 4756.98 5294.19 4757.89 5293.67 4855.28 5123.53 4854.38
26071-500-M6-059-00017 0.9967058300971985 7012.49 1911.80 7191.54 1912.37 7191.24 2008.38 7012.18 2007.81
26071-500-M6-059-00017 0.9966983199119568 7132.41 4756.68 7304.62 4755.78 7305.13 4852.55 7132.92 4853.46
26071-500-M6-059-00017 0.9966927766799927 5834.52 1914.47 6005.13 1915.51 6004.56 2008.57 5833.96 2007.53
26071-500-M6-059-00017 0.9966415166854858 4337.64 3202.04 4503.92 3202.10 4503.90 3272.71 4337.61 3272.65
26071-500-M6-059-00017 0.9966394901275635 6606.43 2217.28 6781.44 2217.36 6781.40 2314.96 6606.38 2314.88
26071-500-M6-059-00017 0.9965257048606873 4598.60 2219.34 4776.49 2220.50 4775.88 2313.59 4598.00 2312.44
26071-500-M6-059-00017 0.9964235424995422 4888.31 1914.51 5058.97 1915.17 5058.61 2008.15 4887.96 2007.50
26071-500-M6-059-00017 0.9963454604148865 2525.69 1910.80 2696.40 1910.30 2696.69 2008.67 2525.98 2009.17
26071-500-M6-059-00017 0.9963259100914001 3826.47 1913.32 3996.06 1914.61 3995.35 2008.44 3825.76 2007.15
26071-500-M6-059-00017 0.9963253140449524 4772.78 3732.95 4936.70 3734.01 4936.11 3826.36 4772.19 3825.30
26071-500-M6-059-00017 0.9962891340255737 4106.43 1913.24 4274.63 1908.91 4277.10 2004.80 4108.90 2009.13
26071-500-M6-059-00017 0.9960198998451233 7129.67 4485.95 7414.11 4486.68 7413.92 4558.79 7129.49 4558.05
26071-500-M6-059-00017 0.9958837628364563 6208.72 3202.24 6382.96 3202.78 6382.74 3273.85 6208.50 3273.31
26071-500-M6-059-00017 0.9958393573760986 5713.12 5928.68 5885.08 5928.29 5885.30 6021.51 5713.33 6021.90
26071-500-M6-059-00017 0.995571494102478 5235.51 6174.11 5524.11 6174.17 5524.09 6246.32 5235.49 6246.26
26071-500-M6-059-00017 0.9954302310943604 1478.12 6650.14 1770.19 6649.96 1770.24 6719.65 1478.16 6719.84
26071-500-M6-059-00017 0.9427607655525208 3942.14 4838.90 3988.09 4838.92 3988.05 4937.03 3942.10 4937.01
26071-500-M6-059-00017 0.9338764548301697 5949.94 4839.84 5995.07 4840.04 5994.65 4937.66 5949.53 4937.47
26071-500-M6-059-00017 0.9093734622001648 1934.34 4840.30 1981.48 4840.43 1981.22 4937.02 1934.09 4936.90
26071-500-M6-059-00017 0.11647870391607285 3989.45 4870.98 4133.69 4871.95 4133.27 4935.52 3989.03 4934.56
26071-500-M6-059-00017 0.07904122769832611 2034.27 3299.47 2103.96 3299.68 2103.67 3394.36 2033.98 3394.14
26071-500-M6-059-00017 0.056966524571180344 4042.96 3301.63 4112.71 3301.79 4112.49 3394.01 4042.75 3393.85
26071-500-M6-059-00017 0.05556107312440872 4000.25 4095.71 4108.08 4089.66 4113.10 4179.12 4005.28 4185.18
26071-500-M6-059-00017 0.054023414850234985 6046.72 3295.40 6122.12 3296.00 6121.38 3389.09 6045.98 3388.49
26071-500-M6-059-00017 0.053493428975343704 1820.30 5341.49 1868.24 5341.65 1867.67 5517.64 1819.73 5517.49
26071-500-M6-059-00040 0.9949376583099365 5504.86 1595.11 5837.58 1596.71 5837.25 1665.65 5504.53 1664.06
26071-500-M6-059-00040 0.9920278191566467 2397.71 3590.70 2444.26 3590.77 2444.12 3682.95 2397.57 3682.88
26071-500-M6-059-00040 0.9918351173400879 3695.25 3592.15 3743.01 3592.34 3742.65 3684.15 3694.90 3683.96
26071-500-M6-059-00040 0.16397735476493835 2439.75 3582.93 2621.18 3582.79 2621.26 3686.62 2439.83 3686.76
26071-500-M6-059-00040 0.12300843745470047 3734.60 3589.71 3921.91 3590.06 3921.80 3644.57 3734.49 3644.22
26071-500-M6-059-00040 0.08982014656066895 3741.05 3634.02 3895.04 3634.32 3894.94 3685.41 3740.95 3685.11
26071-500-M6-059-00040 0.052444037050008774 5590.12 5975.51 6051.89 5982.26 6049.08 6174.81 5587.30 6168.06
26071-500-M6-059-00044 0.9968889355659485 5261.46 1361.55 5602.35 1359.70 5602.85 1451.39 5261.96 1453.23
26071-500-M6-059-00044 0.9962167143821716 6255.87 5574.04 6602.60 5574.23 6602.56 5646.37 6255.83 5646.18
26071-500-M6-059-00044 0.9930790066719055 3037.40 3790.76 3084.15 3790.79 3084.09 3884.97 3037.33 3884.94
26071-500-M6-059-00044 0.9893712997436523 7100.40 909.27 7147.76 909.53 7147.24 1004.86 7099.88 1004.60
26071-500-M6-059-00044 0.9859716296195984 7155.59 5561.46 7465.93 5561.27 7465.99 5665.80 7155.66 5665.99
26071-500-M6-059-00044 0.9839842915534973 1500.31 3793.37 1548.30 3792.93 1549.15 3885.08 1501.16 3885.52
26071-500-M6-059-00044 0.943337082862854 6659.36 884.12 6709.20 884.41 6708.63 981.75 6658.79 981.46
26071-500-M6-059-00044 0.2897099256515503 2857.17 3789.82 3045.97 3791.70 3045.24 3864.68 2856.45 3862.81
26071-500-M6-059-00044 0.16910848021507263 1317.15 3790.96 1504.88 3792.38 1504.42 3854.25 1316.68 3852.84
26071-500-M6-059-00044 0.13932472467422485 6594.27 730.74 6680.48 735.00 6676.00 825.67 6589.79 821.42
26071-500-M6-059-00044 0.09132633358240128 5473.31 3185.89 5595.86 3186.37 5595.23 3348.55 5472.68 3348.07
26071-500-M6-059-00044 0.08686178177595139 5636.39 4038.87 5721.77 4035.35 5725.07 4115.33 5639.69 4118.86
26071-500-M6-059-00044 0.07645273208618164 3589.91 4037.23 3681.56 4036.93 3681.82 4118.31 3590.17 4118.60
26071-500-M6-059-00044 0.07402244955301285 7242.74 6080.45 7372.92 6080.72 7372.14 6448.41 7241.96 6448.14
26071-500-M6-059-00044 0.061509307473897934 7177.16 4031.84 7239.29 4031.32 7240.08 4125.16 7177.95 4125.68
26071-500-M6-059-00044 0.05987081304192543 2062.37 4019.80 2129.19 4020.60 2127.87 4130.44 2061.05 4129.64
26071-500-M6-059-00044 0.058815814554691315 6708.48 923.21 6851.13 924.34 6850.69 979.80 6708.04 978.67
26071-500-M6-059-00071 0.9939175248146057 5607.34 2076.48 5926.68 2077.59 5926.46 2138.95 5607.12 2137.84
26071-500-M6-059-00071 0.9911403059959412 4024.57 3306.46 4149.80 3308.26 4148.48 3400.07 4023.25 3398.27
26071-500-M6-059-00071 0.9775386452674866 3007.23 2988.41 3108.20 2989.26 3107.41 3082.83 3006.44 3081.98
26071-500-M6-059-00071 0.9737033247947693 3527.99 3459.40 3645.80 3460.28 3645.13 3551.17 3527.31 3550.29
26071-500-M6-059-00071 0.9708211421966553 3918.15 2234.40 4098.20 2233.36 4099.37 2434.53 3919.32 2435.58
26071-500-M6-059-00071 0.9575943350791931 3480.99 2069.20 3529.43 2069.36 3529.13 2163.15 3480.69 2162.99
26071-500-M6-059-00071 0.09528607875108719 5341.33 2211.73 5520.72 2209.01 5522.57 2331.14 5343.17 2333.85
26071-500-M6-059-00071 0.09023085236549377 3531.89 2075.84 3608.12 2076.24 3607.66 2165.94 3531.43 2165.55
26071-500-M6-059-00071 0.07470718771219254 3106.33 3022.19 3246.95 3023.42 3246.43 3082.65 3105.81 3081.42
26071-500-M6-059-00071 0.06315635144710541 4121.62 3321.61 4284.92 3322.17 4284.66 3400.35 4121.36 3399.80
26071-500-M6-059-00071 0.05734577029943466 3637.36 3505.02 3777.95 3504.06 3778.29 3553.97 3637.70 3554.93
26071-500-M6-059-00071 0.05575990676879883 3898.90 2406.21 4037.98 2406.07 4038.02 2444.09 3898.93 2444.22
26071-500-M6-059-00116 0.9956092238426208 3970.07 5636.56 4291.65 5636.77 4291.59 5727.88 3970.01 5727.67
26071-500-M6-059-00116 0.9940434098243713 4136.80 3199.57 4330.36 3198.27 4330.99 3292.00 4137.43 3293.30
26071-500-M6-059-00116 0.9939456582069397 7045.91 2291.56 7374.87 2291.30 7374.94 2371.13 7045.97 2371.39
26071-500-M6-059-00116 0.9905286431312561 6412.32 3898.00 6462.61 3897.96 6462.67 3991.48 6412.39 3991.52
26071-500-M6-059-00116 0.989400327205658 6492.20 5341.61 6779.35 5342.64 6779.18 5389.16 6492.04 5388.13
26071-500-M6-059-00116 0.9881761074066162 5599.20 5903.30 5885.39 5903.99 5885.28 5952.49 5599.08 5951.80
26071-500-M6-059-00116 0.9785471558570862 2870.42 3896.81 2909.66 3896.86 2909.53 3991.01 2870.29 3990.96
26071-500-M6-059-00116 0.9138226509094238 2318.21 5617.58 2638.36 5617.99 2638.25 5708.14 2318.09 5707.73
26071-500-M6-059-00116 0.7438831329345703 2898.45 3932.03 3048.87 3931.56 3049.05 3989.73 2898.63 3990.20
26071-500-M6-059-00116 0.137083500623703 6460.32 3930.18 6599.93 3930.82 6599.65 3991.60 6460.04 3990.96
26071-500-M6-059-00248 0.9885033965110779 3648.41 3224.25 3742.70 3223.76 3743.21 3319.60 3648.91 3320.10
26071-500-M6-059-00248 0.9880242943763733 2997.70 3674.58 3091.15 3674.42 3091.31 3767.60 2997.86 3767.77
26071-500-M6-059-00248 0.9776702523231506 2475.20 3721.76 2573.86 3722.70 2572.98 3814.61 2474.32 3813.66
26071-500-M6-059-00248 0.8620158433914185 4139.46 4986.76 4279.13 4988.29 4277.94 5097.09 4138.27 5095.56
26071-500-M6-059-00248 0.08028577268123627 3509.45 3258.15 3653.99 3259.53 3653.43 3318.06 3508.90 3316.69
26071-500-M6-059-00248 0.07643677294254303 4121.38 5045.79 4373.07 5045.31 4373.65 5346.84 4121.97 5347.33
26071-500-M6-059-00248 0.06544268131256104 6612.34 6171.85 6725.66 6170.85 6725.97 6206.52 6612.65 6207.52
26071-550-M6-084-00026 0.9948806762695312 3715.07 3475.56 4051.07 3474.11 4051.55 3585.81 3715.55 3587.26
26071-550-M6-084-00026 0.994350254535675 1368.96 3475.87 1670.54 3476.05 1670.48 3586.09 1368.90 3585.92
26071-550-M6-084-00026 0.9659997820854187 6006.09 1891.40 6054.96 1891.36 6055.04 1979.72 6006.17 1979.77
26071-550-M6-084-00026 0.14733190834522247 7536.41 3312.77 7678.08 3313.89 7677.49 3387.76 7535.83 3386.64
26071-550-M6-084-00248 0.9983533620834351 2408.66 5004.68 2611.41 5004.36 2611.55 5087.07 2408.79 5087.39
26071-550-M6-084-00248 0.9944321513175964 3647.71 2756.12 3735.05 2755.38 3735.82 2847.36 3648.49 2848.10
26071-550-M6-084-00248 0.9894723296165466 2999.64 3197.51 3081.04 3197.99 3080.45 3297.99 2999.05 3297.51
26071-550-M6-084-00248 0.9746654033660889 2474.26 3249.67 2568.16 3250.39 2567.45 3342.97 2473.55 3342.25
26071-550-M6-084-00248 0.9138688445091248 4136.99 4513.01 4271.42 4513.85 4270.70 4628.92 4136.27 4628.08
26071-550-M6-084-00248 0.09478458762168884 3508.80 2784.52 3654.33 2785.76 3653.82 2845.74 3508.28 2844.50
26071-600-M6-065-00021 0.9978570342063904 3416.96 3394.72 3760.53 3394.25 3760.64 3472.36 3417.07 3472.84
26071-600-M6-065-00021 0.9974930286407471 6512.21 6247.90 6801.17 6246.52 6801.62 6340.49 6512.66 6341.88
26071-600-M6-065-00021 0.9963782429695129 6724.45 6460.99 7043.46 6459.53 7043.89 6551.76 6724.87 6553.23
26071-600-M6-065-00021 0.9959281086921692 6334.55 3275.32 6655.71 3274.55 6655.98 3386.86 6334.82 3387.64
26071-600-M6-065-00021 0.9957420229911804 6928.13 5871.61 7264.49 5871.45 7264.54 5976.71 6928.18 5976.87
26071-600-M6-065-00021 0.9957287907600403 5443.74 2152.47 5755.56 2152.99 5755.38 2266.41 5443.55 2265.89
26071-600-M6-065-00021 0.9954841136932373 7153.26 5513.42 7494.01 5512.62 7494.19 5590.22 7153.44 5591.03
26071-600-M6-065-00021 0.9942148327827454 1361.78 5398.50 1718.32 5399.57 1718.11 5469.61 1361.57 5468.54
26071-600-M6-065-00021 0.9939451813697815 5238.02 1605.93 5348.08 1604.83 5349.03 1699.95 5238.96 1701.05
26071-600-M6-065-00021 0.9939124584197998 7167.56 4851.19 7489.67 4852.11 7489.22 5008.19 7167.12 5007.27
26071-600-M6-065-00021 0.9938602447509766 1151.11 1368.88 1487.74 1369.48 1487.55 1479.58 1150.91 1478.98
26071-600-M6-065-00021 0.9936981797218323 4522.95 5561.91 4571.82 5562.05 4571.54 5659.33 4522.67 5659.19
26071-600-M6-065-00021 0.9931662678718567 2787.41 5564.68 2835.14 5564.34 2835.82 5658.99 2788.09 5659.33
26071-600-M6-065-00021 0.9920397996902466 2574.73 955.37 2619.75 955.41 2619.65 1050.53 2574.64 1050.49
26071-600-M6-065-00021 0.9912862181663513 2042.09 2255.77 2091.77 2256.00 2091.32 2351.42 2041.64 2351.19
26071-600-M6-065-00021 0.9836587309837341 3947.68 5566.11 4019.44 5566.82 4018.55 5657.17 3946.79 5656.46
26071-600-M6-065-00021 0.983472466468811 5683.68 5566.08 5755.42 5566.79 5754.53 5657.16 5682.79 5656.46
26071-600-M6-065-00021 0.899922788143158 4744.68 1522.78 4791.97 1522.86 4791.81 1617.74 4744.52 1617.66
26071-600-M6-065-00021 0.1696857511997223 6774.97 6253.07 6907.63 6250.92 6910.32 6416.92 6777.66 6419.07
26071-600-M6-065-00021 0.14071513712406158 3038.06 3052.72 3162.60 3053.01 3162.22 3214.66 3037.68 3214.36
26071-600-M6-065-00021 0.10465779155492783 2430.57 990.47 2582.33 990.05 2582.50 1049.74 2430.74 1050.16
26071-600-M6-065-00021 0.09724113345146179 2647.99 5606.04 2784.08 5606.44 2783.93 5658.09 2647.84 5657.69
26071-600-M6-065-00021 0.08684111386537552 6575.19 5944.12 6652.66 5944.40 6651.70 6215.77 6574.22 6215.49
26071-600-M6-065-00021 0.08535105735063553 6985.99 5372.20 7041.15 5371.74 7042.30 5509.93 6987.14 5510.39
26071-600-M6-065-00021 0.08249977231025696 4383.18 5606.88 4519.68 5607.34 4519.51 5658.26 4383.01 5657.80
26071-600-M6-065-00021 0.07557966560125351 6616.35 5005.16 6730.34 5006.91 6729.01 5093.70 6615.01 5091.95
26071-600-M6-065-00021 0.058310117572546005 5748.50 5564.95 5895.32 5565.43 5895.09 5636.22 5748.28 5635.74
26071-600-M6-065-00021 0.051312025636434555 4012.51 5564.86 4159.09 5565.35 4158.86 5636.78 4012.28 5636.29
26071-600-M6-065-00037 0.9954456090927124 6728.77 2737.35 7069.30 2737.09 7069.36 2812.95 6728.82 2813.21
26071-600-M6-065-00037 0.9953666925430298 1627.45 2916.63 1939.36 2916.00 1939.50 2984.51 1627.58 2985.14
26071-600-M6-065-00037 0.9933592677116394 1300.10 6249.18 1593.63 6248.93 1593.72 6353.29 1300.19 6353.54
26071-600-M6-065-00037 0.9918684959411621 1390.64 6411.76 1721.77 6416.31 1720.36 6519.15 1389.23 6514.59
26071-600-M6-065-00037 0.9314791560173035 3148.12 5807.44 3468.84 5810.57 3466.40 6060.90 3145.68 6057.77
26071-600-M6-065-00037 0.4255529046058655 1568.77 6239.12 1645.09 6239.21 1644.89 6395.15 1568.57 6395.05
26071-600-M6-065-00037 0.22587913274765015 1487.86 3904.46 1555.52 3904.45 1555.54 4041.75 1487.88 4041.76
26071-600-M6-065-00037 0.19873739778995514 1420.34 6058.75 1555.92 6058.80 1555.87 6191.56 1420.29 6191.51
26071-600-M6-065-00037 0.11941348761320114 3145.20 5293.54 3216.89 5286.58 3230.90 5430.92 3159.22 5437.88
26071-600-M6-065-00037 0.10218528658151627 1671.73 6435.34 1816.76 6420.98 1825.76 6511.85 1680.72 6526.21
26071-600-M6-065-00037 0.10098190605640411 3133.61 6035.14 3494.29 6036.56 3494.15 6073.67 3133.47 6072.26
26071-600-M6-065-00037 0.08118806034326553 5672.87 3057.97 5750.44 3045.55 5769.47 3164.41 5691.91 3176.83
26071-600-M6-065-00037 0.06525764614343643 1839.58 885.22 1994.62 884.60 1995.12 1011.84 1840.08 1012.46
26071-600-M6-065-00037 0.0503801628947258 1577.89 5992.82 1635.75 5993.04 1635.04 6178.05 1577.18 6177.82
26071-600-M6-065-00231 0.9974529147148132 5803.45 1475.28 6136.99 1475.76 6136.89 1545.11 5803.35 1544.63
26071-600-M6-065-00231 0.9018585085868835 4426.62 1696.40 4472.43 1696.62 4471.95 1795.62 4426.14 1795.40
26071-600-M6-065-00231 0.8947229981422424 3363.77 1695.04 3410.39 1695.23 3409.98 1796.15 3363.36 1795.96
26071-600-M6-065-00231 0.10003894567489624 4462.74 1737.62 4613.92 1736.88 4614.22 1796.01 4463.03 1796.76
26071-600-M6-065-00231 0.061133529990911484 3410.73 1742.20 3553.34 1742.98 3553.05 1796.23 3410.43 1795.45
26071-600-M6-065-00259 0.9925950169563293 967.62 2752.23 1027.58 2751.73 1028.35 2844.63 968.40 2845.13
26071-600-M6-065-00259 0.9920227527618408 7937.87 4573.20 7993.53 4573.51 7993.03 4663.24 7937.37 4662.93
26071-600-M6-065-00259 0.2852455675601959 7785.37 4596.04 7946.45 4595.33 7946.75 4663.66 7785.67 4664.36
26071-600-M6-065-00259 0.08335773646831512 7972.68 6303.32 8088.44 6305.21 8087.00 6393.26 7971.25 6391.38
26071-600-M6-066-00002 0.9966830611228943 6947.64 2094.50 7294.31 2095.84 7293.97 2184.68 6947.29 2183.33
26071-600-M6-066-00002 0.9893312454223633 4913.85 4915.39 5022.22 4914.91 5022.63 5006.53 4914.26 5007.02
26071-600-M6-066-00002 0.9824746251106262 1970.95 3663.09 2013.75 3662.86 2014.24 3751.71 1971.43 3751.94
26071-600-M6-066-00002 0.9761925339698792 3543.95 2951.81 3585.13 2951.86 3585.01 3048.62 3543.83 3048.57
26071-600-M6-066-00002 0.974309504032135 5184.44 2397.83 5427.10 2398.64 5426.95 2444.09 5184.29 2443.28
26071-600-M6-066-00002 0.974147617816925 1971.72 2717.84 2014.85 2718.01 2014.48 2811.10 1971.34 2810.93
26071-600-M6-066-00002 0.9501066207885742 5966.76 1559.69 6006.96 1559.58 6007.21 1653.78 5967.01 1653.89
26071-600-M6-066-00002 0.14063961803913116 3568.75 2951.93 3742.83 2951.83 3742.89 3044.77 3568.80 3044.87
26071-600-M6-066-00002 0.05056226626038551 3725.56 2770.14 3801.07 2769.98 3801.35 2905.24 3725.84 2905.39
26071-600-M6-066-00003 0.9985353946685791 5341.77 4611.26 5525.52 4612.28 5525.08 4691.17 5341.33 4690.15
26071-600-M6-066-00003 0.9965180158615112 4999.81 4624.68 5102.07 4625.52 5101.24 4726.87 4998.98 4726.03
26071-600-M6-066-00003 0.9732891917228699 3778.94 1772.19 4008.02 1772.73 4007.91 1819.94 3778.83 1819.40
26071-600-M6-066-00003 0.956613302230835 1461.07 4723.19 1504.41 4723.24 1504.28 4818.87 1460.95 4818.81
26071-600-M6-066-00003 0.8616883158683777 7660.84 5392.01 7965.25 5393.86 7964.95 5443.48 7660.54 5441.64
26071-600-M6-066-00012 0.9969872832298279 6171.39 2243.51 6355.41 2244.82 6354.74 2339.34 6170.72 2338.03
26071-600-M6-066-00012 0.996716320514679 5233.66 5857.88 5406.56 5861.32 5404.76 5951.91 5231.86 5948.48
26071-600-M6-066-00012 0.986234188079834 4713.57 4650.23 4830.18 4650.51 4829.94 4748.84 4713.34 4748.56
26071-600-M6-066-00012 0.9859397411346436 1534.82 3519.37 1854.57 3520.48 1854.04 3672.12 1534.29 3671.00
26071-600-M6-066-00012 0.9519410133361816 3216.00 2007.24 3262.69 2006.98 3263.23 2104.93 3216.54 2105.18
26071-600-M6-066-00012 0.9511439204216003 2272.02 2007.47 2318.17 2007.22 2318.69 2105.03 2272.54 2105.28
26071-600-M6-066-00012 0.4527725577354431 3067.73 2005.49 3236.15 2006.26 3235.71 2104.03 3067.28 2103.26
26071-600-M6-066-00012 0.07926498353481293 5139.55 6429.44 5253.88 6432.72 5251.33 6521.92 5137.00 6518.64
26071-675-M6-068-00034 0.9864766597747803 2944.44 5998.09 3231.91 5997.65 3232.06 6100.67 2944.60 6101.11
26071-675-M6-068-00034 0.986132025718689 3106.47 2874.87 3367.23 2875.47 3366.99 2981.02 3106.23 2980.43
26071-675-M6-068-00034 0.985595703125 2349.10 2875.58 2619.04 2876.56 2618.65 2981.79 2348.72 2980.81
26071-675-M6-068-00034 0.9853808283805847 2197.96 6005.97 2475.49 6004.38 2476.12 6115.92 2198.60 6117.50
26071-675-M6-068-00034 0.9838629364967346 5020.84 1866.56 5206.95 1864.94 5207.79 1961.13 5021.67 1962.74
26071-675-M6-068-00034 0.9560683965682983 2679.70 1091.40 2863.89 1092.19 2863.27 1236.65 2679.08 1235.86
26071-675-M6-068-00034 0.9321911334991455 6589.76 3258.05 6903.97 3257.19 6904.09 3301.88 6589.88 3302.74
26071-675-M6-068-00034 0.8822726011276245 3763.07 697.79 4046.02 698.48 4045.84 770.11 3762.89 769.42
26071-675-M6-068-00034 0.8786718249320984 3252.93 970.29 3528.79 973.18 3527.16 1127.97 3251.30 1125.07
26071-675-M6-068-00034 0.7107846736907959 1770.87 4211.19 1949.25 4210.98 1949.36 4304.22 1770.97 4304.43
26071-675-M6-068-00034 0.40461307764053345 2565.41 5381.86 2646.29 5376.46 2653.35 5482.15 2572.46 5487.54
26071-675-M6-068-00034 0.19177907705307007 1601.90 5963.90 1668.26 5963.78 1668.52 6104.39 1602.15 6104.51
26071-675-M6-068-00034 0.11667007952928543 1937.14 1657.16 1993.68 1657.60 1992.66 1789.24 1936.11 1788.80
26071-675-M6-068-00034 0.09095519036054611 2453.17 2772.01 2510.25 2773.74 2506.00 2913.74 2448.91 2912.01
26071-675-M6-068-00034 0.0899922326207161 2833.51 1097.85 2892.70 1098.07 2892.36 1191.59 2833.17 1191.37
26071-675-M6-068-00034 0.07732843607664108 3091.71 2953.87 3213.32 2954.18 3213.22 2996.14 3091.60 2995.83
26071-675-M6-068-00034 0.06599085032939911 6597.75 3196.56 6914.08 3196.04 6914.18 3257.67 6597.85 3258.19
26071-675-M6-068-00034 0.06507266312837601 3241.26 928.05 3458.90 926.82 3459.20 980.19 3241.56 981.42
26071-675-M6-068-00034 0.06086897850036621 1742.46 4207.21 1788.37 4207.11 1788.57 4302.48 1742.67 4302.58
26071-675-M6-068-10002 0.9881155490875244 857.47 4178.77 1166.28 4177.58 1166.87 4329.36 858.05 4330.55
26071-675-M6-068-10002 0.9415168166160583 850.63 2534.11 1163.71 2534.61 1163.47 2680.63 850.39 2680.12
26071-675-M6-068-10002 0.9013409614562988 833.50 5791.45 1182.20 5787.67 1184.26 5977.55 835.56 5981.34
26071-675-M6-068-10002 0.5513406991958618 8021.40 1876.21 8216.82 1876.38 8216.77 1934.74 8021.35 1934.57
26071-675-M6-068-10002 0.4474472105503082 2956.35 4417.57 3139.36 4417.32 3139.47 4499.39 2956.46 4499.63
26071-675-M6-068-10002 0.4258303940296173 2946.91 4583.99 3142.75 4585.02 3142.30 4669.20 2946.46 4668.17
26071-675-M6-068-10002 0.3907979130744934 2960.51 4867.34 3136.82 4868.15 3136.45 4948.38 2960.15 4947.57
26071-675-M6-068-10002 0.3806435465812683 2962.19 4718.25 3137.33 4719.11 3136.95 4797.66 2961.81 4796.80
26071-675-M6-068-10002 0.32101231813430786 6991.83 1829.15 7118.41 1829.78 7117.86 1939.95 6991.28 1939.32
26071-675-M6-068-10002 0.2929478883743286 4295.85 4756.76 4495.88 4756.54 4495.94 4816.11 4295.91 4816.34
26071-675-M6-068-10002 0.2903531491756439 5039.58 1693.46 5293.01 1694.42 5292.70 1775.11 5039.28 1774.14
26071-675-M6-068-10002 0.2752876579761505 4290.66 4561.66 4494.95 4564.17 4493.68 4667.62 4289.39 4665.11
26071-675-M6-068-10002 0.27504441142082214 4417.85 2779.66 4614.23 2781.17 4613.58 2865.03 4417.20 2863.52
26071-675-M6-068-10002 0.2618074119091034 4293.57 1682.09 4419.98 1683.00 4419.22 1787.31 4292.82 1786.40
26071-675-M6-068-10002 0.2441278100013733 3127.70 3230.01 3326.67 3231.59 3326.03 3311.89 3127.06 3310.31
26071-675-M6-068-10002 0.24358946084976196 3129.89 2771.82 3324.76 2772.34 3324.57 2844.33 3129.70 2843.81
26071-675-M6-068-10002 0.24188132584095 4294.89 4414.05 4495.52 4417.01 4493.98 4521.15 4293.35 4518.18
26071-675-M6-068-10002 0.23827333748340607 3127.42 2930.00 3326.79 2931.66 3326.13 3011.91 3126.76 3010.25
26071-675-M6-068-10002 0.23614968359470367 3248.30 1419.39 3447.67 1420.88 3447.05 1504.62 3247.68 1503.13
26071-675-M6-068-10002 0.23606687784194946 4291.23 4861.92 4496.15 4864.75 4494.73 4967.67 4289.81 4964.84
26071-675-M6-068-10002 0.23414579033851624 4417.48 3079.02 4614.11 3080.45 4613.50 3164.60 4416.87 3163.18
26071-675-M6-068-10002 0.23102276027202606 4419.39 2915.49 4610.14 2915.61 4610.08 3018.35 4419.33 3018.24
26071-675-M6-068-10002 0.22227203845977783 7786.39 5918.92 7873.00 5919.62 7871.27 6134.12 7784.66 6133.42
26071-675-M6-068-10002 0.20318543910980225 850.31 5958.28 1172.90 5959.64 1172.72 6003.16 850.12 6001.80
26071-675-M6-068-10002 0.20292577147483826 4410.67 3236.01 4619.46 3237.20 4619.02 3313.95 4410.23 3312.75
26071-675-M6-068-10002 0.2018817663192749 3126.75 3077.03 3329.07 3078.57 3328.50 3152.78 3126.19 3151.24
26071-675-M6-068-10002 0.14474286139011383 5794.17 1688.54 5995.58 1687.25 5996.20 1783.98 5794.79 1785.27
26071-675-M6-068-10002 0.12494518607854843 851.40 2665.04 1164.21 2665.42 1164.16 2710.09 851.34 2709.72
26071-675-M6-068-10002 0.08868338167667389 1856.80 1332.67 1971.87 1333.21 1971.49 1414.17 1856.42 1413.63
26071-675-M6-068-10002 0.07505115121603012 849.51 2166.42 939.84 2167.27 938.54 2305.83 848.22 2304.98
26071-675-M6-068-10002 0.07372306287288666 849.52 5465.76 939.86 5466.60 938.56 5606.19 848.22 5605.35
26071-675-M6-068-10002 0.07114031910896301 7525.94 6007.88 7710.94 6007.91 7710.92 6134.63 7525.92 6134.60
26071-675-M6-068-10002 0.059667300432920456 847.99 3802.72 945.18 3803.46 944.04 3955.93 846.84 3955.20
26071-700-M6-054-00013 0.9934313893318176 4072.69 5992.99 4389.54 5992.40 4389.84 6151.25 4072.99 6151.85
26071-700-M6-054-00013 0.9930700659751892 4071.71 2215.34 4387.97 2214.38 4388.44 2370.58 4072.18 2371.54
26071-700-M6-054-00013 0.9914714694023132 4075.22 4104.21 4387.36 4103.87 4387.53 4260.57 4075.40 4260.91
26071-700-M6-054-00036 0.9966422319412231 4759.86 2550.94 4942.40 2550.00 4942.90 2647.25 4760.36 2648.19
26071-700-M6-054-00036 0.9954497218132019 3215.24 4574.28 3545.37 4575.15 3545.17 4653.83 3215.03 4652.95
26071-700-M6-054-00036 0.9941807389259338 3214.83 4102.52 3549.72 4103.58 3549.51 4170.14 3214.62 4169.08
26071-700-M6-054-00036 0.9931567311286926 3212.04 5342.93 3548.30 5340.54 3548.78 5407.82 3212.52 5410.20
26071-700-M6-054-00036 0.9322807192802429 4759.09 2936.42 4907.21 2937.11 4906.85 3014.19 4758.73 3013.50
26071-700-M6-054-00036 0.8687718510627747 4340.03 1773.80 4385.31 1773.84 4385.22 1866.46 4339.94 1866.41
26071-700-M6-054-00036 0.8177130222320557 4102.50 2361.28 4148.75 2361.38 4148.54 2456.10 4102.29 2456.00
26071-700-M6-054-00036 0.7398754954338074 3955.68 2385.37 4121.72 2386.51 4121.24 2455.75 3955.20 2454.61
26071-700-M6-054-00036 0.12371265143156052 4368.06 1609.17 4454.68 1610.21 4453.26 1728.38 4366.64 1727.34
26071-700-M6-054-00036 0.07134892046451569 4130.24 2203.01 4219.50 2203.76 4218.45 2328.67 4129.19 2327.92
26071-700-M6-054-00036 0.06157756224274635 4157.00 1771.96 4316.88 1761.54 4323.65 1865.42 4163.76 1875.84
26071-700-M6-054-00246 0.9930705428123474 4593.21 4654.17 4775.45 4653.05 4776.01 4744.21 4593.77 4745.33
26071-700-M6-054-00246 0.9920220375061035 3054.60 1958.77 3228.60 1956.10 3230.06 2051.62 3056.07 2054.29
26071-700-M6-054-00246 0.9808119535446167 3873.51 1889.68 3932.31 1889.91 3931.94 1982.87 3873.14 1982.63
26071-700-M6-054-00246 0.06535372883081436 3733.82 1931.62 3872.65 1932.69 3872.25 1984.78 3733.41 1983.70
26071-750-M6-085-00007 0.9959253072738647 6525.12 6583.42 6846.84 6582.02 6847.33 6695.41 6525.62 6696.81
26071-750-M6-085-00007 0.9954752326011658 2622.35 1810.68 2945.55 1809.41 2946.10 1949.54 2622.90 1950.82
26071-750-M6-085-00007 0.9904268980026245 5372.53 5847.39 5553.90 5848.82 5553.08 5952.17 5371.71 5950.74
26071-750-M6-085-00007 0.9756013751029968 5375.79 5468.51 5558.26 5468.35 5558.34 5558.66 5375.87 5558.83
26071-750-M6-085-00007 0.9571409225463867 7068.07 2364.00 7248.07 2362.04 7249.06 2452.94 7069.06 2454.90
26071-750-M6-085-00007 0.9290623664855957 6482.63 2714.42 6532.51 2714.46 6532.44 2810.59 6482.56 2810.55
26071-750-M6-085-00007 0.9064160585403442 5950.54 2244.27 5999.45 2244.52 5998.97 2338.34 5950.06 2338.09
26071-750-M6-085-00007 0.062462519854307175 5327.91 5870.75 5399.43 5870.64 5399.53 5940.14 5328.01 5940.24
26071-750-M6-085-00012 0.9991683959960938 2498.50 2951.78 2666.62 2950.53 2667.17 3024.21 2499.05 3025.45
26071-750-M6-085-00012 0.9991230368614197 6704.19 2772.97 6872.30 2772.89 6872.34 2846.05 6704.23 2846.13
26071-750-M6-085-00012 0.9990490078926086 4531.67 2772.50 4699.58 2772.41 4699.62 2846.73 4531.71 2846.82
26071-750-M6-085-00012 0.9981873631477356 716.32 4508.73 886.06 4510.92 884.82 4606.83 715.09 4604.64
26071-750-M6-085-00012 0.9979392886161804 1358.13 4506.69 1537.90 4508.61 1536.85 4606.82 1357.08 4604.90
26071-750-M6-085-00012 0.9974836707115173 7340.28 1974.71 7526.92 1975.27 7526.60 2081.11 7339.96 2080.56
26071-750-M6-085-00012 0.9972502589225769 3270.09 2155.71 3452.16 2156.03 3451.98 2259.94 3269.90 2259.61
26071-750-M6-085-00012 0.996951699256897 3658.28 2266.20 3839.75 2267.29 3839.18 2363.33 3657.70 2362.24
26071-750-M6-085-00012 0.9966728687286377 1368.64 4143.81 1534.82 4145.82 1533.69 4239.39 1367.51 4237.39
26071-750-M6-085-00012 0.9966127276420593 5154.92 1977.11 5340.90 1976.76 5341.09 2081.50 5155.12 2081.85
26071-750-M6-085-00012 0.9960881471633911 4376.83 2931.10 4683.50 2930.80 4683.57 2997.40 4376.90 2997.70
26071-750-M6-085-00012 0.9920116066932678 6541.53 2929.97 6870.28 2930.05 6870.26 2998.12 6541.52 2998.04
26071-750-M6-085-00012 0.9867540001869202 6245.26 1902.21 6420.40 1901.61 6420.73 1997.81 6245.59 1998.41
26071-750-M6-085-00012 0.9754271507263184 1199.59 5339.02 1585.41 5338.46 1585.47 5382.41 1199.65 5382.97
26071-750-M6-085-00012 0.9733017086982727 7182.53 1299.97 7368.02 1298.56 7368.71 1389.74 7183.23 1391.15
26071-750-M6-085-00012 0.9730227589607239 4017.07 6465.89 4354.42 6463.40 4355.62 6626.22 4018.28 6628.71
26071-750-M6-085-00012 0.9729751944541931 712.55 4145.33 887.12 4145.10 887.24 4240.37 712.67 4240.59
26071-750-M6-085-00012 0.9718917012214661 4057.90 1901.43 4233.82 1902.17 4233.40 2000.71 4057.49 1999.96
26071-750-M6-085-00012 0.9690422415733337 4138.26 5340.12 4484.27 5340.29 4484.25 5387.23 4138.23 5387.05
26071-750-M6-085-00012 0.9578782320022583 6233.15 5341.25 6551.39 5341.74 6551.31 5389.03 6233.07 5388.54
26071-750-M6-085-00012 0.8666920065879822 7641.28 1181.63 7692.70 1181.91 7692.19 1275.04 7640.77 1274.76
26071-750-M6-085-00012 0.8550854325294495 3031.64 4407.69 3110.31 4408.06 3110.10 4453.55 3031.42 4453.18
26071-750-M6-085-00012 0.8437480330467224 6251.95 2268.69 6425.08 2269.46 6424.71 2351.66 6251.59 2350.89
26071-750-M6-085-00012 0.8419361114501953 1229.17 2533.89 1571.46 2535.27 1571.17 2607.67 1228.88 2606.30
26071-750-M6-085-00012 0.5808541178703308 3934.46 1900.23 4070.83 1898.66 4071.97 1998.05 3935.60 1999.62
26071-750-M6-085-00012 0.5581324100494385 6118.27 1902.01 6268.15 1899.19 6269.95 1994.59 6120.07 1997.41
26071-750-M6-085-00012 0.5080430507659912 1692.13 3582.01 1803.65 3583.18 1802.47 3695.23 1690.95 3694.06
26071-750-M6-085-00012 0.2895262539386749 3993.56 6613.48 4381.11 6612.45 4381.21 6651.44 3993.66 6652.47
26071-750-M6-085-00012 0.19225409626960754 6229.22 2217.86 6274.75 2218.02 6274.26 2363.74 6228.73 2363.59
26071-750-M6-085-00012 0.1363602727651596 1629.17 4509.16 1738.82 4507.65 1740.22 4608.73 1630.57 4610.25
26071-750-M6-085-00012 0.13178840279579163 2467.01 3683.55 2591.50 3684.25 2591.11 3753.55 2466.62 3752.85
26071-750-M6-085-00012 0.09121834486722946 918.97 3670.36 976.52 3671.31 974.49 3795.15 916.94 3794.21
26071-750-M6-085-00012 0.08557960391044617 7480.42 1187.12 7644.49 1185.11 7645.59 1275.29 7481.53 1277.30
26071-750-M6-085-00012 0.05788237228989601 7675.26 1030.86 7759.66 1031.62 7758.79 1128.44 7674.38 1127.68
26071-750-M6-085-00012 0.05574063956737518 7296.46 1964.81 7362.70 1964.83 7362.68 2076.48 7296.43 2076.46
26071-750-M6-085-00286 0.16205894947052002 2956.34 3824.86 3018.21 3824.94 3018.02 3978.43 2956.14 3978.35
26071-750-M6-085-00286 0.08755464106798172 5347.18 3439.67 5413.02 3440.28 5411.60 3592.87 5345.76 3592.26
26071-750-M6-085-00286 0.06473913043737411 5743.11 2993.47 5791.82 2993.80 5791.08 3104.33 5742.37 3104.00
26071-750-M6-085-00309 0.9912058711051941 1591.28 1920.41 1888.98 1921.65 1888.78 1970.76 1591.08 1969.52
26071-750-M6-085-00309 0.1055024042725563 1734.01 3642.65 1807.80 3642.61 1807.86 3759.79 1734.07 3759.83
26071-750-M6-085-00309 0.06993300467729568 1729.26 2497.42 1817.42 2497.72 1817.09 2594.76 1728.93 2594.46
26071-750-M6-085-00309 0.052045661956071854 3359.45 2951.55 3537.62 2950.21 3538.36 3049.72 3360.19 3051.05
26071-750-M6-085-00309 0.05021467059850693 4973.79 2952.77 5155.16 2951.70 5155.74 3050.20 4974.37 3051.26
