26071-203-M6-060-00006 0.08217162638902664 3462.43 3821.62 3580.16 3822.84 3578.93 3942.03 3461.19 3940.81
26071-203-M6-060-00006 0.06684239208698273 2907.56 3821.96 3019.78 3823.16 3018.50 3942.84 2906.28 3941.64
26071-450-M6-082-00221 0.05386413633823395 4553.05 3934.47 4650.23 3934.81 4649.90 4028.65 4552.72 4028.31
26071-500-M6-059-00044 0.2798197269439697 2801.89 1979.26 2917.65 1978.96 2917.92 2084.43 2802.16 2084.72
26071-500-M6-059-00044 0.12798210978507996 3885.32 4332.86 3946.54 4333.59 3943.90 4554.69 3882.68 4553.96
26071-500-M6-059-00044 0.06050078198313713 1783.80 4344.32 1852.52 4342.13 1858.10 4517.08 1789.38 4519.27
26071-600-M6-065-00037 0.10313422232866287 5205.01 4594.39 5315.19 4593.96 5315.66 4715.86 5205.48 4716.29
26071-600-M6-065-00037 0.06893637031316757 1900.73 4588.47 1996.79 4589.31 1995.59 4727.05 1899.52 4726.20
26071-750-M6-085-00012 0.25504252314567566 696.69 2149.82 829.57 2149.36 829.96 2263.36 697.08 2263.82
26071-750-M6-085-00309 0.05529330298304558 5778.48 3142.38 5927.32 3142.34 5927.35 3281.61 5778.51 3281.65
