26071-200-M6-052-00090 0.994534969329834 7259.33 4001.85 7291.93 4002.14 7290.81 4126.45 7258.21 4126.16
26071-200-M6-052-00090 0.9910848736763 5934.43 5195.37 5966.67 5195.25 5967.12 5315.33 5934.87 5315.45
26071-200-M6-052-00090 0.9901043772697449 3315.65 6060.61 3347.94 6060.84 3347.00 6189.86 3314.71 6189.63
26071-200-M6-052-00090 0.9816655516624451 8030.94 3751.61 8151.94 3752.13 8151.80 3783.91 8030.81 3783.38
26071-200-M6-052-00090 0.9806314706802368 3787.92 6063.12 3819.70 6063.27 3819.11 6188.69 3787.33 6188.54
26071-200-M6-052-00090 0.98042231798172 3597.44 6064.50 3629.43 6064.34 3630.07 6191.35 3598.07 6191.51
26071-200-M6-052-00090 0.9668413996696472 6150.81 5688.58 6269.05 5688.87 6268.97 5721.30 6150.73 5721.02
26071-200-M6-052-00090 0.9660714268684387 3125.66 6066.14 3158.14 6066.18 3157.97 6188.48 3125.49 6188.43
26071-200-M6-052-00090 0.9616310596466064 6154.06 5523.45 6266.23 5523.42 6266.24 5556.69 6154.07 5556.72
26071-200-M6-052-00090 0.95524662733078 7088.59 4365.21 7205.00 4365.54 7204.90 4400.25 7088.49 4399.92
26071-200-M6-052-00090 0.941184401512146 3308.97 1188.10 3427.67 1188.48 3427.57 1220.87 3308.86 1220.49
26071-200-M6-052-00090 0.9384097456932068 7089.43 4554.60 7204.03 4554.59 7204.03 4588.40 7089.44 4588.41
26071-200-M6-052-00090 0.9148885011672974 6439.10 5168.64 6553.24 5168.99 6553.14 5201.37 6439.00 5201.02
26071-200-M6-052-00090 0.7055114507675171 6439.36 2842.10 6556.92 2842.14 6556.91 2875.49 6439.35 2875.46
26071-200-M6-052-00093 0.9928675889968872 7059.68 3584.05 7090.62 3584.13 7090.32 3707.20 7059.38 3707.12
26071-200-M6-052-00093 0.9838607311248779 5263.24 1618.78 5294.80 1618.94 5294.16 1747.40 5262.60 1747.24
26071-200-M6-052-00093 0.9819763898849487 6775.15 3587.49 6806.99 3587.62 6806.48 3706.45 6774.64 3706.31
26071-200-M6-052-00093 0.9611722826957703 4959.88 1908.06 5079.88 1908.67 5079.72 1941.13 4959.72 1940.52
26071-203-M6-325-00013 0.9970322847366333 5498.57 2396.69 5530.59 2396.65 5530.72 2516.35 5498.70 2516.39
26071-203-M6-325-00013 0.9918810725212097 6564.18 2396.83 6596.41 2397.05 6595.61 2515.70 6563.38 2515.48
26071-300-M6-053-00012 0.9911627769470215 2392.32 1934.89 2424.20 1934.97 2423.92 2056.05 2392.04 2055.98
26071-300-M6-053-00012 0.9879516959190369 2994.96 1701.07 3026.88 1701.07 3026.89 1819.98 2994.97 1819.98
26071-600-M6-065-00021 0.9889544248580933 4908.05 1344.74 4940.07 1344.75 4940.01 1465.62 4907.99 1465.61
26071-600-M6-065-00021 0.07375073432922363 4586.92 1637.16 4700.37 1637.07 4700.40 1669.23 4586.94 1669.32
26071-600-M6-065-00259 0.9918280839920044 708.97 2948.56 829.26 2947.95 829.42 2980.36 709.14 2980.98
26071-600-M6-065-00259 0.9909400939941406 7678.19 4436.09 7798.76 4435.82 7798.83 4468.28 7678.26 4468.55
26071-600-M6-065-00259 0.9891419410705566 7680.38 5523.94 7798.50 5523.56 7798.60 5556.15 7680.48 5556.52
26071-600-M6-065-00259 0.9852773547172546 710.94 1720.12 829.79 1719.84 829.87 1752.21 711.02 1752.49
26071-700-M6-054-00246 0.9870414733886719 4017.03 2003.69 4135.75 2003.34 4135.84 2035.11 4017.13 2035.46
26071-700-M6-054-00246 0.9845830202102661 2892.14 2203.70 3015.90 2203.71 3015.89 2236.50 2892.14 2236.50
26071-750-M6-085-00007 0.27343466877937317 6336.46 6192.79 6368.49 6192.78 6368.52 6308.69 6336.49 6308.70
26071-750-M6-085-00007 0.26322758197784424 7117.26 6194.06 7148.65 6194.21 7148.07 6309.65 7116.69 6309.49
26071-750-M6-085-00007 0.23095472157001495 6916.24 6187.25 6947.77 6187.30 6947.56 6311.35 6916.03 6311.29
26071-750-M6-085-00012 0.27260738611221313 1224.44 3581.21 1258.68 3581.88 1256.18 3709.69 1221.94 3709.03
