26071-200-M6-052-00150 0.10079476982355118 4547.65 5832.60 4655.06 5833.44 4654.63 5889.10 4547.22 5888.27
26071-200-M6-052-00150 0.0916200801730156 5841.73 5830.98 5953.30 5831.98 5952.78 5889.20 5841.21 5888.19
26071-200-M6-052-00544 0.05620991811156273 4259.09 3875.46 4365.92 3875.68 4365.54 4064.00 4258.71 4063.78
26071-200-M6-062-00276 0.10634663701057434 1259.74 3906.49 1337.92 3907.19 1335.70 4155.16 1257.51 4154.46
26071-203-M6-337-00007 0.8666844964027405 3235.96 5334.87 3307.17 5335.54 3305.51 5511.76 3234.30 5511.09
26071-203-M6-337-00007 0.8651994466781616 3235.98 2635.01 3307.23 2635.68 3305.57 2812.07 3234.31 2811.40
26071-203-M6-337-00007 0.8353809118270874 5222.90 5629.33 5297.93 5629.83 5296.71 5813.65 5221.67 5813.15
26071-203-M6-337-00007 0.8295025825500488 5225.15 2934.78 5302.01 2934.70 5302.19 3115.07 5225.33 3115.15
26071-300-M6-053-00309 0.10743063688278198 5475.41 4661.23 5624.13 4662.77 5621.47 4920.48 5472.75 4918.94
26071-300-M6-053-00309 0.08921309560537338 4331.29 2019.56 4407.90 2020.00 4407.30 2124.18 4330.70 2123.74
26071-500-M6-059-00013 0.8961269855499268 4689.40 4344.35 4758.64 4344.14 4759.20 4535.21 4689.97 4535.41
26071-500-M6-059-00013 0.8301241397857666 2777.49 2917.41 2945.90 2919.78 2944.88 2991.92 2776.48 2989.55
26071-750-M6-085-00309 0.08329412341117859 2979.39 3617.99 3109.38 3616.51 3111.28 3782.33 2981.28 3783.81
