26071-200-M6-052-00001 0.07500341534614563 3504.08 4835.30 3545.97 4835.64 3544.62 5000.88 3502.73 5000.54
26071-200-M6-052-00002 0.05985274165868759 4094.06 4396.83 4135.17 4397.01 4134.47 4551.82 4093.36 4551.63
26071-200-M6-052-00003 0.09152127802371979 5647.27 4173.21 5696.82 4173.41 5696.18 4327.35 5646.62 4327.14
26071-200-M6-052-00539 0.08507169038057327 1966.51 4101.33 2010.41 4101.55 2009.67 4251.28 1965.76 4251.06
26071-200-M6-052-00544 0.374554842710495 4536.64 4136.14 4679.37 4138.90 4678.58 4180.03 4535.85 4177.27
26071-200-M6-062-00276 0.06275498867034912 4130.82 4052.18 4255.35 4052.59 4255.19 4100.74 4130.66 4100.34
26071-203-M6-337-00031 0.06826932728290558 2728.97 2232.25 2866.84 2231.98 2866.92 2272.92 2729.05 2273.19
26071-500-M6-059-00040 0.20493192970752716 1478.99 2500.52 1594.50 2500.11 1594.69 2553.55 1479.18 2553.97
26071-500-M6-059-00040 0.1634523719549179 1479.53 2381.12 1595.92 2380.82 1596.06 2433.95 1479.67 2434.26
26071-750-M6-085-00286 0.15828634798526764 4658.88 3542.57 4792.47 3544.11 4791.92 3592.24 4658.33 3590.71
