26071-200-M6-052-00003 0.060479000210762024 3052.45 1371.61 3094.84 1370.76 3095.62 1409.57 3053.23 1410.42
26071-200-M6-052-00080 0.11522528529167175 2504.79 6459.54 2552.83 6458.64 2553.72 6506.26 2505.67 6507.15
26071-200-M6-052-00080 0.07055781036615372 2637.68 6462.22 2690.02 6460.95 2691.11 6505.70 2638.77 6506.97
26071-200-M6-052-00090 0.06770920753479004 3379.34 6049.53 3427.86 6049.72 3427.68 6095.44 3379.16 6095.25
26071-200-M6-052-00150 0.18760040402412415 4521.00 3074.35 4559.27 3074.85 4558.69 3119.22 4520.43 3118.72
26071-200-M6-052-00150 0.11508255451917648 2494.22 3081.85 2586.90 3082.54 2586.41 3148.65 2493.74 3147.96
26071-203-M6-060-00006 0.9999085664749146 6046.63 3850.42 6094.72 3850.44 6094.70 3897.26 6046.61 3897.24
26071-203-M6-060-00006 0.9998776912689209 6187.40 4462.18 6236.43 4462.38 6236.24 4510.98 6187.20 4510.78
26071-203-M6-060-00006 0.9998656511306763 6188.52 3850.18 6236.93 3850.28 6236.83 3897.63 6188.42 3897.52
26071-203-M6-060-00006 0.9998111128807068 6046.57 4462.81 6093.23 4462.81 6093.22 4511.61 6046.56 4511.60
26071-203-M6-320-00008 0.9998964071273804 4691.80 4153.01 4739.79 4153.17 4739.62 4201.08 4691.63 4200.91
26071-203-M6-320-00008 0.9998658895492554 2275.88 4243.00 2326.84 4243.68 2326.20 4291.57 2275.23 4290.89
26071-203-M6-332-00008 0.9998971223831177 6791.78 3671.45 6839.32 3671.95 6838.78 3722.59 6791.24 3722.09
26071-203-M6-332-00008 0.9998948574066162 2398.96 3582.96 2445.80 3582.89 2445.88 3631.33 2399.04 3631.41
26071-203-M6-332-00008 0.9998834133148193 1952.56 3672.20 2001.97 3672.58 2001.60 3720.47 1952.20 3720.09
26071-203-M6-332-00008 0.9998724460601807 4798.38 3582.43 4846.28 3582.40 4846.32 3630.18 4798.41 3630.22
26071-203-M6-332-00008 0.999846339225769 4352.18 3672.00 4401.49 3672.33 4401.16 3720.75 4351.85 3720.41
26071-203-M6-332-00008 0.9998055100440979 7231.32 3582.48 7279.36 3582.86 7278.97 3630.81 7230.94 3630.42
26071-300-M6-053-00012 0.9998573064804077 6117.23 5738.56 6165.05 5738.49 6165.12 5786.89 6117.30 5786.96
26071-300-M6-053-00012 0.9998365640640259 4228.59 5738.67 4274.32 5738.64 4274.35 5787.56 4228.62 5787.59
26071-300-M6-053-00012 0.07833652198314667 2692.16 1794.77 2739.01 1794.59 2739.19 1842.81 2692.35 1842.99
26071-300-M6-053-00309 0.9998213648796082 5820.99 4758.57 5870.39 4758.48 5870.47 4806.78 5821.07 4806.87
26071-500-M6-059-00011 0.521652340888977 6895.30 2858.46 6946.09 2857.34 6947.12 2904.27 6896.33 2905.38
26071-500-M6-059-00040 0.1636415719985962 2572.80 1440.08 2621.48 1440.21 2621.35 1489.37 2572.67 1489.24
26071-500-M6-059-00044 0.9999189376831055 3801.52 4817.56 3850.02 4817.50 3850.08 4865.96 3801.57 4866.01
26071-500-M6-059-00044 0.9997491240501404 2288.97 4817.73 2338.40 4818.10 2338.05 4866.81 2288.61 4866.45
26071-500-M6-059-00044 0.9996778964996338 7404.81 4817.57 7452.77 4817.88 7452.45 4866.92 7404.49 4866.61
26071-500-M6-059-00044 0.9995375871658325 5868.31 4817.61 5916.37 4818.05 5915.92 4866.92 5867.86 4866.48
26071-600-M6-065-00037 0.8787565231323242 3103.01 3341.26 3151.49 3342.34 3150.38 3392.00 3101.91 3390.92
26071-600-M6-065-00037 0.30267414450645447 6529.19 3383.58 6589.03 3384.48 6588.27 3434.62 6528.43 3433.72
26071-675-M6-068-00034 0.0567411370575428 3814.24 5619.40 3865.12 5618.96 3865.55 5667.46 3814.66 5667.91
26071-750-M6-085-00007 0.9997817873954773 2928.62 3554.06 2976.67 3554.06 2976.68 3602.56 2928.62 3602.57
26071-750-M6-085-00007 0.9996955394744873 2928.56 2138.00 2976.22 2138.03 2976.19 2185.59 2928.53 2185.56
26071-750-M6-085-00007 0.9996340274810791 3283.70 2137.01 3331.76 2137.05 3331.72 2185.82 3283.66 2185.78
26071-750-M6-085-00007 0.9996222257614136 3282.24 3555.56 3331.92 3555.82 3331.67 3603.79 3281.99 3603.53
