26071-200-M6-052-00001 0.644505500793457 5652.83 1618.99 5743.58 1618.64 5743.94 1710.55 5653.19 1710.90
26071-200-M6-052-00002 0.4605728089809418 6003.87 1029.92 6098.78 1027.99 6100.48 1111.92 6005.58 1113.85
26071-200-M6-052-00080 0.07560555636882782 2153.28 4164.61 2234.97 4164.49 2235.08 4241.23 2153.39 4241.35
26071-200-M6-052-00080 0.057267963886260986 5577.11 4166.32 5657.71 4166.33 5657.70 4245.37 5577.10 4245.36
26071-200-M6-052-00090 0.9883025288581848 3141.20 4016.45 3237.76 4017.69 3236.59 4108.95 3140.04 4107.72
26071-200-M6-052-00090 0.9864673018455505 6155.46 4013.97 6244.71 4014.15 6244.52 4108.27 6155.28 4108.10
26071-200-M6-052-00150 0.9971200227737427 1372.07 2398.97 1464.15 2398.64 1464.49 2493.94 1372.41 2494.27
26071-200-M6-052-00150 0.07853282988071442 5521.21 5836.30 5579.85 5836.59 5579.19 5970.29 5520.54 5970.00
26071-203-M6-160-00291 0.1315375417470932 2163.68 5426.82 2250.76 5426.43 2251.13 5507.10 2164.05 5507.49
26071-203-M6-160-00291 0.09488528966903687 4654.71 5426.76 4742.34 5426.37 4742.70 5506.66 4655.07 5507.06
26071-203-M6-320-00008 0.05538889020681381 1848.30 4226.94 1935.56 4227.30 1935.23 4307.03 1847.97 4306.66
26071-300-M6-053-00010 0.9981870055198669 7040.77 3130.69 7130.33 3129.68 7131.36 3221.12 7041.80 3222.12
26071-300-M6-053-00010 0.1833241730928421 6039.61 1729.55 6117.33 1730.13 6116.79 1803.16 6039.06 1802.57
26071-450-M6-082-00009 0.9980740547180176 1843.38 5255.18 1935.65 5256.03 1934.79 5349.69 1842.52 5348.84
26071-450-M6-082-00221 0.8569180965423584 4558.78 2634.98 4653.09 2634.91 4653.16 2725.96 4558.85 2726.04
26071-450-M6-082-00221 0.7923355102539062 4556.34 5225.92 4651.44 5222.23 4654.84 5309.66 4559.74 5313.36
26071-450-M6-082-00221 0.7392203211784363 4557.82 3934.19 4654.49 3933.90 4654.78 4027.14 4558.11 4027.44
26071-450-M6-082-00221 0.7372931838035583 6568.53 1334.83 6660.05 1335.81 6659.02 1432.34 6567.50 1431.37
26071-500-M6-059-00044 0.09732674062252045 2799.93 1975.64 2914.86 1972.45 2917.97 2084.49 2803.04 2087.68
26071-500-M6-059-00071 0.177194282412529 1999.20 3798.65 2104.47 3794.32 2107.99 3879.75 2002.72 3884.09
26071-500-M6-059-00116 0.11008229851722717 5104.76 1338.06 5183.80 1338.56 5183.34 1410.90 5104.30 1410.40
26071-550-M6-084-00248 0.9921131134033203 1963.51 5078.29 2049.97 5076.42 2051.97 5168.86 1965.52 5170.73
26071-600-M6-066-00003 0.06711816787719727 4868.52 2135.43 4970.02 2132.63 4972.85 2235.29 4871.35 2238.09
26071-700-M6-054-00036 0.10966071486473083 6215.67 3383.05 6295.70 3382.84 6295.89 3457.38 6215.86 3457.58
