26071-200-M6-052-00001 0.0528218038380146 3440.96 2849.73 3523.49 2849.83 3523.45 2883.79 3440.92 2883.69
26071-200-M6-052-00002 0.05206742137670517 6887.14 1259.11 6933.54 1260.66 6932.56 1289.95 6886.17 1288.40
26071-200-M6-052-00080 0.8738530874252319 6239.44 3893.32 6287.29 3894.56 6286.51 3924.66 6238.66 3923.42
26071-200-M6-052-00080 0.8133437037467957 2813.33 3892.66 2863.81 3893.62 2863.22 3924.27 2812.74 3923.31
26071-200-M6-052-00080 0.19240234792232513 2562.04 6346.61 2612.91 6348.27 2611.79 6382.68 2560.91 6381.02
26071-200-M6-052-00090 0.6635247468948364 5467.70 3478.84 5515.68 3479.98 5515.09 3504.80 5467.11 3503.66
26071-200-M6-052-00090 0.6266022324562073 2456.53 3478.28 2504.81 3479.56 2504.12 3505.45 2455.84 3504.17
26071-200-M6-052-00090 0.1161278784275055 6417.94 5096.04 6457.84 5096.47 6457.56 5123.23 6417.66 5122.80
26071-200-M6-052-00150 0.9992159605026245 1533.47 1912.57 1558.19 1912.81 1557.72 1960.92 1533.00 1960.67
26071-200-M6-052-00540 0.9996010661125183 755.87 3329.26 780.34 3329.47 779.92 3378.77 755.45 3378.56
26071-200-M6-052-00544 0.2080790400505066 1684.30 3482.69 1726.77 3483.61 1726.35 3502.71 1683.89 3501.79
26071-200-M6-063-00010 0.09341733902692795 5637.42 5578.82 5701.18 5578.82 5701.17 5598.31 5637.41 5598.30
26071-203-M6-160-00291 0.9586611390113831 2456.95 3364.16 2503.62 3363.99 2503.72 3389.35 2457.04 3389.52
26071-203-M6-160-00291 0.20607689023017883 5580.97 4981.43 5638.87 4981.23 5638.94 5001.98 5581.05 5002.19
26071-203-M6-160-00291 0.07442094385623932 1791.60 1386.07 1842.17 1384.60 1842.66 1401.57 1792.09 1403.05
26071-203-M6-325-00012 0.0818285346031189 3852.90 1525.85 3886.00 1525.59 3886.37 1572.96 3853.28 1573.22
26071-203-M6-325-00012 0.06584618240594864 4212.30 3778.21 4245.64 3777.85 4246.13 3823.65 4212.79 3824.00
26071-203-M6-325-00013 0.5057806968688965 2345.79 4345.30 2395.15 4345.79 2394.88 4373.06 2345.53 4372.57
26071-203-M6-332-00001 0.9988130331039429 6118.68 1111.55 6142.87 1111.82 6142.33 1160.88 6118.14 1160.62
26071-203-M6-332-00008 0.9982478618621826 8188.33 2012.08 8211.95 2011.96 8212.19 2058.77 8188.57 2058.89
26071-500-M6-059-00011 0.999229907989502 7558.02 3719.36 7581.33 3719.69 7580.67 3767.67 7557.35 3767.35
26071-500-M6-059-00071 0.13054992258548737 6586.26 3453.53 6648.59 3453.67 6648.52 3487.89 6586.18 3487.75
26071-500-M6-059-00116 0.20586954057216644 4347.12 3295.76 4389.94 3295.94 4389.76 3335.85 4346.95 3335.66
26071-600-M6-065-00021 0.05718744173645973 6461.01 4042.52 6516.89 4043.95 6516.04 4077.16 6460.17 4075.74
26071-600-M6-065-00037 0.052667804062366486 2579.97 2088.69 2614.05 2088.93 2613.63 2147.34 2579.56 2147.10
26071-600-M6-065-00259 0.9990355968475342 589.75 3212.32 615.07 3212.42 614.88 3259.61 589.56 3259.51
26071-600-M6-065-00259 0.9924701452255249 8125.08 4151.79 8148.58 4151.89 8148.36 4206.55 8124.86 4206.46
26071-600-M6-066-00002 0.1478298455476761 4406.68 3753.83 4439.56 3753.97 4439.31 3813.80 4406.43 3813.67
26071-600-M6-066-00012 0.37691372632980347 6117.21 3569.86 6167.26 3569.97 6167.19 3602.99 6117.14 3602.88
26071-600-M6-066-00012 0.060673899948596954 3872.93 3615.38 3925.60 3615.74 3925.38 3648.85 3872.70 3648.49
26071-675-M6-068-00034 0.9984520673751831 2623.13 2221.43 2647.10 2221.60 2646.76 2270.65 2622.79 2270.48
26071-675-M6-068-00034 0.9965196847915649 3537.74 6392.06 3563.15 6392.20 3562.89 6438.92 3537.48 6438.77
26071-675-M6-068-10002 0.08265910297632217 3166.18 1437.44 3198.99 1437.63 3198.70 1488.36 3165.90 1488.17
26071-700-M6-054-00036 0.3786897361278534 4641.18 3499.99 4689.74 3500.57 4689.35 3532.86 4640.79 3532.27
26071-750-M6-085-00007 0.0583210214972496 2805.99 1385.68 2857.63 1384.25 2858.12 1402.07 2806.49 1403.49
26071-750-M6-085-00286 0.19175347685813904 3046.13 3876.61 3094.83 3876.93 3094.59 3913.88 3045.88 3913.56
