26071-203-M6-332-00001 0.16221633553504944 3918.18 2726.41 3935.20 2722.25 3938.57 2736.09 3921.56 2740.24
26071-203-M6-332-00001 0.15192826092243195 6018.15 2726.45 6034.87 2722.13 6038.45 2736.00 6021.74 2740.32
26071-203-M6-332-00001 0.1385284811258316 5598.08 2727.55 5616.27 2721.78 5620.59 2735.38 5602.40 2741.15
26071-203-M6-332-00001 0.1384013295173645 3498.44 2727.72 3516.00 2721.67 3520.63 2735.13 3503.06 2741.17
26071-203-M6-332-00001 0.13481689989566803 5178.44 2727.72 5196.00 2721.66 5200.65 2735.11 5183.09 2741.18
26071-203-M6-332-00001 0.13353268802165985 3078.09 2727.54 3096.30 2721.76 3100.62 2735.37 3082.40 2741.15
26071-203-M6-332-00001 0.11805225163698196 4338.44 2727.85 4356.00 2721.70 4360.71 2735.16 4343.16 2741.31
26071-203-M6-332-00001 0.07760250568389893 4756.94 2726.78 4775.62 2721.68 4779.50 2735.88 4760.82 2740.98
26071-300-M6-053-00309 0.09049524366855621 5540.87 5098.66 5557.72 5094.55 5560.30 5105.12 5543.46 5109.24
26071-500-M6-059-00116 0.4408680200576782 6817.83 5273.63 6830.37 5273.56 6830.56 5306.21 6818.01 5306.28
26071-550-M6-084-00026 0.1764979362487793 2315.52 3280.14 2331.86 3279.05 2333.11 3297.82 2316.77 3298.91
26071-600-M6-066-00003 0.05387607961893082 1576.83 4888.29 1594.98 4888.48 1594.44 4939.49 1576.29 4939.29
26071-675-M6-068-10002 0.11942904442548752 3820.07 1996.24 3838.70 1994.99 3840.06 2015.10 3821.42 2016.35
26071-675-M6-068-10002 0.07109001278877258 7533.54 2129.29 7551.59 2128.00 7553.17 2150.10 7535.12 2151.39
26071-675-M6-068-10002 0.06864987313747406 5432.77 1995.95 5450.12 1994.42 5451.90 2014.52 5434.55 2016.06
26071-675-M6-068-10002 0.06786425411701202 4629.60 1996.00 4646.20 1994.53 4647.98 2014.56 4631.38 2016.03
26071-675-M6-068-10002 0.06077360734343529 6481.74 2130.49 6498.76 2129.32 6500.17 2149.66 6483.14 2150.84
