26071-200-M6-052-00001 0.14192935824394226 5640.22 1626.24 5734.72 1625.75 5735.17 1713.69 5640.68 1714.18
26071-200-M6-052-00002 0.35821932554244995 5999.66 1067.94 6086.70 1066.39 6087.96 1136.98 6000.92 1138.53
26071-200-M6-052-00003 0.9998323917388916 4465.14 3734.12 4511.90 3733.95 4512.29 3848.16 4465.53 3848.32
26071-200-M6-052-00003 0.2926309108734131 4520.71 3748.45 4579.29 3748.01 4580.01 3844.84 4521.43 3845.28
26071-200-M6-052-00003 0.0710776299238205 2949.09 4017.01 2998.76 4012.15 3007.67 4103.10 2958.00 4107.97
26071-200-M6-052-00080 0.9998495578765869 7180.62 3719.32 7228.46 3719.36 7228.38 3834.46 7180.54 3834.43
26071-200-M6-052-00080 0.9998230338096619 3756.63 3721.30 3803.59 3721.70 3802.62 3833.25 3755.66 3832.85
26071-200-M6-052-00080 0.9998136162757874 7181.27 4103.02 7228.07 4102.79 7228.63 4217.81 7181.83 4218.04
26071-200-M6-052-00080 0.9997929930686951 3757.44 4103.62 3803.74 4104.09 3802.59 4217.15 3756.30 4216.69
26071-200-M6-052-00080 0.13108889758586884 7246.50 4098.85 7286.16 4099.16 7285.27 4213.52 7245.61 4213.21
26071-200-M6-052-00080 0.12350139766931534 3820.86 3724.90 3870.97 3725.21 3870.35 3824.73 3820.24 3824.42
26071-200-M6-052-00080 0.1112251877784729 7240.66 3732.08 7290.63 3732.66 7289.49 3829.99 7239.52 3829.40
26071-200-M6-052-00080 0.06747882068157196 2147.24 4168.11 2226.47 4168.27 2226.32 4241.72 2147.09 4241.56
26071-200-M6-052-00090 0.999832272529602 3401.07 3689.91 3448.46 3689.72 3448.91 3801.90 3401.51 3802.08
26071-200-M6-052-00090 0.9998230338096619 3401.37 3305.25 3449.29 3305.25 3449.29 3418.87 3401.37 3418.87
26071-200-M6-052-00090 0.9997904896736145 6413.53 3304.27 6460.09 3304.27 6460.10 3419.28 6413.54 3419.28
26071-200-M6-052-00090 0.9997832179069519 6412.88 3689.42 6460.74 3689.42 6460.75 3803.90 6412.88 3803.90
26071-200-M6-052-00090 0.06012675166130066 1700.01 3755.17 1776.55 3755.14 1776.58 3830.96 1700.04 3830.99
26071-200-M6-052-00093 0.9998049139976501 4678.03 1327.59 4723.96 1326.95 4725.56 1441.09 4679.62 1441.73
26071-200-M6-052-00093 0.999778687953949 4678.47 2467.00 4724.95 2467.16 4724.56 2583.82 4678.09 2583.67
26071-200-M6-052-00093 0.9997660517692566 4675.89 3684.01 4724.79 3684.14 4724.47 3804.76 4675.57 3804.63
26071-200-M6-052-00093 0.9996412992477417 4677.75 4711.02 4724.92 4710.67 4725.79 4828.58 4678.63 4828.93
26071-200-M6-052-00093 0.2887958288192749 4735.34 4724.43 4787.00 4724.87 4786.12 4826.42 4734.46 4825.98
26071-200-M6-052-00093 0.25238871574401855 4733.67 2480.27 4785.47 2480.34 4785.34 2582.78 4733.53 2582.71
26071-200-M6-052-00093 0.07746262103319168 4735.44 3699.25 4785.83 3699.46 4785.40 3801.60 4735.01 3801.39
26071-200-M6-052-00150 0.10667863488197327 5524.15 5855.81 5575.65 5854.82 5577.94 5973.83 5526.44 5974.82
26071-200-M6-052-00150 0.09858755767345428 4225.50 5855.95 4275.69 5854.82 4278.36 5973.85 4228.17 5974.98
26071-200-M6-052-00539 0.9998356103897095 3993.43 5615.61 4040.30 5615.31 4041.03 5728.39 3994.16 5728.70
26071-200-M6-052-00539 0.9998207688331604 3993.46 5230.33 4040.04 5229.97 4040.93 5344.19 3994.36 5344.56
26071-200-M6-052-00544 0.12147186696529388 4549.48 4129.63 4671.41 4132.16 4670.40 4180.43 4548.47 4177.89
26071-200-M6-052-00552 0.9997945427894592 3992.81 2252.21 4040.48 2252.29 4040.30 2370.44 3992.63 2370.37
26071-200-M6-062-00276 0.9556333422660828 3636.88 3707.21 3684.43 3707.23 3684.36 3830.49 3636.81 3830.46
26071-200-M6-062-00276 0.057153332978487015 4137.43 4029.55 4259.08 4027.49 4260.40 4105.39 4138.75 4107.45
26071-200-M6-062-00277 0.14550258219242096 2103.11 4308.18 2150.18 4308.48 2149.58 4405.21 2102.50 4404.92
26071-200-M6-063-00010 0.999862790107727 3165.64 3811.58 3213.71 3811.67 3213.49 3929.15 3165.42 3929.06
26071-203-M6-064-00271 0.22575804591178894 2089.71 4604.70 2137.19 4605.19 2136.25 4696.51 2088.77 4696.02
26071-203-M6-064-00271 0.09614727646112442 2670.67 5192.40 2714.73 5192.99 2713.97 5249.94 2669.91 5249.35
26071-203-M6-320-00008 0.058988865464925766 4804.82 4131.76 4856.04 4130.61 4857.91 4213.57 4806.68 4214.72
26071-203-M6-320-00042 0.9996577501296997 5526.77 3297.22 5573.93 3297.51 5573.21 3414.06 5526.05 3413.77
26071-203-M6-320-00042 0.06256239861249924 5522.31 3427.01 5571.80 3425.68 5573.74 3497.98 5524.25 3499.31
26071-203-M6-333-00010 0.476860374212265 2375.85 2699.43 2481.97 2699.79 2481.79 2752.27 2375.67 2751.91
26071-203-M6-333-00010 0.22672097384929657 4469.53 2428.12 4591.54 2428.10 4591.54 2475.39 4469.54 2475.41
26071-203-M6-333-00010 0.16972291469573975 5235.07 3288.24 5337.92 3287.51 5338.25 3334.42 5235.40 3335.15
26071-203-M6-333-00010 0.14040419459342957 4471.42 1802.56 4592.22 1801.95 4592.44 1844.49 4471.64 1845.11
26071-203-M6-333-00010 0.1399097740650177 2370.15 3331.93 2488.22 3331.43 2488.43 3379.61 2370.35 3380.11
26071-203-M6-333-00010 0.06193169951438904 7143.41 3033.94 7254.89 3033.45 7255.09 3078.52 7143.61 3079.02
26071-203-M6-333-00010 0.058076754212379456 2370.41 2794.61 2488.69 2794.34 2488.79 2837.85 2370.51 2838.12
26071-203-M6-333-00010 0.05219082534313202 3758.81 5549.60 3802.36 5549.45 3802.64 5630.79 3759.09 5630.94
26071-300-M6-053-00008 0.3266294002532959 5461.00 1769.74 5513.82 1769.55 5514.25 1890.22 5461.43 1890.40
26071-300-M6-053-00010 0.9998192191123962 2693.86 4162.44 2741.69 4162.69 2741.01 4287.83 2693.19 4287.57
26071-300-M6-053-00010 0.853381335735321 3401.59 2792.63 3449.41 2792.37 3450.03 2903.46 3402.21 2903.72
26071-300-M6-053-00012 0.9997125267982483 5716.23 2121.62 5764.52 2121.91 5763.80 2240.67 5715.51 2240.38
26071-300-M6-053-00012 0.13479743897914886 4627.17 3390.92 4683.38 3390.95 4683.30 3528.28 4627.10 3528.25
26071-300-M6-053-00309 0.1801554262638092 1062.54 3446.98 1182.45 3448.04 1182.00 3498.27 1062.09 3497.21
26071-450-M6-082-00009 0.9996553659439087 3488.13 5278.10 3604.27 5277.88 3604.36 5324.05 3488.22 5324.28
26071-450-M6-082-00009 0.9994507431983948 3903.74 5373.24 4021.37 5372.72 4021.58 5420.42 3903.95 5420.94
26071-450-M6-082-00031 0.9997932314872742 3685.14 3080.14 3732.42 3080.67 3731.13 3195.84 3683.85 3195.31
26071-500-M6-059-00013 0.9998934268951416 2930.34 4736.15 2977.48 4735.87 2978.16 4853.81 2931.02 4854.08
26071-500-M6-059-00017 0.9997119307518005 2032.18 3590.03 2079.20 3590.53 2078.03 3702.24 2031.01 3701.75
26071-500-M6-059-00017 0.9997020363807678 6048.34 3589.72 6094.95 3590.15 6093.93 3702.20 6047.31 3701.77
26071-500-M6-059-00017 0.9996404647827148 4041.04 3589.51 4087.38 3589.70 4086.91 3701.95 4040.58 3701.76
26071-500-M6-059-00017 0.21338632702827454 4098.98 3582.31 4141.35 3582.22 4141.62 3705.68 4099.25 3705.77
26071-500-M6-059-00017 0.08340206742286682 2091.82 3584.17 2136.12 3584.06 2136.44 3701.75 2092.14 3701.87
26071-500-M6-059-00017 0.05525009706616402 4038.29 3297.36 4098.84 3297.64 4098.42 3390.15 4037.86 3389.87
26071-500-M6-059-00017 0.051873963326215744 6108.68 3584.57 6151.19 3584.49 6151.41 3702.39 6108.90 3702.47
26071-500-M6-059-00040 0.11326751112937927 1478.06 2393.79 1598.02 2394.49 1597.77 2437.33 1477.81 2436.62
26071-500-M6-059-00040 0.06295063346624374 1479.25 2505.89 1595.68 2506.58 1595.37 2558.51 1478.95 2557.82
26071-500-M6-059-00071 0.999738872051239 1630.42 5407.47 1678.47 5407.86 1677.53 5524.37 1629.48 5523.97
26071-500-M6-059-00071 0.9985948204994202 1985.57 3804.61 2105.42 3804.30 2105.54 3854.85 1985.70 3855.16
26071-500-M6-059-00071 0.3736657500267029 2002.39 3870.89 2104.51 3870.98 2104.47 3911.56 2002.36 3911.47
26071-500-M6-059-00116 0.25553902983665466 5709.80 5565.64 5887.28 5565.42 5887.36 5630.15 5709.87 5630.36
26071-500-M6-059-00248 0.9998175501823425 4488.74 4667.17 4537.11 4667.58 4536.11 4787.35 4487.73 4786.95
26071-500-M6-059-00248 0.9997650980949402 4488.78 4286.36 4536.26 4286.61 4535.65 4399.53 4488.18 4399.27
26071-550-M6-084-00248 0.9997299313545227 4488.82 4195.86 4535.39 4196.06 4534.89 4313.86 4488.32 4313.66
26071-550-M6-084-00248 0.9996622800827026 4486.87 3812.45 4535.36 3812.13 4536.10 3924.31 4487.62 3924.63
26071-600-M6-065-00021 0.05604147911071777 5202.10 5341.30 5295.29 5343.30 5294.20 5393.78 5201.01 5391.78
26071-600-M6-066-00003 0.9993544220924377 3761.95 2149.76 3879.94 2148.57 3880.44 2197.69 3762.45 2198.88
26071-600-M6-066-00003 0.9992357492446899 4843.31 2152.49 4976.00 2150.56 4976.69 2197.76 4844.00 2199.69
26071-600-M6-066-00012 0.11535696685314178 3870.03 3621.45 3929.18 3620.96 3930.10 3730.02 3870.95 3730.51
26071-600-M6-066-00012 0.07828512042760849 6112.86 3567.78 6167.99 3568.05 6167.26 3715.82 6112.12 3715.55
26071-600-M6-066-00012 0.060704752802848816 2926.79 3609.72 2983.45 3610.11 2982.60 3733.64 2925.94 3733.25
26071-675-M6-068-10002 0.08059825748205185 7492.65 6515.20 7578.15 6515.51 7577.95 6572.76 7492.45 6572.46
26071-700-M6-054-00036 0.9998589754104614 3850.60 3339.33 3898.31 3339.44 3898.02 3457.08 3850.32 3456.97
26071-700-M6-054-00246 0.9998501539230347 4535.77 2866.88 4583.95 2866.92 4583.85 2984.85 4535.67 2984.80
26071-750-M6-085-00012 0.9988999366760254 6964.71 3803.88 7087.47 3803.63 7087.57 3850.28 6964.81 3850.54
26071-750-M6-085-00012 0.9987924098968506 4781.90 3802.86 4901.53 3802.07 4901.85 3850.59 4782.22 3851.37
26071-750-M6-085-00012 0.11051404476165771 4791.51 3866.27 4889.47 3866.37 4889.43 3910.75 4791.47 3910.65
26071-750-M6-085-00012 0.10819906741380692 6974.71 3869.01 7074.72 3868.69 7074.86 3912.06 6974.85 3912.38
26071-750-M6-085-00286 0.999630331993103 6176.13 3269.50 6224.35 3269.64 6224.03 3386.59 6175.81 3386.45
26071-750-M6-085-00286 0.9996007084846497 5349.43 3267.34 5397.94 3267.87 5396.64 3385.77 5348.12 3385.23
