26071-200-M6-052-00001 0.1493833363056183 2389.87 3382.67 2562.32 3378.44 2566.90 3564.72 2394.44 3568.95
26071-200-M6-052-00002 0.1429256945848465 2846.51 3120.46 3037.33 3121.23 3036.58 3308.65 2845.75 3307.88
26071-200-M6-052-00539 0.14384806156158447 3208.80 5372.73 3374.47 5374.43 3372.43 5574.08 3206.76 5572.38
26071-203-M6-060-00006 0.08513545244932175 2153.39 4778.81 2306.17 4779.26 2305.71 4934.69 2152.93 4934.23
26071-203-M6-060-00006 0.06845428794622421 4171.20 4779.59 4326.55 4776.75 4329.39 4931.40 4174.03 4934.25
26071-203-M6-332-00001 0.1261376440525055 4164.29 2936.39 4572.68 2944.03 4566.30 3285.11 4157.91 3277.47
26071-203-M6-332-00001 0.10572639852762222 2906.68 2936.70 3324.16 2944.75 3317.62 3283.41 2900.15 3275.36
26071-203-M6-332-00001 0.10389877110719681 5005.90 2936.25 5422.24 2944.25 5415.72 3283.76 4999.38 3275.76
26071-203-M6-332-00001 0.09451468288898468 3327.45 2931.13 3730.07 2938.65 3723.52 3289.27 3320.90 3281.75
26071-203-M6-332-00001 0.0942225456237793 5427.83 2930.03 5830.68 2937.55 5824.11 3289.01 5421.27 3281.48
26071-203-M6-332-00001 0.08596714586019516 3761.78 2919.80 4111.26 2920.00 4111.05 3294.62 3761.58 3294.42
26071-203-M6-332-00001 0.07279259711503983 4595.47 2929.24 4934.85 2931.63 4931.81 3365.71 4592.42 3363.33
26071-203-M6-332-00001 0.06554368883371353 5850.49 2937.22 6250.34 2944.90 6243.72 3289.83 5843.87 3282.16
26071-203-M6-337-00031 0.05403325334191322 5388.30 690.24 5666.45 691.45 5665.96 804.10 5387.81 802.89
26071-300-M6-053-00012 0.05021033063530922 3923.97 5661.33 4104.78 5654.43 4112.79 5864.28 3931.97 5871.18
26071-300-M6-053-00309 0.9997736811637878 5162.32 6158.84 5350.82 6159.53 5350.14 6345.50 5161.65 6344.82
26071-300-M6-053-00309 0.9997507929801941 4869.61 6152.91 5058.78 6153.23 5058.47 6340.25 4869.30 6339.93
26071-300-M6-053-00309 0.9996365308761597 5456.48 6156.97 5647.76 6157.84 5646.89 6347.04 5455.61 6346.16
26071-300-M6-053-00309 0.08913297206163406 6004.76 5485.27 6153.00 5478.01 6160.20 5624.92 6011.97 5632.19
26071-300-M6-053-00309 0.07031548768281937 6005.56 5103.36 6160.69 5099.89 6163.99 5247.55 6008.86 5251.02
26071-300-M6-053-00309 0.057006966322660446 6014.63 5289.98 6156.70 5292.47 6154.09 5441.36 6012.02 5438.87
26071-450-M6-082-00009 0.8211230635643005 1633.47 2708.30 1791.21 2708.80 1790.68 2879.08 1632.93 2878.59
26071-450-M6-082-00009 0.07970181107521057 5235.37 1867.90 5393.33 1863.61 5397.33 2011.19 5239.38 2015.47
26071-500-M6-059-00013 0.7597473859786987 2667.56 5294.39 2825.68 5285.02 2834.86 5439.90 2676.73 5449.27
26071-500-M6-059-00013 0.14438778162002563 2686.44 4227.23 2831.73 4227.23 2831.73 4377.15 2686.44 4377.15
26071-500-M6-059-00013 0.13583172857761383 3348.43 4268.39 3501.80 4267.09 3503.06 4414.70 3349.69 4416.01
