26071-200-M6-052-00001 0.8203689455986023 5657.74 1617.18 5737.61 1617.14 5737.66 1697.66 5657.79 1697.71
26071-200-M6-052-00002 0.8605172634124756 6008.87 1027.23 6092.59 1027.08 6092.74 1107.90 6009.02 1108.05
26071-200-M6-052-00080 0.8493224382400513 2149.97 4161.39 2230.18 4161.38 2230.19 4241.79 2149.98 4241.80
26071-200-M6-052-00080 0.8464365005493164 5572.23 4162.05 5654.75 4162.82 5654.01 4241.78 5571.49 4241.01
26071-200-M6-052-00090 0.8439666032791138 4717.87 3749.02 4795.31 3749.52 4794.78 3830.49 4717.34 3829.99
26071-200-M6-052-00090 0.8351527452468872 1700.49 3749.21 1779.59 3749.28 1779.51 3828.53 1700.41 3828.45
26071-300-M6-053-00008 0.13740426301956177 5471.07 1755.21 5566.14 1754.43 5567.08 1868.67 5472.00 1869.44
26071-300-M6-053-00010 0.8899732232093811 6036.06 1725.93 6114.84 1725.80 6114.96 1801.74 6036.19 1801.87
26071-450-M6-082-00221 0.1755957305431366 4563.00 5227.39 4646.81 5223.79 4650.52 5310.15 4566.71 5313.76
26071-700-M6-054-00036 0.9037105441093445 6212.30 3380.47 6292.07 3380.50 6292.04 3455.98 6212.27 3455.95
