26071-200-M6-052-00150 0.1158813089132309 3024.08 2603.77 3189.47 2603.95 3189.38 2681.67 3024.00 2681.48
26071-200-M6-062-00276 0.08198831230401993 1266.50 3902.35 1334.06 3903.19 1331.00 4150.50 1263.44 4149.67
26071-203-M6-060-00006 0.9961475133895874 6862.84 4276.22 7155.27 4276.00 7155.31 4322.76 6862.88 4322.98
26071-203-M6-060-00006 0.995875895023346 6431.80 4275.38 6711.76 4276.51 6711.57 4323.00 6431.62 4321.87
26071-600-M6-065-00231 0.995764970779419 6573.72 3496.72 6870.86 3497.22 6870.78 3544.37 6573.64 3543.87
26071-600-M6-065-00231 0.9955184459686279 7111.21 3497.93 7399.29 3496.76 7399.48 3542.95 7111.40 3544.12
26071-750-M6-085-00007 0.9968833327293396 2851.20 2800.58 3134.10 2800.49 3134.11 2844.97 2851.22 2845.05
26071-750-M6-085-00007 0.9965702295303345 1258.79 2800.92 1540.22 2800.39 1540.30 2844.84 1258.87 2845.38
26071-750-M6-085-00007 0.9955576062202454 1774.54 2800.00 2072.36 2800.73 2072.24 2847.17 1774.43 2846.45
26071-750-M6-085-00007 0.9954929351806641 3379.15 2800.42 3661.11 2800.39 3661.11 2846.33 3379.15 2846.36
