26071-200-M6-052-00093 0.8905056118965149 2574.67 1814.67 2646.54 1815.29 2644.66 2033.15 2572.78 2032.52
26071-200-M6-052-00093 0.8315286040306091 2575.64 4171.86 2646.56 4172.43 2644.67 4409.17 2573.74 4408.61
26071-200-M6-052-00093 0.09297911077737808 2648.15 1855.27 2710.64 1855.41 2710.24 2036.96 2647.75 2036.82
26071-200-M6-052-00093 0.07620437443256378 2640.88 4178.47 2705.29 4178.41 2705.48 4400.39 2641.07 4400.45
26071-200-M6-052-00539 0.9108639359474182 6094.77 4226.85 6165.31 4227.46 6163.60 4423.39 6093.05 4422.77
26071-200-M6-052-00539 0.5228369235992432 5269.88 815.86 5336.34 816.85 5333.08 1037.21 5266.61 1036.22
26071-200-M6-052-00539 0.1626654714345932 5207.16 881.75 5272.47 882.10 5271.65 1033.04 5206.34 1032.69
26071-203-M6-160-00291 0.9972549080848694 5043.77 5111.98 5114.28 5112.51 5112.62 5330.57 5042.10 5330.03
26071-203-M6-160-00291 0.9971645474433899 5575.88 4984.19 5646.48 4984.76 5644.66 5210.06 5574.06 5209.49
26071-203-M6-160-00291 0.9955976605415344 2552.68 5109.79 2622.46 5110.33 2620.78 5327.81 2551.00 5327.27
26071-203-M6-160-00291 0.995048463344574 3084.14 4988.09 3154.22 4988.64 3152.35 5225.26 3082.27 5224.70
26071-203-M6-337-00031 0.05895853415131569 4949.85 1086.34 5015.05 1087.13 5013.19 1241.21 4947.99 1240.42
26071-500-M6-059-00044 0.996749758720398 5918.92 4346.18 5991.33 4347.30 5987.65 4583.96 5915.25 4582.84
26071-500-M6-059-00044 0.9963670969009399 6897.20 4347.59 6970.10 4348.65 6966.76 4579.29 6893.86 4578.24
26071-500-M6-059-00044 0.996253490447998 7454.74 4346.81 7526.66 4347.97 7522.85 4583.18 7450.93 4582.02
26071-500-M6-059-00044 0.9961508512496948 5361.71 4347.81 5433.88 4348.90 5430.39 4579.68 5358.21 4578.59
26071-500-M6-059-00044 0.9960577487945557 2340.24 4341.63 2411.34 4342.20 2409.48 4574.30 2338.38 4573.73
26071-500-M6-059-00044 0.9957371950149536 3873.37 4345.02 3948.89 4346.01 3945.87 4578.28 3870.34 4577.29
26071-500-M6-059-00044 0.9956412315368652 1783.01 4333.08 1854.40 4333.30 1853.66 4568.93 1782.28 4568.71
26071-500-M6-059-00044 0.995195209980011 3318.17 4343.34 3390.94 4343.71 3389.80 4571.95 3317.03 4571.58
26071-550-M6-084-00026 0.997349739074707 4879.35 2835.64 4950.29 2836.37 4947.97 3062.45 4877.03 3061.72
26071-550-M6-084-00026 0.9971305727958679 2504.64 2838.61 2575.78 2839.18 2573.99 3059.81 2502.86 3059.24
