26071-203-M6-060-00006 0.057909369468688965 2736.35 4227.39 3177.70 4226.70 3177.99 4412.28 2736.64 4412.98
26071-203-M6-060-00006 0.05051327496767044 3362.69 4207.71 3729.14 4204.49 3730.85 4398.91 3364.39 4402.13
26071-500-M6-059-00013 0.20545311272144318 2925.38 4924.10 3255.38 4893.53 3275.01 5105.53 2945.02 5136.10
26071-500-M6-059-00017 0.06834234297275543 3812.32 3736.59 4265.43 3736.52 4265.46 3928.42 3812.35 3928.49
26071-500-M6-059-00017 0.06367668509483337 1810.62 3735.93 2257.86 3736.43 2257.64 3930.10 1810.40 3929.60
26071-500-M6-059-00017 0.06293301284313202 5825.52 3743.40 6264.39 3744.39 6263.98 3929.71 5825.10 3928.73
26071-675-M6-068-00034 0.06866233050823212 2681.85 4843.59 3082.53 4842.64 3082.99 5037.19 2682.31 5038.14
26071-675-M6-068-00034 0.05933968722820282 3425.30 4845.46 3861.37 4845.37 3861.41 5037.33 3425.34 5037.43
26071-750-M6-085-00012 0.09784887731075287 5035.14 3761.15 5488.75 3765.50 5487.58 3887.74 5033.97 3883.39
26071-750-M6-085-00012 0.09106951206922531 7229.76 3759.35 7664.89 3763.53 7663.68 3888.33 7228.56 3884.15
26071-750-M6-085-00012 0.08237233012914658 5048.51 5119.08 5487.69 5125.56 5485.88 5249.01 5046.69 5242.54
26071-750-M6-085-00012 0.0817355141043663 2739.96 3648.30 3182.86 3650.56 3182.28 3764.59 2739.38 3762.33
26071-750-M6-085-00012 0.07937794178724289 7220.94 5119.06 7680.34 5127.13 7678.22 5247.99 7218.82 5239.92
26071-750-M6-085-00012 0.07575221359729767 2745.97 5118.78 3174.97 5123.89 3173.52 5245.05 2744.52 5239.95
