26071-300-M6-053-00309 0.9998331069946289 5943.71 508.49 6097.63 508.58 6097.55 653.91 5943.62 653.83
26071-300-M6-053-00309 0.9997448325157166 4999.27 614.20 5152.37 613.82 5152.74 760.53 4999.63 760.91
26071-450-M6-082-00009 0.9998220801353455 4444.51 5409.97 4598.00 5410.12 4597.86 5554.71 4444.37 5554.57
26071-450-M6-082-00009 0.9998202919960022 1056.02 3023.99 1207.50 3024.13 1207.36 3171.40 1055.88 3171.26
26071-450-M6-082-00009 0.9998094439506531 4941.26 1583.64 5094.00 1583.55 5094.09 1730.12 4941.35 1730.21
26071-450-M6-082-00009 0.999808132648468 4880.79 5409.17 5033.72 5409.62 5033.29 5554.46 4880.36 5554.01
26071-450-M6-082-00009 0.9998071789741516 5530.14 1582.81 5684.03 1583.00 5683.85 1730.05 5529.97 1729.87
26071-450-M6-082-00009 0.9998067021369934 1445.28 3933.09 1598.46 3932.79 1598.74 4079.90 1445.56 4080.20
26071-450-M6-082-00009 0.9997966885566711 1740.37 3696.97 1893.33 3698.06 1892.28 3844.97 1739.32 3843.89
26071-450-M6-082-00009 0.9997759461402893 6736.63 4315.07 6890.42 4315.54 6889.97 4460.72 6736.19 4460.24
26071-450-M6-082-00009 0.9997749924659729 4656.37 5410.22 4810.25 5410.42 4810.06 5555.86 4656.17 5555.65
26071-450-M6-082-00009 0.9997360110282898 840.85 2340.47 996.03 2340.12 996.35 2484.44 841.17 2484.78
26071-450-M6-082-00009 0.9997357726097107 747.96 2726.29 900.29 2725.93 900.63 2872.09 748.30 2872.45
26071-450-M6-082-00009 0.9997325539588928 2288.54 4775.68 2437.63 4775.85 2437.46 4926.97 2288.36 4926.79
26071-450-M6-082-00009 0.9997010231018066 6736.61 3801.49 6891.13 3800.87 6891.73 3948.96 6737.20 3949.58
26071-450-M6-082-00009 0.9996999502182007 630.30 2338.38 784.46 2338.53 784.31 2484.87 630.15 2484.72
26071-450-M6-082-00009 0.999690055847168 6736.00 4062.46 6889.99 4061.98 6890.45 4209.52 6736.46 4210.00
26071-450-M6-082-00009 0.9996899366378784 5093.38 5410.29 5247.54 5409.56 5248.24 5557.22 5094.08 5557.95
26071-450-M6-082-00009 0.9996846914291382 2519.91 4995.50 2671.71 4995.68 2671.53 5143.22 2519.74 5143.04
26071-450-M6-082-00009 0.9996190071105957 1054.50 2340.18 1209.32 2340.54 1208.98 2485.68 1054.17 2485.32
26071-450-M6-082-00009 0.9995630383491516 6304.16 4309.81 6454.49 4309.49 6454.81 4459.22 6304.48 4459.54
26071-450-M6-082-00009 0.13799676299095154 6302.24 4441.06 6450.83 4441.43 6450.43 4603.81 6301.84 4603.44
26071-450-M6-082-00009 0.129428431391716 4893.20 5905.90 5037.46 5911.35 5031.48 6069.64 4887.22 6064.19
26071-500-M6-059-00013 0.09907406568527222 2684.71 4223.31 2832.45 4224.37 2831.33 4379.88 2683.60 4378.82
26071-500-M6-059-00017 0.17863814532756805 669.37 3043.98 817.82 3044.16 817.64 3193.64 669.20 3193.47
26071-750-M6-085-00012 0.9997963309288025 4412.93 4694.03 4564.18 4694.09 4564.12 4845.05 4412.87 4844.98
26071-750-M6-085-00012 0.9997077584266663 1706.45 4994.21 1857.85 4994.87 1857.21 5142.88 1705.81 5142.22
26071-750-M6-085-00012 0.9996912479400635 6599.87 4696.62 6750.23 4696.43 6750.41 4844.97 6600.05 4845.15
26071-750-M6-085-00012 0.9996911287307739 2830.03 4469.93 2982.13 4469.88 2982.18 4621.17 2830.08 4621.22
