26071-200-M6-052-00003 0.2701312303543091 4558.53 4530.66 4655.95 4531.44 4655.16 4630.13 4557.74 4629.36
26071-200-M6-062-00276 0.9534690380096436 1542.29 2039.54 1650.95 2037.91 1653.41 2202.24 1544.75 2203.87
26071-203-M6-160-00291 0.23085033893585205 3046.37 2227.99 3328.85 2228.91 3328.46 2348.44 3045.98 2347.51
26071-203-M6-332-00001 0.7724441289901733 4299.09 3062.88 4397.48 3064.56 4394.09 3264.01 4295.69 3262.34
26071-203-M6-332-00001 0.5386078357696533 5993.27 3076.46 6075.90 3081.01 6065.83 3263.92 5983.20 3259.37
26071-203-M6-332-00001 0.5267736911773682 3893.54 3076.42 3975.86 3080.94 3965.82 3263.99 3883.50 3259.47
26071-203-M6-332-00001 0.38323715329170227 4737.35 3002.13 4802.87 3001.89 4803.32 3124.22 4737.80 3124.46
26071-203-M6-332-00001 0.34636279940605164 5133.85 3068.21 5236.85 3067.57 5238.07 3264.25 5135.08 3264.89
26071-203-M6-332-00001 0.3438769280910492 3034.72 3068.35 3136.94 3067.63 3138.32 3264.19 3036.10 3264.91
26071-203-M6-332-00001 0.29946640133857727 3477.65 3001.87 3542.22 3001.56 3542.81 3124.07 3478.24 3124.39
26071-203-M6-332-00001 0.2837270200252533 5577.67 3001.83 5642.48 3001.57 5642.97 3123.83 5578.15 3124.09
26071-203-M6-332-00001 0.17324590682983398 5530.13 3132.70 5674.64 3133.31 5674.27 3220.01 5529.77 3219.40
26071-203-M6-332-00001 0.08249231427907944 4701.52 3116.27 4815.58 3107.73 4824.36 3224.93 4710.30 3233.47
26071-203-M6-332-00001 0.07859917730093002 3438.77 3121.39 3558.88 3113.31 3566.25 3222.76 3446.14 3230.85
26071-203-M6-337-00031 0.16653324663639069 5362.58 695.88 5666.50 695.49 5666.66 816.52 5362.74 816.91
26071-300-M6-053-00012 0.35462066531181335 6115.09 1035.07 6195.35 1032.30 6200.38 1177.98 6120.12 1180.75
26071-300-M6-053-00012 0.07421552389860153 4605.13 3378.15 4702.76 3377.24 4703.31 3436.23 4605.68 3437.14
26071-300-M6-053-00309 0.06407704204320908 5865.73 2627.78 5944.41 2628.51 5943.09 2771.20 5864.41 2770.47
26071-450-M6-082-00009 0.17664240300655365 4921.26 6178.83 5010.70 6178.86 5010.65 6308.73 4921.21 6308.69
26071-450-M6-082-00009 0.13519737124443054 5736.05 4874.81 5816.65 4875.75 5815.00 5017.26 5734.41 5016.32
26071-450-M6-082-00031 0.554080069065094 5376.70 4920.02 5519.82 4921.06 5519.12 5016.67 5376.00 5015.63
26071-450-M6-082-00031 0.05946087837219238 4211.78 1991.71 4291.10 1992.06 4290.49 2131.58 4211.16 2131.23
26071-450-M6-082-00031 0.054122500121593475 5029.34 6083.16 5120.69 6083.52 5120.32 6177.09 5028.97 6176.73
26071-500-M6-059-00013 0.9521109461784363 5730.57 1915.93 5837.89 1915.21 5838.99 2080.25 5731.67 2080.97
26071-500-M6-059-00040 0.959618330001831 2079.69 1690.42 2188.09 1688.49 2190.79 1840.52 2082.39 1842.45
26071-500-M6-059-00040 0.9504619240760803 6840.95 2165.18 6946.51 2166.45 6944.80 2308.43 6839.24 2307.16
26071-500-M6-059-00044 0.962705671787262 4641.09 1191.07 4745.20 1191.52 4744.55 1341.35 4640.45 1340.90
26071-500-M6-059-00044 0.960033118724823 5519.54 1187.94 5624.76 1186.70 5626.65 1346.82 5521.43 1348.06
26071-500-M6-059-00044 0.11069730669260025 1067.22 3596.04 1169.62 3595.00 1170.64 3695.57 1068.24 3696.61
26071-500-M6-059-00116 0.2036113440990448 6805.35 5175.09 6896.07 5176.33 6894.11 5319.28 6803.40 5318.04
26071-600-M6-065-00021 0.13204015791416168 2237.03 1472.87 2544.45 1477.43 2542.86 1584.31 2235.44 1579.76
26071-600-M6-065-00021 0.09321857988834381 5708.18 5423.04 5799.41 5423.67 5798.84 5506.01 5707.61 5505.38
26071-600-M6-065-00037 0.12489887326955795 6018.36 2199.15 6155.70 2197.64 6156.56 2275.16 6019.22 2276.67
26071-600-M6-065-00037 0.07942596077919006 1234.97 2893.99 1314.31 2895.02 1312.60 3025.67 1233.26 3024.64
26071-600-M6-065-00231 0.9556854963302612 6705.67 1454.65 6812.17 1453.94 6813.12 1597.57 6706.62 1598.28
26071-600-M6-065-00231 0.953162431716919 6704.73 1921.36 6813.72 1919.34 6816.63 2076.66 6707.65 2078.67
26071-600-M6-066-00002 0.06351347267627716 4213.14 2719.53 4290.28 2719.14 4290.71 2804.69 4213.57 2805.08
26071-600-M6-066-00002 0.055798523128032684 4205.42 3747.05 4283.94 3746.41 4284.65 3835.19 4206.14 3835.83
