26071-200-M6-052-00080 0.06905052065849304 4191.88 4851.80 4313.47 4852.44 4312.63 5011.22 4191.04 5010.58
26071-203-M6-060-00001 0.999943733215332 2114.16 4162.26 2231.92 4163.32 2230.08 4366.90 2112.33 4365.83
26071-203-M6-060-00001 0.9999299049377441 1736.32 6277.21 1854.62 6277.75 1853.68 6482.94 1735.38 6482.40
26071-203-M6-064-00271 0.9999704360961914 4358.15 5854.54 4476.29 5854.94 4475.60 6059.58 4357.47 6059.19
26071-203-M6-064-00271 0.999966025352478 3142.17 3415.98 3261.34 3417.03 3259.51 3623.65 3140.35 3622.59
26071-203-M6-064-00271 0.9999649524688721 7393.84 3416.18 7513.15 3417.13 7511.51 3624.15 7392.21 3623.21
26071-203-M6-064-00271 0.999964714050293 5904.21 3721.74 6020.21 3720.96 6021.64 3932.40 5905.64 3933.18
26071-203-M6-064-00271 0.9999645948410034 1972.97 5849.41 2090.95 5850.07 2089.78 6059.00 1971.80 6058.33
26071-203-M6-064-00271 0.999963641166687 2635.65 5852.42 2751.40 5852.88 2750.60 6053.94 2634.85 6053.48
26071-203-M6-064-00271 0.9999635219573975 3922.65 3725.42 4039.07 3726.66 4036.87 3932.29 3920.45 3931.05
26071-203-M6-064-00271 0.9999632835388184 2303.07 5852.35 2421.23 5852.43 2421.07 6055.94 2302.92 6055.85
26071-203-M6-064-00271 0.9999632835388184 3672.89 5853.48 3791.37 5853.48 3791.37 6054.97 3672.89 6054.97
26071-203-M6-064-00271 0.9999629259109497 6732.49 3413.08 6847.72 3413.48 6846.98 3628.66 6731.75 3628.27
26071-203-M6-064-00271 0.9999620914459229 5740.04 3416.67 5859.83 3417.69 5858.06 3624.80 5738.26 3623.77
26071-203-M6-064-00271 0.9999605417251587 3591.09 3726.42 3711.04 3727.70 3708.81 3936.04 3588.86 3934.75
26071-203-M6-064-00271 0.9999605417251587 5576.76 3726.87 5693.62 3727.74 5692.10 3931.20 5575.24 3930.33
26071-203-M6-064-00271 0.9999600648880005 2056.06 3727.61 2172.89 3728.23 2171.83 3930.63 2054.99 3930.01
26071-203-M6-064-00271 0.9999600648880005 3755.87 3416.37 3875.51 3417.38 3873.76 3624.81 3754.12 3623.80
26071-203-M6-064-00271 0.9999598264694214 3601.38 1470.71 3717.20 1469.67 3719.02 1673.68 3603.21 1674.72
26071-203-M6-064-00271 0.9999598264694214 3000.99 3726.92 3117.70 3727.72 3116.32 3930.64 2999.61 3929.84
26071-203-M6-064-00271 0.9999597072601318 5668.02 1470.94 5783.50 1469.47 5786.12 1674.27 5670.64 1675.74
26071-203-M6-064-00271 0.9999595880508423 6567.87 3727.54 6684.67 3728.06 6683.76 3930.56 6566.96 3930.04
26071-203-M6-064-00271 0.9999595880508423 6402.39 3416.68 6521.49 3417.84 6519.48 3624.09 6400.38 3622.93
26071-203-M6-064-00271 0.9999595880508423 2858.45 3414.34 2974.39 3414.85 2973.47 3625.39 2857.53 3624.88
26071-203-M6-064-00271 0.9999589920043945 2387.04 3728.05 2503.54 3728.45 2502.85 3929.86 2386.35 3929.45
26071-203-M6-064-00271 0.999958872795105 2467.70 6160.27 2586.71 6159.93 2587.29 6362.80 2468.28 6363.14
26071-203-M6-064-00271 0.9999581575393677 5408.93 3415.33 5529.10 3416.26 5527.49 3625.34 5407.32 3624.42
26071-203-M6-064-00271 0.9999580383300781 4003.03 5853.28 4121.98 5853.25 4122.03 6054.88 4003.08 6054.91
26071-203-M6-064-00271 0.9999580383300781 5246.07 3726.57 5362.41 3727.39 5360.98 3930.51 5244.64 3929.69
26071-203-M6-064-00271 0.9999576807022095 7063.13 3414.66 7181.98 3415.65 7180.24 3624.96 7061.39 3623.97
26071-203-M6-064-00271 0.9999568462371826 6898.88 3728.47 7015.37 3728.80 7014.81 3929.70 6898.32 3929.37
26071-203-M6-064-00271 0.9999567270278931 6553.08 1471.60 6669.60 1469.39 6673.46 1673.04 6556.93 1675.24
26071-203-M6-064-00271 0.9999558925628662 4664.11 5853.70 4783.34 5853.74 4783.28 6054.60 4664.05 6054.57
26071-203-M6-064-00271 0.9999555349349976 6260.12 1469.18 6375.86 1469.22 6375.79 1674.78 6260.05 1674.74
26071-203-M6-064-00271 0.9999555349349976 2552.42 3413.66 2666.90 3413.95 2666.34 3625.27 2551.87 3624.97
26071-203-M6-064-00271 0.999955415725708 4086.84 3415.20 4206.84 3416.18 4205.14 3624.52 4085.15 3623.55
26071-203-M6-064-00271 0.9999548196792603 3837.45 6156.84 3956.92 6157.32 3956.11 6362.98 3836.63 6362.51
26071-203-M6-064-00271 0.9999544620513916 2136.71 6160.50 2255.76 6160.10 2256.44 6362.66 2137.38 6363.06
26071-203-M6-064-00271 0.9999537467956543 7226.57 3724.66 7343.54 3724.09 7344.55 3931.67 7227.58 3932.24
26071-203-M6-064-00271 0.9999536275863647 3507.25 6157.41 3626.69 6157.72 3626.15 6363.79 3506.71 6363.48
26071-203-M6-064-00271 0.999953031539917 7559.47 3721.00 7675.83 3721.57 7674.81 3933.31 7558.44 3932.75
26071-203-M6-064-00271 0.9999524354934692 4915.91 3725.80 5031.37 3726.54 5030.06 3930.71 4914.60 3929.97
26071-203-M6-064-00271 0.9999523162841797 4169.73 6156.90 4287.55 6157.60 4286.32 6364.72 4168.50 6364.02
26071-203-M6-064-00271 0.9999520778656006 3424.04 3420.46 3540.25 3419.68 3541.66 3627.73 3425.45 3628.51
26071-203-M6-064-00271 0.9999517202377319 1889.27 3414.86 2009.95 3415.85 2008.23 3624.44 1887.54 3623.44
26071-203-M6-064-00271 0.9999502897262573 4582.20 3727.44 4698.44 3726.54 4700.03 3930.53 4583.79 3931.44
26071-203-M6-064-00271 0.9999496936798096 2715.65 3724.58 2832.80 3724.07 2833.71 3932.34 2716.56 3932.85
26071-203-M6-064-00271 0.9999488592147827 2220.88 3413.01 2341.66 3414.56 2338.94 3626.88 2218.15 3625.33
26071-203-M6-064-00271 0.9999487400054932 4747.52 3415.41 4867.85 3416.42 4866.09 3624.92 4745.76 3623.90
26071-203-M6-064-00271 0.9999459981918335 3282.37 3723.80 3399.28 3723.54 3399.75 3931.73 3282.84 3932.00
26071-203-M6-064-00271 0.9999442100524902 4486.50 1467.34 4602.06 1466.05 4604.42 1676.33 4488.85 1677.63
26071-203-M6-064-00271 0.9999432563781738 3009.58 1471.35 3126.47 1469.23 3130.18 1673.48 3013.29 1675.60
26071-203-M6-064-00271 0.9999426603317261 3898.57 1468.91 4015.86 1469.88 4014.13 1677.44 3896.85 1676.47
26071-203-M6-064-00271 0.9999407529830933 4416.03 3413.30 4537.26 3414.29 4535.54 3626.01 4414.31 3625.03
26071-203-M6-064-00271 0.9999390840530396 5963.65 1469.76 6079.85 1468.83 6081.51 1675.92 5965.30 1676.84
26071-203-M6-064-00271 0.9999376535415649 4192.35 1466.22 4309.93 1466.60 4309.24 1677.75 4191.66 1677.36
26071-203-M6-064-00271 0.9999353885650635 2717.46 1471.52 2834.43 1472.15 2833.34 1675.18 2716.37 1674.54
26071-203-M6-064-00271 0.9999339580535889 4782.12 1470.35 4898.33 1469.70 4899.50 1675.13 4783.28 1675.79
26071-203-M6-064-00271 0.9999334812164307 5078.92 1466.58 5195.61 1466.99 5194.88 1677.63 5078.19 1677.22
26071-203-M6-064-00271 0.9999312162399292 5372.59 1469.01 5489.45 1468.50 5490.36 1676.91 5373.50 1677.41
26071-203-M6-064-00271 0.9999297857284546 7146.36 1466.34 7262.37 1466.91 7261.34 1678.10 7145.34 1677.54
26071-203-M6-064-00271 0.999929666519165 7440.61 1466.87 7556.62 1467.16 7556.10 1678.39 7440.09 1678.11
26071-203-M6-064-00271 0.9999228715896606 6849.53 1469.79 6965.35 1469.61 6965.67 1675.12 6849.85 1675.30
26071-203-M6-064-00271 0.9999198913574219 3307.12 1468.06 3422.67 1468.02 3422.75 1678.05 3307.20 1678.10
26071-203-M6-079-00001 0.999951958656311 2904.91 6453.87 3023.24 6454.44 3022.26 6659.53 2903.92 6658.96
26071-203-M6-079-00001 0.9999477863311768 2633.09 5512.11 2749.69 5509.97 2753.38 5711.05 2636.78 5713.19
26071-203-M6-079-00001 0.9999374151229858 2645.03 4448.27 2764.59 4447.97 2765.10 4650.15 2645.54 4650.45
26071-203-M6-079-00001 0.9999353885650635 2572.77 2557.80 2691.21 2557.19 2692.26 2760.16 2573.81 2760.77
26071-203-M6-079-00001 0.9999334812164307 2906.03 1611.10 3024.81 1611.60 3023.96 1816.09 2905.18 1815.60
26071-203-M6-332-00001 0.10053741931915283 3388.54 3021.67 3517.84 3023.72 3514.76 3218.28 3385.46 3216.23
26071-203-M6-332-00001 0.09842607378959656 5488.98 3021.92 5618.10 3024.26 5614.57 3219.32 5485.45 3216.98
26071-203-M6-332-00001 0.06347712129354477 4140.79 2908.29 4517.54 2912.57 4512.74 3334.37 4135.99 3330.09
26071-203-M6-332-00001 0.06228180229663849 3721.78 2908.12 4087.42 2913.14 4081.59 3337.87 3715.95 3332.85
26071-203-M6-332-00001 0.06217685714364052 5821.56 2908.40 6186.59 2913.55 6180.56 3340.03 5815.54 3334.88
26071-203-M6-332-00001 0.06088972091674805 4987.32 2888.81 5343.32 2891.45 5339.90 3352.91 4983.89 3350.26
26071-203-M6-332-00001 0.057475555688142776 4569.64 2881.17 4917.07 2883.61 4913.71 3362.40 4566.28 3359.97
26071-203-M6-332-00001 0.05667572468519211 2881.67 2921.11 3253.49 2926.78 3247.19 3340.88 2875.37 3335.22
26071-203-M6-332-00001 0.053724635392427444 5989.74 3104.63 6076.28 3106.26 6073.50 3253.61 5986.96 3251.98
26071-203-M6-332-00001 0.051642827689647675 3889.98 3104.52 3976.44 3106.11 3973.74 3253.77 3887.28 3252.19
26071-203-M6-332-00008 0.12687215209007263 3179.78 5066.62 3298.76 5067.49 3297.44 5249.38 3178.46 5248.52
26071-203-M6-337-00031 0.05642163008451462 5379.87 690.25 5663.09 699.69 5659.21 816.13 5375.99 806.70
26071-300-M6-053-00008 0.9999428987503052 2420.68 6254.51 2538.83 6254.59 2538.68 6456.44 2420.53 6456.35
26071-300-M6-053-00010 0.999934196472168 2182.91 5098.25 2301.91 5096.72 2304.50 5298.16 2185.50 5299.69
26071-300-M6-053-00012 0.9999517202377319 4276.21 4683.38 4393.40 4683.58 4393.05 4886.51 4275.86 4886.30
26071-300-M6-053-00012 0.999945878982544 4392.46 6417.41 4511.57 6417.72 4511.03 6621.64 4391.93 6621.32
26071-300-M6-053-00012 0.9999428987503052 4903.17 4797.95 5018.66 4799.28 5016.25 5009.39 4900.76 5008.06
26071-300-M6-053-00012 0.9999405145645142 6272.64 6420.09 6388.07 6419.66 6388.82 6620.60 6273.39 6621.03
26071-450-M6-082-00009 0.9999532699584961 5907.74 5685.66 6022.90 5686.94 6020.62 5891.64 5905.46 5890.36
26071-450-M6-082-00031 0.999954104423523 3437.19 5131.95 3555.78 5132.42 3554.97 5336.17 3436.38 5335.69
26071-450-M6-082-00031 0.9999518394470215 5726.90 5098.57 5845.08 5097.63 5846.67 5298.65 5728.49 5299.58
26071-450-M6-082-00031 0.9999505281448364 3718.58 6489.73 3837.99 6488.85 3839.48 6691.51 3720.08 6692.39
26071-450-M6-082-00031 0.9999427795410156 4380.36 2604.47 4499.09 2603.21 4501.25 2807.10 4382.53 2808.36
26071-500-M6-059-00011 0.9999368190765381 4780.94 6432.46 4898.66 6429.61 4903.59 6633.53 4785.87 6636.37
26071-500-M6-059-00040 0.9999399185180664 6790.34 6396.83 6907.59 6396.17 6908.72 6597.71 6791.47 6598.36
26071-500-M6-059-00044 0.9999399185180664 7806.07 6515.83 7924.63 6515.01 7926.04 6717.67 7807.48 6718.49
26071-500-M6-059-00116 0.10139413177967072 3589.82 2391.98 3735.00 2393.82 3732.25 2611.27 3587.07 2609.43
26071-550-M6-084-00026 0.9999587535858154 7499.25 6077.67 7615.15 6075.84 7618.38 6279.24 7502.48 6281.07
26071-600-M6-065-00021 0.9999592304229736 7558.27 6478.21 7677.79 6478.36 7677.54 6682.76 7558.02 6682.61
26071-600-M6-065-00021 0.9999585151672363 7794.54 6478.56 7913.85 6478.91 7913.25 6682.98 7793.95 6682.64
26071-600-M6-065-00021 0.9999450445175171 5846.45 6256.93 5964.18 6256.55 5964.81 6453.65 5847.08 6454.03
26071-600-M6-065-00021 0.999931812286377 1712.81 3714.89 1830.92 3714.33 1831.88 3918.12 1713.76 3918.67
26071-600-M6-065-00037 0.9999618530273438 651.02 6519.57 768.91 6520.27 767.70 6723.96 649.82 6723.26
26071-600-M6-065-00037 0.9999463558197021 413.84 6516.87 531.08 6517.36 530.24 6719.42 412.99 6718.93
26071-600-M6-065-00037 0.999945878982544 1179.07 5437.82 1297.54 5436.99 1298.98 5642.33 1180.51 5643.16
26071-600-M6-065-00037 0.999942421913147 4487.19 5449.36 4605.58 5449.32 4605.65 5655.85 4487.26 5655.89
26071-600-M6-065-00259 0.22779816389083862 992.19 2257.24 1133.62 2260.21 1129.33 2464.49 987.90 2461.52
26071-700-M6-054-00036 0.18344029784202576 4592.19 4692.15 4734.52 4694.56 4731.06 4899.31 4588.73 4896.90
