26071-200-M6-052-00090 0.06416168808937073 5474.75 3482.28 5518.98 3482.62 5518.00 3608.16 5473.77 3607.81
26071-200-M6-052-00093 0.3262422978878021 2578.61 1822.98 2645.21 1823.64 2643.82 1964.02 2577.22 1963.36
26071-200-M6-052-00093 0.30688491463661194 2579.79 4182.45 2645.17 4183.04 2643.84 4332.66 2578.46 4332.08
26071-200-M6-052-00539 0.3480222225189209 6026.12 4338.70 6093.52 4338.63 6093.65 4463.71 6026.25 4463.78
26071-200-M6-052-00539 0.27982571721076965 5207.97 920.48 5268.80 920.77 5268.19 1050.83 5207.36 1050.55
26071-200-M6-052-00539 0.25086337327957153 6096.29 4226.29 6161.18 4226.90 6159.70 4384.08 6094.81 4383.47
26071-200-M6-052-00539 0.15900760889053345 5273.56 816.86 5336.50 817.46 5335.04 971.94 5272.10 971.34
26071-200-M6-052-00552 0.9988304972648621 5256.82 4297.63 5322.80 4298.66 5320.89 4421.74 5254.92 4420.72
26071-203-M6-160-00291 0.8813672065734863 2551.89 5098.12 2620.36 5098.88 2618.29 5286.49 2549.82 5285.73
26071-203-M6-160-00291 0.7773712873458862 3083.99 4991.17 3152.20 4991.88 3150.29 5173.64 3082.07 5172.92
26071-203-M6-160-00291 0.689402163028717 5575.44 4979.91 5647.48 4980.98 5644.61 5173.36 5572.57 5172.28
26071-203-M6-160-00291 0.6145330667495728 5044.77 5104.83 5114.83 5106.14 5111.39 5290.74 5041.32 5289.43
26071-203-M6-160-00291 0.08379705250263214 5612.21 1642.54 5703.39 1642.45 5703.50 1753.34 5612.32 1753.43
26071-203-M6-337-00007 0.8879334926605225 4336.59 4099.84 4424.34 4100.50 4423.44 4222.27 4335.69 4221.62
26071-203-M6-337-00007 0.6686364412307739 4330.10 1401.19 4413.83 1400.91 4414.24 1519.86 4330.51 1520.15
26071-203-M6-337-00031 0.9993496537208557 4948.93 1109.61 5016.87 1110.56 5015.37 1217.62 4947.42 1216.67
26071-203-M6-337-00031 0.9992148876190186 4949.00 1829.35 5016.71 1830.33 5015.16 1937.68 4947.45 1936.70
26071-203-M6-337-00031 0.9989840388298035 4949.55 2608.82 5017.39 2609.79 5015.84 2718.11 4948.00 2717.14
26071-203-M6-337-00031 0.9967825412750244 4949.30 2216.32 5016.61 2217.57 5014.31 2340.73 4947.01 2339.48
26071-203-M6-337-00031 0.9964234232902527 4949.15 2966.77 5016.83 2968.49 5013.75 3089.73 4946.07 3088.00
26071-203-M6-337-00031 0.9962867498397827 4947.91 1464.14 5014.37 1464.91 5012.97 1585.63 4946.51 1584.86
26071-300-M6-053-00008 0.09549643099308014 5475.49 1761.57 5568.22 1762.20 5567.57 1858.23 5474.84 1857.60
26071-450-M6-082-00009 0.0529509037733078 3788.14 4563.26 3848.49 4563.22 3848.56 4676.33 3788.21 4676.37
26071-500-M6-059-00011 0.12564384937286377 3838.05 5070.33 3943.25 5071.66 3942.18 5156.30 3836.98 5154.98
26071-500-M6-059-00040 0.9981786012649536 2533.24 1318.76 2604.91 1319.42 2603.82 1439.01 2532.15 1438.36
26071-500-M6-059-00044 0.9952385425567627 2893.00 4959.76 2960.81 4960.60 2959.28 5082.45 2891.48 5081.60
26071-500-M6-059-00044 0.9951893091201782 6471.52 4960.65 6538.53 4961.13 6537.64 5084.86 6470.63 5084.38
26071-500-M6-059-00044 0.9652831554412842 1789.64 4347.85 1856.10 4348.36 1854.88 4507.76 1788.41 4507.25
26071-500-M6-059-00044 0.894067108631134 6894.40 4341.44 6967.12 4342.55 6964.53 4513.04 6891.81 4511.93
26071-500-M6-059-00044 0.8924465179443359 2339.73 4342.12 2411.31 4343.02 2409.06 4522.00 2337.48 4521.10
26071-500-M6-059-00044 0.8904798626899719 3319.05 4346.36 3389.17 4346.93 3387.72 4524.49 3317.61 4523.92
26071-500-M6-059-00044 0.8850306272506714 3874.00 4345.68 3945.29 4346.36 3943.61 4523.34 3872.32 4522.67
26071-500-M6-059-00044 0.8625463247299194 5917.06 4342.98 5990.70 4343.91 5988.46 4521.73 5914.82 4520.80
26071-500-M6-059-00044 0.8549522161483765 7454.26 4343.79 7527.25 4344.65 7525.16 4521.39 7452.18 4520.52
26071-500-M6-059-00044 0.8357015252113342 5360.08 4345.32 5432.61 4345.91 5431.17 4525.11 5358.64 4524.53
26071-500-M6-059-00044 0.07139645516872406 1472.61 1996.81 1557.76 1995.22 1559.16 2069.97 1474.00 2071.55
26071-500-M6-059-00044 0.05230540782213211 6449.00 5144.50 6495.09 5145.04 6494.07 5231.78 6447.98 5231.24
26071-500-M6-059-00044 0.05207327753305435 2816.78 1975.43 2916.74 1975.43 2916.73 2084.97 2816.77 2084.96
26071-550-M6-084-00026 0.9985363483428955 6377.85 2847.63 6440.98 2848.09 6440.09 2969.69 6376.97 2969.23
26071-550-M6-084-00026 0.8674312233924866 4879.38 2829.26 4948.67 2830.05 4946.57 3014.08 4877.28 3013.29
26071-550-M6-084-00026 0.8660167455673218 2505.30 2834.01 2573.70 2834.69 2571.99 3007.60 2503.59 3006.92
26071-550-M6-084-00026 0.14651386439800262 5903.30 4114.01 5990.92 4114.67 5989.99 4236.94 5902.38 4236.28
26071-600-M6-065-00037 0.060994092375040054 5205.51 4592.59 5311.90 4592.60 5311.89 4714.35 5205.49 4714.34
26071-600-M6-066-00012 0.09293868392705917 2926.63 3612.48 2989.65 3613.10 2988.54 3725.07 2925.53 3724.45
26071-600-M6-066-00012 0.058416299521923065 3871.81 3612.53 3937.90 3612.55 3937.86 3725.82 3871.77 3725.80
