26071-200-M6-052-00001 0.9993029832839966 7669.89 6342.97 7682.12 6342.84 7682.59 6386.86 7670.36 6386.99
26071-200-M6-052-00001 0.06434586644172668 4912.24 3184.42 4944.54 3184.88 4944.30 3201.50 4912.00 3201.03
26071-200-M6-052-00002 0.9984020590782166 770.97 6123.41 783.54 6123.28 784.00 6167.16 771.43 6167.29
26071-200-M6-052-00002 0.9877215027809143 3165.61 3057.55 3212.76 3057.50 3212.78 3074.80 3165.63 3074.85
26071-200-M6-052-00002 0.9829596281051636 3165.63 3345.71 3211.10 3345.36 3211.23 3361.73 3165.76 3362.09
26071-200-M6-052-00003 0.17565713822841644 6115.85 1984.39 6165.33 1984.28 6165.36 1996.53 6115.87 1996.64
26071-200-M6-052-00080 0.9957306981086731 3652.09 5975.54 3668.92 5975.50 3669.04 6021.23 3652.20 6021.27
26071-200-M6-052-00080 0.9949847459793091 7078.25 5975.06 7095.47 5975.00 7095.63 6020.79 7078.41 6020.85
26071-200-M6-052-00080 0.9943009614944458 7494.68 5975.89 7510.90 5975.81 7511.13 6021.98 7494.92 6022.06
26071-200-M6-052-00080 0.9940650463104248 4062.66 5976.03 4079.63 5975.90 4079.99 6022.00 4063.02 6022.13
26071-200-M6-052-00080 0.2619926333427429 3206.65 4089.30 3252.53 4088.73 3252.69 4101.55 3206.81 4102.12
26071-200-M6-052-00080 0.17527122795581818 6631.60 4089.05 6679.09 4088.07 6679.37 4101.28 6631.87 4102.25
26071-200-M6-052-00080 0.13840219378471375 2733.29 4089.14 2785.90 4089.16 2785.89 4102.34 2733.29 4102.32
26071-200-M6-052-00090 0.11596370488405228 2456.69 3183.02 2502.60 3182.14 2502.92 3198.63 2457.00 3199.51
26071-200-M6-052-00090 0.0689043179154396 5468.07 3182.07 5514.43 3181.11 5514.82 3199.74 5468.45 3200.71
26071-200-M6-052-00090 0.052601419389247894 4349.65 3185.97 4388.38 3186.27 4388.27 3201.01 4349.53 3200.71
26071-200-M6-052-00093 0.0670134648680687 5409.01 3785.11 5455.86 3783.58 5456.38 3799.37 5409.53 3800.91
26071-200-M6-052-00539 0.05952274054288864 1957.48 4356.79 1978.11 4356.62 1978.52 4405.31 1957.89 4405.48
26071-200-M6-052-00544 0.995816171169281 7771.57 4054.64 7817.18 4054.69 7817.16 4069.65 7771.55 4069.60
26071-203-M6-079-00001 0.10749112814664841 2469.55 1081.91 2518.53 1081.56 2518.67 1100.88 2469.69 1101.23
26071-203-M6-160-00291 0.9894909262657166 7122.98 4000.55 7168.79 3999.85 7169.04 4016.27 7123.23 4016.97
26071-203-M6-160-00291 0.989391565322876 7122.64 3699.08 7168.23 3698.97 7168.27 3715.51 7122.68 3715.63
26071-203-M6-160-00291 0.21710331737995148 1795.46 1383.70 1844.96 1383.19 1845.12 1397.91 1795.61 1398.42
26071-203-M6-160-00291 0.08625604957342148 3392.11 5279.16 3478.49 5278.21 3478.83 5308.48 3392.44 5309.43
26071-203-M6-160-00291 0.0690545067191124 2566.41 5360.96 2610.97 5360.98 2610.97 5375.99 2566.40 5375.97
26071-203-M6-320-00008 0.08696259558200836 1576.98 4198.26 1612.76 4194.12 1614.90 4212.57 1579.11 4216.71
26071-203-M6-320-00061 0.37036237120628357 6290.87 3227.06 6334.80 3227.03 6334.82 3241.25 6290.88 3241.29
26071-203-M6-320-00061 0.2711787521839142 2994.06 3169.22 3034.41 3169.01 3034.49 3184.49 2994.14 3184.70
26071-203-M6-320-00061 0.1150301843881607 5694.97 3169.71 5734.82 3169.13 5735.04 3184.15 5695.18 3184.73
26071-203-M6-321-00604 0.9978577494621277 6530.39 663.38 6546.73 663.35 6546.82 708.74 6530.48 708.77
26071-203-M6-325-00012 0.23506517708301544 1585.18 5698.06 1620.82 5694.56 1622.53 5711.94 1586.89 5715.44
26071-203-M6-325-00012 0.1172797754406929 1585.00 2998.27 1620.03 2994.72 1621.90 3013.20 1586.87 3016.74
26071-203-M6-325-00013 0.05014721676707268 3778.44 3209.23 3795.43 3209.13 3795.68 3254.20 3778.69 3254.29
26071-203-M6-332-00001 0.10731933265924454 6758.02 3801.09 6801.72 3800.12 6801.99 3812.13 6758.29 3813.11
26071-203-M6-337-00031 0.9942290782928467 6846.71 3369.77 6894.17 3369.75 6894.18 3384.99 6846.72 3385.01
26071-203-M6-337-00031 0.9899210929870605 6846.78 3640.29 6894.31 3640.15 6894.36 3656.03 6846.83 3656.18
26071-203-M6-337-00031 0.9838870167732239 6846.83 5204.27 6893.64 5204.31 6893.63 5220.85 6846.81 5220.82
26071-203-M6-337-00031 0.9658583402633667 6847.29 3735.98 6893.49 3735.89 6893.52 3751.68 6847.32 3751.78
26071-203-M6-337-00031 0.9617676734924316 6847.53 3455.60 6892.17 3455.44 6892.23 3471.74 6847.59 3471.90
26071-203-M6-337-00031 0.955424964427948 6846.89 5290.02 6895.18 5289.68 6895.29 5305.21 6847.00 5305.54
26071-203-M6-337-00031 0.09711279720067978 1666.19 2887.99 1707.21 2888.29 1707.11 2902.08 1666.09 2901.79
26071-203-M6-337-00031 0.06022702530026436 2316.01 2425.80 2363.45 2425.71 2363.49 2443.33 2316.04 2443.42
26071-300-M6-053-00008 0.11383802443742752 2022.70 1384.65 2085.57 1384.92 2085.49 1403.88 2022.62 1403.61
26071-300-M6-053-00008 0.05022530257701874 5094.00 777.43 5133.26 777.34 5133.30 792.08 5094.03 792.18
26071-300-M6-053-00012 0.5967763662338257 1817.68 4985.22 1866.70 4984.22 1866.99 4998.48 1817.97 4999.49
26071-300-M6-053-00012 0.16857483983039856 6807.30 2890.91 6853.70 2890.85 6853.72 2903.67 6807.32 2903.74
26071-300-M6-053-00012 0.06833434104919434 2571.96 1677.70 2624.91 1677.77 2624.88 1695.96 2571.93 1695.90
26071-300-M6-053-00309 0.9811406135559082 5998.87 1616.77 6045.37 1616.62 6045.42 1632.64 5998.92 1632.79
26071-300-M6-053-00309 0.977910578250885 5999.48 1767.63 6046.85 1767.58 6046.87 1783.07 5999.49 1783.12
26071-450-M6-082-00009 0.9981703758239746 5069.89 6208.39 5085.47 6208.29 5085.76 6253.82 5070.18 6253.92
26071-450-M6-082-00009 0.996735155582428 5648.58 4909.50 5664.22 4909.43 5664.42 4953.23 5648.78 4953.30
26071-450-M6-082-00009 0.9958047270774841 1925.22 2873.54 1972.31 2873.47 1972.33 2889.38 1925.24 2889.45
26071-450-M6-082-00031 0.8879538774490356 4226.90 1985.34 4274.18 1984.46 4274.44 1998.57 4227.16 1999.46
26071-450-M6-082-00031 0.08839048445224762 3757.86 6231.90 3802.96 6231.59 3803.09 6250.67 3757.98 6250.97
26071-500-M6-059-00013 0.9977825284004211 6889.51 2267.58 6906.07 2267.51 6906.26 2313.52 6889.70 2313.59
26071-500-M6-059-00040 0.9981722831726074 5188.61 2030.74 5204.98 2030.73 5205.01 2076.17 5188.64 2076.18
26071-500-M6-059-00044 0.7765463590621948 7206.22 4057.35 7255.94 4057.44 7255.91 4071.90 7206.19 4071.81
26071-500-M6-059-00044 0.084593765437603 2094.17 4057.32 2136.75 4057.48 2136.69 4073.23 2094.11 4073.06
26071-500-M6-059-00044 0.0574638731777668 1045.98 6356.55 1062.38 6356.26 1063.04 6393.43 1046.64 6393.72
26071-500-M6-059-00071 0.9972611665725708 4077.93 2079.26 4093.34 2079.17 4093.60 2123.19 4078.19 2123.28
26071-500-M6-059-00071 0.9927638173103333 5660.88 3898.87 5675.38 3898.76 5675.73 3943.85 5661.22 3943.95
26071-500-M6-059-00248 0.1204628124833107 1988.05 3788.33 2026.46 3788.60 2026.36 3802.10 1987.95 3801.83
26071-550-M6-084-00026 0.998489499092102 7078.30 3861.91 7094.57 3861.84 7094.78 3907.34 7078.51 3907.41
26071-550-M6-084-00026 0.18904031813144684 5550.28 3298.57 5584.71 3294.73 5586.61 3311.82 5552.18 3315.66
26071-550-M6-084-00026 0.1589043289422989 3187.65 3298.41 3221.92 3294.05 3224.14 3311.53 3189.87 3315.88
26071-550-M6-084-00026 0.059779249131679535 2516.52 3300.10 2560.70 3300.51 2560.54 3318.14 2516.35 3317.72
26071-550-M6-084-00248 0.5464367270469666 2807.70 4986.45 2858.41 4984.93 2858.84 4999.47 2808.13 5000.99
26071-550-M6-084-00248 0.1520157903432846 3112.19 3184.92 3148.25 3184.96 3148.23 3204.77 3112.17 3204.73
26071-550-M6-084-00248 0.08465598523616791 1988.26 2888.22 2025.47 2888.44 2025.38 2902.38 1988.18 2902.15
26071-600-M6-065-00021 0.17454548180103302 3757.92 3298.10 3793.06 3294.24 3794.94 3311.30 3759.79 3315.16
26071-600-M6-065-00021 0.053799234330654144 3482.33 2904.55 3501.02 2904.60 3500.89 2956.03 3482.21 2955.98
26071-600-M6-065-00037 0.9923845529556274 1253.66 2552.42 1299.83 2552.14 1299.93 2568.54 1253.76 2568.81
26071-600-M6-065-00037 0.9888307452201843 1252.31 2364.27 1298.81 2364.13 1298.85 2380.14 1252.36 2380.28
26071-600-M6-065-00037 0.9883081316947937 2316.52 2865.97 2361.07 2865.66 2361.18 2881.56 2316.63 2881.87
26071-600-M6-065-00037 0.9816024899482727 2316.45 2644.85 2361.88 2644.80 2361.90 2661.76 2316.47 2661.81
26071-600-M6-065-00231 0.9979435801506042 4205.97 1877.62 4222.11 1877.56 4222.29 1923.65 4206.15 1923.71
26071-600-M6-065-00231 0.992045521736145 4415.33 1877.75 4432.40 1877.69 4432.54 1923.32 4415.48 1923.38
26071-600-M6-066-00002 0.9913192391395569 4455.96 3651.25 4471.73 3651.14 4472.03 3695.75 4456.27 3695.86
26071-600-M6-066-00002 0.9903751015663147 4455.72 2623.05 4471.37 2622.94 4471.66 2667.74 4456.01 2667.84
26071-600-M6-066-00003 0.06344443559646606 4707.35 5287.17 4741.86 5287.33 4741.79 5302.83 4707.28 5302.67
26071-600-M6-066-00012 0.1047210767865181 5628.71 3011.58 5686.82 3011.27 5686.90 3025.14 5628.78 3025.46
26071-600-M6-066-00012 0.09127121418714523 3151.61 3010.62 3207.09 3010.72 3207.07 3024.78 3151.59 3024.68
26071-600-M6-066-00012 0.05360186845064163 2817.16 3009.97 2859.05 3009.92 2859.07 3025.28 2817.18 3025.33
26071-675-M6-068-00034 0.9977421760559082 3158.08 3498.00 3203.50 3498.00 3203.50 3513.85 3158.08 3513.85
26071-675-M6-068-00034 0.9976092576980591 3907.41 3498.47 3953.30 3498.42 3953.31 3513.63 3907.43 3513.69
26071-675-M6-068-00034 0.997512698173523 3636.79 5328.36 3683.11 5328.15 3683.18 5343.98 3636.87 5344.18
26071-675-M6-068-00034 0.9974291920661926 2886.86 5328.17 2933.25 5328.00 2933.31 5343.97 2886.92 5344.14
26071-675-M6-068-00034 0.9956387877464294 3156.78 3256.27 3203.01 3256.11 3203.07 3272.43 3156.84 3272.59
26071-675-M6-068-00034 0.993300199508667 3907.45 3256.94 3952.80 3257.09 3952.75 3273.24 3907.40 3273.08
26071-675-M6-068-00034 0.9918855428695679 3638.67 5086.69 3682.81 5086.60 3682.85 5102.83 3638.71 5102.93
26071-675-M6-068-00034 0.9918802380561829 6816.66 3155.76 6863.27 3155.80 6863.25 3172.31 6816.65 3172.27
26071-675-M6-068-00034 0.9896100759506226 2888.83 5085.98 2932.75 5085.73 2932.85 5103.19 2888.92 5103.43
26071-675-M6-068-00034 0.968970000743866 6817.03 3305.32 6862.81 3305.10 6862.89 3321.56 6817.11 3321.78
26071-675-M6-068-00034 0.057891372591257095 4806.24 3897.73 4859.44 3898.06 4859.34 3912.88 4806.14 3912.55
26071-700-M6-054-00013 0.06299619376659393 3644.62 1087.80 3678.28 1088.34 3678.04 1102.99 3644.38 1102.45
26071-750-M6-085-00007 0.9963560104370117 6708.69 1930.21 6755.01 1930.16 6755.03 1946.54 6708.71 1946.59
26071-750-M6-085-00007 0.9948425889015198 6708.55 3683.44 6755.09 3683.26 6755.15 3699.44 6708.61 3699.62
26071-750-M6-085-00007 0.5099761486053467 2806.63 1383.34 2860.64 1382.97 2860.74 1398.60 2806.74 1398.97
26071-750-M6-085-00007 0.07890897244215012 6713.92 4387.10 6749.74 4387.34 6749.64 4401.77 6713.82 4401.52
