26071-200-M6-052-00001 0.9984222650527954 4014.99 4985.60 4044.97 4985.74 4044.77 5030.18 4014.79 5030.04
26071-200-M6-052-00001 0.9983813762664795 3165.23 3566.97 3210.41 3566.39 3210.79 3595.83 3165.60 3596.41
26071-200-M6-052-00001 0.997796893119812 2575.61 3567.00 2620.10 3567.04 2620.07 3596.81 2575.58 3596.78
26071-200-M6-052-00001 0.9977510571479797 5779.90 2504.84 5808.65 2504.73 5808.81 2549.60 5780.06 2549.71
26071-200-M6-052-00001 0.9973543882369995 3024.38 3347.79 3069.00 3347.81 3068.99 3376.82 3024.36 3376.80
26071-200-M6-052-00001 0.9971488118171692 6093.83 2504.25 6123.24 2504.46 6122.92 2550.22 6093.51 2550.02
26071-200-M6-052-00001 0.9967593550682068 3756.94 5420.34 3802.18 5420.32 3802.20 5450.52 3756.95 5450.53
26071-200-M6-052-00001 0.9963186979293823 4015.83 4913.71 4045.55 4913.99 4045.13 4958.92 4015.42 4958.65
26071-200-M6-052-00001 0.9962813258171082 4016.51 4394.59 4045.26 4394.57 4045.30 4440.46 4016.54 4440.49
26071-200-M6-052-00001 0.9960648417472839 4015.34 4512.97 4045.70 4512.98 4045.69 4558.15 4015.33 4558.14
26071-200-M6-052-00001 0.9959587454795837 3756.41 4033.74 3802.10 4032.75 3802.71 4060.81 3757.02 4061.80
26071-200-M6-052-00001 0.9956242442131042 3165.72 3348.17 3211.28 3348.08 3211.34 3376.74 3165.78 3376.83
26071-200-M6-052-00001 0.9955213069915771 3874.82 4048.47 3919.93 4048.56 3919.87 4077.70 3874.76 4077.62
26071-200-M6-052-00002 0.9984849095344543 3638.01 3306.32 3683.08 3306.29 3683.10 3335.70 3638.03 3335.73
26071-200-M6-052-00002 0.9978938698768616 3047.75 3306.07 3092.63 3306.21 3092.53 3336.71 3047.65 3336.57
26071-200-M6-052-00002 0.9973468780517578 6134.73 1915.07 6163.20 1915.21 6162.99 1958.82 6134.52 1958.68
26071-200-M6-052-00002 0.9971812963485718 6449.52 1913.72 6478.46 1913.70 6478.49 1959.04 6449.55 1959.05
26071-200-M6-052-00002 0.9969272017478943 4347.74 5007.45 4392.12 5007.15 4392.33 5038.04 4347.95 5038.34
26071-200-M6-052-00002 0.9959650039672852 4606.05 4511.96 4636.06 4512.04 4635.93 4557.83 4605.92 4557.75
26071-200-M6-052-00002 0.9957345128059387 4605.87 4157.45 4635.75 4157.60 4635.53 4202.80 4605.65 4202.66
26071-200-M6-052-00002 0.9956296682357788 3638.47 3087.13 3683.70 3087.44 3683.49 3117.56 3638.27 3117.25
26071-200-M6-052-00002 0.995296061038971 3496.86 3088.21 3542.63 3087.68 3542.98 3116.82 3497.20 3117.36
26071-200-M6-052-00002 0.9943826198577881 4347.17 3620.27 4391.55 3620.11 4391.66 3649.33 4347.27 3649.49
26071-200-M6-052-00002 0.9942182302474976 4607.30 4039.52 4635.36 4039.45 4635.48 4085.88 4607.41 4085.95
26071-200-M6-052-00002 0.9940354824066162 4606.96 4630.09 4635.49 4630.03 4635.59 4676.03 4607.06 4676.09
26071-200-M6-052-00002 0.9915265440940857 4465.35 3635.24 4510.47 3635.48 4510.31 3665.73 4465.19 3665.49
26071-200-M6-052-00002 0.06909240782260895 6236.95 1805.70 6281.79 1805.76 6281.76 1826.66 6236.92 1826.60
26071-200-M6-052-00003 0.9981366395950317 3003.60 4541.82 3032.46 4541.77 3032.53 4585.44 3003.67 4585.49
26071-200-M6-052-00003 0.9979516863822937 3815.40 3858.34 3860.76 3858.41 3860.71 3888.22 3815.35 3888.15
26071-200-M6-052-00003 0.9978466033935547 2970.19 3981.11 2997.46 3981.08 2997.50 4025.79 2970.24 4025.82
26071-200-M6-052-00003 0.9978110194206238 5173.29 4621.34 5219.21 4621.62 5219.03 4651.45 5173.12 4651.18
26071-200-M6-052-00003 0.9977460503578186 5587.64 3959.36 5616.93 3959.39 5616.89 4004.36 5587.59 4004.34
26071-200-M6-052-00003 0.9975416660308838 4277.19 5070.95 4320.75 5071.14 4320.62 5101.11 4277.06 5100.92
26071-200-M6-052-00003 0.9969608187675476 5582.83 4513.58 5611.91 4513.14 5612.60 4558.45 5583.52 4558.89
26071-200-M6-052-00003 0.9963182210922241 3461.84 3858.86 3506.73 3859.26 3506.47 3888.87 3461.58 3888.47
26071-200-M6-052-00003 0.9955325126647949 4151.15 4925.88 4180.85 4925.93 4180.77 4970.68 4151.07 4970.62
26071-200-M6-052-00003 0.995475709438324 5174.47 3859.65 5219.87 3859.05 5220.25 3887.64 5174.85 3888.23
26071-200-M6-052-00003 0.9945114850997925 2934.38 4098.70 2962.21 4098.81 2962.03 4144.98 2934.20 4144.87
26071-200-M6-052-00003 0.9943787455558777 4465.18 3860.05 4511.09 3859.88 4511.19 3888.30 4465.28 3888.46
26071-200-M6-052-00003 0.994356095790863 2958.21 4454.16 2987.40 4454.60 2986.74 4498.65 2957.55 4498.21
26071-200-M6-052-00003 0.9940246939659119 2927.04 4335.37 2955.35 4335.20 2955.63 4381.32 2927.32 4381.50
26071-200-M6-052-00003 0.9928654432296753 3284.78 3858.47 3329.19 3858.00 3329.51 3888.36 3285.11 3888.84
26071-200-M6-052-00003 0.990480363368988 4151.45 4690.08 4179.78 4690.07 4179.80 4734.43 4151.48 4734.45
26071-200-M6-052-00003 0.9844499230384827 4151.38 4760.18 4180.17 4760.17 4180.19 4806.25 4151.40 4806.27
26071-200-M6-052-00003 0.9793891310691833 4150.97 4854.93 4179.07 4854.06 4180.45 4899.04 4152.36 4899.90
26071-200-M6-052-00003 0.9635657668113708 4582.21 4624.38 4629.12 4624.36 4629.13 4655.04 4582.23 4655.06
26071-200-M6-052-00003 0.40741392970085144 3437.64 5095.57 3484.50 5095.64 3484.45 5125.45 3437.59 5125.37
26071-200-M6-052-00003 0.29893815517425537 3733.16 5095.19 3779.13 5095.19 3779.13 5125.50 3733.16 5125.50
26071-200-M6-052-00003 0.1685819774866104 5993.52 3781.09 6021.34 3779.79 6023.50 3826.11 5995.69 3827.41
26071-200-M6-052-00003 0.10225578397512436 4563.05 4524.37 4652.66 4524.67 4652.26 4642.25 4562.65 4641.94
26071-200-M6-052-00080 0.998485267162323 6379.08 4063.19 6423.37 4062.90 6423.56 4093.02 6379.27 4093.31
26071-200-M6-052-00080 0.9983465671539307 2813.37 3737.11 2855.78 3737.48 2855.51 3768.14 2813.10 3767.77
26071-200-M6-052-00080 0.9980185031890869 3403.11 3737.26 3446.13 3737.29 3446.11 3767.43 3403.09 3767.40
26071-200-M6-052-00080 0.9979636669158936 3756.29 4063.14 3802.50 4063.48 3802.28 4093.45 3756.07 4093.11
26071-200-M6-052-00080 0.9976131916046143 7182.02 4062.71 7226.83 4062.74 7226.81 4092.78 7182.00 4092.74
26071-200-M6-052-00080 0.9975312352180481 6237.76 3737.68 6281.20 3737.72 6281.18 3767.84 6237.74 3767.80
26071-200-M6-052-00080 0.9969528913497925 6179.99 3779.78 6208.24 3779.93 6207.99 3824.79 6179.74 3824.64
26071-200-M6-052-00080 0.9966602325439453 2754.38 4006.24 2782.56 4006.23 2782.57 4049.26 2754.39 4049.27
26071-200-M6-052-00080 0.996426522731781 2755.26 3779.76 2783.43 3779.86 2783.27 3825.25 2755.10 3825.16
26071-200-M6-052-00080 0.9963058233261108 3260.25 3737.57 3305.16 3737.87 3304.96 3767.60 3260.05 3767.29
26071-200-M6-052-00080 0.9963024854660034 2953.23 4063.42 2998.58 4063.12 2998.78 4092.71 2953.43 4093.01
26071-200-M6-052-00080 0.9962400197982788 3284.57 4063.22 3329.53 4063.11 3329.61 4092.88 3284.65 4092.99
26071-200-M6-052-00080 0.9961787462234497 3048.26 3737.62 3092.71 3737.70 3092.65 3767.84 3048.20 3767.76
26071-200-M6-052-00080 0.9961087107658386 6473.98 3737.62 6517.65 3737.81 6517.52 3767.71 6473.85 3767.52
26071-200-M6-052-00080 0.9960832595825195 3757.44 3844.38 3802.54 3843.52 3803.09 3872.41 3757.99 3873.27
26071-200-M6-052-00080 0.9960675239562988 6686.44 3737.34 6730.48 3737.36 6730.46 3767.37 6686.43 3767.35
26071-200-M6-052-00080 0.9960144758224487 6827.63 3737.31 6871.71 3737.34 6871.69 3767.35 6827.61 3767.32
26071-200-M6-052-00080 0.9956653714179993 6709.10 4063.23 6754.29 4062.93 6754.48 4092.56 6709.30 4092.85
26071-200-M6-052-00080 0.9945987462997437 6179.51 4004.88 6207.93 4004.80 6208.04 4049.55 6179.62 4049.62
26071-200-M6-052-00080 0.9937219023704529 7181.68 3844.31 7226.98 3844.35 7226.96 3872.71 7181.66 3872.67
26071-200-M6-052-00080 0.7535640001296997 3756.62 4192.18 3802.67 4192.58 3802.44 4220.36 3756.38 4219.97
26071-200-M6-052-00080 0.7243253588676453 7181.75 4191.92 7228.29 4191.52 7228.54 4220.87 7182.00 4221.27
26071-200-M6-052-00080 0.20739035308361053 6236.22 4069.78 6282.82 4070.07 6282.68 4091.49 6236.08 4091.20
26071-200-M6-052-00080 0.16286125779151917 2811.32 4070.19 2857.72 4070.43 2857.60 4091.86 2811.21 4091.62
26071-200-M6-052-00080 0.15041087567806244 780.18 5220.41 803.26 5220.50 803.08 5266.24 780.01 5266.15
26071-200-M6-052-00080 0.12888240814208984 3756.99 3705.77 3808.19 3706.83 3805.13 3854.60 3753.93 3853.54
26071-200-M6-052-00080 0.08713970333337784 6144.63 3779.34 6164.48 3779.27 6164.65 3826.03 6144.80 3826.11
26071-200-M6-052-00090 0.9985384941101074 5470.32 3324.77 5512.82 3324.89 5512.75 3354.70 5470.24 3354.58
26071-200-M6-052-00090 0.9981074333190918 2813.14 3648.59 2855.64 3649.01 2855.33 3680.31 2812.84 3679.89
26071-200-M6-052-00090 0.9975035786628723 5824.29 3648.49 5866.88 3648.86 5866.61 3680.11 5824.02 3679.74
26071-200-M6-052-00090 0.9973180890083313 5411.58 3366.03 5441.01 3366.08 5440.94 3410.73 5411.50 3410.68
26071-200-M6-052-00090 0.9973127245903015 2599.67 3648.64 2643.30 3648.98 2643.06 3679.90 2599.43 3679.56
26071-200-M6-052-00090 0.9972279667854309 2457.91 3324.62 2502.56 3324.69 2502.52 3354.39 2457.87 3354.32
26071-200-M6-052-00090 0.996967613697052 6414.23 3648.98 6458.08 3648.65 6458.31 3679.61 6414.47 3679.95
26071-200-M6-052-00090 0.9968724846839905 3402.35 3649.74 3447.63 3649.59 3447.73 3680.02 3402.45 3680.18
26071-200-M6-052-00090 0.9967769980430603 5705.65 3324.48 5749.86 3324.57 5749.80 3354.38 5705.59 3354.29
26071-200-M6-052-00090 0.9961705803871155 6414.32 3429.60 6457.68 3429.51 6457.74 3460.08 6414.38 3460.16
26071-200-M6-052-00090 0.9958631992340088 2693.94 3324.05 2738.54 3324.26 2738.40 3354.66 2693.79 3354.45
26071-200-M6-052-00090 0.995807409286499 3166.72 3648.96 3209.71 3648.90 3209.75 3680.04 3166.76 3680.10
26071-200-M6-052-00090 0.9953688979148865 3401.69 3430.52 3446.79 3430.52 3446.80 3460.19 3401.69 3460.19
26071-200-M6-052-00090 0.9952782392501831 2399.24 3366.46 2428.88 3366.99 2428.06 3411.92 2398.43 3411.38
26071-200-M6-052-00090 0.9952216744422913 5610.62 3649.72 5656.29 3649.53 5656.42 3679.22 5610.74 3679.41
26071-200-M6-052-00090 0.9951924085617065 2930.28 3325.42 2975.58 3324.91 2975.90 3353.47 2930.60 3353.98
26071-200-M6-052-00090 0.994993269443512 5989.35 3324.62 6033.76 3324.67 6033.72 3354.31 5989.31 3354.26
26071-200-M6-052-00090 0.9947547912597656 6178.33 3649.03 6221.62 3648.93 6221.69 3679.74 6178.39 3679.83
26071-200-M6-052-00090 0.993267297744751 5411.88 3590.58 5440.40 3590.50 5440.52 3635.88 5412.00 3635.96
26071-200-M6-052-00090 0.9758648872375488 2399.99 3590.68 2430.37 3590.54 2430.58 3636.23 2400.21 3636.38
26071-200-M6-052-00090 0.5728649497032166 6292.85 3590.78 6317.75 3591.83 6315.74 3639.69 6290.84 3638.64
26071-200-M6-052-00090 0.5453727841377258 6293.68 3475.24 6317.41 3475.40 6317.13 3519.78 6293.39 3519.63
26071-200-M6-052-00090 0.2203117311000824 2456.52 3656.50 2502.74 3656.73 2502.63 3678.64 2456.41 3678.41
26071-200-M6-052-00090 0.1544407159090042 5469.26 3656.40 5515.03 3656.49 5514.99 3678.47 5469.22 3678.39
26071-200-M6-052-00090 0.07823067903518677 2199.17 4375.30 2238.50 4372.58 2240.67 4403.98 2201.33 4406.69
26071-200-M6-052-00090 0.060010671615600586 5211.48 4375.23 5250.63 4372.50 5252.87 4404.61 5213.72 4407.35
26071-200-M6-052-00093 0.9983770847320557 4535.43 4675.85 4580.77 4676.09 4580.61 4706.47 4535.28 4706.24
26071-200-M6-052-00093 0.9977566599845886 4535.46 2432.21 4580.63 2432.42 4580.49 2462.40 4535.32 2462.19
26071-200-M6-052-00093 0.9970670342445374 4086.92 1665.97 4132.45 1665.72 4132.61 1695.38 4087.08 1695.63
26071-200-M6-052-00093 0.9968675971031189 4536.33 3809.00 4580.19 3808.38 4580.59 3836.61 4536.73 3837.24
26071-200-M6-052-00093 0.9968317151069641 4678.39 1450.10 4723.30 1449.91 4723.43 1480.65 4678.52 1480.84
26071-200-M6-052-00093 0.9968230724334717 4677.88 4671.97 4723.36 4672.35 4723.10 4702.68 4677.62 4702.29
26071-200-M6-052-00093 0.9966992735862732 4087.45 4457.66 4132.26 4457.52 4132.35 4487.59 4087.54 4487.73
26071-200-M6-052-00093 0.9964154958724976 4086.88 4028.15 4132.14 4027.99 4132.25 4057.28 4086.99 4057.44
26071-200-M6-052-00093 0.9958904385566711 4535.81 1446.96 4580.07 1447.01 4580.03 1476.39 4535.78 1476.34
26071-200-M6-052-00093 0.9956964254379272 4678.31 3812.95 4721.66 3812.93 4721.68 3841.84 4678.32 3841.86
26071-200-M6-052-00093 0.9956583976745605 4677.58 2428.47 4722.96 2428.02 4723.26 2457.98 4677.88 2458.43
26071-200-M6-052-00093 0.9948603510856628 4087.10 2213.50 4132.99 2213.73 4132.84 2243.47 4086.95 2243.24
26071-200-M6-052-00093 0.3985162079334259 4674.88 1661.58 4725.98 1662.19 4725.66 1688.77 4674.55 1688.15
26071-200-M6-052-00093 0.2045036107301712 4678.45 4793.96 4722.67 4794.52 4722.25 4828.14 4678.03 4827.59
26071-200-M6-052-00093 0.1548663079738617 4685.79 2219.68 4726.63 2219.51 4726.74 2246.65 4685.90 2246.82
26071-200-M6-052-00093 0.10367443412542343 4679.60 4058.53 4723.77 4057.18 4724.89 4093.91 4680.72 4095.26
26071-200-M6-052-00150 0.998494029045105 4110.50 4298.11 4155.88 4298.50 4155.63 4328.38 4110.25 4328.00
26071-200-M6-052-00150 0.9971178770065308 3945.07 3796.88 3989.58 3797.02 3989.48 3826.91 3944.98 3826.77
26071-200-M6-052-00150 0.9970287680625916 3507.95 1892.91 3553.54 1893.03 3553.47 1923.26 3507.87 1923.14
26071-200-M6-052-00150 0.9968113303184509 3638.32 3235.25 3682.59 3235.37 3682.50 3266.09 3638.23 3265.96
26071-200-M6-052-00150 0.9966570138931274 3638.20 2099.63 3683.32 2099.94 3683.11 2130.24 3637.99 2129.93
26071-200-M6-052-00150 0.9966552257537842 3284.45 3796.68 3328.99 3796.61 3329.04 3826.34 3284.50 3826.41
26071-200-M6-052-00150 0.9962698221206665 3638.28 3796.63 3682.62 3796.57 3682.66 3826.67 3638.32 3826.73
26071-200-M6-052-00150 0.9961905479431152 3638.05 2969.25 3682.37 2969.14 3682.44 2999.26 3638.12 2999.37
26071-200-M6-052-00150 0.9961716532707214 5707.57 5929.04 5850.57 5928.53 5850.74 5975.65 5707.74 5976.15
26071-200-M6-052-00150 0.995508074760437 4408.04 5929.62 4554.14 5929.10 4554.31 5976.19 4408.21 5976.71
26071-200-M6-052-00150 0.9950798749923706 4110.22 3796.87 4156.42 3796.80 4156.46 3826.30 4110.26 3826.37
26071-200-M6-052-00150 0.9933213591575623 3779.17 3094.90 3808.99 3094.84 3809.08 3139.64 3779.26 3139.70
26071-200-M6-052-00150 0.9884505271911621 5853.89 5838.42 5949.72 5837.51 5950.18 5886.63 5854.36 5887.53
26071-200-M6-052-00150 0.9876591563224792 4557.09 5837.66 4649.56 5836.15 4650.36 5885.00 4557.89 5886.51
26071-200-M6-052-00150 0.9761216640472412 3514.38 3095.45 3544.33 3095.41 3544.39 3139.04 3514.44 3139.09
26071-200-M6-052-00150 0.23693862557411194 3042.37 3867.20 3069.16 3864.77 3072.94 3906.46 3046.14 3908.89
26071-200-M6-052-00150 0.05545514449477196 4374.68 1205.67 4401.82 1205.68 4401.80 1251.40 4374.66 1251.39
26071-200-M6-052-00150 0.05319391191005707 4341.15 1494.16 4393.47 1495.37 4392.80 1524.16 4340.49 1522.96
26071-200-M6-052-00539 0.9986623525619507 2479.39 4205.86 2508.87 4205.99 2508.68 4251.24 2479.19 4251.11
26071-200-M6-052-00539 0.9967418313026428 2220.95 4571.19 2266.10 4570.71 2266.42 4600.69 2221.27 4601.17
26071-200-M6-052-00539 0.996551513671875 1979.03 4383.03 2007.56 4383.06 2007.51 4428.28 1978.98 4428.24
26071-200-M6-052-00539 0.9965471625328064 3993.15 5355.58 4037.49 5355.95 4037.24 5385.54 3992.90 5385.17
26071-200-M6-052-00539 0.9962194561958313 3851.54 5573.94 3895.62 5574.32 3895.36 5605.11 3851.27 5604.74
26071-200-M6-052-00539 0.9956409931182861 3993.02 5574.88 4038.03 5574.72 4038.14 5604.73 3993.13 5604.89
26071-200-M6-052-00539 0.9954578876495361 2067.44 3210.39 2114.35 3210.60 2114.22 3240.70 2067.31 3240.49
26071-200-M6-052-00539 0.9943017959594727 3401.56 5355.90 3447.14 5356.26 3446.91 5385.00 3401.34 5384.65
26071-200-M6-052-00539 0.994208574295044 2480.16 3567.51 2509.11 3567.60 2508.97 3612.40 2480.03 3612.31
26071-200-M6-052-00539 0.9940462112426758 2479.78 4122.40 2509.52 4122.57 2509.27 4167.10 2479.53 4166.94
26071-200-M6-052-00539 0.9938791990280151 2480.66 3485.10 2509.40 3485.22 2509.22 3529.79 2480.48 3529.67
26071-200-M6-052-00539 0.993099570274353 2221.29 3183.22 2266.54 3182.92 2266.72 3211.78 2221.47 3212.07
26071-200-M6-052-00539 0.9878450036048889 1977.60 3922.41 2007.48 3922.45 2007.41 3966.75 1977.53 3966.71
26071-200-M6-052-00539 0.08495759963989258 5991.54 4278.38 6021.37 4277.83 6022.17 4321.12 5992.35 4321.67
26071-200-M6-052-00539 0.07045526057481766 2810.85 5095.63 2858.43 5096.02 2858.19 5125.12 2810.62 5124.73
26071-200-M6-052-00539 0.06426218897104263 3993.13 5698.21 4038.76 5698.61 4038.48 5730.91 3992.85 5730.51
26071-200-M6-052-00539 0.05662986636161804 2195.64 4519.49 2293.57 4518.75 2293.95 4569.45 2196.02 4570.18
26071-200-M6-052-00540 0.32280465960502625 6592.21 4937.96 6618.46 4937.93 6618.52 4985.85 6592.27 4985.89
26071-200-M6-052-00540 0.29331833124160767 6293.11 5410.26 6322.71 5409.79 6323.45 5456.21 6293.85 5456.68
26071-200-M6-052-00540 0.14510612189769745 1191.78 1017.74 1221.26 1018.22 1220.58 1060.32 1191.09 1059.85
26071-200-M6-052-00544 0.9985087513923645 5056.43 4150.63 5101.06 4150.92 5100.87 4180.62 5056.24 4180.33
26071-200-M6-052-00544 0.9978132247924805 5587.33 4150.54 5632.27 4150.97 5631.98 4180.68 5587.05 4180.25
26071-200-M6-052-00544 0.9972618818283081 4191.82 4689.53 4220.62 4689.40 4220.83 4734.52 4192.02 4734.66
26071-200-M6-052-00544 0.9969825148582458 2989.36 4150.58 3034.05 4150.71 3033.96 4180.19 2989.27 4180.06
26071-200-M6-052-00544 0.9964807629585266 4819.49 4150.98 4864.73 4150.88 4864.79 4180.65 4819.55 4180.74
26071-200-M6-052-00544 0.9958733916282654 5291.76 4150.35 5337.48 4150.29 5337.52 4179.89 5291.80 4179.95
26071-200-M6-052-00544 0.9952037334442139 5905.07 4476.44 5934.27 4476.66 5933.93 4522.25 5904.73 4522.03
26071-200-M6-052-00544 0.9946869611740112 3638.56 4150.98 3682.49 4150.56 3682.77 4180.03 3638.85 4180.45
26071-200-M6-052-00544 0.9935437440872192 3165.80 4151.07 3211.36 4150.81 3211.52 4179.83 3165.96 4180.08
26071-200-M6-052-00544 0.9927405714988708 3402.52 4151.14 3447.04 4150.78 3447.28 4180.11 3402.76 4180.48
26071-200-M6-052-00544 0.8644458651542664 3815.65 4150.35 3860.80 4150.32 3860.82 4179.40 3815.67 4179.42
26071-200-M6-052-00544 0.33284878730773926 4530.67 4151.50 4578.49 4151.04 4578.76 4179.87 4530.94 4180.33
26071-200-M6-052-00544 0.1559992879629135 4076.76 4158.71 4102.64 4158.67 4102.71 4202.27 4076.82 4202.31
26071-200-M6-052-00544 0.07153327763080597 4076.30 3994.23 4104.08 3994.32 4103.88 4057.43 4076.09 4057.34
26071-200-M6-052-00544 0.06932294368743896 4636.16 4151.77 4682.71 4152.16 4682.48 4179.46 4635.94 4179.07
26071-200-M6-052-00552 0.9960722923278809 4168.48 2860.03 4198.38 2860.19 4198.14 2903.29 4168.24 2903.13
26071-200-M6-052-00552 0.9941723942756653 3993.29 2379.97 4037.98 2379.55 4038.26 2409.93 3993.58 2410.35
26071-200-M6-052-00552 0.991999089717865 4169.11 2468.43 4197.79 2468.61 4197.51 2513.81 4168.83 2513.63
26071-200-M6-052-00552 0.9903469681739807 4169.55 2528.48 4197.96 2528.74 4197.54 2573.11 4169.14 2572.84
26071-200-M6-052-00552 0.990007758140564 3831.34 2740.76 3859.61 2740.34 3860.29 2786.51 3832.02 2786.93
26071-200-M6-062-00276 0.9967580437660217 2614.72 4630.91 2645.15 4630.82 2645.28 4675.08 2614.85 4675.17
26071-200-M6-062-00276 0.9963219165802002 3873.72 5160.31 3919.69 5159.83 3920.01 5190.33 3874.04 5190.81
26071-200-M6-062-00276 0.9958654642105103 1275.68 3879.12 1321.52 3879.02 1321.59 3908.01 1275.75 3908.12
26071-200-M6-062-00276 0.9957589507102966 1335.33 3921.32 1364.21 3921.34 1364.19 3967.34 1335.30 3967.33
26071-200-M6-062-00276 0.9956161975860596 5054.70 4068.78 5101.65 4068.35 5101.92 4097.63 5054.97 4098.07
26071-200-M6-062-00276 0.9949222207069397 2988.33 4069.03 3034.21 4068.73 3034.41 4098.20 2988.52 4098.51
26071-200-M6-062-00276 0.9944478273391724 1276.16 4145.97 1320.22 4146.24 1320.04 4176.58 1275.98 4176.31
26071-200-M6-062-00276 0.9943171143531799 5445.06 4069.16 5490.43 4068.67 5490.75 4098.44 5445.38 4098.93
26071-200-M6-062-00276 0.9926592707633972 3164.85 4069.11 3211.80 4068.69 3212.07 4097.82 3165.12 4098.24
26071-200-M6-062-00276 0.9926566481590271 5173.07 4069.18 5219.59 4068.68 5219.90 4097.88 5173.38 4098.38
26071-200-M6-062-00276 0.9921455979347229 4819.77 4068.32 4863.87 4068.11 4864.01 4098.32 4819.92 4098.53
26071-200-M6-062-00276 0.9888700246810913 5349.92 4069.57 5396.98 4069.04 5397.30 4097.53 5350.24 4098.05
26071-200-M6-062-00276 0.9863693714141846 5715.81 4395.45 5745.41 4395.55 5745.25 4439.24 5715.66 4439.13
26071-200-M6-062-00276 0.984928548336029 3400.31 4069.19 3445.70 4068.51 3446.13 4097.75 3400.75 4098.43
26071-200-M6-062-00276 0.9664896130561829 3833.47 3911.75 3861.13 3911.76 3861.10 3955.79 3833.44 3955.77
26071-200-M6-062-00276 0.4476165175437927 3579.23 4069.92 3623.24 4068.74 3624.03 4098.17 3580.02 4099.35
26071-200-M6-062-00276 0.14500609040260315 4124.98 4067.82 4170.04 4066.60 4170.92 4099.16 4125.87 4100.38
26071-200-M6-062-00276 0.12904700636863708 1377.40 3925.19 1403.23 3923.84 1405.28 3963.08 1379.45 3964.43
26071-200-M6-062-00276 0.09004075080156326 3636.97 3711.23 3683.98 3711.12 3684.14 3783.94 3637.14 3784.04
26071-200-M6-062-00276 0.07751492410898209 4793.17 4077.72 4819.51 4077.30 4820.20 4120.79 4793.86 4121.21
26071-200-M6-063-00010 0.996638298034668 4026.90 3394.31 4071.89 3394.27 4071.91 3424.30 4026.93 3424.34
26071-200-M6-063-00010 0.9956637024879456 2929.86 3938.33 2975.42 3938.08 2975.58 3968.18 2930.02 3968.43
26071-200-M6-063-00010 0.9955968260765076 4441.67 3394.54 4486.71 3394.17 4486.95 3423.67 4441.91 3424.04
26071-200-M6-063-00010 0.995261549949646 4229.83 4711.82 4273.71 4711.77 4273.74 4742.63 4229.86 4742.68
26071-200-M6-063-00010 0.994754433631897 4488.18 4276.60 4517.46 4276.72 4517.28 4320.77 4488.00 4320.65
26071-200-M6-063-00010 0.9947229623794556 2634.02 3938.46 2678.96 3938.07 2679.22 3968.01 2634.28 3968.41
26071-200-M6-063-00010 0.9935550093650818 2633.83 4157.83 2679.41 4157.77 2679.45 4187.35 2633.87 4187.41
26071-200-M6-063-00010 0.9935548901557922 4228.90 3394.30 4273.55 3394.15 4273.65 3424.39 4229.00 3424.54
26071-200-M6-063-00010 0.9931303858757019 2929.61 4157.89 2975.40 4157.87 2975.41 4187.43 2929.62 4187.45
26071-200-M6-063-00010 0.9916400909423828 3165.38 4158.00 3211.56 4157.93 3211.60 4186.94 3165.43 4187.01
26071-200-M6-063-00010 0.9916045069694519 4488.45 3685.15 4517.64 3685.33 4517.37 3730.92 4488.18 3730.75
26071-200-M6-063-00010 0.9915004968643188 3165.59 3939.48 3210.80 3939.27 3210.94 3968.19 3165.72 3968.40
26071-200-M6-063-00010 0.8644148707389832 3992.87 3472.84 4039.20 3473.44 4038.81 3503.41 3992.48 3502.81
26071-200-M6-063-00010 0.8184097409248352 2636.51 3895.89 2677.00 3895.60 2677.20 3923.68 2636.71 3923.97
26071-200-M6-063-00010 0.7883766293525696 4467.03 3471.86 4510.61 3473.10 4509.69 3505.52 4466.10 3504.28
26071-200-M6-063-00010 0.7417351007461548 3170.09 4038.96 3314.91 4039.53 3314.73 4085.51 3169.91 4084.94
26071-200-M6-063-00010 0.24727924168109894 2930.42 3894.84 2972.05 3893.56 2972.99 3923.95 2931.36 3925.23
26071-203-M6-060-00001 0.16497278213500977 1807.44 3473.25 1855.32 3472.54 1855.78 3503.67 1807.91 3504.39
26071-203-M6-060-00006 0.9984461665153503 6271.20 4091.66 6316.49 4091.39 6316.66 4121.61 6271.37 4121.87
26071-203-M6-060-00006 0.9976108074188232 7264.74 4239.88 7308.44 4239.90 7308.42 4270.27 7264.72 4270.25
26071-203-M6-060-00006 0.9973490238189697 5965.05 4091.01 6010.31 4091.25 6010.14 4122.00 5964.89 4121.76
26071-203-M6-060-00006 0.997198224067688 5964.73 4239.53 6009.41 4239.18 6009.65 4269.77 5964.97 4270.13
26071-203-M6-060-00006 0.9966938495635986 2942.30 4186.85 2986.35 4186.57 2986.54 4216.08 2942.49 4216.36
26071-203-M6-060-00006 0.9958149790763855 3497.29 4186.25 3543.91 4186.48 3543.76 4215.99 3497.15 4215.75
26071-203-M6-060-00006 0.9958068132400513 6271.50 4240.14 6316.98 4239.74 6317.25 4269.63 6271.76 4270.04
26071-203-M6-060-00006 0.9936009049415588 7263.64 4091.91 7309.87 4091.77 7309.96 4120.47 7263.73 4120.61
26071-203-M6-060-00006 0.9933134913444519 6118.79 4239.57 6163.74 4239.49 6163.79 4269.77 6118.84 4269.85
26071-203-M6-060-00006 0.9927703738212585 2942.06 4406.39 2987.06 4406.50 2986.99 4435.49 2941.99 4435.38
26071-203-M6-060-00006 0.9870479702949524 3496.31 4406.74 3542.18 4406.35 3542.43 4436.13 3496.56 4436.51
26071-203-M6-060-00006 0.9861891865730286 6119.11 4091.73 6162.74 4091.75 6162.73 4122.16 6119.10 4122.14
26071-203-M6-160-00291 0.9974421262741089 2710.92 5432.82 2740.06 5432.78 2740.13 5479.57 2710.98 5479.61
26071-203-M6-160-00291 0.997229278087616 5201.91 5433.58 5231.25 5433.55 5231.28 5478.66 5201.95 5478.68
26071-203-M6-160-00291 0.9964773058891296 6436.94 2126.09 6466.41 2126.18 6466.27 2171.87 6436.80 2171.78
26071-203-M6-160-00291 0.9963818788528442 2922.49 3779.13 2951.42 3779.16 2951.38 3825.67 2922.46 3825.65
26071-203-M6-160-00291 0.9959931373596191 3004.68 2269.48 3033.91 2269.01 3034.64 2314.36 3005.42 2314.83
26071-203-M6-160-00291 0.9957566857337952 5409.41 5316.35 5438.67 5316.43 5438.56 5360.76 5409.30 5360.69
26071-203-M6-160-00291 0.9955535531044006 3047.62 3839.14 3092.40 3838.47 3092.84 3867.72 3048.06 3868.39
26071-203-M6-160-00291 0.995545506477356 3342.37 2268.04 3371.21 2267.98 3371.30 2313.32 3342.46 2313.37
26071-203-M6-160-00291 0.9953672885894775 2916.85 5327.87 2946.71 5327.94 2946.59 5373.00 2916.73 5372.92
26071-203-M6-160-00291 0.994662344455719 2922.34 3590.22 2951.72 3590.21 2951.73 3636.76 2922.35 3636.76
26071-203-M6-160-00291 0.9930859804153442 6177.43 1999.32 6222.76 1999.45 6222.67 2029.20 6177.34 2029.08
26071-203-M6-160-00291 0.9918957352638245 3048.51 3549.39 3092.79 3549.45 3092.75 3578.50 3048.46 3578.43
26071-203-M6-160-00291 0.9898019433021545 6436.56 3213.32 6466.46 3213.41 6466.33 3257.91 6436.43 3257.82
26071-203-M6-160-00291 0.9849847555160522 5587.25 1788.33 5631.40 1788.35 5631.38 1819.10 5587.24 1819.07
26071-203-M6-160-00291 0.9779345393180847 6436.90 2860.75 6465.40 2860.41 6465.93 2904.10 6437.43 2904.44
26071-203-M6-160-00291 0.9734199643135071 4753.53 2269.46 4782.39 2269.55 4782.26 2313.40 4753.40 2313.31
26071-203-M6-160-00291 0.9729160666465759 6436.37 3097.50 6465.52 3097.31 6465.79 3140.30 6436.64 3140.48
26071-203-M6-160-00291 0.7658067941665649 4753.68 3095.78 4779.27 3095.89 4779.08 3141.09 4753.49 3140.98
26071-203-M6-160-00291 0.18938325345516205 3728.90 3776.25 3816.15 3776.12 3816.23 3823.34 3728.97 3823.47
26071-203-M6-160-00291 0.13508573174476624 3096.25 5268.07 3139.02 5268.32 3138.84 5297.98 3096.07 5297.72
26071-203-M6-160-00291 0.13226185739040375 3727.53 3590.48 3814.21 3590.95 3813.96 3636.88 3727.28 3636.42
26071-203-M6-160-00291 0.09616545587778091 3383.80 2267.79 3409.37 2267.19 3410.49 2315.03 3384.92 2315.63
26071-203-M6-160-00291 0.05128940939903259 5588.50 5269.30 5630.10 5269.52 5629.94 5299.07 5588.34 5298.85
26071-203-M6-320-00008 0.9776650071144104 4799.66 4141.72 4945.98 4142.33 4945.79 4189.11 4799.47 4188.50
26071-203-M6-320-00008 0.9752251505851746 2370.66 4231.83 2519.59 4231.03 2519.84 4276.62 2370.90 4277.42
26071-203-M6-320-00008 0.9493042826652527 2523.35 4143.85 2613.16 4143.78 2613.19 4188.72 2523.39 4188.79
26071-203-M6-320-00008 0.946615993976593 4857.41 4053.39 4897.58 4090.63 4862.62 4128.34 4822.45 4091.10
26071-203-M6-320-00008 0.943468451499939 4947.08 4052.17 5042.38 4053.16 5041.90 4099.41 4946.60 4098.42
26071-203-M6-320-00008 0.9335864782333374 2399.51 4169.76 2436.26 4136.86 2473.23 4178.15 2436.48 4211.05
26071-203-M6-320-00008 0.6576071977615356 4812.97 4200.89 4857.94 4175.47 4885.19 4223.69 4840.21 4249.10
26071-203-M6-320-00008 0.5835714936256409 2617.45 4676.11 2662.28 4676.31 2662.15 4704.32 2617.33 4704.11
26071-203-M6-320-00008 0.5415232181549072 2377.68 4335.00 2426.91 4298.99 2454.82 4337.15 2405.59 4373.16
26071-203-M6-320-00008 0.21425385773181915 2615.58 4646.71 2662.01 4646.63 2662.06 4673.90 2615.63 4673.99
26071-203-M6-320-00008 0.09070660173892975 4791.63 4236.17 4830.59 4213.16 4847.38 4241.61 4808.43 4264.61
26071-203-M6-320-00008 0.06063134968280792 2368.02 4232.30 2385.86 4232.40 2385.59 4279.44 2367.75 4279.34
26071-203-M6-320-00042 0.9947512745857239 3217.19 3595.16 3261.68 3595.17 3261.67 3625.49 3217.18 3625.48
26071-203-M6-320-00042 0.9925038814544678 5429.71 5042.87 5458.37 5042.93 5458.28 5087.90 5429.61 5087.83
26071-203-M6-320-00042 0.9863131046295166 6187.62 3595.55 6232.41 3595.88 6232.19 3625.23 6187.41 3624.90
26071-203-M6-320-00042 0.9858923554420471 4267.68 3595.62 4312.26 3595.94 4312.05 3625.13 4267.47 3624.81
26071-203-M6-320-00042 0.17903269827365875 7195.15 3938.35 7227.56 3935.02 7232.05 3978.80 7199.65 3982.13
26071-203-M6-320-00042 0.10030925273895264 2634.09 3596.39 2677.79 3596.81 2677.52 3624.64 2633.82 3624.22
26071-203-M6-320-00042 0.08734607696533203 1851.12 3929.87 1881.89 3913.02 1896.63 3939.95 1865.86 3956.79
26071-203-M6-320-00042 0.058963123708963394 6965.60 3597.83 7011.97 3597.73 7012.02 3626.14 6965.65 3626.24
26071-203-M6-320-00044 0.9912174940109253 5280.10 3550.23 5325.12 3550.58 5324.89 3580.61 5279.87 3580.26
26071-203-M6-320-00061 0.6813774704933167 891.08 4056.44 919.29 4054.00 922.88 4095.39 894.66 4097.84
26071-203-M6-325-00012 0.9290933012962341 3336.99 5725.31 3381.76 5725.08 3381.91 5755.50 3337.15 5755.73
26071-203-M6-325-00012 0.7279992699623108 3336.64 5034.42 3381.64 5033.43 3382.28 5062.39 3337.28 5063.39
26071-203-M6-325-00012 0.5941303968429565 3336.95 3716.27 3382.24 3716.27 3382.24 3744.24 3336.96 3744.24
26071-203-M6-325-00012 0.29972967505455017 3336.95 2396.95 3382.33 2396.93 3382.34 2424.46 3336.96 2424.49
26071-203-M6-325-00012 0.2674387991428375 3336.49 1463.21 3381.69 1462.55 3382.12 1491.64 3336.91 1492.30
26071-203-M6-325-00012 0.25411832332611084 8017.15 4375.25 8062.55 4376.02 8062.06 4404.75 8016.66 4403.98
26071-203-M6-325-00012 0.05222952738404274 1686.73 4376.41 1731.84 4376.24 1731.94 4404.77 1686.83 4404.93
26071-203-M6-325-00013 0.2606797516345978 1598.45 3173.86 1645.66 3172.97 1646.20 3201.99 1599.00 3202.88
26071-203-M6-332-00001 0.9521311521530151 5948.13 1797.82 5990.98 1798.33 5990.65 1826.26 5947.80 1825.75
26071-203-M6-332-00001 0.5964857935905457 3899.02 1592.82 3920.94 1592.85 3920.88 1639.36 3898.97 1639.34
26071-203-M6-332-00001 0.3184932470321655 3426.72 2696.96 3472.26 2697.41 3471.99 2724.55 3426.46 2724.10
26071-203-M6-332-00001 0.2914130687713623 5526.80 2696.83 5572.35 2697.21 5572.12 2724.56 5526.57 2724.18
26071-203-M6-332-00001 0.18029987812042236 2495.86 1097.03 2543.11 1096.05 2543.72 1125.53 2496.47 1126.51
26071-203-M6-332-00001 0.08367068320512772 5948.63 2696.39 5988.19 2696.58 5988.05 2724.15 5948.49 2723.96
26071-203-M6-332-00001 0.07677371054887772 2876.34 3361.21 2902.86 3361.66 2901.96 3414.85 2875.44 3414.40
26071-203-M6-332-00001 0.07194001972675323 5107.02 2696.86 5148.70 2696.64 5148.84 2723.88 5107.16 2724.10
26071-203-M6-332-00001 0.07193195074796677 3848.66 2696.40 3888.20 2696.57 3888.09 2724.12 3848.54 2723.95
26071-203-M6-332-00001 0.06393168121576309 4266.67 2696.67 4309.30 2696.54 4309.38 2724.03 4266.75 2724.16
26071-203-M6-332-00001 0.05568905174732208 5704.90 2698.70 5752.63 2699.26 5752.33 2725.43 5704.60 2724.87
26071-203-M6-332-00001 0.05384454131126404 4687.49 2696.76 4729.65 2696.49 4729.83 2724.08 4687.66 2724.35
26071-203-M6-332-00008 0.9878224730491638 2248.44 3571.37 2348.47 3571.33 2348.49 3619.78 2248.46 3619.82
26071-203-M6-332-00008 0.9816032648086548 7081.24 3571.69 7173.75 3571.43 7173.88 3619.85 7081.38 3620.11
26071-203-M6-332-00008 0.973199188709259 4648.58 3572.31 4745.94 3572.78 4745.72 3619.35 4648.36 3618.88
26071-203-M6-332-00008 0.9619601368904114 4500.26 3661.21 4631.92 3660.24 4632.27 3707.92 4500.61 3708.90
26071-203-M6-332-00008 0.955981969833374 6930.37 3661.45 7078.63 3660.82 7078.83 3708.30 6930.57 3708.93
26071-203-M6-332-00008 0.954172670841217 2100.56 3660.74 2236.74 3660.74 2236.74 3709.16 2100.56 3709.17
26071-203-M6-332-00008 0.3504010736942291 2288.10 4195.08 2333.10 4195.30 2332.96 4224.07 2287.95 4223.85
26071-203-M6-332-00008 0.3454866409301758 4688.09 4195.07 4733.11 4195.29 4732.97 4224.09 4687.94 4223.86
26071-203-M6-332-00008 0.2841394245624542 7118.19 4194.96 7162.40 4195.19 7162.26 4222.17 7118.05 4221.94
26071-203-M6-332-00008 0.05456163361668587 4357.20 6211.99 4404.19 6211.94 4404.22 6235.76 4357.22 6235.81
26071-203-M6-333-00010 0.08703717589378357 2369.95 2700.90 2483.53 2700.77 2483.58 2750.35 2370.01 2750.47
26071-203-M6-337-00007 0.9976669549942017 3479.88 2793.60 3509.01 2793.52 3509.14 2837.93 3480.00 2838.01
26071-203-M6-337-00007 0.9973959922790527 5163.97 2553.48 5193.44 2553.43 5193.51 2597.61 5164.05 2597.66
26071-203-M6-337-00007 0.9972840547561646 3479.83 5493.65 3508.93 5493.53 3509.11 5537.77 3480.02 5537.89
26071-203-M6-337-00007 0.9963823556900024 3479.11 5793.70 3508.43 5793.36 3508.94 5837.77 3479.62 5838.11
26071-203-M6-337-00007 0.9949061870574951 4314.68 1551.03 4358.75 1551.05 4358.74 1582.40 4314.67 1582.38
26071-203-M6-337-00007 0.9947301149368286 3479.79 3092.75 3508.81 3092.93 3508.53 3138.04 3479.50 3137.86
26071-203-M6-337-00007 0.9942325949668884 5164.22 5222.99 5192.89 5223.22 5192.53 5268.23 5163.85 5268.00
26071-203-M6-337-00007 0.9941748976707458 4314.58 4251.03 4358.84 4251.01 4358.86 4282.52 4314.60 4282.55
26071-203-M6-337-00007 0.9871751666069031 3479.24 2042.93 3509.30 2042.70 3509.64 2087.84 3479.59 2088.06
26071-203-M6-337-00007 0.9858669638633728 3479.32 4742.91 3509.24 4742.69 3509.57 4787.86 3479.66 4788.08
26071-203-M6-337-00007 0.9820699691772461 5163.97 3092.88 5193.88 3092.90 5193.84 3137.86 5163.94 3137.83
26071-203-M6-337-00007 0.9747222661972046 5163.88 5792.68 5192.88 5792.69 5192.85 5838.67 5163.86 5838.66
26071-203-M6-337-00007 0.9704293012619019 5165.70 2837.72 5196.00 2837.89 5195.76 2882.83 5165.45 2882.66
26071-203-M6-337-00007 0.9703906774520874 5165.74 5537.73 5196.04 5537.88 5195.81 5582.94 5165.52 5582.79
26071-203-M6-337-00007 0.10144606232643127 3786.21 1740.28 3833.08 1741.02 3832.66 1767.79 3785.79 1767.05
26071-203-M6-337-00007 0.06687188893556595 3786.16 4440.26 3832.79 4441.00 3832.36 4467.92 3785.73 4467.18
26071-203-M6-337-00031 0.9963682889938354 4709.61 3122.89 4739.29 3122.77 4739.47 3167.35 4709.79 3167.47
26071-203-M6-337-00031 0.996220052242279 4709.79 2762.44 4738.79 2762.44 4738.79 2807.45 4709.79 2807.46
26071-203-M6-337-00031 0.9961339235305786 4709.55 1623.02 4739.27 1622.87 4739.48 1667.30 4709.77 1667.45
26071-203-M6-337-00031 0.9958776235580444 4709.76 1262.57 4738.93 1262.56 4738.93 1307.13 4709.77 1307.14
26071-203-M6-337-00031 0.9958641529083252 3524.70 1292.99 3554.76 1293.02 3554.71 1337.54 3524.66 1337.51
26071-203-M6-337-00031 0.995235025882721 4709.29 2373.37 4739.58 2373.14 4739.93 2417.71 4709.64 2417.95
26071-203-M6-337-00031 0.994224488735199 4710.15 2102.96 4739.01 2102.67 4739.47 2147.84 4710.60 2148.13
26071-203-M6-337-00031 0.9941772222518921 2879.23 1930.94 2907.72 1930.79 2907.95 1975.50 2879.46 1975.65
26071-203-M6-337-00031 0.9939631819725037 4709.57 1983.06 4739.43 1982.77 4739.88 2028.14 4710.02 2028.44
26071-203-M6-337-00031 0.993874728679657 4709.98 2493.32 4738.93 2493.12 4739.23 2538.08 4710.28 2538.28
26071-203-M6-337-00031 0.9931221604347229 4709.55 2883.65 4739.21 2883.21 4739.87 2927.61 4710.21 2928.05
26071-203-M6-337-00031 0.99277263879776 4709.97 3243.02 4739.75 3242.93 4739.89 3287.81 4710.10 3287.90
26071-203-M6-337-00031 0.9924087524414062 4709.91 1743.14 4739.00 1742.82 4739.48 1787.76 4710.40 1788.07
26071-203-M6-337-00031 0.9918920993804932 4709.49 1383.02 4739.08 1382.64 4739.66 1427.94 4710.07 1428.32
26071-203-M6-337-00031 0.9918809533119202 2730.93 1930.30 2760.61 1930.30 2760.61 1976.05 2730.93 1976.05
26071-203-M6-337-00031 0.9916933178901672 2730.22 2321.01 2759.91 2321.02 2759.90 2365.23 2730.21 2365.22
26071-203-M6-337-00031 0.9912996888160706 2879.38 2321.20 2908.02 2321.13 2908.14 2365.25 2879.50 2365.32
26071-203-M6-337-00031 0.9902827739715576 3523.95 1653.22 3553.51 1653.20 3553.54 1697.34 3523.98 1697.36
26071-203-M6-337-00031 0.9901973009109497 2730.47 2397.58 2759.85 2397.67 2759.72 2439.95 2730.33 2439.85
26071-203-M6-337-00031 0.9869651794433594 2729.80 2006.31 2759.57 2006.16 2759.79 2050.20 2730.02 2050.35
26071-203-M6-337-00031 0.39536356925964355 3000.08 316.42 3093.20 314.89 3093.88 356.50 3000.76 358.03
26071-203-M6-337-00031 0.17128954827785492 7057.20 5276.99 7103.03 5277.05 7102.99 5305.66 7057.17 5305.60
26071-203-M6-337-00031 0.1682928204536438 4380.67 1500.51 4406.55 1500.83 4405.96 1547.27 4380.08 1546.94
26071-203-M6-337-00031 0.10751456022262573 6770.30 6337.62 6801.23 6336.21 6802.89 6372.63 6771.96 6374.04
26071-300-M6-053-00008 0.9954230189323425 5870.09 4512.68 5899.35 4512.80 5899.16 4557.94 5869.91 4557.82
26071-300-M6-053-00008 0.9952101111412048 5870.16 2799.74 5899.27 2799.88 5899.06 2845.31 5869.95 2845.18
26071-300-M6-053-00008 0.9948024749755859 5527.71 5054.88 5573.25 5055.00 5573.17 5084.80 5527.63 5084.67
26071-300-M6-053-00008 0.9946072697639465 5202.30 3508.34 5231.43 3508.31 5231.48 3553.98 5202.35 3554.01
26071-300-M6-053-00008 0.9942408800125122 5870.30 4157.88 5899.42 4157.92 5899.36 4203.37 5870.23 4203.32
26071-300-M6-053-00008 0.9921879768371582 5870.20 2446.04 5899.01 2446.08 5898.94 2490.71 5870.13 2490.67
26071-300-M6-053-00008 0.9918559789657593 5201.93 2800.15 5231.29 2800.22 5231.18 2845.48 5201.82 2845.41
26071-300-M6-053-00008 0.9916303753852844 5202.11 4512.52 5231.42 4512.46 5231.52 4557.98 5202.21 4558.04
26071-300-M6-053-00008 0.9902153015136719 5202.32 3803.34 5231.88 3803.32 5231.92 3849.11 5202.35 3849.13
26071-300-M6-053-00008 0.989213764667511 5202.14 4157.83 5231.34 4157.82 5231.36 4203.09 5202.16 4203.10
26071-300-M6-053-00008 0.9889820218086243 5201.91 2445.72 5231.72 2445.69 5231.77 2490.64 5201.96 2490.67
26071-300-M6-053-00008 0.9871537089347839 5870.09 3154.12 5899.48 3154.17 5899.40 3199.44 5870.02 3199.39
26071-300-M6-053-00008 0.9849950671195984 5202.45 3153.07 5231.25 3153.06 5231.26 3200.30 5202.46 3200.31
26071-300-M6-053-00008 0.9837399125099182 5528.28 1859.66 5572.21 1859.43 5572.38 1890.81 5528.45 1891.04
26071-300-M6-053-00008 0.9797264337539673 5871.03 3804.08 5899.29 3803.97 5899.47 3849.04 5871.21 3849.15
26071-300-M6-053-00008 0.9015210270881653 4526.40 596.92 4567.51 596.94 4567.49 623.15 4526.39 623.13
26071-300-M6-053-00008 0.6604108810424805 5352.37 5022.51 5391.82 5045.52 5370.38 5082.29 5330.93 5059.29
26071-300-M6-053-00008 0.5563423037528992 5870.80 3526.83 5899.79 3527.01 5899.52 3571.07 5870.53 3570.89
26071-300-M6-053-00008 0.4021962285041809 5870.26 3420.93 5898.91 3420.49 5899.58 3463.12 5870.93 3463.57
26071-300-M6-053-00008 0.303957462310791 5477.29 1908.87 5521.82 1908.99 5521.74 1936.98 5477.21 1936.85
26071-300-M6-053-00008 0.29797589778900146 5719.10 5046.11 5757.86 5019.89 5781.10 5054.24 5742.33 5080.45
26071-300-M6-053-00008 0.2330930233001709 2694.89 1373.84 2736.14 1371.55 2737.92 1403.72 2696.68 1406.01
26071-300-M6-053-00008 0.14113245904445648 5579.61 1907.06 5626.86 1907.28 5626.72 1937.70 5579.47 1937.48
26071-300-M6-053-00010 0.9967383742332458 6412.79 2622.66 6442.81 2622.55 6442.96 2667.81 6412.95 2667.91
26071-300-M6-053-00010 0.9964550733566284 6099.13 2622.52 6128.52 2622.18 6129.05 2667.22 6099.66 2667.57
26071-300-M6-053-00010 0.9959562420845032 2788.53 4452.85 2817.54 4452.78 2817.64 4500.02 2788.63 4500.09
26071-300-M6-053-00010 0.9953250885009766 6294.95 2580.66 6340.80 2580.60 6340.83 2610.62 6294.98 2610.68
26071-300-M6-053-00010 0.9947482943534851 3401.69 4887.44 3447.62 4887.48 3447.60 4917.13 3401.67 4917.09
26071-300-M6-053-00010 0.9945306181907654 2693.40 4511.37 2739.05 4511.18 2739.18 4541.71 2693.53 4541.90
26071-300-M6-053-00010 0.9944156408309937 3282.60 4030.44 3327.83 4030.58 3327.74 4060.28 3282.51 4060.15
26071-300-M6-053-00010 0.9942988157272339 3614.98 4571.77 3643.22 4571.65 3643.40 4616.75 3615.17 4616.87
26071-300-M6-053-00010 0.9941648840904236 2221.46 4292.46 2265.26 4292.34 2265.34 4322.54 2221.55 4322.67
26071-300-M6-053-00010 0.9935963153839111 2693.34 4292.44 2738.83 4292.45 2738.83 4323.06 2693.33 4323.05
26071-300-M6-053-00010 0.9924322366714478 2219.07 4511.00 2266.54 4510.62 2266.79 4541.27 2219.32 4541.65
26071-300-M6-053-00010 0.9923640489578247 3613.67 4312.05 3643.47 4312.33 3643.06 4357.30 3613.26 4357.02
26071-300-M6-053-00010 0.9922526478767395 3613.91 4241.26 3643.26 4241.11 3643.50 4285.40 3614.14 4285.56
26071-300-M6-053-00010 0.9917672276496887 3613.98 4643.21 3642.75 4643.12 3642.90 4687.51 3614.13 4687.60
26071-300-M6-053-00010 0.9911692142486572 3401.44 4009.11 3447.38 4008.86 3447.55 4038.20 3401.60 4038.46
26071-300-M6-053-00010 0.9889051914215088 2457.43 4512.17 2501.79 4511.89 2501.98 4542.56 2457.63 4542.84
26071-300-M6-053-00010 0.9888020753860474 3520.92 4030.82 3565.65 4030.23 3566.04 4059.68 3521.31 4060.27
26071-300-M6-053-00010 0.9874201416969299 1985.46 4292.38 2029.47 4292.70 2029.26 4322.08 1985.25 4321.77
26071-300-M6-053-00010 0.10909770429134369 2093.29 3688.63 2121.50 3688.63 2121.50 3729.16 2093.29 3729.16
26071-300-M6-053-00010 0.09289101511240005 2093.68 3452.77 2121.15 3452.76 2121.16 3493.08 2093.69 3493.09
26071-300-M6-053-00010 0.06448610872030258 3401.32 2826.24 3449.31 2825.99 3449.71 2904.42 3401.72 2904.67
26071-300-M6-053-00012 0.9981295466423035 4896.36 3400.93 4926.12 3401.13 4925.82 3447.67 4896.05 3447.47
26071-300-M6-053-00012 0.997088611125946 4347.31 2828.50 4391.83 2828.40 4391.89 2857.94 4347.37 2858.04
26071-300-M6-053-00012 0.99673992395401 4736.88 3495.57 4782.36 3495.39 4782.48 3526.04 4737.00 3526.23
26071-300-M6-053-00012 0.9966378211975098 5799.48 2468.34 5845.46 2468.29 5845.50 2497.39 5799.51 2497.44
26071-300-M6-053-00012 0.9954922199249268 5716.39 2468.82 5762.56 2468.46 5762.80 2498.26 5716.63 2498.62
26071-300-M6-053-00012 0.9954233765602112 5020.34 2467.69 5065.22 2467.67 5065.23 2498.45 5020.36 2498.47
26071-300-M6-053-00012 0.994868278503418 2878.39 3013.17 2908.61 3013.10 2908.72 3057.67 2878.50 3057.75
26071-300-M6-053-00012 0.9947831034660339 4186.84 3803.39 4215.68 3803.38 4215.69 3849.32 4186.85 3849.32
26071-300-M6-053-00012 0.9941189289093018 4186.90 3556.07 4216.03 3556.08 4216.02 3600.97 4186.89 3600.96
26071-300-M6-053-00012 0.9941019415855408 3922.59 5638.42 4018.21 5637.06 4018.91 5685.97 3923.29 5687.33
26071-300-M6-053-00012 0.9934076070785522 5717.13 2249.49 5761.86 2248.98 5762.21 2279.48 5717.48 2279.99
26071-300-M6-053-00012 0.9933639764785767 4312.43 3945.23 4356.19 3945.28 4356.15 3974.80 4312.40 3974.75
26071-300-M6-053-00012 0.9928927421569824 5019.95 2250.12 5064.42 2249.80 5064.64 2280.07 5020.17 2280.39
26071-300-M6-053-00012 0.9924682974815369 5233.49 2249.61 5277.24 2249.23 5277.50 2279.33 5233.75 2279.71
26071-300-M6-053-00012 0.9918783903121948 5599.10 2468.76 5644.24 2468.25 5644.58 2498.48 5599.43 2498.98
26071-300-M6-053-00012 0.9917832612991333 2903.63 2931.04 2932.47 2930.85 2932.77 2975.88 2903.92 2976.07
26071-300-M6-053-00012 0.991657555103302 4583.06 2828.88 4627.86 2828.37 4628.20 2858.01 4583.40 2858.52
26071-300-M6-053-00012 0.9915621876716614 2874.01 3272.66 2903.19 3272.67 2903.17 3317.64 2874.00 3317.63
26071-300-M6-053-00012 0.9913811087608337 5529.09 2249.61 5571.91 2249.36 5572.09 2279.68 5529.26 2279.93
26071-300-M6-053-00012 0.9910448789596558 2895.02 3354.96 2924.90 3354.92 2924.96 3398.90 2895.08 3398.94
26071-300-M6-053-00012 0.9906091690063477 4017.11 5728.71 4168.06 5728.54 4168.11 5774.86 4017.16 5775.02
26071-300-M6-053-00012 0.9897918701171875 5799.09 2249.27 5845.95 2248.94 5846.16 2278.72 5799.31 2279.05
26071-300-M6-053-00012 0.9887113571166992 5908.27 5728.58 6056.99 5728.95 6056.88 5774.58 5908.16 5774.21
26071-300-M6-053-00012 0.9866532683372498 5812.86 5639.26 5906.97 5638.89 5907.16 5686.68 5813.05 5687.05
26071-300-M6-053-00012 0.986049234867096 4630.86 3496.34 4676.27 3496.27 4676.31 3525.91 4630.90 3525.98
26071-300-M6-053-00012 0.9857800602912903 3131.89 2828.26 3175.56 2827.71 3175.95 2858.22 3132.28 2858.77
26071-300-M6-053-00012 0.984333336353302 3403.07 2828.20 3447.26 2828.08 3447.34 2858.12 3403.15 2858.24
26071-300-M6-053-00012 0.9748253226280212 6005.07 5769.60 6041.95 5806.18 6006.06 5842.37 5969.18 5805.79
26071-300-M6-053-00012 0.9616451859474182 4113.34 5769.16 4151.82 5803.62 4117.63 5841.80 4079.16 5807.34
26071-300-M6-053-00012 0.5198304057121277 4111.18 2829.23 4156.16 2829.36 4156.08 2857.78 4111.11 2857.66
26071-300-M6-053-00012 0.4580417275428772 3894.72 5729.10 3923.84 5729.46 3923.28 5774.24 3894.17 5773.88
26071-300-M6-053-00309 0.9979458451271057 3484.64 5397.27 3530.22 5397.13 3530.31 5427.78 3484.73 5427.92
26071-300-M6-053-00309 0.9978175163269043 4015.52 5179.34 4061.05 5178.47 4061.61 5207.72 4016.09 5208.59
26071-300-M6-053-00309 0.9974791407585144 4015.92 3272.15 4061.16 3272.06 4061.21 3301.51 4015.97 3301.60
26071-300-M6-053-00309 0.9973405003547668 4016.11 3052.24 4060.37 3051.85 4060.63 3080.92 4016.37 3081.31
26071-300-M6-053-00309 0.9970121383666992 3389.91 5178.62 3435.37 5178.39 3435.52 5208.41 3390.06 5208.64
26071-300-M6-053-00309 0.9969797134399414 3485.44 5178.08 3530.34 5178.20 3530.25 5208.25 3485.36 5208.12
26071-300-M6-053-00309 0.9967478513717651 3389.97 5398.04 3435.23 5397.92 3435.31 5427.58 3390.05 5427.70
26071-300-M6-053-00309 0.99672532081604 3933.46 5178.23 3978.77 5177.91 3978.99 5208.44 3933.67 5208.76
26071-300-M6-053-00309 0.9964979887008667 4015.74 5397.42 4061.68 5397.37 4061.71 5427.10 4015.77 5427.15
26071-300-M6-053-00309 0.9961017370223999 3389.47 3052.83 3435.25 3052.58 3435.41 3081.64 3389.63 3081.89
26071-300-M6-053-00309 0.9960262775421143 3485.01 3052.90 3530.36 3052.28 3530.77 3082.08 3485.42 3082.71
26071-300-M6-053-00309 0.9958233833312988 3484.73 3271.79 3530.51 3271.72 3530.55 3302.15 3484.78 3302.22
26071-300-M6-053-00309 0.9956194758415222 3389.93 3272.14 3434.83 3271.67 3435.14 3300.88 3390.23 3301.35
26071-300-M6-053-00309 0.9954985976219177 3637.72 3272.12 3683.24 3271.43 3683.69 3301.32 3638.17 3302.01
26071-300-M6-053-00309 0.9943242073059082 3933.58 3272.11 3978.85 3271.58 3979.20 3301.17 3933.93 3301.70
26071-300-M6-053-00309 0.9942814111709595 3637.98 5178.72 3682.60 5178.66 3682.64 5208.49 3638.02 5208.55
26071-300-M6-053-00309 0.9900016784667969 5641.48 4747.28 5670.72 4747.35 5670.61 4793.84 5641.37 4793.77
26071-300-M6-053-00309 0.9842472076416016 5430.81 4748.83 5460.37 4748.82 5460.38 4793.10 5430.82 4793.11
26071-300-M6-053-00309 0.41723012924194336 5995.68 1996.74 6024.14 1997.05 6023.62 2044.11 5995.16 2043.80
26071-300-M6-053-00309 0.3003329634666443 6002.00 769.86 6045.24 770.25 6044.97 800.96 6001.72 800.57
26071-300-M6-053-00309 0.2790355086326599 5998.23 1380.67 6047.76 1380.32 6047.94 1405.32 5998.41 1405.67
26071-300-M6-053-00309 0.22915995121002197 6000.93 2208.70 6045.63 2208.67 6045.65 2235.58 6000.95 2235.62
26071-300-M6-053-00309 0.12649421393871307 6069.53 1381.52 6119.35 1380.24 6119.95 1403.90 6070.13 1405.17
26071-300-M6-053-00309 0.1008419543504715 6071.36 1166.04 6115.38 1165.83 6115.51 1192.82 6071.49 1193.03
26071-300-M6-053-00309 0.05848383903503418 5408.53 3180.66 5454.87 3180.29 5455.07 3204.83 5408.73 3205.21
26071-300-M6-053-00309 0.055056218057870865 5874.30 2101.30 5924.09 2101.31 5924.08 2125.73 5874.29 2125.71
26071-450-M6-082-00009 0.9963095784187317 3630.95 5375.02 3659.63 5374.80 3659.98 5419.17 3631.29 5419.39
26071-450-M6-082-00009 0.9950417876243591 3732.74 4505.05 3777.85 4505.07 3777.83 4535.95 3732.72 4535.93
26071-450-M6-082-00009 0.9945490956306458 2575.31 2739.34 2619.24 2739.12 2619.40 2770.10 2575.47 2770.32
26071-450-M6-082-00009 0.9934912323951721 3631.27 5102.96 3660.74 5102.82 3660.97 5148.04 3631.50 5148.19
26071-450-M6-082-00009 0.992984414100647 3850.55 4630.67 3879.09 4630.71 3879.03 4675.24 3850.49 4675.20
26071-450-M6-082-00009 0.9921101927757263 3850.62 4842.68 3879.32 4842.76 3879.20 4887.56 3850.49 4887.47
26071-450-M6-082-00009 0.9905561804771423 3630.87 4630.55 3660.34 4630.63 3660.23 4676.32 3630.76 4676.25
26071-450-M6-082-00009 0.9899649024009705 2575.85 2520.62 2619.73 2520.62 2619.73 2551.02 2575.85 2551.02
26071-450-M6-082-00009 0.9880863428115845 3849.95 5375.47 3879.19 5375.01 3879.88 5419.12 3850.64 5419.58
26071-450-M6-082-00009 0.9852155447006226 3849.95 5186.20 3879.37 5185.82 3879.96 5230.99 3850.54 5231.37
26071-450-M6-082-00009 0.9833921194076538 3631.36 4572.46 3659.94 4572.41 3660.02 4616.14 3631.44 4616.19
26071-450-M6-082-00009 0.9830785393714905 3630.88 5032.46 3660.77 5032.38 3660.89 5076.64 3631.00 5076.72
26071-450-M6-082-00009 0.9815094470977783 3851.02 4984.94 3879.06 4984.83 3879.23 5029.42 3851.19 5029.53
26071-450-M6-082-00009 0.9748063087463379 3631.20 5280.00 3660.99 5279.97 3661.04 5325.24 3631.25 5325.28
26071-450-M6-082-00009 0.24517270922660828 3733.77 5394.34 3777.64 5394.52 3777.52 5424.81 3733.65 5424.63
26071-450-M6-082-00031 0.9966322779655457 3024.42 3423.90 3068.86 3423.75 3068.97 3454.69 3024.52 3454.84
26071-450-M6-082-00031 0.9956900477409363 3685.27 3424.52 3730.62 3424.60 3730.57 3454.28 3685.22 3454.20
26071-450-M6-082-00031 0.9952410459518433 3685.81 3205.69 3730.24 3205.34 3730.48 3235.87 3686.05 3236.21
26071-450-M6-082-00031 0.9920526742935181 3520.98 3205.69 3564.55 3205.68 3564.56 3236.58 3520.99 3236.59
26071-500-M6-059-00011 0.9980625510215759 3599.33 3427.63 3647.49 3428.47 3646.95 3458.97 3598.79 3458.12
26071-500-M6-059-00011 0.9973955154418945 4216.79 3720.40 4246.56 3720.50 4246.41 3765.94 4216.64 3765.83
26071-500-M6-059-00011 0.9965909719467163 4216.79 4924.92 4246.75 4925.10 4246.47 4970.72 4216.51 4970.54
26071-500-M6-059-00011 0.9961930513381958 3875.60 3360.99 3920.47 3360.64 3920.70 3388.79 3875.83 3389.15
26071-500-M6-059-00011 0.9956860542297363 4216.99 4335.12 4246.54 4335.25 4246.33 4380.63 4216.79 4380.50
26071-500-M6-059-00011 0.9954657554626465 3548.90 4039.89 3577.56 4039.98 3577.44 4084.51 3548.78 4084.43
26071-500-M6-059-00011 0.9954360127449036 3549.13 4926.05 3578.38 4926.07 3578.34 4971.45 3549.09 4971.42
26071-500-M6-059-00011 0.9946174025535583 3549.02 4336.05 3577.98 4336.06 3577.97 4381.06 3549.00 4381.04
26071-500-M6-059-00011 0.9928425550460815 4215.04 5693.79 4244.06 5693.85 4243.97 5738.96 4214.95 5738.90
26071-500-M6-059-00013 0.9976428151130676 3237.25 4914.03 3281.43 4914.35 3281.22 4944.25 3237.04 4943.93
26071-500-M6-059-00013 0.9921348094940186 2930.53 4864.36 2974.72 4863.41 2975.35 4892.75 2931.16 4893.70
26071-500-M6-059-00013 0.3529287874698639 7415.88 2282.67 7465.02 2281.54 7465.52 2303.37 7416.38 2304.50
26071-500-M6-059-00017 0.9975336790084839 6213.57 3714.18 6258.13 3713.78 6258.39 3742.70 6213.83 3743.10
26071-500-M6-059-00017 0.9974507689476013 1867.11 3932.89 1912.32 3932.12 1912.83 3961.61 1867.61 3962.39
26071-500-M6-059-00017 0.9974459409713745 4040.90 3713.49 4084.97 3713.75 4084.79 3743.72 4040.72 3743.46
26071-500-M6-059-00017 0.997421145439148 4204.72 3713.96 4250.32 3713.90 4250.36 3742.78 4204.76 3742.84
26071-500-M6-059-00017 0.9973560571670532 2197.25 3713.99 2241.93 3713.78 2242.06 3742.68 2197.38 3742.89
26071-500-M6-059-00017 0.9969430565834045 6048.48 3714.26 6093.79 3713.92 6094.02 3743.24 6048.71 3743.59
26071-500-M6-059-00017 0.9968961477279663 2032.35 3714.21 2077.84 3713.93 2078.03 3743.35 2032.53 3743.63
26071-500-M6-059-00017 0.9967858791351318 3874.64 3932.61 3920.73 3932.66 3920.70 3962.39 3874.60 3962.33
26071-500-M6-059-00017 0.9964906573295593 5882.59 3931.79 5926.70 3931.46 5926.93 3962.46 5882.82 3962.79
26071-500-M6-059-00017 0.9962643980979919 6153.78 3713.71 6199.56 3713.42 6199.75 3743.51 6153.97 3743.80
26071-500-M6-059-00017 0.9956306219100952 1938.22 3932.54 1983.07 3932.56 1983.05 3962.14 1938.20 3962.12
26071-500-M6-059-00017 0.9955363273620605 3944.94 3932.64 3990.31 3932.15 3990.62 3961.72 3945.25 3962.21
26071-500-M6-059-00017 0.9953542947769165 5953.36 3932.28 5998.41 3932.45 5998.29 3962.67 5953.24 3962.49
26071-500-M6-059-00017 0.9952627420425415 2138.60 3713.49 2183.53 3713.45 2183.55 3742.92 2138.62 3742.95
26071-500-M6-059-00017 0.9947564601898193 4146.73 3713.40 4191.21 3713.28 4191.29 3743.57 4146.81 3743.69
26071-500-M6-059-00017 0.7061532735824585 3779.44 3814.96 3806.58 3815.11 3806.32 3862.07 3779.19 3861.93
26071-500-M6-059-00017 0.08260156214237213 4491.24 3137.76 4523.60 3137.74 4523.63 3192.37 4491.27 3192.39
26071-500-M6-059-00040 0.9988871216773987 4251.22 4749.58 4281.41 4749.74 4281.17 4794.02 4250.98 4793.86
26071-500-M6-059-00040 0.9980596899986267 3572.22 2941.94 3601.46 2942.23 3601.02 2986.95 3571.78 2986.67
26071-500-M6-059-00040 0.9964510202407837 5869.11 2860.97 5898.29 2860.00 5899.74 2903.21 5870.56 2904.18
26071-500-M6-059-00040 0.9961985945701599 2952.62 4748.33 2982.23 4748.42 2982.09 4793.44 2952.48 4793.35
26071-500-M6-059-00040 0.9953088164329529 3779.13 2859.00 3808.90 2859.18 3808.61 2903.99 3778.84 2903.80
26071-500-M6-059-00040 0.993454098701477 2755.97 4749.05 2785.60 4749.09 2785.54 4794.10 2755.91 4794.06
26071-500-M6-059-00040 0.9930181503295898 5869.99 3331.66 5899.17 3331.55 5899.33 3377.06 5870.15 3377.16
26071-500-M6-059-00040 0.9895367622375488 5438.99 2858.74 5468.42 2858.79 5468.34 2903.62 5438.91 2903.56
26071-500-M6-059-00040 0.9876670837402344 4055.90 4749.20 4085.47 4748.96 4085.84 4793.76 4056.26 4794.00
26071-500-M6-059-00040 0.24617306888103485 5915.75 2551.33 5940.94 2551.24 5941.12 2599.00 5915.93 2599.09
26071-500-M6-059-00040 0.10503748804330826 5852.52 3802.73 5878.55 3802.81 5878.41 3849.93 5852.38 3849.86
26071-500-M6-059-00040 0.07662364095449448 2503.08 1792.41 2601.38 1792.86 2601.15 1843.11 2502.86 1842.67
26071-500-M6-059-00044 0.995941162109375 4954.11 2717.27 4983.40 2717.31 4983.35 2761.47 4954.06 2761.43
26071-500-M6-059-00044 0.9953256845474243 5030.79 1870.40 5077.74 1870.46 5077.70 1899.26 5030.76 1899.20
26071-500-M6-059-00044 0.994692862033844 4953.64 3013.50 4983.71 3013.84 4983.21 3058.15 4953.15 3057.81
26071-500-M6-059-00044 0.9941727519035339 5197.25 1835.97 5242.26 1835.90 5242.31 1865.64 5197.30 1865.72
26071-500-M6-059-00044 0.9938240051269531 4953.98 2244.90 4983.65 2244.86 4983.71 2290.08 4954.04 2290.12
26071-500-M6-059-00044 0.9932816028594971 5338.92 1859.24 5384.31 1858.90 5384.53 1888.63 5339.15 1888.97
26071-500-M6-059-00044 0.9927242398262024 4953.57 2009.56 4983.17 2009.55 4983.18 2053.43 4953.58 2053.44
26071-500-M6-059-00044 0.9925845265388489 4953.81 2598.36 4983.89 2598.50 4983.67 2644.54 4953.59 2644.40
26071-500-M6-059-00044 0.9916410446166992 7287.30 4807.95 7316.85 4808.06 7316.69 4852.90 7287.14 4852.80
26071-500-M6-059-00044 0.9893459677696228 2173.40 4807.90 2203.63 4808.07 2203.38 4853.02 2173.16 4852.86
26071-500-M6-059-00044 0.987648606300354 5753.54 4807.41 5782.10 4807.55 5781.87 4853.07 5753.31 4852.93
26071-500-M6-059-00044 0.9857774376869202 3710.11 4807.85 3739.74 4807.98 3739.53 4853.22 3709.90 4853.09
26071-500-M6-059-00044 0.9813557267189026 7089.18 4807.79 7119.75 4807.70 7119.89 4852.87 7089.32 4852.96
26071-500-M6-059-00044 0.9812630414962769 5556.21 4807.47 5585.46 4807.55 5585.34 4853.16 5556.10 4853.08
26071-500-M6-059-00044 0.9789956212043762 1976.34 4807.84 2006.80 4807.74 2006.96 4852.63 1976.50 4852.74
26071-500-M6-059-00044 0.9653578996658325 3510.45 4809.92 3541.20 4809.15 3542.26 4851.17 3511.51 4851.94
26071-500-M6-059-00044 0.5690674185752869 5199.15 1795.06 5240.18 1793.24 5241.39 1820.31 5200.35 1822.13
26071-500-M6-059-00044 0.33086448907852173 1261.66 2096.55 1309.99 2096.54 1309.99 2123.95 1261.67 2123.95
26071-500-M6-059-00044 0.20351971685886383 4218.65 4975.56 4262.66 4974.80 4263.16 5004.06 4219.15 5004.81
26071-500-M6-059-00044 0.177620068192482 2658.42 4975.29 2704.34 4974.98 2704.51 4999.42 2658.59 4999.73
26071-500-M6-059-00044 0.08736906945705414 7064.54 5101.74 7098.36 5101.89 7098.21 5134.57 7064.39 5134.41
26071-500-M6-059-00071 0.997977077960968 1630.81 4415.97 1674.25 4416.01 1674.22 4446.44 1630.78 4446.40
26071-500-M6-059-00071 0.9978747367858887 1949.16 4121.97 1979.04 4121.97 1979.05 4167.94 1949.17 4167.95
26071-500-M6-059-00071 0.996875524520874 1328.22 4122.50 1357.45 4122.60 1357.30 4167.83 1328.06 4167.73
26071-500-M6-059-00071 0.9961464405059814 1631.36 3513.81 1676.67 3513.73 1676.72 3543.76 1631.41 3543.84
26071-500-M6-059-00071 0.9960774779319763 1949.08 3968.91 1978.26 3969.01 1978.11 4013.80 1948.94 4013.70
26071-500-M6-059-00071 0.9946379065513611 1394.25 3620.43 1438.68 3620.38 1438.71 3650.84 1394.28 3650.89
26071-500-M6-059-00071 0.9907764792442322 1949.75 3803.52 1977.61 3803.44 1977.74 3849.05 1949.88 3849.13
26071-500-M6-059-00071 0.9876635670661926 1629.69 5533.64 1675.58 5533.41 1675.73 5564.10 1629.84 5564.32
26071-500-M6-059-00071 0.8698732852935791 1630.96 2622.97 1675.25 2622.65 1675.46 2650.93 1631.17 2651.25
26071-500-M6-059-00071 0.08423507213592529 1629.37 3482.78 1676.21 3482.07 1676.46 3498.50 1629.62 3499.21
26071-500-M6-059-00116 0.9957430958747864 4346.68 4416.22 4390.94 4416.10 4391.03 4447.15 4346.77 4447.28
26071-500-M6-059-00116 0.994990885257721 5888.33 5576.39 5918.37 5576.81 5917.75 5621.45 5887.71 5621.03
26071-500-M6-059-00116 0.994821310043335 6113.33 5646.48 6142.85 5646.51 6142.81 5691.87 6113.29 5691.84
26071-500-M6-059-00116 0.9943463206291199 4346.90 3914.40 4391.75 3914.17 4391.91 3944.99 4347.07 3945.22
26071-500-M6-059-00116 0.9874132871627808 5902.23 5743.03 5938.46 5708.68 5973.66 5745.81 5937.44 5780.16
26071-500-M6-059-00116 0.9466336965560913 3893.80 4157.33 3920.17 4157.21 3920.37 4202.85 3894.01 4202.97
26071-500-M6-059-00116 0.30389052629470825 6002.71 6000.04 6043.36 6000.63 6042.93 6030.52 6002.27 6029.93
26071-500-M6-059-00116 0.09392859041690826 6824.86 5416.38 6874.17 5415.73 6874.91 5472.63 6825.60 5473.27
26071-500-M6-059-00248 0.9967447519302368 5150.51 4629.25 5194.66 4629.26 5194.65 4659.65 5150.51 4659.64
26071-500-M6-059-00248 0.9967135190963745 4488.73 4629.05 4533.99 4628.92 4534.08 4659.25 4488.82 4659.39
26071-500-M6-059-00248 0.9964908957481384 4488.57 4411.66 4534.73 4411.47 4534.84 4439.98 4488.68 4440.16
26071-500-M6-059-00248 0.9952110648155212 4654.39 4412.16 4699.56 4411.29 4700.09 4439.29 4654.93 4440.16
26071-500-M6-059-00248 0.3405042588710785 3916.37 4912.63 3942.70 4912.68 3942.62 4959.73 3916.28 4959.69
26071-500-M6-059-00248 0.30554839968681335 4490.89 4669.36 4534.41 4669.21 4534.54 4704.75 4491.02 4704.90
26071-500-M6-059-00248 0.29297560453414917 3991.29 5087.97 4038.42 5086.73 4039.15 5114.73 3992.02 5115.97
26071-500-M6-059-00248 0.24208004772663116 3917.12 4676.84 3943.01 4676.92 3942.87 4722.87 3916.98 4722.80
26071-550-M6-084-00026 0.9986538887023926 2154.42 3413.50 2184.76 3413.52 2184.75 3458.64 2154.41 3458.63
26071-550-M6-084-00026 0.9982208609580994 4516.20 3413.89 4546.18 3413.98 4546.05 3459.75 4516.06 3459.67
26071-550-M6-084-00026 0.994786262512207 2361.88 3331.94 2391.73 3331.97 2391.68 3376.29 2361.84 3376.26
26071-550-M6-084-00026 0.9936151504516602 4723.87 3332.11 4753.82 3332.21 4753.67 3377.09 4723.72 3376.99
26071-550-M6-084-00026 0.8740255832672119 4641.64 3474.35 4686.05 3473.13 4686.83 3501.61 4642.43 3502.83
26071-550-M6-084-00026 0.8708863258361816 2266.63 3473.40 2314.05 3472.38 2314.68 3501.72 2267.26 3502.74
26071-550-M6-084-00026 0.1817120462656021 7302.26 3331.20 7323.63 3331.13 7323.78 3377.74 7302.41 3377.81
26071-550-M6-084-00248 0.9950557947158813 4489.13 3938.57 4533.39 3938.35 4533.55 3968.53 4489.28 3968.75
26071-550-M6-084-00248 0.9945490956306458 4406.36 3989.53 4435.04 3989.69 4434.79 4034.82 4406.11 4034.66
26071-550-M6-084-00248 0.9925270080566406 5150.61 3938.55 5194.53 3938.44 5194.60 3968.21 5150.69 3968.31
26071-550-M6-084-00248 0.992148756980896 4487.87 4157.39 4534.20 4156.90 4534.53 4187.11 4488.19 4187.60
26071-550-M6-084-00248 0.991504967212677 4665.57 4157.85 4711.45 4157.80 4711.48 4187.35 4665.61 4187.40
26071-550-M6-084-00248 0.9722056984901428 3992.36 4610.31 4038.30 4610.24 4038.35 4640.35 3992.40 4640.42
26071-550-M6-084-00248 0.11368031054735184 4051.48 3716.32 4098.17 3715.98 4098.37 3743.00 4051.67 3743.34
26071-550-M6-084-00248 0.08003751188516617 4477.69 4037.56 4614.45 4039.14 4613.90 4086.64 4477.14 4085.05
26071-550-M6-084-00248 0.07355031371116638 3932.92 3714.77 3979.32 3714.71 3979.35 3733.99 3932.95 3734.06
26071-600-M6-065-00021 0.9973478317260742 3638.28 2964.30 3683.54 2964.18 3683.62 2994.38 3638.36 2994.51
26071-600-M6-065-00021 0.9967341423034668 3839.36 2964.05 3884.64 2964.01 3884.66 2994.43 3839.39 2994.48
26071-600-M6-065-00021 0.9956800937652588 4264.77 2964.09 4308.80 2964.03 4308.84 2994.61 4264.82 2994.67
26071-600-M6-065-00021 0.9953150749206543 5083.74 2870.60 5113.90 2870.70 5113.75 2915.63 5083.60 2915.54
26071-600-M6-065-00021 0.9939956068992615 3555.53 2297.82 3601.37 2297.13 3601.81 2326.28 3555.96 2326.97
26071-600-M6-065-00021 0.9931610822677612 4677.33 2297.05 4723.02 2296.95 4723.08 2326.35 4677.39 2326.44
26071-600-M6-065-00021 0.9926401972770691 3909.86 2297.47 3955.59 2297.28 3955.71 2326.14 3909.98 2326.33
26071-600-M6-065-00021 0.9923738837242126 4145.84 2297.15 4191.20 2296.67 4191.52 2326.44 4146.15 2326.92
26071-600-M6-065-00021 0.9920051693916321 4854.48 2296.90 4899.54 2296.42 4899.86 2326.72 4854.80 2327.19
26071-600-M6-065-00021 0.9914913773536682 5113.98 2446.00 5142.88 2445.93 5142.99 2491.17 5114.09 2491.24
26071-600-M6-065-00021 0.9913937449455261 3319.62 2297.05 3364.25 2296.57 3364.57 2325.63 3319.93 2326.11
26071-600-M6-065-00021 0.9910813570022583 5113.16 2799.38 5142.89 2799.43 5142.81 2844.92 5113.08 2844.86
26071-600-M6-065-00021 0.9910240173339844 5129.78 2729.92 5158.97 2729.73 5159.27 2775.06 5130.08 2775.26
26071-600-M6-065-00021 0.9910228252410889 5085.07 2374.78 5114.39 2374.87 5114.25 2420.06 5084.93 2419.97
26071-600-M6-065-00021 0.9909515380859375 3557.72 5433.34 3706.98 5434.10 3706.75 5480.11 3557.49 5479.35
26071-600-M6-065-00021 0.9901776909828186 5129.67 2516.95 5159.02 2517.07 5158.84 2561.44 5129.49 2561.32
26071-600-M6-065-00021 0.9895644187927246 4275.90 2297.48 4321.60 2297.34 4321.68 2325.91 4275.98 2326.04
26071-600-M6-065-00021 0.9894964098930359 5136.27 2576.98 5165.31 2577.18 5165.01 2621.35 5135.97 2621.15
26071-600-M6-065-00021 0.988439679145813 4464.59 2297.22 4509.86 2296.28 4510.49 2326.58 4465.22 2327.51
26071-600-M6-065-00021 0.9862844944000244 5293.11 5433.16 5443.86 5433.88 5443.64 5480.18 5292.89 5479.47
26071-600-M6-065-00021 0.9862383604049683 5197.11 5344.07 5290.77 5342.69 5291.50 5392.00 5197.84 5393.38
26071-600-M6-065-00021 0.985944926738739 3461.41 5344.04 3554.78 5342.78 3555.44 5391.95 3462.07 5393.21
26071-600-M6-065-00021 0.9649146199226379 3611.60 5520.91 3648.25 5484.84 3685.68 5522.86 3649.04 5558.94
26071-600-M6-065-00021 0.9639432430267334 5347.94 5519.71 5385.99 5484.96 5420.64 5522.89 5382.59 5557.64
26071-600-M6-065-00021 0.9355642795562744 5051.33 2919.91 5077.28 2919.06 5078.69 2962.17 5052.74 2963.01
26071-600-M6-065-00037 0.9966651797294617 3543.80 4512.62 3572.46 4512.51 3572.63 4558.35 3543.98 4558.46
26071-600-M6-065-00037 0.9959677457809448 6850.52 4512.64 6879.77 4512.45 6880.07 4558.10 6850.82 4558.29
26071-600-M6-065-00037 0.9946328401565552 1859.41 4571.74 1890.87 4571.94 1890.57 4617.49 1859.11 4617.29
26071-600-M6-065-00037 0.9944732785224915 1859.71 3567.56 1888.92 3567.45 1889.09 3613.11 1859.88 3613.22
26071-600-M6-065-00037 0.9942875504493713 1859.40 4395.19 1889.37 4395.38 1889.10 4439.53 1859.13 4439.35
26071-600-M6-065-00037 0.9941064119338989 5166.52 3567.35 5196.25 3566.90 5196.94 3612.79 5167.21 3613.24
26071-600-M6-065-00037 0.99366295337677 5681.92 3318.79 5726.51 3318.66 5726.60 3349.99 5682.01 3350.12
26071-600-M6-065-00037 0.9934727549552917 5166.50 4572.17 5196.76 4572.22 5196.69 4617.28 5166.43 4617.23
26071-600-M6-065-00037 0.9927471280097961 6652.15 3438.23 6695.24 3438.53 6695.04 3467.44 6651.95 3467.14
26071-600-M6-065-00037 0.9927171468734741 5397.19 3421.57 5442.70 3421.68 5442.62 3452.67 5397.12 3452.56
26071-600-M6-065-00037 0.9921253323554993 6413.73 3353.74 6459.27 3353.22 6459.61 3382.81 6414.07 3383.33
26071-600-M6-065-00037 0.9911271929740906 1859.43 4277.02 1888.91 4277.18 1888.68 4320.96 1859.20 4320.80
26071-600-M6-065-00037 0.9905298352241516 5167.15 4275.86 5197.08 4276.04 5196.81 4321.55 5166.87 4321.37
26071-600-M6-065-00037 0.9902309775352478 5528.56 3373.17 5572.91 3373.28 5572.84 3404.81 5528.48 3404.71
26071-600-M6-065-00037 0.9902044534683228 2505.28 3272.12 2550.15 3272.29 2550.04 3302.70 2505.17 3302.54
26071-600-M6-065-00037 0.9896233677864075 6141.92 3256.78 6187.46 3257.00 6187.32 3286.49 6141.78 3286.27
26071-600-M6-065-00037 0.9891079664230347 5166.03 4394.61 5196.26 4394.35 5196.64 4439.55 5166.41 4439.81
26071-600-M6-065-00037 0.9884271025657654 2694.18 3205.40 2738.59 3205.51 2738.51 3235.86 2694.10 3235.74
26071-600-M6-065-00037 0.9862139821052551 6001.55 3205.17 6044.46 3204.97 6044.61 3236.23 6001.70 3236.42
26071-600-M6-065-00037 0.9825535416603088 3343.55 3437.48 3386.72 3437.37 3386.80 3468.10 3343.63 3468.21
26071-600-M6-065-00037 0.9801904559135437 2174.72 3391.44 2218.69 3390.83 2219.12 3421.71 2175.15 3422.32
26071-600-M6-065-00037 0.9786092042922974 2787.51 3239.85 2834.32 3239.85 2834.32 3268.93 2787.51 3268.94
26071-600-M6-065-00037 0.9757083654403687 1948.89 3472.06 1994.21 3471.71 1994.43 3500.50 1949.11 3500.85
26071-600-M6-065-00037 0.9747928380966187 3022.83 3324.19 3070.22 3324.46 3070.06 3353.05 3022.67 3352.78
26071-600-M6-065-00037 0.9740183353424072 2316.70 3340.54 2361.37 3340.36 2361.49 3370.82 2316.82 3371.00
26071-600-M6-065-00037 0.973146915435791 1860.83 3744.65 1888.96 3744.61 1889.03 3790.57 1860.90 3790.61
26071-600-M6-065-00037 0.9716810584068298 5316.15 3451.59 5360.92 3451.45 5361.01 3481.15 5316.23 3481.28
26071-600-M6-065-00037 0.9711998701095581 5167.24 3745.17 5196.20 3745.17 5196.20 3789.54 5167.25 3789.54
26071-600-M6-065-00037 0.9660854935646057 5167.30 4157.65 5195.81 4157.62 5195.86 4202.83 5167.35 4202.86
26071-600-M6-065-00037 0.9605993628501892 1860.01 4158.27 1888.13 4158.28 1888.10 4203.17 1859.98 4203.15
26071-600-M6-065-00037 0.9593244194984436 2044.20 3438.57 2088.98 3438.78 2088.84 3469.51 2044.05 3469.29
26071-600-M6-065-00037 0.9204971194267273 3201.51 3384.32 3244.72 3384.41 3244.66 3414.47 3201.44 3414.38
26071-600-M6-065-00037 0.5077029466629028 5993.48 1821.62 6022.95 1821.81 6022.68 1864.59 5993.21 1864.40
26071-600-M6-065-00037 0.06685841083526611 6200.56 3280.18 6246.85 3278.35 6247.87 3304.08 6201.58 3305.91
26071-600-M6-065-00037 0.06656167656183243 494.86 1376.73 541.03 1375.85 541.58 1404.30 495.40 1405.18
26071-600-M6-065-00037 0.0665489137172699 7746.67 1376.89 7793.90 1376.16 7794.35 1404.68 7747.11 1405.41
26071-600-M6-065-00037 0.0598389208316803 5990.20 2570.07 6022.82 2570.51 6022.35 2606.02 5989.73 2605.58
26071-600-M6-065-00231 0.9978571534156799 6059.94 3460.47 6105.45 3460.49 6105.44 3490.25 6059.93 3490.23
26071-600-M6-065-00231 0.9975553154945374 3135.22 5304.63 3164.65 5304.69 3164.55 5348.95 3135.12 5348.89
26071-600-M6-065-00231 0.9975351095199585 7417.51 3312.10 7462.74 3312.03 7462.78 3342.90 7417.56 3342.97
26071-600-M6-065-00231 0.997236967086792 6059.17 3312.45 6105.19 3312.29 6105.29 3342.15 6059.27 3342.30
26071-600-M6-065-00231 0.9970507621765137 6461.25 3312.38 6505.73 3312.22 6505.84 3342.26 6461.36 3342.42
26071-600-M6-065-00231 0.9968840479850769 3802.18 4513.65 3831.97 4513.68 3831.92 4557.68 3802.14 4557.65
26071-600-M6-065-00231 0.9968463778495789 7417.79 3460.44 7463.53 3460.21 7463.68 3490.27 7417.95 3490.50
26071-600-M6-065-00231 0.9962887763977051 6460.47 3460.58 6508.27 3460.96 6508.03 3490.87 6460.23 3490.49
26071-600-M6-065-00231 0.9952020645141602 6389.71 3460.74 6434.90 3460.64 6434.96 3490.40 6389.77 3490.50
26071-600-M6-065-00231 0.994956910610199 3461.32 3501.72 3505.93 3501.25 3506.24 3531.24 3461.64 3531.71
26071-600-M6-065-00231 0.9946739673614502 3803.48 3720.94 3832.65 3721.12 3832.37 3765.83 3803.20 3765.65
26071-600-M6-065-00231 0.9945076107978821 7181.20 3313.19 7228.20 3312.90 7228.38 3342.33 7181.38 3342.62
26071-600-M6-065-00231 0.9942330718040466 3175.53 3579.90 3218.91 3580.04 3218.81 3612.71 3175.42 3612.57
26071-600-M6-065-00231 0.9933172464370728 3294.80 3521.17 3340.43 3521.26 3340.37 3551.40 3294.74 3551.31
26071-600-M6-065-00231 0.9932117462158203 6389.71 3312.83 6435.18 3312.27 6435.55 3342.56 6390.08 3343.11
26071-600-M6-065-00231 0.9925359487533569 3803.05 3958.17 3832.28 3957.94 3832.64 4002.44 3803.41 4002.68
26071-600-M6-065-00231 0.9924817085266113 3803.09 5044.45 3832.14 5044.11 3832.66 5088.85 3803.61 5089.19
26071-600-M6-065-00231 0.9920440912246704 3803.35 5162.33 3832.54 5162.22 3832.71 5206.63 3803.51 5206.74
26071-600-M6-065-00231 0.991719126701355 3803.70 4925.90 3832.45 4925.75 3832.68 4971.09 3803.93 4971.23
26071-600-M6-065-00231 0.9913907051086426 3673.67 3537.54 3718.78 3536.92 3719.19 3566.40 3674.08 3567.02
26071-600-M6-065-00231 0.988184928894043 3803.49 5304.58 3832.50 5304.42 3832.74 5348.32 3803.72 5348.47
26071-600-M6-065-00231 0.9866786599159241 3135.84 3874.91 3165.04 3874.94 3164.99 3919.77 3135.79 3919.74
26071-600-M6-065-00231 0.986090898513794 3803.25 4335.78 3832.64 4335.66 3832.82 4380.35 3803.43 4380.47
26071-600-M6-065-00231 0.9860754609107971 3135.36 4157.95 3164.72 4157.88 3164.83 4202.83 3135.47 4202.90
26071-600-M6-065-00231 0.9856333136558533 3134.90 4465.14 3164.80 4464.99 3165.02 4509.54 3135.12 4509.69
26071-600-M6-065-00231 0.9824674725532532 3453.97 5610.74 3484.10 5610.57 3484.35 5656.02 3454.23 5656.19
26071-600-M6-065-00231 0.06337174028158188 3436.55 5540.06 3532.39 5539.83 3532.51 5589.27 3436.67 5589.50
26071-600-M6-066-00002 0.9983896017074585 4051.22 4511.73 4096.39 4511.47 4096.55 4540.41 4051.38 4540.67
26071-600-M6-066-00002 0.9979233145713806 4405.24 4511.51 4449.99 4511.08 4450.27 4540.22 4405.52 4540.65
26071-600-M6-066-00002 0.9973848462104797 4133.21 4511.73 4178.49 4511.22 4178.82 4540.59 4133.54 4541.10
26071-600-M6-066-00002 0.9952443242073059 4653.25 2379.97 4699.46 2379.64 4699.68 2409.08 4653.46 2409.41
26071-600-M6-066-00002 0.9950162768363953 4052.28 2378.98 4096.82 2379.09 4096.74 2409.49 4052.20 2409.38
26071-600-M6-066-00002 0.9949040412902832 3772.99 3331.45 3801.91 3331.48 3801.85 3377.22 3772.94 3377.19
26071-600-M6-066-00002 0.9948200583457947 4701.19 2741.37 4729.59 2741.56 4729.29 2786.02 4700.89 2785.83
26071-600-M6-066-00002 0.9947279095649719 4701.22 3567.72 4729.69 3567.98 4729.29 3613.08 4700.82 3612.83
26071-600-M6-066-00002 0.994073212146759 4405.66 2379.75 4451.21 2379.52 4451.35 2408.97 4405.80 2409.19
26071-600-M6-066-00002 0.9880890250205994 3771.67 2859.20 3801.66 2858.46 3802.77 2903.22 3772.78 2903.97
26071-600-M6-066-00002 0.30578863620758057 6708.49 3908.83 6754.53 3908.02 6755.03 3936.61 6708.99 3937.41
26071-600-M6-066-00002 0.18205514550209045 5291.12 2739.99 5312.79 2740.06 5312.64 2788.22 5290.97 2788.15
26071-600-M6-066-00002 0.08139564096927643 4701.30 3868.82 4730.75 3868.93 4730.58 3915.34 4701.13 3915.23
26071-600-M6-066-00002 0.06822549551725388 4700.83 3976.52 4730.10 3976.65 4729.92 4019.55 4700.65 4019.43
26071-600-M6-066-00003 0.9968531727790833 2338.82 5008.09 2384.24 5007.97 2384.32 5037.83 2338.90 5037.95
26071-600-M6-066-00003 0.9950125813484192 2338.64 4742.37 2384.29 4742.18 2384.42 4771.26 2338.77 4771.45
26071-600-M6-066-00003 0.9938499927520752 2480.02 4867.30 2509.55 4867.40 2509.40 4911.55 2479.87 4911.45
26071-600-M6-066-00003 0.9915721416473389 2214.11 4867.20 2243.04 4867.15 2243.11 4912.03 2214.18 4912.08
26071-600-M6-066-00003 0.986778736114502 3891.22 2150.74 3920.12 2150.67 3920.23 2195.95 3891.33 2196.02
26071-600-M6-066-00003 0.9858387112617493 2213.00 4784.70 2243.88 4784.69 2243.89 4827.89 2213.02 4827.90
26071-600-M6-066-00003 0.9122040867805481 2480.65 4949.80 2511.04 4949.98 2510.78 4995.31 2480.39 4995.13
26071-600-M6-066-00003 0.8944571018218994 4818.85 2152.68 4848.51 2152.21 4849.14 2192.97 4819.48 2193.44
26071-600-M6-066-00003 0.0658656433224678 3764.58 2149.85 3784.55 2149.89 3784.44 2196.75 3764.48 2196.71
26071-600-M6-066-00012 0.9965903759002686 2338.92 2497.82 2383.98 2497.56 2384.15 2527.35 2339.09 2527.61
26071-600-M6-066-00012 0.9962288737297058 4229.39 3708.51 4274.14 3708.48 4274.16 3738.35 4229.41 3738.37
26071-600-M6-066-00012 0.9960094690322876 5409.65 1805.54 5454.31 1805.35 5454.45 1836.71 5409.79 1836.91
26071-600-M6-066-00012 0.994953453540802 3284.39 2497.41 3328.95 2497.37 3328.97 2526.85 3284.42 2526.89
26071-600-M6-066-00012 0.9945082068443298 5409.38 2498.75 5455.27 2498.66 5455.33 2527.19 5409.44 2527.29
26071-600-M6-066-00012 0.9941312670707703 3874.84 2497.46 3919.28 2497.63 3919.16 2526.87 3874.72 2526.69
26071-600-M6-066-00012 0.9940494298934937 3165.51 3708.38 3210.77 3707.87 3211.12 3738.27 3165.85 3738.78
26071-600-M6-066-00012 0.9940202236175537 4582.99 2498.82 4627.67 2498.57 4627.84 2527.32 4583.15 2527.57
26071-600-M6-066-00012 0.987689733505249 1859.74 3094.97 1889.05 3094.87 1889.21 3140.06 1859.89 3140.16
26071-600-M6-066-00012 0.9866259098052979 6119.23 2497.14 6164.60 2497.00 6164.70 2528.00 6119.33 2528.14
26071-600-M6-066-00012 0.9833005666732788 2930.06 3708.98 2974.69 3708.51 2975.00 3737.57 2930.37 3738.04
26071-600-M6-066-00012 0.9815564155578613 3874.89 3708.93 3919.31 3708.62 3919.52 3737.77 3875.10 3738.08
26071-600-M6-066-00012 0.9741361737251282 5441.14 1809.47 5481.46 1778.03 5510.98 1815.88 5470.66 1847.33
26071-600-M6-066-00012 0.9500086903572083 6118.71 3710.92 6164.00 3710.48 6164.33 3743.52 6119.03 3743.97
26071-600-M6-066-00012 0.4320965111255646 4052.29 1798.46 4097.42 1797.94 4097.76 1827.05 4052.62 1827.57
26071-600-M6-066-00012 0.40146031975746155 6120.27 3771.48 6163.67 3772.29 6163.15 3800.33 6119.75 3799.52
26071-600-M6-066-00012 0.21721741557121277 4048.85 1978.44 4101.58 1978.39 4101.60 2003.71 4048.87 2003.76
26071-675-M6-068-00034 0.9973618388175964 3067.04 5044.68 3112.07 5044.64 3112.09 5074.34 3067.06 5074.38
26071-675-M6-068-00034 0.9971202611923218 3456.67 4823.77 3502.44 4823.64 3502.52 4852.89 3456.75 4853.02
26071-675-M6-068-00034 0.9963343143463135 2706.69 4825.99 2752.09 4826.27 2751.92 4855.32 2706.51 4855.05
26071-675-M6-068-00034 0.9960447549819946 3816.95 5042.31 3861.81 5042.45 3861.72 5072.24 3816.86 5072.11
26071-675-M6-068-00034 0.9955090284347534 3846.88 4823.98 3892.42 4823.50 3892.74 4852.79 3847.19 4853.28
26071-675-M6-068-00034 0.9954023361206055 3096.77 4826.26 3142.00 4825.83 3142.27 4854.82 3097.05 4855.25
26071-675-M6-068-00034 0.9952725768089294 2857.39 4825.18 2902.46 4825.46 2902.27 4856.16 2857.19 4855.88
26071-675-M6-068-00034 0.9949658513069153 3667.73 4823.73 3711.15 4823.88 3711.05 4853.44 3667.62 4853.29
26071-675-M6-068-00034 0.9949384927749634 3786.73 4824.38 3832.22 4824.11 3832.39 4853.12 3786.91 4853.39
26071-675-M6-068-00034 0.9946064352989197 2976.23 4826.08 3020.98 4825.06 3021.63 4853.98 2976.89 4854.99
26071-675-M6-068-00034 0.9942898750305176 3036.88 4826.52 3082.45 4826.56 3082.42 4855.36 3036.86 4855.32
26071-675-M6-068-00034 0.9940472841262817 3727.62 4823.64 3770.86 4823.72 3770.80 4853.21 3727.56 4853.12
26071-675-M6-068-00034 0.9938151836395264 3606.76 4823.78 3652.30 4823.60 3652.43 4853.09 3606.88 4853.27
26071-675-M6-068-00034 0.9915112853050232 2916.81 4826.02 2962.27 4825.77 2962.43 4855.52 2916.97 4855.76
26071-675-M6-068-00034 0.5465541481971741 3596.56 3514.29 3627.20 3514.77 3626.52 3558.30 3595.88 3557.82
26071-675-M6-068-00034 0.37514910101890564 3595.40 4266.60 3626.52 4266.99 3626.02 4307.14 3594.90 4306.76
26071-675-M6-068-00034 0.28213295340538025 3595.75 4415.47 3627.37 4416.35 3626.21 4457.81 3594.59 4456.93
26071-675-M6-068-00034 0.24585412442684174 3336.24 5699.60 3382.50 5699.70 3382.46 5719.39 3336.20 5719.29
26071-675-M6-068-00034 0.20090067386627197 3593.64 3876.45 3627.14 3876.80 3626.72 3916.65 3593.21 3916.29
26071-675-M6-068-00034 0.13745933771133423 6420.63 1977.41 6476.53 1976.92 6476.75 2002.13 6420.86 2002.62
26071-675-M6-068-00034 0.09111759811639786 4474.17 3871.63 4491.71 3871.66 4491.62 3920.42 4474.08 3920.38
26071-675-M6-068-00041 0.16884605586528778 1386.86 1075.99 1432.60 1076.09 1432.53 1104.99 1386.80 1104.89
26071-675-M6-068-10002 0.2624780237674713 7489.70 6518.07 7566.06 6517.02 7566.79 6570.09 7490.43 6571.14
26071-675-M6-068-10002 0.09391488879919052 7492.06 6641.80 7572.50 6642.44 7572.06 6697.48 7491.62 6696.84
26071-675-M6-068-10002 0.09060914814472198 2281.04 2940.90 2306.16 2941.28 2305.47 2987.84 2280.34 2987.47
26071-675-M6-068-10002 0.06991585344076157 2281.10 3092.05 2306.85 3092.42 2306.20 3137.54 2280.45 3137.17
26071-700-M6-054-00013 0.7153075337409973 3369.38 5094.68 3410.31 5093.81 3410.98 5125.52 3370.06 5126.39
26071-700-M6-054-00013 0.13391433656215668 4346.43 3474.64 4392.72 3474.02 4393.13 3504.70 4346.84 3505.32
26071-700-M6-054-00036 0.9972289204597473 4833.25 3626.78 4862.98 3626.97 4862.71 3671.11 4832.97 3670.92
26071-700-M6-054-00036 0.9961041212081909 4701.02 3360.12 4746.29 3359.91 4746.41 3388.72 4701.15 3388.92
26071-700-M6-054-00036 0.9960237741470337 4405.39 3359.88 4451.53 3359.18 4451.99 3389.11 4405.85 3389.82
26071-700-M6-054-00036 0.9957861304283142 3850.87 3466.03 3896.23 3465.88 3896.33 3495.48 3850.97 3495.63
26071-700-M6-054-00036 0.9951605200767517 3850.75 3685.41 3897.02 3685.07 3897.23 3713.96 3850.97 3714.31
26071-700-M6-054-00036 0.9949706196784973 4404.83 3684.98 4451.28 3684.65 4451.49 3714.61 4405.04 3714.93
26071-700-M6-054-00036 0.9946084022521973 4169.48 3359.84 4214.87 3359.59 4215.03 3389.21 4169.64 3389.46
26071-700-M6-054-00036 0.9938702583312988 4051.72 3685.28 4097.00 3685.06 4097.14 3714.44 4051.87 3714.66
26071-700-M6-054-00036 0.9938643574714661 4700.60 1842.79 4746.14 1842.64 4746.23 1872.76 4700.69 1872.91
26071-700-M6-054-00036 0.9931038022041321 4827.77 3392.38 4856.31 3391.91 4857.04 3436.07 4828.50 3436.55
26071-700-M6-054-00036 0.9839721918106079 4767.34 1814.28 4803.38 1844.76 4772.27 1881.54 4736.23 1851.05
26071-700-M6-054-00246 0.9967378973960876 4701.31 2993.96 4745.52 2993.93 4745.54 3023.95 4701.33 3023.98
26071-700-M6-054-00246 0.9950986504554749 4291.99 4040.95 4322.36 4041.12 4322.11 4085.07 4291.74 4084.90
26071-700-M6-054-00246 0.994231641292572 4794.73 3568.25 4824.35 3568.46 4824.03 3612.11 4794.41 3611.90
26071-700-M6-054-00246 0.9940855503082275 4535.34 4311.07 4581.61 4311.13 4581.57 4340.46 4535.31 4340.41
26071-700-M6-054-00246 0.9938589930534363 4794.92 3922.57 4824.90 3922.67 4824.76 3966.80 4794.78 3966.71
26071-700-M6-054-00246 0.9938250780105591 4794.79 3143.16 4824.63 3143.28 4824.46 3187.24 4794.62 3187.12
26071-700-M6-054-00246 0.991184651851654 4292.35 3390.70 4321.45 3390.47 4321.81 3435.23 4292.70 3435.46
26071-700-M6-054-00246 0.9906128644943237 4536.32 2993.50 4581.22 2992.68 4581.78 3023.52 4536.89 3024.34
26071-700-M6-054-00246 0.9895734190940857 4795.71 3390.68 4824.27 3390.48 4824.58 3435.38 4796.02 3435.58
26071-700-M6-054-00246 0.9822046160697937 4292.61 3568.07 4322.32 3567.96 4322.49 3612.74 4292.78 3612.85
26071-700-M6-054-00246 0.20334091782569885 4534.38 4371.08 4579.87 4367.53 4582.16 4396.86 4536.67 4400.42
26071-750-M6-085-00007 0.9988658428192139 3732.42 2615.25 3776.77 2614.66 3777.17 2644.66 3732.82 2645.25
26071-750-M6-085-00007 0.9983397722244263 2538.25 2615.27 2585.15 2614.95 2585.35 2644.39 2538.46 2644.71
26071-750-M6-085-00007 0.9983054399490356 1181.35 2615.18 1226.77 2615.17 1226.77 2646.40 1181.35 2646.41
26071-750-M6-085-00007 0.9982403516769409 2775.91 2615.98 2820.68 2615.38 2821.07 2645.24 2776.31 2645.84
26071-750-M6-085-00007 0.9977813363075256 2137.15 2615.54 2181.85 2614.80 2182.34 2644.84 2137.65 2645.58
26071-750-M6-085-00007 0.9975579977035522 2539.94 2763.21 2584.47 2763.38 2584.36 2793.30 2539.83 2793.13
26071-750-M6-085-00007 0.997423529624939 4133.74 2763.70 4179.25 2763.07 4179.66 2793.16 4134.16 2793.79
26071-750-M6-085-00007 0.9970881342887878 1181.41 2763.49 1226.18 2763.30 1226.30 2793.66 1181.54 2793.84
26071-750-M6-085-00007 0.9968961477279663 2775.99 2762.56 2820.78 2762.98 2820.49 2793.88 2775.70 2793.46
26071-750-M6-085-00007 0.9968674778938293 2137.19 2764.00 2183.15 2763.92 2183.20 2793.27 2137.24 2793.34
26071-750-M6-085-00007 0.9964685440063477 3732.45 2764.00 3777.81 2763.43 3778.19 2793.67 3732.84 2794.24
26071-750-M6-085-00007 0.9964614510536194 4051.85 2763.88 4097.29 2763.55 4097.51 2793.27 4052.07 2793.61
26071-750-M6-085-00007 0.9963364601135254 2456.83 2763.82 2502.74 2763.69 2502.82 2793.38 2456.91 2793.51
26071-750-M6-085-00007 0.9962705373764038 4135.94 2615.23 4179.73 2615.50 4179.55 2645.61 4135.76 2645.34
26071-750-M6-085-00007 0.9953011274337769 5291.12 5054.83 5337.03 5054.83 5337.03 5084.54 5291.12 5084.54
26071-750-M6-085-00007 0.9951072931289673 5634.12 3686.24 5662.99 3686.34 5662.83 3730.71 5633.97 3730.61
26071-750-M6-085-00007 0.9947119951248169 5055.37 3015.99 5100.10 3015.93 5100.14 3046.77 5055.41 3046.82
26071-750-M6-085-00007 0.9944618344306946 5634.19 4513.19 5663.26 4513.11 5663.39 4557.52 5634.32 4557.60
26071-750-M6-085-00007 0.9941297769546509 5292.49 2969.96 5337.86 2969.88 5337.92 2999.57 5292.54 2999.65
26071-750-M6-085-00007 0.9937427639961243 2457.07 2615.77 2502.44 2615.48 2502.63 2645.10 2457.26 2645.38
26071-750-M6-085-00007 0.9935736060142517 4965.63 4748.99 4995.84 4749.04 4995.75 4795.02 4965.54 4794.96
26071-750-M6-085-00007 0.9934966564178467 5634.50 3922.13 5663.24 3922.35 5662.89 3966.96 5634.16 3966.74
26071-750-M6-085-00007 0.9926016926765442 4051.69 2615.94 4097.11 2615.53 4097.37 2644.87 4051.96 2645.28
26071-750-M6-085-00007 0.9907276630401611 4967.50 4512.61 4995.73 4512.60 4995.75 4558.85 4967.52 4558.86
26071-750-M6-085-00007 0.9876853227615356 4967.23 3921.82 4995.45 3921.81 4995.46 3968.17 4967.24 3968.18
26071-750-M6-085-00007 0.9798845052719116 4966.63 3686.06 4995.21 3686.08 4995.17 3730.87 4966.59 3730.84
26071-750-M6-085-00012 0.9830046892166138 3107.49 3768.28 3151.69 3767.76 3152.04 3798.16 3107.85 3798.68
26071-750-M6-085-00012 0.6767313480377197 7596.94 5094.74 7636.71 5094.00 7637.28 5124.39 7597.51 5125.13
26071-750-M6-085-00012 0.5500040054321289 7674.24 5165.10 7703.83 5162.06 7708.14 5204.06 7678.55 5207.10
26071-750-M6-085-00012 0.54168701171875 5410.52 5094.48 5452.58 5093.28 5453.50 5125.32 5411.43 5126.53
26071-750-M6-085-00012 0.3168514370918274 2756.45 5094.38 2798.51 5094.42 2798.49 5124.46 2756.43 5124.43
26071-750-M6-085-00012 0.26441046595573425 2693.68 3683.13 2717.71 3683.25 2717.47 3733.94 2693.44 3733.83
26071-750-M6-085-00012 0.24015168845653534 2392.15 4334.82 2420.87 4335.40 2419.87 4385.17 2391.15 4384.59
26071-750-M6-085-00012 0.15070432424545288 979.42 3398.41 1027.19 3398.77 1027.05 3417.94 979.28 3417.58
26071-750-M6-085-00012 0.12873750925064087 2692.94 5137.73 2719.67 5138.56 2718.21 5185.71 2691.48 5184.89
26071-750-M6-085-00012 0.12079814076423645 2738.14 3767.45 2779.86 3767.73 2779.65 3798.00 2737.94 3797.72
26071-750-M6-085-00012 0.10725343227386475 7302.26 5094.99 7344.52 5094.38 7344.91 5120.80 7302.65 5121.41
26071-750-M6-085-00012 0.10567933320999146 3109.14 5093.25 3148.45 5092.96 3148.68 5124.09 3109.37 5124.37
26071-750-M6-085-00012 0.09567645192146301 5233.06 5094.95 5278.49 5095.18 5278.35 5124.67 5232.91 5124.45
26071-750-M6-085-00012 0.07873210310935974 7417.72 5095.21 7463.93 5095.53 7463.73 5124.55 7417.52 5124.23
26071-750-M6-085-00012 0.07028546929359436 7200.59 4329.50 7307.78 4330.46 7307.28 4385.38 7200.10 4384.42
26071-750-M6-085-00012 0.05639001727104187 4787.45 3804.98 4905.12 3805.02 4905.10 3847.39 4787.44 3847.35
26071-750-M6-085-00286 0.9949871301651001 5228.05 5031.72 5257.45 5031.78 5257.36 5076.69 5227.96 5076.63
26071-750-M6-085-00286 0.9941645264625549 3484.51 3560.99 3530.39 3560.71 3530.57 3590.07 3484.69 3590.35
26071-750-M6-085-00286 0.9935371279716492 6053.87 5031.88 6083.61 5031.81 6083.73 5076.87 6053.98 5076.95
26071-750-M6-085-00286 0.9885099530220032 3933.13 3559.59 3978.06 3559.71 3977.98 3591.65 3933.05 3591.53
26071-750-M6-085-00286 0.9785526990890503 4345.62 3559.30 4390.44 3558.52 4391.01 3591.22 4346.18 3592.00
26071-750-M6-085-00286 0.19049794971942902 6176.50 3456.92 6223.08 3455.74 6223.75 3482.21 6177.17 3483.39
26071-750-M6-085-00309 0.9909796714782715 2922.73 4394.38 2952.31 4394.33 2952.39 4439.57 2922.81 4439.62
26071-750-M6-085-00309 0.9877892732620239 2921.89 3095.06 2951.08 3094.59 2951.80 3139.37 2922.62 3139.84
26071-750-M6-085-00309 0.9824934601783752 2922.03 3685.78 2951.72 3685.60 2952.00 3730.45 2922.31 3730.63
26071-750-M6-085-00309 0.9760101437568665 2922.32 2504.77 2951.08 2504.82 2951.01 2550.27 2922.25 2550.23
