26071-200-M6-052-00002 0.9996790885925293 7341.81 6045.53 7373.40 6045.50 7373.46 6095.14 7341.87 6095.18
26071-200-M6-052-00080 0.9995940327644348 3290.95 6457.61 3323.71 6457.74 3323.50 6507.86 3290.75 6507.73
26071-200-M6-052-00080 0.9966416358947754 3756.28 5227.12 3803.84 5226.60 3804.22 5260.88 3756.66 5261.40
26071-200-M6-052-00080 0.9962945580482483 7182.19 5226.99 7228.42 5227.06 7228.36 5260.43 7182.14 5260.36
26071-200-M6-052-00090 0.999123752117157 4128.37 6044.66 4161.27 6044.68 4161.24 6096.51 4128.34 6096.49
26071-200-M6-052-00090 0.9989557266235352 2927.76 1636.95 2973.78 1636.64 2974.01 1670.31 2927.99 1670.62
26071-200-M6-052-00150 0.9998520612716675 2227.91 1321.31 2259.00 1321.40 2258.86 1369.97 2227.77 1369.88
26071-200-M6-052-00552 0.9998782873153687 4825.28 4038.73 4857.69 4038.76 4857.64 4086.54 4825.23 4086.50
26071-203-M6-060-00001 0.9997914433479309 3643.38 1441.04 3677.14 1441.01 3677.19 1487.88 3643.43 1487.91
26071-203-M6-060-00006 0.9999395608901978 2346.27 2739.11 2377.94 2739.27 2377.69 2787.61 2346.02 2787.44
26071-203-M6-060-00006 0.6534252166748047 7262.64 4376.41 7309.19 4375.75 7309.60 4405.10 7263.06 4405.76
26071-203-M6-079-00001 0.9999499320983887 4589.90 3920.51 4621.86 3920.41 4622.00 3967.65 4590.04 3967.75
26071-203-M6-079-00001 0.9999276399612427 4589.39 5929.50 4621.22 5929.60 4621.07 5976.44 4589.24 5976.34
26071-203-M6-079-00001 0.9999159574508667 4589.86 1085.49 4621.55 1085.42 4621.66 1133.12 4589.97 1133.20
26071-203-M6-079-00001 0.9999011754989624 4589.15 4984.59 4621.49 4984.64 4621.42 5031.43 4589.07 5031.38
26071-203-M6-160-00291 0.9999475479125977 1329.40 1499.19 1361.94 1499.18 1361.95 1545.75 1329.41 1545.76
26071-203-M6-160-00291 0.9998722076416016 1163.79 2267.22 1196.42 2267.45 1196.08 2315.48 1163.46 2315.25
26071-203-M6-320-00008 0.999903678894043 6282.70 2433.32 6315.91 2433.54 6315.61 2479.25 6282.40 2479.03
26071-203-M6-320-00061 0.9999369382858276 838.44 4052.04 870.34 4052.02 870.37 4100.45 838.47 4100.47
26071-203-M6-320-00061 0.9999363422393799 838.25 3721.65 870.35 3721.49 870.59 3769.81 838.49 3769.97
26071-203-M6-321-00604 0.9994221925735474 7175.38 1013.70 7221.02 1012.42 7221.99 1047.22 7176.35 1048.49
26071-203-M6-325-00012 0.9999566078186035 3853.93 3032.73 3885.53 3032.73 3885.54 3079.17 3853.94 3079.17
26071-203-M6-325-00012 0.9999282360076904 3853.75 1472.50 3885.59 1472.50 3885.61 1519.94 3853.76 1519.95
26071-203-M6-325-00012 0.9998825788497925 3853.30 2401.24 3885.29 2401.14 3885.44 2449.72 3853.45 2449.82
26071-203-M6-325-00012 0.9998706579208374 4213.32 5043.33 4245.28 5043.30 4245.32 5090.24 4213.36 5090.27
26071-203-M6-325-00012 0.9997828602790833 4213.82 3722.82 4245.45 3722.74 4245.57 3770.53 4213.95 3770.61
26071-203-M6-325-00012 0.3499876856803894 4213.47 3777.99 4244.69 3777.68 4245.15 3824.34 4213.93 3824.65
26071-203-M6-325-00012 0.28535303473472595 3853.57 3088.81 3884.75 3088.46 3885.25 3132.54 3854.07 3132.90
26071-203-M6-325-00012 0.24423354864120483 3853.60 2459.10 3886.41 2458.84 3886.76 2503.61 3853.95 2503.87
26071-203-M6-325-00012 0.19540847837924957 3852.70 1526.25 3885.76 1525.99 3886.14 1573.56 3853.08 1573.83
26071-203-M6-325-00012 0.1780456006526947 4213.47 5098.35 4243.85 5098.06 4244.29 5143.09 4213.91 5143.39
26071-203-M6-325-00013 0.9999533891677856 6433.71 2490.79 6465.76 2490.69 6465.90 2538.76 6433.85 2538.86
26071-203-M6-325-00013 0.9999532699584961 6433.71 1890.79 6465.76 1890.69 6465.90 1938.77 6433.85 1938.86
26071-203-M6-332-00001 0.9998753070831299 1543.05 5642.10 1575.07 5642.15 1575.00 5689.30 1542.98 5689.25
26071-203-M6-332-00001 0.47720959782600403 5103.86 2557.43 5160.93 2557.96 5160.48 2606.72 5103.41 2606.20
26071-203-M6-332-00001 0.4247435927391052 3000.56 2556.58 3065.05 2557.12 3064.62 2608.01 3000.13 2607.47
26071-203-M6-332-00001 0.31494244933128357 5935.59 2555.04 6002.19 2554.86 6002.33 2607.98 5935.73 2608.15
26071-203-M6-332-00001 0.23363512754440308 3824.32 2556.64 3909.44 2556.66 3909.43 2602.03 3824.31 2602.02
26071-203-M6-332-00001 0.2118939906358719 4665.88 2556.33 4747.27 2556.13 4747.39 2602.26 4666.00 2602.46
26071-203-M6-332-00001 0.19607937335968018 3416.36 2555.04 3479.29 2554.60 3479.66 2607.60 3416.73 2608.03
26071-203-M6-332-00001 0.15024778246879578 4248.33 2556.96 4330.26 2557.35 4330.04 2602.76 4248.11 2602.37
26071-203-M6-332-00001 0.14396701753139496 5509.86 2555.32 5585.64 2554.99 5585.85 2603.07 5510.06 2603.40
26071-300-M6-053-00010 0.999908447265625 4471.41 2621.88 4503.04 2622.06 4502.78 2668.92 4471.15 2668.74
26071-300-M6-053-00012 0.9999459981918335 2817.25 5103.66 2850.55 5103.60 2850.62 5149.48 2817.32 5149.53
26071-300-M6-053-00309 0.9998623132705688 5416.49 3272.24 5448.69 3272.17 5448.79 3317.57 5416.60 3317.65
26071-300-M6-053-00309 0.9998438358306885 6000.71 1542.54 6046.25 1542.15 6046.54 1575.63 6001.00 1576.02
26071-300-M6-053-00309 0.9998261332511902 5475.40 2502.04 5507.30 2502.08 5507.23 2550.73 5475.33 2550.69
26071-450-M6-082-00009 0.9999762773513794 6361.34 4984.57 6394.10 4984.46 6394.26 5030.55 6361.51 5030.67
26071-450-M6-082-00009 0.9999059438705444 5652.51 6282.72 5684.42 6282.60 5684.60 6329.56 5652.69 6329.68
26071-450-M6-082-00031 0.999936580657959 5416.49 2102.23 5449.36 2102.44 5449.05 2150.09 5416.18 2149.88
26071-450-M6-082-00031 0.9998834133148193 5478.98 4283.22 5526.12 4283.19 5526.15 4315.18 5479.00 4315.21
26071-500-M6-059-00017 0.12116311490535736 6069.06 3450.62 6091.56 3450.50 6091.84 3502.56 6069.34 3502.68
26071-500-M6-059-00017 0.0870404839515686 4059.69 3451.63 4081.48 3451.53 4081.73 3505.88 4059.95 3505.98
26071-500-M6-059-00040 0.9996834993362427 6408.30 2267.58 6440.54 2267.67 6440.40 2315.50 6408.15 2315.40
26071-500-M6-059-00040 0.05623919889330864 2573.25 1439.43 2622.56 1439.54 2622.46 1489.96 2573.15 1489.86
26071-500-M6-059-00116 0.9998664855957031 3881.64 5574.02 3913.41 5574.07 3913.34 5622.54 3881.57 5622.50
26071-600-M6-065-00021 0.11718370765447617 3189.61 2934.04 3225.07 2934.36 3224.58 2989.19 3189.12 2988.87
26071-600-M6-065-00259 0.9998217225074768 1038.84 2038.61 1084.75 2038.71 1084.68 2071.72 1038.77 2071.61
26071-600-M6-065-00259 0.9998086094856262 684.87 2038.82 731.70 2038.96 731.60 2071.25 684.78 2071.11
26071-600-M6-065-00259 0.9997773766517639 7653.78 5346.86 7700.19 5346.45 7700.49 5379.79 7654.07 5380.20
26071-600-M6-065-00259 0.9997316002845764 8007.30 5346.05 8053.74 5346.18 8053.64 5379.67 8007.21 5379.54
26071-700-M6-054-00013 0.9999459981918335 5180.39 1558.69 5213.14 1558.92 5212.81 1606.48 5180.06 1606.26
26071-700-M6-054-00036 0.999933123588562 5769.36 2858.17 5803.34 2858.34 5803.11 2905.71 5769.12 2905.55
26071-750-M6-085-00012 0.9999356269836426 1223.87 3340.22 1256.17 3340.20 1256.20 3387.93 1223.90 3387.95
26071-750-M6-085-00012 0.9998959302902222 2539.94 4519.57 2585.38 4518.94 2585.84 4551.80 2540.39 4552.43
26071-750-M6-085-00012 0.9998950958251953 7084.86 3803.11 7117.91 3803.11 7117.92 3849.91 7084.87 3849.91
26071-750-M6-085-00012 0.9998487234115601 3464.11 5160.71 3497.55 5160.77 3497.47 5207.14 3464.04 5207.09
26071-750-M6-085-00012 0.9998416900634766 7417.40 4554.79 7463.68 4554.45 7463.93 4587.74 7417.64 4588.07
26071-750-M6-085-00012 0.9998384714126587 3342.07 4554.93 3389.08 4554.89 3389.11 4587.68 3342.10 4587.71
26071-750-M6-085-00012 0.9998219609260559 7740.75 5161.52 7773.48 5161.75 7773.15 5207.95 7740.41 5207.71
26071-750-M6-085-00012 0.9998199343681335 5231.87 4554.52 5278.06 4554.23 5278.27 4587.59 5232.09 4587.89
26071-750-M6-085-00012 0.9998181462287903 2596.63 3685.25 2629.54 3685.28 2629.51 3732.40 2596.60 3732.38
26071-750-M6-085-00012 0.999805748462677 5555.18 5160.47 5588.78 5160.73 5588.43 5206.54 5554.83 5206.29
26071-750-M6-085-00012 0.9996445178985596 5231.94 4128.84 5278.10 4128.96 5278.01 4162.88 5231.85 4162.75
26071-750-M6-085-00012 0.9996398687362671 2539.17 4129.26 2585.75 4129.22 2585.78 4162.78 2539.19 4162.82
26071-750-M6-085-00012 0.999602735042572 7417.41 4129.86 7464.28 4130.01 7464.18 4162.57 7417.30 4162.41
26071-750-M6-085-00012 0.9995977282524109 3342.68 4129.55 3389.00 4129.38 3389.12 4162.41 3342.80 4162.58
26071-750-M6-085-00012 0.9995837807655334 4900.78 3805.05 4933.24 3805.13 4933.13 3850.18 4900.67 3850.10
26071-750-M6-085-00012 0.060805682092905045 6488.90 3454.98 6510.52 3455.14 6510.14 3504.04 6488.53 3503.88
