26071-200-M6-052-00003 0.11148281395435333 4177.10 3162.28 4328.62 3163.18 4327.73 3311.56 4176.21 3310.66
26071-200-M6-052-00080 0.0797136202454567 6516.44 1764.32 6662.68 1765.13 6661.77 1927.90 6515.53 1927.09
26071-200-M6-052-00080 0.07267742604017258 6511.01 2182.75 6665.39 2183.24 6664.92 2330.27 6510.54 2329.78
26071-200-M6-052-00080 0.05104970559477806 2572.36 4816.13 2719.41 4816.26 2719.28 4963.73 2572.24 4963.61
26071-200-M6-052-00093 0.07593916356563568 3510.13 4176.38 3660.67 4176.05 3661.00 4325.02 3510.46 4325.36
26071-200-M6-052-00093 0.062167465686798096 5313.55 6181.96 5469.02 6181.71 5469.27 6337.79 5313.79 6338.04
26071-200-M6-052-00150 0.06280503422021866 4180.89 2850.04 4322.89 2849.46 4323.50 3000.45 4181.51 3001.03
26071-300-M6-053-00008 0.9495903253555298 5475.57 1209.76 5626.07 1210.06 5625.76 1363.77 5475.26 1363.47
26071-300-M6-053-00309 0.9722983241081238 2466.89 4461.19 2614.86 4462.03 2614.02 4609.03 2466.06 4608.19
26071-300-M6-053-00309 0.9641821980476379 2700.90 2448.69 2850.77 2449.14 2850.32 2600.68 2700.45 2600.24
26071-450-M6-082-00009 0.16022635996341705 2332.77 1889.65 2483.63 1887.25 2486.00 2036.44 2335.15 2038.84
26071-450-M6-082-00009 0.14603909850120544 2015.27 3260.21 2165.23 3258.56 2166.86 3407.15 2016.90 3408.80
26071-450-M6-082-00009 0.0848834440112114 5117.57 4465.67 5274.27 4463.47 5276.32 4610.10 5119.62 4612.30
26071-450-M6-082-00009 0.08308810740709305 5238.42 1867.75 5389.65 1865.46 5391.88 2012.09 5240.65 2014.39
26071-500-M6-059-00017 0.5171206593513489 4525.67 3107.97 4644.04 3107.19 4644.80 3222.04 4526.42 3222.81
26071-500-M6-059-00017 0.46686282753944397 6367.89 3108.12 6486.21 3107.39 6486.93 3222.60 6368.60 3223.33
26071-500-M6-059-00017 0.39352908730506897 6364.83 1596.43 6485.24 1596.58 6485.10 1711.36 6364.69 1711.20
26071-500-M6-059-00017 0.30786457657814026 4355.78 1595.40 4477.98 1595.59 4477.80 1713.62 4355.60 1713.43
26071-750-M6-085-00012 0.928037166595459 6185.21 1567.57 6341.27 1567.86 6340.99 1716.15 6184.93 1715.86
26071-750-M6-085-00012 0.91512131690979 4013.22 1569.72 4167.68 1570.24 4167.20 1714.39 4012.73 1713.87
26071-750-M6-085-00012 0.8145579695701599 1517.64 3758.60 1668.96 3759.77 1667.72 3919.45 1516.41 3918.28
26071-750-M6-085-00012 0.7901228070259094 871.16 3756.99 1022.83 3757.71 1022.09 3915.22 870.41 3914.51
