26071-200-M6-052-00150 0.9674003720283508 5931.08 5997.55 5949.98 5979.66 5968.40 5999.11 5949.50 6017.01
26071-200-M6-052-00150 0.9671645760536194 4631.89 5997.06 4650.56 5979.72 4668.77 5999.33 4650.10 6016.67
26071-200-M6-052-00150 0.5679760575294495 3532.42 3033.97 3554.68 3012.81 3576.04 3035.28 3553.77 3056.44
26071-203-M6-320-00008 0.6745012998580933 4835.72 4207.94 4860.02 4189.58 4878.08 4213.49 4853.78 4231.85
26071-203-M6-320-00008 0.08813027292490005 2437.39 4296.40 2461.29 4320.14 2439.90 4341.67 2416.00 4317.93
26071-203-M6-332-00008 0.973686158657074 7153.59 3725.57 7174.44 3705.00 7196.62 3727.49 7175.77 3748.06
26071-203-M6-332-00008 0.9673659801483154 2323.25 3725.18 2344.55 3705.41 2366.03 3728.54 2344.73 3748.32
26071-203-M6-332-00008 0.967357873916626 4723.25 3725.18 4744.55 3705.41 4766.03 3728.54 4744.74 3748.32
26071-203-M6-337-00031 0.09966564178466797 6543.70 1354.63 6567.32 1337.27 6584.43 1360.54 6560.81 1377.90
26071-203-M6-337-00031 0.0724368542432785 6452.67 1334.88 6478.34 1350.55 6464.03 1373.99 6438.36 1358.31
26071-203-M6-337-00031 0.06266891211271286 4054.95 915.76 4076.21 894.72 4098.48 917.22 4077.22 938.25
26071-300-M6-053-00012 0.050421398133039474 2933.17 2884.13 2969.96 2863.03 2985.90 2890.82 2949.12 2911.92
