26071-200-M6-052-00001 0.1343083679676056 236.98 6276.24 757.34 6275.34 757.44 6336.14 237.09 6337.04
26071-200-M6-052-00003 0.05526630952954292 7741.35 3440.67 8265.99 3440.49 8266.01 3506.85 7741.37 3507.03
26071-200-M6-052-00090 0.0741998553276062 240.56 1198.89 748.53 1195.58 748.95 1260.52 240.98 1263.82
26071-200-M6-052-00540 0.1315079778432846 4612.22 693.53 4672.71 694.05 4668.40 1193.48 4607.91 1192.96
26071-200-M6-052-00540 0.1240677461028099 704.12 1128.62 768.80 1128.57 769.18 1631.59 704.50 1631.64
26071-200-M6-052-00540 0.12269330024719238 7506.29 1147.66 7570.16 1147.94 7567.93 1660.23 7504.06 1659.95
26071-200-M6-052-00540 0.08437667787075043 2216.40 693.08 2273.49 693.47 2270.10 1190.34 2213.01 1189.95
26071-200-M6-052-00540 0.06773166358470917 3310.73 4837.79 3374.96 4837.74 3375.31 5286.47 3311.08 5286.52
26071-200-M6-052-00540 0.06395895034074783 6704.22 1135.98 6762.93 1136.01 6762.66 1643.59 6703.95 1643.56
26071-200-M6-052-00540 0.061254046857357025 2405.54 688.16 2468.74 688.45 2466.29 1221.54 2403.10 1221.25
26071-200-M6-052-00540 0.05379526689648628 3477.30 1145.02 3535.31 1144.95 3535.88 1623.89 3477.86 1623.96
26071-200-M6-052-00540 0.051796868443489075 1455.86 1144.55 1514.31 1144.41 1515.43 1636.92 1456.98 1637.05
26071-200-M6-062-00277 0.07175300270318985 380.58 1315.36 888.90 1316.96 888.71 1376.06 380.39 1374.46
26071-200-M6-063-00010 0.052938733249902725 370.28 3558.42 897.27 3561.91 896.88 3620.91 369.89 3617.43
26071-203-M6-060-00001 0.9780697822570801 360.79 4622.45 898.33 4624.00 898.16 4685.36 360.62 4683.81
26071-203-M6-060-00001 0.9737101197242737 361.36 5566.35 897.42 5568.18 897.21 5630.09 361.15 5628.27
26071-203-M6-060-00001 0.9327892065048218 354.39 2496.98 894.58 2496.38 894.65 2558.75 354.45 2559.34
26071-203-M6-060-00001 0.9282259345054626 367.74 1436.88 891.63 1440.04 891.29 1496.00 367.40 1492.84
26071-203-M6-060-00001 0.7372727990150452 354.39 3444.87 884.14 3441.43 884.53 3501.87 354.78 3505.30
26071-203-M6-064-00271 0.9771778583526611 361.83 2615.67 907.44 2615.52 907.46 2677.38 361.85 2677.53
26071-203-M6-064-00271 0.9668363928794861 355.71 4857.77 893.23 4858.11 893.19 4919.73 355.67 4919.39
26071-203-M6-079-00001 0.9801384210586548 360.74 3913.80 896.77 3913.79 896.77 3974.55 360.74 3974.56
26071-203-M6-079-00001 0.9777200222015381 360.17 2968.74 890.13 2968.14 890.20 3029.30 360.24 3029.90
26071-203-M6-079-00001 0.9759878516197205 361.78 2023.15 885.39 2023.78 885.32 2088.02 361.70 2087.38
26071-203-M6-079-00001 0.9737909436225891 360.47 4977.24 891.45 4976.98 891.48 5038.95 360.50 5039.20
26071-203-M6-079-00001 0.8776124119758606 361.14 5921.85 899.25 5921.37 899.31 5984.89 361.19 5985.37
26071-203-M6-079-00001 0.8754701614379883 359.28 1080.14 898.65 1079.25 898.75 1142.61 359.38 1143.50
26071-203-M6-160-00291 0.08996780961751938 7621.13 1022.58 8147.35 1022.31 8147.38 1081.34 7621.16 1081.60
26071-203-M6-160-00291 0.0725211650133133 367.92 1492.71 889.70 1494.25 889.53 1553.44 367.75 1551.89
26071-203-M6-320-00008 0.9714051485061646 7723.46 2424.34 8241.62 2427.29 8241.27 2487.62 7723.12 2484.66
26071-203-M6-320-00008 0.913322925567627 270.08 2755.70 808.55 2755.97 808.51 2816.78 270.05 2816.50
26071-203-M6-320-00008 0.883000373840332 252.92 1166.24 781.75 1166.60 781.71 1225.45 252.88 1225.09
26071-203-M6-320-00042 0.9903246164321899 7710.58 2094.01 8243.37 2095.22 8243.23 2156.14 7710.44 2154.93
26071-203-M6-320-00044 0.5853617787361145 3239.61 2734.95 3301.85 2735.14 3300.07 3296.68 3237.83 3296.48
26071-203-M6-320-00060 0.9814789295196533 273.21 4101.81 804.38 4104.49 804.08 4165.26 272.90 4162.57
26071-203-M6-320-00060 0.05728621035814285 269.17 3535.92 806.62 3535.78 806.64 3594.83 269.18 3594.96
26071-203-M6-320-00061 0.9700164198875427 7744.59 3176.99 8262.07 3179.40 8261.80 3238.33 7744.32 3235.92
26071-203-M6-321-00225 0.9657067656517029 305.03 1793.58 825.18 1793.90 825.14 1855.05 304.99 1854.73
26071-203-M6-321-00225 0.9275810718536377 310.30 5694.71 827.50 5694.80 827.48 5754.95 310.29 5754.86
26071-203-M6-321-00225 0.9211797118186951 304.04 5454.41 835.43 5455.19 835.34 5515.40 303.96 5514.62
26071-203-M6-321-00225 0.17022965848445892 5010.84 333.19 5072.33 333.56 5069.06 869.79 5007.57 869.42
26071-203-M6-321-00225 0.14220495522022247 4770.29 327.19 4831.55 327.48 4828.99 868.44 4767.73 868.15
26071-203-M6-321-00225 0.14116251468658447 5281.86 340.23 5341.34 340.62 5337.74 883.19 5278.26 882.79
26071-203-M6-321-00225 0.12725721299648285 4289.43 321.07 4350.83 321.36 4348.16 880.51 4286.76 880.22
26071-203-M6-321-00225 0.07404448837041855 7685.82 4825.56 8197.22 4824.92 8197.30 4888.12 7685.90 4888.76
26071-203-M6-321-00604 0.9920759201049805 2489.57 5408.40 2551.68 5408.66 2549.38 5944.62 2487.27 5944.35
26071-203-M6-321-00604 0.986741840839386 4110.01 5402.24 4171.05 5402.53 4168.66 5919.56 4107.61 5919.28
26071-203-M6-321-00604 0.9849514365196228 4349.40 5386.48 4412.82 5386.62 4411.59 5922.35 4348.17 5922.21
26071-203-M6-321-00604 0.9848036766052246 3270.91 5407.77 3331.07 5407.95 3329.52 5929.91 3269.36 5929.73
26071-203-M6-321-00604 0.982414186000824 2248.15 5391.98 2311.18 5392.20 2309.29 5937.73 2246.27 5937.51
26071-203-M6-321-00604 0.9806985259056091 3598.69 5418.59 3662.33 5418.83 3660.31 5958.23 3596.67 5958.00
26071-203-M6-321-00604 0.9770419001579285 3899.84 5385.38 3962.51 5385.68 3959.98 5923.40 3897.31 5923.10
26071-203-M6-321-00604 0.971541166305542 2008.51 5395.17 2070.82 5395.26 2070.06 5939.38 2007.74 5939.29
26071-203-M6-321-00604 0.8819028735160828 4646.80 380.12 4713.74 380.09 4713.95 924.89 4647.01 924.91
26071-203-M6-321-00604 0.06007016822695732 319.53 1616.00 832.36 1615.62 832.40 1675.26 319.58 1675.65
26071-203-M6-321-00604 0.05502019450068474 7668.05 2846.37 8163.67 2843.35 8164.04 2903.46 7668.42 2906.47
26071-203-M6-321-00604 0.05487232282757759 7668.10 2606.05 8167.28 2605.54 8167.34 2664.89 7668.16 2665.41
26071-203-M6-321-00604 0.05450086668133736 321.69 1375.43 828.23 1376.52 828.10 1436.02 321.56 1434.93
26071-203-M6-325-00012 0.9852762818336487 275.07 3025.76 794.60 3025.99 794.58 3086.18 275.05 3085.94
26071-203-M6-325-00012 0.9849857091903687 282.40 3715.51 810.27 3714.68 810.37 3774.05 282.50 3774.87
26071-203-M6-325-00012 0.9831752777099609 284.91 4343.53 806.07 4344.98 805.90 4404.64 284.74 4403.19
26071-203-M6-325-00012 0.9642990231513977 262.23 5727.40 804.23 5726.02 804.38 5785.42 262.38 5786.80
26071-203-M6-325-00012 0.934306263923645 274.18 5035.21 813.80 5034.01 813.93 5094.39 274.31 5095.60
26071-203-M6-325-00012 0.911415696144104 271.33 2393.84 803.01 2395.97 802.77 2455.15 271.09 2453.02
26071-203-M6-325-00012 0.8943440318107605 262.91 1466.23 806.74 1465.71 806.79 1525.43 262.97 1525.95
26071-203-M6-325-00012 0.4628424644470215 5158.78 237.62 5220.94 237.84 5218.91 811.72 5156.75 811.50
26071-203-M6-325-00012 0.3181963562965393 5460.01 263.12 5521.17 263.03 5521.90 799.55 5460.75 799.63
26071-203-M6-325-00012 0.07206808030605316 7702.87 1464.16 8245.76 1465.86 8245.58 1524.63 7702.68 1522.93
26071-203-M6-325-00013 0.941775918006897 262.57 3143.30 787.49 3145.45 787.25 3205.56 262.33 3203.42
26071-203-M6-325-00013 0.6557475924491882 3211.19 349.95 3271.88 350.33 3268.38 906.21 3207.69 905.83
26071-203-M6-332-00001 0.5036143660545349 286.72 2574.93 789.51 2575.78 789.41 2635.22 286.62 2634.37
26071-203-M6-332-00001 0.5018832683563232 282.06 3295.42 796.30 3297.17 796.10 3355.61 281.86 3353.86
26071-203-M6-332-00001 0.500849187374115 273.42 3055.36 810.25 3055.84 810.20 3114.54 273.36 3114.06
26071-203-M6-332-00001 0.4155547320842743 287.33 2814.52 797.48 2816.17 797.28 2875.62 287.14 2873.97
26071-203-M6-332-00001 0.39923784136772156 288.62 595.12 792.42 596.68 792.24 655.24 288.44 653.68
26071-203-M6-332-00001 0.3947649598121643 279.26 804.40 789.25 806.75 788.98 865.44 278.99 863.09
26071-203-M6-332-00001 0.23789361119270325 7721.36 5095.77 8252.14 5097.42 8251.96 5155.08 7721.19 5153.43
26071-203-M6-332-00001 0.2347211092710495 301.12 6084.80 798.44 6086.21 798.27 6145.37 300.95 6143.97
26071-203-M6-332-00001 0.2214919626712799 7717.07 4854.31 8242.08 4855.85 8241.90 4916.35 7716.90 4914.81
26071-203-M6-332-00001 0.20584869384765625 7715.05 5334.80 8222.69 5335.21 8222.64 5394.21 7715.01 5393.80
26071-203-M6-332-00001 0.0581299252808094 7704.46 5813.96 8229.58 5815.43 8229.41 5874.75 7704.30 5873.28
26071-203-M6-332-00008 0.4077652394771576 310.87 6114.26 830.12 6117.50 829.75 6177.07 310.50 6173.83
26071-203-M6-332-00008 0.25660836696624756 292.34 2004.54 803.81 2006.08 803.63 2065.52 292.16 2063.98
26071-203-M6-332-00008 0.10733673721551895 280.70 1645.32 791.25 1645.96 791.17 1704.41 280.62 1703.76
26071-203-M6-332-00008 0.0992676168680191 274.77 1194.66 805.32 1195.38 805.23 1255.00 274.69 1254.28
26071-203-M6-333-00010 0.9899182915687561 5490.79 3655.45 6019.29 3653.99 6019.46 3714.54 5490.95 3715.99
26071-203-M6-333-00010 0.27383482456207275 2340.73 334.64 2401.49 334.99 2398.58 838.94 2337.82 838.59
26071-203-M6-333-00010 0.07556281238794327 4560.29 297.08 4622.12 297.51 4618.53 817.81 4556.70 817.39
26071-203-M6-337-00007 0.3535423278808594 314.77 2784.39 822.99 2786.41 822.75 2845.37 314.54 2843.35
26071-203-M6-337-00007 0.3037043809890747 292.29 1195.86 838.05 1195.79 838.06 1254.95 292.30 1255.02
26071-203-M6-337-00031 0.24873442947864532 7751.40 3414.95 8268.46 3417.46 8268.18 3476.17 7751.11 3473.66
26071-203-M6-337-00031 0.08425942808389664 7738.50 3685.72 8270.33 3684.80 8270.44 3745.70 7738.61 3746.62
26071-203-M6-337-00031 0.0625867173075676 282.74 916.33 804.36 917.73 804.20 977.20 282.58 975.80
26071-203-M6-337-00031 0.052700672298669815 7717.02 5245.95 8251.00 5243.40 8251.28 5303.07 7717.31 5305.62
26071-300-M6-053-00008 0.9666857719421387 358.74 2732.11 896.98 2733.18 896.85 2795.23 358.62 2794.16
26071-300-M6-053-00008 0.05630183592438698 360.55 1042.60 883.11 1038.74 883.58 1102.66 361.03 1106.52
26071-300-M6-053-00012 0.05319584533572197 372.03 960.22 920.74 967.71 919.91 1028.47 371.20 1020.99
26071-300-M6-053-00309 0.05836864560842514 373.41 5686.41 895.69 5688.43 895.46 5748.03 373.18 5746.01
26071-500-M6-059-00116 0.12486696243286133 385.70 4150.83 883.50 4150.60 883.52 4209.79 385.73 4210.02
26071-500-M6-059-00116 0.06424684077501297 388.25 5568.11 882.97 5568.64 882.91 5626.81 388.18 5626.28
26071-550-M6-084-00026 0.09899076819419861 384.22 1433.40 892.91 1434.72 892.75 1495.25 384.06 1493.93
26071-600-M6-065-00021 0.07974040508270264 381.70 5332.90 878.37 5328.51 878.91 5389.30 382.23 5393.69
26071-600-M6-065-00037 0.06994084268808365 373.77 5742.24 902.61 5747.12 902.07 5806.36 373.23 5801.48
26071-600-M6-065-00037 0.05628466606140137 364.71 2675.97 918.06 2677.65 917.87 2739.48 364.52 2737.80
26071-600-M6-066-00002 0.26939210295677185 366.33 2851.85 896.97 2852.25 896.92 2911.78 366.29 2911.39
26071-600-M6-066-00003 0.07115525752305984 399.48 3916.67 882.35 3914.23 882.65 3972.76 399.78 3975.20
26071-600-M6-066-00012 0.09302590042352676 357.91 3441.24 886.24 3436.73 886.79 3501.54 358.47 3506.06
26071-600-M6-066-00012 0.09256747364997864 403.87 1436.21 876.48 1433.49 876.82 1492.81 404.21 1495.53
26071-600-M6-066-00012 0.07879284769296646 403.97 4861.14 875.34 4859.03 875.61 4917.51 404.23 4919.62
26071-675-M6-068-00034 0.08786129206418991 3636.27 3488.42 3695.74 3489.33 3687.58 4020.41 3628.11 4019.50
26071-675-M6-068-00034 0.06753934174776077 7680.22 777.11 8204.53 777.40 8204.50 836.21 7680.19 835.92
26071-675-M6-068-00041 0.09180290251970291 276.31 1045.13 791.45 1046.10 791.34 1104.48 276.20 1103.52
26071-675-M6-068-10002 0.21284392476081848 362.40 708.05 419.81 708.31 417.49 1229.58 360.08 1229.32
26071-675-M6-068-10002 0.16289997100830078 363.39 6113.04 414.20 6113.46 410.76 6531.57 359.94 6531.16
26071-700-M6-054-00013 0.08713794499635696 392.31 3442.47 881.49 3441.54 881.60 3499.99 392.42 3500.92
26071-700-M6-054-00013 0.06041431799530983 371.80 5330.58 895.42 5331.91 895.27 5391.30 371.65 5389.98
26071-700-M6-054-00013 0.055669695138931274 369.38 2735.97 917.93 2734.17 918.13 2795.12 369.58 2796.92
26071-700-M6-054-00013 0.05214792862534523 354.48 843.30 917.67 846.35 917.34 908.07 354.15 905.02
26071-750-M6-085-00286 0.13803885877132416 370.58 4034.03 875.43 4035.10 875.31 4093.74 370.45 4092.66
26071-750-M6-085-00286 0.13421329855918884 7623.50 5685.92 8124.41 5687.35 8124.24 5747.81 7623.32 5746.37
26071-750-M6-085-00286 0.05596077814698219 379.60 1313.71 896.54 1316.77 896.19 1376.23 379.25 1373.17
26071-750-M6-085-00309 0.09051326662302017 377.98 4384.95 896.35 4388.47 895.95 4447.09 377.58 4443.57
26071-750-M6-085-00309 0.07155904918909073 368.11 3676.48 898.36 3679.86 897.98 3738.79 367.73 3735.41
