26071-200-M6-052-00001 0.997998058795929 7747.40 1080.61 8268.10 1078.37 8268.37 1139.62 7747.67 1141.86
26071-200-M6-052-00001 0.9974898099899292 249.32 724.34 769.03 725.84 768.85 788.30 249.14 786.80
26071-200-M6-052-00001 0.9974728226661682 7752.86 1550.53 8271.90 1553.33 8271.57 1614.84 7752.53 1612.04
26071-200-M6-052-00001 0.9969162940979004 7734.54 6277.51 8257.87 6275.58 8258.09 6337.27 7734.77 6339.21
26071-200-M6-052-00001 0.9961280226707458 7750.77 1316.96 8269.16 1315.42 8269.34 1376.17 7750.95 1377.71
26071-200-M6-052-00001 0.9941191673278809 244.51 6274.96 770.00 6276.61 769.80 6340.01 244.31 6338.36
26071-200-M6-052-00001 0.5520539879798889 7798.39 2972.06 8255.32 2970.90 8255.47 3027.20 7798.53 3028.36
26071-200-M6-052-00002 0.9976907968521118 248.23 6511.47 765.22 6516.07 764.68 6575.95 247.70 6571.35
26071-200-M6-052-00002 0.9957122802734375 240.93 1907.18 773.97 1903.97 774.35 1967.67 241.32 1970.88
26071-200-M6-052-00002 0.9955944418907166 7736.93 6041.21 8263.37 6039.00 8263.63 6101.10 7737.19 6103.30
26071-200-M6-052-00002 0.9950205087661743 250.28 6041.53 764.72 6038.48 765.08 6100.44 250.64 6103.48
26071-200-M6-052-00003 0.9968915581703186 7734.97 843.64 8256.21 843.32 8256.25 903.44 7735.00 903.76
26071-200-M6-052-00003 0.9949254989624023 7740.17 5922.92 8264.52 5920.56 8264.80 5983.20 7740.46 5985.55
26071-200-M6-052-00003 0.994235098361969 7728.23 3443.08 8254.90 3441.92 8255.03 3503.22 7728.36 3504.38
26071-200-M6-052-00003 0.9920424818992615 249.12 2497.85 775.31 2495.83 775.55 2558.05 249.35 2560.06
26071-200-M6-052-00003 0.9910227060317993 244.94 4222.15 755.22 4220.05 755.47 4280.94 245.19 4283.04
26071-200-M6-052-00080 0.9987144470214844 256.70 6453.48 784.21 6453.34 784.23 6513.59 256.72 6513.73
26071-200-M6-052-00080 0.9977642297744751 264.17 1082.03 785.97 1079.27 786.29 1140.11 264.49 1142.87
26071-200-M6-052-00080 0.997510552406311 7727.70 6454.98 8262.32 6455.36 8262.28 6513.91 7727.66 6513.53
26071-200-M6-052-00080 0.9974516034126282 256.26 1316.76 792.08 1315.93 792.18 1378.08 256.36 1378.91
26071-200-M6-052-00080 0.9968256950378418 7735.34 1081.73 8267.14 1079.60 8267.38 1140.88 7735.59 1143.01
26071-200-M6-052-00080 0.9939298629760742 7734.09 1314.12 8254.36 1314.99 8254.25 1379.26 7733.99 1378.40
26071-200-M6-052-00080 0.5270009636878967 334.59 5971.58 765.66 5972.62 765.53 6027.40 334.45 6026.36
26071-200-M6-052-00080 0.4029150605201721 7741.14 5968.80 8247.78 5969.66 8247.68 6028.94 7741.04 6028.08
26071-200-M6-052-00090 0.9978824257850647 7738.02 1259.66 8263.64 1256.75 8263.98 1316.57 7738.35 1319.48
26071-200-M6-052-00090 0.9977006316184998 239.18 1198.10 773.76 1198.35 773.73 1259.83 239.15 1259.58
26071-200-M6-052-00090 0.997443437576294 7733.52 962.64 8261.88 960.92 8262.08 1021.18 7733.72 1022.90
26071-200-M6-052-00090 0.9961406588554382 253.37 5451.18 770.89 5448.90 771.16 5510.24 253.64 5512.51
26071-200-M6-052-00090 0.9956747889518738 245.45 963.09 770.06 960.35 770.39 1023.33 245.78 1026.07
26071-200-M6-052-00090 0.9888196587562561 255.35 5675.31 767.63 5673.77 767.81 5734.23 255.53 5735.77
26071-200-M6-052-00090 0.9305925369262695 7709.83 6630.29 8265.34 6628.97 8265.49 6691.60 7709.98 6692.92
26071-200-M6-052-00090 0.7084233164787292 230.70 6636.65 771.94 6633.22 772.36 6698.19 231.11 6701.62
26071-200-M6-052-00093 0.9943863153457642 7732.63 5580.34 8256.64 5578.51 8256.85 5638.88 7732.84 5640.71
26071-200-M6-052-00093 0.9937528967857361 7725.70 2852.71 8266.11 2852.39 8266.15 2910.94 7725.74 2911.27
26071-200-M6-052-00093 0.9930289387702942 249.26 2615.65 773.31 2614.03 773.51 2676.46 249.45 2678.08
26071-200-M6-052-00093 0.9872862696647644 7726.53 3559.17 8258.28 3560.35 8258.15 3620.60 7726.40 3619.42
26071-200-M6-052-00539 0.9978454113006592 7735.87 6276.88 8258.51 6275.70 8258.65 6335.18 7736.00 6336.36
26071-200-M6-052-00539 0.9952715039253235 246.25 840.77 781.44 842.47 781.24 906.06 246.04 904.35
26071-200-M6-052-00539 0.9947524070739746 249.72 3914.41 773.69 3914.20 773.71 3974.03 249.75 3974.24
26071-200-M6-052-00539 0.9935058355331421 7738.59 2730.58 8272.85 2733.20 8272.54 2795.97 7738.28 2793.36
26071-200-M6-052-00540 0.9994062185287476 7731.24 3678.04 8265.98 3678.74 8265.90 3739.85 7731.16 3739.14
26071-200-M6-052-00540 0.9986200332641602 7738.27 3325.38 8259.74 3323.07 8260.00 3383.42 7738.54 3385.72
26071-200-M6-052-00540 0.9970051646232605 244.99 6156.12 766.20 6157.76 766.00 6221.81 244.78 6220.17
26071-200-M6-052-00540 0.9949638843536377 235.07 6394.99 782.31 6395.62 782.24 6454.75 235.00 6454.11
26071-200-M6-052-00544 0.9878817796707153 270.48 2262.04 781.47 2260.53 781.65 2320.17 270.66 2321.68
26071-200-M6-062-00276 0.9981953501701355 7614.67 4387.47 8139.04 4386.39 8139.16 4446.79 7614.80 4447.87
26071-200-M6-062-00276 0.9981098175048828 7613.21 1787.95 8138.51 1788.72 8138.42 1851.99 7613.12 1851.21
26071-200-M6-062-00276 0.9937562942504883 362.09 1787.96 896.22 1787.59 896.27 1849.99 362.14 1850.36
26071-200-M6-062-00277 0.9987359642982483 362.39 1315.43 889.56 1314.03 889.72 1376.84 362.55 1378.24
26071-200-M6-063-00010 0.9946309328079224 364.59 4504.71 884.02 4502.94 884.23 4563.94 364.79 4565.72
26071-200-M6-063-00010 0.9917170405387878 348.69 3558.90 911.77 3559.19 911.74 3623.62 348.66 3623.33
26071-203-M6-060-00001 0.995400607585907 7613.52 2496.72 8140.20 2496.36 8140.24 2558.16 7613.56 2558.52
26071-203-M6-060-00001 0.9901893734931946 7612.93 4622.05 8146.01 4624.73 8145.71 4684.51 7612.63 4681.83
26071-203-M6-060-00001 0.9879013299942017 7611.24 5567.41 8146.92 5569.69 8146.66 5629.92 7610.98 5627.64
26071-203-M6-060-00001 0.986086368560791 7611.89 3442.18 8146.06 3442.47 8146.03 3500.66 7611.86 3500.37
26071-203-M6-060-00001 0.8971872329711914 7621.21 1433.31 8152.55 1433.06 8152.58 1491.68 7621.24 1491.93
26071-203-M6-060-00001 0.8836171627044678 360.38 3442.38 890.52 3440.48 890.74 3502.45 360.61 3504.34
26071-203-M6-060-00001 0.8820687532424927 371.96 1436.59 909.66 1431.79 910.19 1492.21 372.50 1497.00
26071-203-M6-060-00001 0.8580132722854614 361.05 2497.00 897.31 2496.72 897.34 2559.32 361.09 2559.59
26071-203-M6-060-00001 0.7815386652946472 375.91 4624.40 879.75 4623.67 879.84 4682.94 376.00 4683.66
26071-203-M6-060-00001 0.7551677227020264 394.91 5570.86 881.16 5565.43 881.84 5626.17 395.59 5631.60
26071-203-M6-060-00006 0.99698406457901 370.87 2731.52 886.99 2733.59 886.75 2795.52 370.62 2793.45
26071-203-M6-060-00006 0.9956894516944885 7611.54 6039.26 8139.40 6040.43 8139.27 6101.51 7611.40 6100.34
26071-203-M6-064-00271 0.7851793169975281 399.20 4861.97 881.60 4856.81 882.25 4917.75 399.85 4922.91
26071-203-M6-064-00271 0.7781227827072144 391.15 2615.85 883.17 2616.82 883.06 2675.12 391.04 2674.15
26071-203-M6-079-00001 0.9931542873382568 7629.35 2969.00 8137.49 2969.33 8137.46 3028.60 7629.31 3028.27
26071-203-M6-079-00001 0.9919439554214478 7623.23 2024.72 8149.04 2023.01 8149.24 2084.36 7623.43 2086.08
26071-203-M6-079-00001 0.9910406470298767 7611.15 5921.50 8142.06 5920.74 8142.16 5984.24 7611.24 5985.01
26071-203-M6-079-00001 0.990788996219635 7608.85 3911.00 8147.33 3914.40 8146.94 3975.57 7608.46 3972.17
26071-203-M6-079-00001 0.9893669486045837 7611.40 1079.60 8143.09 1079.06 8143.15 1141.71 7611.46 1142.25
26071-203-M6-079-00001 0.9892262816429138 7620.21 4977.22 8153.59 4975.17 8153.82 5036.89 7620.44 5038.94
26071-203-M6-079-00001 0.9107487201690674 367.24 5921.91 882.25 5924.00 882.01 5982.51 367.00 5980.42
26071-203-M6-079-00001 0.8213239908218384 392.18 2026.19 879.90 2021.84 880.43 2081.79 392.71 2086.13
26071-203-M6-079-00001 0.8211753368377686 367.49 1078.59 880.06 1080.43 879.85 1139.93 367.28 1138.09
26071-203-M6-079-00001 0.7682953476905823 398.36 4979.07 873.85 4972.95 874.63 5033.38 399.14 5039.50
26071-203-M6-079-00001 0.7430909872055054 401.99 2971.30 878.03 2965.86 878.73 3026.45 402.68 3031.89
26071-203-M6-079-00001 0.7057557106018066 390.13 3914.68 885.51 3914.11 885.58 3972.77 390.20 3973.34
26071-203-M6-160-00291 0.9979034662246704 7609.59 1020.98 8150.77 1022.27 8150.62 1082.71 7609.45 1081.42
26071-203-M6-160-00291 0.9962195754051208 7612.98 4351.67 8137.42 4350.89 8137.51 4410.68 7613.07 4411.46
26071-203-M6-160-00291 0.9949068427085876 362.80 1493.34 890.04 1492.88 890.09 1553.42 362.85 1553.88
26071-203-M6-160-00291 0.9944416880607605 7619.63 2850.09 8145.90 2850.16 8145.90 2910.99 7619.62 2910.91
26071-203-M6-320-00008 0.9483595490455627 250.07 1166.49 786.00 1166.43 786.00 1227.16 250.08 1227.22
26071-203-M6-320-00008 0.8850533962249756 7719.50 2424.40 8233.51 2426.46 8233.28 2486.15 7719.26 2484.09
26071-203-M6-320-00008 0.8344656825065613 302.62 2756.88 793.63 2756.65 793.66 2814.11 302.65 2814.34
26071-203-M6-320-00042 0.869349479675293 7719.57 2094.52 8243.94 2094.96 8243.88 2155.20 7719.51 2154.75
26071-203-M6-320-00044 0.9844100475311279 3239.02 2732.17 3300.86 2732.31 3299.61 3273.14 3237.77 3273.00
26071-203-M6-320-00060 0.9382278323173523 270.74 3534.59 803.43 3536.84 803.18 3596.57 270.49 3594.32
26071-203-M6-320-00060 0.6753529906272888 284.01 4103.89 791.37 4105.41 791.20 4165.33 283.83 4163.81
26071-203-M6-320-00061 0.7701150178909302 7750.75 3175.32 8251.57 3175.66 8251.54 3234.35 7750.71 3234.02
26071-203-M6-321-00225 0.99837327003479 5278.75 332.17 5340.75 332.27 5339.96 855.62 5277.97 855.53
26071-203-M6-321-00225 0.9974188804626465 4288.55 318.71 4348.22 318.65 4348.78 861.34 4289.12 861.41
26071-203-M6-321-00225 0.9970484375953674 5010.08 330.18 5071.16 330.50 5068.47 853.29 5007.39 852.97
26071-203-M6-321-00225 0.9967431426048279 7691.13 4585.18 8211.92 4584.73 8211.97 4645.03 7691.18 4645.47
26071-203-M6-321-00225 0.9936738014221191 7682.82 4015.85 8210.30 4014.34 8210.48 4076.69 7683.00 4078.21
26071-203-M6-321-00225 0.9914636015892029 4769.82 320.02 4831.24 320.23 4829.33 871.49 4767.91 871.27
26071-203-M6-321-00225 0.990577220916748 7681.83 5304.89 8212.11 5303.24 8212.30 5366.30 7682.02 5367.95
26071-203-M6-321-00225 0.9880657196044922 7679.74 3774.87 8214.93 3773.82 8215.05 3837.12 7679.87 3838.17
26071-203-M6-321-00225 0.9801117777824402 7683.38 4824.16 8216.52 4823.89 8216.56 4886.76 7683.42 4887.03
26071-203-M6-321-00225 0.9692478775978088 7690.19 5064.36 8199.98 5066.17 8199.77 5125.35 7689.98 5123.54
26071-203-M6-321-00225 0.960992157459259 7691.28 3535.33 8198.62 3534.23 8198.75 3594.72 7691.41 3595.82
26071-203-M6-321-00225 0.9260361790657043 314.96 5693.95 822.26 5695.86 822.03 5755.38 314.73 5753.47
26071-203-M6-321-00225 0.9125315546989441 301.65 5453.98 843.13 5455.54 842.96 5516.50 301.47 5514.94
26071-203-M6-321-00225 0.7089040875434875 315.16 1795.64 824.69 1795.81 824.67 1856.34 315.14 1856.17
26071-203-M6-321-00604 0.993698239326477 7665.53 1671.11 8201.03 1671.34 8201.00 1736.90 7665.50 1736.68
26071-203-M6-321-00604 0.9899821877479553 307.46 1134.97 836.10 1137.75 835.78 1198.05 307.15 1195.27
26071-203-M6-321-00604 0.988537073135376 7657.23 3325.38 8185.17 3325.45 8185.16 3385.21 7657.22 3385.15
26071-203-M6-321-00604 0.9879254102706909 307.17 1615.48 836.80 1616.30 836.71 1678.02 307.07 1677.20
26071-203-M6-321-00604 0.9852563738822937 7657.76 3564.24 8182.87 3565.60 8182.71 3625.35 7657.61 3623.99
26071-203-M6-321-00604 0.9804747700691223 7654.21 3084.58 8186.55 3087.79 8186.19 3148.32 7653.85 3145.11
26071-203-M6-321-00604 0.9743916392326355 7655.86 2846.83 8172.91 2843.20 8173.33 2903.71 7656.28 2907.34
26071-203-M6-321-00604 0.9695902466773987 7653.71 2606.17 8180.00 2606.78 8179.93 2667.80 7653.64 2667.19
26071-203-M6-321-00604 0.9468098878860474 319.26 1375.50 832.81 1374.76 832.90 1435.09 319.35 1435.84
26071-203-M6-321-00604 0.9258641600608826 4349.54 5395.92 4412.70 5396.25 4409.91 5930.40 4346.75 5930.07
26071-203-M6-321-00604 0.918506920337677 2247.73 5409.53 2308.18 5409.16 2311.33 5925.65 2250.88 5926.01
26071-203-M6-321-00604 0.8859063982963562 4109.85 5394.53 4172.45 5394.85 4169.72 5928.11 4107.12 5927.79
26071-203-M6-321-00604 0.8617994785308838 2008.51 5418.73 2069.57 5418.60 2070.67 5925.99 2009.61 5926.13
26071-203-M6-321-00604 0.8306888937950134 4648.44 382.58 4712.12 382.66 4711.46 919.08 4647.78 919.00
26071-203-M6-321-00604 0.7910196185112 3899.45 5370.84 3961.40 5371.05 3959.46 5944.33 3897.51 5944.12
26071-203-M6-321-00604 0.6789383888244629 3267.37 5396.43 3330.47 5396.54 3329.54 5930.31 3266.44 5930.20
26071-203-M6-321-00604 0.4997427463531494 2492.59 5446.06 2551.62 5446.59 2547.34 5919.48 2488.31 5918.95
26071-203-M6-321-00604 0.2931583821773529 3599.34 5452.63 3659.67 5452.61 3659.80 5920.31 3599.47 5920.32
26071-203-M6-325-00012 0.9972653388977051 7711.60 1462.73 8252.77 1465.02 8252.52 1525.04 7711.35 1522.76
26071-203-M6-325-00012 0.9758120179176331 5458.70 274.75 5520.93 274.75 5520.95 804.84 5458.72 804.84
26071-203-M6-325-00012 0.9606996178627014 5159.20 272.70 5221.06 272.76 5220.53 803.90 5158.67 803.84
26071-203-M6-325-00012 0.8731153011322021 280.87 3714.43 795.38 3716.96 795.09 3775.38 280.58 3772.86
26071-203-M6-325-00012 0.870485246181488 283.00 4344.02 792.06 4345.95 791.84 4405.13 282.78 4403.20
26071-203-M6-325-00012 0.8652764558792114 280.17 2394.85 802.99 2397.07 802.74 2456.62 279.91 2454.40
26071-203-M6-325-00012 0.8175860643386841 296.09 1464.91 806.75 1465.58 806.67 1526.19 296.01 1525.52
26071-203-M6-325-00012 0.8165521621704102 296.47 5724.95 801.57 5725.22 801.54 5785.76 296.44 5785.48
26071-203-M6-325-00012 0.693862795829773 276.90 3024.67 795.31 3026.67 795.08 3086.22 276.67 3084.22
26071-203-M6-325-00012 0.2219611257314682 276.72 5034.03 802.69 5036.40 802.41 5096.85 276.45 5094.47
26071-203-M6-325-00013 0.9805121421813965 3209.48 348.03 3271.64 348.21 3270.02 888.58 3207.85 888.39
26071-203-M6-325-00013 0.9214158654212952 298.25 3148.48 806.96 3144.22 807.46 3204.55 298.75 3208.82
26071-203-M6-332-00001 0.9983739852905273 7717.77 6056.00 8239.27 6055.95 8239.27 6114.69 7717.77 6114.74
26071-203-M6-332-00001 0.9967519044876099 7707.29 5813.54 8239.36 5816.33 8239.04 5878.21 7706.96 5875.42
26071-203-M6-332-00001 0.9967080354690552 282.27 3655.21 796.32 3653.89 796.47 3713.77 282.42 3715.08
26071-203-M6-332-00001 0.9943318367004395 277.25 2815.49 801.33 2816.08 801.26 2874.98 277.18 2874.40
26071-203-M6-332-00001 0.9922134280204773 7721.37 6293.86 8238.98 6295.30 8238.82 6354.54 7721.20 6353.10
26071-203-M6-332-00001 0.9873881936073303 275.14 5636.24 807.71 5638.42 807.46 5697.83 274.90 5695.65
26071-203-M6-332-00001 0.9844285249710083 274.17 1105.64 801.46 1101.83 801.93 1166.31 274.63 1170.13
26071-203-M6-332-00001 0.978272020816803 7714.05 4855.21 8242.34 4855.56 8242.30 4915.86 7714.01 4915.51
26071-203-M6-332-00001 0.9736208319664001 278.28 6085.51 788.14 6086.70 788.01 6145.44 278.14 6144.25
26071-203-M6-332-00001 0.9670590758323669 278.37 3055.37 802.71 3056.46 802.59 3116.12 278.25 3115.03
26071-203-M6-332-00001 0.9607123732566833 284.20 594.35 797.86 596.22 797.65 655.24 283.98 653.36
26071-203-M6-332-00001 0.9522970914840698 7728.51 5094.87 8239.78 5095.05 8239.76 5155.73 7728.49 5155.55
26071-203-M6-332-00001 0.9509157538414001 277.97 3294.21 812.57 3294.75 812.51 3355.65 277.91 3355.11
26071-203-M6-332-00001 0.9452224373817444 7710.82 5574.61 8232.90 5575.74 8232.77 5635.41 7710.69 5634.28
26071-203-M6-332-00001 0.9410824179649353 7719.54 5334.64 8244.22 5334.12 8244.29 5394.91 7719.60 5395.43
26071-203-M6-332-00001 0.9358881711959839 286.61 2574.85 806.97 2574.78 806.98 2634.69 286.62 2634.76
26071-203-M6-332-00001 0.9112515449523926 276.67 804.69 807.13 806.19 806.96 865.58 276.50 864.08
26071-203-M6-332-00008 0.9891479015350342 280.55 1196.85 800.85 1197.75 800.75 1256.64 280.45 1255.74
26071-203-M6-332-00008 0.9790697693824768 301.88 6114.15 849.62 6118.39 849.16 6177.84 301.42 6173.60
26071-203-M6-332-00008 0.9766330718994141 278.85 2004.15 814.84 2003.06 814.96 2065.43 278.97 2066.51
26071-203-M6-332-00008 0.9704384803771973 278.78 2334.55 805.78 2335.91 805.62 2395.02 278.63 2393.67
26071-203-M6-332-00008 0.9353187084197998 284.40 1646.38 791.01 1644.04 791.29 1703.59 284.68 1705.93
26071-203-M6-333-00010 0.8861028552055359 5490.10 3655.70 6025.11 3657.27 6024.94 3715.69 5489.93 3714.12
26071-203-M6-333-00010 0.6748180985450745 4560.29 297.08 4622.12 297.51 4618.53 817.81 4556.70 817.39
26071-203-M6-333-00010 0.584717869758606 330.32 4225.36 825.72 4225.93 825.66 4283.94 330.26 4283.37
26071-203-M6-333-00010 0.5651412010192871 379.98 5605.02 869.32 5605.64 869.25 5664.76 379.90 5664.13
26071-203-M6-333-00010 0.433591365814209 6660.75 338.67 6720.34 338.95 6717.99 845.13 6658.40 844.86
26071-203-M6-333-00010 0.24378183484077454 2344.54 309.83 2403.69 310.50 2396.98 906.64 2337.83 905.98
26071-203-M6-337-00007 0.9986473917961121 7627.98 3084.91 8151.09 3085.36 8151.04 3143.72 7627.93 3143.27
26071-203-M6-337-00007 0.9974051117897034 7621.83 2830.06 8148.18 2832.79 8147.87 2891.55 7621.52 2888.82
26071-203-M6-337-00007 0.9886321425437927 308.66 1195.09 829.03 1194.70 829.07 1254.37 308.71 1254.77
26071-203-M6-337-00007 0.9681668281555176 320.57 2783.93 837.53 2786.23 837.26 2846.75 320.30 2844.44
26071-203-M6-337-00031 0.9972255229949951 7745.03 3684.64 8268.35 3686.20 8268.16 3748.68 7744.84 3747.12
26071-203-M6-337-00031 0.9972217082977295 7720.35 6324.84 8242.84 6328.69 8242.39 6389.69 7719.90 6385.84
26071-203-M6-337-00031 0.9968926906585693 290.47 3866.55 799.60 3865.68 799.70 3924.44 290.58 3925.30
26071-203-M6-337-00031 0.9961103796958923 288.06 4763.92 809.19 4763.29 809.26 4825.64 288.14 4826.26
26071-203-M6-337-00031 0.9941856861114502 311.14 2588.99 829.07 2588.33 829.15 2649.13 311.21 2649.79
26071-203-M6-337-00031 0.9928262233734131 284.32 662.46 805.29 663.41 805.18 723.86 284.21 722.91
26071-203-M6-337-00031 0.9923831820487976 288.38 4319.17 806.15 4315.42 806.60 4377.27 288.83 4381.02
26071-203-M6-337-00031 0.9916698932647705 288.39 5219.04 805.60 5215.29 806.05 5277.21 288.84 5280.96
26071-203-M6-337-00031 0.991312563419342 287.95 917.53 808.93 917.95 808.88 977.66 287.90 977.24
26071-203-M6-337-00031 0.989410400390625 7749.34 3414.69 8276.05 3417.82 8275.70 3476.83 7748.99 3473.70
26071-203-M6-337-00031 0.9888411164283752 278.18 5426.80 800.05 5426.59 800.08 5486.42 278.21 5486.63
26071-203-M6-337-00031 0.9801778197288513 7714.10 5244.16 8246.63 5246.18 8246.40 5305.21 7713.87 5303.18
26071-203-M6-337-00031 0.9752482771873474 320.67 2936.13 841.94 2939.20 841.60 2996.40 320.34 2993.33
26071-203-M6-337-00031 0.9735499620437622 7688.17 535.31 8212.30 537.26 8212.09 594.11 7687.96 592.15
26071-203-M6-337-00031 0.9700045585632324 270.51 5662.56 809.42 5665.88 809.05 5725.72 270.14 5722.40
26071-300-M6-053-00008 0.9993845224380493 7615.30 488.39 8134.39 488.95 8134.32 551.46 7615.23 550.90
26071-300-M6-053-00008 0.9962753057479858 356.51 725.48 890.37 726.52 890.25 787.45 356.39 786.42
26071-300-M6-053-00008 0.9956434965133667 367.22 6513.28 886.21 6512.00 886.36 6572.03 367.36 6573.31
26071-300-M6-053-00008 0.9955872297286987 7621.36 5566.74 8136.97 5567.50 8136.88 5628.64 7621.27 5627.87
26071-300-M6-053-00008 0.9926990866661072 366.27 2261.63 892.92 2260.86 893.01 2322.18 366.36 2322.95
26071-300-M6-053-00008 0.9801537990570068 361.55 1044.31 884.18 1042.44 884.39 1103.42 361.77 1105.28
26071-300-M6-053-00008 0.9735420942306519 390.93 4979.21 887.11 4974.48 887.68 5034.23 391.50 5038.95
26071-300-M6-053-00008 0.9516248106956482 370.41 2733.67 893.37 2733.40 893.41 2793.82 370.44 2794.09
26071-300-M6-053-00010 0.9991311430931091 360.50 2615.00 895.39 2613.97 895.51 2675.96 360.62 2676.99
26071-300-M6-053-00010 0.9975959658622742 7612.64 1080.23 8138.75 1080.04 8138.77 1142.56 7612.66 1142.76
26071-300-M6-053-00010 0.9974080920219421 359.72 6040.22 885.42 6039.23 885.54 6101.86 359.84 6102.85
26071-300-M6-053-00012 0.998443067073822 360.12 5096.48 891.60 5095.47 891.72 5156.34 360.24 5157.35
26071-300-M6-053-00012 0.9977017045021057 366.98 2258.91 887.62 2259.53 887.55 2320.51 366.90 2319.89
26071-300-M6-053-00012 0.996358335018158 363.45 4151.00 888.39 4151.80 888.30 4211.17 363.36 4210.37
26071-300-M6-053-00012 0.9962498545646667 7613.94 1139.10 8135.71 1138.35 8135.79 1198.57 7614.02 1199.32
26071-300-M6-053-00012 0.9954783320426941 365.73 963.04 894.22 963.78 894.14 1022.63 365.65 1021.90
26071-300-M6-053-00012 0.9942212104797363 368.75 2556.02 886.31 2554.22 886.52 2615.04 368.96 2616.85
26071-300-M6-053-00012 0.994127631187439 364.48 1788.50 888.51 1787.31 888.64 1846.81 364.62 1848.00
26071-300-M6-053-00012 0.9937494993209839 368.35 4624.69 892.30 4622.77 892.51 4681.93 368.57 4683.86
26071-300-M6-053-00309 0.9991695880889893 7613.31 4741.81 8135.33 4742.53 8135.25 4804.01 7613.23 4803.29
26071-300-M6-053-00309 0.9980463981628418 7615.51 2732.49 8132.82 2732.92 8132.77 2791.90 7615.46 2791.47
26071-300-M6-053-00309 0.9975702166557312 360.79 4504.11 886.74 4505.24 886.61 4567.11 360.66 4565.98
26071-300-M6-053-00309 0.9971866011619568 364.15 5684.89 886.60 5687.76 886.25 5752.01 363.79 5749.14
26071-300-M6-053-00309 0.9943431615829468 7618.24 3441.73 8160.42 3441.35 8160.47 3502.43 7618.29 3502.81
26071-300-M6-053-00309 0.4033701419830322 7638.17 1674.99 8137.54 1673.86 8137.66 1728.72 7638.30 1729.85
26071-450-M6-082-00009 0.9978138208389282 7614.83 5297.54 8135.81 5295.99 8135.99 5356.66 7615.01 5358.21
26071-450-M6-082-00009 0.9973347187042236 7622.68 2378.19 8139.85 2380.76 8139.55 2441.48 7622.38 2438.91
26071-450-M6-082-00009 0.9916632175445557 359.07 4206.45 890.06 4205.92 890.12 4268.12 359.13 4268.66
26071-450-M6-082-00009 0.9904294013977051 7617.32 4976.88 8145.55 4976.14 8145.63 5037.36 7617.41 5038.10
26071-450-M6-082-00009 0.9889454245567322 7615.57 6276.61 8147.60 6273.84 8147.92 6335.00 7615.88 6337.77
26071-450-M6-082-00009 0.9797653555870056 7619.37 2970.98 8137.77 2971.32 8137.73 3030.87 7619.33 3030.53
26071-450-M6-082-00031 0.9979535341262817 7610.08 3973.05 8140.79 3973.54 8140.73 4035.26 7610.03 4034.77
26071-450-M6-082-00031 0.9976609945297241 362.02 5922.48 884.73 5923.18 884.65 5982.65 361.94 5981.96
26071-450-M6-082-00031 0.9972932934761047 7612.81 2093.67 8138.24 2093.74 8138.23 2154.15 7612.81 2154.08
26071-450-M6-082-00031 0.9971291422843933 7613.98 5569.17 8137.88 5568.19 8137.99 5628.63 7614.09 5629.61
26071-450-M6-082-00031 0.9967459440231323 7622.52 5861.86 8146.34 5862.14 8146.31 5923.38 7622.49 5923.10
26071-450-M6-082-00031 0.9967201352119446 7614.41 1623.73 8136.22 1623.19 8136.28 1683.96 7614.48 1684.50
26071-450-M6-082-00031 0.9962143301963806 7611.23 6100.48 8135.50 6097.93 8135.81 6160.42 7611.54 6162.97
26071-450-M6-082-00031 0.994987964630127 360.12 960.57 887.28 959.69 887.38 1020.57 360.22 1021.45
26071-450-M6-082-00031 0.992948055267334 360.53 1315.01 889.42 1316.18 889.29 1375.93 360.40 1374.77
26071-450-M6-082-00031 0.9921970367431641 7616.66 958.79 8143.51 960.83 8143.28 1021.69 7616.43 1019.65
26071-450-M6-082-00031 0.9914002418518066 370.15 2260.82 886.94 2260.21 887.02 2320.37 370.22 2320.98
26071-450-M6-082-00031 0.8877841830253601 7615.12 6340.27 8140.40 6339.61 8140.47 6398.50 7615.19 6399.16
26071-450-M6-082-00031 0.1752011626958847 479.82 6339.83 864.71 6340.85 864.57 6391.60 479.68 6390.57
26071-450-M6-082-00221 0.9935140609741211 360.41 5449.34 890.79 5450.52 890.65 5511.34 360.28 5510.16
26071-450-M6-082-00221 0.9931619167327881 362.64 3678.65 886.04 3678.21 886.10 3738.68 362.69 3739.13
26071-450-M6-082-00221 0.9897869825363159 363.14 1079.95 889.94 1078.79 890.07 1140.78 363.28 1141.94
26071-450-M6-082-00221 0.9897754192352295 363.24 2379.70 886.82 2378.67 886.94 2439.57 363.35 2440.59
26071-450-M6-082-00221 0.8469247817993164 370.96 4977.56 901.32 4979.36 901.11 5039.59 370.75 5037.78
26071-500-M6-059-00011 0.9980641007423401 7626.11 4622.12 8141.72 4622.97 8141.62 4682.64 7626.01 4681.79
26071-500-M6-059-00011 0.9968125224113464 7617.75 1364.40 8137.78 1362.72 8137.97 1422.52 7617.95 1424.21
26071-500-M6-059-00011 0.9963895678520203 369.09 2308.97 888.05 2306.69 888.33 2369.06 369.36 2371.34
26071-500-M6-059-00011 0.9960032105445862 361.98 4033.29 888.49 4032.13 888.62 4090.79 362.11 4091.95
26071-500-M6-059-00011 0.9927651286125183 7616.02 3855.92 8140.26 3855.58 8140.30 3914.85 7616.06 3915.20
26071-500-M6-059-00011 0.9916689395904541 364.30 3441.68 891.30 3441.32 891.34 3501.14 364.34 3501.50
26071-500-M6-059-00011 0.9882137775421143 7616.02 5682.64 8145.19 5684.27 8144.99 5748.46 7615.82 5746.83
26071-500-M6-059-00011 0.9858832955360413 361.55 1835.64 895.51 1835.50 895.53 1896.78 361.57 1896.92
26071-500-M6-059-00011 0.958178699016571 366.89 1367.62 918.62 1360.82 919.34 1419.53 367.61 1426.34
26071-500-M6-059-00013 0.999262273311615 361.40 5922.83 892.60 5922.41 892.65 5984.32 361.45 5984.74
26071-500-M6-059-00013 0.999140739440918 362.82 5449.77 891.77 5449.02 891.86 5511.20 362.90 5511.94
26071-500-M6-059-00013 0.997086226940155 371.44 1080.86 878.85 1077.97 879.19 1139.30 371.79 1142.19
26071-500-M6-059-00013 0.9967209696769714 7618.98 5923.77 8140.59 5922.74 8140.71 5982.08 7619.10 5983.10
26071-500-M6-059-00013 0.9952497482299805 7615.77 1078.25 8137.49 1079.43 8137.35 1140.06 7615.64 1138.88
26071-500-M6-059-00013 0.9909273386001587 7621.90 3800.74 8130.98 3796.02 8131.53 3855.32 7622.45 3860.05
26071-500-M6-059-00013 0.9812925457954407 382.13 6396.13 884.24 6395.24 884.35 6453.37 382.23 6454.26
26071-500-M6-059-00017 0.9971537590026855 7621.13 1787.99 8137.98 1786.42 8138.17 1846.81 7621.31 1848.39
26071-500-M6-059-00017 0.9966542720794678 370.04 1269.55 879.34 1267.28 879.62 1328.82 370.31 1331.09
26071-500-M6-059-00017 0.9956247210502625 7621.77 4267.42 8136.04 4265.76 8136.23 4327.25 7621.97 4328.91
26071-500-M6-059-00017 0.9954149723052979 7614.33 6112.12 8146.15 6110.40 8146.35 6172.93 7614.54 6174.65
26071-500-M6-059-00017 0.9949794411659241 7622.04 1268.02 8144.64 1267.03 8144.76 1329.06 7622.16 1330.05
26071-500-M6-059-00017 0.994743824005127 7617.19 6348.70 8143.16 6346.49 8143.42 6408.20 7617.45 6410.41
26071-500-M6-059-00017 0.9940782785415649 7614.37 1482.02 8144.60 1480.18 8144.81 1541.24 7614.58 1543.08
26071-500-M6-059-00017 0.9923056960105896 7617.84 1056.19 8145.71 1055.82 8145.75 1116.92 7617.88 1117.29
26071-500-M6-059-00017 0.9920991659164429 7614.31 630.66 8149.05 629.68 8149.16 692.23 7614.43 693.21
26071-500-M6-059-00017 0.9916619062423706 7609.39 844.38 8138.35 843.40 8138.46 903.17 7609.50 904.15
26071-500-M6-059-00017 0.9904937148094177 363.84 843.93 894.15 842.60 894.31 903.55 364.00 904.88
26071-500-M6-059-00017 0.25643089413642883 7608.70 6584.21 8139.91 6585.66 8139.75 6644.07 7608.54 6642.62
26071-500-M6-059-00040 0.9988691210746765 354.25 3327.90 905.13 3325.95 905.33 3383.71 354.45 3385.65
26071-500-M6-059-00044 0.9975651502609253 355.73 3620.96 889.84 3621.90 889.73 3681.13 355.62 3680.19
26071-500-M6-059-00044 0.9973959922790527 7614.14 3620.42 8136.90 3618.85 8137.08 3680.10 7614.33 3681.67
26071-500-M6-059-00071 0.9994093179702759 7616.33 4505.31 8135.11 4505.18 8135.13 4567.36 7616.35 4567.48
26071-500-M6-059-00071 0.996920108795166 7617.36 4860.14 8131.94 4858.73 8132.10 4917.90 7617.52 4919.30
26071-500-M6-059-00071 0.9915669560432434 7614.13 2145.92 8141.78 2142.18 8142.21 2201.75 7614.56 2205.48
26071-500-M6-059-00071 0.9902101755142212 7623.64 1199.57 8129.81 1196.64 8130.16 1257.50 7624.00 1260.43
26071-500-M6-059-00071 0.9901050925254822 7604.72 2970.44 8157.55 2968.18 8157.79 3028.66 7604.97 3030.93
26071-500-M6-059-00071 0.9894832968711853 7611.96 3962.16 8151.70 3960.89 8151.84 4022.46 7612.10 4023.73
26071-500-M6-059-00071 0.9819155931472778 7611.92 3561.66 8144.15 3558.59 8144.50 3618.76 7612.27 3621.83
26071-500-M6-059-00116 0.9993985891342163 7611.83 4148.81 8148.95 4149.79 8148.84 4212.68 7611.72 4211.70
26071-500-M6-059-00116 0.9993977546691895 356.73 6042.91 898.41 6042.56 898.44 6102.05 356.77 6102.40
26071-500-M6-059-00116 0.9992850422859192 358.41 4150.52 897.87 4149.82 897.95 4210.09 358.49 4210.78
26071-500-M6-059-00116 0.9990160465240479 7610.39 3261.90 8144.00 3261.13 8144.09 3322.06 7610.48 3322.83
26071-500-M6-059-00116 0.9988561868667603 353.97 5567.34 899.45 5568.81 899.28 5629.21 353.80 5627.73
26071-500-M6-059-00116 0.9979756474494934 7623.05 1199.53 8136.64 1196.59 8136.99 1257.72 7623.40 1260.67
26071-500-M6-059-00116 0.9544793963432312 392.43 1082.12 896.54 1077.82 897.04 1136.44 392.93 1140.74
26071-500-M6-059-00248 0.9931974411010742 360.16 1552.32 883.16 1552.38 883.16 1611.42 360.15 1611.36
26071-550-M6-084-00026 0.99769127368927 355.95 1434.84 902.10 1435.10 902.07 1495.46 355.92 1495.20
26071-550-M6-084-00248 0.9927502870559692 362.61 6158.23 885.89 6158.54 885.85 6219.16 362.58 6218.86
26071-600-M6-065-00021 0.9965466856956482 7612.19 5213.47 8137.51 5213.63 8137.49 5272.70 7612.17 5272.54
26071-600-M6-065-00021 0.9962835907936096 7613.69 4776.87 8136.30 4776.78 8136.31 4836.32 7613.70 4836.41
26071-600-M6-065-00021 0.9961147308349609 7613.32 5450.56 8136.22 5449.91 8136.30 5510.85 7613.40 5511.49
26071-600-M6-065-00021 0.9961094260215759 366.16 1199.80 892.67 1197.41 892.95 1259.09 366.44 1261.48
26071-600-M6-065-00021 0.9956062436103821 7611.44 2084.28 8137.78 2083.17 8137.91 2144.72 7611.57 2145.83
26071-600-M6-065-00021 0.9953100085258484 364.74 1493.13 887.76 1492.59 887.82 1551.94 364.80 1552.48
26071-600-M6-065-00021 0.9924691319465637 7612.73 4150.62 8142.42 4149.02 8142.61 4210.65 7612.92 4212.26
26071-600-M6-065-00021 0.9920956492424011 7613.21 5805.28 8139.53 5804.29 8139.65 5864.80 7613.32 5865.79
26071-600-M6-065-00021 0.9919140338897705 7619.23 1018.81 8145.02 1020.01 8144.89 1079.81 7619.09 1078.61
26071-600-M6-065-00021 0.9915192723274231 7614.65 786.86 8141.24 786.38 8141.29 846.72 7614.70 847.20
26071-600-M6-065-00021 0.9913529753684998 363.09 3560.58 889.45 3560.50 889.45 3620.30 363.10 3620.38
26071-600-M6-065-00021 0.9912025928497314 364.24 3087.85 887.95 3086.95 888.06 3147.11 364.34 3148.00
26071-600-M6-065-00021 0.9906987547874451 364.05 3324.60 888.84 3323.83 888.93 3384.12 364.14 3384.89
26071-600-M6-065-00021 0.9875275492668152 7610.62 3206.30 8141.44 3206.24 8141.44 3264.67 7610.62 3264.73
26071-600-M6-065-00021 0.9870016574859619 7615.75 4386.90 8142.52 4387.34 8142.47 4448.10 7615.70 4447.67
26071-600-M6-065-00021 0.9798911213874817 375.20 5331.30 886.69 5331.60 886.65 5391.58 375.17 5391.28
26071-600-M6-065-00037 0.9947239756584167 362.77 750.26 888.87 748.06 889.13 809.51 363.02 811.71
26071-600-M6-065-00037 0.9946125745773315 362.04 1021.56 886.02 1019.78 886.22 1079.79 362.24 1081.58
26071-600-M6-065-00037 0.9940392971038818 7599.80 6630.25 8132.11 6629.74 8132.17 6692.58 7599.86 6693.09
26071-600-M6-065-00037 0.9933691620826721 364.92 490.10 889.95 489.92 889.97 550.50 364.94 550.67
26071-600-M6-065-00037 0.9926578402519226 361.47 2438.28 888.16 2438.20 888.17 2498.38 361.47 2498.45
26071-600-M6-065-00037 0.9914275407791138 361.82 2674.90 895.39 2673.06 895.61 2736.97 362.04 2738.81
26071-600-M6-065-00037 0.9912281036376953 7613.99 5745.96 8146.27 5743.52 8146.55 5805.12 7614.27 5807.56
26071-600-M6-065-00037 0.9904844760894775 7612.12 1375.32 8140.73 1374.21 8140.86 1436.80 7612.26 1437.90
26071-600-M6-065-00037 0.9892826080322266 345.66 5743.87 915.82 5744.66 915.73 5808.45 345.57 5807.67
26071-600-M6-065-00037 0.9884450435638428 364.56 1670.13 887.33 1671.85 887.14 1730.06 364.37 1728.34
26071-600-M6-065-00037 0.9861235618591309 361.12 1375.43 887.47 1376.98 887.30 1434.79 360.95 1433.24
26071-600-M6-065-00231 0.9973917007446289 7613.71 6157.76 8134.75 6158.13 8134.71 6217.25 7613.66 6216.88
26071-600-M6-065-00231 0.9967758059501648 7611.42 5294.99 8149.31 5295.19 8149.29 5357.67 7611.40 5357.47
26071-600-M6-065-00231 0.9926698207855225 366.32 4149.16 889.56 4148.44 889.64 4210.04 366.41 4210.76
26071-600-M6-065-00231 0.9903210997581482 7611.47 4539.17 8145.87 4540.92 8145.66 4603.61 7611.27 4601.86
26071-600-M6-065-00231 0.9877707958221436 365.98 3866.63 886.12 3868.30 885.93 3927.72 365.79 3926.04
26071-600-M6-065-00259 0.9820177555084229 7612.79 3204.84 8143.72 3205.39 8143.66 3265.08 7612.73 3264.53
26071-600-M6-066-00002 0.9964693784713745 7615.40 5212.54 8138.00 5211.69 8138.10 5273.39 7615.50 5274.24
26071-600-M6-066-00002 0.9959904551506042 7610.71 3913.83 8141.50 3914.49 8141.43 3976.03 7610.63 3975.37
26071-600-M6-066-00002 0.995262622833252 361.26 3914.93 890.08 3915.01 890.07 3975.04 361.25 3974.96
26071-600-M6-066-00002 0.9934218525886536 7612.68 4858.99 8147.83 4861.17 8147.59 4920.74 7612.44 4918.56
26071-600-M6-066-00002 0.9857701063156128 7603.07 3265.17 8158.43 3264.09 8158.55 3324.53 7603.18 3325.61
26071-600-M6-066-00002 0.9585461020469666 373.55 2850.40 892.42 2852.98 892.12 2911.99 373.25 2909.40
26071-600-M6-066-00002 0.8586450219154358 7613.35 1674.87 8139.70 1671.90 8140.04 1732.25 7613.69 1735.22
26071-600-M6-066-00003 0.996625542640686 363.14 4860.37 887.33 4860.45 887.32 4920.02 363.13 4919.93
26071-600-M6-066-00003 0.9961230158805847 7613.03 2142.34 8138.07 2142.78 8138.02 2203.40 7612.98 2202.96
26071-600-M6-066-00003 0.9934431314468384 364.25 6039.18 888.37 6039.30 888.36 6100.79 364.24 6100.67
26071-600-M6-066-00003 0.9930074214935303 346.27 3913.40 916.41 3913.39 916.41 3976.84 346.27 3976.86
26071-600-M6-066-00003 0.992660403251648 7612.24 2556.95 8143.31 2557.05 8143.30 2619.06 7612.23 2618.95
26071-600-M6-066-00003 0.9908247590065002 7610.18 6394.70 8162.48 6392.51 8162.72 6454.05 7610.43 6456.24
26071-600-M6-066-00003 0.9898382425308228 7615.09 5957.92 8153.26 5957.25 8153.34 6018.49 7615.17 6019.17
26071-600-M6-066-00003 0.9888564944267273 7618.20 1197.35 8143.69 1198.69 8143.54 1258.85 7618.05 1257.51
26071-600-M6-066-00003 0.9842197299003601 378.46 5639.21 875.06 5639.55 875.02 5697.68 378.42 5697.33
26071-600-M6-066-00012 0.9982950091362 7611.54 2969.53 8134.84 2969.75 8134.81 3030.74 7611.51 3030.52
26071-600-M6-066-00012 0.99802565574646 7615.93 2379.72 8133.89 2378.45 8134.04 2438.68 7616.08 2439.96
26071-600-M6-066-00012 0.9962990880012512 362.63 3915.33 888.90 3913.46 889.12 3975.09 362.85 3976.96
26071-600-M6-066-00012 0.996087908744812 7617.36 5213.90 8134.66 5214.36 8134.61 5272.80 7617.30 5272.34
26071-600-M6-066-00012 0.9951536655426025 366.22 4622.66 890.34 4621.87 890.43 4683.28 366.31 4684.07
26071-600-M6-066-00012 0.9948394894599915 366.71 3441.79 890.69 3441.16 890.76 3502.63 366.78 3503.26
26071-600-M6-066-00012 0.9947273135185242 366.29 4386.53 890.81 4385.68 890.91 4447.20 366.39 4448.05
26071-600-M6-066-00012 0.9947056174278259 362.62 4149.87 895.74 4152.41 895.46 4211.43 362.34 4208.89
26071-600-M6-066-00012 0.9940391778945923 357.23 5212.60 893.51 5214.32 893.32 5275.27 357.03 5273.55
26071-600-M6-066-00012 0.9936957955360413 343.33 4859.01 916.74 4859.66 916.67 4921.75 343.26 4921.10
26071-600-M6-066-00012 0.9932202100753784 368.10 5566.54 888.87 5567.58 888.75 5627.31 367.98 5626.27
26071-600-M6-066-00012 0.9930324554443359 7618.59 5568.01 8157.70 5566.26 8157.90 5627.40 7618.79 5629.15
26071-600-M6-066-00012 0.989756166934967 367.15 1080.70 890.05 1080.14 890.12 1141.46 367.22 1142.02
26071-600-M6-066-00012 0.9864823818206787 359.20 1433.50 893.52 1435.43 893.30 1495.84 358.98 1493.90
26071-600-M6-066-00012 0.7337343692779541 7621.24 3209.31 8136.44 3205.39 8136.89 3264.39 7621.69 3268.31
26071-675-M6-068-00034 0.9969205856323242 7692.61 2214.93 8210.04 2217.48 8209.73 2279.34 7692.31 2276.80
26071-675-M6-068-00034 0.9967197775840759 333.44 6054.25 853.13 6055.31 853.00 6116.11 333.32 6115.05
26071-675-M6-068-00034 0.99527907371521 315.99 4285.08 845.55 4286.05 845.43 4347.14 315.88 4346.17
26071-675-M6-068-00034 0.9931333661079407 330.21 6384.92 851.52 6386.13 851.38 6444.71 330.07 6443.50
26071-675-M6-068-00034 0.9918918609619141 7685.88 1524.50 8213.05 1525.27 8212.96 1586.67 7685.79 1585.90
26071-675-M6-068-00034 0.9914098381996155 7684.53 1824.75 8213.33 1825.63 8213.23 1886.95 7684.43 1886.06
26071-675-M6-068-00034 0.990816593170166 7685.88 1197.18 8213.03 1196.77 8213.08 1258.19 7685.93 1258.61
26071-675-M6-068-00034 0.9897652864456177 321.19 3504.89 847.82 3506.03 847.69 3565.09 321.06 3563.94
26071-675-M6-068-00034 0.9882959723472595 7686.47 3445.01 8214.78 3445.02 8214.78 3507.32 7686.47 3507.31
26071-675-M6-068-00034 0.9733073711395264 7707.71 775.80 8193.40 775.10 8193.49 834.54 7707.79 835.23
26071-675-M6-068-00034 0.457124799489975 312.71 1732.50 848.93 1731.41 849.04 1787.07 312.82 1788.16
26071-675-M6-068-00034 0.15500186383724213 2881.69 4144.13 2938.08 4144.66 2934.08 4566.00 2877.69 4565.47
26071-675-M6-068-00034 0.11497068405151367 3626.82 4250.07 3694.58 4250.37 3692.15 4796.23 3624.39 4795.93
26071-675-M6-068-00034 0.09372900426387787 3635.16 3547.14 3694.62 3547.82 3689.10 4027.48 3629.64 4026.80
26071-675-M6-068-00041 0.9956940412521362 273.94 1046.35 795.90 1043.98 796.18 1106.06 274.22 1108.43
26071-675-M6-068-00041 0.9868254065513611 273.15 5872.74 809.62 5873.46 809.54 5934.79 273.07 5934.07
26071-675-M6-068-10002 0.5046561360359192 358.63 714.79 416.71 714.24 421.83 1252.74 363.75 1253.30
26071-675-M6-068-10002 0.19777390360832214 363.97 6104.74 419.44 6104.81 418.84 6617.95 363.37 6617.88
26071-700-M6-054-00013 0.9958732724189758 363.32 4623.77 891.31 4624.93 891.18 4684.76 363.19 4683.60
26071-700-M6-054-00013 0.9947490096092224 362.54 2733.30 891.24 2733.93 891.17 2794.39 362.47 2793.76
26071-700-M6-054-00013 0.9942876696586609 362.55 842.93 890.95 843.72 890.86 904.46 362.46 903.67
26071-700-M6-054-00013 0.9931326508522034 357.03 5328.75 895.54 5331.90 895.19 5392.80 356.67 5389.65
26071-700-M6-054-00013 0.9911810159683228 7624.57 5923.30 8124.32 5922.39 8124.43 5982.03 7624.68 5982.93
26071-700-M6-054-00013 0.9897191524505615 366.81 1552.60 893.80 1552.13 893.86 1613.46 366.86 1613.93
26071-700-M6-054-00013 0.9844428896903992 376.92 3441.60 879.56 3442.09 879.50 3501.09 376.86 3500.60
26071-700-M6-054-00036 0.9967588782310486 7620.48 2851.41 8141.39 2851.50 8141.38 2911.21 7620.47 2911.13
26071-700-M6-054-00036 0.9948443174362183 367.82 3088.00 883.40 3086.31 883.60 3146.25 368.01 3147.95
26071-700-M6-054-00036 0.9935385584831238 360.14 4032.84 889.18 4032.64 889.20 4092.70 360.16 4092.90
26071-700-M6-054-00036 0.9925957322120667 7619.65 6393.76 8144.11 6395.48 8143.91 6454.59 7619.46 6452.87
26071-700-M6-054-00246 0.9876696467399597 361.04 3560.78 889.45 3560.15 889.52 3620.69 361.11 3621.31
26071-750-M6-085-00007 0.9992915391921997 7618.51 6276.82 8137.61 6275.44 8137.77 6336.92 7618.68 6338.29
26071-750-M6-085-00007 0.9969592094421387 362.25 1492.12 887.40 1492.60 887.34 1554.93 362.19 1554.45
26071-750-M6-085-00007 0.9963967204093933 7616.87 1316.37 8137.06 1316.79 8137.01 1375.62 7616.82 1375.20
26071-750-M6-085-00007 0.9959689378738403 364.46 1080.34 890.56 1080.93 890.49 1141.04 364.39 1140.46
26071-750-M6-085-00007 0.9940381050109863 7616.13 5803.56 8144.72 5805.03 8144.55 5864.77 7615.97 5863.30
26071-750-M6-085-00007 0.9932413101196289 362.86 2025.34 890.18 2025.19 890.19 2085.58 362.87 2085.72
26071-750-M6-085-00007 0.9929972290992737 7614.90 5329.90 8144.72 5330.48 8144.65 5390.88 7614.83 5390.30
26071-750-M6-085-00012 0.9988633394241333 362.32 6393.39 893.14 6393.15 893.17 6454.61 362.35 6454.85
26071-750-M6-085-00012 0.9964962601661682 362.72 3680.37 880.32 3679.25 880.45 3739.13 362.85 3740.24
26071-750-M6-085-00012 0.9964867830276489 359.44 782.72 892.16 783.82 892.03 845.93 359.31 844.83
26071-750-M6-085-00012 0.9943639039993286 363.55 1319.67 885.91 1318.41 886.05 1377.41 363.69 1378.66
26071-750-M6-085-00012 0.9939690828323364 363.86 961.65 888.62 960.70 888.73 1022.62 363.97 1023.58
26071-750-M6-085-00012 0.9927399754524231 345.14 1492.44 914.51 1493.33 914.42 1556.21 345.04 1555.32
26071-750-M6-085-00012 0.9816369414329529 361.41 1140.03 898.92 1138.25 899.12 1197.94 361.61 1199.72
26071-750-M6-085-00012 0.5615066289901733 7616.50 6633.61 8134.80 6633.25 8134.84 6700.34 7616.54 6700.70
26071-750-M6-085-00286 0.9875875115394592 369.59 1316.33 893.23 1316.35 893.23 1375.78 369.59 1375.75
26071-750-M6-085-00286 0.9641185998916626 7622.00 5684.01 8151.33 5684.42 8151.28 5747.46 7621.95 5747.06
26071-750-M6-085-00286 0.9637714624404907 362.57 4031.84 884.94 4034.04 884.68 4094.00 362.31 4091.79
26071-750-M6-085-00309 0.9962441921234131 365.53 2498.53 886.23 2495.66 886.57 2557.02 365.87 2559.89
26071-750-M6-085-00309 0.9948762059211731 362.68 3088.51 888.77 3086.76 888.98 3147.48 362.88 3149.23
26071-750-M6-085-00309 0.9927393794059753 362.05 3676.84 894.47 3678.34 894.30 3739.04 361.87 3737.55
26071-750-M6-085-00309 0.9908249974250793 361.99 4384.11 891.84 4387.02 891.51 4447.87 361.66 4444.96
