26071-200-M6-052-00001 0.27229079604148865 5877.42 2429.06 5934.95 2428.24 5936.05 2505.46 5878.52 2506.27
26071-200-M6-052-00002 0.10114550590515137 6226.35 1839.93 6289.20 1839.25 6290.06 1919.41 6227.21 1920.09
26071-200-M6-052-00003 0.11871573328971863 4570.19 4525.40 4649.76 4525.75 4649.23 4645.51 4569.66 4645.16
26071-200-M6-052-00150 0.09169847518205643 5512.29 5861.48 5586.87 5861.80 5586.48 5951.43 5511.90 5951.10
26071-200-M6-052-00150 0.09123700857162476 2503.68 3080.79 2583.88 3080.93 2583.77 3146.12 2503.56 3145.98
26071-200-M6-052-00150 0.05759909376502037 4215.03 5865.21 4286.87 5865.94 4286.01 5950.78 4214.17 5950.05
26071-200-M6-052-00544 0.20757396519184113 4027.68 3966.29 4106.73 3966.92 4105.70 4095.93 4026.65 4095.30
26071-203-M6-060-00006 0.9925238490104675 3220.56 3011.56 3294.28 3011.66 3294.15 3108.65 3220.43 3108.55
26071-203-M6-160-00291 0.9996343851089478 2161.39 5433.93 2253.90 5433.57 2254.16 5502.23 2161.66 5502.58
26071-203-M6-160-00291 0.9994433522224426 4653.85 5432.67 4748.69 5433.28 4748.25 5502.74 4653.40 5502.13
26071-203-M6-160-00291 0.10684485733509064 4786.25 5361.69 4873.26 5360.83 4874.13 5448.22 4787.12 5449.08
26071-203-M6-320-00008 0.9991311430931091 4214.45 4142.83 4303.10 4142.00 4303.77 4212.19 4215.12 4213.02
26071-203-M6-320-00008 0.9990874528884888 1842.23 4233.35 1934.98 4231.94 1936.06 4303.25 1843.32 4304.65
26071-203-M6-332-00008 0.9989097118377686 6312.71 3660.52 6406.50 3660.91 6406.20 3732.59 6312.41 3732.20
26071-203-M6-332-00008 0.9987847208976746 3889.68 3660.59 3975.19 3660.10 3975.60 3732.51 3890.10 3733.01
26071-203-M6-332-00008 0.9981051683425903 1452.18 3659.64 1547.12 3659.65 1547.11 3732.86 1452.16 3732.85
26071-300-M6-053-00012 0.9985840320587158 4511.53 5728.26 4606.34 5727.98 4606.55 5799.59 4511.73 5799.86
26071-300-M6-053-00012 0.9983863830566406 6388.70 5729.18 6486.14 5728.96 6486.29 5797.61 6388.86 5797.83
26071-300-M6-053-00012 0.1536640226840973 5387.14 5318.51 5458.53 5318.74 5458.25 5408.06 5386.86 5407.83
26071-300-M6-053-00012 0.06595662981271744 4662.85 3935.29 4819.31 3937.12 4818.61 3997.30 4662.15 3995.48
26071-500-M6-059-00013 0.9983183145523071 2926.63 3639.53 3000.30 3638.68 3001.35 3729.47 2927.68 3730.32
26071-500-M6-059-00017 0.9988779425621033 2030.54 3296.73 2103.37 3297.06 2102.94 3391.06 2030.12 3390.73
26071-500-M6-059-00017 0.9986086487770081 4037.80 3297.46 4112.85 3297.64 4112.63 3390.27 4037.58 3390.09
26071-500-M6-059-00017 0.9985069632530212 6046.55 3296.72 6118.22 3296.74 6118.19 3391.55 6046.52 3391.52
26071-500-M6-059-00044 0.5092266798019409 1067.33 3600.34 1180.55 3602.19 1179.04 3694.82 1065.81 3692.98
26071-500-M6-059-00044 0.07867561280727386 4212.29 4968.65 4279.01 4968.43 4279.34 5066.71 4212.61 5066.93
26071-500-M6-059-00044 0.06730104982852936 2652.27 4969.08 2729.56 4968.61 2730.17 5066.69 2652.88 5067.17
26071-550-M6-084-00026 0.08524665981531143 7551.63 3465.49 7606.14 3465.67 7605.90 3536.72 7551.40 3536.54
26071-550-M6-084-00026 0.05153954029083252 7325.64 3323.84 7450.64 3324.05 7450.55 3380.29 7325.55 3380.07
26071-600-M6-065-00021 0.9991922974586487 3968.40 5432.15 4065.33 5432.69 4064.94 5503.23 3968.01 5502.69
26071-600-M6-065-00021 0.9984644651412964 5706.97 5432.89 5802.06 5433.18 5801.84 5503.48 5706.76 5503.19
26071-600-M6-065-00037 0.057623542845249176 7460.59 4976.55 7612.62 4977.39 7612.29 5038.56 7460.25 5037.72
26071-600-M6-065-00037 0.05223440006375313 4163.11 6159.56 4304.88 6160.22 4304.62 6217.21 4162.85 6216.54
26071-600-M6-066-00012 0.08567799627780914 6279.88 4667.57 6342.40 4667.25 6342.86 4760.40 6280.35 4760.71
26071-675-M6-068-00034 0.06942752748727798 3337.80 5379.98 3390.33 5380.18 3389.99 5470.45 3337.46 5470.25
26071-750-M6-085-00012 0.1823798269033432 2465.18 3685.96 2595.88 3685.84 2595.94 3749.66 2465.25 3749.79
