26071-200-M6-052-00001 0.1189100444316864 5866.63 2463.96 5940.24 2464.69 5939.29 2560.45 5865.68 2559.73
26071-200-M6-052-00002 0.15837259590625763 6178.70 1899.03 6299.00 1898.93 6299.06 1972.89 6178.76 1972.99
26071-200-M6-052-00003 0.08559934794902802 4560.85 4533.33 4654.66 4533.81 4654.32 4601.92 4560.51 4601.44
26071-300-M6-053-00012 0.08739824593067169 4606.55 3377.77 4698.13 3377.99 4698.02 3424.75 4606.44 3424.53
26071-450-M6-082-00009 0.08316203951835632 2808.10 2606.60 2905.45 2603.69 2907.89 2685.30 2810.53 2688.21
26071-450-M6-082-00031 0.9489461183547974 5027.38 6083.10 5124.61 6082.80 5124.90 6176.15 5027.67 6176.45
26071-500-M6-059-00040 0.06250765174627304 5621.38 3648.08 5719.15 3647.21 5719.56 3693.33 5621.79 3694.21
26071-500-M6-059-00044 0.9351996183395386 1067.93 3604.16 1167.42 3604.07 1167.50 3691.56 1068.01 3691.65
26071-500-M6-059-00044 0.07097596675157547 1264.17 3604.79 1355.01 3605.21 1354.59 3697.14 1263.76 3696.72
26071-675-M6-068-10002 0.10567174106836319 5675.32 1998.49 5798.01 1998.61 5797.94 2073.28 5675.25 2073.16
