26071-200-M6-052-00001 0.9995662569999695 3676.63 5449.92 3804.19 5449.96 3804.18 5481.17 3676.62 5481.13
26071-200-M6-052-00001 0.9995409250259399 3677.45 4002.00 3803.24 4002.56 3803.11 4033.21 3677.31 4032.65
26071-200-M6-052-00001 0.9995352029800415 3167.20 3316.46 3295.27 3317.44 3295.03 3348.63 3166.96 3347.64
26071-200-M6-052-00001 0.9993359446525574 3085.80 3596.32 3211.64 3597.32 3211.39 3627.98 3085.56 3626.97
26071-200-M6-052-00002 0.9996765851974487 1263.22 5964.92 1294.13 5965.07 1293.50 6093.52 1262.58 6093.36
26071-200-M6-052-00002 0.9995778203010559 2908.40 5966.31 2940.11 5966.43 2939.63 6094.31 2907.91 6094.18
26071-200-M6-052-00002 0.999362051486969 4265.97 3588.68 4394.23 3589.37 4394.06 3620.80 4265.80 3620.11
26071-200-M6-052-00002 0.9993478655815125 3639.15 3057.07 3768.12 3057.19 3768.09 3088.50 3639.12 3088.38
26071-200-M6-052-00002 0.9993022680282593 4349.20 5036.36 4476.08 5037.35 4475.83 5069.15 4348.96 5068.16
26071-200-M6-052-00002 0.9985246062278748 3558.03 3336.07 3685.71 3335.98 3685.73 3367.67 3558.05 3367.76
26071-200-M6-052-00003 0.9995174407958984 4194.72 5099.58 4322.97 5099.47 4322.99 5130.72 4194.75 5130.83
26071-200-M6-052-00003 0.996171772480011 3203.42 3828.91 3333.95 3829.26 3333.87 3859.53 3203.34 3859.17
26071-200-M6-052-00080 0.9997784495353699 6296.35 4092.50 6425.67 4092.62 6425.64 4123.63 6296.32 4123.52
26071-200-M6-052-00080 0.9997759461402893 2870.46 4092.23 2999.86 4092.46 2999.81 4123.57 2870.40 4123.35
26071-200-M6-052-00080 0.9997619986534119 6601.07 3706.67 6733.36 3707.21 6733.23 3738.76 6600.94 3738.21
26071-200-M6-052-00080 0.9995858073234558 6629.12 4093.05 6755.61 4092.74 6755.68 4122.55 6629.19 4122.87
26071-200-M6-052-00080 0.9994751811027527 3203.87 4093.13 3329.84 4092.81 3329.91 4122.64 3203.95 4122.96
26071-200-M6-052-00080 0.999221920967102 6830.20 3707.08 6956.96 3707.23 6956.92 3738.41 6830.17 3738.26
26071-200-M6-052-00080 0.99915611743927 2732.74 4092.82 2857.82 4092.38 2857.93 4122.80 2732.85 4123.25
26071-200-M6-052-00080 0.9991270899772644 6156.11 4092.35 6283.03 4093.07 6282.86 4124.09 6155.93 4123.37
26071-200-M6-052-00080 0.9991040825843811 3405.08 3707.14 3532.12 3707.37 3532.07 3738.63 3405.02 3738.40
26071-200-M6-052-00080 0.9985535740852356 3179.76 3706.99 3306.19 3708.07 3305.93 3738.05 3179.51 3736.98
26071-200-M6-052-00090 0.9996936321258545 5527.94 3678.86 5657.92 3678.73 5657.95 3710.49 5527.97 3710.61
26071-200-M6-052-00090 0.9996910095214844 2515.53 3678.84 2646.20 3678.74 2646.22 3710.40 2515.55 3710.50
26071-200-M6-052-00090 0.9995326995849609 2730.88 3678.73 2858.84 3678.77 2858.83 3710.45 2730.87 3710.41
26071-200-M6-052-00090 0.9994807839393616 5742.69 3678.94 5869.61 3679.32 5869.51 3710.72 5742.59 3710.33
26071-200-M6-052-00090 0.9993622899055481 2850.00 3293.32 2976.41 3293.40 2976.39 3325.28 2849.98 3325.20
26071-200-M6-052-00090 0.9993119239807129 5909.75 3293.49 6035.99 3293.69 6035.94 3325.33 5909.70 3325.13
26071-200-M6-052-00090 0.9991785883903503 3085.79 3678.80 3211.92 3678.69 3211.95 3710.50 3085.82 3710.61
26071-200-M6-052-00090 0.9990512728691101 6097.83 3678.82 6224.13 3678.71 6224.15 3710.56 6097.86 3710.67
26071-200-M6-052-00090 0.9989001750946045 5387.65 3679.09 5514.95 3679.64 5514.81 3710.94 5387.52 3710.39
26071-200-M6-052-00090 0.9987969398498535 2378.70 3678.73 2502.35 3679.12 2502.25 3710.18 2378.60 3709.79
26071-200-M6-052-00090 0.08025358617305756 6712.75 1731.77 6836.48 1732.18 6836.37 1764.34 6712.64 1763.93
26071-200-M6-052-00093 0.9996281862258911 4456.12 1415.94 4583.37 1416.69 4583.19 1446.95 4455.94 1446.19
26071-200-M6-052-00093 0.9463375806808472 5411.43 3271.69 5538.53 3271.81 5538.50 3302.92 5411.40 3302.79
26071-200-M6-052-00093 0.33777916431427 4456.08 3777.93 4582.76 3777.55 4582.85 3808.20 4456.17 3808.58
26071-200-M6-052-00150 0.9996100068092346 5172.25 5575.40 5306.60 5575.95 5306.47 5607.44 5172.12 5606.88
26071-200-M6-052-00150 0.9993714690208435 4109.97 5575.57 4240.60 5575.87 4240.53 5607.60 4109.90 5607.30
26071-200-M6-052-00150 0.9992771744728088 5411.10 5575.67 5540.15 5575.90 5540.09 5607.70 5411.05 5607.47
26071-200-M6-052-00150 0.9992573857307434 6473.35 5575.40 6602.31 5575.80 6602.21 5607.66 6473.25 5607.26
26071-200-M6-052-00150 0.9231472015380859 2699.61 1241.83 2730.31 1242.00 2729.56 1374.96 2698.86 1374.79
26071-200-M6-052-00539 0.9997722506523132 1946.70 3839.29 1978.13 3839.36 1977.85 3970.07 1946.42 3970.01
26071-200-M6-052-00539 0.9995437264442444 2140.38 4600.29 2269.86 4600.29 2269.86 4631.34 2140.38 4631.34
26071-200-M6-052-00539 0.9995315074920654 2140.41 3151.88 2269.51 3152.59 2269.34 3183.30 2140.24 3182.59
26071-200-M6-052-00539 0.9991946816444397 3770.65 5604.76 3898.15 5604.81 3898.14 5634.98 3770.64 5634.93
26071-200-M6-052-00544 0.9997320771217346 3350.31 2185.52 3380.93 2185.70 3380.19 2313.84 3349.57 2313.67
26071-200-M6-052-00544 0.9997155070304871 6722.67 4394.70 6753.97 4394.80 6753.59 4522.63 6722.28 4522.54
26071-200-M6-052-00544 0.9997139573097229 758.51 3957.15 789.55 3957.43 788.37 4085.86 757.33 4085.58
26071-200-M6-052-00544 0.9993796348571777 5294.47 4119.93 5421.28 4120.18 5421.22 4151.65 5294.40 4151.40
26071-200-M6-062-00276 0.9995957016944885 6438.42 4312.40 6469.86 4312.29 6470.31 4440.51 6438.86 4440.62
26071-200-M6-062-00276 0.999459445476532 993.31 3486.87 1025.43 3486.93 1025.21 3611.32 993.09 3611.26
26071-200-M6-062-00276 0.9992285966873169 3559.25 2056.35 3684.35 2056.11 3684.41 2087.85 3559.32 2088.09
26071-200-M6-062-00276 0.9975312352180481 5269.04 4037.77 5398.65 4037.71 5398.66 4069.75 5269.05 4069.81
26071-200-M6-063-00010 0.9998149275779724 6854.08 1830.87 6885.68 1830.96 6885.30 1958.17 6853.70 1958.07
26071-200-M6-063-00010 0.9993336796760559 4147.68 3364.28 4276.42 3364.38 4276.40 3395.28 4147.66 3395.18
26071-200-M6-063-00010 0.9992485642433167 4146.98 4741.33 4277.92 4741.42 4277.90 4773.20 4146.96 4773.11
26071-203-M6-060-00001 0.9996600151062012 1616.43 5494.39 1647.76 5494.45 1647.51 5620.01 1616.18 5619.95
26071-203-M6-060-00001 0.9996019005775452 1616.41 4549.49 1647.83 4549.59 1647.42 4675.42 1616.00 4675.31
26071-203-M6-060-00001 0.9993855953216553 1706.07 3367.70 1737.83 3367.77 1737.57 3495.75 1705.81 3495.68
26071-203-M6-060-00001 0.9993834495544434 1706.05 2422.87 1737.81 2422.92 1737.61 2549.97 1705.84 2549.92
26071-203-M6-060-00006 0.9996674060821533 2127.53 1831.32 2159.17 1831.36 2159.00 1959.68 2127.35 1959.64
26071-203-M6-079-00001 0.9995386600494385 2567.17 4902.70 2598.77 4902.11 2601.22 5034.36 2569.62 5034.95
26071-203-M6-079-00001 0.999419093132019 2478.14 5848.21 2509.66 5848.20 2509.70 5975.20 2478.17 5975.21
26071-203-M6-079-00001 0.9993695616722107 2478.37 1948.19 2510.35 1948.34 2509.75 2080.49 2477.77 2080.34
26071-203-M6-160-00291 0.9996739625930786 6000.48 4619.75 6130.65 4619.63 6130.67 4651.12 6000.51 4651.24
26071-203-M6-160-00291 0.999637246131897 4501.10 4617.17 4630.30 4617.28 4630.27 4648.51 4501.07 4648.40
26071-203-M6-160-00291 0.999487042427063 3508.62 4619.71 3639.03 4620.29 3638.89 4651.73 3508.48 4651.15
26071-203-M6-160-00291 0.9994613528251648 4721.28 2186.74 4752.47 2186.83 4752.09 2315.26 4720.89 2315.17
26071-203-M6-160-00291 0.999432384967804 4721.92 3013.19 4752.99 3013.35 4752.32 3142.33 4721.25 3142.16
26071-203-M6-160-00291 0.9992813467979431 2010.38 4617.42 2137.74 4617.76 2137.66 4648.86 2010.29 4648.53
26071-203-M6-160-00291 0.9992412328720093 6463.10 3013.04 6496.26 3012.24 6499.41 3141.77 6466.25 3142.58
26071-203-M6-160-00291 0.999154806137085 2966.69 3517.28 3095.17 3517.64 3095.08 3548.51 2966.60 3548.14
26071-203-M6-160-00291 0.9989771842956543 6464.73 2780.24 6498.13 2780.23 6498.16 2901.48 6464.75 2901.48
26071-203-M6-160-00291 0.9986943602561951 2965.27 3868.26 3096.07 3868.53 3096.01 3899.13 2965.21 3898.87
26071-203-M6-320-00008 0.9997114539146423 5825.54 3970.36 5857.02 3970.34 5857.08 4098.81 5825.60 4098.82
26071-203-M6-320-00008 0.999650239944458 3920.87 4060.28 3952.20 4060.31 3952.10 4187.50 3920.77 4187.47
26071-203-M6-320-00008 0.9995811581611633 3410.82 4060.21 3442.06 4060.26 3441.85 4188.72 3410.61 4188.67
26071-203-M6-320-00008 0.9995582699775696 1581.00 4150.55 1612.19 4150.69 1611.59 4281.03 1580.39 4280.88
26071-203-M6-320-00008 0.27161771059036255 3502.18 5168.83 3534.39 5169.16 3533.15 5289.35 3500.95 5289.02
26071-203-M6-320-00008 0.1969401240348816 5872.57 5088.04 5904.11 5088.43 5902.74 5200.03 5871.20 5199.64
26071-203-M6-320-00042 0.9988760352134705 2300.35 4029.64 2332.11 4029.73 2331.73 4160.80 2299.97 4160.70
26071-203-M6-320-00061 0.9994176626205444 650.48 3970.61 682.10 3970.66 681.88 4100.23 650.27 4100.18
26071-203-M6-320-00061 0.9985450506210327 650.53 3641.31 682.48 3641.40 682.14 3767.68 650.18 3767.59
26071-203-M6-325-00012 0.9996906518936157 1708.30 3639.83 1739.69 3639.95 1739.18 3770.48 1707.79 3770.36
26071-203-M6-325-00012 0.9996280670166016 1588.49 4270.76 1619.43 4270.83 1619.14 4400.29 1588.20 4400.22
26071-203-M6-325-00012 0.9995208978652954 1588.56 2951.44 1619.51 2951.47 1619.40 3078.57 1588.44 3078.55
26071-203-M6-325-00012 0.9994827508926392 1588.61 2321.23 1619.72 2321.26 1619.58 2448.56 1588.46 2448.52
26071-203-M6-325-00012 0.9993637204170227 1588.62 1389.63 1619.63 1389.73 1619.23 1519.67 1588.22 1519.58
26071-203-M6-325-00012 0.9992280006408691 1588.37 4962.36 1619.60 4962.40 1619.46 5085.61 1588.22 5085.57
26071-203-M6-325-00012 0.9992121458053589 1588.58 5651.56 1619.66 5651.59 1619.52 5776.42 1588.43 5776.38
26071-203-M6-325-00013 0.9996589422225952 6695.57 2410.29 6727.38 2410.34 6727.19 2537.82 6695.37 2537.77
26071-203-M6-325-00013 0.9996079802513123 6695.65 1810.71 6727.24 1810.75 6727.09 1937.59 6695.50 1937.55
26071-203-M6-325-00013 0.9991146922111511 3185.84 4782.80 3216.70 4782.79 3216.77 4908.30 3185.91 4908.32
26071-203-M6-325-00013 0.998995840549469 1491.04 3071.73 1522.08 3071.64 1522.45 3198.47 1491.41 3198.56
26071-203-M6-337-00031 0.9991574287414551 6741.21 6252.40 6772.85 6252.46 6772.58 6377.98 6740.94 6377.91
26071-203-M6-337-00031 0.998810887336731 6950.59 3610.26 6982.22 3610.44 6981.49 3737.20 6949.85 3737.01
26071-203-M6-337-00031 0.9983722567558289 6950.34 3341.85 6982.46 3342.05 6981.66 3466.88 6949.54 3466.67
26071-300-M6-053-00008 0.9995064735412598 2345.49 969.16 2376.92 969.19 2376.81 1099.29 2345.38 1099.26
26071-300-M6-053-00008 0.9981511235237122 2020.11 5346.50 2150.38 5346.68 2150.34 5378.15 2020.06 5377.97
26071-300-M6-053-00008 0.1519158035516739 6122.62 5492.85 6157.43 5492.73 6157.84 5620.34 6123.03 5620.45
26071-300-M6-053-00008 0.08553998172283173 4446.05 622.03 4572.96 622.49 4572.85 653.15 4445.94 652.69
26071-300-M6-053-00008 0.08499211817979813 2026.11 1389.94 2150.76 1390.62 2150.60 1420.95 2025.95 1420.27
26071-300-M6-053-00012 0.9996691942214966 4502.78 2797.47 4629.90 2797.59 4629.87 2829.80 4502.75 2829.68
26071-300-M6-053-00012 0.9993277788162231 3050.44 2797.84 3177.49 2798.17 3177.41 2829.45 3050.36 2829.12
26071-300-M6-053-00012 0.9992471933364868 3439.88 5280.95 3568.13 5280.90 3568.14 5312.07 3439.89 5312.12
26071-300-M6-053-00012 0.9992467164993286 4230.31 4332.15 4360.27 4332.63 4360.16 4363.22 4230.20 4362.74
26071-300-M6-053-00012 0.9992426633834839 5327.15 5280.60 5458.60 5280.66 5458.58 5312.26 5327.13 5312.19
26071-300-M6-053-00012 0.9991016387939453 3320.59 2798.20 3449.15 2797.42 3449.34 2827.98 3320.77 2828.76
26071-300-M6-053-00012 0.9989645481109619 5153.04 2218.89 5280.56 2219.55 5280.40 2250.75 5152.88 2250.10
26071-300-M6-053-00012 0.9989495873451233 5446.71 2218.81 5575.42 2218.88 5575.40 2250.67 5446.69 2250.60
26071-300-M6-053-00012 0.9987595081329346 5518.60 2497.93 5645.47 2497.70 5645.53 2528.70 5518.66 2528.93
26071-300-M6-053-00012 0.9980892539024353 4856.54 4461.58 4986.07 4462.04 4985.96 4493.81 4856.43 4493.36
26071-300-M6-053-00012 0.996334433555603 4232.13 3973.80 4350.19 3974.52 4349.99 4006.76 4231.93 4006.04
26071-300-M6-053-00309 0.9998069405555725 5718.24 3366.95 5750.05 3366.98 5749.91 3495.39 5718.09 3495.35
26071-300-M6-053-00309 0.999717652797699 6426.82 4665.95 6459.24 4665.94 6459.28 4791.75 6426.86 4791.76
26071-300-M6-053-00309 0.9988467693328857 4976.15 4135.02 5102.18 4134.79 5102.23 4166.74 4976.21 4166.97
26071-450-M6-082-00009 0.9997783303260803 3598.28 5197.46 3631.21 5197.37 3631.58 5328.56 3598.65 5328.66
26071-450-M6-082-00009 0.9996826648712158 6671.00 2304.68 6702.94 2304.58 6703.32 2432.73 6671.39 2432.83
26071-450-M6-082-00009 0.999642014503479 3878.79 5102.17 3909.75 5102.21 3909.60 5232.09 3878.63 5232.06
26071-450-M6-082-00009 0.9996210336685181 3878.84 4902.46 3909.59 4902.36 3909.98 5031.76 3879.24 5031.85
26071-450-M6-082-00009 0.9995428323745728 3878.18 5294.06 3909.50 5294.05 3909.52 5418.28 3878.20 5418.28
26071-450-M6-082-00009 0.9993472695350647 3598.44 4489.25 3631.17 4489.36 3630.71 4616.98 3597.97 4616.86
26071-450-M6-082-00009 0.9989551305770874 2495.58 2769.32 2622.31 2769.12 2622.36 2800.58 2495.63 2800.78
26071-450-M6-082-00009 0.9987449645996094 2495.60 2490.30 2622.50 2490.28 2622.51 2522.31 2495.61 2522.33
26071-450-M6-082-00009 0.9963244795799255 2494.06 4403.97 2623.84 4404.10 2623.81 4436.18 2494.03 4436.05
26071-450-M6-082-00009 0.08116474002599716 2393.68 4129.77 2424.51 4129.92 2423.89 4263.77 2393.06 4263.63
26071-450-M6-082-00031 0.9991052746772766 2942.80 3454.62 3072.15 3454.50 3072.17 3485.71 2942.83 3485.82
26071-450-M6-082-00031 0.9989014863967896 3441.83 3175.74 3567.81 3175.98 3567.75 3207.28 3441.77 3207.04
26071-500-M6-059-00011 0.9995286464691162 4243.41 5611.95 4273.79 5612.05 4273.40 5741.21 4243.02 5741.11
26071-500-M6-059-00011 0.9982399940490723 4740.71 6033.26 4866.32 6033.21 4866.34 6063.99 4740.73 6064.04
26071-500-M6-059-00040 0.9997872710227966 5407.47 2776.44 5438.48 2776.57 5437.89 2906.63 5406.88 2906.49
26071-500-M6-059-00040 0.9996939897537231 5878.12 3722.20 5909.14 3722.33 5908.63 3853.00 5877.61 3852.88
26071-500-M6-059-00044 0.9996947050094604 4440.89 1218.66 4472.60 1218.66 4472.57 1345.78 4440.85 1345.77
26071-500-M6-059-00044 0.26819130778312683 4977.66 3256.91 5011.07 3257.00 5010.72 3377.23 4977.31 3377.13
26071-500-M6-059-00248 0.4535113573074341 5072.05 4657.17 5197.70 4657.37 5197.65 4690.34 5072.00 4690.13
26071-550-M6-084-00026 0.9996001124382019 5552.40 3250.70 5584.45 3250.63 5584.71 3375.69 5552.65 3375.76
26071-550-M6-084-00026 0.9995878338813782 1604.47 3332.04 1635.78 3332.08 1635.61 3458.51 1604.30 3458.47
26071-550-M6-084-00026 0.9995731711387634 3190.33 3249.96 3222.31 3250.01 3222.13 3375.35 3190.15 3375.31
26071-550-M6-084-00026 0.9995575547218323 3967.15 3332.25 3997.88 3332.27 3997.78 3459.17 3967.05 3459.14
26071-550-M6-084-00248 0.9990825653076172 5070.39 3907.74 5197.67 3908.41 5197.50 3940.12 5070.23 3939.45
26071-550-M6-084-00248 0.9986373782157898 4586.97 4186.64 4712.42 4186.34 4712.50 4218.64 4587.04 4218.94
26071-600-M6-065-00021 0.9997302889823914 4385.82 2266.82 4516.61 2267.02 4516.57 2296.95 4385.77 2296.75
26071-600-M6-065-00021 0.9996753931045532 4773.02 2267.52 4904.08 2265.05 4904.65 2295.27 4773.59 2297.74
26071-600-M6-065-00021 0.9996651411056519 3238.14 2266.54 3367.02 2266.63 3367.00 2296.88 3238.12 2296.78
26071-600-M6-065-00021 0.9996629953384399 2765.04 1418.86 2796.98 1418.91 2796.78 1545.35 2764.85 1545.30
26071-600-M6-065-00021 0.9996200799942017 2021.39 1667.13 2149.22 1667.87 2149.04 1698.37 2021.22 1697.63
26071-600-M6-065-00021 0.9995436072349548 3761.42 3250.60 3792.79 3250.59 3792.82 3375.63 3761.46 3375.64
26071-600-M6-065-00021 0.9992539286613464 1972.32 1418.63 2003.81 1418.66 2003.67 1547.48 1972.18 1547.44
26071-600-M6-065-00021 0.999245285987854 5920.22 5328.37 6047.89 5328.33 6047.90 5359.84 5920.23 5359.88
26071-600-M6-065-00021 0.9991831183433533 3085.54 4699.48 3212.75 4699.54 3212.74 4731.17 3085.53 4731.11
26071-600-M6-065-00021 0.9991752505302429 4821.66 4699.50 4949.42 4699.57 4949.40 4731.25 4821.64 4731.18
26071-600-M6-065-00021 0.9991297125816345 4184.26 5328.54 4311.17 5328.45 4311.19 5359.76 4184.28 5359.85
26071-600-M6-065-00021 0.9987190961837769 4184.34 2993.69 4311.19 2993.77 4311.17 3025.36 4184.32 3025.28
26071-600-M6-065-00021 0.9978653788566589 4028.25 5938.23 4157.42 5938.16 4157.44 5969.11 4028.27 5969.17
26071-600-M6-065-00021 0.9958013892173767 5801.97 5938.12 5928.91 5938.25 5928.87 5969.81 5801.93 5969.67
26071-600-M6-065-00021 0.13226497173309326 1870.76 5257.21 1905.48 5257.07 1906.00 5384.49 1871.28 5384.64
26071-600-M6-065-00021 0.09422004222869873 6998.06 5387.13 7030.59 5387.10 7030.68 5503.13 6998.15 5503.15
26071-600-M6-065-00037 0.9996962547302246 3669.32 4430.84 3700.90 4430.97 3700.38 4560.21 3668.81 4560.09
26071-600-M6-065-00037 0.9996637105941772 2094.94 3361.09 2221.21 3361.20 2221.19 3393.19 2094.91 3393.08
26071-600-M6-065-00037 0.9996370077133179 5036.34 4489.53 5068.55 4489.49 5068.70 4616.69 5036.48 4616.73
26071-600-M6-065-00037 0.9995079040527344 1730.25 4488.45 1762.10 4488.35 1762.50 4618.31 1730.65 4618.41
26071-600-M6-065-00037 0.9994575381278992 6976.49 4430.88 7007.91 4430.95 7007.63 4558.09 6976.21 4558.02
26071-600-M6-065-00037 0.999439537525177 3343.42 3407.29 3472.57 3407.17 3472.59 3438.33 3343.45 3438.44
26071-600-M6-065-00037 0.99928218126297 6653.12 3407.79 6781.12 3407.85 6781.11 3440.03 6653.10 3439.97
26071-600-M6-065-00037 0.9992280006408691 2234.06 3310.04 2363.88 3310.47 2363.78 3341.47 2233.96 3341.05
26071-600-M6-065-00037 0.9991746544837952 3202.68 3353.23 3330.52 3352.79 3330.63 3384.23 3202.79 3384.67
26071-600-M6-065-00037 0.9991490840911865 5919.86 3175.29 6048.10 3175.59 6048.02 3207.42 5919.79 3207.12
26071-600-M6-065-00037 0.9989709854125977 1870.16 3441.36 1996.16 3441.68 1996.08 3472.79 1870.08 3472.46
26071-600-M6-065-00037 0.9988514184951782 2614.11 3175.45 2740.05 3175.54 2740.03 3207.60 2614.08 3207.51
26071-600-M6-065-00037 0.9986770749092102 5447.41 3342.65 5576.78 3343.25 5576.63 3374.53 5447.27 3373.93
26071-600-M6-065-00037 0.0692698210477829 5250.50 3421.82 5360.74 3422.07 5360.68 3450.86 5250.44 3450.60
26071-600-M6-065-00231 0.9996451139450073 3103.41 4383.64 3135.05 4383.72 3134.71 4509.82 3103.07 4509.73
26071-600-M6-065-00231 0.9996100068092346 3103.09 4076.31 3135.32 4076.38 3135.07 4202.02 3102.83 4201.95
26071-600-M6-065-00231 0.9994994401931763 3830.88 4253.01 3862.98 4253.05 3862.83 4382.64 3830.73 4382.60
26071-600-M6-065-00231 0.9994169473648071 3831.18 5219.27 3863.33 5219.35 3862.99 5350.49 3830.84 5350.41
26071-600-M6-065-00231 0.9991551637649536 3379.26 5685.02 3509.46 5685.00 3509.47 5716.40 3379.27 5716.42
26071-600-M6-065-00259 0.9998053908348083 604.00 1631.17 732.52 1630.98 732.57 1663.15 604.05 1663.35
26071-600-M6-065-00259 0.9992427825927734 958.99 1631.07 1086.98 1631.06 1086.99 1662.50 958.99 1662.52
26071-600-M6-065-00259 0.9984251260757446 7572.15 5613.35 7702.32 5613.45 7702.29 5645.46 7572.13 5645.36
26071-600-M6-065-00259 0.9978906512260437 7927.96 5613.21 8054.93 5613.20 8054.93 5645.08 7927.96 5645.08
26071-600-M6-066-00012 0.9997711777687073 4504.06 2466.91 4629.41 2466.96 4629.39 2499.54 4504.05 2499.49
26071-600-M6-066-00012 0.9997183680534363 6038.10 2268.73 6163.57 2268.46 6163.64 2298.12 6038.17 2298.39
26071-600-M6-066-00012 0.9996647834777832 1853.59 3368.01 1884.91 3368.07 1884.68 3495.96 1853.36 3495.90
26071-600-M6-066-00012 0.9989546537399292 6037.95 3743.17 6166.13 3743.19 6166.13 3774.62 6037.95 3774.60
26071-600-M6-066-00012 0.9988207221031189 4147.54 3737.92 4276.64 3737.90 4276.65 3769.05 4147.55 3769.07
26071-600-M6-066-00012 0.9985446929931641 3794.27 3737.10 3921.58 3736.85 3921.64 3768.43 3794.33 3768.68
26071-600-M6-066-00012 0.9984410405158997 3085.20 3737.44 3212.97 3737.42 3212.97 3769.48 3085.20 3769.49
26071-600-M6-066-00012 0.9976093769073486 2849.78 3736.86 2975.82 3736.94 2975.80 3768.63 2849.76 3768.54
26071-600-M6-066-00012 0.11922651529312134 5335.14 2466.06 5456.00 2466.43 5455.91 2497.78 5335.04 2497.41
26071-675-M6-068-00034 0.9997795224189758 1332.73 4210.63 1364.98 4210.66 1364.85 4336.89 1332.60 4336.86
26071-675-M6-068-00034 0.9995991587638855 3606.72 3062.52 3737.05 3062.47 3737.06 3094.04 3606.73 3094.09
26071-675-M6-068-00034 0.9994262456893921 2856.73 3062.51 2986.92 3062.44 2986.94 3093.89 2856.75 3093.96
26071-675-M6-068-00034 0.9987722039222717 2506.44 5717.80 2635.83 5717.94 2635.79 5748.82 2506.41 5748.68
26071-675-M6-068-00034 0.9982913136482239 4760.35 4563.32 4792.09 4563.37 4791.90 4695.31 4760.16 4695.26
26071-675-M6-068-00034 0.9978353381156921 3256.75 5717.83 3384.14 5717.73 3384.17 5749.50 3256.78 5749.60
26071-675-M6-068-00034 0.9977759718894958 4761.48 3872.14 4792.31 3872.27 4791.77 3998.59 4760.94 3998.46
26071-700-M6-054-00036 0.9993570446968079 3972.24 3713.85 4100.10 3714.12 4100.03 3745.33 3972.18 3745.06
26071-700-M6-054-00036 0.9992617964744568 3532.85 3957.27 3564.52 3957.27 3564.55 4083.22 3532.88 4083.23
26071-700-M6-054-00036 0.9980547428131104 4560.94 3758.61 4690.31 3758.60 4690.31 3790.34 4560.94 3790.35
26071-700-M6-054-00246 0.9996203184127808 4261.09 3484.91 4293.06 3485.05 4292.52 3614.89 4260.54 3614.75
26071-700-M6-054-00246 0.9991605281829834 4454.43 4340.03 4584.17 4339.88 4584.21 4371.48 4454.47 4371.63
26071-700-M6-054-00246 0.08034639805555344 2904.85 2093.96 3037.55 2093.62 3037.62 2120.95 2904.92 2121.29
26071-750-M6-085-00007 0.9990729093551636 5211.60 5712.95 5338.72 5712.99 5338.71 5744.24 5211.59 5744.21
26071-750-M6-085-00007 0.0558260940015316 5684.37 5394.45 5812.89 5391.87 5813.50 5422.31 5684.98 5424.89
26071-750-M6-085-00012 0.9997395873069763 1444.74 3603.00 1475.79 3603.04 1475.63 3731.34 1444.58 3731.30
26071-750-M6-085-00012 0.16003015637397766 7176.08 2347.59 7286.99 2347.93 7286.90 2377.05 7175.99 2376.71
26071-750-M6-085-00012 0.13076439499855042 3093.16 2526.09 3211.21 2526.42 3211.13 2556.78 3093.08 2556.45
26071-750-M6-085-00286 0.9991563558578491 6096.45 2328.10 6225.23 2328.03 6225.24 2359.92 6096.47 2359.99
26071-750-M6-085-00286 0.9990777969360352 5269.20 2328.00 5397.53 2327.89 5397.56 2359.71 5269.22 2359.81
