26071-200-M6-052-00002 0.06392031908035278 3542.23 3115.62 3763.19 3118.74 3760.49 3309.85 3539.53 3306.73
26071-200-M6-052-00080 0.052962981164455414 3660.29 3860.61 3858.79 3861.47 3857.88 4071.86 3659.39 4071.00
26071-200-M6-052-00080 0.051296480000019073 7082.68 3867.18 7284.57 3867.80 7283.92 4077.09 7082.03 4076.46
26071-200-M6-052-00090 0.08259544521570206 3309.50 3445.43 3501.76 3447.69 3499.28 3658.43 3307.02 3656.17
26071-200-M6-052-00090 0.05765311419963837 6315.64 3452.42 6508.02 3454.87 6505.38 3661.86 6313.01 3659.41
26071-200-M6-052-00093 0.05893216282129288 4587.46 3849.72 4787.18 3851.21 4785.82 4032.99 4586.10 4031.50
26071-200-M6-052-00093 0.0574842132627964 4583.31 1487.72 4791.24 1489.90 4789.31 1673.10 4581.39 1670.91
26071-200-M6-052-00539 0.05103723704814911 3915.66 5376.61 4114.17 5377.37 4113.41 5577.10 3914.90 5576.34
26071-200-M6-063-00010 0.0796276405453682 3075.49 3970.65 3279.03 3971.77 3277.97 4165.39 3074.42 4164.27
26071-203-M6-337-00031 0.9835084080696106 2737.73 2240.60 2909.10 2242.33 2906.29 2521.47 2734.92 2519.75
26071-203-M6-337-00031 0.9818682670593262 2736.19 1858.39 2905.90 1859.66 2903.76 2146.08 2734.06 2144.81
26071-300-M6-053-00012 0.14083293080329895 5696.43 2264.69 5883.48 2267.26 5880.57 2478.60 5693.53 2476.03
26071-300-M6-053-00309 0.31941288709640503 4070.36 5152.21 4228.58 5153.30 4226.55 5447.76 4068.33 5446.67
26071-300-M6-053-00309 0.22069065272808075 4055.03 3045.67 4237.25 3047.94 4233.98 3309.82 4051.76 3307.55
26071-300-M6-053-00309 0.07186834514141083 5985.16 1188.13 6193.50 1184.19 6197.19 1379.00 5988.85 1382.95
26071-500-M6-059-00248 0.15005402266979218 4408.70 4436.99 4595.82 4434.47 4598.64 4644.06 4411.53 4646.58
26071-675-M6-068-00034 0.05075934901833534 3003.51 4845.01 3174.80 4849.23 3170.01 5043.52 2998.73 5039.30
26071-675-M6-068-10002 0.1949242800474167 5420.02 1869.44 5601.37 1870.36 5600.42 2057.73 5419.08 2056.81
26071-675-M6-068-10002 0.19335374236106873 4623.08 1869.13 4795.25 1870.13 4794.18 2054.28 4622.00 2053.28
26071-675-M6-068-10002 0.18668794631958008 7508.73 1987.00 7704.10 1989.50 7701.61 2183.88 7506.24 2181.38
26071-675-M6-068-10002 0.14755219221115112 3821.96 1868.80 3997.29 1870.84 3995.51 2024.56 3820.18 2022.53
26071-675-M6-068-10002 0.1323758363723755 6468.74 2005.42 6647.37 2006.40 6646.39 2185.60 6467.76 2184.62
26071-700-M6-054-00036 0.06322652101516724 3767.84 3487.98 3965.30 3489.99 3963.18 3697.10 3765.73 3695.09
