26071-200-M6-052-00001 0.06964120268821716 2277.54 5788.39 2378.89 5788.15 2379.16 5898.25 2277.80 5898.49
26071-200-M6-052-00003 0.09699036180973053 3491.21 1897.81 3598.42 1898.71 3597.52 2005.32 3490.31 2004.42
26071-200-M6-052-00090 0.228774756193161 3612.15 3420.51 3711.08 3420.51 3711.08 3511.93 3612.14 3511.93
26071-200-M6-052-00093 0.289651095867157 1839.41 3421.27 1942.22 3421.05 1942.43 3515.83 1839.62 3516.05
26071-200-M6-052-00093 0.057992905378341675 1840.35 2123.49 1944.16 2125.99 1941.48 2236.84 1837.68 2234.33
26071-200-M6-052-00150 0.05330723151564598 4498.37 3091.01 4591.03 3090.86 4591.11 3140.82 4498.45 3140.97
26071-203-M6-332-00001 0.0789576917886734 2079.96 3869.69 2163.17 3869.70 2163.16 3947.47 2079.95 3947.46
26071-450-M6-082-00031 0.1482270210981369 5028.19 6082.33 5123.22 6081.89 5123.66 6178.57 5028.64 6179.00
26071-500-M6-059-00044 0.984015941619873 1264.53 3606.33 1357.72 3606.58 1357.47 3695.81 1264.28 3695.55
26071-500-M6-059-00044 0.09838172793388367 1071.34 3601.48 1164.08 3601.34 1164.23 3696.46 1071.49 3696.60
26071-500-M6-059-00044 0.05260524898767471 2808.05 1980.44 2918.11 1977.96 2920.36 2077.88 2810.31 2080.36
26071-675-M6-068-10002 0.05178353190422058 5683.21 2005.26 5797.20 2006.80 5796.29 2073.87 5682.31 2072.33
