26071-200-M6-052-00150 0.3327019512653351 3476.73 1883.98 3780.30 1884.40 3780.00 2099.38 3476.43 2098.96
26071-203-M6-337-00031 0.06350862234830856 6408.95 1134.75 6598.38 1133.73 6599.87 1410.61 6410.44 1411.63
26071-203-M6-337-00031 0.06303104013204575 6411.31 507.17 6596.58 508.31 6595.01 765.10 6409.74 763.97
26071-500-M6-059-00013 0.12121111899614334 2906.10 4902.74 3267.85 4897.00 3271.46 5124.34 2909.71 5130.09
26071-500-M6-059-00248 0.06230929121375084 4408.70 4436.99 4595.82 4434.47 4598.64 4644.06 4411.53 4646.58
26071-600-M6-066-00012 0.05048534646630287 5385.27 1308.83 5472.88 1308.74 5473.38 1799.63 5385.78 1799.72
26071-750-M6-085-00012 0.06276709586381912 7212.28 3760.20 7679.41 3764.10 7678.39 3885.94 7211.26 3882.05
26071-750-M6-085-00012 0.05769764631986618 2729.47 3647.19 3191.44 3650.00 3190.74 3765.43 2728.77 3762.62
26071-750-M6-085-00012 0.05623691529035568 5036.29 5120.66 5497.74 5126.97 5496.14 5243.65 5034.69 5237.34
26071-750-M6-085-00012 0.05477926880121231 5030.16 3760.14 5486.92 3763.78 5485.95 3885.58 5029.19 3881.94
26071-750-M6-085-00012 0.0543394461274147 7216.17 5119.66 7684.94 5126.25 7683.27 5245.20 7214.50 5238.61
