26071-200-M6-052-00540 0.9996553659439087 1634.72 4827.53 1695.58 4827.78 1693.84 5248.79 1632.98 5248.53
26071-200-M6-052-00540 0.9996127486228943 4976.54 1225.87 5037.44 1225.92 5037.10 1628.76 4976.21 1628.71
26071-200-M6-052-00540 0.9995794892311096 5826.77 765.93 5888.84 765.98 5888.54 1177.17 5826.47 1177.13
26071-200-M6-052-00540 0.9995786547660828 1646.85 1228.17 1706.61 1228.27 1705.97 1635.05 1646.22 1634.96
26071-200-M6-052-00540 0.99957674741745 3961.62 1230.99 4021.13 1230.96 4021.36 1634.18 3961.85 1634.21
26071-200-M6-052-00540 0.9995542168617249 6701.62 1226.97 6762.38 1226.99 6762.25 1629.90 6701.49 1629.88
26071-200-M6-052-00540 0.9995484948158264 6016.52 763.14 6078.02 763.45 6076.05 1163.87 6014.55 1163.57
26071-200-M6-052-00540 0.9995294809341431 6122.71 1226.17 6183.83 1226.19 6183.68 1631.02 6122.56 1631.00
26071-200-M6-052-00540 0.9995287656784058 6973.82 759.99 7033.35 760.31 7031.17 1167.88 6971.64 1167.56
26071-200-M6-052-00540 0.999524712562561 6891.44 1226.47 6950.57 1226.60 6949.65 1636.49 6890.52 1636.36
26071-200-M6-052-00540 0.9995230436325073 5261.23 760.80 5320.99 760.99 5319.68 1164.50 5259.91 1164.30
26071-200-M6-052-00540 0.9995217323303223 4635.05 5313.04 4695.27 5313.29 4693.57 5721.87 4633.35 5721.62
26071-200-M6-052-00540 0.9995120763778687 5743.75 1228.46 5804.18 1228.40 5804.58 1622.71 5744.15 1622.77
26071-200-M6-052-00540 0.9995059967041016 5449.94 763.14 5510.83 763.39 5509.18 1163.02 5448.29 1162.77
26071-200-M6-052-00540 0.9995030164718628 4174.25 4845.97 4233.44 4845.95 4233.52 5244.94 4174.34 5244.95
26071-200-M6-052-00540 0.9994984865188599 6784.22 761.10 6844.00 761.36 6842.29 1166.94 6782.50 1166.69
26071-200-M6-052-00540 0.999495267868042 7504.88 4845.34 7564.35 4845.34 7564.36 5247.12 7504.89 5247.12
26071-200-M6-052-00540 0.9994939565658569 4788.65 1235.61 4847.41 1235.76 4846.41 1622.45 4787.65 1622.30
26071-200-M6-052-00540 0.9994916915893555 6407.87 758.56 6466.99 758.96 6464.21 1168.83 6405.08 1168.43
26071-200-M6-052-00540 0.9994906187057495 6370.72 4846.03 6429.88 4845.98 6430.23 5245.24 6371.08 5245.30
26071-200-M6-052-00540 0.999485969543457 3312.09 4844.64 3373.07 4844.85 3371.75 5234.09 3310.77 5233.88
26071-200-M6-052-00540 0.9994820952415466 7315.29 4852.07 7376.17 4852.13 7375.78 5231.48 7314.90 5231.41
26071-200-M6-052-00540 0.9994688630104065 7599.28 760.79 7658.57 760.98 7657.27 1166.69 7597.98 1166.50
26071-200-M6-052-00540 0.9994611144065857 4870.79 761.40 4932.02 761.67 4930.21 1166.39 4868.98 1166.12
26071-200-M6-052-00540 0.9994565844535828 5557.01 1232.13 5616.05 1232.21 5615.52 1615.20 5556.48 1615.11
26071-200-M6-052-00540 0.9994530081748962 6324.40 1228.23 6383.69 1228.35 6382.80 1636.06 6323.51 1635.93
26071-200-M6-052-00540 0.9994499087333679 2687.33 758.00 2745.84 758.20 2744.45 1152.20 2685.94 1152.00
26071-200-M6-052-00540 0.9994487166404724 5638.34 763.69 5700.41 764.00 5698.41 1171.62 5636.35 1171.31
26071-200-M6-052-00540 0.9994382262229919 1446.48 4844.00 1504.71 4843.98 1504.84 5246.85 1446.61 5246.87
26071-200-M6-052-00540 0.9994364380836487 3123.97 4842.59 3182.99 4842.83 3181.40 5245.86 3122.39 5245.63
26071-200-M6-052-00540 0.9994363188743591 5060.20 761.67 5119.63 761.87 5118.26 1168.08 5058.82 1167.88
26071-200-M6-052-00540 0.9994340538978577 5803.91 4847.60 5864.16 4847.61 5864.11 5233.45 5803.87 5233.44
26071-200-M6-052-00540 0.999427318572998 7081.02 1232.71 7139.39 1232.94 7137.85 1619.98 7079.49 1619.75
26071-200-M6-052-00540 0.9994179010391235 5165.28 1227.10 5224.13 1226.82 5226.00 1623.97 5167.15 1624.25
26071-200-M6-052-00540 0.9994165897369385 6513.88 1232.02 6572.26 1232.26 6570.67 1622.43 6512.29 1622.20
26071-200-M6-052-00540 0.9994158744812012 2013.45 4847.96 2071.79 4848.01 2071.45 5242.62 2013.10 5242.57
26071-200-M6-052-00540 0.999415397644043 1268.43 1228.23 1328.83 1228.26 1328.58 1635.27 1268.18 1635.23
26071-200-M6-052-00540 0.9994125366210938 6937.92 4844.46 6997.34 4844.43 6997.53 5247.59 6938.11 5247.61
26071-200-M6-052-00540 0.9994051456451416 2791.23 1228.71 2851.35 1228.66 2851.67 1633.67 2791.55 1633.72
26071-200-M6-052-00540 0.9994021654129028 6595.94 755.35 6655.54 755.53 6654.40 1145.32 6594.81 1145.14
26071-200-M6-052-00540 0.9994008541107178 7977.39 4843.16 8036.38 4843.20 8036.14 5246.17 7977.15 5246.13
26071-200-M6-052-00540 0.9993995428085327 4610.42 752.40 4669.26 752.15 4671.00 1151.74 4612.15 1151.99
26071-200-M6-052-00540 0.9993939399719238 3064.38 752.86 3122.74 752.95 3122.14 1149.73 3063.78 1149.64
26071-200-M6-052-00540 0.9993883371353149 1824.33 4846.82 1882.96 4846.85 1882.77 5244.72 1824.14 5244.69
26071-200-M6-052-00540 0.9993863105773926 879.33 4845.88 937.68 4845.92 937.41 5244.64 879.06 5244.60
26071-200-M6-052-00540 0.9993786811828613 6749.11 4844.26 6807.85 4844.23 6808.06 5248.08 6749.33 5248.11
26071-200-M6-052-00540 0.9993751645088196 7505.03 1234.67 7565.04 1234.85 7563.86 1623.92 7503.85 1623.74
26071-200-M6-052-00540 0.9993740916252136 6218.40 761.90 6278.29 762.33 6275.33 1171.80 6215.44 1171.37
26071-200-M6-052-00540 0.9993664622306824 7127.11 4844.56 7185.69 4844.54 7185.82 5248.15 7127.23 5248.16
26071-200-M6-052-00540 0.9993657469749451 3985.38 4845.24 4043.99 4845.26 4043.87 5244.17 3985.25 5244.15
26071-200-M6-052-00540 0.9993634819984436 4550.71 4843.30 4611.66 4843.31 4611.58 5242.60 4550.63 5242.59
26071-200-M6-052-00540 0.9993614554405212 7162.79 762.36 7222.47 762.78 7219.54 1169.24 7159.86 1168.81
26071-200-M6-052-00540 0.9993558526039124 7741.48 4845.49 7800.76 4845.54 7800.42 5245.21 7741.14 5245.16
26071-200-M6-052-00540 0.9993523955345154 2131.71 1233.96 2190.47 1234.14 2189.27 1628.54 2130.50 1628.36
26071-200-M6-052-00540 0.9993481040000916 3573.52 757.65 3632.19 757.90 3630.54 1150.15 3571.87 1149.90
26071-200-M6-052-00540 0.9993472695350647 5993.06 4844.76 6052.11 4844.75 6052.15 5248.00 5993.11 5248.01
26071-200-M6-052-00540 0.99933260679245 6560.03 4845.30 6619.07 4845.30 6619.03 5247.50 6559.99 5247.50
26071-200-M6-052-00540 0.9993317723274231 4929.91 4850.42 4990.60 4850.51 4990.04 5235.15 4929.36 5235.07
26071-200-M6-052-00540 0.9993304014205933 3371.52 758.40 3430.99 758.64 3429.36 1158.28 3369.90 1158.04
26071-200-M6-052-00540 0.9993205070495605 3784.62 4846.17 3843.95 4846.18 3843.86 5246.68 3784.53 5246.66
26071-200-M6-052-00540 0.999319314956665 1337.25 5294.06 1398.16 5293.79 1400.07 5721.01 1339.16 5721.28
26071-200-M6-052-00540 0.9993182420730591 5366.99 1234.82 5426.31 1235.06 5424.78 1617.83 5365.46 1617.59
26071-200-M6-052-00540 0.9993164539337158 6181.61 4838.00 6241.73 4838.03 6241.53 5244.25 6181.41 5244.22
26071-200-M6-052-00540 0.9993103742599487 689.26 4837.81 750.11 4837.89 749.62 5243.95 688.76 5243.88
26071-200-M6-052-00540 0.999301552772522 1906.67 5319.01 1965.63 5318.97 1965.88 5718.73 1906.92 5718.77
26071-200-M6-052-00540 0.9992972612380981 5933.76 1226.56 5994.86 1226.62 5994.47 1634.55 5933.38 1634.49
26071-200-M6-052-00540 0.9992951154708862 7895.37 1233.85 7954.65 1234.03 7953.50 1624.76 7894.21 1624.59
26071-200-M6-052-00540 0.9992923736572266 4741.32 4845.92 4800.91 4845.99 4800.48 5245.62 4740.88 5245.55
26071-200-M6-052-00540 0.9992853999137878 6453.90 5312.20 6515.74 5312.45 6514.08 5718.47 6452.25 5718.22
26071-200-M6-052-00540 0.999276340007782 1257.24 4844.38 1316.07 4844.40 1315.94 5248.15 1257.10 5248.13
26071-200-M6-052-00540 0.9992745518684387 1529.44 5312.78 1588.96 5312.88 1588.29 5706.03 1528.77 5705.93
26071-200-M6-052-00540 0.9992701411247253 4340.34 1229.60 4399.51 1229.86 4397.74 1631.11 4338.57 1630.85
26071-200-M6-052-00540 0.9992691874504089 382.16 5319.16 441.96 5319.02 442.92 5722.65 383.11 5722.79
26071-200-M6-052-00540 0.9992679953575134 3855.93 758.70 3914.59 758.90 3913.26 1155.07 3854.60 1154.87
26071-200-M6-052-00540 0.9992628693580627 962.00 5317.05 1022.00 5317.16 1021.28 5717.42 961.29 5717.32
26071-200-M6-052-00540 0.9992615580558777 7022.23 5320.55 7080.16 5320.77 7078.65 5720.67 7020.72 5720.45
26071-200-M6-052-00540 0.9992595314979553 4423.31 758.62 4481.97 758.81 4480.76 1149.17 4422.10 1148.99
26071-200-M6-052-00540 0.999257504940033 6075.72 5318.93 6137.23 5319.07 6136.29 5711.48 6074.78 5711.33
26071-200-M6-052-00540 0.9992489218711853 5224.78 5319.64 5285.57 5319.74 5284.89 5720.48 5224.10 5720.38
26071-200-M6-052-00540 0.9992471933364868 4362.68 4847.67 4421.65 4847.64 4421.80 5243.00 4362.83 5243.02
26071-200-M6-052-00540 0.9992406368255615 4528.94 1233.85 4588.64 1233.99 4587.73 1621.54 4528.04 1621.40
26071-200-M6-052-00540 0.9992339611053467 4045.21 759.80 4103.93 759.99 4102.69 1147.61 4043.98 1147.42
26071-200-M6-052-00540 0.9992151260375977 891.71 1231.21 950.18 1231.42 948.75 1634.15 890.28 1633.95
26071-200-M6-052-00540 0.9992052912712097 974.36 759.94 1033.55 760.18 1031.93 1157.96 972.74 1157.72
26071-200-M6-052-00540 0.9991945624351501 2319.68 1227.80 2379.38 1227.88 2378.84 1629.38 2319.14 1629.30
26071-200-M6-052-00540 0.9991644620895386 772.69 5305.48 833.58 5305.68 832.23 5718.74 771.34 5718.54
26071-200-M6-052-00540 0.9991530179977417 3878.97 5320.20 3937.97 5320.13 3938.40 5719.16 3879.41 5719.23
26071-200-M6-052-00540 0.999152421951294 1351.56 761.27 1411.35 761.53 1409.67 1157.63 1349.88 1157.38
26071-200-M6-052-00540 0.9991512298583984 2721.30 5319.73 2780.04 5319.59 2780.98 5720.75 2722.24 5720.89
26071-200-M6-052-00540 0.9991461038589478 583.56 5320.35 643.08 5320.25 643.73 5719.33 584.21 5719.43
26071-200-M6-052-00540 0.999144434928894 2981.09 1227.79 3040.76 1227.90 3039.97 1630.57 2980.31 1630.45
26071-200-M6-052-00540 0.9991441965103149 7209.69 5297.56 7271.23 5297.86 7269.23 5711.20 7207.69 5710.91
26071-200-M6-052-00540 0.9991414546966553 2544.19 5312.80 2604.05 5312.84 2603.79 5704.82 2543.93 5704.78
26071-200-M6-052-00540 0.9991262555122375 7411.04 761.66 7470.39 761.87 7468.94 1156.60 7409.59 1156.38
26071-200-M6-052-00540 0.9991236329078674 3394.37 5311.14 3455.15 5311.20 3454.75 5718.66 3393.97 5718.60
26071-200-M6-052-00540 0.9991233944892883 5402.17 5294.81 5465.43 5295.10 5463.52 5713.09 5400.25 5712.80
26071-200-M6-052-00540 0.9991181492805481 7706.66 1225.93 7765.34 1226.06 7764.45 1629.11 7705.77 1628.98
26071-200-M6-052-00540 0.9991126656532288 4150.33 1228.81 4210.44 1228.91 4209.77 1630.95 4149.66 1630.85
26071-200-M6-052-00540 0.999106228351593 1066.91 4840.88 1128.46 4840.95 1127.96 5242.03 1066.41 5241.95
26071-200-M6-052-00540 0.9991033673286438 2025.63 758.95 2084.78 759.18 2083.25 1154.98 2024.10 1154.75
26071-200-M6-052-00540 0.999090313911438 3170.08 1226.50 3229.19 1226.58 3228.65 1622.99 3169.53 1622.91
26071-200-M6-052-00540 0.9990888833999634 6264.85 5311.30 6325.54 5311.53 6323.99 5718.61 6263.30 5718.38
26071-200-M6-052-00540 0.9990876913070679 3677.92 1230.96 3737.46 1231.16 3736.15 1616.09 3676.61 1615.89
26071-200-M6-052-00540 0.9990812540054321 6643.01 5318.78 6701.52 5318.70 6702.03 5721.72 6643.53 5721.79
26071-200-M6-052-00540 0.9990783929824829 5886.55 5321.60 5945.99 5321.49 5946.73 5718.51 5887.29 5718.63
26071-200-M6-052-00540 0.999077558517456 5579.39 5317.90 5639.06 5317.75 5640.09 5721.61 5580.42 5721.76
26071-200-M6-052-00540 0.9990719556808472 3584.30 5306.87 3644.17 5306.96 3643.54 5705.63 3583.66 5705.53
26071-200-M6-052-00540 0.9990707039833069 7398.74 5311.54 7460.14 5311.88 7457.88 5720.67 7396.48 5720.33
26071-200-M6-052-00540 0.99906986951828 1716.71 5309.40 1777.77 5309.44 1777.49 5720.56 1716.43 5720.52
26071-200-M6-052-00540 0.9990668892860413 5012.78 5319.32 5072.07 5319.25 5072.53 5720.72 5013.23 5720.79
26071-200-M6-052-00540 0.9990630745887756 1080.61 1234.37 1138.69 1234.49 1137.84 1624.49 1079.75 1624.37
26071-200-M6-052-00540 0.9990602135658264 4823.91 5311.25 4884.02 5311.44 4882.70 5720.60 4822.58 5720.41
26071-200-M6-052-00540 0.9990527033805847 783.76 759.92 844.63 760.23 842.59 1158.24 781.72 1157.93
26071-200-M6-052-00540 0.9990513920783997 1151.20 5312.80 1211.44 5312.90 1210.77 5707.16 1150.53 5707.06
26071-200-M6-052-00540 0.9990479350090027 703.53 1234.83 762.03 1235.09 760.27 1622.91 701.77 1622.64
26071-200-M6-052-00540 0.9990357160568237 4446.17 5319.82 4504.99 5319.78 4505.30 5719.66 4446.48 5719.70
26071-200-M6-052-00540 0.9990274906158447 1541.50 759.30 1600.07 759.55 1598.41 1150.46 1539.84 1150.21
26071-200-M6-052-00540 0.9990125894546509 2215.15 760.62 2273.91 760.87 2272.30 1150.35 2213.55 1150.11
26071-200-M6-052-00540 0.9989927411079407 8083.67 5317.42 8143.38 5317.33 8143.96 5720.47 8084.26 5720.56
26071-200-M6-052-00540 0.9989922642707825 6831.92 5311.05 6893.36 5311.38 6891.16 5719.32 6829.73 5718.99
26071-200-M6-052-00540 0.9989917874336243 500.96 4846.82 560.49 4846.88 560.07 5244.28 500.53 5244.22
26071-200-M6-052-00540 0.9989748001098633 4256.94 5315.22 4316.96 5315.39 4315.80 5719.60 4255.78 5719.43
26071-200-M6-052-00540 0.9989519119262695 3499.95 4842.99 3561.21 4843.04 3560.91 5244.18 3499.65 5244.14
26071-200-M6-052-00540 0.9989269375801086 3205.80 5317.07 3266.94 5317.24 3265.84 5713.31 3204.70 5713.14
26071-200-M6-052-00540 0.9988951086997986 7846.21 5320.14 7908.11 5320.39 7906.58 5710.93 7844.69 5710.69
26071-200-M6-052-00540 0.9988942742347717 4067.89 5319.48 4127.92 5319.45 4128.13 5718.51 4068.09 5718.54
26071-200-M6-052-00540 0.9988583326339722 2402.26 750.27 2461.52 750.51 2459.92 1153.65 2400.66 1153.42
26071-200-M6-052-00540 0.998852014541626 1942.80 1227.13 2001.99 1227.32 2000.66 1630.53 1941.47 1630.34
26071-200-M6-052-00540 0.9988409876823425 1836.70 760.41 1895.64 760.63 1894.17 1156.59 1835.24 1156.37
26071-200-M6-052-00540 0.9988285899162292 2898.01 5316.36 2958.60 5316.39 2958.41 5717.91 2897.82 5717.88
26071-200-M6-052-00540 0.9987970590591431 4233.99 759.31 4292.38 759.47 4291.29 1153.77 4232.90 1153.61
26071-200-M6-052-00540 0.9987843632698059 2874.91 763.35 2935.19 763.51 2934.14 1160.38 2873.86 1160.22
26071-200-M6-052-00540 0.99873286485672 7799.62 761.59 7859.79 761.87 7857.99 1159.28 7797.82 1159.00
26071-200-M6-052-00540 0.9987185001373291 3476.98 1236.72 3536.42 1236.80 3535.90 1627.35 3476.47 1627.28
26071-200-M6-052-00540 0.9987026453018188 1162.32 759.31 1221.91 759.59 1220.01 1160.54 1160.42 1160.25
26071-200-M6-052-00540 0.9986613988876343 595.15 758.76 655.52 758.87 654.75 1156.00 594.38 1155.88
26071-200-M6-052-00540 0.9973948001861572 1459.05 1233.30 1518.14 1233.59 1516.21 1631.43 1457.12 1631.14
26071-200-M6-052-00540 0.11662033945322037 2618.14 5444.29 3112.57 5444.74 3112.50 5526.42 2618.07 5525.96
26071-200-M6-052-00540 0.07688014954328537 5287.55 5445.18 5831.48 5446.90 5831.23 5527.25 5287.29 5525.53
26071-200-M6-052-00540 0.054654382169246674 1422.77 5442.75 1941.77 5442.90 1941.74 5530.33 1422.75 5530.19
26071-200-M6-052-00540 0.05152308940887451 7138.57 1114.08 7187.54 1114.32 7185.08 1610.01 7136.12 1609.77
26071-203-M6-321-00225 0.0887327492237091 314.15 5456.72 816.72 5455.45 816.87 5516.83 314.30 5518.10
26071-203-M6-321-00225 0.07775074243545532 327.67 5693.18 827.97 5693.63 827.91 5761.29 327.61 5760.84
26071-203-M6-321-00225 0.05324476212263107 316.31 1794.65 825.10 1799.10 824.59 1857.14 315.80 1852.70
26071-203-M6-321-00604 0.1450737565755844 3603.64 5436.16 3658.82 5436.59 3655.63 5848.47 3600.44 5848.04
