26071-200-M6-052-00001 0.9997095465660095 3941.20 2257.55 4091.26 2257.86 4090.95 2410.53 3940.89 2410.22
26071-200-M6-052-00001 0.9995446801185608 4058.88 4638.40 4210.92 4638.43 4210.89 4786.11 4058.85 4786.07
26071-200-M6-052-00001 0.9993940591812134 5003.80 1979.47 5155.09 1979.44 5155.12 2128.70 5003.83 2128.73
26071-200-M6-052-00001 0.9991764426231384 4130.61 2731.23 4281.06 2731.33 4280.97 2880.49 4130.52 2880.40
26071-200-M6-052-00001 0.9991700649261475 4402.52 2732.94 4551.41 2733.36 4550.99 2882.01 4402.10 2881.58
26071-200-M6-052-00001 0.9990925788879395 4294.09 4638.17 4447.10 4638.38 4446.90 4786.26 4293.89 4786.05
26071-200-M6-052-00001 0.9987448453903198 4367.30 2258.97 4516.66 2259.18 4516.45 2408.95 4367.09 2408.74
26071-200-M6-052-00001 0.9978607296943665 5238.34 2260.42 5389.86 2259.58 5390.68 2407.73 5239.17 2408.58
26071-200-M6-052-00001 0.9977940320968628 2923.08 2687.33 3070.57 2688.03 3069.84 2840.30 2922.36 2839.59
26071-200-M6-052-00001 0.9977492690086365 3410.67 2620.37 3560.00 2620.47 3559.90 2767.38 3410.57 2767.28
26071-200-M6-052-00001 0.9974182844161987 2919.08 4048.46 3070.66 4047.98 3071.14 4199.12 2919.56 4199.60
26071-200-M6-052-00001 0.9967396855354309 2217.32 4050.14 2368.46 4050.16 2368.43 4198.47 2217.30 4198.45
26071-200-M6-052-00001 0.9962526559829712 5001.89 2259.38 5152.58 2258.18 5153.79 2410.44 5003.11 2411.64
26071-200-M6-052-00001 0.9954071044921875 4412.64 5568.91 4565.99 5569.00 4565.90 5714.68 4412.55 5714.58
26071-200-M6-052-00001 0.9913271069526672 2330.57 3868.02 2477.71 3868.75 2476.96 4020.76 2329.82 4020.03
26071-200-M6-052-00001 0.9888335466384888 2920.77 3870.79 3071.07 3870.18 3071.68 4018.86 2921.38 4019.48
26071-200-M6-052-00001 0.9885578155517578 3229.05 2733.58 3380.49 2731.95 3382.12 2882.54 3230.67 2884.17
26071-200-M6-052-00002 0.9996503591537476 4414.49 1668.01 4563.98 1668.38 4563.61 1818.72 4414.12 1818.35
26071-200-M6-052-00002 0.9993788003921509 5866.39 1670.62 6016.89 1670.35 6017.16 1819.11 5866.66 1819.39
26071-200-M6-052-00002 0.9992690682411194 5595.11 1386.13 5742.80 1386.47 5742.45 1540.38 5594.76 1540.05
26071-200-M6-052-00002 0.9992608428001404 4908.05 4283.30 5061.50 4283.26 5061.54 4432.97 4908.09 4433.02
26071-200-M6-052-00002 0.9991769194602966 4650.61 4281.13 4799.82 4281.14 4799.81 4433.21 4650.59 4433.20
26071-200-M6-052-00002 0.9991652965545654 4650.67 1979.64 4800.28 1980.00 4799.92 2130.05 4650.31 2129.69
26071-200-M6-052-00002 0.9987919926643372 4650.43 2257.16 4799.94 2257.54 4799.55 2409.23 4650.05 2408.85
26071-200-M6-052-00002 0.998525083065033 5594.49 1670.70 5746.81 1670.56 5746.94 1820.18 5594.62 1820.31
26071-200-M6-052-00002 0.9982169270515442 3943.18 2145.42 4090.01 2146.20 4089.20 2297.28 3942.37 2296.50
26071-200-M6-052-00002 0.9979835748672485 4964.76 5211.10 5116.80 5211.18 5116.72 5359.43 4964.69 5359.35
26071-200-M6-052-00002 0.9979313611984253 5002.18 1670.58 5153.11 1669.55 5154.15 1821.43 5003.23 1822.46
26071-200-M6-052-00002 0.9976551532745361 2640.82 3323.19 2789.56 3321.89 2790.90 3474.93 2642.16 3476.23
26071-200-M6-052-00002 0.997271716594696 2170.68 3207.68 2316.19 3208.09 2315.77 3358.36 2170.26 3357.95
26071-200-M6-052-00002 0.9972060322761536 3392.77 3750.70 3541.33 3751.15 3540.87 3901.48 3392.32 3901.03
26071-200-M6-052-00002 0.9968491196632385 3778.88 2629.53 3926.36 2628.21 3927.73 2781.33 3780.25 2782.65
26071-200-M6-052-00002 0.9947992563247681 7283.21 5582.54 7433.81 5582.69 7433.66 5733.61 7283.06 5733.47
26071-200-M6-052-00002 0.9940841794013977 3778.69 2865.39 3927.55 2864.03 3928.96 3017.37 3780.10 3018.73
26071-200-M6-052-00002 0.9938602447509766 3392.43 3538.77 3541.35 3539.61 3540.49 3690.36 3391.57 3689.51
26071-200-M6-052-00002 0.9933013916015625 3704.90 2258.42 3855.62 2258.44 3855.60 2412.02 3704.88 2412.00
26071-200-M6-052-00003 0.9994605183601379 3421.73 2757.86 3571.35 2757.65 3571.56 2910.70 3421.94 2910.91
26071-200-M6-052-00003 0.9992838501930237 5951.06 4177.11 6098.59 4177.50 6098.19 4327.62 5950.66 4327.23
26071-200-M6-052-00003 0.9991303086280823 4177.68 2924.73 4327.73 2924.90 4327.56 3073.30 4177.51 3073.13
26071-200-M6-052-00003 0.9990467429161072 2299.51 4174.26 2450.47 4174.47 2450.25 4328.79 2299.30 4328.58
26071-200-M6-052-00003 0.998420000076294 3422.08 3043.83 3572.92 3044.36 3572.39 3194.64 3421.55 3194.12
26071-200-M6-052-00003 0.9984143972396851 3267.68 4756.15 3420.01 4756.13 3420.03 4906.59 3267.70 4906.60
26071-200-M6-052-00003 0.9962544441223145 4177.57 3160.48 4326.11 3160.95 4325.63 3311.32 4177.09 3310.85
26071-200-M6-052-00003 0.9959729313850403 2877.38 4955.34 3029.67 4955.69 3029.32 5105.41 2877.04 5105.06
26071-200-M6-052-00003 0.9913956522941589 2524.88 4175.79 2673.25 4176.10 2672.94 4329.26 2524.57 4328.96
26071-200-M6-052-00003 0.9899469017982483 5358.62 5223.34 5508.81 5223.30 5508.84 5372.66 5358.65 5372.69
26071-200-M6-052-00003 0.9712717533111572 3763.60 4769.91 3910.36 4768.52 3911.78 4918.72 3765.02 4920.11
26071-200-M6-052-00080 0.9996129870414734 3512.61 4435.24 3660.88 4435.62 3660.49 4587.58 3512.22 4587.20
26071-200-M6-052-00080 0.9996069073677063 5690.21 3838.85 5839.70 3839.39 5839.16 3990.65 5689.67 3990.12
26071-200-M6-052-00080 0.9995730519294739 2266.10 3839.68 2414.68 3840.36 2413.99 3990.19 2265.41 3989.50
26071-200-M6-052-00080 0.9995693564414978 6937.33 4435.43 7088.02 4435.79 7087.67 4587.58 6936.98 4587.22
26071-200-M6-052-00080 0.9993184804916382 1814.71 840.72 1966.18 840.71 1966.19 990.72 1814.71 990.72
26071-200-M6-052-00080 0.999254047870636 6232.68 1767.55 6381.94 1768.92 6380.57 1918.38 6231.30 1917.01
26071-200-M6-052-00080 0.99905925989151 2807.09 1768.47 2957.80 1768.45 2957.82 1917.99 2807.11 1918.02
26071-200-M6-052-00080 0.998890221118927 1607.52 6206.19 1757.63 6205.26 1758.55 6353.69 1608.43 6354.61
26071-200-M6-052-00080 0.9988584518432617 4838.95 4974.80 4988.39 4975.06 4988.13 5125.81 4838.69 5125.55
26071-200-M6-052-00080 0.9988271594047546 6510.79 2347.50 6660.56 2346.73 6661.34 2497.48 6511.57 2498.26
26071-200-M6-052-00080 0.9987882971763611 2086.85 839.58 2233.73 839.77 2233.53 991.60 2086.65 991.41
26071-200-M6-052-00080 0.9986237287521362 3087.87 2017.10 3238.66 2017.62 3238.16 2163.89 3087.37 2163.37
26071-200-M6-052-00080 0.9985254406929016 6519.65 4744.87 6670.69 4744.97 6670.58 4896.06 6519.55 4895.95
26071-200-M6-052-00080 0.9984570741653442 1341.35 6206.50 1491.95 6205.86 1492.57 6353.49 1341.98 6354.13
26071-200-M6-052-00080 0.9984416365623474 7322.35 3530.17 7468.73 3528.45 7470.48 3677.71 7324.10 3679.43
26071-200-M6-052-00080 0.9983786344528198 1366.32 4974.85 1516.82 4975.10 1516.57 5126.01 1366.07 5125.76
26071-200-M6-052-00080 0.9983351826667786 6937.17 4672.55 7087.70 4672.84 7087.41 4822.76 6936.88 4822.47
26071-200-M6-052-00080 0.9982314705848694 3085.63 2347.02 3234.44 2346.31 3235.16 2496.88 3086.36 2497.60
26071-200-M6-052-00080 0.9981404542922974 3093.73 4741.49 3242.08 4741.66 3241.91 4891.31 3093.55 4891.13
26071-200-M6-052-00080 0.997978150844574 3086.54 2180.95 3236.50 2180.97 3236.48 2329.58 3086.52 2329.56
26071-200-M6-052-00080 0.9977791905403137 5888.46 3842.24 6039.09 3842.25 6039.08 3992.36 5888.45 3992.35
26071-200-M6-052-00080 0.9977618455886841 6510.89 2016.06 6660.85 2015.46 6661.45 2166.99 6511.50 2167.59
26071-200-M6-052-00080 0.9977204203605652 2462.94 3842.49 2613.60 3842.13 2613.95 3990.83 2463.30 3991.18
26071-200-M6-052-00080 0.99770587682724 6513.90 2182.20 6661.98 2183.31 6660.87 2331.26 6512.80 2330.16
26071-200-M6-052-00080 0.9976329803466797 7322.04 4356.74 7469.40 4355.25 7470.91 4506.09 7323.56 4507.58
26071-200-M6-052-00080 0.9976321458816528 3896.73 4356.06 4050.09 4356.68 4049.50 4503.61 3896.14 4502.99
26071-200-M6-052-00080 0.99751877784729 3512.04 4671.31 3662.21 4671.42 3662.09 4822.21 3511.92 4822.09
26071-200-M6-052-00080 0.9974803328514099 3897.38 3528.88 4044.23 3527.31 4045.84 3678.47 3899.00 3680.04
26071-200-M6-052-00080 0.9964082837104797 7322.75 3362.79 7470.53 3361.82 7471.51 3510.64 7323.73 3511.61
26071-200-M6-052-00080 0.9956793189048767 2565.91 4625.76 2717.21 4625.88 2717.09 4775.18 2565.79 4775.06
26071-200-M6-052-00080 0.9954804182052612 3897.50 4188.35 4045.06 4187.52 4045.90 4338.02 3898.35 4338.85
26071-200-M6-052-00080 0.9953070282936096 3896.75 3361.99 4044.85 3360.66 4046.21 3511.54 3898.10 3512.87
26071-200-M6-052-00080 0.9949472546577454 5991.39 4626.82 6141.10 4625.48 6142.45 4775.79 5992.74 4777.13
26071-200-M6-052-00080 0.9945889711380005 3230.19 6165.00 3382.54 6163.44 3384.07 6312.41 3231.72 6313.97
26071-200-M6-052-00080 0.993893563747406 6512.78 2512.99 6661.89 2513.21 6661.67 2659.01 6512.56 2658.79
26071-200-M6-052-00080 0.9938133955001831 3088.06 2512.35 3237.73 2512.53 3237.55 2661.39 3087.88 2661.22
26071-200-M6-052-00080 0.9934781789779663 6888.87 5168.68 7041.13 5169.01 7040.80 5317.57 6888.54 5317.23
26071-200-M6-052-00080 0.9917071461677551 6520.57 4575.19 6666.73 4575.56 6666.35 4727.34 6520.19 4726.98
26071-200-M6-052-00080 0.9902082681655884 7322.48 4188.73 7471.83 4188.86 7471.70 4338.43 7322.35 4338.31
26071-200-M6-052-00080 0.9898744821548462 3084.57 1767.50 3235.41 1767.67 3235.23 1920.65 3084.39 1920.47
26071-200-M6-052-00080 0.9896251559257507 6509.25 1768.29 6662.65 1768.76 6662.19 1920.27 6508.78 1919.80
26071-200-M6-052-00080 0.9896013140678406 3095.51 4578.33 3242.90 4578.45 3242.77 4728.79 3095.38 4728.66
26071-200-M6-052-00080 0.9889169931411743 3463.45 5169.06 3615.50 5169.25 3615.32 5317.32 3463.27 5317.13
26071-200-M6-052-00080 0.8324378132820129 5997.58 4810.24 6147.10 4809.97 6147.39 4967.14 5997.87 4967.42
26071-200-M6-052-00080 0.48224419355392456 2573.46 4810.77 2718.98 4810.44 2719.34 4966.87 2573.82 4967.21
26071-200-M6-052-00090 0.999727189540863 4851.42 3426.68 5001.62 3427.43 5000.88 3576.76 4850.68 3576.01
26071-200-M6-052-00090 0.9996463060379028 1862.86 3424.59 2012.28 3425.38 2011.48 3577.14 1862.06 3576.35
26071-200-M6-052-00090 0.9995686411857605 3865.97 2290.39 4018.14 2290.84 4017.69 2441.12 3865.53 2440.66
26071-200-M6-052-00090 0.9994195699691772 4532.06 5801.73 4682.18 5801.79 4682.11 5952.49 4531.99 5952.42
26071-200-M6-052-00090 0.9993395209312439 4808.52 5804.23 4959.27 5804.58 4958.93 5953.13 4808.17 5952.78
26071-200-M6-052-00090 0.9990555644035339 5462.92 1308.79 5614.19 1308.00 5614.96 1456.51 5463.68 1457.30
26071-200-M6-052-00090 0.9989410042762756 2406.10 1354.99 2554.61 1355.74 2553.85 1504.96 2405.34 1504.21
26071-200-M6-052-00090 0.9989383816719055 952.99 4561.04 1102.24 4561.39 1101.89 4713.18 952.64 4712.83
26071-200-M6-052-00090 0.9985653758049011 5746.28 1956.68 5894.90 1958.03 5893.55 2107.10 5744.93 2105.75
26071-200-M6-052-00090 0.9984303116798401 3865.97 2571.68 4013.18 2570.33 4014.57 2722.34 3867.36 2723.68
26071-200-M6-052-00090 0.9982666969299316 5746.50 1721.72 5894.95 1721.52 5895.14 1869.16 5746.69 1869.35
26071-200-M6-052-00090 0.9981772899627686 2684.46 1910.77 2834.94 1911.34 2834.38 2059.82 2683.90 2059.25
26071-200-M6-052-00090 0.998156726360321 5274.49 4564.00 5422.38 4564.33 5422.04 4714.84 5274.16 4714.51
26071-200-M6-052-00090 0.9978532195091248 5744.89 1303.60 5891.40 1303.92 5891.06 1457.15 5744.55 1456.82
26071-200-M6-052-00090 0.9977971315383911 2685.43 1353.09 2833.44 1353.35 2833.18 1503.26 2685.17 1503.00
26071-200-M6-052-00090 0.9976884126663208 2686.91 1574.70 2835.21 1574.86 2835.04 1729.71 2686.75 1729.55
26071-200-M6-052-00090 0.9974861145019531 2075.61 3424.90 2226.69 3424.81 2226.78 3578.76 2075.71 3578.85
26071-200-M6-052-00090 0.997391939163208 2686.03 1745.66 2835.35 1745.34 2835.67 1893.13 2686.35 1893.45
26071-200-M6-052-00090 0.9972246885299683 2414.90 1744.92 2564.29 1745.07 2564.14 1892.07 2414.76 1891.92
26071-200-M6-052-00090 0.9971979856491089 3541.43 2997.58 3692.46 2996.51 3693.54 3147.39 3542.50 3148.47
26071-200-M6-052-00090 0.9970979690551758 5075.56 3428.58 5224.81 3428.88 5224.52 3577.39 5075.26 3577.09
26071-200-M6-052-00090 0.9970307350158691 3975.27 4564.06 4125.48 4563.52 4126.02 4715.01 3975.81 4715.55
26071-200-M6-052-00090 0.9965812563896179 5225.31 3973.34 5373.33 3973.32 5373.35 4125.85 5225.33 4125.87
26071-200-M6-052-00090 0.9964711666107178 5742.27 1554.68 5892.53 1553.93 5893.28 1705.18 5743.02 1705.93
26071-200-M6-052-00090 0.9962526559829712 6553.97 4365.44 6702.93 4364.54 6703.84 4515.17 6554.87 4516.06
26071-200-M6-052-00090 0.9961374402046204 3529.21 3793.69 3676.59 3793.93 3676.34 3946.17 3528.96 3945.93
26071-200-M6-052-00090 0.9961219429969788 3705.69 3795.35 3855.32 3795.34 3855.33 3946.24 3705.71 3946.25
26071-200-M6-052-00090 0.9959490299224854 3542.16 2830.31 3690.33 2829.35 3691.30 2979.66 3543.14 2980.62
26071-200-M6-052-00090 0.9958913326263428 2212.22 3977.30 2359.84 3976.12 2361.04 4125.85 2213.42 4127.03
26071-200-M6-052-00090 0.9958264231681824 5744.44 2122.22 5894.89 2122.59 5894.53 2269.15 5744.08 2268.78
26071-200-M6-052-00090 0.994421660900116 2264.16 4564.86 2413.37 4564.14 2414.08 4711.89 2264.87 4712.61
26071-200-M6-052-00090 0.9943665862083435 2685.66 2074.71 2834.79 2074.76 2834.74 2223.24 2685.61 2223.19
26071-200-M6-052-00090 0.9942558407783508 5610.74 1841.32 5760.58 1841.39 5760.51 1986.07 5610.67 1986.00
26071-200-M6-052-00090 0.9941099286079407 5455.00 4560.64 5602.27 4560.60 5602.32 4714.07 5455.05 4714.12
26071-200-M6-052-00090 0.9935809373855591 6553.76 4532.99 6701.98 4531.58 6703.42 4682.28 6555.20 4683.69
26071-200-M6-052-00090 0.9917520880699158 2443.15 4562.95 2590.60 4562.85 2590.70 4713.43 2443.25 4713.53
26071-200-M6-052-00090 0.9862353205680847 4070.38 5750.11 4220.69 5749.18 4221.64 5901.27 4071.33 5902.21
26071-200-M6-052-00090 0.7042288780212402 2214.44 4167.27 2372.72 4169.11 2371.03 4314.25 2212.75 4312.41
26071-200-M6-052-00090 0.5088635683059692 5227.47 4174.75 5378.89 4174.01 5379.58 4314.78 5228.16 4315.53
26071-200-M6-052-00093 0.9994034767150879 989.86 2096.86 1138.72 2097.15 1138.42 2247.85 989.56 2247.56
26071-200-M6-052-00093 0.9993859529495239 3233.05 801.25 3381.00 801.50 3380.75 949.99 3232.81 949.74
26071-200-M6-052-00093 0.999320387840271 5831.25 3320.74 5979.08 3320.83 5978.99 3472.71 5831.16 3472.62
26071-200-M6-052-00093 0.9992883801460266 5832.05 3040.54 5981.58 3040.80 5981.31 3193.12 5831.77 3192.86
26071-200-M6-052-00093 0.9992393255233765 6363.20 3321.32 6511.19 3321.69 6510.80 3472.18 6362.82 3471.80
26071-200-M6-052-00093 0.9981458187103271 2594.28 3325.50 2744.80 3325.01 2745.28 3473.57 2594.76 3474.05
26071-200-M6-052-00093 0.9977783560752869 2523.29 962.18 2670.35 961.16 2671.40 1113.29 2524.34 1114.31
26071-200-M6-052-00093 0.9975893497467041 2828.99 3323.34 2978.83 3322.34 2979.85 3474.77 2830.00 3475.77
26071-200-M6-052-00093 0.9975123405456543 5316.11 6184.74 5464.57 6185.75 5463.56 6335.92 5315.10 6334.92
26071-200-M6-052-00093 0.9974502921104431 3841.77 2064.26 3990.03 2063.17 3991.14 2213.73 3842.87 2214.82
26071-200-M6-052-00093 0.9966346621513367 3512.04 4179.17 3662.95 4179.04 3663.07 4327.82 3512.17 4327.95
26071-200-M6-052-00093 0.9964411854743958 4292.80 2453.12 4439.86 2454.08 4438.88 2604.03 4291.82 2603.06
26071-200-M6-052-00093 0.996298611164093 988.79 2375.09 1137.81 2375.25 1137.64 2528.33 988.63 2528.17
26071-200-M6-052-00093 0.9958721995353699 4434.09 4048.86 4580.52 4049.50 4579.88 4195.85 4433.45 4195.22
26071-200-M6-052-00093 0.9956321120262146 4292.55 4872.75 4440.37 4873.28 4439.83 5023.88 4292.01 5023.36
26071-200-M6-052-00093 0.9954609274864197 4292.06 4697.71 4442.81 4698.09 4442.44 4843.71 4291.70 4843.33
26071-200-M6-052-00093 0.9953723549842834 4292.47 2687.96 4440.17 2688.63 4439.49 2839.68 4291.78 2839.01
26071-200-M6-052-00093 0.9953267574310303 3843.77 4081.44 3990.98 4081.63 3990.78 4231.94 3843.57 4231.75
26071-200-M6-052-00093 0.9951030015945435 3511.64 1862.03 3660.73 1862.56 3660.20 2011.67 3511.11 2011.14
26071-200-M6-052-00093 0.9950436353683472 5239.80 2378.62 5391.36 2378.90 5391.08 2529.65 5239.52 2529.36
26071-200-M6-052-00093 0.9949809908866882 3843.71 1721.46 3992.91 1721.86 3992.52 1868.04 3843.32 1867.65
26071-200-M6-052-00093 0.9947861433029175 3841.24 4308.78 3991.00 4307.99 3991.79 4458.35 3842.03 4459.14
26071-200-M6-052-00093 0.9933547973632812 5549.45 4414.55 5700.25 4414.20 5700.60 4563.58 5549.80 4563.93
26071-200-M6-052-00093 0.9927859902381897 5550.76 4613.16 5699.40 4612.85 5699.72 4765.83 5551.08 4766.14
26071-200-M6-052-00093 0.9926404356956482 3516.83 4504.26 3667.84 4504.26 3667.84 4652.44 3516.83 4652.44
26071-200-M6-052-00093 0.9922572374343872 4434.53 2063.30 4583.67 2063.49 4583.48 2213.51 4434.33 2213.32
26071-200-M6-052-00093 0.9920216202735901 5550.45 2641.27 5699.36 2640.73 5699.91 2793.11 5551.00 2793.65
26071-200-M6-052-00093 0.9916907548904419 4434.06 1720.36 4581.09 1720.84 4580.61 1868.39 4433.58 1867.91
26071-200-M6-052-00093 0.9879770874977112 3515.24 2140.34 3666.98 2140.70 3666.63 2290.59 3514.89 2290.23
26071-200-M6-052-00093 0.9864748120307922 4434.12 4305.11 4581.59 4305.53 4581.14 4461.40 4433.67 4460.97
26071-200-M6-052-00093 0.9837295413017273 2758.55 961.59 2908.24 960.45 2909.42 1114.25 2759.72 1115.39
26071-200-M6-052-00093 0.06253789365291595 6853.67 3130.99 7009.91 3128.81 7012.00 3277.90 6855.76 3280.08
26071-200-M6-052-00150 0.9994801878929138 2406.55 3988.43 2556.56 3988.29 2556.70 4135.90 2406.69 4136.04
26071-200-M6-052-00150 0.9994321465492249 2407.24 797.03 2555.29 797.00 2555.32 949.73 2407.27 949.76
26071-200-M6-052-00150 0.9993017911911011 2405.93 1078.11 2555.37 1078.76 2554.73 1228.11 2405.28 1227.47
26071-200-M6-052-00150 0.9990373849868774 1933.45 1076.86 2083.80 1077.20 2083.46 1227.11 1933.11 1226.77
26071-200-M6-052-00150 0.9989340901374817 4649.21 3987.60 4801.21 3987.38 4801.42 4137.02 4649.43 4137.24
26071-200-M6-052-00150 0.998916745185852 3893.18 3488.54 4045.83 3488.73 4045.65 3636.13 3893.00 3635.94
26071-200-M6-052-00150 0.9988988637924194 6892.49 4502.34 7045.23 4502.33 7045.24 4654.25 6892.50 4654.26
26071-200-M6-052-00150 0.9987232089042664 6540.44 4501.32 6688.74 4501.68 6688.37 4653.11 6540.07 4652.74
26071-200-M6-052-00150 0.9987173080444336 6264.54 4503.38 6413.02 4504.25 6412.14 4654.64 6263.66 4653.77
26071-200-M6-052-00150 0.9982739686965942 4962.78 1639.44 5111.68 1640.33 5110.79 1788.62 4961.89 1787.73
26071-200-M6-052-00150 0.9981001019477844 6268.22 5590.71 6417.79 5590.74 6417.75 5739.40 6268.18 5739.36
26071-200-M6-052-00150 0.9979085922241211 4484.74 5069.19 4633.38 5069.55 4633.01 5221.00 4484.37 5220.64
26071-200-M6-052-00150 0.9978195428848267 5782.48 5073.00 5932.67 5072.43 5933.23 5222.49 5783.05 5223.05
26071-200-M6-052-00150 0.9975997805595398 3942.89 2849.89 4091.23 2850.14 4090.97 3002.67 3942.63 3002.41
26071-200-M6-052-00150 0.9974206686019897 6717.13 4888.61 6865.12 4888.89 6864.83 5041.89 6716.84 5041.61
26071-200-M6-052-00150 0.9972315430641174 4177.90 2850.92 4328.13 2851.18 4327.87 2999.65 4177.64 2999.39
26071-200-M6-052-00150 0.9965822100639343 2758.78 2852.18 2907.18 2850.61 2908.80 3003.50 2760.40 3005.07
26071-200-M6-052-00150 0.9964690208435059 2643.29 3986.28 2790.83 3986.24 2790.88 4138.03 2643.34 4138.08
26071-200-M6-052-00150 0.9957442879676819 4967.81 5590.02 5118.92 5589.89 5119.05 5737.10 4967.93 5737.23
26071-200-M6-052-00150 0.9946631193161011 987.82 1670.40 1137.96 1670.21 1138.15 1818.65 988.00 1818.83
26071-200-M6-052-00150 0.9935424327850342 2166.04 1072.84 2318.86 1070.14 2321.57 1223.08 2168.74 1225.78
26071-200-M6-052-00150 0.9886625409126282 2994.01 2851.31 3143.76 2850.63 3144.46 3004.25 2994.71 3004.93
26071-200-M6-052-00539 0.9996134638786316 6894.42 5758.38 7044.79 5758.38 7044.79 5909.41 6894.42 5909.41
26071-200-M6-052-00539 0.9993656277656555 2760.96 4577.27 2909.31 4577.65 2908.91 4729.80 2760.56 4729.41
26071-200-M6-052-00539 0.9992838501930237 4768.10 5567.83 4918.25 5567.84 4918.24 5716.32 4768.09 5716.31
26071-200-M6-052-00539 0.9990898370742798 3350.90 3797.89 3501.66 3797.98 3501.58 3948.17 3350.82 3948.08
26071-200-M6-052-00539 0.9988553524017334 4119.34 4739.20 4268.96 4739.42 4268.74 4889.22 4119.13 4889.00
26071-200-M6-052-00539 0.9988435506820679 6893.71 6040.02 7044.89 6040.01 7044.91 6188.51 6893.72 6188.52
26071-200-M6-052-00539 0.9987107515335083 2644.48 3796.63 2791.15 3796.79 2790.99 3950.12 2644.32 3949.96
26071-200-M6-052-00539 0.9986758828163147 2878.64 3798.72 3028.96 3798.81 3028.87 3948.55 2878.55 3948.46
26071-200-M6-052-00539 0.9982927441596985 7127.77 6040.76 7280.03 6041.21 7279.58 6190.51 7127.32 6190.05
26071-200-M6-052-00539 0.9982568621635437 5179.97 6039.66 5328.05 6038.64 5329.10 6191.39 5181.02 6192.41
26071-200-M6-052-00539 0.9977438449859619 3231.99 4857.31 3383.13 4857.11 3383.34 5009.45 3232.20 5009.65
26071-200-M6-052-00539 0.9975757002830505 5418.49 6039.11 5567.76 6039.31 5567.56 6188.51 5418.29 6188.31
26071-200-M6-052-00539 0.9973829388618469 4355.44 4738.68 4505.04 4738.75 4504.98 4889.04 4355.37 4888.98
26071-200-M6-052-00539 0.997260332107544 2759.13 4857.87 2907.99 4857.01 2908.89 5011.01 2760.03 5011.88
26071-200-M6-052-00539 0.9966172575950623 4588.50 4740.24 4738.65 4740.20 4738.68 4890.82 4588.53 4890.86
26071-200-M6-052-00539 0.9962518811225891 4297.20 5566.63 4445.48 5566.90 4445.21 5717.19 4296.93 5716.93
26071-200-M6-052-00539 0.9934739470481873 1976.76 2866.46 2126.78 2866.55 2126.69 3014.40 1976.67 3014.31
26071-200-M6-052-00539 0.9866495728492737 2995.80 4857.59 3145.22 4857.87 3144.94 5008.93 2995.52 5008.65
26071-200-M6-052-00544 0.999423623085022 1166.68 3792.76 1316.65 3793.17 1316.23 3945.57 1166.25 3945.15
26071-200-M6-052-00544 0.999408483505249 5003.62 3596.73 5154.59 3596.49 5154.83 3745.59 5003.86 3745.83
26071-200-M6-052-00544 0.9993417859077454 6186.24 2578.52 6334.49 2579.15 6333.85 2727.85 6185.60 2727.21
26071-200-M6-052-00544 0.9982572197914124 4768.74 3874.93 4918.42 3874.76 4918.60 4025.01 4768.92 4025.18
26071-200-M6-052-00544 0.997840404510498 4512.31 3556.02 4662.21 3556.23 4661.99 3709.05 4512.09 3708.84
26071-200-M6-052-00544 0.9969375133514404 3773.19 2688.85 3921.64 2690.83 3919.65 2839.78 3771.20 2837.80
26071-200-M6-052-00544 0.996696949005127 1460.47 3971.43 1610.67 3971.69 1610.41 4121.45 1460.22 4121.19
26071-200-M6-052-00544 0.9965896606445312 3587.25 3873.95 3735.88 3874.01 3735.81 4025.27 3587.19 4025.21
26071-200-M6-052-00544 0.9964200258255005 2761.30 2021.55 2910.28 2021.83 2909.99 2174.36 2761.01 2174.08
26071-200-M6-052-00544 0.9962249994277954 2227.82 3087.26 2378.78 3087.10 2378.94 3236.11 2227.98 3236.27
26071-200-M6-052-00544 0.995518147945404 3113.39 3876.41 3261.48 3875.50 3262.42 4027.55 3114.32 4028.46
26071-200-M6-052-00544 0.9940069913864136 5002.75 3877.15 5154.37 3876.66 5154.86 4026.91 5003.24 4027.40
26071-200-M6-052-00552 0.9998525381088257 4175.27 4858.11 4329.52 4858.20 4329.44 5008.04 4175.18 5007.95
26071-200-M6-052-00552 0.9998354911804199 4176.76 4577.82 4329.37 4578.13 4329.07 4728.39 4176.45 4728.08
26071-200-M6-052-00552 0.9998249411582947 4529.35 4857.77 4683.05 4857.61 4683.21 5007.48 4529.51 5007.64
26071-200-M6-052-00552 0.9998152852058411 4366.63 2639.21 4516.82 2639.30 4516.73 2791.55 4366.54 2791.46
26071-200-M6-062-00276 0.9999237060546875 5829.72 2730.57 5981.83 2730.93 5981.48 2881.72 5829.36 2881.36
26071-200-M6-062-00276 0.9999164342880249 2110.26 2613.69 2261.94 2613.87 2261.76 2763.36 2110.08 2763.18
26071-200-M6-062-00276 0.9999068975448608 5121.99 3793.30 5273.36 3793.46 5273.20 3944.80 5121.83 3944.64
26071-200-M6-062-00276 0.9999034404754639 4768.12 3793.56 4918.04 3793.70 4917.91 3945.29 4767.99 3945.16
26071-200-M6-062-00276 0.9999014139175415 3349.24 3793.59 3501.73 3793.78 3501.54 3945.07 3349.05 3944.88
26071-200-M6-062-00276 0.9999009370803833 2110.65 1904.17 2261.91 1904.37 2261.71 2054.80 2110.46 2054.60
26071-200-M6-062-00276 0.9998964071273804 1461.56 3675.51 1611.34 3675.75 1611.09 3825.78 1461.31 3825.54
26071-200-M6-062-00276 0.9998739957809448 3405.58 2806.12 3556.42 2806.29 3556.24 2958.45 3405.40 2958.27
26071-200-M6-062-00276 0.9998711347579956 1106.39 3321.17 1257.39 3321.35 1257.21 3471.79 1106.22 3471.61
26071-200-M6-062-00276 0.9998379945755005 5123.03 3521.85 5273.00 3522.15 5272.70 3672.61 5122.73 3672.32
26071-200-M6-062-00276 0.999836802482605 2111.23 1549.38 2260.05 1549.54 2259.88 1701.47 2111.06 1701.30
26071-200-M6-062-00276 0.9997814297676086 3114.32 3793.56 3264.85 3793.73 3264.68 3944.27 3114.15 3944.10
26071-200-M6-062-00276 0.999714195728302 4566.39 3302.75 4717.89 3302.95 4717.69 3452.15 4566.20 3451.96
26071-200-M6-062-00276 0.9996776580810547 4039.72 3277.75 4189.04 3277.82 4188.97 3429.28 4039.65 3429.21
26071-200-M6-062-00276 0.99967360496521 2346.64 1388.89 2496.20 1389.14 2495.95 1540.01 2346.38 1539.76
26071-200-M6-062-00276 0.0517607145011425 4768.71 3040.33 4911.59 3038.69 4913.38 3194.04 4770.50 3195.68
26071-200-M6-063-00010 0.9999285936355591 4413.16 1667.87 4564.12 1668.14 4563.85 1818.10 4412.89 1817.82
26071-200-M6-063-00010 0.9999260902404785 2523.24 3322.76 2674.46 3322.79 2674.43 3471.70 2523.21 3471.67
26071-200-M6-063-00010 0.9999097585678101 1933.50 4265.80 2084.78 4266.15 2084.44 4416.60 1933.16 4416.25
26071-200-M6-063-00010 0.9999080896377563 4650.03 3928.52 4800.45 3928.82 4800.15 4078.60 4649.73 4078.30
26071-200-M6-063-00010 0.9998983144760132 3351.45 5446.78 3499.96 5447.14 3499.60 5597.51 3351.08 5597.15
26071-200-M6-063-00010 0.9998936653137207 2286.74 3042.25 2438.15 3042.52 2437.88 3193.13 2286.47 3192.86
26071-200-M6-063-00010 0.999873161315918 2287.80 3321.94 2437.14 3321.91 2437.17 3472.50 2287.83 3472.53
26071-200-M6-063-00010 0.9998725652694702 4531.50 5447.20 4681.71 5447.87 4681.04 5598.29 4530.83 5597.63
26071-200-M6-063-00010 0.9998611211776733 4886.67 1667.73 5036.66 1667.82 5036.57 1819.12 4886.58 1819.04
26071-200-M6-063-00010 0.9997841715812683 4945.76 3930.43 5094.59 3930.71 5094.30 4080.25 4945.48 4079.97
26071-203-M6-060-00001 0.9998835325241089 3231.94 2935.66 3383.83 2936.26 3383.24 3086.81 3231.36 3086.22
26071-203-M6-060-00001 0.9998798370361328 2996.49 1172.04 3147.60 1172.14 3147.49 1322.32 2996.38 1322.22
26071-203-M6-060-00001 0.9998797178268433 2997.50 3204.32 3147.07 3204.94 3146.46 3354.10 2996.88 3353.49
26071-203-M6-060-00001 0.9998797178268433 3232.73 4338.37 3383.52 4338.89 3383.01 4487.52 3232.22 4487.00
26071-203-M6-060-00001 0.9998621940612793 3231.42 5283.52 3384.38 5283.80 3384.11 5432.27 3231.15 5431.99
26071-203-M6-060-00001 0.9998613595962524 3232.28 3204.00 3383.19 3204.36 3382.83 3354.01 3231.92 3353.65
26071-203-M6-060-00001 0.9998587369918823 2996.99 2258.22 3147.28 2258.72 3146.78 2409.19 2996.49 2408.69
26071-203-M6-060-00001 0.99985671043396 3232.16 1991.03 3383.63 1991.52 3383.14 2142.05 3231.67 2141.56
26071-203-M6-060-00001 0.999855637550354 3232.40 2259.38 3382.83 2259.76 3382.46 2409.68 3232.02 2409.31
26071-203-M6-060-00001 0.9998527765274048 2760.49 4385.20 2909.99 4385.12 2910.07 4536.34 2760.56 4536.41
26071-203-M6-060-00001 0.999848484992981 3587.01 1148.38 3737.38 1148.42 3737.34 1299.37 3586.97 1299.32
26071-203-M6-060-00001 0.9998459815979004 2996.69 4337.80 3146.98 4338.06 3146.72 4487.61 2996.43 4487.35
26071-203-M6-060-00001 0.9998444318771362 2759.96 4116.38 2911.55 4116.67 2911.27 4268.23 2759.67 4267.95
26071-203-M6-060-00001 0.9998378753662109 2760.02 5331.50 2910.52 5331.43 2910.58 5480.49 2760.09 5480.56
26071-203-M6-060-00001 0.9998371601104736 2996.28 5283.56 3147.91 5283.80 3147.68 5432.54 2996.05 5432.31
26071-203-M6-060-00001 0.9998264908790588 2760.98 1171.55 2909.96 1171.72 2909.79 1321.66 2760.81 1321.49
26071-203-M6-060-00001 0.9998145699501038 3232.38 917.21 3383.36 917.48 3383.09 1066.89 3232.11 1066.61
26071-203-M6-060-00001 0.9998015761375427 2761.65 3203.32 2909.88 3203.68 2909.51 3353.85 2761.28 3353.48
26071-203-M6-060-00001 0.9997972846031189 3231.44 1197.13 3383.89 1197.42 3383.60 1346.04 3231.15 1345.74
26071-203-M6-060-00001 0.9997923970222473 2759.81 5062.84 2911.29 5062.87 2911.26 5212.68 2759.78 5212.65
26071-203-M6-060-00001 0.9997920393943787 2761.52 2258.69 2909.91 2259.12 2909.48 2408.96 2761.08 2408.53
26071-203-M6-060-00001 0.9997782111167908 3587.33 5282.57 3737.40 5282.79 3737.18 5434.80 3587.11 5434.58
26071-203-M6-060-00001 0.9997733235359192 3586.63 4337.81 3736.81 4337.99 3736.63 4488.74 3586.45 4488.56
26071-203-M6-060-00006 0.9998855590820312 2960.53 3336.64 3112.24 3336.87 3112.00 3487.13 2960.29 3486.90
26071-203-M6-060-00006 0.9998718500137329 5948.29 2618.98 6099.89 2619.07 6099.81 2767.94 5948.21 2767.86
26071-203-M6-060-00006 0.9998641014099121 7365.59 5800.56 7516.99 5800.77 7516.78 5954.07 7365.38 5953.87
26071-203-M6-060-00006 0.9998583793640137 5949.90 2333.15 6100.13 2333.40 6099.88 2484.29 5949.65 2484.04
26071-203-M6-060-00006 0.9998239874839783 2286.80 2448.95 2438.45 2449.26 2438.15 2597.02 2286.50 2596.71
26071-203-M6-060-00006 0.9998161196708679 2690.32 4695.33 2839.18 4695.79 2838.72 4845.59 2689.86 4845.13
26071-203-M6-060-00006 0.9998013377189636 7366.28 5522.77 7517.63 5522.80 7517.61 5672.77 7366.26 5672.74
26071-203-M6-060-00006 0.9997944235801697 3362.70 3454.89 3512.44 3455.61 3511.72 3605.75 3361.98 3605.04
26071-203-M6-060-00006 0.9997811913490295 2960.94 2982.62 3111.11 2982.95 3110.78 3133.80 2960.61 3133.47
26071-203-M6-060-00006 0.999776303768158 2689.95 5451.16 2840.04 5451.29 2839.90 5602.51 2689.82 5602.38
26071-203-M6-060-00006 0.9997695088386536 7130.03 5803.10 7280.79 5803.43 7280.46 5953.15 7129.70 5952.81
26071-203-M6-060-00006 0.9997672438621521 3646.88 4693.25 3794.89 4693.88 3794.24 4846.26 3646.22 4845.62
26071-203-M6-060-00006 0.9997527003288269 3646.13 5451.10 3796.45 5451.23 3796.32 5602.50 3646.00 5602.36
26071-203-M6-060-00006 0.9997172951698303 5711.83 2618.78 5863.77 2618.28 5864.26 2768.29 5712.31 2768.78
26071-203-M6-060-00006 0.9997087121009827 3904.07 5453.96 4055.43 5453.36 4056.02 5603.14 3904.67 5603.74
26071-203-M6-060-00006 0.9997000694274902 3904.85 5049.76 4057.10 5049.89 4056.97 5200.62 3904.72 5200.49
26071-203-M6-060-00006 0.999699592590332 2689.48 5049.54 2839.50 5049.71 2839.32 5201.39 2689.30 5201.22
26071-203-M6-060-00006 0.99968421459198 2417.99 5451.32 2568.83 5451.43 2568.72 5602.75 2417.88 5602.64
26071-203-M6-060-00006 0.9996747970581055 3645.36 5253.43 3797.89 5253.51 3797.81 5402.58 3645.28 5402.50
26071-203-M6-060-00006 0.9996670484542847 3633.63 3455.66 3786.25 3456.04 3785.87 3605.13 3633.26 3604.75
26071-203-M6-060-00006 0.9996583461761475 2689.78 5251.83 2836.92 5250.59 2838.21 5403.35 2691.07 5404.59
26071-203-M6-060-00006 0.9996212720870972 3644.81 5053.01 3797.32 5053.14 3797.19 5201.24 3644.68 5201.11
26071-203-M6-060-00006 0.9995375871658325 2416.68 5049.90 2569.50 5049.90 2569.50 5200.61 2416.68 5200.61
26071-203-M6-060-00006 0.9995169639587402 3905.86 5250.94 4056.39 5251.06 4056.27 5402.76 3905.74 5402.64
26071-203-M6-060-00006 0.999423623085022 2418.32 5250.00 2568.18 5250.15 2568.03 5402.68 2418.17 5402.53
26071-203-M6-060-00006 0.9992597699165344 7188.20 4448.05 7338.31 4448.84 7337.51 4601.50 7187.40 4600.71
26071-203-M6-060-00006 0.9991577863693237 7131.49 4686.37 7279.29 4686.78 7278.87 4834.68 7131.07 4834.26
26071-203-M6-060-00006 0.9991408586502075 6291.90 4686.60 6441.91 4686.39 6442.12 4834.87 6292.10 4835.08
26071-203-M6-060-00006 0.9988381266593933 7130.73 4982.05 7281.71 4982.52 7281.26 5128.16 7130.28 5127.69
26071-203-M6-060-00006 0.9987711310386658 6289.18 4981.48 6439.49 4979.91 6441.06 5130.17 6290.74 5131.74
26071-203-M6-064-00271 0.999854564666748 1520.83 4620.84 1669.88 4620.92 1669.80 4771.45 1520.75 4771.37
26071-203-M6-064-00271 0.9998281002044678 1698.37 4620.42 1848.04 4620.62 1847.84 4771.70 1698.16 4771.50
26071-203-M6-079-00001 0.999923825263977 3822.92 2731.17 3973.43 2731.36 3973.24 2881.67 3822.72 2881.47
26071-203-M6-079-00001 0.9999086856842041 4176.87 5683.75 4328.20 5683.86 4328.09 5834.11 4176.76 5834.00
26071-203-M6-079-00001 0.9999037981033325 4177.69 3676.41 4327.89 3676.68 4327.62 3826.24 4177.42 3825.97
26071-203-M6-079-00001 0.9999020099639893 4176.99 841.13 4328.32 841.24 4328.20 992.58 4176.87 992.46
26071-203-M6-079-00001 0.9998956918716431 4176.46 4739.72 4329.47 4739.95 4329.25 4888.95 4176.24 4888.72
26071-203-M6-079-00001 0.9998935461044312 3823.86 804.91 3972.68 805.53 3972.04 958.00 3823.23 957.38
26071-203-M6-079-00001 0.9998829364776611 4531.35 4680.97 4682.62 4681.09 4682.50 4830.30 4531.24 4830.19
26071-203-M6-079-00001 0.999881386756897 4177.39 1786.32 4327.14 1786.73 4326.72 1936.78 4176.98 1936.37
26071-203-M6-079-00001 0.9998812675476074 3822.85 5648.56 3974.20 5648.62 3974.14 5799.41 3822.79 5799.34
26071-203-M6-079-00001 0.9998807907104492 4177.56 562.02 4328.24 562.34 4327.92 712.65 4177.24 712.33
26071-203-M6-079-00001 0.999879002571106 3823.44 3640.79 3974.33 3640.96 3974.16 3791.35 3823.27 3791.18
26071-203-M6-079-00001 0.9998718500137329 4176.70 4458.84 4329.16 4459.09 4328.92 4610.09 4176.46 4609.85
26071-203-M6-079-00001 0.9998718500137329 4177.18 3396.36 4328.75 3396.57 4328.55 3547.08 4176.98 3546.87
26071-203-M6-079-00001 0.999869704246521 3823.14 4703.73 3973.31 4703.98 3973.06 4854.38 3822.89 4854.13
26071-203-M6-079-00001 0.9998674392700195 4176.73 5404.05 4329.09 5404.36 4328.79 5555.17 4176.43 5554.86
26071-203-M6-079-00001 0.9998635053634644 3468.53 2696.07 3618.95 2696.26 3618.76 2846.11 3468.33 2845.91
26071-203-M6-079-00001 0.9998577833175659 3468.36 1752.21 3618.94 1752.07 3619.07 1902.19 3468.49 1902.32
26071-203-M6-079-00001 0.9998536109924316 4531.62 5624.48 4681.60 5625.06 4681.01 5776.49 4531.04 5775.91
26071-203-M6-079-00001 0.9998518228530884 3468.44 5650.49 3618.85 5650.50 3618.83 5799.10 3468.43 5799.08
26071-203-M6-079-00001 0.9998500347137451 3468.71 4703.75 3618.78 4703.90 3618.63 4853.78 3468.56 4853.63
26071-203-M6-079-00001 0.9998494386672974 4176.54 1506.46 4329.30 1506.83 4328.93 1658.69 4176.17 1658.31
26071-203-M6-079-00001 0.9998465776443481 3468.22 3641.16 3618.87 3641.40 3618.63 3791.01 3467.99 3790.78
26071-203-M6-079-00001 0.9998373985290527 3823.01 2452.47 3974.69 2452.51 3974.65 2602.84 3822.98 2602.80
26071-203-M6-079-00001 0.9998225569725037 3468.55 805.74 3619.03 806.10 3618.67 957.35 3468.19 956.99
26071-203-M6-079-00001 0.9998202919960022 4531.10 3617.60 4682.10 3618.04 4681.66 3767.31 4530.66 3766.87
26071-203-M6-079-00001 0.9998064637184143 4531.94 782.75 4682.31 782.83 4682.23 932.69 4531.86 932.61
26071-203-M6-160-00291 0.9999366998672485 2169.90 3344.83 2320.83 3344.88 2320.77 3495.46 2169.84 3495.41
26071-203-M6-160-00291 0.999933123588562 3126.94 2452.03 3277.94 2452.33 3277.65 2602.10 3126.64 2601.80
26071-203-M6-160-00291 0.9999284744262695 1934.10 3344.96 2084.74 3345.03 2084.67 3495.60 1934.03 3495.53
26071-203-M6-160-00291 0.9999133348464966 1697.37 3344.89 1848.67 3344.85 1848.72 3496.20 1697.41 3496.25
26071-203-M6-160-00291 0.9998928308486938 2265.14 5144.58 2414.69 5144.60 2414.68 5294.70 2265.13 5294.68
26071-203-M6-160-00291 0.9998825788497925 5854.18 5027.99 6005.40 5027.88 6005.51 5177.18 5854.30 5177.29
26071-203-M6-160-00291 0.999879002571106 6008.29 2644.28 6160.23 2644.44 6160.08 2796.08 6008.13 2795.92
26071-203-M6-160-00291 0.999869704246521 4756.07 5146.44 4905.49 5145.97 4905.96 5296.50 4756.54 5296.96
26071-203-M6-160-00291 0.9998670816421509 6127.10 1719.43 6277.50 1719.46 6277.47 1870.16 6127.08 1870.13
26071-203-M6-160-00291 0.9998635053634644 1271.02 1190.18 1424.96 1190.20 1424.94 1339.15 1271.00 1339.13
26071-203-M6-160-00291 0.9998481273651123 6007.37 2924.36 6159.74 2924.84 6159.27 3073.31 6006.91 3072.83
26071-203-M6-160-00291 0.9997920393943787 3363.26 5084.81 3511.96 5084.90 3511.86 5236.23 3363.17 5236.14
26071-203-M6-160-00291 0.9997612833976746 1106.58 2023.16 1257.43 2023.26 1257.33 2173.64 1106.48 2173.54
26071-203-M6-160-00291 0.9997479319572449 6200.46 2501.04 6352.23 2501.36 6351.91 2649.46 6200.14 2649.14
26071-203-M6-160-00291 0.9996387958526611 4945.47 5901.01 5094.11 5900.46 5094.67 6051.86 4946.02 6052.41
26071-203-M6-160-00291 0.9996026158332825 2464.67 5899.87 2615.57 5900.09 2615.36 6051.14 2464.45 6050.92
26071-203-M6-320-00008 0.9999089241027832 6705.55 2125.14 6855.66 2125.02 6855.79 2275.84 6705.68 2275.97
26071-203-M6-320-00008 0.999893069267273 6226.08 2125.90 6376.51 2126.01 6376.40 2275.92 6225.97 2275.81
26071-203-M6-320-00008 0.9998526573181152 2805.95 3895.14 2956.94 3895.35 2956.73 4046.01 2805.74 4045.80
26071-203-M6-320-00008 0.9997904896736145 5235.57 3804.02 5386.94 3804.26 5386.71 3956.31 5235.33 3956.08
26071-203-M6-320-00008 0.9997671246528625 4185.32 3912.07 4336.14 3911.81 4336.39 4062.34 4185.58 4062.60
26071-203-M6-320-00008 0.9997625946998596 2128.18 3490.41 2280.40 3489.68 2281.13 3641.29 2128.91 3642.02
26071-203-M6-320-00008 0.9997455477714539 1815.21 4001.66 1966.03 4001.66 1966.03 4152.18 1815.21 4152.18
26071-203-M6-320-00008 0.9997079968452454 2144.74 4001.97 2293.45 4001.43 2294.00 4151.24 2145.29 4151.79
26071-203-M6-320-00008 0.9996874332427979 4545.53 3909.38 4695.43 3909.45 4695.36 4060.79 4545.45 4060.72
26071-203-M6-320-00008 0.9996358156204224 4559.71 3400.39 4712.20 3400.38 4712.20 3550.72 4559.71 3550.72
26071-203-M6-320-00042 0.9999138116836548 6135.28 3265.69 6286.19 3266.04 6285.84 3416.18 6134.93 3415.83
26071-203-M6-320-00042 0.9999092817306519 4214.95 3294.75 4366.90 3294.57 4367.08 3446.44 4215.13 3446.62
26071-203-M6-320-00042 0.9998987913131714 6105.90 1734.25 6255.99 1734.60 6255.64 1885.05 6105.55 1884.70
26071-203-M6-320-00042 0.9997560381889343 5265.23 2484.75 5416.79 2484.79 5416.76 2635.83 5265.19 2635.80
26071-203-M6-320-00042 0.9996750354766846 3960.53 3069.54 4111.37 3069.65 4111.26 3221.57 3960.42 3221.46
26071-203-M6-320-00061 0.9998719692230225 1155.64 3835.09 1306.05 3835.31 1305.84 3985.71 1155.43 3985.49
26071-203-M6-320-00061 0.999847412109375 1154.63 3505.12 1306.27 3505.27 1306.12 3655.19 1154.48 3655.04
26071-203-M6-320-00061 0.9809592366218567 779.32 3492.15 927.95 3491.44 928.67 3642.62 780.04 3643.33
26071-203-M6-320-00061 0.9697155952453613 779.09 3815.43 930.01 3815.51 929.93 3963.32 779.02 3963.24
26071-203-M6-325-00012 0.9999364614486694 2535.21 4734.48 2686.06 4734.70 2685.84 4885.20 2534.99 4884.98
26071-203-M6-325-00012 0.9999326467514038 2265.22 4103.60 2416.73 4103.74 2416.60 4255.14 2265.09 4255.01
26071-203-M6-325-00012 0.9999290704727173 2534.10 2784.56 2686.76 2784.55 2686.77 2934.81 2534.11 2934.82
26071-203-M6-325-00012 0.9999244213104248 2535.13 3414.34 2686.44 3414.27 2686.50 3567.00 2535.19 3567.06
26071-203-M6-325-00012 0.9999186992645264 2265.45 5423.50 2416.94 5423.54 2416.90 5574.29 2265.41 5574.25
26071-203-M6-325-00012 0.9999123811721802 2265.15 2785.01 2417.03 2785.07 2416.96 2934.71 2265.08 2934.64
26071-203-M6-325-00012 0.9999122619628906 2535.48 1164.30 2686.00 1164.60 2685.70 1315.02 2535.18 1314.72
26071-203-M6-325-00012 0.9999120235443115 2535.00 4105.01 2686.26 4105.31 2685.97 4255.53 2534.71 4255.23
26071-203-M6-325-00012 0.9999068975448608 2265.92 4734.34 2416.05 4734.56 2415.84 4885.24 2265.71 4885.03
26071-203-M6-325-00012 0.999901533126831 4155.88 4734.80 4305.16 4735.11 4304.84 4885.75 4155.57 4885.44
26071-203-M6-325-00012 0.9998987913131714 2535.45 2094.74 2686.66 2094.83 2686.56 2245.50 2535.36 2245.41
26071-203-M6-325-00012 0.9998986721038818 3795.65 1164.40 3945.89 1164.73 3945.56 1315.58 3795.32 1315.25
26071-203-M6-325-00012 0.9998974800109863 2265.64 3413.74 2416.56 3413.95 2416.35 3565.45 2265.43 3565.24
26071-203-M6-325-00012 0.9998956918716431 2234.61 2094.44 2386.55 2094.65 2386.34 2245.05 2234.40 2244.84
26071-203-M6-325-00012 0.9998862743377686 4155.06 3414.55 4305.40 3414.65 4305.31 3567.35 4154.96 3567.25
26071-203-M6-325-00012 0.9998804330825806 2835.28 4734.56 2986.25 4734.68 2986.12 4885.96 2835.16 4885.84
26071-203-M6-325-00012 0.9998775720596313 3285.62 5425.38 3436.97 5425.48 3436.88 5575.51 3285.52 5575.41
26071-203-M6-325-00012 0.9998761415481567 2835.53 3413.78 2985.99 3413.69 2986.08 3567.57 2835.62 3567.66
26071-203-M6-325-00012 0.999872088432312 3794.70 2095.15 3947.11 2095.31 3946.96 2245.68 3794.54 2245.52
26071-203-M6-325-00012 0.9998685121536255 2533.56 5425.35 2687.22 5425.46 2687.11 5575.41 2533.45 5575.30
26071-203-M6-325-00012 0.9998656511306763 3285.37 1166.15 3436.20 1166.48 3435.88 1315.42 3285.05 1315.09
26071-203-M6-325-00012 0.9998646974563599 3794.67 2783.80 3945.75 2783.86 3945.68 2937.17 3794.61 2937.11
26071-203-M6-325-00012 0.9998598098754883 2835.20 2784.54 2986.17 2784.44 2986.27 2936.70 2835.30 2936.80
26071-203-M6-325-00012 0.9998595714569092 3284.91 4479.06 3437.00 4479.15 3436.91 4630.79 3284.82 4630.70
26071-203-M6-325-00012 0.9998546838760376 3285.52 5169.11 3436.70 5169.14 3436.67 5320.66 3285.49 5320.63
26071-203-M6-325-00012 0.9998476505279541 3285.70 925.00 3436.81 924.97 3436.83 1075.36 3285.72 1075.39
26071-203-M6-325-00012 0.9998465776443481 3285.45 2094.59 3435.59 2094.39 3435.79 2247.91 3285.65 2248.11
26071-203-M6-325-00012 0.9998359680175781 3285.51 4735.10 3435.42 4735.51 3435.01 4886.02 3285.09 4885.61
26071-203-M6-325-00012 0.9998352527618408 3285.26 3414.65 3435.90 3414.57 3435.98 3567.65 3285.34 3567.73
26071-203-M6-325-00012 0.9998345375061035 3284.59 3144.86 3437.60 3145.04 3437.42 3295.65 3284.42 3295.47
26071-203-M6-325-00012 0.9998201727867126 3284.82 1856.47 3436.07 1856.63 3435.90 2005.53 3284.66 2005.36
26071-203-M6-325-00012 0.9997794032096863 3285.19 4105.24 3436.21 4105.07 3436.38 4257.03 3285.35 4257.19
26071-203-M6-325-00012 0.9995974898338318 3090.87 5448.16 3240.79 5448.82 3240.12 5600.44 3090.20 5599.77
26071-203-M6-325-00012 0.9994614720344543 3090.33 3437.28 3240.66 3437.66 3240.27 3588.67 3089.94 3588.28
26071-203-M6-325-00012 0.9994533658027649 3090.59 2119.03 3241.77 2119.42 3241.38 2269.75 3090.20 2269.36
26071-203-M6-325-00012 0.9993929862976074 3090.22 1233.40 3240.23 1232.91 3240.71 1383.25 3090.70 1383.74
26071-203-M6-325-00012 0.9993027448654175 3090.39 4758.42 3242.09 4758.69 3241.82 4909.60 3090.12 4909.33
26071-203-M6-325-00013 0.9999188184738159 2114.97 4000.59 2266.18 4000.64 2266.12 4150.81 2114.91 4150.75
26071-203-M6-325-00013 0.9999138116836548 5835.62 1642.73 5985.78 1642.85 5985.67 1795.93 5835.50 1795.82
26071-203-M6-325-00013 0.9999117851257324 5835.01 2244.56 5986.51 2244.84 5986.24 2395.20 5834.74 2394.93
26071-203-M6-325-00013 0.9998944997787476 2655.49 3999.88 2807.16 3999.86 2807.18 4150.57 2655.51 4150.60
26071-203-M6-332-00001 0.9999085664749146 2055.94 803.09 2206.87 803.26 2206.70 957.64 2055.76 957.48
26071-203-M6-332-00001 0.9998830556869507 2445.79 534.15 2595.61 534.41 2595.34 685.91 2445.53 685.65
26071-203-M6-332-00001 0.9998612403869629 6450.79 3339.59 6601.99 3340.04 6601.54 3490.27 6450.34 3489.82
26071-203-M6-332-00001 0.9998570680618286 3630.48 1539.21 3781.73 1539.30 3781.63 1690.92 3630.38 1690.82
26071-203-M6-332-00001 0.9998540878295898 2445.58 805.14 2596.83 805.34 2596.63 955.89 2445.38 955.69
26071-203-M6-332-00001 0.9998379945755005 6810.21 3489.12 6961.43 3489.57 6960.99 3639.53 6809.77 3639.08
26071-203-M6-332-00001 0.9998241066932678 4890.25 1537.80 5041.03 1537.96 5040.87 1691.13 4890.09 1690.97
26071-203-M6-332-00001 0.9998155236244202 5310.32 1539.02 5461.71 1539.10 5461.63 1690.92 5310.23 1690.83
26071-203-M6-332-00001 0.9998071789741516 3210.53 1538.89 3361.48 1539.04 3361.33 1690.74 3210.37 1690.59
26071-203-M6-332-00001 0.9998064637184143 1485.33 5336.41 1636.27 5336.56 1636.12 5485.31 1485.18 5485.16
26071-203-M6-332-00001 0.9997894167900085 1274.94 5139.89 1426.79 5140.37 1426.30 5292.20 1274.46 5291.72
26071-203-M6-332-00001 0.9997871518135071 6150.37 1539.16 6300.32 1539.37 6300.10 1690.94 6150.16 1690.73
26071-203-M6-332-00001 0.9997716546058655 4050.39 1539.37 4200.13 1539.56 4199.93 1691.12 4050.19 1690.92
26071-203-M6-332-00001 0.9997424483299255 5729.78 1540.56 5880.70 1540.12 5881.14 1691.63 5730.22 1692.06
26071-203-M6-332-00001 0.9997419714927673 4469.89 1542.85 4620.74 1542.61 4620.97 1690.73 4470.12 1690.97
26071-203-M6-332-00001 0.9997244477272034 2175.86 3999.67 2326.54 3999.68 2326.53 4150.82 2175.85 4150.81
26071-203-M6-332-00001 0.9995506405830383 2174.89 3760.93 2326.92 3760.90 2326.95 3911.28 2174.92 3911.31
26071-203-M6-332-00001 0.999474823474884 2276.47 809.30 2426.11 808.85 2426.57 961.40 2276.93 961.85
26071-203-M6-332-00001 0.9804508686065674 5235.84 2833.58 5383.49 2832.97 5384.09 2978.79 5236.44 2979.39
26071-203-M6-332-00001 0.9794113039970398 3135.92 2833.72 3283.56 2833.05 3284.22 2978.71 3136.58 2979.38
26071-203-M6-332-00001 0.97694993019104 4814.32 2832.45 4964.15 2833.24 4963.37 2978.48 4813.54 2977.68
26071-203-M6-332-00001 0.9642601013183594 6074.85 2833.74 6224.26 2833.75 6224.25 2979.13 6074.84 2979.12
26071-203-M6-332-00001 0.9528753757476807 4394.97 2831.27 4544.53 2831.80 4544.01 2977.70 4394.45 2977.17
26071-203-M6-332-00001 0.9525303244590759 3553.59 2830.99 3705.32 2831.79 3704.56 2977.22 3552.83 2976.42
26071-203-M6-332-00001 0.9489736557006836 5653.64 2830.96 5805.34 2831.80 5804.55 2977.28 5652.84 2976.45
26071-203-M6-332-00001 0.9442548155784607 3977.26 2829.56 4128.72 2832.36 4125.92 2983.13 3974.47 2980.33
26071-203-M6-332-00008 0.9998939037322998 6525.22 3384.25 6676.93 3384.42 6676.76 3535.52 6525.05 3535.35
26071-203-M6-332-00008 0.9998593330383301 4094.87 3385.91 4248.05 3386.00 4247.97 3535.81 4094.78 3535.72
26071-203-M6-332-00008 0.9998539686203003 1666.39 3384.79 1815.88 3385.13 1815.53 3535.71 1666.04 3535.36
26071-203-M6-332-00008 0.9998180270195007 2738.37 3294.63 2888.41 3294.81 2888.24 3445.89 2738.20 3445.71
26071-203-M6-332-00008 0.9998063445091248 1426.05 3340.82 1576.31 3340.96 1576.17 3492.74 1425.91 3492.60
26071-203-M6-332-00008 0.9998014569282532 6286.24 3340.93 6435.67 3341.08 6435.52 3491.31 6286.08 3491.16
26071-203-M6-332-00008 0.9997773766517639 3856.06 3340.81 4006.62 3340.95 4006.47 3492.51 3855.91 3492.37
26071-203-M6-332-00008 0.9997629523277283 7560.96 3294.98 7712.27 3295.02 7712.24 3446.45 7560.92 3446.41
26071-203-M6-332-00008 0.9997525811195374 5114.91 3298.25 5263.29 3296.95 5264.59 3447.12 5116.21 3448.41
26071-203-M6-332-00008 0.999737560749054 6405.28 4557.40 6557.08 4556.23 6558.24 4706.18 6406.43 4707.35
26071-203-M6-332-00008 0.999659538269043 4005.31 4557.76 4155.56 4555.89 4157.43 4706.02 4007.18 4707.89
26071-203-M6-332-00008 0.9995855689048767 1567.47 4555.51 1719.30 4555.65 1719.17 4704.70 1567.34 4704.57
26071-203-M6-337-00007 0.9998031258583069 5370.88 2500.14 5523.25 2499.96 5523.43 2650.62 5371.06 2650.81
26071-203-M6-337-00007 0.9997761845588684 5371.07 5170.29 5523.52 5170.20 5523.61 5321.04 5371.16 5321.13
26071-203-M6-337-00031 0.9991452693939209 5086.90 352.88 5235.56 353.14 5235.30 505.95 5086.63 505.69
26071-203-M6-337-00031 0.9966777563095093 3376.32 333.45 3525.42 333.38 3525.49 484.79 3376.39 484.86
26071-203-M6-337-00031 0.9826196432113647 3015.86 333.22 3164.48 333.38 3164.32 484.58 3015.70 484.42
26071-300-M6-053-00008 0.999925971031189 2819.53 805.56 2970.76 805.87 2970.45 956.60 2819.22 956.29
26071-300-M6-053-00008 0.9999213218688965 3822.72 2215.63 3974.47 2215.81 3974.29 2368.98 3822.54 2368.80
26071-300-M6-053-00008 0.9999176263809204 3823.35 3987.86 3973.86 3988.16 3973.56 4138.53 3823.05 4138.23
26071-300-M6-053-00008 0.999916672706604 4412.87 6274.82 4564.73 6274.94 4564.61 6424.48 4412.75 6424.36
26071-300-M6-053-00008 0.9998821020126343 4614.22 3266.49 4765.39 3266.62 4765.26 3417.21 4614.09 3417.08
26071-300-M6-053-00008 0.9998568296432495 5282.74 5227.52 5433.89 5227.39 5434.02 5377.17 5282.87 5377.30
26071-300-M6-053-00008 0.9998149275779724 6212.57 2749.31 6363.74 2749.04 6364.00 2898.12 6212.83 2898.39
26071-300-M6-053-00008 0.999796450138092 4184.05 1471.13 4336.31 1471.01 4336.42 1620.55 4184.17 1620.66
26071-300-M6-053-00008 0.9997952580451965 2997.31 806.07 3147.01 806.16 3146.92 956.79 2997.22 956.70
26071-300-M6-053-00008 0.9997943043708801 4738.69 2748.20 4891.39 2746.79 4892.79 2898.32 4740.09 2899.72
26071-300-M6-053-00008 0.9997838139533997 4809.87 4636.47 4962.89 4636.67 4962.70 4785.87 4809.68 4785.67
26071-300-M6-053-00008 0.9997724890708923 5282.52 5640.49 5434.94 5640.60 5434.84 5790.76 5282.42 5790.65
26071-300-M6-053-00008 0.9997625946998596 4483.87 2749.50 4634.63 2748.24 4635.88 2898.03 4485.12 2899.29
26071-300-M6-053-00008 0.9997579455375671 4542.93 4637.15 4694.26 4637.32 4694.09 4786.51 4542.76 4786.34
26071-300-M6-053-00008 0.9997517466545105 4454.57 1472.22 4608.68 1472.37 4608.54 1619.96 4454.43 1619.81
26071-300-M6-053-00008 0.9997406601905823 5281.92 5465.88 5434.21 5465.79 5434.29 5614.94 5282.00 5615.03
26071-300-M6-053-00008 0.999728262424469 4810.34 3929.09 4962.16 3928.95 4962.30 4076.59 4810.47 4076.73
26071-300-M6-053-00008 0.9997119307518005 6141.61 3926.98 6292.69 3927.25 6292.42 4078.88 6141.34 4078.61
26071-300-M6-053-00008 0.9997053742408752 4810.08 2569.66 4962.28 2569.82 4962.12 2719.62 4809.92 2719.46
26071-300-M6-053-00008 0.9996908903121948 6141.38 3572.27 6293.21 3572.96 6292.52 3724.13 6140.70 3723.45
26071-300-M6-053-00008 0.9996907711029053 4456.78 1235.28 4605.00 1235.55 4604.73 1385.69 4456.51 1385.43
26071-300-M6-053-00008 0.9996867179870605 6211.91 4461.76 6363.83 4460.81 6364.77 4611.44 6212.86 4612.39
26071-300-M6-053-00008 0.9996826648712158 4542.65 3928.01 4693.88 3928.40 4693.48 4077.26 4542.26 4076.87
26071-300-M6-053-00008 0.9996533393859863 6466.95 2749.10 6618.03 2747.84 6619.29 2898.34 6468.21 2899.61
26071-300-M6-053-00008 0.9996490478515625 6141.43 4281.65 6293.05 4282.39 6292.31 4432.82 6140.70 4432.08
26071-300-M6-053-00008 0.999640703201294 5004.15 5641.09 5153.29 5641.32 5153.07 5790.66 5003.92 5790.43
26071-300-M6-053-00008 0.9996227025985718 6141.75 2570.60 6293.16 2570.21 6293.56 2722.80 6142.15 2723.19
26071-300-M6-053-00008 0.9996205568313599 4810.77 2924.54 4961.80 2924.43 4961.91 3074.08 4810.88 3074.19
26071-300-M6-053-00008 0.9996179342269897 6408.51 3572.07 6560.69 3572.62 6560.14 3724.40 6407.96 3723.84
26071-300-M6-053-00008 0.9995989203453064 4740.16 3750.34 4889.84 3751.01 4889.15 3902.68 4739.47 3902.00
26071-300-M6-053-00008 0.9995966553688049 4172.41 1235.70 4323.41 1235.85 4323.25 1385.13 4172.26 1384.98
26071-300-M6-053-00008 0.9995923638343811 5669.56 5288.87 5821.22 5289.12 5820.98 5437.81 5669.33 5437.57
26071-300-M6-053-00008 0.9995856881141663 6142.12 2924.84 6293.14 2925.00 6292.98 3077.82 6141.96 3077.66
26071-300-M6-053-00008 0.9995827078819275 4810.20 2214.92 4961.56 2215.09 4961.39 2365.73 4810.03 2365.56
26071-300-M6-053-00008 0.9995825886726379 5010.98 5464.60 5162.93 5466.38 5161.17 5616.40 5009.22 5614.62
26071-300-M6-053-00008 0.9995719790458679 4809.86 4285.30 4963.07 4284.98 4963.37 4432.41 4810.17 4432.73
26071-300-M6-053-00008 0.9995514750480652 6468.44 3101.15 6618.37 3101.21 6618.31 3251.16 6468.37 3251.10
26071-300-M6-053-00008 0.9995495676994324 4740.07 4104.65 4890.95 4105.13 4890.48 4256.00 4739.60 4255.53
26071-300-M6-053-00008 0.9995437264442444 6141.46 2213.87 6293.39 2214.84 6292.41 2366.92 6140.49 2365.95
26071-300-M6-053-00008 0.9995433688163757 6407.72 3930.22 6561.73 3929.92 6562.03 4079.54 6408.01 4079.85
26071-300-M6-053-00008 0.9995284080505371 6212.45 4105.68 6364.70 4105.70 6364.68 4254.68 6212.43 4254.66
26071-300-M6-053-00008 0.9995088577270508 4741.33 4461.35 4888.39 4460.82 4888.93 4610.59 4741.87 4611.12
26071-300-M6-053-00008 0.9995042085647583 4543.52 2214.89 4689.17 2215.67 4688.36 2366.05 4542.71 2365.27
26071-300-M6-053-00008 0.9995037317276001 6211.46 3751.80 6364.53 3750.99 6365.33 3902.93 6212.26 3903.74
26071-300-M6-053-00008 0.9994983673095703 4484.31 4103.84 4635.31 4104.54 4634.59 4257.01 4483.60 4256.30
26071-300-M6-053-00008 0.999495267868042 4483.93 3749.89 4635.88 3749.81 4635.96 3902.69 4484.01 3902.77
26071-300-M6-053-00008 0.9994710087776184 4739.93 3102.39 4889.54 3102.54 4889.39 3251.08 4739.79 3250.94
26071-300-M6-053-00008 0.9994612336158752 6467.58 4461.75 6618.75 4460.85 6619.64 4611.53 6468.47 4612.43
26071-300-M6-053-00008 0.9994414448738098 6468.38 2392.85 6618.22 2392.95 6618.12 2542.73 6468.28 2542.63
26071-300-M6-053-00008 0.9994045495986938 4543.67 2924.66 4693.87 2924.68 4693.84 3074.05 4543.64 3074.02
26071-300-M6-053-00008 0.9993851184844971 6211.04 3104.78 6363.82 3104.76 6363.84 3252.02 6211.06 3252.03
26071-300-M6-053-00008 0.9993225336074829 4543.06 4281.35 4692.77 4281.77 4692.35 4432.38 4542.64 4431.96
26071-300-M6-053-00008 0.999299168586731 4740.33 2392.89 4889.81 2393.70 4889.00 2543.81 4739.52 2543.00
26071-300-M6-053-00008 0.9992864727973938 4482.96 2391.99 4635.93 2392.57 4635.36 2543.27 4482.38 2542.69
26071-300-M6-053-00008 0.9992758631706238 6467.41 3751.63 6618.89 3751.17 6619.35 3903.41 6467.88 3903.88
26071-300-M6-053-00008 0.9992712140083313 4544.10 2571.55 4692.87 2572.41 4692.01 2721.24 4543.23 2720.38
26071-300-M6-053-00008 0.9992475509643555 6212.99 2393.06 6363.88 2392.93 6364.00 2543.53 6213.11 2543.65
26071-300-M6-053-00008 0.999224066734314 6408.84 2567.43 6560.24 2568.17 6559.47 2723.08 6408.08 2722.33
26071-300-M6-053-00008 0.9992213249206543 4484.37 4458.99 4633.20 4459.64 4632.54 4610.61 4483.71 4609.96
26071-300-M6-053-00008 0.9992192983627319 6408.75 4282.58 6559.75 4282.58 6559.76 4433.65 6408.75 4433.66
26071-300-M6-053-00008 0.9992185831069946 6408.75 2215.30 6559.63 2215.54 6559.39 2366.26 6408.51 2366.02
26071-300-M6-053-00008 0.9992132186889648 6469.13 4105.31 6615.85 4105.46 6615.70 4254.90 6468.98 4254.75
26071-300-M6-053-00008 0.9991979002952576 4484.51 3101.02 4632.02 3101.00 4632.04 3251.28 4484.53 3251.30
26071-300-M6-053-00008 0.9991076588630676 6408.03 2927.38 6557.63 2925.32 6559.69 3074.58 6410.08 3076.63
26071-300-M6-053-00010 0.9999299049377441 3587.17 2375.91 3737.38 2376.13 3737.16 2527.93 3586.95 2527.71
26071-300-M6-053-00010 0.9999059438705444 1814.67 5800.75 1966.12 5800.88 1965.99 5954.05 1814.54 5953.92
26071-300-M6-053-00010 0.9998990297317505 5890.70 2376.69 6041.38 2376.70 6041.37 2527.86 5890.69 2527.85
26071-300-M6-053-00010 0.999890923500061 5535.15 2375.45 5686.20 2375.47 5686.18 2530.39 5535.13 2530.37
26071-300-M6-053-00010 0.9998668432235718 2995.63 5529.72 3148.38 5530.13 3147.98 5680.43 2995.22 5680.02
26071-300-M6-053-00010 0.9998571872711182 1815.27 5530.52 1965.33 5531.06 1964.79 5680.63 1814.73 5680.09
26071-300-M6-053-00010 0.9998354911804199 1858.27 3395.60 2009.29 3395.70 2009.19 3546.10 1858.16 3546.00
26071-300-M6-053-00010 0.9998294115066528 4059.80 5805.41 4209.97 5805.45 4209.93 5956.81 4059.76 5956.77
26071-300-M6-053-00010 0.99982088804245 5535.46 2097.62 5686.61 2097.81 5686.42 2248.19 5535.27 2248.00
26071-300-M6-053-00010 0.9998180270195007 2996.88 5801.48 3146.76 5801.58 3146.65 5954.79 2996.77 5954.69
26071-300-M6-053-00010 0.9997789263725281 2093.91 5403.73 2245.46 5404.03 2245.16 5554.29 2093.61 5553.99
26071-300-M6-053-00010 0.9997724890708923 1858.49 3632.75 2008.84 3632.65 2008.94 3784.00 1858.59 3784.10
26071-300-M6-053-00010 0.9997609257698059 4414.07 2377.28 4562.42 2377.66 4562.04 2528.26 4413.68 2527.89
26071-300-M6-053-00010 0.9997326731681824 3765.74 4387.42 3912.49 4387.41 3912.50 4539.91 3765.75 4539.92
26071-300-M6-053-00010 0.9997078776359558 1577.96 3632.76 1729.73 3632.71 1729.78 3783.10 1578.01 3783.14
26071-300-M6-053-00010 0.999700665473938 2449.32 5405.29 2599.77 5405.78 2599.27 5555.86 2448.82 5555.36
26071-300-M6-053-00010 0.9989832043647766 4001.53 4387.14 4149.14 4387.57 4148.70 4541.46 4001.08 4541.03
26071-300-M6-053-00012 0.9999288320541382 4295.63 5482.03 4445.52 5482.12 4445.42 5633.36 4295.54 5633.26
26071-300-M6-053-00012 0.9999195337295532 6304.42 2493.99 6453.76 2494.40 6453.35 2644.27 6304.02 2643.87
26071-300-M6-053-00012 0.9999067783355713 6304.51 1785.76 6453.80 1786.10 6453.46 1935.84 6304.17 1935.50
26071-300-M6-053-00012 0.9999033212661743 3528.00 3632.79 3676.66 3633.00 3676.44 3784.57 3527.78 3784.36
26071-300-M6-053-00012 0.9998971223831177 4686.23 1787.00 4835.84 1787.24 4835.59 1936.09 4685.99 1935.85
26071-300-M6-053-00012 0.9998912811279297 6173.18 5482.95 6323.50 5483.00 6323.46 5634.01 6173.14 5633.96
26071-300-M6-053-00012 0.9998772144317627 4709.09 2377.99 4858.80 2377.93 4858.86 2527.23 4709.15 2527.29
26071-300-M6-053-00012 0.9998741149902344 4685.88 1514.62 4835.85 1514.85 4835.62 1664.36 4685.65 1664.13
26071-300-M6-053-00012 0.9998737573623657 4337.39 2097.64 4490.08 2097.68 4490.04 2247.08 4337.35 2247.04
26071-300-M6-053-00012 0.9998377561569214 2759.69 5242.97 2910.50 5243.11 2910.35 5392.93 2759.55 5392.79
26071-300-M6-053-00012 0.9998307228088379 5134.81 3698.13 5284.42 3698.26 5284.29 3848.28 5134.68 3848.15
26071-300-M6-053-00012 0.9998238682746887 5281.58 1569.19 5434.56 1568.58 5435.15 1716.60 5282.18 1717.21
26071-300-M6-053-00012 0.9998071789741516 7365.64 1786.67 7517.25 1786.81 7517.12 1936.22 7365.51 1936.08
26071-300-M6-053-00012 0.9997920393943787 4337.46 2333.75 4489.54 2333.83 4489.46 2483.48 4337.38 2483.40
26071-300-M6-053-00012 0.999786913394928 5282.69 1921.14 5434.38 1921.07 5434.45 2069.75 5282.76 2069.83
26071-300-M6-053-00012 0.9997796416282654 3349.77 3825.60 3501.29 3825.83 3501.05 3976.53 3349.53 3976.30
26071-300-M6-053-00012 0.9997780919075012 3881.89 3631.52 4031.80 3631.56 4031.76 3786.55 3881.85 3786.51
26071-300-M6-053-00012 0.999774158000946 2523.60 3090.79 2672.98 3091.05 2672.72 3239.85 2523.33 3239.59
26071-300-M6-053-00012 0.999758780002594 2288.31 3090.68 2437.91 3091.15 2437.44 3241.12 2287.84 3240.65
26071-300-M6-053-00012 0.999729335308075 2758.54 4857.82 2910.10 4858.34 2909.57 5009.35 2758.02 5008.82
26071-300-M6-053-00012 0.9997115731239319 5004.27 1152.86 5154.78 1152.99 5154.66 1302.07 5004.15 1301.95
26071-300-M6-053-00012 0.9996887445449829 5167.72 5476.45 5315.33 5477.77 5314.00 5626.88 5166.38 5625.56
26071-300-M6-053-00012 0.999679684638977 3275.20 5476.99 3425.76 5477.01 3425.74 5626.83 3275.19 5626.81
26071-300-M6-053-00012 0.9996609687805176 2049.51 2926.47 2199.40 2925.85 2200.03 3076.34 2050.13 3076.97
26071-300-M6-053-00012 0.9996117949485779 3393.50 5970.57 3543.02 5970.79 3542.81 6121.48 3393.28 6121.26
26071-300-M6-053-00012 0.9996002316474915 5283.11 5971.28 5434.46 5971.67 5434.07 6121.85 5282.72 6121.46
26071-300-M6-053-00012 0.9995539784431458 5283.12 1152.62 5433.68 1152.62 5433.68 1302.76 5283.12 1302.76
26071-300-M6-053-00309 0.999853253364563 5949.04 3150.40 6100.76 3150.59 6100.57 3299.97 5948.84 3299.77
26071-300-M6-053-00309 0.9998453855514526 5949.16 799.34 6100.17 799.61 6099.90 948.85 5948.89 948.58
26071-300-M6-053-00309 0.9998335838317871 4590.39 3557.11 4741.47 3557.09 4741.48 3708.82 4590.41 3708.83
26071-300-M6-053-00309 0.9998078942298889 5003.95 1152.99 5155.00 1153.30 5154.69 1303.55 5003.64 1303.24
26071-300-M6-053-00309 0.9997949004173279 2996.04 4211.47 3146.51 4211.63 3146.35 4362.46 2995.88 4362.30
26071-300-M6-053-00309 0.9997701048851013 3114.53 2203.44 3265.29 2203.58 3265.14 2353.85 3114.38 2353.70
26071-300-M6-053-00309 0.9997628331184387 4756.64 4576.66 4906.13 4576.82 4905.97 4727.23 4756.48 4727.08
26071-300-M6-053-00309 0.9997624754905701 2996.87 5395.38 3147.05 5395.59 3146.84 5544.14 2996.66 5543.93
26071-300-M6-053-00309 0.9997257590293884 3114.17 3266.60 3264.46 3266.76 3264.30 3417.30 3114.01 3417.14
26071-300-M6-053-00309 0.9997257590293884 5003.54 1432.38 5155.42 1432.54 5155.26 1585.62 5003.38 1585.46
26071-300-M6-053-00309 0.999659538269043 1992.81 2259.80 2141.57 2259.84 2141.53 2409.29 1992.77 2409.25
26071-300-M6-053-00309 0.9996289014816284 5239.79 1433.94 5391.67 1433.41 5392.20 1583.52 5240.32 1584.05
26071-300-M6-053-00309 0.9995536208152771 1992.11 4267.08 2143.55 4267.02 2143.60 4417.04 1992.16 4417.09
26071-450-M6-082-00009 0.9999426603317261 4413.68 6039.36 4564.18 6039.54 4564.01 6188.44 4413.51 6188.26
26071-450-M6-082-00009 0.9999045133590698 5122.17 4739.20 5273.37 4739.28 5273.28 4889.50 5122.08 4889.42
26071-450-M6-082-00009 0.999901533126831 4886.76 4739.12 5037.07 4739.29 5036.90 4889.62 4886.59 4889.45
26071-450-M6-082-00009 0.999891996383667 6303.94 4739.55 6455.36 4739.81 6455.10 4889.24 6303.68 4888.98
26071-450-M6-082-00009 0.9998784065246582 2866.47 4325.56 3017.77 4325.80 3017.54 4475.36 2866.23 4475.12
26071-450-M6-082-00009 0.9998774528503418 5830.61 2139.86 5982.23 2139.80 5982.29 2292.40 5830.67 2292.46
26071-450-M6-082-00009 0.9998754262924194 6303.17 5125.89 6453.57 5126.21 6453.26 5275.23 6302.86 5274.91
26071-450-M6-082-00009 0.9998636245727539 3114.97 4779.00 3264.46 4778.90 3264.55 4928.99 3115.07 4929.09
26071-450-M6-082-00009 0.9998636245727539 5181.03 6066.36 5332.05 6066.14 5332.27 6215.63 5181.25 6215.85
26071-450-M6-082-00009 0.9998582601547241 5595.37 6037.80 5744.76 6037.78 5744.78 6189.55 5595.39 6189.57
26071-450-M6-082-00009 0.9998499155044556 3942.09 4683.67 4090.06 4683.41 4090.32 4834.68 3942.35 4834.93
26071-450-M6-082-00009 0.9998430013656616 1992.37 2026.08 2142.57 2026.63 2142.02 2177.80 1991.82 2177.25
26071-450-M6-082-00009 0.9998409748077393 3349.70 4779.76 3501.23 4779.74 3501.24 4926.78 3349.71 4926.79
26071-450-M6-082-00009 0.9998373985290527 5239.44 2141.19 5391.99 2141.15 5392.03 2292.72 5239.48 2292.76
26071-450-M6-082-00009 0.9998024106025696 5829.77 1861.13 5982.83 1861.83 5982.14 2011.50 5829.08 2010.80
26071-450-M6-082-00009 0.9998007416725159 2330.74 3691.35 2480.94 3691.46 2480.83 3842.78 2330.64 3842.67
26071-450-M6-082-00009 0.9997995495796204 2330.71 3927.96 2480.70 3928.02 2480.65 4079.98 2330.66 4079.93
26071-450-M6-082-00009 0.9997959733009338 2334.46 3101.60 2486.21 3101.73 2486.08 3252.62 2334.33 3252.50
26071-450-M6-082-00009 0.9997715353965759 2038.45 3927.39 2190.29 3927.24 2190.44 4078.02 2038.60 4078.17
26071-450-M6-082-00009 0.9997640252113342 2725.33 5034.14 2874.43 5034.27 2874.30 5185.76 2725.19 5185.63
26071-450-M6-082-00009 0.9997615218162537 4000.06 5513.51 4151.39 5513.75 4151.14 5665.00 3999.82 5664.76
26071-450-M6-082-00009 0.9997116923332214 1994.07 2310.45 2142.04 2310.73 2141.75 2461.23 1993.78 2460.95
26071-450-M6-082-00009 0.9995384216308594 2334.36 2312.72 2485.02 2312.62 2485.11 2462.38 2334.45 2462.47
26071-450-M6-082-00009 0.9994704127311707 2333.88 2161.13 2485.15 2161.37 2484.91 2311.70 2333.64 2311.46
26071-450-M6-082-00009 0.9994638562202454 2334.03 2833.78 2485.72 2832.98 2486.50 2980.06 2334.81 2980.87
26071-450-M6-082-00009 0.9994490742683411 1843.11 2309.71 1991.52 2309.88 1991.34 2461.74 1842.93 2461.56
26071-450-M6-082-00009 0.9993293285369873 2015.15 2982.98 2167.69 2983.15 2167.53 3130.78 2014.99 3130.61
26071-450-M6-082-00009 0.9989652633666992 2180.49 2833.94 2333.92 2832.42 2335.39 2980.54 2181.97 2982.07
26071-450-M6-082-00009 0.9987699389457703 2015.05 2829.20 2165.87 2829.63 2165.44 2981.07 2014.62 2980.65
26071-450-M6-082-00009 0.9962679743766785 6894.73 5405.78 7044.50 5405.58 7044.69 5557.29 6894.93 5557.49
26071-450-M6-082-00009 0.9501240253448486 4648.20 4686.45 4800.02 4685.99 4800.48 4836.91 4648.66 4837.37
26071-450-M6-082-00031 0.999920129776001 4295.73 5872.11 4445.25 5872.46 4444.90 6024.59 4295.37 6024.24
26071-450-M6-082-00031 0.9998824596405029 4294.53 5605.30 4446.89 5605.40 4446.79 5756.31 4294.43 5756.20
26071-450-M6-082-00031 0.9998805522918701 3916.67 2685.05 4068.49 2685.01 4068.53 2833.51 3916.71 2833.55
26071-450-M6-082-00031 0.9998652935028076 5358.36 1857.36 5509.03 1857.45 5508.94 2008.31 5358.27 2008.23
26071-450-M6-082-00031 0.9998577833175659 2779.95 3987.28 2930.69 3987.32 2930.65 4137.65 2779.91 4137.61
26071-450-M6-082-00031 0.9998461008071899 4083.69 2684.30 4233.38 2684.42 4233.26 2834.67 4083.56 2834.55
26071-450-M6-082-00031 0.9998230338096619 5004.68 5838.33 5155.34 5838.29 5155.39 5988.48 5004.72 5988.53
26071-450-M6-082-00031 0.9998202919960022 2778.71 4224.42 2930.05 4224.36 2930.11 4371.85 2778.77 4371.91
26071-450-M6-082-00031 0.9998165965080261 2995.68 2687.09 3146.89 2687.13 3146.85 2837.83 2995.64 2837.79
26071-450-M6-082-00031 0.9998019337654114 3275.06 2453.49 3425.08 2452.58 3425.99 2603.61 3275.97 2604.51
26071-450-M6-082-00031 0.9997943043708801 5212.07 4224.13 5363.56 4224.20 5363.49 4371.99 5212.00 4371.91
26071-450-M6-082-00031 0.9997859597206116 3274.88 2687.70 3425.50 2688.17 3425.03 2838.31 3274.41 2837.83
26071-450-M6-082-00031 0.9997771382331848 3165.31 4343.22 3317.81 4343.21 3317.81 4494.15 3165.32 4494.16
26071-450-M6-082-00031 0.9997522234916687 3445.21 4341.20 3596.33 4341.32 3596.21 4491.71 3445.10 4491.59
26071-500-M6-059-00011 0.999735414981842 4531.25 4088.82 4683.25 4088.67 4683.40 4239.95 4531.40 4240.10
26071-500-M6-059-00011 0.999519944190979 6186.41 725.25 6335.43 725.39 6335.29 878.54 6186.28 878.40
26071-500-M6-059-00011 0.9993521571159363 4649.47 4579.00 4801.65 4578.78 4801.88 4728.40 4649.70 4728.63
26071-500-M6-059-00011 0.9991432428359985 4413.03 4578.10 4564.71 4578.23 4564.58 4727.82 4412.90 4727.69
26071-500-M6-059-00011 0.9991008043289185 4296.37 4089.60 4445.80 4089.45 4445.96 4238.79 4296.52 4238.94
26071-500-M6-059-00011 0.9979617595672607 4752.16 729.23 4899.89 727.85 4901.31 879.17 4753.58 880.56
26071-500-M6-059-00011 0.9939771890640259 3230.78 4578.01 3380.53 4578.66 3379.86 4731.77 3230.11 4731.11
26071-500-M6-059-00011 0.9866652488708496 4603.32 1005.47 4750.99 1005.75 4750.71 1159.45 4603.03 1159.17
26071-500-M6-059-00011 0.9720160961151123 4602.09 730.60 4750.52 730.93 4750.20 879.69 4601.77 879.37
26071-500-M6-059-00011 0.9518557786941528 6186.28 1006.35 6334.61 1006.44 6334.52 1155.13 6186.18 1155.04
26071-500-M6-059-00013 0.999826967716217 6304.81 1785.43 6453.69 1785.76 6453.35 1936.53 6304.47 1936.20
26071-500-M6-059-00013 0.9995216131210327 3705.83 4010.15 3853.91 4010.57 3853.48 4163.00 3705.40 4162.58
26071-500-M6-059-00013 0.9991601705551147 2771.13 4738.73 2923.16 4738.51 2923.39 4890.20 2771.35 4890.42
26071-500-M6-059-00013 0.9991220831871033 3705.43 4265.63 3855.47 4265.67 3855.43 4419.03 3705.38 4418.98
26071-500-M6-059-00013 0.9990524649620056 2685.84 3931.16 2833.87 3931.93 2833.10 4079.14 2685.07 4078.37
26071-500-M6-059-00013 0.9989859461784363 2216.68 2881.75 2367.43 2882.32 2366.87 3030.78 2216.12 3030.21
26071-500-M6-059-00013 0.9988093376159668 2820.14 5134.81 2969.48 5134.93 2969.35 5287.44 2820.01 5287.31
26071-500-M6-059-00013 0.9986268281936646 4651.41 3833.64 4799.21 3834.04 4798.81 3983.75 4651.01 3983.36
26071-500-M6-059-00013 0.23743323981761932 2686.51 3468.95 2833.74 3469.17 2833.52 3617.54 2686.29 3617.32
26071-500-M6-059-00013 0.21263913810253143 5168.12 5175.09 5315.32 5173.00 5317.37 5316.97 5170.16 5319.06
26071-500-M6-059-00013 0.15236620604991913 2356.07 4382.48 2506.47 4377.85 2510.99 4524.74 2360.58 4529.36
26071-500-M6-059-00017 0.9996213912963867 1508.88 2639.19 1659.86 2639.25 1659.80 2791.99 1508.82 2791.93
26071-500-M6-059-00017 0.9995537400245667 3517.14 2638.80 3666.06 2638.99 3665.86 2791.75 3516.95 2791.57
26071-500-M6-059-00017 0.99953293800354 5523.43 2570.88 5675.07 2571.12 5674.84 2720.43 5523.20 2720.19
26071-500-M6-059-00017 0.9992766976356506 1341.05 3222.09 1490.26 3221.32 1491.04 3371.33 1341.83 3372.11
26071-500-M6-059-00017 0.9992026686668396 3351.37 3220.20 3500.81 3220.48 3500.53 3367.93 3351.09 3367.65
26071-500-M6-059-00017 0.9990932941436768 5358.92 3221.15 5509.16 3221.48 5508.83 3368.34 5358.59 3368.01
26071-500-M6-059-00017 0.9986876845359802 383.40 3198.63 536.21 3198.58 536.25 3347.52 383.45 3347.57
26071-500-M6-059-00017 0.9983807802200317 1840.15 3217.71 1989.56 3217.27 1990.00 3363.47 1840.59 3363.91
26071-500-M6-059-00017 0.9983158111572266 1343.56 3451.68 1493.75 3451.75 1493.69 3603.19 1343.50 3603.13
26071-500-M6-059-00017 0.9982607960700989 5856.08 3217.47 6005.28 3217.00 6005.74 3363.53 5856.54 3364.00
26071-500-M6-059-00017 0.9980050921440125 3847.03 3217.70 3998.22 3217.20 3998.71 3364.00 3847.51 3364.50
26071-500-M6-059-00017 0.9979344606399536 5524.65 3217.09 5671.55 3217.59 5671.04 3368.24 5524.14 3367.74
26071-500-M6-059-00017 0.997901439666748 1385.92 4814.25 1535.22 4814.68 1534.79 4964.83 1385.49 4964.40
26071-500-M6-059-00017 0.9972671270370483 5688.55 3217.79 5837.22 3218.40 5836.61 3366.78 5687.94 3366.16
26071-500-M6-059-00017 0.9972048401832581 3394.36 4814.07 3542.98 4814.55 3542.49 4965.57 3393.87 4965.09
26071-500-M6-059-00017 0.9967541098594666 3681.59 3217.60 3831.17 3217.85 3830.92 3364.78 3681.34 3364.53
26071-500-M6-059-00017 0.9967356324195862 2079.00 4062.20 2229.50 4062.46 2229.25 4208.63 2078.75 4208.37
26071-500-M6-059-00017 0.9965657591819763 5401.34 4813.54 5550.82 4813.99 5550.37 4963.60 5400.89 4963.15
26071-500-M6-059-00017 0.996187150478363 1675.06 3217.57 1823.15 3217.55 1823.17 3363.09 1675.08 3363.11
26071-500-M6-059-00017 0.9960958361625671 5357.13 3453.60 5506.45 3452.92 5507.13 3603.30 5357.81 3603.97
26071-500-M6-059-00017 0.9957711100578308 3350.21 3454.38 3500.80 3452.97 3502.20 3602.10 3351.61 3603.51
26071-500-M6-059-00017 0.9957114458084106 4085.98 4060.92 4237.16 4061.77 4236.33 4208.73 4085.15 4207.87
26071-500-M6-059-00017 0.9953688979148865 1507.98 3217.00 1655.39 3217.58 1654.80 3368.70 1507.39 3368.12
26071-500-M6-059-00017 0.994766116142273 6092.64 4060.20 6241.42 4058.87 6242.77 4209.01 6093.99 4210.34
26071-500-M6-059-00017 0.9935205578804016 3516.17 3217.90 3662.91 3217.60 3663.21 3367.17 3516.47 3367.47
26071-500-M6-059-00040 0.9992850422859192 6304.91 3042.31 6453.30 3042.62 6452.99 3191.71 6304.59 3191.39
26071-500-M6-059-00040 0.9992610812187195 2287.84 1549.97 2437.95 1550.00 2437.91 1698.90 2287.81 1698.87
26071-500-M6-059-00040 0.9991175532341003 3941.16 2612.62 4092.37 2612.75 4092.24 2762.70 3941.03 2762.57
26071-500-M6-059-00040 0.9984496831893921 2524.05 2694.84 2674.88 2694.87 2674.85 2843.35 2524.02 2843.32
26071-500-M6-059-00040 0.9980058073997498 2479.35 4461.64 2627.39 4459.78 2629.30 4612.01 2481.27 4613.87
26071-500-M6-059-00040 0.9979634284973145 6587.81 2021.19 6735.18 2021.48 6734.88 2172.54 6587.51 2172.25
26071-500-M6-059-00040 0.9969894289970398 3552.20 4993.89 3702.59 4994.19 3702.30 5142.13 3551.91 5141.83
26071-500-M6-059-00040 0.996947705745697 3778.49 4461.40 3929.13 4460.97 3929.57 4611.05 3778.92 4611.48
26071-500-M6-059-00040 0.9960864782333374 2253.41 4992.97 2401.56 4993.32 2401.20 5142.49 2253.05 5142.14
26071-500-M6-059-00040 0.99566251039505 3411.62 2335.97 3556.11 2335.87 3556.21 2484.87 3411.73 2484.97
26071-500-M6-059-00044 0.9998974800109863 5594.62 4443.73 5745.78 4443.93 5745.58 4594.26 5594.42 4594.05
26071-500-M6-059-00044 0.9998955726623535 3551.70 4443.58 3702.05 4443.61 3702.02 4594.97 3551.66 4594.93
26071-500-M6-059-00044 0.9998917579650879 6030.55 4560.88 6182.37 4561.34 6181.91 4712.55 6030.10 4712.09
26071-500-M6-059-00044 0.9998732805252075 7131.20 4442.31 7281.04 4442.32 7281.03 4594.92 7131.18 4594.91
26071-500-M6-059-00044 0.9998453855514526 2452.79 4561.89 2603.72 4562.17 2603.45 4712.09 2452.51 4711.81
26071-500-M6-059-00044 0.9998422861099243 7565.96 4561.17 7718.41 4561.59 7717.99 4713.15 7565.53 4712.72
26071-500-M6-059-00044 0.9998218417167664 6428.54 4518.57 6581.50 4518.73 6581.34 4668.18 6428.38 4668.03
26071-500-M6-059-00044 0.9998165965080261 4893.30 4518.39 5044.65 4518.45 5044.59 4668.01 4893.25 4667.96
26071-500-M6-059-00044 0.9998155236244202 2849.50 4518.06 3002.23 4518.18 3002.12 4667.50 2849.39 4667.39
26071-500-M6-059-00044 0.9998090863227844 3988.56 4560.47 4138.93 4560.73 4138.67 4711.10 3988.30 4710.84
26071-500-M6-059-00044 0.9998063445091248 2017.13 4442.48 2166.73 4442.52 2166.69 4594.49 2017.08 4594.44
26071-500-M6-059-00044 0.9997960925102234 1314.31 4518.31 1466.03 4518.47 1465.87 4668.07 1314.14 4667.90
26071-500-M6-059-00044 0.999785840511322 1047.97 3380.92 1196.43 3381.13 1196.21 3531.54 1047.76 3531.33
26071-500-M6-059-00044 0.9997848868370056 4952.91 1543.68 5103.93 1543.83 5103.79 1694.13 4952.77 1693.98
26071-500-M6-059-00044 0.9997183680534363 3256.94 1767.05 3406.98 1767.27 3406.76 1917.68 3256.72 1917.46
26071-500-M6-059-00044 0.9996926784515381 4495.69 2853.33 4647.23 2853.00 4647.57 3005.87 4496.02 3006.20
26071-500-M6-059-00044 0.9996709823608398 6611.80 5052.12 6759.56 5052.88 6758.80 5201.18 6611.04 5200.43
26071-500-M6-059-00044 0.9995854496955872 5076.31 5052.72 5225.62 5052.89 5225.46 5201.56 5076.15 5201.40
26071-500-M6-059-00044 0.9994598031044006 3030.67 5052.71 3179.89 5052.26 3180.35 5201.45 3031.13 5201.90
26071-500-M6-059-00044 0.9994547963142395 4495.28 2310.72 4647.23 2310.57 4647.38 2460.66 4495.44 2460.81
26071-500-M6-059-00044 0.999360978603363 1497.04 5052.92 1646.00 5053.63 1645.30 5201.12 1496.34 5200.42
26071-500-M6-059-00071 0.9994414448738098 4178.12 3722.50 4328.12 3722.79 4327.83 3874.16 4177.83 3873.87
26071-500-M6-059-00071 0.9992990493774414 7245.68 3322.39 7397.96 3322.35 7398.01 3474.57 7245.73 3474.62
26071-500-M6-059-00071 0.9987795948982239 4531.22 3728.20 4680.01 3729.46 4678.74 3880.00 4529.94 3878.74
26071-500-M6-059-00071 0.9985862970352173 2112.25 4072.65 2263.71 4073.00 2263.36 4222.69 2111.89 4222.33
26071-500-M6-059-00071 0.997843861579895 1044.75 4070.51 1192.80 4071.62 1191.68 4221.65 1043.63 4220.55
26071-500-M6-059-00071 0.9967120885848999 6255.03 2478.21 6403.57 2476.57 6405.23 2627.14 6256.69 2628.78
26071-500-M6-059-00071 0.9965758919715881 4330.47 1869.01 4481.26 1869.30 4480.97 2019.46 4330.18 2019.17
26071-500-M6-059-00071 0.9959976673126221 5891.18 3687.59 6040.49 3687.20 6040.88 3838.68 5891.58 3839.07
26071-500-M6-059-00071 0.9831652641296387 5688.38 3689.16 5839.24 3688.98 5839.42 3839.20 5688.56 3839.38
26071-500-M6-059-00071 0.9662377834320068 4118.91 1869.62 4267.72 1869.72 4267.62 2020.70 4118.81 2020.60
26071-500-M6-059-00116 0.9999191761016846 5831.84 1786.50 5980.95 1786.74 5980.71 1936.35 5831.60 1936.11
26071-500-M6-059-00116 0.9999089241027832 4649.40 1979.19 4801.41 1979.28 4801.32 2129.58 4649.31 2129.49
26071-500-M6-059-00116 0.9999040365219116 2405.87 5328.51 2555.90 5328.51 2555.91 5480.74 2405.87 5480.74
26071-500-M6-059-00116 0.9998924732208252 2051.34 5328.62 2201.88 5328.59 2201.91 5480.11 2051.38 5480.14
26071-500-M6-059-00116 0.999890923500061 2405.15 5049.09 2556.32 5049.12 2556.29 5200.77 2405.12 5200.74
26071-500-M6-059-00116 0.9998763799667358 2051.29 5048.95 2202.11 5048.96 2202.10 5201.22 2051.28 5201.21
26071-500-M6-059-00116 0.9996316432952881 5949.95 6443.04 6097.86 6443.23 6097.66 6595.44 5949.75 6595.25
26071-500-M6-059-00248 0.9997126460075378 2523.82 1313.50 2674.81 1313.67 2674.64 1464.09 2523.65 1463.92
26071-500-M6-059-00248 0.9996019005775452 3406.54 4744.48 3556.02 4742.72 3557.81 4894.23 3408.33 4896.00
26071-500-M6-059-00248 0.9995668530464172 3646.07 4743.54 3794.82 4743.85 3794.51 4894.63 3645.76 4894.31
26071-500-M6-059-00248 0.9994997978210449 6066.93 4739.15 6216.63 4739.53 6216.24 4890.16 6066.54 4889.78
26071-500-M6-059-00248 0.99908447265625 2169.37 2495.25 2318.77 2495.75 2318.26 2646.74 2168.86 2646.24
26071-500-M6-059-00248 0.9990783929824829 6067.06 4460.08 6216.33 4460.49 6215.91 4610.39 6066.64 4609.98
26071-500-M6-059-00248 0.9990690350532532 2168.64 1313.10 2319.71 1313.01 2319.80 1465.62 2168.73 1465.71
26071-500-M6-059-00248 0.9988914132118225 2170.36 1034.18 2319.74 1034.02 2319.90 1185.60 2170.53 1185.77
26071-500-M6-059-00248 0.998793363571167 4177.66 2215.26 4328.42 2215.11 4328.56 2366.33 4177.81 2366.47
26071-500-M6-059-00248 0.9987255930900574 4177.33 2493.35 4325.86 2494.10 4325.08 2647.85 4176.55 2647.09
26071-500-M6-059-00248 0.9986355900764465 5710.56 4741.04 5860.84 4739.68 5862.22 4891.86 5711.94 4893.22
26071-550-M6-084-00026 0.9999046325683594 6066.89 3573.34 6218.52 3573.46 6218.40 3724.93 6066.77 3724.81
26071-550-M6-084-00026 0.9999020099639893 2642.46 3086.04 2792.80 3086.12 2792.71 3235.41 2642.37 3235.32
26071-550-M6-084-00026 0.9998968839645386 4613.97 3013.48 4765.45 3013.66 4765.27 3164.35 4613.80 3164.17
26071-550-M6-084-00026 0.9998457431793213 2253.17 3018.06 2402.27 3018.48 2401.85 3169.57 2252.75 3169.15
26071-550-M6-084-00026 0.9997820258140564 5003.47 3086.53 5155.63 3086.27 5155.89 3236.72 5003.72 3236.99
26071-550-M6-084-00026 0.9995265007019043 4320.07 3837.10 4468.41 3836.97 4468.54 3984.70 4320.21 3984.84
26071-550-M6-084-00026 0.9990580677986145 1943.95 3833.41 2095.02 3834.90 2093.51 3987.75 1942.45 3986.27
26071-550-M6-084-00248 0.9999433755874634 2523.30 5920.12 2674.60 5920.23 2674.49 6070.53 2523.18 6070.42
26071-550-M6-084-00248 0.9998940229415894 4177.38 2022.13 4327.13 2022.54 4326.72 2172.36 4176.97 2171.95
26071-550-M6-084-00248 0.9998922348022461 5831.06 3439.25 5980.90 3439.77 5980.38 3590.42 5830.54 3589.90
26071-550-M6-084-00248 0.9998860359191895 2169.73 5920.35 2320.09 5920.23 2320.21 6071.08 2169.86 6071.20
26071-550-M6-084-00248 0.9998852014541626 2169.42 2022.94 2319.77 2023.13 2319.58 2172.73 2169.23 2172.54
26071-550-M6-084-00248 0.9998787641525269 3409.87 4271.58 3559.13 4272.05 3558.66 4421.91 3409.40 4421.44
26071-550-M6-084-00248 0.9998666048049927 3645.95 4270.13 3794.72 4270.02 3794.84 4424.76 3646.06 4424.87
26071-550-M6-084-00248 0.9998569488525391 5831.32 3160.00 5980.58 3160.63 5979.95 3310.72 5830.70 3310.09
26071-550-M6-084-00248 0.9998397827148438 4177.39 1742.68 4327.33 1743.21 4326.80 1893.85 4176.86 1893.32
26071-550-M6-084-00248 0.9998334646224976 2169.70 5640.33 2320.95 5640.53 2320.75 5791.54 2169.50 5791.34
26071-550-M6-084-00248 0.9984433054924011 5475.71 3440.87 5623.78 3439.24 5625.48 3593.12 5477.40 3594.75
26071-600-M6-065-00021 0.9999082088470459 3859.40 2022.09 4008.79 2022.41 4008.47 2172.70 3859.08 2172.38
26071-600-M6-065-00021 0.9998989105224609 3858.14 1565.07 4009.46 1565.31 4009.23 1715.89 3857.91 1715.65
26071-600-M6-065-00021 0.9998866319656372 2287.02 1921.08 2438.74 1921.32 2438.50 2071.17 2286.79 2070.94
26071-600-M6-065-00021 0.9998825788497925 3811.36 5190.37 3962.02 5190.74 3961.65 5342.28 3810.99 5341.92
26071-600-M6-065-00021 0.9998788833618164 7259.66 3644.16 7412.00 3644.61 7411.56 3795.04 7259.22 3794.59
26071-600-M6-065-00021 0.9998763799667358 5547.42 5190.44 5697.93 5190.81 5697.56 5342.16 5547.04 5341.79
26071-600-M6-065-00021 0.9998645782470703 4095.49 2022.63 4244.22 2023.17 4243.67 2173.03 4094.95 2172.49
26071-600-M6-065-00021 0.9998611211776733 5358.31 3912.07 5509.23 3912.13 5509.18 4063.64 5358.26 4063.59
26071-600-M6-065-00021 0.9998538494110107 7260.92 3912.58 7411.42 3912.65 7411.35 4062.59 7260.85 4062.53
26071-600-M6-065-00021 0.9998444318771362 4674.15 3867.67 4822.64 3868.33 4821.97 4019.26 4673.48 4018.60
26071-600-M6-065-00021 0.9998296499252319 2831.20 3793.51 2979.86 3793.69 2979.68 3945.01 2831.02 3944.83
26071-600-M6-065-00021 0.9997634291648865 4405.17 3632.66 4556.67 3632.76 4556.57 3782.93 4405.07 3782.83
26071-600-M6-065-00021 0.9997581839561462 6870.60 2569.01 7020.18 2569.21 7019.97 2720.89 6870.40 2720.69
26071-600-M6-065-00021 0.9996417760848999 4657.13 5203.33 4808.56 5203.58 4808.29 5356.29 4656.87 5356.03
26071-600-M6-065-00021 0.9996323585510254 2921.21 5203.30 3072.45 5203.58 3072.17 5356.40 2920.93 5356.12
26071-600-M6-065-00021 0.9996281862258911 6221.02 2570.62 6370.04 2570.79 6369.86 2721.38 6220.85 2721.21
26071-600-M6-065-00021 0.9996211528778076 2961.48 5641.13 3110.49 5641.47 3110.13 5792.54 2961.13 5792.20
26071-600-M6-065-00021 0.9996179342269897 4405.53 3871.42 4553.20 3869.52 4555.13 4019.38 4407.46 4021.29
26071-600-M6-065-00021 0.9996044039726257 5584.54 2570.84 5731.94 2570.82 5731.96 2721.86 5584.56 2721.88
26071-600-M6-065-00021 0.9996010661125183 4669.18 3630.77 4820.01 3630.84 4819.94 3785.23 4669.10 3785.16
26071-600-M6-065-00021 0.999600350856781 4698.17 5641.14 4847.20 5641.50 4846.83 5792.55 4697.81 5792.19
26071-600-M6-065-00021 0.9995965361595154 2488.62 2100.39 2639.89 2100.74 2639.55 2247.45 2488.28 2247.11
26071-600-M6-065-00037 0.9999005794525146 7129.05 4266.20 7281.07 4266.23 7281.04 4417.01 7129.02 4416.98
26071-600-M6-065-00037 0.9998959302902222 4946.15 3893.78 5096.36 3893.78 5096.36 4043.45 4946.15 4043.45
26071-600-M6-065-00037 0.99988853931427 1637.64 3894.93 1789.82 3894.88 1789.87 4042.16 1637.69 4042.22
26071-600-M6-065-00037 0.9998880624771118 6362.61 3031.08 6513.05 3031.33 6512.80 3180.42 6362.36 3180.18
26071-600-M6-065-00037 0.9998879432678223 4412.73 3893.11 4564.77 3893.39 4564.51 4042.43 4412.46 4042.16
26071-600-M6-065-00037 0.9998846054077148 2453.14 2946.88 2603.94 2946.98 2603.84 3098.61 2453.04 3098.51
26071-600-M6-065-00037 0.9998835325241089 1991.97 3160.78 2143.49 3160.93 2143.34 3310.00 1991.82 3309.84
26071-600-M6-065-00037 0.9998792409896851 3763.53 4266.85 3916.42 4266.71 3916.56 4417.05 3763.67 4417.20
26071-600-M6-065-00037 0.9998680353164673 2736.64 2901.00 2886.97 2901.32 2886.65 3049.96 2736.32 3049.64
26071-600-M6-065-00037 0.9998466968536377 6091.01 2924.59 6242.09 2924.97 6241.72 3073.95 6090.64 3073.57
26071-600-M6-065-00037 0.9998413324356079 5346.20 3149.07 5498.05 3149.19 5497.92 3299.10 5346.08 3298.98
26071-600-M6-065-00037 0.9998277425765991 7803.38 4648.85 7953.68 4649.05 7953.48 4798.39 7803.19 4798.19
26071-600-M6-065-00037 0.9998186230659485 3763.82 3988.69 3915.30 3988.97 3915.02 4137.06 3763.55 4136.79
26071-600-M6-065-00037 0.9997544884681702 7130.50 3987.11 7281.69 3987.37 7281.43 4138.11 7130.24 4137.85
26071-600-M6-065-00037 0.9997401833534241 987.73 3894.52 1139.51 3894.40 1139.63 4042.47 987.85 4042.59
26071-600-M6-065-00037 0.9996910095214844 2877.60 5287.33 3028.26 5287.73 3027.86 5436.91 2877.20 5436.50
26071-600-M6-065-00037 0.999669075012207 4815.44 6112.03 4965.67 6111.88 4965.81 6262.90 4815.59 6263.04
26071-600-M6-065-00231 0.9998972415924072 4177.60 4494.65 4328.51 4494.71 4328.45 4645.40 4177.54 4645.34
26071-600-M6-065-00231 0.9998936653137207 3622.29 3242.38 3774.22 3242.48 3774.12 3393.87 3622.19 3393.78
26071-600-M6-065-00231 0.9998878240585327 5593.27 4089.48 5745.31 4089.87 5744.93 4239.33 5592.89 4238.95
26071-600-M6-065-00231 0.9998766183853149 6208.76 1313.69 6359.52 1313.76 6359.45 1464.57 6208.70 1464.51
26071-600-M6-065-00231 0.9998264908790588 3600.85 3045.55 3753.25 3044.53 3754.24 3193.42 3601.85 3194.45
26071-600-M6-065-00231 0.9998230338096619 5595.22 3821.27 5745.03 3821.50 5744.80 3972.77 5594.99 3972.55
26071-600-M6-065-00231 0.9998186230659485 4413.26 4494.37 4564.60 4494.52 4564.45 4645.62 4413.11 4645.47
26071-600-M6-065-00231 0.999724805355072 6904.89 4223.78 7056.32 4223.88 7056.23 4373.88 6904.79 4373.78
26071-600-M6-065-00231 0.9996862411499023 6904.30 3916.08 7056.03 3916.38 7055.74 4065.53 6904.01 4065.23
26071-600-M6-065-00231 0.9996627569198608 5814.69 3679.37 5965.43 3679.71 5965.09 3831.44 5814.35 3831.10
26071-600-M6-065-00231 0.9996591806411743 6146.35 3681.41 6295.48 3682.29 6294.59 3832.30 6145.46 3831.42
26071-600-M6-065-00231 0.9996300935745239 7437.66 4224.28 7587.67 4224.34 7587.61 4373.62 7437.61 4373.56
26071-600-M6-065-00231 0.9995923638343811 7437.33 3915.52 7587.48 3915.49 7587.50 4066.31 7437.35 4066.33
26071-600-M6-065-00231 0.9995891451835632 4001.27 4718.78 4149.96 4719.06 4149.68 4870.20 4000.99 4869.92
26071-600-M6-065-00259 0.9998230338096619 794.97 2509.43 947.14 2509.75 946.81 2661.11 794.65 2660.79
26071-600-M6-065-00259 0.9998142123222351 7763.41 4754.55 7914.63 4754.74 7914.44 4904.81 7763.22 4904.61
26071-600-M6-065-00259 0.999744713306427 7409.32 4754.53 7559.59 4754.67 7559.45 4905.59 7409.18 4905.45
26071-600-M6-065-00259 0.9997014403343201 440.89 2509.51 591.31 2509.58 591.24 2659.73 440.82 2659.66
26071-600-M6-066-00002 0.9999063014984131 6657.64 3628.81 6808.17 3628.99 6807.99 3779.17 6657.46 3778.99
26071-600-M6-066-00002 0.9998229146003723 6658.18 3359.79 6806.15 3359.91 6806.02 3510.95 6658.05 3510.82
26071-600-M6-066-00002 0.9998052716255188 4850.53 3516.90 5002.04 3516.43 5002.52 3667.04 4851.00 3667.51
26071-600-M6-066-00002 0.9998052716255188 4851.08 2687.18 5000.05 2687.87 4999.36 2838.47 4850.38 2837.79
26071-600-M6-066-00002 0.999789297580719 5133.69 2687.09 5285.14 2687.13 5285.09 2837.49 5133.64 2837.45
26071-600-M6-066-00002 0.999683141708374 6807.46 3365.05 6956.19 3364.23 6957.00 3511.95 6808.27 3512.77
26071-600-M6-066-00002 0.9996334314346313 5133.70 3513.35 5284.65 3513.21 5284.79 3666.41 5133.84 3666.55
26071-600-M6-066-00002 0.9996206760406494 3497.85 3278.48 3648.27 3278.85 3647.90 3429.50 3497.48 3429.13
26071-600-M6-066-00002 0.9996069073677063 3218.24 3278.80 3369.57 3278.93 3369.44 3427.18 3218.11 3427.05
26071-600-M6-066-00003 0.9998929500579834 3114.81 4324.93 3265.77 4324.85 3265.85 4476.37 3114.89 4476.45
26071-600-M6-066-00003 0.9998908042907715 2759.62 1624.37 2912.17 1624.66 2911.88 1775.34 2759.34 1775.04
26071-600-M6-066-00003 0.9998619556427002 1635.71 4621.79 1790.32 4621.84 1790.28 4772.48 1635.66 4772.43
26071-600-M6-066-00003 0.9998588562011719 2760.45 1903.45 2910.33 1903.47 2910.30 2057.14 2760.42 2057.12
26071-600-M6-066-00003 0.999855637550354 4649.81 6157.96 4800.49 6158.24 4800.21 6307.36 4649.54 6307.09
26071-600-M6-066-00003 0.9998530149459839 3113.99 4046.21 3266.23 4046.50 3265.94 4196.89 3113.70 4196.60
26071-600-M6-066-00003 0.999840259552002 1872.14 4622.23 2026.53 4622.27 2026.50 4772.09 1872.11 4772.06
26071-600-M6-066-00003 0.9998331069946289 1637.63 4341.24 1789.40 4341.76 1788.89 4492.22 1637.12 4491.71
26071-600-M6-066-00003 0.9998316764831543 2996.66 1903.49 3146.68 1903.51 3146.66 2057.08 2996.65 2057.06
26071-600-M6-066-00003 0.9998261332511902 5711.41 1905.01 5863.88 1904.91 5863.98 2056.52 5711.50 2056.62
26071-600-M6-066-00003 0.9998214840888977 6345.23 4187.64 6497.41 4187.54 6497.51 4336.54 6345.34 4336.65
26071-600-M6-066-00003 0.9998151659965515 1873.91 4341.19 2025.34 4341.75 2024.79 4491.97 1873.36 4491.42
26071-600-M6-066-00003 0.9998071789741516 5713.02 1624.30 5863.60 1624.50 5863.40 1775.80 5712.82 1775.61
26071-600-M6-066-00003 0.9997974038124084 2996.69 1624.29 3146.96 1624.59 3146.66 1775.69 2996.39 1775.39
26071-600-M6-066-00003 0.9997289776802063 6067.68 4186.74 6217.60 4186.89 6217.45 4338.24 6067.52 4338.08
26071-600-M6-066-00003 0.06488879770040512 5786.79 4186.61 5933.59 4186.14 5934.08 4337.65 5787.27 4338.12
26071-600-M6-066-00012 0.9999082088470459 6539.12 1786.82 6689.96 1786.91 6689.87 1936.82 6539.03 1936.73
26071-600-M6-066-00012 0.9999068975448608 5831.41 3160.10 5981.40 3160.27 5981.23 3310.26 5831.24 3310.09
26071-600-M6-066-00012 0.9999068975448608 3350.53 3159.93 3500.71 3160.11 3500.53 3310.41 3350.34 3310.23
26071-600-M6-066-00012 0.9999066591262817 3646.23 2139.99 3796.73 2140.20 3796.52 2290.70 3646.02 2290.49
26071-600-M6-066-00012 0.9998989105224609 4000.95 2140.47 4150.82 2140.68 4150.61 2290.85 4000.74 2290.64
26071-600-M6-066-00012 0.9998717308044434 2523.22 3160.41 2675.12 3160.69 2674.83 3311.41 2522.94 3311.13
26071-600-M6-066-00012 0.999855637550354 6539.05 1506.86 6691.34 1507.24 6690.97 1657.12 6538.68 1656.74
26071-600-M6-066-00012 0.9997714161872864 7440.62 2688.09 7592.81 2688.25 7592.65 2837.48 7440.46 2837.31
26071-675-M6-068-00034 0.9999198913574219 4485.52 1959.94 4635.63 1960.16 4635.41 2111.42 4485.30 2111.21
26071-675-M6-068-00034 0.9999080896377563 4815.00 1659.35 4966.23 1659.52 4966.06 1811.37 4814.83 1811.20
26071-675-M6-068-00034 0.9998137354850769 4815.06 1900.07 4965.10 1900.60 4964.56 2052.05 4814.53 2051.52
26071-675-M6-068-00034 0.9997854828834534 4755.06 4028.61 4905.97 4028.90 4905.69 4179.10 4754.78 4178.82
26071-675-M6-068-00034 0.9997155070304871 4658.65 1899.95 4806.70 1900.46 4806.17 2051.01 4658.13 2050.49
26071-675-M6-068-00034 0.9995753169059753 4755.01 4718.83 4906.26 4719.08 4906.01 4871.89 4754.76 4871.65
26071-675-M6-068-00034 0.999413251876831 6766.91 2726.69 6914.50 2725.76 6915.45 2876.34 6767.86 2877.27
26071-675-M6-068-00034 0.9993243217468262 4966.14 2870.09 5115.97 2870.24 5115.83 3018.12 4966.00 3017.98
26071-700-M6-054-00013 0.9998700618743896 5122.65 5092.37 5271.11 5092.39 5271.09 5245.39 5122.63 5245.37
26071-700-M6-054-00013 0.9998540878295898 5122.86 1313.78 5273.36 1314.00 5273.14 1465.15 5122.64 1464.93
26071-700-M6-054-00013 0.9997568726539612 5122.65 3202.80 5272.55 3202.96 5272.39 3354.48 5122.48 3354.32
26071-700-M6-054-00036 0.9999364614486694 2523.64 2848.49 2674.46 2848.43 2674.53 3001.58 2523.70 3001.64
26071-700-M6-054-00036 0.9999215602874756 5063.26 2612.36 5214.32 2612.28 5214.40 2765.52 5063.35 2765.60
26071-700-M6-054-00036 0.9999146461486816 5003.92 6156.21 5155.03 6156.25 5154.99 6307.54 5003.88 6307.50
26071-700-M6-054-00036 0.9999090433120728 4530.87 6156.18 4682.19 6156.46 4681.92 6306.17 4530.60 6305.89
26071-700-M6-054-00036 0.9998915195465088 4968.69 3455.92 5118.10 3455.94 5118.08 3606.56 4968.67 3606.54
26071-700-M6-054-00036 0.9998862743377686 2996.35 2569.82 3147.34 2570.13 3147.02 2721.24 2996.04 2720.93
26071-700-M6-054-00036 0.999849796295166 4531.74 5875.34 4681.82 5876.04 4681.11 6027.39 4531.03 6026.68
26071-700-M6-054-00036 0.9998425245285034 2996.28 2848.75 3147.01 2848.76 3147.00 3001.95 2996.26 3001.93
26071-700-M6-054-00036 0.9998314380645752 5474.97 2333.30 5628.17 2333.32 5628.15 2486.37 5474.94 2486.35
26071-700-M6-054-00036 0.9998134970664978 5252.89 2475.40 5403.48 2475.63 5403.24 2627.35 5252.65 2627.11
26071-700-M6-054-00036 0.9998119473457336 5475.58 2614.33 5627.41 2614.38 5627.36 2762.48 5475.53 2762.43
26071-700-M6-054-00036 0.9998040795326233 5003.82 5283.65 5155.32 5283.49 5155.49 5434.91 5003.98 5435.07
26071-700-M6-054-00036 0.9997890591621399 5713.22 2612.07 5862.54 2612.61 5861.99 2765.30 5712.67 2764.76
26071-700-M6-054-00036 0.9997552037239075 6833.65 5283.41 6986.39 5283.47 6986.34 5433.60 6833.59 5433.54
26071-700-M6-054-00036 0.999688982963562 5276.06 3456.59 5423.08 3456.47 5423.20 3605.62 5276.19 3605.74
26071-700-M6-054-00246 0.9998729228973389 5004.04 3691.23 5155.07 3691.23 5155.07 3842.33 5004.03 3842.33
26071-700-M6-054-00246 0.999864935874939 5594.62 2140.49 5745.67 2140.65 5745.52 2289.78 5594.46 2289.63
26071-700-M6-054-00246 0.9997900128364563 5476.97 4299.77 5627.66 4300.03 5627.39 4450.07 5476.71 4449.80
26071-700-M6-054-00246 0.9997522234916687 5005.59 3208.63 5153.75 3208.59 5153.80 3356.47 5005.63 3356.52
26071-700-M6-054-00246 0.9996153116226196 5240.29 3692.71 5389.73 3692.58 5389.85 3841.50 5240.42 3841.63
26071-750-M6-085-00007 0.9999096393585205 4295.98 3439.16 4445.23 3439.64 4444.75 3590.87 4295.50 3590.40
26071-750-M6-085-00007 0.9999057054519653 4531.22 4164.30 4682.23 4164.33 4682.21 4315.47 4531.19 4315.45
26071-750-M6-085-00007 0.9998904466629028 4294.63 3159.92 4446.20 3160.34 4445.78 3311.40 4294.21 3310.98
26071-750-M6-085-00007 0.9998515844345093 1698.87 1784.79 1847.08 1784.97 1846.90 1937.62 1698.68 1937.44
26071-750-M6-085-00007 0.9998127818107605 4177.27 4165.34 4328.27 4165.29 4328.32 4315.16 4177.33 4315.21
26071-750-M6-085-00007 0.9997969269752502 2058.19 2274.17 2211.26 2274.14 2211.28 2425.60 2058.21 2425.63
26071-750-M6-085-00007 0.9997910857200623 3409.68 2274.17 3559.33 2274.66 3558.83 2424.66 3409.18 2424.17
26071-750-M6-085-00007 0.9997808337211609 1815.06 2274.46 1966.84 2274.74 1966.57 2425.18 1814.78 2424.91
26071-750-M6-085-00007 0.9997710585594177 4531.74 3439.55 4681.43 3439.91 4681.08 3590.93 4531.38 3590.58
26071-750-M6-085-00007 0.9997660517692566 4524.52 3030.07 4674.58 3030.23 4674.43 3181.65 4524.37 3181.49
26071-750-M6-085-00007 0.9997406601905823 5949.53 4164.39 6099.27 4164.15 6099.52 4316.56 5949.78 4316.80
26071-750-M6-085-00007 0.9996532201766968 3652.89 2274.27 3804.21 2274.27 3804.22 2425.48 3652.89 2425.49
26071-750-M6-085-00007 0.9996494054794312 3653.45 2925.11 3803.95 2925.19 3803.87 3075.22 3653.36 3075.14
26071-750-M6-085-00007 0.9996104836463928 1589.58 3159.21 1742.28 3159.36 1742.13 3309.10 1589.44 3308.95
26071-750-M6-085-00007 0.9995984435081482 2059.10 2924.39 2210.53 2924.46 2210.46 3074.76 2059.03 3074.70
26071-750-M6-085-00007 0.9995824694633484 3963.75 4418.64 4112.66 4417.69 4113.63 4567.66 3964.71 4568.61
26071-750-M6-085-00007 0.9995418787002563 3184.99 3161.11 3336.56 3161.10 3336.56 3309.95 3184.99 3309.95
26071-750-M6-085-00007 0.9995381832122803 1661.15 2457.45 1809.28 2455.95 1810.82 2608.42 1662.69 2609.91
26071-750-M6-085-00007 0.999509334564209 3255.70 2457.07 3403.87 2456.21 3404.76 2608.00 3256.58 2608.87
26071-750-M6-085-00007 0.9994826316833496 2653.80 3160.81 2803.30 3161.09 2803.02 3309.95 2653.52 3309.67
26071-750-M6-085-00007 0.9994738698005676 1059.49 3160.32 1208.90 3160.52 1208.70 3310.08 1059.29 3309.88
26071-750-M6-085-00007 0.9993533492088318 1590.00 3400.29 1740.79 3398.41 1742.62 3545.41 1591.83 3547.29
26071-750-M6-085-00007 0.9992995262145996 1058.63 3400.58 1209.02 3398.98 1210.58 3545.74 1060.19 3547.34
26071-750-M6-085-00007 0.9992627501487732 2652.85 3400.58 2803.17 3399.16 2804.54 3544.78 2654.22 3546.19
26071-750-M6-085-00007 0.9990628361701965 5048.24 2568.13 5198.50 2568.17 5198.45 2722.80 5048.20 2722.75
26071-750-M6-085-00007 0.9987680315971375 3184.89 3400.31 3335.39 3398.43 3337.21 3544.47 3186.71 3546.34
26071-750-M6-085-00007 0.9986487030982971 5049.18 2331.01 5197.62 2331.09 5197.54 2487.00 5049.09 2486.92
26071-750-M6-085-00012 0.9999223947525024 5063.62 4879.97 5213.48 4880.13 5213.32 5031.06 5063.46 5030.91
26071-750-M6-085-00012 0.9998906850814819 7318.47 3499.14 7469.66 3499.15 7469.65 3650.58 7318.46 3650.57
26071-750-M6-085-00012 0.9998815059661865 5134.06 3498.40 5284.65 3498.29 5284.76 3651.79 5134.18 3651.90
26071-750-M6-085-00012 0.9998815059661865 2795.85 4880.17 2944.44 4880.40 2944.20 5030.91 2795.61 5030.67
26071-750-M6-085-00012 0.9998751878738403 5300.39 3499.29 5449.83 3499.16 5449.96 3650.31 5300.52 3650.43
26071-750-M6-085-00012 0.9998748302459717 5594.05 6157.33 5745.25 6157.63 5744.96 6306.47 5593.75 6306.17
26071-750-M6-085-00012 0.9998666048049927 2831.06 3380.71 2981.83 3380.95 2981.59 3531.01 2830.83 3530.77
26071-750-M6-085-00012 0.9998553991317749 6893.70 4694.69 7045.43 4694.76 7045.36 4847.30 6893.64 4847.24
26071-750-M6-085-00012 0.9998538494110107 2110.88 3440.17 2261.71 3440.52 2261.37 3590.96 2110.53 3590.61
26071-750-M6-085-00012 0.9998486042022705 2323.82 3441.23 2475.03 3441.92 2474.35 3591.96 2323.14 3591.28
26071-750-M6-085-00012 0.9998472929000854 5593.99 5875.64 5745.44 5875.76 5745.32 6029.53 5593.87 6029.41
26071-750-M6-085-00012 0.999832034111023 5831.24 6155.55 5980.79 6156.00 5980.34 6307.33 5830.79 6306.88
26071-750-M6-085-00012 0.9998307228088379 6598.53 3559.58 6749.76 3559.86 6749.48 3709.70 6598.26 3709.42
26071-750-M6-085-00012 0.9998225569725037 2111.03 3179.54 2260.95 3179.68 2260.80 3331.43 2110.89 3331.29
26071-750-M6-085-00012 0.9998217225074768 4413.31 3558.08 4564.90 3558.23 4564.74 3709.99 4413.16 3709.84
26071-750-M6-085-00012 0.9998189806938171 5578.84 2923.91 5729.00 2924.55 5728.36 3074.94 5578.19 3074.29
26071-750-M6-085-00012 0.9997996687889099 7449.82 4880.79 7599.78 4880.91 7599.65 5030.86 7449.70 5030.74
26071-750-M6-085-00012 0.9997938275337219 6598.92 3297.55 6749.75 3298.07 6749.22 3449.79 6598.40 3449.27
26071-750-M6-085-00012 0.9997895359992981 3740.41 4581.37 3892.69 4581.75 3892.33 4726.90 3740.05 4726.52
26071-750-M6-085-00012 0.9997851252555847 4707.56 4696.40 4859.14 4696.59 4858.96 4845.70 4707.38 4845.51
26071-750-M6-085-00012 0.9997827410697937 2829.75 4694.02 2981.93 4694.39 2981.56 4845.84 2829.38 4845.46
26071-750-M6-085-00012 0.9997790455818176 7248.26 4881.44 7399.15 4881.42 7399.17 5031.22 7248.28 5031.24
26071-750-M6-085-00012 0.9997760653495789 7484.25 3500.75 7635.25 3500.20 7635.80 3650.23 7484.79 3650.78
26071-750-M6-085-00012 0.9997606873512268 2295.33 4989.99 2444.49 4990.53 2443.95 5142.04 2294.79 5141.51
26071-750-M6-085-00012 0.9997550845146179 3098.02 4694.78 3247.52 4695.26 3247.03 4847.27 3097.54 4846.80
26071-750-M6-085-00012 0.9997400641441345 2016.64 4754.47 2167.03 4754.64 2166.85 4905.51 2016.46 4905.33
26071-750-M6-085-00012 0.9997381567955017 3460.83 4579.18 3609.44 4577.82 3610.83 4729.60 3462.22 4730.96
26071-750-M6-085-00012 0.9997332692146301 5578.75 3280.05 5728.50 3280.21 5728.34 3430.32 5578.59 3430.16
26071-750-M6-085-00012 0.9997283816337585 7445.31 2924.88 7595.86 2924.99 7595.75 3075.61 7445.20 3075.50
26071-750-M6-085-00012 0.9997138381004333 3780.93 4930.99 3930.59 4930.99 3930.59 5083.55 3780.93 5083.54
26071-750-M6-085-00012 0.9997125267982483 2961.86 4880.62 3111.80 4880.61 3111.81 5031.16 2961.87 5031.17
26071-750-M6-085-00012 0.999699592590332 2294.82 4755.14 2446.82 4754.93 2447.03 4905.60 2295.03 4905.81
26071-750-M6-085-00012 0.9996974468231201 4414.04 3297.63 4564.51 3298.02 4564.11 3449.86 4413.65 3449.47
26071-750-M6-085-00012 0.9996942281723022 5264.43 4880.21 5414.94 4880.40 5414.74 5031.01 5264.24 5030.82
26071-750-M6-085-00012 0.9996776580810547 2014.61 4991.27 2167.82 4991.61 2167.49 5141.61 2014.27 5141.26
26071-750-M6-085-00012 0.9996707439422607 5317.69 2926.09 5471.63 2926.17 5471.55 3073.18 5317.62 3073.10
26071-750-M6-085-00012 0.9996514320373535 7705.40 3279.36 7854.22 3279.35 7854.22 3429.64 7705.41 3429.64
26071-750-M6-085-00012 0.9996330738067627 4987.72 4695.88 5138.49 4696.32 5138.05 4847.19 4987.28 4846.75
26071-750-M6-085-00012 0.999630331993103 7172.87 4695.88 7324.30 4695.65 7324.53 4847.01 7173.10 4847.24
26071-750-M6-085-00012 0.9996225833892822 7704.14 2925.18 7852.83 2924.77 7853.25 3076.72 7704.57 3077.14
26071-750-M6-085-00012 0.9995456337928772 5240.80 6158.03 5388.55 6158.48 5388.09 6310.01 5240.33 6309.55
26071-750-M6-085-00012 0.9995373487472534 2995.69 3381.89 3146.58 3381.84 3146.64 3533.32 2995.74 3533.38
26071-750-M6-085-00012 0.9979388117790222 4591.50 3558.56 4740.96 3558.62 4740.90 3711.14 4591.44 3711.08
26071-750-M6-085-00012 0.9978760480880737 6810.04 3558.90 6962.68 3559.10 6962.49 3710.14 6809.85 3709.94
26071-750-M6-085-00012 0.996295154094696 4059.10 3266.49 4210.30 3266.87 4209.92 3415.97 4058.72 3415.59
26071-750-M6-085-00012 0.9960291385650635 1815.14 3456.79 1966.60 3457.39 1966.02 3605.18 1814.55 3604.59
26071-750-M6-085-00012 0.9911878108978271 6243.88 3266.63 6396.11 3267.06 6395.69 3416.79 6243.47 3416.36
26071-750-M6-085-00012 0.1337396651506424 871.70 3764.98 1020.65 3762.67 1022.95 3910.95 874.00 3913.26
26071-750-M6-085-00286 0.9998915195465088 4295.59 3278.14 4446.63 3278.23 4446.54 3430.97 4295.49 3430.88
26071-750-M6-085-00286 0.9998675584793091 3881.90 3280.31 4032.92 3280.16 4033.08 3429.22 3882.06 3429.37
26071-750-M6-085-00286 0.9998584985733032 5933.25 2970.96 6084.55 2971.22 6084.29 3121.14 5933.00 3120.89
26071-750-M6-085-00286 0.9998058676719666 5106.44 2970.61 5257.17 2970.89 5256.89 3121.77 5106.16 3121.50
26071-750-M6-085-00286 0.9997426867485046 4494.31 3044.67 4648.03 3044.48 4648.21 3194.43 4494.49 3194.62
26071-750-M6-085-00286 0.9996975660324097 4768.49 2971.36 4917.70 2971.48 4917.58 3122.27 4768.37 3122.15
26071-750-M6-085-00286 0.9996671676635742 5595.63 2971.38 5743.62 2971.73 5743.25 3123.44 5595.26 3123.09
26071-750-M6-085-00309 0.9996590614318848 6067.65 3868.74 6217.70 3868.68 6217.76 4018.48 6067.71 4018.54
26071-750-M6-085-00309 0.9996484518051147 6480.45 2199.55 6631.17 2199.29 6631.43 2348.08 6480.70 2348.34
26071-750-M6-085-00309 0.9995654225349426 6066.97 2199.26 6218.29 2199.13 6218.42 2348.68 6067.11 2348.82
26071-750-M6-085-00309 0.9993510842323303 7010.35 2201.54 7158.90 2199.42 7161.05 2350.12 7012.50 2352.24
26071-750-M6-085-00309 0.9989173412322998 2684.60 4166.30 2834.02 4165.81 2834.51 4315.12 2685.09 4315.61
