26071-200-M6-052-00003 0.1379314810037613 1624.37 2395.72 1682.33 2395.92 1682.23 2424.88 1624.27 2424.68
26071-200-M6-063-00010 0.287580281496048 5998.79 1802.40 6049.25 1802.28 6049.32 1831.67 5998.86 1831.79
26071-200-M6-063-00010 0.05656243860721588 6350.66 1801.13 6405.66 1800.97 6405.75 1831.68 6350.75 1831.85
26071-203-M6-320-00061 0.05004129186272621 896.13 3725.84 929.58 3726.00 929.38 3766.28 895.94 3766.12
26071-203-M6-337-00007 0.9996647834777832 3235.26 5433.98 3269.09 5434.59 3268.46 5469.15 3234.63 5468.54
26071-203-M6-337-00007 0.9996318817138672 3235.26 2733.94 3269.07 2734.55 3268.43 2769.32 3234.62 2768.71
26071-203-M6-337-00007 0.9994593262672424 5265.33 3033.94 5299.38 3034.53 5298.76 3069.62 5264.72 3069.03
26071-203-M6-337-00007 0.9993802309036255 5261.09 5733.94 5295.03 5734.61 5294.33 5770.21 5260.39 5769.54
26071-203-M6-337-00031 0.17648984491825104 2086.73 2597.51 2112.68 2597.39 2112.90 2643.08 2086.95 2643.20
26071-203-M6-337-00031 0.09391964226961136 4077.34 965.36 4103.93 965.37 4103.90 1023.42 4077.31 1023.41
26071-203-M6-337-00031 0.07483876496553421 6675.96 615.09 6701.84 615.18 6701.66 665.88 6675.79 665.79
26071-203-M6-337-00031 0.051028039306402206 6685.00 6171.89 6725.99 6172.13 6725.80 6203.26 6684.81 6203.02
26071-300-M6-053-00012 0.10033731907606125 5387.19 5345.41 5436.91 5345.86 5436.62 5377.69 5386.91 5377.24
26071-450-M6-082-00009 0.6568037271499634 4963.97 6231.53 4997.30 6231.73 4997.11 6263.76 4963.78 6263.56
26071-450-M6-082-00031 0.9997065663337708 5430.37 4924.70 5466.07 4924.98 5465.79 4960.47 5430.08 4960.19
26071-500-M6-059-00071 0.4419299066066742 5559.69 3918.48 5594.18 3918.61 5594.06 3951.50 5559.57 3951.37
26071-500-M6-059-00071 0.1821950525045395 1518.33 4572.61 1549.42 4572.47 1549.62 4616.58 1518.53 4616.72
26071-500-M6-059-00071 0.1699511557817459 1518.46 5245.15 1549.48 5245.01 1549.67 5289.48 1518.66 5289.62
26071-600-M6-065-00037 0.2365695983171463 5989.98 2393.76 6023.18 2392.64 6024.36 2427.68 5991.16 2428.80
26071-600-M6-066-00002 0.9975197911262512 4318.67 2728.66 4355.07 2728.73 4355.00 2764.66 4318.60 2764.59
26071-600-M6-066-00002 0.9916371703147888 4318.41 3753.57 4353.76 3753.92 4353.37 3793.25 4318.02 3792.90
26071-600-M6-066-00003 0.9989829659461975 3626.58 5407.03 3659.92 5407.63 3659.30 5442.63 3625.96 5442.03
26071-600-M6-066-00003 0.99689781665802 2398.45 5208.03 2434.58 5208.30 2434.31 5242.92 2398.19 5242.64
26071-675-M6-068-00034 0.06080998480319977 5912.49 2169.28 5951.08 2168.51 5951.87 2208.14 5913.28 2208.91
