26071-200-M6-052-00001 0.3627272844314575 3166.36 3316.62 3284.99 3317.16 3284.86 3347.07 3166.23 3346.53
26071-200-M6-052-00001 0.2678036391735077 3093.48 3594.65 3209.06 3591.20 3210.10 3626.06 3094.52 3629.51
26071-200-M6-052-00001 0.12774309515953064 5574.77 1849.51 5603.83 1849.76 5602.43 2012.64 5573.37 2012.39
26071-200-M6-052-00001 0.11248201131820679 3696.73 5450.87 3805.92 5450.99 3805.88 5481.49 3696.69 5481.37
26071-200-M6-052-00001 0.05626966431736946 3676.98 4003.01 3802.60 4000.82 3803.15 4032.29 3677.52 4034.48
26071-200-M6-052-00002 0.9914358258247375 3590.55 3336.41 3687.58 3335.73 3687.80 3367.53 3590.77 3368.20
26071-200-M6-052-00002 0.7856649160385132 1263.23 5980.30 1295.35 5980.29 1295.37 6094.22 1263.26 6094.22
26071-200-M6-052-00002 0.7437193393707275 4267.86 3592.20 4392.12 3593.54 4391.83 3620.39 4267.58 3619.06
26071-200-M6-052-00002 0.7216249108314514 2907.59 5978.73 2939.82 5978.90 2939.21 6094.38 2906.99 6094.21
26071-200-M6-052-00002 0.13867349922657013 4343.36 5037.13 4475.72 5037.60 4475.61 5069.18 4343.25 5068.72
26071-200-M6-052-00002 0.11608530580997467 3638.66 3056.90 3768.51 3057.46 3768.37 3088.45 3638.52 3087.89
26071-200-M6-052-00002 0.06676866859197617 5537.09 1776.09 5566.89 1776.28 5566.05 1907.35 5536.25 1907.16
26071-200-M6-052-00003 0.9987255930900574 5124.32 3828.73 5219.80 3829.27 5219.64 3858.61 5124.15 3858.07
26071-200-M6-052-00003 0.9983763694763184 4533.16 4656.11 4633.49 4656.09 4633.50 4686.92 4533.16 4686.93
26071-200-M6-052-00003 0.7204591035842896 3207.99 3827.62 3329.32 3828.43 3329.11 3859.12 3207.79 3858.31
26071-200-M6-052-00003 0.3324008584022522 4198.49 5100.29 4323.08 5100.61 4323.00 5130.33 4198.41 5130.00
26071-200-M6-052-00080 0.9952797889709473 3405.00 3706.75 3505.85 3706.92 3505.80 3737.83 3404.94 3737.66
26071-200-M6-052-00080 0.24450615048408508 6828.12 3706.49 6955.86 3707.20 6955.69 3738.04 6827.95 3737.34
26071-200-M6-052-00080 0.1788933128118515 2745.30 4091.30 2855.93 4091.52 2855.86 4126.11 2745.23 4125.90
26071-200-M6-052-00080 0.17842930555343628 6301.03 4091.85 6425.14 4092.19 6425.05 4122.73 6300.95 4122.39
26071-200-M6-052-00080 0.15820302069187164 2880.26 4092.79 3001.32 4093.26 3001.21 4121.33 2880.16 4120.86
26071-200-M6-052-00080 0.12385275959968567 6633.82 4092.16 6757.82 4092.63 6757.71 4121.70 6633.71 4121.24
26071-200-M6-052-00080 0.10599883645772934 6164.51 4091.01 6282.10 4091.70 6281.90 4125.75 6164.31 4125.06
26071-200-M6-052-00080 0.07994885742664337 3178.12 3706.18 3307.88 3706.40 3307.83 3737.35 3178.06 3737.13
26071-200-M6-052-00080 0.07868904620409012 3203.16 4091.90 3329.31 4092.09 3329.26 4122.76 3203.11 4122.57
26071-200-M6-052-00080 0.07331245392560959 6603.58 3705.87 6732.15 3706.22 6732.07 3737.00 6603.50 3736.66
26071-200-M6-052-00090 0.998738706111908 2579.41 6496.50 2670.27 6496.17 2670.38 6526.77 2579.52 6527.09
26071-200-M6-052-00090 0.9983231425285339 6415.72 5031.54 6511.89 5031.36 6511.95 5062.89 6415.78 5063.07
26071-200-M6-052-00090 0.9980573058128357 6363.76 2991.92 6456.92 2992.34 6456.78 3022.97 6363.62 3022.55
26071-200-M6-052-00090 0.9967394471168518 3351.27 1324.45 3446.69 1324.85 3446.56 1355.88 3351.14 1355.48
26071-200-M6-052-00090 0.9472436904907227 2395.47 3679.52 2501.91 3679.09 2502.03 3709.70 2395.59 3710.12
26071-200-M6-052-00090 0.46665099263191223 2854.92 3294.22 2978.26 3294.40 2978.21 3323.33 2854.87 3323.15
26071-200-M6-052-00090 0.41360974311828613 5910.60 3294.88 6037.26 3295.37 6037.15 3324.33 5910.49 3323.85
26071-200-M6-052-00090 0.18908023834228516 5748.96 3679.21 5868.67 3678.93 5868.74 3709.70 5749.03 3709.98
26071-200-M6-052-00090 0.18512333929538727 5393.12 3679.42 5514.27 3678.73 5514.44 3709.00 5393.30 3709.69
26071-200-M6-052-00090 0.12708325684070587 6712.75 1731.77 6836.48 1732.18 6836.37 1764.34 6712.64 1763.93
26071-200-M6-052-00090 0.11706487834453583 2519.22 3679.16 2645.98 3679.03 2646.01 3709.94 2519.25 3710.08
26071-200-M6-052-00090 0.11438221484422684 6098.22 3678.49 6224.81 3678.54 6224.80 3709.42 6098.21 3709.37
26071-200-M6-052-00090 0.09899226576089859 5537.28 3678.21 5656.70 3678.19 5656.70 3709.08 5537.28 3709.10
26071-200-M6-052-00090 0.08855648338794708 2733.65 3678.92 2858.33 3678.51 2858.43 3708.53 2733.74 3708.93
26071-200-M6-052-00090 0.05654015764594078 3090.60 3678.90 3212.40 3678.67 3212.46 3709.70 3090.66 3709.94
26071-200-M6-052-00093 0.9840877652168274 4491.52 1415.90 4581.44 1416.63 4581.19 1447.71 4491.27 1446.98
26071-200-M6-052-00093 0.6177808046340942 4478.45 3776.03 4579.32 3777.04 4578.99 3810.12 4478.11 3809.10
26071-200-M6-052-00093 0.24637910723686218 5410.46 3271.92 5538.10 3271.31 5538.25 3301.54 5410.61 3302.16
26071-200-M6-052-00093 0.09479162096977234 6774.87 3582.76 6805.68 3582.71 6805.86 3704.52 6775.05 3704.56
26071-200-M6-052-00093 0.07459942996501923 5262.92 1621.83 5293.96 1621.70 5294.50 1750.00 5263.46 1750.13
26071-200-M6-052-00150 0.998958945274353 2582.00 3041.62 2613.72 3041.80 2613.16 3140.20 2581.44 3140.02
26071-200-M6-052-00150 0.9987633228302002 4472.11 3037.99 4505.15 3037.98 4505.20 3136.43 4472.16 3136.44
26071-200-M6-052-00150 0.8332339525222778 2700.68 1251.13 2730.44 1251.14 2730.39 1371.77 2700.62 1371.76
26071-200-M6-052-00150 0.4696575105190277 5177.29 5576.01 5289.59 5575.24 5289.82 5608.20 5177.51 5608.97
26071-200-M6-052-00150 0.4529888927936554 6474.71 5576.46 6590.91 5575.02 6591.28 5605.10 6475.09 5606.54
26071-200-M6-052-00150 0.4038061201572418 4112.82 5576.21 4227.34 5575.28 4227.58 5605.25 4113.06 5606.17
26071-200-M6-052-00150 0.3672882318496704 5412.67 5576.34 5526.54 5575.87 5526.67 5605.11 5412.79 5605.58
26071-200-M6-052-00150 0.057418372482061386 4226.42 5865.97 4275.43 5864.97 4277.67 5973.93 4228.66 5974.93
26071-200-M6-052-00539 0.15257728099822998 2140.70 3152.07 2269.25 3151.90 2269.29 3183.23 2140.74 3183.40
26071-200-M6-052-00539 0.1326715350151062 2149.91 4600.52 2269.21 4598.96 2269.65 4632.07 2150.34 4633.63
26071-200-M6-052-00539 0.07763711363077164 1946.30 3840.40 1978.40 3840.60 1977.62 3968.39 1945.52 3968.20
26071-200-M6-052-00539 0.07015585899353027 3770.12 5603.98 3895.19 5604.43 3895.08 5634.42 3770.01 5633.97
26071-200-M6-052-00544 0.5471859574317932 2056.75 3277.20 2089.90 3277.43 2089.22 3376.30 2056.07 3376.08
26071-200-M6-052-00544 0.2294589877128601 5292.13 4119.68 5417.29 4120.39 5417.11 4151.22 5291.96 4150.50
26071-200-M6-052-00544 0.1458226591348648 3350.56 2189.58 3380.18 2189.63 3379.98 2312.45 3350.36 2312.41
26071-200-M6-052-00544 0.09358474612236023 1689.64 2672.06 1721.89 2672.08 1721.84 2786.40 1689.60 2786.38
26071-200-M6-052-00544 0.07803172618150711 2983.56 5175.86 3079.20 5175.85 3079.20 5207.62 2983.56 5207.62
26071-200-M6-052-00544 0.07077658176422119 757.13 3976.29 790.85 3975.32 793.96 4083.85 760.25 4084.82
26071-200-M6-062-00276 0.9320552349090576 3582.95 2056.40 3687.33 2056.13 3687.41 2086.68 3583.03 2086.95
26071-200-M6-062-00276 0.511754035949707 5276.11 4037.35 5394.86 4037.74 5394.76 4067.98 5276.01 4067.59
26071-200-M6-063-00010 0.8674396276473999 4177.85 3363.98 4275.03 3364.39 4274.89 3397.76 4177.71 3397.35
26071-200-M6-063-00010 0.4326493740081787 4173.29 4742.19 4276.78 4741.64 4276.94 4772.02 4173.45 4772.57
26071-203-M6-060-00001 0.9984134435653687 1616.09 1390.41 1647.91 1390.34 1648.14 1487.92 1616.33 1488.00
26071-203-M6-060-00001 0.1121259555220604 2076.75 839.77 2185.67 840.07 2185.58 870.94 2076.66 870.65
26071-203-M6-060-00001 0.05447434261441231 1704.96 2431.38 1736.61 2431.21 1737.23 2548.02 1705.59 2548.19
26071-203-M6-060-00006 0.07187122851610184 2127.96 1830.56 2158.90 1830.77 2158.03 1961.32 2127.09 1961.11
26071-203-M6-079-00001 0.9982603192329407 2478.90 1034.11 2510.43 1034.43 2509.38 1138.54 2477.84 1138.22
26071-203-M6-079-00001 0.9980450868606567 2478.78 2920.35 2511.26 2920.41 2511.10 3022.65 2478.62 3022.60
26071-203-M6-079-00001 0.9979870319366455 2569.40 3865.06 2601.70 3865.20 2601.27 3965.66 2568.97 3965.52
26071-203-M6-079-00001 0.12033683061599731 2477.02 1965.46 2508.18 1965.21 2509.07 2076.04 2477.90 2076.29
26071-203-M6-079-00001 0.052221477031707764 2567.10 4921.92 2601.31 4921.79 2601.71 5027.94 2567.50 5028.07
26071-203-M6-079-00001 0.05181565880775452 2474.42 5862.13 2506.61 5860.27 2513.09 5972.31 2480.90 5974.18
26071-203-M6-160-00291 0.9879125952720642 2995.70 3867.49 3092.89 3867.56 3092.87 3899.35 2995.68 3899.28
26071-203-M6-160-00291 0.9779790043830872 2992.63 3517.01 3093.25 3517.55 3093.08 3548.72 2992.46 3548.18
26071-203-M6-160-00291 0.3585646152496338 4720.21 2197.74 4752.14 2197.92 4751.49 2312.49 4719.57 2312.31
26071-203-M6-160-00291 0.2739831507205963 6464.38 3016.23 6497.03 3015.83 6498.54 3140.05 6465.90 3140.45
26071-203-M6-160-00291 0.2556682229042053 6465.61 2795.59 6499.36 2795.37 6500.06 2902.63 6466.32 2902.85
26071-203-M6-160-00291 0.09121593832969666 4515.30 4617.90 4627.47 4615.47 4628.15 4647.05 4515.99 4649.48
26071-203-M6-160-00291 0.0881863459944725 6011.11 4621.12 6129.78 4618.10 6130.59 4649.86 6011.91 4652.89
26071-203-M6-160-00291 0.08469726890325546 4720.00 3022.73 4752.55 3022.75 4752.48 3139.99 4719.92 3139.97
26071-203-M6-160-00291 0.06591480225324631 3510.76 4622.17 3635.55 4621.41 3635.74 4651.61 3510.94 4652.37
26071-203-M6-160-00291 0.05012314021587372 2016.61 4617.30 2135.85 4617.20 2135.87 4649.37 2016.64 4649.47
26071-203-M6-320-00008 0.8534961342811584 1579.90 4180.32 1611.80 4180.27 1611.97 4279.10 1580.07 4279.15
26071-203-M6-320-00008 0.27868664264678955 5872.44 5081.86 5903.28 5081.99 5902.74 5206.19 5871.91 5206.06
26071-203-M6-320-00008 0.13482600450515747 3501.78 5170.68 3533.19 5170.65 3533.31 5297.64 3501.90 5297.67
26071-203-M6-320-00008 0.06680414080619812 3920.59 4060.53 3951.71 4060.58 3951.48 4189.14 3920.36 4189.08
26071-203-M6-320-00061 0.2563094198703766 649.49 3644.63 681.74 3644.29 683.05 3771.39 650.80 3771.72
26071-203-M6-320-00061 0.14545604586601257 649.82 3982.30 681.67 3982.14 682.24 4097.52 650.40 4097.68
26071-203-M6-321-00604 0.995557963848114 4396.44 1216.48 4495.24 1216.81 4495.13 1249.17 4396.33 1248.84
26071-203-M6-321-00604 0.4236794710159302 4607.74 1217.87 4700.34 1217.68 4700.40 1248.00 4607.80 1248.19
26071-203-M6-325-00012 0.9016464948654175 1587.97 2981.44 1619.55 2981.44 1619.53 3080.62 1587.95 3080.61
26071-203-M6-325-00012 0.7253246903419495 1587.60 5679.58 1621.15 5679.83 1620.39 5781.26 1586.84 5781.01
26071-203-M6-325-00012 0.09191298484802246 1588.37 4954.94 1620.02 4955.09 1619.38 5089.41 1587.74 5089.26
26071-203-M6-325-00012 0.06967568397521973 1584.01 1399.93 1616.03 1398.34 1621.87 1516.09 1589.86 1517.68
26071-203-M6-325-00012 0.057303011417388916 1587.39 4281.69 1618.61 4281.64 1618.77 4397.22 1587.55 4397.27
26071-203-M6-325-00013 0.27013203501701355 1492.90 3074.81 1523.19 3074.65 1523.84 3196.70 1493.55 3196.86
26071-203-M6-325-00013 0.14861920475959778 3186.05 4786.76 3216.19 4786.69 3216.47 4909.74 3186.33 4909.81
26071-203-M6-325-00013 0.056717947125434875 6695.04 2422.82 6727.74 2423.02 6727.04 2539.63 6694.33 2539.43
26071-203-M6-332-00001 0.9984177350997925 4217.72 1824.84 4313.89 1824.58 4313.98 1855.53 4217.80 1855.79
26071-203-M6-332-00001 0.9982049465179443 3795.32 1824.38 3896.19 1824.99 3896.00 1856.13 3795.13 1855.52
26071-203-M6-332-00001 0.9981787204742432 5475.26 1824.39 5576.01 1825.01 5575.82 1856.11 5475.07 1855.49
26071-203-M6-332-00001 0.9979726672172546 3374.95 1824.56 3476.05 1825.20 3475.86 1856.16 3374.76 1855.52
26071-203-M6-332-00001 0.9978793859481812 4636.18 1824.22 4735.22 1824.78 4735.04 1856.17 4636.00 1855.61
26071-203-M6-332-00001 0.997870683670044 2956.19 1824.40 3054.11 1824.89 3053.96 1856.00 2956.03 1855.52
26071-203-M6-332-00001 0.9978122711181641 5895.35 1824.42 5995.79 1825.10 5995.57 1856.47 5895.14 1855.79
26071-203-M6-332-00001 0.9976828098297119 5055.91 1824.46 5154.25 1825.02 5154.08 1856.20 5055.74 1855.64
26071-203-M6-332-00001 0.9965596795082092 2818.33 3662.65 2850.62 3662.88 2849.92 3762.02 2817.63 3761.79
26071-203-M6-332-00001 0.9864050149917603 2817.79 3974.78 2849.09 3974.44 2850.11 4068.13 2818.82 4068.47
26071-203-M6-332-00001 0.1385742574930191 5103.18 2554.92 5161.92 2554.34 5162.41 2603.66 5103.66 2604.24
26071-203-M6-332-00001 0.13724933564662933 5506.47 2545.67 5595.12 2543.89 5596.50 2612.61 5507.85 2614.40
26071-203-M6-332-00001 0.1351587474346161 2988.75 2557.46 3074.40 2557.37 3074.44 2601.01 2988.79 2601.10
26071-203-M6-332-00001 0.13323892652988434 3406.60 2546.09 3495.49 2544.24 3496.89 2611.89 3408.01 2613.74
26071-203-M6-332-00001 0.12366694211959839 3826.11 2546.56 3914.54 2545.07 3915.66 2611.42 3827.22 2612.91
26071-203-M6-332-00001 0.12085504829883575 4224.86 2556.48 4347.94 2554.64 4348.70 2605.81 4225.62 2607.65
26071-203-M6-332-00001 0.11662502586841583 4666.85 2545.31 4755.43 2543.60 4756.76 2612.31 4668.18 2614.03
26071-203-M6-332-00001 0.11451663821935654 5922.25 2556.68 6032.74 2555.84 6033.12 2606.64 5922.63 2607.47
26071-203-M6-332-00008 0.9984115362167358 1176.72 3608.11 1207.66 3608.15 1207.55 3704.94 1176.60 3704.90
26071-203-M6-332-00008 0.9984061121940613 6006.89 3607.66 6038.81 3607.76 6038.52 3702.88 6006.60 3702.78
26071-203-M6-332-00008 0.9983745813369751 3606.88 3607.60 3638.83 3607.70 3638.54 3703.01 3606.59 3702.91
26071-203-M6-332-00008 0.9979609251022339 3107.36 2643.01 3202.89 2643.54 3202.72 2674.39 3107.19 2673.86
26071-203-M6-332-00008 0.9974018335342407 5476.85 2642.76 5570.83 2643.37 5570.63 2674.98 5476.64 2674.36
26071-203-M6-332-00008 0.9973956346511841 7996.90 2642.76 8090.89 2643.37 8090.69 2674.94 7996.70 2674.33
26071-203-M6-332-00008 0.05685097351670265 4944.55 3526.83 5002.65 3525.30 5006.32 3664.18 4948.22 3665.72
26071-203-M6-337-00007 0.9980559349060059 3305.68 2737.95 3338.13 2738.04 3337.86 2834.92 3305.40 2834.83
26071-203-M6-337-00007 0.9980100989341736 3305.63 5437.93 3338.01 5438.02 3337.75 5535.11 3305.38 5535.02
26071-203-M6-337-00007 0.9979408383369446 5195.88 5487.44 5226.06 5487.60 5225.53 5585.73 5195.35 5585.57
26071-203-M6-337-00007 0.9978792667388916 5191.77 5737.40 5224.34 5737.39 5224.37 5836.25 5191.80 5836.26
26071-203-M6-337-00007 0.9977318644523621 5195.89 2783.45 5227.69 2783.36 5227.94 2879.84 5196.14 2879.93
26071-203-M6-337-00007 0.9973370432853699 5194.73 3037.02 5227.97 3036.96 5228.17 3137.40 5194.92 3137.47
26071-203-M6-337-00031 0.9996628761291504 6950.53 488.53 6982.47 488.68 6982.01 586.50 6950.07 586.35
26071-203-M6-337-00031 0.9996033310890198 1664.17 4267.61 1697.19 4267.71 1696.88 4366.84 1663.86 4366.74
26071-203-M6-337-00031 0.9995477795600891 1664.46 3818.39 1696.86 3818.66 1696.09 3913.92 1663.69 3913.66
26071-203-M6-337-00031 0.9995237588882446 6949.97 5198.25 6982.08 5198.71 6980.59 5303.26 6948.49 5302.80
26071-203-M6-337-00031 0.9994736313819885 1664.06 2888.93 1696.58 2889.05 1696.24 2984.68 1663.72 2984.57
26071-203-M6-337-00031 0.9994575381278992 1664.66 4717.56 1696.19 4717.84 1695.31 4817.18 1663.78 4816.90
26071-203-M6-337-00031 0.9994322657585144 1664.11 5615.19 1697.01 5615.27 1696.76 5718.07 1663.87 5717.99
26071-203-M6-337-00031 0.999381422996521 1664.47 5379.45 1696.55 5379.59 1696.14 5472.69 1664.05 5472.55
26071-203-M6-337-00031 0.9992868304252625 1663.67 5169.31 1695.94 5169.34 1695.85 5266.43 1663.58 5266.40
26071-203-M6-337-00031 0.9989461302757263 2090.11 5748.12 2191.62 5748.84 2191.40 5779.68 2089.89 5778.96
26071-203-M6-337-00031 0.9989104270935059 1663.22 2543.28 1695.80 2543.33 1695.64 2641.49 1663.06 2641.43
26071-203-M6-337-00031 0.3210669159889221 6949.41 3347.49 6983.16 3347.87 6981.74 3473.22 6947.99 3472.84
26071-203-M6-337-00031 0.20656469464302063 6950.49 3615.43 6981.83 3615.83 6980.23 3740.68 6948.90 3740.28
26071-203-M6-337-00031 0.0882081687450409 6739.66 6257.90 6772.69 6258.00 6772.32 6378.83 6739.29 6378.73
26071-300-M6-053-00008 0.7664032578468323 4471.72 624.76 4569.95 624.39 4570.07 654.20 4471.83 654.57
26071-300-M6-053-00008 0.08968041092157364 2345.80 974.82 2377.46 975.24 2375.83 1098.52 2344.18 1098.10
26071-300-M6-053-00010 0.99793541431427 2171.50 4261.71 2270.34 4262.23 2270.17 4292.86 2171.34 4292.34
26071-300-M6-053-00010 0.9978076815605164 1934.93 4261.85 2032.78 4262.45 2032.59 4292.97 1934.75 4292.38
26071-300-M6-053-00010 0.9970256686210632 2170.33 4541.36 2269.57 4540.68 2269.78 4571.93 2170.55 4572.61
26071-300-M6-053-00010 0.9969690442085266 2406.52 4542.39 2504.46 4542.20 2504.52 4571.20 2406.58 4571.39
26071-300-M6-053-00012 0.9986870884895325 4580.81 3524.55 4679.21 3524.76 4679.14 3556.10 4580.74 3555.88
26071-300-M6-053-00012 0.9969424605369568 4579.69 5281.02 4677.80 5280.04 4678.11 5311.43 4580.00 5312.40
26071-300-M6-053-00012 0.9960426092147827 6468.95 5280.15 6568.16 5280.55 6568.03 5312.60 6468.82 5312.21
26071-300-M6-053-00012 0.4810263514518738 4512.84 2797.01 4625.85 2796.50 4625.99 2828.26 4512.99 2828.77
26071-300-M6-053-00012 0.4368809163570404 5455.93 2218.55 5570.79 2219.00 5570.66 2250.36 5455.81 2249.90
26071-300-M6-053-00012 0.336082398891449 3336.86 2797.40 3447.91 2797.77 3447.81 2828.89 3336.76 2828.53
26071-300-M6-053-00012 0.3169223368167877 3446.25 5278.67 3566.71 5278.75 3566.69 5306.10 3446.23 5306.02
26071-300-M6-053-00012 0.2997174859046936 3056.57 2798.45 3171.90 2798.41 3171.91 2827.89 3056.58 2827.93
26071-300-M6-053-00012 0.25913506746292114 5156.67 2218.96 5276.81 2219.19 5276.75 2250.10 5156.62 2249.87
26071-300-M6-053-00012 0.155704066157341 5333.86 5278.65 5455.23 5279.08 5455.12 5308.65 5333.76 5308.21
26071-300-M6-053-00012 0.12019851803779602 5527.43 2498.80 5643.94 2497.93 5644.16 2527.81 5527.66 2528.68
26071-300-M6-053-00012 0.07611613720655441 4233.51 4333.23 4357.68 4333.08 4357.72 4363.09 4233.54 4363.24
26071-300-M6-053-00012 0.06253154575824738 4861.34 4461.14 4983.17 4462.69 4982.78 4493.48 4860.95 4491.92
26071-300-M6-053-00309 0.06278545409440994 4981.36 4135.73 5101.72 4135.75 5101.71 4165.76 4981.36 4165.74
26071-450-M6-082-00009 0.547814667224884 2499.23 4404.83 2622.73 4403.94 2622.94 4433.63 2499.44 4434.52
26071-450-M6-082-00009 0.3076166808605194 2499.66 2490.64 2616.99 2490.53 2617.02 2521.02 2499.69 2521.13
26071-450-M6-082-00009 0.2605363428592682 3599.62 5200.00 3630.90 5200.03 3630.79 5328.52 3599.51 5328.49
26071-450-M6-082-00009 0.18653149902820587 2498.41 2769.28 2623.70 2769.29 2623.69 2800.26 2498.41 2800.24
26071-450-M6-082-00009 0.1644507199525833 3597.12 4502.16 3631.36 4502.24 3631.08 4618.52 3596.84 4618.43
26071-450-M6-082-00009 0.11484721302986145 3877.16 5100.17 3910.87 5100.11 3911.11 5234.49 3877.40 5234.55
26071-450-M6-082-00031 0.8498138785362244 2967.52 3454.03 3071.02 3453.69 3071.12 3484.24 2967.62 3484.59
26071-450-M6-082-00031 0.4564856290817261 3456.76 3178.15 3560.97 3171.03 3563.40 3206.65 3459.19 3213.77
26071-500-M6-059-00011 0.9990785121917725 3825.23 3328.60 3922.44 3328.94 3922.32 3360.53 3825.12 3360.18
26071-500-M6-059-00011 0.9973158240318298 3517.75 3983.57 3548.52 3983.67 3548.17 4088.20 3517.40 4088.10
26071-500-M6-059-00011 0.22802309691905975 4766.06 6031.87 4867.55 6031.37 4867.69 6060.30 4766.20 6060.79
26071-500-M6-059-00011 0.192361518740654 4241.65 5617.19 4275.11 5617.12 4275.36 5737.61 4241.91 5737.68
26071-500-M6-059-00013 0.9982931017875671 4654.68 4459.51 4686.46 4459.55 4686.33 4552.55 4654.55 4552.50
26071-500-M6-059-00013 0.9978485107421875 2879.34 2992.58 2977.74 2992.63 2977.72 3023.76 2879.32 3023.71
26071-500-M6-059-00013 0.12540599703788757 5645.42 3279.68 5675.81 3280.01 5674.78 3376.70 5644.39 3376.37
26071-500-M6-059-00017 0.15759100019931793 4471.57 2155.42 4583.25 2154.36 4583.53 2183.16 4471.85 2184.22
26071-500-M6-059-00040 0.2880815863609314 5407.12 2789.99 5439.39 2790.13 5438.91 2901.92 5406.64 2901.78
26071-500-M6-059-00040 0.13383705914020538 5874.41 3731.75 5905.82 3731.29 5907.63 3854.27 5876.22 3854.73
26071-500-M6-059-00044 0.7343984842300415 4977.78 3277.47 5010.73 3277.67 5010.09 3384.36 4977.14 3384.16
26071-500-M6-059-00071 0.05891154333949089 5659.87 3895.94 5674.81 3895.77 5675.40 3946.48 5660.46 3946.65
26071-500-M6-059-00248 0.9994388222694397 4602.56 4380.41 4702.53 4381.01 4702.35 4411.58 4602.38 4410.97
26071-500-M6-059-00248 0.9990749359130859 5100.69 4658.95 5198.10 4658.51 5198.25 4689.52 5100.83 4689.97
26071-550-M6-084-00026 0.6895010471343994 5552.57 3277.72 5584.21 3277.88 5583.70 3378.59 5552.05 3378.43
26071-550-M6-084-00026 0.5057692527770996 3188.31 3284.25 3223.17 3284.12 3223.51 3376.98 3188.65 3377.11
26071-550-M6-084-00026 0.053431861102581024 3966.07 3334.05 3996.86 3333.99 3997.12 3459.08 3966.34 3459.15
26071-550-M6-084-00248 0.9885336756706238 5095.46 3907.17 5195.97 3907.92 5195.73 3940.11 5095.22 3939.36
26071-550-M6-084-00248 0.3439001142978668 4591.13 4193.73 4712.45 4193.08 4712.59 4219.26 4591.27 4219.91
26071-600-M6-065-00021 0.9684014320373535 4798.23 2266.02 4900.43 2265.81 4900.49 2297.01 4798.29 2297.21
26071-600-M6-065-00021 0.5747109651565552 3759.07 3282.28 3793.16 3282.50 3792.54 3378.47 3758.45 3378.25
26071-600-M6-065-00021 0.515779435634613 3271.16 2267.07 3366.46 2266.73 3366.57 2297.30 3271.27 2297.64
26071-600-M6-065-00021 0.3928684890270233 4191.45 2994.72 4311.04 2994.08 4311.19 3022.94 4191.61 3023.58
26071-600-M6-065-00021 0.23320221900939941 1972.35 1425.72 2004.55 1425.61 2004.97 1545.16 1972.77 1545.27
26071-600-M6-065-00021 0.17844286561012268 4191.85 5329.18 4309.70 5328.86 4309.78 5359.44 4191.94 5359.76
26071-600-M6-065-00021 0.16057969629764557 4385.43 2266.80 4513.69 2266.34 4513.79 2295.41 4385.54 2295.87
26071-600-M6-065-00021 0.08781945705413818 4837.27 4700.02 4946.47 4697.25 4947.30 4730.15 4838.10 4732.92
26071-600-M6-065-00021 0.08132973313331604 4029.35 5937.72 4157.79 5937.80 4157.77 5967.83 4029.33 5967.75
26071-600-M6-065-00021 0.0773651972413063 5924.73 5330.77 6044.60 5330.09 6044.77 5359.21 5924.90 5359.89
26071-600-M6-065-00021 0.07692752778530121 3102.34 4699.47 3209.92 4697.01 3210.68 4730.12 3103.10 4732.59
26071-600-M6-065-00021 0.06160520389676094 2763.30 1425.96 2796.51 1425.92 2796.63 1544.63 2763.42 1544.66
26071-600-M6-065-00021 0.05934148654341698 5803.89 5939.23 5930.78 5939.53 5930.71 5969.51 5803.82 5969.21
26071-600-M6-065-00037 0.3928908407688141 2616.72 3175.63 2740.94 3174.95 2741.11 3205.59 2616.88 3206.27
26071-600-M6-065-00037 0.3575046956539154 6651.85 3407.58 6782.39 3408.29 6782.22 3438.78 6651.69 3438.08
26071-600-M6-065-00037 0.3306046426296234 3203.75 3352.57 3324.75 3352.87 3324.67 3383.29 3203.67 3382.99
26071-600-M6-065-00037 0.3022397756576538 5920.73 3175.84 6049.52 3174.59 6049.80 3203.29 5921.01 3204.54
26071-600-M6-065-00037 0.27617186307907104 2101.41 3360.71 2217.93 3360.93 2217.87 3391.42 2101.35 3391.19
26071-600-M6-065-00037 0.22535410523414612 5449.23 3342.46 5571.57 3342.70 5571.51 3374.01 5449.17 3373.77
26071-600-M6-065-00037 0.19014640152454376 1876.80 3440.67 1994.03 3440.37 1994.11 3471.97 1876.88 3472.27
26071-600-M6-065-00037 0.0985327884554863 2242.78 3309.87 2358.48 3310.66 2358.27 3340.63 2242.57 3339.83
26071-600-M6-065-00037 0.06969360262155533 3342.67 3406.34 3459.57 3407.22 3459.34 3438.08 3342.44 3437.21
26071-600-M6-065-00037 0.05615157261490822 5032.65 4506.87 5068.10 4505.54 5072.16 4613.08 5036.71 4614.42
26071-600-M6-065-00231 0.9990251064300537 3411.02 3471.12 3509.75 3471.93 3509.50 3502.59 3410.77 3501.77
26071-600-M6-065-00231 0.9985567927360535 3103.12 3819.39 3136.28 3819.41 3136.20 3918.04 3103.04 3918.01
26071-600-M6-065-00231 0.35124045610427856 3380.74 5693.17 3506.82 5693.82 3506.69 5719.35 3380.61 5718.70
26071-600-M6-065-00231 0.14797627925872803 3102.52 4387.71 3136.53 4387.89 3135.90 4510.98 3101.88 4510.81
26071-600-M6-065-00231 0.07098513841629028 7129.88 3496.90 7405.88 3496.00 7406.03 3544.02 7130.04 3544.92
26071-600-M6-065-00231 0.05143963173031807 3830.26 5222.39 3862.97 5222.14 3863.98 5352.75 3831.27 5353.00
26071-600-M6-065-00259 0.06862634420394897 964.78 1630.59 1083.74 1631.52 1083.49 1662.38 964.54 1661.45
26071-600-M6-065-00259 0.052809011191129684 610.60 1631.57 733.63 1631.69 733.60 1662.40 610.57 1662.28
26071-600-M6-066-00012 0.8257910013198853 4175.55 3739.14 4275.71 3738.83 4275.79 3767.95 4175.64 3768.26
26071-600-M6-066-00012 0.2626766264438629 4509.13 2466.59 4625.22 2466.47 4625.26 2498.19 4509.16 2498.32
26071-600-M6-066-00012 0.21948853135108948 2855.65 3738.01 2974.82 3738.38 2974.73 3768.17 2855.55 3767.80
26071-600-M6-066-00012 0.11071013659238815 6046.10 3743.41 6162.87 3743.15 6162.94 3773.61 6046.16 3773.87
26071-600-M6-066-00012 0.09946409612894058 3800.66 3736.08 3922.76 3737.74 3922.32 3769.48 3800.22 3767.81
26071-600-M6-066-00012 0.08781877905130386 5350.02 2465.94 5452.87 2466.62 5452.66 2498.49 5349.81 2497.81
26071-600-M6-066-00012 0.07856240123510361 3084.15 3737.26 3217.56 3737.57 3217.48 3771.12 3084.07 3770.81
26071-600-M6-066-00012 0.051612116396427155 6052.21 2268.30 6164.63 2264.21 6165.87 2298.46 6053.45 2302.55
26071-675-M6-068-00034 0.8618707656860352 3284.45 5719.65 3383.72 5718.99 3383.91 5747.52 3284.64 5748.17
26071-675-M6-068-00034 0.10877270251512527 2511.94 5718.97 2629.38 5718.88 2629.41 5748.04 2511.96 5748.13
26071-675-M6-068-00034 0.09318877756595612 3608.76 3062.95 3725.03 3062.31 3725.22 3095.05 3608.95 3095.70
26071-675-M6-068-00034 0.07745617628097534 4760.91 4562.58 4792.11 4562.68 4791.71 4689.19 4760.51 4689.09
26071-675-M6-068-00034 0.07076659053564072 1616.20 5997.24 1649.73 5997.40 1649.20 6107.23 1615.66 6107.06
26071-675-M6-068-00034 0.05612294748425484 4762.44 3868.29 4793.88 3868.67 4792.28 4000.89 4760.84 4000.51
26071-700-M6-054-00036 0.1629602462053299 3983.15 3714.67 4101.51 3715.34 4101.34 3745.31 3982.98 3744.64
26071-700-M6-054-00246 0.9557977914810181 4488.51 4339.64 4584.43 4339.16 4584.59 4371.02 4488.67 4371.51
26071-750-M6-085-00007 0.9984766840934753 4934.08 3630.21 4966.95 3630.16 4967.09 3726.04 4934.22 3726.09
26071-750-M6-085-00007 0.9984741806983948 5241.19 2939.44 5340.90 2940.02 5340.72 2970.79 5241.01 2970.21
26071-750-M6-085-00007 0.08432972431182861 1806.90 2802.32 2076.40 2801.55 2076.52 2843.92 1807.03 2844.69
26071-750-M6-085-00007 0.07454577088356018 3396.95 2802.26 3664.19 2800.06 3664.55 2844.05 3397.31 2846.24
26071-750-M6-085-00007 0.051076292991638184 5214.11 5713.21 5337.54 5713.42 5337.49 5743.66 5214.06 5743.45
26071-750-M6-085-00012 0.9990648627281189 3136.99 6346.31 3169.76 6346.34 3169.67 6444.56 3136.90 6444.53
26071-750-M6-085-00012 0.9988939166069031 6183.76 6581.86 6217.32 6581.79 6217.51 6681.42 6183.95 6681.48
26071-750-M6-085-00012 0.9979631900787354 7898.62 2271.49 7996.83 2271.96 7996.68 2303.71 7898.47 2303.24
26071-750-M6-085-00012 0.1997503787279129 7177.66 2346.66 7287.88 2346.50 7287.92 2376.14 7177.70 2376.29
26071-750-M6-085-00012 0.1099383756518364 869.39 4437.44 967.38 4437.13 967.48 4467.84 869.48 4468.15
26071-750-M6-085-00012 0.07052723318338394 3093.16 2526.09 3211.21 2526.42 3211.13 2556.78 3093.08 2556.45
