26071-200-M6-052-00080 0.8992210030555725 3598.12 2428.44 3721.18 2428.71 3721.11 2461.34 3598.04 2461.06
26071-200-M6-052-00080 0.8917478919029236 7027.77 2427.92 7148.17 2427.75 7148.22 2461.76 7027.82 2461.93
26071-200-M6-052-00080 0.8689881563186646 3600.85 2618.62 3720.24 2618.97 3720.15 2651.12 3600.76 2650.77
26071-200-M6-052-00080 0.8682329654693604 3351.53 1507.78 3471.05 1507.97 3471.00 1541.27 3351.48 1541.08
26071-200-M6-052-00080 0.8651220798492432 7026.20 2617.99 7147.74 2618.13 7147.70 2651.15 7026.17 2651.01
26071-200-M6-052-00080 0.8649712800979614 6776.18 1506.82 6897.13 1506.41 6897.25 1540.67 6776.29 1541.08
26071-200-M6-052-00090 0.9168182015419006 6797.55 1287.75 6831.45 1287.80 6831.25 1405.56 6797.35 1405.50
26071-200-M6-052-00090 0.8945862650871277 6257.55 2535.67 6378.70 2535.70 6378.69 2568.54 6257.54 2568.51
26071-200-M6-052-00090 0.880683183670044 3189.17 2427.74 3308.74 2427.80 3308.73 2461.33 3189.15 2461.27
26071-200-M6-052-00090 0.8583287000656128 6259.79 2347.20 6379.95 2346.94 6380.02 2378.83 6259.86 2379.09
26071-200-M6-052-00090 0.8399526476860046 3189.25 2239.82 3309.05 2239.91 3309.02 2272.16 3189.23 2272.07
26071-200-M6-052-00090 0.24801217019557953 3599.33 6059.10 3630.74 6059.40 3629.44 6194.08 3598.03 6193.77
26071-200-M6-052-00090 0.17396798729896545 3316.00 6063.49 3348.19 6063.64 3347.58 6192.09 3315.39 6191.94
26071-200-M6-052-00090 0.10573125630617142 3787.59 6068.16 3820.38 6068.22 3820.18 6188.06 3787.39 6188.01
26071-200-M6-052-00090 0.07793037593364716 3125.65 6065.59 3159.50 6065.68 3159.19 6188.15 3125.34 6188.06
26071-200-M6-052-00090 0.07130251824855804 6436.75 2842.42 6560.23 2842.52 6560.20 2874.88 6436.73 2874.78
26071-200-M6-052-00090 0.06699000298976898 7087.37 4554.59 7206.38 4554.75 7206.33 4587.98 7087.32 4587.82
26071-200-M6-052-00090 0.06145365163683891 5933.41 5195.02 5966.98 5195.12 5966.63 5314.93 5933.06 5314.83
26071-200-M6-052-00090 0.051508545875549316 7259.55 4002.30 7292.12 4002.38 7291.83 4120.51 7259.25 4120.43
26071-200-M6-052-00093 0.25870615243911743 6775.65 3586.70 6808.31 3586.80 6807.96 3705.52 6775.30 3705.43
26071-200-M6-052-00093 0.23324434459209442 5264.22 1626.76 5296.78 1626.86 5296.40 1745.99 5263.84 1745.89
26071-200-M6-052-00093 0.0862673744559288 7060.03 3587.69 7091.69 3587.87 7091.04 3707.27 7059.39 3707.10
26071-300-M6-053-00012 0.05278908833861351 2392.82 1944.66 2424.44 1944.68 2424.37 2053.01 2392.75 2052.99
26071-700-M6-054-00246 0.06065187603235245 2896.19 2204.37 3013.37 2204.10 3013.45 2235.48 2896.26 2235.75
