26071-200-M6-052-00003 0.9997877478599548 6232.22 4175.20 6378.46 4175.26 6378.41 4326.14 6232.16 4326.09
26071-200-M6-052-00003 0.9997851252555847 1577.63 2085.66 1728.72 2084.80 1729.57 2235.69 1578.49 2236.55
26071-200-M6-052-00003 0.9997615218162537 5122.49 5508.71 5272.91 5507.93 5273.68 5655.96 5123.26 5656.74
26071-200-M6-052-00150 0.9998224377632141 4841.81 5345.45 4991.09 5345.56 4990.98 5495.25 4841.70 5495.14
26071-200-M6-052-00150 0.9997956156730652 6141.32 5349.72 6292.74 5348.94 6293.51 5499.95 6142.09 5500.72
26071-200-M6-052-00150 0.9997935891151428 4487.26 1746.27 4638.59 1746.19 4638.67 1896.55 4487.34 1896.63
26071-200-M6-052-00150 0.9997921586036682 5030.38 3984.29 5180.19 3984.27 5180.20 4135.25 5030.40 4135.26
26071-200-M6-052-00150 0.9997768998146057 4488.00 1447.90 4636.34 1447.84 4636.39 1598.27 4488.06 1598.32
26071-200-M6-063-00010 0.9997933506965637 6304.16 1199.61 6451.21 1199.49 6451.34 1350.08 6304.28 1350.20
26071-200-M6-063-00010 0.999764621257782 6302.00 1524.57 6452.58 1523.53 6453.61 1672.93 6303.03 1673.97
26071-203-M6-060-00006 0.9997658133506775 1638.21 4234.81 1786.94 4234.75 1787.00 4384.08 1638.27 4384.15
26071-203-M6-060-00006 0.9996885061264038 4177.12 5052.25 4322.87 5051.94 4323.19 5201.40 4177.44 5201.71
26071-203-M6-060-00006 0.9996720552444458 2157.04 5054.69 2304.47 5053.40 2305.78 5203.16 2158.34 5204.44
26071-203-M6-160-00291 0.9997867941856384 2759.91 6193.52 2909.90 6192.83 2910.59 6340.65 2760.59 6341.35
26071-203-M6-160-00291 0.9997865557670593 5239.56 6193.52 5390.26 6192.36 5391.39 6340.74 5240.69 6341.89
26071-203-M6-160-00291 0.9997435212135315 6126.52 1438.56 6276.16 1437.89 6276.82 1586.56 6127.18 1587.23
26071-203-M6-320-00042 0.9997615218162537 4215.88 2814.38 4362.63 2814.57 4362.44 2966.75 4215.69 2966.56
26071-203-M6-325-00013 0.9997535347938538 3390.07 4004.72 3539.54 4003.22 3541.04 4153.33 3391.58 4154.83
26071-300-M6-053-00008 0.9997405409812927 4058.82 5111.21 4207.70 5110.92 4207.99 5263.05 4059.11 5263.34
26071-300-M6-053-00010 0.9998205304145813 5181.62 1802.84 5330.19 1802.79 5330.24 1951.92 5181.67 1951.97
26071-300-M6-053-00010 0.9997746348381042 5181.43 2101.56 5332.89 2100.75 5333.68 2247.71 5182.22 2248.53
26071-300-M6-053-00012 0.9998283386230469 4936.84 3891.25 5082.76 3891.26 5082.75 4040.03 4936.83 4040.02
26071-300-M6-053-00012 0.9998186230659485 2798.46 1214.10 2950.10 1213.00 2951.17 1360.96 2799.53 1362.05
26071-300-M6-053-00012 0.999798595905304 5559.88 6331.38 5710.34 6330.82 5710.89 6479.59 5560.43 6480.14
26071-300-M6-053-00012 0.9997875094413757 3668.44 6332.86 3820.65 6331.84 3821.64 6479.31 3669.43 6480.33
26071-300-M6-053-00012 0.9997866749763489 4936.80 4108.88 5086.29 4108.82 5086.35 4256.84 4936.85 4256.90
26071-300-M6-053-00012 0.9997723698616028 6100.89 665.65 6251.97 665.65 6251.97 818.01 6100.89 818.01
26071-450-M6-082-00009 0.9998161196708679 2760.32 4782.67 2908.67 4782.29 2909.04 4932.46 2760.69 4932.84
26071-450-M6-082-00009 0.9998100399971008 1744.18 3926.99 1891.28 3926.99 1891.27 4078.45 1744.17 4078.44
26071-450-M6-082-00009 0.9997995495796204 6300.57 5405.37 6452.49 5406.28 6451.60 5556.88 6299.67 5555.97
26071-450-M6-082-00009 0.9997987151145935 2039.75 3694.48 2188.26 3693.31 2189.45 3845.54 2040.95 3846.71
26071-450-M6-082-00009 0.9997910857200623 2641.87 1888.44 2791.54 1888.16 2791.82 2038.67 2642.14 2038.95
26071-450-M6-082-00009 0.999784529209137 1638.84 2984.56 1789.36 2983.96 1789.95 3132.55 1639.44 3133.16
26071-450-M6-082-00009 0.9997684359550476 1720.26 3257.59 1868.68 3257.35 1868.93 3408.52 1720.51 3408.76
26071-450-M6-082-00009 0.9997617602348328 1060.45 2720.27 1206.61 2720.26 1206.61 2871.78 1060.46 2871.79
26071-450-M6-082-00009 0.9997603297233582 4294.04 4686.65 4444.74 4686.12 4445.26 4833.57 4294.55 4834.10
26071-450-M6-082-00009 0.9997602105140686 1224.64 6115.41 1372.12 6115.37 1372.16 6266.99 1224.67 6267.03
26071-450-M6-082-00009 0.9997319579124451 6303.95 4461.17 6450.17 4461.19 6450.15 4612.96 6303.93 4612.94
26071-450-M6-082-00009 0.9996836185455322 5240.05 1580.21 5390.24 1578.95 5391.49 1728.13 5241.30 1729.38
26071-450-M6-082-00009 0.9995713829994202 4888.59 5759.93 5033.84 5759.70 5034.08 5911.90 4888.83 5912.13
26071-500-M6-059-00011 0.999747097492218 2949.75 4583.00 3097.53 4581.45 3099.10 4730.97 2951.32 4732.52
26071-500-M6-059-00013 0.9997978806495667 2499.40 2882.16 2651.83 2881.34 2652.62 3029.30 2500.20 3030.12
26071-500-M6-059-00013 0.9997907280921936 4649.98 4105.65 4800.50 4105.22 4800.93 4254.32 4650.41 4254.75
26071-500-M6-059-00013 0.999758780002594 3704.48 3752.28 3854.32 3752.72 3853.87 3904.84 3704.03 3904.40
26071-500-M6-059-00013 0.9997530579566956 2357.38 4652.13 2507.39 4652.02 2507.49 4803.35 2357.49 4803.45
26071-500-M6-059-00017 0.999797523021698 1507.24 2240.48 1658.62 2240.28 1658.82 2392.32 1507.45 2392.52
26071-500-M6-059-00017 0.9997753500938416 5522.39 2243.55 5672.61 2242.78 5673.38 2393.60 5523.17 2394.38
26071-500-M6-059-00017 0.9997697472572327 3516.01 2239.18 3665.07 2239.22 3665.03 2388.90 3515.97 2388.87
26071-500-M6-059-00017 0.9995195865631104 669.48 3200.67 815.79 3200.62 815.83 3348.07 669.52 3348.11
26071-500-M6-059-00040 0.9998341798782349 2523.09 5278.69 2672.10 5278.78 2672.00 5429.19 2523.00 5429.10
26071-500-M6-059-00040 0.9997766613960266 3821.94 5282.22 3973.32 5282.33 3973.20 5433.07 3821.82 5432.95
26071-500-M6-059-00044 0.9998142123222351 3277.71 5342.15 3428.90 5341.64 3429.40 5491.55 3278.21 5492.06
26071-500-M6-059-00044 0.9997848868370056 1744.21 5339.63 1895.88 5339.02 1896.47 5487.50 1744.80 5488.10
26071-600-M6-065-00021 0.9997969269752502 5829.88 3741.26 5981.37 3740.08 5982.52 3888.22 5831.03 3889.40
26071-600-M6-065-00021 0.9997627139091492 6586.55 2569.78 6736.14 2569.75 6736.16 2719.78 6586.57 2719.81
26071-600-M6-065-00037 0.9998283386230469 7802.15 4932.92 7953.18 4933.67 7952.43 5084.45 7801.40 5083.69
26071-600-M6-065-00037 0.9998149275779724 4531.18 6114.21 4679.26 6115.25 4678.18 6268.89 4530.10 6267.84
26071-600-M6-065-00037 0.9997708201408386 3186.11 5289.58 3336.32 5288.36 3337.55 5439.22 3187.33 5440.44
26071-600-M6-065-00037 0.9997698664665222 1363.97 3895.09 1515.11 3894.39 1515.81 4044.97 1364.66 4045.67
26071-600-M6-065-00231 0.9997319579124451 4697.38 4719.37 4845.63 4719.31 4845.70 4870.31 4697.45 4870.38
26071-600-M6-066-00003 0.9997885823249817 1638.77 4069.24 1785.90 4069.34 1785.80 4219.62 1638.67 4219.52
26071-600-M6-066-00003 0.9997671246528625 2759.06 1346.76 2908.73 1344.94 2910.55 1495.33 2760.88 1497.14
26071-600-M6-066-00012 0.9997727274894714 3668.55 3161.87 3817.65 3161.69 3817.83 3313.59 3668.73 3313.76
26071-675-M6-068-00034 0.9997833371162415 5835.10 1863.33 5984.91 1863.60 5984.63 2016.09 5834.82 2015.81
26071-675-M6-068-00034 0.9997828602790833 5026.07 4983.43 5172.81 4983.16 5173.08 5132.99 5026.35 5133.26
26071-675-M6-068-00034 0.999768078327179 4754.79 5203.05 4905.29 5202.65 4905.68 5349.28 4755.17 5349.68
26071-750-M6-085-00007 0.9997336268424988 6362.07 4167.18 6514.31 4166.30 6515.17 4313.72 6362.92 4314.61
26071-750-M6-085-00012 0.9998291730880737 4700.71 6199.68 4848.07 6199.67 4848.07 6350.04 4700.72 6350.05
26071-750-M6-085-00012 0.9998176693916321 6007.95 4283.32 6154.42 4283.37 6154.37 4433.36 6007.90 4433.32
26071-750-M6-085-00012 0.9998155236244202 6007.64 3926.90 6155.45 3926.98 6155.37 4077.70 6007.56 4077.62
26071-750-M6-085-00012 0.9998021721839905 7178.42 2922.26 7324.62 2922.43 7324.45 3074.21 7178.25 3074.04
26071-750-M6-085-00012 0.9997983574867249 6633.84 3881.89 6782.74 3881.70 6782.93 4031.71 6634.03 4031.90
26071-750-M6-085-00012 0.9997970461845398 5038.88 2926.29 5188.97 2925.35 5189.93 3077.49 5039.83 3078.42
26071-750-M6-085-00012 0.9997970461845398 3706.66 6041.69 3855.81 6041.79 3855.70 6191.95 3706.55 6191.85
26071-750-M6-085-00012 0.999788224697113 4011.04 4583.42 4161.45 4582.00 4162.86 4731.12 4012.46 4732.55
26071-750-M6-085-00012 0.9997852444648743 4701.29 5996.47 4850.61 5997.71 4849.34 6150.51 4700.02 6149.27
26071-750-M6-085-00012 0.9997748732566833 4061.17 5762.34 4211.32 5761.64 4212.01 5910.08 4061.87 5910.79
26071-750-M6-085-00012 0.9997655749320984 2016.23 4485.32 2166.23 4484.08 2167.44 4631.31 2017.44 4632.54
26071-750-M6-085-00012 0.9997469782829285 6008.21 4103.73 6155.72 4103.96 6155.49 4255.10 6007.97 4254.87
26071-750-M6-085-00286 0.9997460246086121 3882.67 2574.14 4031.35 2572.70 4032.80 2723.82 3884.12 2725.25
