26071-200-M6-052-00001 0.9981433153152466 3875.92 3269.76 3962.70 3270.86 3961.08 3398.75 3874.30 3397.65
26071-200-M6-052-00002 0.9995347261428833 7296.17 3854.74 7383.34 3853.02 7385.98 3987.10 7298.81 3988.82
26071-200-M6-052-00002 0.9993717074394226 1629.09 899.44 1712.03 899.92 1711.24 1037.23 1628.30 1036.75
26071-200-M6-052-00002 0.9980863332748413 4466.48 2830.16 4548.37 2829.53 4549.39 2962.65 4467.50 2963.28
26071-200-M6-052-00003 0.9993461966514587 5856.57 2814.52 5942.95 2814.54 5942.92 2948.17 5856.53 2948.15
26071-200-M6-052-00003 0.9991601705551147 5173.65 2495.89 5255.72 2496.28 5255.09 2631.20 5173.02 2630.81
26071-200-M6-052-00080 0.9981461763381958 3014.96 2831.22 3093.84 2831.25 3093.78 2965.08 3014.91 2965.05
26071-200-M6-052-00080 0.9976671934127808 2778.02 3160.72 2858.46 3160.83 2858.26 3296.51 2777.82 3296.39
26071-200-M6-052-00080 0.9976402521133423 6203.88 3159.67 6284.33 3159.75 6284.20 3296.03 6203.75 3295.96
26071-200-M6-052-00080 0.9973849654197693 6438.24 2828.69 6519.18 2828.78 6519.03 2963.77 6438.09 2963.68
26071-200-M6-052-00080 0.23327332735061646 6052.94 5023.06 6133.37 5023.07 6133.36 5117.23 6052.93 5117.22
26071-200-M6-052-00080 0.1917456090450287 2629.72 5023.90 2707.65 5023.65 2707.96 5115.38 2630.03 5115.63
26071-200-M6-052-00090 0.9986897110939026 2423.50 2749.98 2504.13 2750.39 2503.45 2884.82 2422.81 2884.41
26071-200-M6-052-00090 0.9986022114753723 7063.33 4033.25 7146.97 4033.77 7146.11 4171.68 7062.47 4171.15
26071-200-M6-052-00090 0.9985966086387634 6092.27 5227.43 6173.95 5227.77 6173.38 5363.85 6091.70 5363.50
26071-200-M6-052-00090 0.9982705116271973 5435.06 2740.49 5514.24 2741.73 5511.98 2886.59 5432.80 2885.35
26071-200-M6-052-00090 0.9979325532913208 5668.87 2417.23 5752.01 2417.83 5751.03 2552.88 5667.89 2552.27
26071-200-M6-052-00090 0.9976116418838501 2659.92 2388.13 2738.33 2388.63 2737.42 2533.78 2659.00 2533.29
26071-200-M6-052-00090 0.21303370594978333 5206.92 4377.13 5283.30 4377.13 5283.30 4472.38 5206.92 4472.38
26071-200-M6-052-00090 0.1972336620092392 2188.83 4374.55 2269.08 4374.80 2268.78 4471.86 2188.53 4471.61
26071-200-M6-052-00093 0.9992756247520447 5053.64 1541.16 5142.11 1541.26 5141.96 1669.32 5053.49 1669.22
26071-200-M6-052-00093 0.9989922642707825 6472.35 4148.81 6555.39 4148.99 6555.08 4286.72 6472.04 4286.54
26071-200-M6-052-00093 0.9983264803886414 3248.42 1694.64 3333.37 1694.62 3333.40 1827.04 3248.45 1827.06
26071-200-M6-052-00093 0.9982346296310425 3248.25 4053.39 3333.30 4053.34 3333.37 4189.92 3248.33 4189.96
26071-200-M6-052-00539 0.9991328120231628 4818.07 4209.52 4902.42 4209.28 4902.80 4340.30 4818.45 4340.55
26071-200-M6-052-00539 0.9986574649810791 2572.20 1376.82 2656.97 1375.40 2659.15 1505.39 2574.38 1506.81
26071-200-M6-052-00539 0.998383641242981 3638.27 1376.98 3719.36 1377.23 3718.96 1508.81 3637.87 1508.57
26071-200-M6-063-00010 0.9989506006240845 4442.91 2318.23 4524.91 2318.22 4524.93 2454.96 4442.93 2454.97
26071-203-M6-160-00291 0.9993652701377869 1473.41 3004.03 1559.38 3004.28 1558.99 3140.07 1473.01 3139.82
26071-203-M6-160-00291 0.9989822506904602 5725.69 4680.57 5809.89 4680.75 5809.60 4817.18 5725.40 4817.00
26071-203-M6-160-00291 0.9988085031509399 3234.03 4678.40 3318.05 4678.66 3317.61 4817.94 3233.60 4817.68
26071-203-M6-320-00044 0.05116698890924454 5213.03 3276.50 5302.23 3276.76 5301.89 3392.38 5212.69 3392.12
26071-203-M6-325-00013 0.981732189655304 3867.13 4795.61 3959.46 4795.43 3959.69 4916.92 3867.37 4917.10
26071-300-M6-053-00008 0.9991180300712585 5056.70 747.61 5139.55 747.64 5139.50 882.19 5056.65 882.16
26071-300-M6-053-00010 0.9987255930900574 4050.54 3098.34 4135.97 3098.95 4135.02 3233.04 4049.59 3232.43
26071-300-M6-053-00012 0.9989573955535889 7123.48 1492.64 7207.31 1492.49 7207.55 1625.95 7123.72 1626.10
26071-300-M6-053-00309 0.998776376247406 2456.20 1965.75 2540.05 1965.35 2540.68 2098.51 2456.82 2098.90
26071-300-M6-053-00309 0.9985740184783936 2278.74 3973.12 2362.60 3973.36 2362.22 4107.43 2278.36 4107.19
26071-300-M6-053-00309 0.9980884194374084 5527.96 3972.78 5608.84 3972.57 5609.20 4110.28 5528.32 4110.49
26071-300-M6-053-00309 0.103681780397892 6290.09 1645.24 6367.27 1644.89 6367.76 1751.54 6290.59 1751.90
26071-450-M6-082-00009 0.9990135431289673 3403.33 3615.38 3485.17 3615.44 3485.07 3754.80 3403.23 3754.74
26071-450-M6-082-00009 0.9989138841629028 3402.41 1196.97 3484.81 1196.96 3484.83 1330.31 3402.43 1330.32
26071-450-M6-082-00009 0.9988555908203125 3994.13 1668.19 4075.84 1668.36 4075.57 1804.06 3993.85 1803.89
26071-450-M6-082-00031 0.9988868832588196 2892.75 1657.02 2975.59 1657.05 2975.55 1792.09 2892.70 1792.06
26071-450-M6-082-00031 0.9985495209693909 5232.33 2306.14 5313.25 2305.61 5314.14 2441.37 5233.22 2441.90
26071-500-M6-059-00011 0.9991957545280457 6247.71 2495.30 6331.39 2495.88 6330.45 2630.76 6246.77 2630.18
26071-500-M6-059-00011 0.9991931319236755 4651.61 1611.29 4737.57 1611.61 4737.07 1746.35 4651.11 1746.03
26071-500-M6-059-00011 0.9990112781524658 5184.31 1906.60 5268.77 1906.98 5268.15 2042.46 5183.70 2042.07
26071-500-M6-059-00011 0.9989286065101624 6779.18 2791.74 6862.76 2792.36 6861.76 2926.51 6778.18 2925.89
26071-500-M6-059-00011 0.9987636804580688 5714.72 2199.86 5799.69 2200.07 5799.34 2337.61 5714.38 2337.40
26071-500-M6-059-00017 0.9990007281303406 5878.02 4683.29 5964.42 4683.58 5963.99 4815.53 5877.59 4815.25
26071-500-M6-059-00017 0.9986862540245056 1862.32 4682.65 1946.99 4681.15 1949.42 4817.88 1864.76 4819.38
26071-500-M6-059-00017 0.9986762404441833 3870.81 4682.44 3958.00 4683.04 3957.09 4816.64 3869.90 4816.04
26071-500-M6-059-00040 0.9987409710884094 4194.42 2085.23 4275.76 2085.20 4275.81 2219.41 4194.47 2219.44
26071-500-M6-059-00040 0.9984079003334045 2808.56 3971.89 2895.04 3971.14 2896.21 4107.38 2809.74 4108.12
26071-500-M6-059-00040 0.9982988238334656 4112.53 3975.45 4192.99 3975.51 4192.89 4105.93 4112.43 4105.87
26071-500-M6-059-00044 0.9993859529495239 3593.57 4029.61 3674.35 4029.67 3674.25 4170.28 3593.47 4170.22
26071-500-M6-059-00044 0.9993453621864319 5633.59 4030.81 5718.30 4031.34 5717.43 4168.98 5632.72 4168.45
26071-500-M6-059-00044 0.9993019104003906 7171.26 4033.00 7254.83 4032.90 7254.99 4167.76 7171.42 4167.86
26071-500-M6-059-00044 0.9992172718048096 2057.22 4030.64 2137.56 4030.54 2137.73 4170.87 2057.39 4170.97
26071-500-M6-059-00044 0.9989808201789856 6592.47 723.38 6674.19 723.39 6674.16 860.60 6592.45 860.59
26071-500-M6-059-00071 0.9988486766815186 2930.11 2792.95 3012.54 2793.54 3011.58 2928.05 2929.15 2927.46
26071-500-M6-059-00071 0.998337984085083 3462.34 3266.79 3543.56 3266.47 3544.08 3396.77 3462.86 3397.10
26071-500-M6-059-00248 0.9988736510276794 3071.24 3478.88 3153.41 3479.18 3152.93 3611.05 3070.77 3610.75
26071-500-M6-059-00248 0.9985702037811279 3723.37 3027.24 3805.59 3027.47 3805.21 3162.39 3722.98 3162.15
26071-550-M6-084-00026 0.9988526105880737 2774.22 2555.36 2859.07 2555.52 2858.83 2689.82 2773.97 2689.67
26071-550-M6-084-00026 0.9986565113067627 5137.15 2556.08 5219.98 2556.12 5219.91 2688.34 5137.09 2688.30
26071-550-M6-084-00248 0.9986047148704529 3719.67 2557.28 3802.71 2557.22 3802.81 2689.89 3719.77 2689.95
26071-550-M6-084-00248 0.9985671043395996 3069.36 3004.84 3153.83 3004.93 3153.69 3138.53 3069.21 3138.44
26071-600-M6-065-00021 0.9988839030265808 4677.10 1371.49 4758.77 1370.86 4759.82 1508.68 4678.16 1509.30
26071-600-M6-065-00037 0.920444905757904 5684.47 3055.33 5759.24 3052.37 5764.44 3183.58 5689.68 3186.54
26071-600-M6-065-00037 0.5548043847084045 3003.04 3081.10 3101.75 3080.38 3102.73 3215.24 3004.02 3215.96
26071-600-M6-065-00231 0.9990979433059692 4357.83 1550.21 4443.20 1550.16 4443.27 1686.81 4357.90 1686.86
26071-600-M6-065-00231 0.99908447265625 3296.47 1549.51 3378.58 1549.65 3378.35 1687.99 3296.23 1687.85
26071-600-M6-066-00012 0.998799204826355 3246.53 1844.69 3331.91 1844.79 3331.74 1981.62 3246.37 1981.52
26071-600-M6-066-00012 0.9987871050834656 2302.10 1848.16 2384.91 1848.18 2384.87 1981.23 2302.06 1981.20
26071-600-M6-066-00012 0.9725032448768616 5869.63 4799.61 5965.02 4800.10 5964.41 4919.60 5869.02 4919.11
26071-675-M6-068-00034 0.9993459582328796 3960.81 775.89 4044.15 776.03 4043.92 908.15 3960.58 908.01
26071-675-M6-068-00034 0.9993054866790771 3420.95 1073.78 3503.02 1074.00 3502.65 1211.24 3420.58 1211.02
26071-700-M6-054-00036 0.9988596439361572 4132.09 2200.04 4217.46 2200.16 4217.26 2335.52 4131.89 2335.40
26071-700-M6-054-00036 0.9985873699188232 4368.64 1610.86 4451.85 1610.87 4451.85 1745.03 4368.63 1745.02
26071-700-M6-054-00036 0.5141742825508118 4378.25 4488.92 4475.14 4489.26 4474.78 4591.34 4377.89 4591.00
26071-700-M6-054-00036 0.4465939402580261 4615.79 5253.80 4698.68 5254.30 4698.09 5354.84 4615.19 5354.35
26071-700-M6-054-00246 0.9986742734909058 3954.78 1729.34 4039.91 1729.42 4039.79 1863.02 3954.66 1862.94
26071-750-M6-085-00007 0.9988574981689453 6415.02 2553.89 6497.57 2553.84 6497.65 2689.75 6415.10 2689.79
26071-750-M6-085-00007 0.9988508224487305 5882.71 2082.85 5965.32 2082.90 5965.23 2217.94 5882.63 2217.89
26071-750-M6-085-00012 0.9985608458518982 7675.79 1020.29 7760.27 1020.51 7759.93 1153.94 7675.45 1153.73
26071-750-M6-085-00309 0.9990864992141724 3020.08 3336.40 3104.38 3336.61 3104.03 3473.72 3019.73 3473.50
