26071-200-M6-052-00093 0.14781582355499268 4583.67 3848.18 4793.06 3849.29 4792.12 4027.01 4582.74 4025.91
26071-200-M6-052-00093 0.12267175316810608 4581.91 1485.09 4791.58 1486.33 4790.52 1664.84 4580.86 1663.61
26071-200-M6-052-00093 0.09636791050434113 4577.93 4498.02 4801.23 4499.14 4800.36 4672.88 4577.06 4671.77
26071-200-M6-052-00093 0.08600121736526489 4586.32 2251.11 4790.83 2251.59 4790.41 2431.35 4585.90 2430.87
26071-203-M6-160-00291 0.9922048449516296 5230.44 5301.23 5395.00 5301.74 5394.42 5484.65 5229.87 5484.13
26071-203-M6-160-00291 0.9916451573371887 2734.78 5305.80 2901.27 5301.65 2905.70 5479.71 2739.21 5483.85
26071-300-M6-053-00309 0.3338618278503418 5988.88 1191.72 6204.67 1193.29 6203.29 1383.49 5987.50 1381.92
26071-300-M6-053-00309 0.2771768867969513 5903.55 2015.25 6121.90 2015.90 6121.33 2205.99 5902.98 2205.34
26071-500-M6-059-00040 0.9755553007125854 3606.50 2827.52 3782.52 2834.88 3775.21 3009.67 3599.19 3002.31
26071-550-M6-084-00026 0.9934060573577881 4544.26 3295.01 4720.65 3294.04 4721.66 3478.72 4545.27 3479.69
26071-550-M6-084-00026 0.9928334951400757 2185.79 3297.38 2358.74 3298.14 2357.93 3480.78 2184.98 3480.02
26071-675-M6-068-10002 0.08973422646522522 6480.30 1999.69 6657.82 2002.38 6655.32 2167.86 6477.79 2165.17
26071-675-M6-068-10002 0.06716957688331604 7530.77 1998.25 7709.18 2000.98 7706.66 2165.25 7528.26 2162.52
26071-675-M6-068-10002 0.06648966670036316 5428.17 1855.42 5606.29 1857.16 5604.47 2043.90 5426.36 2042.16
26071-675-M6-068-10002 0.06362215429544449 4627.21 1867.51 4805.35 1869.46 4803.49 2039.41 4625.35 2037.46
26071-750-M6-085-00309 0.610922634601593 5773.48 3140.53 5924.50 3142.60 5922.55 3285.24 5771.52 3283.17
