26071-200-M6-052-00001 0.0569697842001915 1511.68 5977.13 1564.67 5977.45 1564.13 6066.38 1511.14 6066.06
26071-200-M6-052-00090 0.09129073470830917 8126.01 3613.27 8176.00 3613.63 8175.30 3713.06 8125.30 3712.70
26071-200-M6-052-00090 0.07309829443693161 8124.98 3815.80 8176.90 3816.13 8176.29 3913.34 8124.36 3913.01
26071-200-M6-052-00090 0.06316682696342468 3426.84 6040.21 3518.07 6041.28 3517.42 6096.82 3426.19 6095.75
26071-200-M6-052-00090 0.051510538905858994 6412.25 2902.79 6461.68 2902.88 6461.50 3002.31 6412.06 3002.22
26071-200-M6-052-00090 0.0508829765021801 3190.36 6046.58 3284.06 6046.23 3284.24 6093.86 3190.54 6094.21
26071-200-M6-052-00090 0.05034678429365158 6409.66 2721.06 6462.37 2721.18 6462.13 2828.97 6409.42 2828.85
26071-200-M6-052-00150 0.5677834749221802 2503.48 3074.45 2575.95 3074.72 2575.67 3149.63 2503.20 3149.36
26071-200-M6-052-00150 0.3679050803184509 4498.14 3084.21 4588.38 3084.25 4588.35 3146.45 4498.11 3146.40
26071-203-M6-337-00031 0.48571139574050903 4809.24 599.02 4888.74 599.28 4888.53 660.74 4809.04 660.48
26071-300-M6-053-00008 0.28108492493629456 5519.72 4206.05 5582.79 4206.42 5582.31 4288.91 5519.25 4288.54
26071-300-M6-053-00012 0.15005961060523987 4627.48 3917.02 4685.04 3916.80 4685.40 4009.76 4627.85 4009.99
26071-500-M6-059-00116 0.9895880222320557 3282.95 4915.95 3332.05 4915.78 3332.37 5007.62 3283.27 5007.79
26071-500-M6-059-00116 0.11916424334049225 4346.73 3245.45 4396.19 3245.16 4396.72 3337.26 4347.26 3337.54
26071-600-M6-065-00021 0.9785733819007874 1390.47 1498.60 1491.42 1499.06 1491.20 1547.02 1390.25 1546.56
26071-600-M6-066-00003 0.17557966709136963 7784.01 5229.40 7831.78 5229.61 7831.38 5319.09 7783.62 5318.87
26071-600-M6-066-00012 0.07821088284254074 6286.80 4664.64 6344.62 4664.39 6345.03 4759.92 6287.20 4760.17
26071-750-M6-085-00007 0.06788577884435654 5733.02 5554.61 5845.96 5553.16 5846.67 5608.40 5733.73 5609.86
26071-750-M6-085-00012 0.9914871454238892 7948.18 2377.82 7998.05 2377.58 7998.50 2472.36 7948.64 2472.60
