26071-200-M6-052-00080 0.060203760862350464 2630.48 5022.89 2704.33 5022.79 2704.46 5114.81 2630.61 5114.91
26071-200-M6-052-00080 0.05747152492403984 6058.24 5023.98 6130.32 5023.97 6130.34 5114.19 6058.26 5114.20
26071-200-M6-052-00090 0.054923735558986664 2194.51 4374.63 2270.56 4375.10 2270.00 4465.13 2193.95 4464.66
26071-200-M6-062-00276 0.08195170760154724 6023.08 4391.68 6118.04 4392.65 6117.49 4446.10 6022.54 4445.12
26071-203-M6-320-00042 0.055424876511096954 2606.36 4113.44 2703.72 4114.13 2703.36 4164.52 2606.00 4163.83
26071-203-M6-333-00010 0.06404074281454086 4564.12 1577.84 4614.62 1577.97 4614.37 1680.07 4563.87 1679.95
26071-300-M6-053-00309 0.30387941002845764 5618.75 2488.22 5715.37 2487.03 5716.15 2550.98 5619.53 2552.18
26071-300-M6-053-00309 0.05113920196890831 3612.60 3783.23 3686.02 3782.80 3686.54 3871.07 3613.12 3871.50
26071-450-M6-082-00031 0.5064961910247803 3016.18 4924.96 3074.61 4925.03 3074.49 5018.72 3016.06 5018.65
26071-450-M6-082-00031 0.17051605880260468 4203.29 2096.71 4298.62 2097.47 4298.20 2150.31 4202.87 2149.55
26071-600-M6-066-00012 0.5628412365913391 6285.44 4666.78 6343.65 4666.81 6343.61 4759.76 6285.39 4759.73
26071-600-M6-066-00012 0.05428227782249451 4631.96 4628.17 4699.66 4629.42 4698.35 4700.63 4630.65 4699.38
26071-675-M6-068-00034 0.18955840170383453 2874.86 5189.24 2925.44 5187.80 2927.02 5243.27 2876.44 5244.71
26071-675-M6-068-00034 0.18010173738002777 3895.34 3358.51 3943.97 3357.58 3945.03 3413.39 3896.40 3414.32
26071-675-M6-068-00034 0.17477086186408997 3626.06 5189.16 3674.30 5188.18 3675.39 5241.79 3627.15 5242.78
26071-675-M6-068-00034 0.15507739782333374 3144.37 3358.91 3195.23 3357.58 3196.71 3414.20 3145.84 3415.53
26071-675-M6-068-00034 0.14561934769153595 2853.71 3336.65 2902.83 3336.32 2903.50 3436.59 2854.37 3436.92
26071-675-M6-068-00034 0.09386336803436279 3604.33 3335.99 3653.85 3335.55 3654.75 3436.00 3605.23 3436.44
26071-675-M6-068-00034 0.05151714012026787 3335.87 5169.34 3384.79 5169.43 3384.61 5262.32 3335.69 5262.23
26071-700-M6-054-00246 0.05359576269984245 3964.69 1784.03 4042.41 1784.01 4042.43 1863.56 3964.71 1863.58
