26071-200-M6-052-00001 0.27651169896125793 5874.22 2429.78 5936.35 2429.18 5937.38 2536.83 5875.25 2537.42
26071-200-M6-052-00002 0.34403082728385925 6228.44 1840.38 6290.62 1840.28 6290.80 1945.99 6228.62 1946.10
26071-200-M6-052-00003 0.9989646673202515 1624.69 2361.29 1684.68 2361.79 1683.37 2522.24 1623.38 2521.75
26071-200-M6-052-00003 0.998749852180481 5167.33 5789.00 5226.92 5789.04 5226.82 5945.17 5167.22 5945.13
26071-200-M6-052-00003 0.08249178528785706 4574.80 4536.40 4641.22 4536.73 4640.58 4663.71 4574.16 4663.38
26071-200-M6-052-00093 0.7897225022315979 5187.18 6218.76 5332.10 6222.97 5329.90 6298.51 5184.98 6294.29
26071-200-M6-052-00150 0.9989175796508789 2828.03 1184.85 2887.79 1184.71 2888.15 1341.29 2828.38 1341.42
26071-200-M6-052-00150 0.12378847599029541 3010.75 2603.98 3217.75 2606.62 3216.80 2680.49 3009.81 2677.86
26071-200-M6-052-00544 0.1579917073249817 4027.73 3975.78 4117.28 3979.47 4112.91 4085.84 4023.36 4082.15
26071-200-M6-062-00276 0.21855179965496063 1261.94 3910.00 1335.43 3909.67 1336.47 4140.24 1262.98 4140.58
26071-200-M6-063-00010 0.9985981583595276 6347.04 1776.13 6408.11 1776.28 6407.73 1927.38 6346.66 1927.23
26071-200-M6-063-00010 0.9982739686965942 5993.41 1776.28 6053.79 1776.32 6053.69 1927.69 5993.31 1927.65
26071-203-M6-325-00013 0.9973382353782654 3434.87 4719.97 3496.25 4720.67 3494.36 4884.55 3432.98 4883.85
26071-203-M6-337-00031 0.999000608921051 3975.39 2109.97 4035.75 2110.29 4034.90 2268.75 3974.53 2268.42
26071-203-M6-337-00031 0.9986451268196106 3165.31 437.68 3225.63 437.91 3225.01 598.23 3164.69 598.00
26071-203-M6-337-00031 0.9981484413146973 3341.59 902.35 3489.25 903.01 3488.97 964.79 3341.31 964.13
26071-203-M6-337-00031 0.9980127811431885 3876.91 2484.41 4027.39 2485.02 4027.14 2546.27 3876.66 2545.66
26071-203-M6-337-00031 0.9979166388511658 4814.36 467.88 4875.96 468.26 4874.95 629.61 4813.35 629.23
26071-203-M6-337-00031 0.9973692893981934 4474.13 961.55 4629.81 962.72 4629.34 1024.83 4473.66 1023.66
26071-203-M6-337-00031 0.9964122176170349 2010.53 2457.53 2070.92 2458.07 2069.48 2618.71 2009.10 2618.17
26071-203-M6-337-00031 0.9932751655578613 3979.50 960.53 4136.60 962.29 4135.90 1025.34 3978.80 1023.59
26071-300-M6-053-00010 0.9988381266593933 4929.64 2483.31 4991.99 2483.38 4991.82 2635.56 4929.47 2635.49
26071-300-M6-053-00010 0.9986328482627869 5225.66 2484.61 5286.28 2484.55 5286.43 2637.16 5225.81 2637.22
26071-300-M6-053-00012 0.996338963508606 4660.74 3935.75 4822.94 3936.23 4822.77 3995.32 4660.57 3994.85
26071-300-M6-053-00012 0.11356484889984131 4627.17 3390.92 4683.38 3390.95 4683.30 3528.28 4627.10 3528.25
26071-450-M6-082-00031 0.061321355402469635 5377.96 4918.49 5498.30 4920.91 5496.62 5004.33 5376.28 5001.90
26071-500-M6-059-00044 0.06309598684310913 3506.27 4799.98 3610.77 4800.81 3610.30 4860.83 3505.80 4860.01
26071-500-M6-059-00071 0.9980317950248718 1491.19 5236.45 1649.81 5237.00 1649.59 5300.09 1490.97 5299.53
26071-500-M6-059-00071 0.997572124004364 1496.03 4563.77 1651.44 4564.34 1651.21 4625.06 1495.81 4624.49
26071-500-M6-059-00071 0.05590752884745598 5517.84 3885.49 5591.82 3886.36 5590.63 3987.49 5516.65 3986.62
26071-600-M6-065-00021 0.9988592863082886 5874.04 4019.31 5935.33 4019.79 5934.11 4172.48 5872.83 4171.99
26071-600-M6-065-00037 0.9991180300712585 3231.65 5615.67 3291.94 5615.56 3292.22 5765.71 3231.94 5765.82
26071-600-M6-065-00037 0.9988710284233093 4132.63 6157.14 4294.04 6157.49 4293.91 6218.50 4132.50 6218.16
26071-600-M6-065-00037 0.9982244372367859 7440.68 4976.02 7600.64 4976.29 7600.53 5037.73 7440.58 5037.47
26071-675-M6-068-00034 0.9974550604820251 2607.74 5184.71 2770.64 5184.45 2770.73 5246.06 2607.84 5246.31
26071-675-M6-068-00034 0.9974236488342285 3627.27 3354.51 3790.34 3355.22 3790.08 3415.11 3627.01 3414.39
26071-675-M6-068-00034 0.9968288540840149 2880.23 3354.56 3037.51 3355.43 3037.18 3415.21 2879.90 3414.35
26071-675-M6-068-00034 0.9961451292037964 3357.91 5183.67 3519.83 5183.55 3519.88 5246.57 3357.95 5246.69
26071-750-M6-085-00012 0.9983459711074829 4108.01 6267.62 4165.64 6267.76 4165.26 6415.63 4107.63 6415.48
26071-750-M6-085-00012 0.14315049350261688 7200.59 4329.50 7307.78 4330.46 7307.28 4385.38 7200.10 4384.42
