26071-200-M6-052-00001 0.9999157190322876 5844.25 5776.88 5964.43 5777.68 5963.66 5894.19 5843.47 5893.39
26071-200-M6-052-00001 0.9998997449874878 1971.66 5834.88 2092.29 5835.09 2092.08 5951.51 1971.45 5951.30
26071-200-M6-052-00001 0.9998606443405151 2243.13 4239.37 2364.20 4239.61 2363.97 4358.32 2242.89 4358.08
26071-200-M6-052-00001 0.9998519420623779 7641.76 2468.43 7760.70 2468.89 7760.25 2586.38 7641.31 2585.92
26071-200-M6-052-00001 0.9998156428337097 7641.66 1878.56 7758.98 1879.47 7758.09 1995.02 7640.77 1994.12
26071-200-M6-052-00001 0.9997574687004089 3601.56 2643.44 3720.81 2643.28 3720.97 2762.44 3601.72 2762.60
26071-200-M6-052-00001 0.10710746794939041 2275.26 5827.78 2383.37 5828.86 2382.15 5950.46 2274.05 5949.38
26071-200-M6-052-00002 0.9999227523803711 2715.90 934.46 2833.31 935.45 2832.35 1049.91 2714.93 1048.92
26071-200-M6-052-00002 0.9999175071716309 6377.08 5419.44 6496.51 5419.93 6496.02 5540.28 6376.59 5539.79
26071-200-M6-052-00002 0.9999125003814697 1297.70 1171.54 1416.12 1171.98 1415.69 1287.70 1297.27 1287.26
26071-200-M6-052-00002 0.9999053478240967 2833.41 5008.83 2951.48 5009.45 2950.88 5125.30 2832.80 5124.68
26071-200-M6-052-00002 0.9998995065689087 6965.99 4182.32 7086.65 4182.82 7086.18 4297.95 6965.52 4297.46
26071-200-M6-052-00002 0.9998968839645386 6494.30 5128.46 6612.63 5128.79 6612.31 5243.66 6493.98 5243.33
26071-200-M6-052-00002 0.9998958110809326 6496.18 4829.95 6615.64 4829.94 6615.65 4945.97 6496.19 4945.98
26071-200-M6-052-00002 0.9998732805252075 352.89 5361.44 471.82 5360.88 472.38 5479.78 353.45 5480.34
26071-200-M6-052-00002 0.9998645782470703 7949.03 1879.43 8067.64 1879.81 8067.27 1995.00 7948.66 1994.62
26071-200-M6-052-00002 0.9998526573181152 2456.47 5715.53 2576.14 5715.60 2576.08 5833.32 2456.41 5833.26
26071-200-M6-052-00002 0.9998506307601929 2360.95 3236.66 2480.14 3237.21 2479.60 3354.39 2360.42 3353.85
26071-200-M6-052-00002 0.9998490810394287 1476.15 5007.12 1595.88 5007.67 1595.33 5126.23 1475.60 5125.67
26071-200-M6-052-00002 0.9998475313186646 2834.16 5300.64 2954.25 5301.08 2953.82 5420.29 2833.72 5419.85
26071-200-M6-052-00002 0.9998348951339722 7947.18 1335.04 8067.10 1334.36 8067.76 1452.04 7947.85 1452.71
26071-200-M6-052-00002 0.9998304843902588 7533.46 3591.08 7654.96 3591.05 7654.99 3708.53 7533.50 3708.56
26071-200-M6-052-00002 0.9998118281364441 2726.87 5716.46 2848.19 5716.70 2847.95 5832.94 2726.63 5832.70
26071-200-M6-052-00002 0.9997950196266174 8089.83 3255.68 8209.98 3255.68 8209.98 3374.80 8089.83 3374.80
26071-200-M6-052-00002 0.9997643828392029 1830.92 636.09 1948.68 636.05 1948.72 755.77 1830.96 755.81
26071-200-M6-052-00002 0.9997474551200867 2184.44 5715.23 2303.27 5715.53 2302.97 5833.53 2184.14 5833.23
26071-200-M6-052-00002 0.9997276663780212 4133.05 2174.77 4252.13 2174.70 4252.20 2291.10 4133.12 2291.17
26071-200-M6-052-00002 0.9996964931488037 7617.85 5669.14 7736.61 5669.12 7736.64 5787.37 7617.87 5787.40
26071-200-M6-052-00002 0.47051864862442017 1712.69 5595.33 1829.63 5597.01 1827.95 5714.38 1711.00 5712.71
26071-200-M6-052-00002 0.06919685751199722 654.25 5399.17 767.33 5399.08 767.39 5479.19 654.31 5479.28
26071-200-M6-052-00003 0.9999439716339111 6024.33 3743.21 6143.91 3743.57 6143.56 3861.60 6023.98 3861.25
26071-200-M6-052-00003 0.9999439716339111 7558.80 1286.37 7677.81 1286.59 7677.59 1404.53 7558.58 1404.31
26071-200-M6-052-00003 0.9999387264251709 7558.32 2064.76 7679.52 2065.17 7679.12 2184.90 7557.92 2184.49
26071-200-M6-052-00003 0.9999321699142456 2123.73 3815.58 2242.57 3815.91 2242.25 3932.73 2123.40 3932.40
26071-200-M6-052-00003 0.9999291896820068 1769.56 4831.23 1889.03 4832.11 1888.17 4947.77 1768.70 4946.88
26071-200-M6-052-00003 0.9999210834503174 3955.77 5598.49 4075.20 5598.42 4075.28 5716.00 3955.84 5716.08
26071-200-M6-052-00003 0.9999145269393921 7557.60 2528.86 7675.45 2529.58 7674.75 2644.93 7556.89 2644.21
26071-200-M6-052-00003 0.9998987913131714 2125.49 4525.03 2243.06 4525.81 2242.29 4642.17 2124.72 4641.40
26071-200-M6-052-00003 0.99988853931427 6022.57 4653.03 6144.14 4653.37 6143.82 4770.35 6022.25 4770.01
26071-200-M6-052-00003 0.9998749494552612 3187.13 1936.69 3307.14 1936.49 3307.33 2053.27 3187.32 2053.47
26071-200-M6-052-00003 0.9998623132705688 3695.14 5125.78 3817.77 5126.18 3817.39 5243.01 3694.75 5242.61
26071-200-M6-052-00003 0.9998490810394287 3399.70 5126.47 3520.26 5127.50 3519.25 5244.82 3398.70 5243.78
26071-200-M6-052-00003 0.999813973903656 5373.74 5716.66 5493.33 5716.84 5493.15 5833.39 5373.56 5833.21
26071-200-M6-052-00003 0.9997966885566711 1889.24 2254.83 2009.69 2255.00 2009.52 2372.29 1889.07 2372.11
26071-200-M6-052-00003 0.11807902157306671 3484.84 1936.40 3601.10 1935.55 3601.95 2051.22 3485.69 2052.07
26071-200-M6-052-00003 0.06254353374242783 4241.69 5599.03 4359.43 5600.12 4358.39 5712.65 4240.65 5711.56
26071-200-M6-052-00080 0.9999456405639648 3897.52 4888.99 4017.47 4889.24 4017.22 5007.03 3897.28 5006.79
26071-200-M6-052-00080 0.9998960494995117 7321.68 4889.92 7441.75 4890.35 7441.32 5007.71 7321.26 5007.28
26071-200-M6-052-00080 0.9998329877853394 661.73 5183.53 781.36 5183.55 781.34 5302.09 661.72 5302.07
26071-200-M6-052-00080 0.9998250603675842 6672.79 5597.41 6791.96 5597.79 6791.59 5717.02 6672.42 5716.64
26071-200-M6-052-00080 0.9998202919960022 5492.30 2528.55 5612.07 2528.65 5611.97 2643.93 5492.20 2643.82
26071-200-M6-052-00080 0.9997811913490295 1713.81 2527.11 1833.02 2527.66 1832.48 2645.28 1713.27 2644.73
26071-200-M6-052-00080 0.9997765421867371 5138.47 2527.33 5257.72 2527.58 5257.48 2644.32 5138.23 2644.08
26071-200-M6-052-00080 0.9997698664665222 4251.81 5184.61 4370.51 5184.72 4370.41 5302.60 4251.71 5302.49
26071-200-M6-052-00080 0.9997441172599792 3247.62 5600.57 3366.52 5599.82 3367.25 5715.32 3248.35 5716.08
26071-200-M6-052-00080 0.9997387528419495 6966.43 1582.06 7086.69 1583.28 7085.47 1703.24 6965.22 1702.02
26071-200-M6-052-00080 0.9997182488441467 2066.27 2526.61 2185.74 2526.82 2185.53 2644.67 2066.06 2644.45
26071-200-M6-052-00080 0.999714195728302 3543.49 1581.55 3662.68 1582.12 3662.11 1700.88 3542.92 1700.31
26071-200-M6-052-00080 0.3737495243549347 7619.47 4873.20 7735.28 4871.20 7737.56 5003.49 7621.75 5005.49
26071-200-M6-052-00080 0.2043169140815735 4197.57 4886.92 4309.97 4886.56 4310.34 5004.04 4197.95 5004.40
26071-200-M6-052-00090 0.9999381303787231 6849.17 3354.67 6968.83 3355.03 6968.47 3472.85 6848.81 3472.49
26071-200-M6-052-00090 0.9999359846115112 5656.76 5407.69 5777.75 5408.08 5777.37 5527.16 5656.38 5526.77
26071-200-M6-052-00090 0.9999359846115112 317.93 1404.98 437.80 1404.98 437.80 1522.20 317.93 1522.19
26071-200-M6-052-00090 0.9999295473098755 7677.53 4216.32 7797.44 4216.57 7797.19 4333.52 7677.28 4333.27
26071-200-M6-052-00090 0.9999051094055176 3839.26 1640.13 3957.08 1640.37 3956.84 1759.18 3839.02 1758.94
26071-200-M6-052-00090 0.9999027252197266 3129.37 4535.34 3248.64 4535.57 3248.42 4652.45 3129.15 4652.22
26071-200-M6-052-00090 0.9998975992202759 4841.56 5256.73 4963.24 5257.06 4962.93 5372.49 4841.26 5372.17
26071-200-M6-052-00090 0.9998965263366699 3659.96 5799.62 3780.74 5800.58 3779.81 5916.93 3659.04 5915.96
26071-200-M6-052-00090 0.9998924732208252 3897.11 3473.66 4016.80 3473.79 4016.67 3589.16 3896.98 3589.03
26071-200-M6-052-00090 0.9998883008956909 6990.89 4830.63 7111.72 4830.87 7111.50 4947.86 6990.67 4947.63
26071-200-M6-052-00090 0.9998646974563599 7910.89 4064.77 8030.23 4065.64 8029.39 4180.20 7910.05 4179.33
26071-200-M6-052-00090 0.999861478805542 4310.68 5798.38 4430.48 5798.65 4430.22 5915.63 4310.42 5915.37
26071-200-M6-052-00090 0.999858021736145 6554.51 4143.37 6672.06 4144.32 6671.08 4265.05 6553.54 4264.10
26071-200-M6-052-00090 0.9998462200164795 2773.06 6343.52 2893.53 6344.26 2892.82 6460.93 2772.35 6460.19
26071-200-M6-052-00090 0.9998365640640259 7309.00 2174.42 7427.04 2174.47 7426.99 2291.90 7308.95 2291.85
26071-200-M6-052-00090 0.9998358488082886 3366.41 4773.12 3486.22 4773.69 3485.67 4889.42 3365.86 4888.85
26071-200-M6-052-00090 0.9998352527618408 2774.79 6142.65 2893.09 6143.58 2892.18 6260.00 2773.88 6259.07
26071-200-M6-052-00090 0.9998335838317871 6777.67 4950.53 6897.82 4950.49 6897.86 5066.25 6777.71 5066.29
26071-200-M6-052-00090 0.9998261332511902 4841.27 2174.55 4962.16 2175.29 4961.45 2292.01 4840.56 2291.28
26071-200-M6-052-00090 0.9998133778572083 6142.40 4711.15 6260.59 4711.46 6260.28 4831.02 6142.09 4830.71
26071-200-M6-052-00090 0.9998016953468323 1357.26 2468.97 1476.61 2469.75 1475.85 2586.89 1356.49 2586.11
26071-200-M6-052-00090 0.9997894167900085 4545.46 2410.42 4666.17 2410.73 4665.88 2527.81 4545.16 2527.51
26071-200-M6-052-00090 0.999786913394928 5786.96 5006.56 5905.65 5006.95 5905.26 5125.51 5786.56 5125.12
26071-200-M6-052-00090 0.9997579455375671 316.97 4771.72 437.32 4772.29 436.75 4890.67 316.40 4890.09
26071-200-M6-052-00090 0.9997522234916687 1714.33 2208.28 1833.05 2208.73 1832.60 2326.74 1713.88 2326.28
26071-200-M6-052-00090 0.9997205138206482 6200.79 1606.49 6318.96 1606.43 6319.02 1724.94 6200.85 1725.00
26071-200-M6-052-00090 0.9997027516365051 3132.04 1404.37 3249.85 1404.89 3249.32 1523.90 3131.52 1523.39
26071-200-M6-052-00090 0.9996693134307861 2777.58 5065.13 2893.20 5065.24 2893.09 5184.05 2777.47 5183.95
26071-200-M6-052-00090 0.19324073195457458 6792.47 4136.39 6911.10 4137.13 6910.32 4260.14 6791.69 4259.40
26071-200-M6-052-00090 0.1272021383047104 3543.19 1603.75 3660.30 1601.95 3662.55 1749.24 3545.45 1751.03
26071-200-M6-052-00090 0.11405792087316513 3604.50 3459.29 3719.68 3457.57 3721.62 3586.91 3606.44 3588.64
26071-200-M6-052-00093 0.9999247789382935 1534.93 3472.39 1654.79 3472.70 1654.49 3590.83 1534.63 3590.53
26071-200-M6-052-00093 0.9999048709869385 5314.33 1770.63 5434.30 1770.96 5433.98 1888.77 5314.01 1888.45
26071-200-M6-052-00093 0.9999035596847534 5608.28 4241.27 5727.29 4242.48 5726.10 4358.42 5607.10 4357.21
26071-200-M6-052-00093 0.9998999834060669 5610.28 2820.88 5728.49 2821.26 5728.11 2939.22 5609.90 2938.85
26071-200-M6-052-00093 0.9998941421508789 6058.41 3885.24 6178.72 3885.60 6178.37 4003.45 6058.06 4003.10
26071-200-M6-052-00093 0.9998921155929565 5610.99 3057.70 5728.43 3057.92 5728.21 3176.41 5610.78 3176.20
26071-200-M6-052-00093 0.9998729228973389 5608.75 4005.58 5727.03 4005.65 5726.96 4121.07 5608.68 4121.00
26071-200-M6-052-00093 0.9998688697814941 1535.45 2170.09 1653.21 2170.41 1652.88 2292.62 1535.12 2292.29
26071-200-M6-052-00093 0.9998620748519897 5881.69 1570.50 6001.26 1570.69 6001.08 1687.78 5881.52 1687.60
26071-200-M6-052-00093 0.9998395442962646 7641.76 4182.03 7759.33 4182.96 7758.42 4298.21 7640.85 4297.28
26071-200-M6-052-00093 0.9998272061347961 4334.62 1878.04 4454.84 1878.27 4454.61 1995.29 4334.40 1995.06
26071-200-M6-052-00093 0.9998170733451843 1192.45 2348.77 1311.83 2349.78 1310.85 2466.01 1191.46 2464.99
26071-200-M6-052-00093 0.9998146891593933 6730.99 4383.92 6851.70 4383.33 6852.27 4497.93 6731.56 4498.53
26071-200-M6-052-00093 0.9998106360435486 4264.49 4180.24 4384.02 4180.26 4384.00 4298.69 4264.47 4298.67
26071-200-M6-052-00093 0.9997841715812683 6719.26 3342.54 6837.12 3342.19 6837.48 3460.31 6719.62 3460.67
26071-200-M6-052-00093 0.9997418522834778 6188.48 3295.66 6308.92 3295.90 6308.69 3412.06 6188.26 3411.83
26071-200-M6-052-00093 0.9996833801269531 5137.54 6424.08 5257.24 6424.18 5257.14 6542.00 5137.44 6541.90
26071-200-M6-052-00093 0.9996141195297241 2301.89 6425.92 2417.80 6425.96 2417.76 6543.02 2301.85 6542.98
26071-200-M6-052-00093 0.7859152555465698 5787.72 3888.97 5906.53 3889.52 5906.00 4004.15 5787.18 4003.59
26071-200-M6-052-00093 0.06597341597080231 1831.83 2162.75 1950.51 2162.91 1950.34 2287.72 1831.66 2287.56
26071-200-M6-052-00150 0.9999160766601562 1357.51 3116.62 1476.48 3116.85 1476.25 3235.66 1357.29 3235.43
26071-200-M6-052-00150 0.9999126195907593 5136.82 2587.08 5256.74 2586.75 5257.06 2703.38 5137.15 2703.71
26071-200-M6-052-00150 0.999906063079834 352.35 1879.00 471.36 1879.27 471.09 1996.37 352.08 1996.10
26071-200-M6-052-00150 0.9998512268066406 1831.72 3412.53 1949.97 3412.66 1949.84 3531.15 1831.59 3531.02
26071-200-M6-052-00150 0.9998307228088379 5138.18 3058.13 5255.54 3058.46 5255.21 3176.41 5137.85 3176.08
26071-200-M6-052-00150 0.9997745156288147 8089.52 4713.42 8208.87 4714.42 8207.89 4831.40 8088.54 4830.41
26071-200-M6-052-00150 0.9997504353523254 1828.96 3060.49 1948.81 3061.10 1948.21 3178.24 1828.37 3177.64
26071-200-M6-052-00539 0.9998142123222351 5905.28 4946.59 6024.13 4946.94 6023.78 5067.16 5904.92 5066.81
26071-200-M6-052-00539 0.9997487664222717 5904.18 5775.17 6023.62 5775.41 6023.38 5893.64 5903.93 5893.39
26071-200-M6-052-00544 0.9999381303787231 707.88 2939.36 827.48 2939.49 827.34 3058.23 707.75 3058.09
26071-200-M6-052-00544 0.9999294281005859 7441.53 2821.32 7558.36 2821.69 7557.98 2940.69 7441.15 2940.32
26071-200-M6-052-00544 0.9998732805252075 708.09 3295.80 827.76 3296.51 827.07 3412.93 707.40 3412.22
26071-200-M6-052-00544 0.9998020529747009 353.95 4000.93 471.36 4001.93 470.33 4121.85 352.93 4120.85
26071-200-M6-052-00544 0.12944695353507996 1297.04 5011.07 1419.20 5011.69 1418.64 5121.75 1296.48 5121.13
26071-200-M6-052-00552 0.9997437596321106 5668.56 4004.32 5785.98 4005.18 5785.11 4122.93 5667.69 4122.07
26071-200-M6-052-00552 0.9995044469833374 825.72 2703.61 945.75 2703.72 945.63 2824.14 825.60 2824.03
26071-200-M6-052-00552 0.8813029527664185 5607.71 5050.66 5726.58 5049.36 5727.91 5171.17 5609.04 5172.47
26071-200-M6-052-00552 0.6905311942100525 4900.53 3202.42 5019.50 3202.23 5019.71 3328.80 4900.75 3329.00
26071-200-M6-062-00276 0.9999094009399414 589.86 2821.63 710.15 2821.60 710.17 2939.56 589.88 2939.59
26071-200-M6-062-00276 0.9998749494552612 7676.62 2940.51 7796.72 2940.60 7796.64 3057.96 7676.53 3057.87
26071-200-M6-062-00276 0.9998586177825928 590.49 2114.47 708.31 2115.65 707.14 2232.80 589.32 2231.63
26071-200-M6-062-00276 0.9998143315315247 591.98 2467.45 707.77 2467.61 707.61 2586.81 591.83 2586.66
26071-200-M6-062-00276 0.9997854828834534 401.63 3531.72 517.71 3532.37 517.05 3650.83 400.96 3650.18
26071-200-M6-062-00276 0.4124372899532318 1241.95 4785.23 1357.77 4786.07 1357.03 4888.17 1241.21 4887.32
26071-200-M6-062-00277 0.999853253364563 7971.22 4238.92 8090.00 4239.14 8089.79 4358.71 7971.00 4358.50
26071-200-M6-062-00277 0.9998096823692322 354.10 3531.67 473.31 3531.57 473.41 3647.92 354.20 3648.02
26071-200-M6-062-00277 0.9998071789741516 7971.46 3883.81 8090.02 3883.89 8089.94 4004.01 7971.38 4003.93
26071-200-M6-062-00277 0.9997970461845398 7971.24 3175.17 8090.48 3175.23 8090.42 3295.54 7971.19 3295.48
26071-200-M6-062-00277 0.9997935891151428 4781.37 2586.39 4902.75 2586.37 4902.78 2703.17 4781.40 2703.20
26071-200-M6-062-00277 0.9997850060462952 6318.37 1522.35 6437.61 1522.42 6437.54 1642.46 6318.30 1642.39
26071-200-M6-062-00277 0.9997844099998474 6318.30 2820.65 6437.06 2820.72 6437.00 2938.91 6318.24 2938.85
26071-200-M6-062-00277 0.9997827410697937 7969.44 1523.49 8090.36 1523.30 8090.55 1641.48 7969.63 1641.67
26071-200-M6-062-00277 0.9997819066047668 4780.62 1522.71 4902.74 1522.94 4902.52 1642.20 4780.39 1641.97
26071-200-M6-062-00277 0.999775230884552 7970.01 2468.89 8091.14 2469.07 8090.96 2586.71 7969.83 2586.53
26071-200-M6-062-00277 0.9997618794441223 4780.93 2232.09 4902.93 2232.45 4902.58 2351.30 4780.58 2350.94
26071-200-M6-062-00277 0.9997559189796448 4781.53 3295.57 4902.21 3295.72 4902.05 3414.01 4781.37 3413.85
26071-200-M6-062-00277 0.9997482895851135 2775.52 4829.54 2895.44 4829.65 2895.33 4948.76 2775.41 4948.66
26071-200-M6-062-00277 0.9997462630271912 6317.78 2469.10 6437.54 2468.82 6437.81 2586.35 6318.05 2586.63
26071-200-M6-062-00277 0.9997407793998718 6317.38 1878.39 6436.43 1879.37 6435.47 1994.96 6316.43 1993.98
26071-200-M6-062-00277 0.9997374415397644 7971.04 3532.07 8090.34 3531.85 8090.55 3648.88 7971.25 3649.09
26071-200-M6-062-00277 0.999736487865448 2419.89 4830.15 2539.09 4830.29 2538.95 4949.13 2419.76 4948.99
26071-200-M6-062-00277 0.9997335076332092 7969.53 2114.32 8090.00 2114.15 8090.17 2232.10 7969.69 2232.27
26071-200-M6-062-00277 0.999716579914093 4781.24 2940.27 4899.16 2940.28 4899.15 3057.75 4781.23 3057.74
26071-200-M6-062-00277 0.999699592590332 2065.61 2939.64 2185.14 2939.75 2185.03 3059.14 2065.49 3059.03
26071-200-M6-062-00277 0.9996994733810425 7973.12 2822.58 8090.82 2822.71 8090.69 2939.64 7973.00 2939.51
26071-200-M6-062-00277 0.9996967315673828 4074.15 5892.69 4193.01 5892.85 4192.84 6010.88 4073.99 6010.72
26071-200-M6-062-00277 0.9996852874755859 2066.62 4830.80 2182.88 4831.53 2182.14 4947.60 2065.89 4946.86
26071-200-M6-062-00277 0.9996652603149414 3601.33 5892.33 3719.97 5892.62 3719.68 6010.80 3601.04 6010.51
26071-200-M6-062-00277 0.9996441602706909 2420.21 2940.20 2539.61 2940.25 2539.55 3058.57 2420.16 3058.52
26071-200-M6-062-00277 0.9996364116668701 4781.64 1877.34 4902.48 1877.38 4902.44 1995.09 4781.59 1995.05
26071-200-M6-062-00277 0.9996281862258911 5492.58 5892.01 5610.47 5892.21 5610.27 6010.41 5492.38 6010.21
26071-200-M6-062-00277 0.9996235370635986 5019.54 5891.98 5138.12 5892.15 5137.95 6010.58 5019.38 6010.42
26071-200-M6-062-00277 0.99962317943573 4546.24 5892.15 4665.34 5892.41 4665.08 6011.26 4545.98 6011.00
26071-200-M6-062-00277 0.9996223449707031 6082.50 5892.18 6201.57 5892.37 6201.39 6010.53 6082.31 6010.34
26071-200-M6-062-00277 0.9996217489242554 3129.23 2940.71 3248.67 2940.83 3248.55 3058.80 3129.11 3058.68
26071-200-M6-062-00277 0.9995978474617004 1711.39 2939.72 1831.87 2939.76 1831.83 3059.19 1711.35 3059.15
26071-200-M6-062-00277 0.9995647072792053 2774.84 2940.56 2893.96 2940.73 2893.79 3059.33 2774.67 3059.16
26071-200-M6-062-00277 0.9995373487472534 1712.71 4831.81 1829.27 4832.82 1828.26 4948.51 1711.70 4947.50
26071-200-M6-063-00010 0.9998124241828918 7675.50 1878.73 7793.84 1880.00 7792.60 1996.58 7674.25 1995.31
26071-200-M6-063-00010 0.9997888207435608 7264.28 5656.94 7382.67 5657.31 7382.30 5775.83 7263.91 5775.47
26071-203-M6-060-00001 0.9998539686203003 2101.78 518.91 2219.76 519.50 2219.17 636.33 2101.19 635.73
26071-203-M6-060-00001 0.999777615070343 4605.87 1170.28 4724.00 1170.38 4723.90 1287.35 4605.77 1287.25
26071-203-M6-060-00001 0.6812288165092468 1734.94 6368.79 1854.21 6368.55 1854.43 6481.06 1735.15 6481.29
26071-203-M6-060-00006 0.9998821020126343 826.85 1876.91 945.91 1876.84 945.97 1995.05 826.92 1995.12
26071-203-M6-064-00271 0.9883809089660645 1888.16 3413.68 2007.74 3413.78 2007.64 3530.18 1888.06 3530.07
26071-203-M6-064-00271 0.9881238341331482 5739.94 3413.31 5857.89 3413.53 5857.67 3530.50 5739.72 3530.28
26071-203-M6-064-00271 0.9880457520484924 4086.21 3413.38 4204.89 3413.63 4204.64 3530.08 4085.97 3529.83
26071-203-M6-064-00271 0.9872324466705322 4747.40 3413.34 4867.28 3413.55 4867.07 3531.41 4747.19 3531.20
26071-203-M6-064-00271 0.9862989783287048 2550.75 3413.35 2670.60 3413.54 2670.42 3531.32 2550.57 3531.14
26071-203-M6-064-00271 0.986233115196228 3755.94 3413.70 3874.08 3413.96 3873.82 3530.95 3755.69 3530.70
26071-203-M6-064-00271 0.9853288531303406 6400.05 3413.88 6520.51 3413.82 6520.57 3530.41 6400.12 3530.47
26071-203-M6-064-00271 0.9839107990264893 5407.62 3414.70 5527.68 3414.73 5527.66 3527.35 5407.60 3527.32
26071-203-M6-064-00271 0.983820915222168 7061.73 3413.33 7182.90 3413.54 7182.70 3531.21 7061.53 3531.00
26071-203-M6-064-00271 0.9798954725265503 2219.04 3413.94 2339.18 3414.02 2339.11 3528.02 2218.97 3527.94
26071-203-M6-064-00271 0.9793862700462341 6731.61 3413.20 6851.12 3413.38 6850.95 3531.69 6731.44 3531.52
26071-203-M6-064-00271 0.9772995710372925 3139.37 3412.75 3261.17 3412.57 3261.35 3532.92 3139.55 3533.10
26071-203-M6-064-00271 0.9764324426651001 2855.62 3414.47 2977.11 3414.51 2977.07 3528.63 2855.58 3528.59
26071-203-M6-064-00271 0.976357638835907 4415.93 3413.33 4536.19 3413.55 4535.98 3531.93 4415.71 3531.71
26071-203-M6-064-00271 0.9761607646942139 7392.98 3413.90 7513.58 3413.89 7513.59 3531.29 7392.99 3531.30
26071-203-M6-064-00271 0.8995596766471863 4172.83 6241.65 4284.84 6241.05 4285.49 6362.48 4173.48 6363.08
26071-203-M6-064-00271 0.7291073799133301 3424.02 3416.97 3542.98 3417.50 3542.47 3530.08 3423.52 3529.54
26071-203-M6-064-00271 0.6932632327079773 2719.10 3718.86 2835.79 3719.59 2835.34 3790.36 2718.66 3789.63
26071-203-M6-064-00271 0.6008422374725342 5245.91 3718.52 5362.66 3719.32 5362.17 3790.57 5245.42 3789.77
26071-203-M6-064-00271 0.5869415998458862 4915.26 3718.45 5031.09 3719.21 5030.62 3790.52 4914.79 3789.75
26071-203-M6-064-00271 0.5803699493408203 5576.37 3718.71 5694.17 3719.46 5693.71 3791.29 5575.92 3790.55
26071-203-M6-064-00271 0.5792071223258972 2385.35 3720.42 2500.51 3721.85 2499.51 3802.64 2384.35 3801.21
26071-203-M6-064-00271 0.5391576290130615 3922.39 3719.40 4041.37 3720.10 4040.95 3791.07 3921.97 3790.37
26071-203-M6-064-00271 0.5375085473060608 5907.02 3718.35 6025.96 3719.03 6025.55 3791.56 5906.60 3790.88
26071-203-M6-064-00271 0.4921538233757019 3280.08 3717.43 3399.90 3718.49 3399.30 3785.88 3279.48 3784.82
26071-203-M6-064-00271 0.39147281646728516 6565.81 3725.92 6687.24 3726.37 6686.91 3814.16 6565.48 3813.70
26071-203-M6-064-00271 0.37456685304641724 7560.65 3719.24 7677.90 3719.97 7677.47 3789.53 7560.22 3788.80
26071-203-M6-064-00271 0.35659486055374146 6895.81 3716.05 7013.98 3716.77 7013.54 3790.07 6895.37 3789.36
26071-203-M6-064-00271 0.23239955306053162 4583.42 3710.73 4700.74 3712.35 4699.49 3803.13 4582.16 3801.50
26071-203-M6-064-00271 0.19368551671504974 7225.86 3720.37 7348.22 3721.25 7347.46 3825.96 7225.11 3825.08
26071-203-M6-064-00271 0.16569368541240692 2056.06 3720.24 2172.96 3720.87 2172.58 3791.65 2055.68 3791.03
26071-203-M6-064-00271 0.16242776811122894 3591.17 3720.82 3707.52 3721.87 3706.86 3794.53 3590.52 3793.48
26071-203-M6-064-00271 0.1407388150691986 2996.42 3719.27 3120.25 3720.55 3119.17 3825.33 2995.34 3824.05
26071-203-M6-064-00271 0.10772799700498581 4004.97 5962.73 4121.32 5962.46 4121.53 6055.41 4005.18 6055.67
26071-203-M6-064-00271 0.05111207067966461 5367.32 1469.99 5493.39 1470.21 5493.27 1538.54 5367.20 1538.32
26071-203-M6-079-00001 0.9997333884239197 2773.91 2293.06 2891.85 2291.76 2893.12 2407.49 2775.18 2408.78
26071-203-M6-079-00001 0.5492706298828125 2902.44 1706.17 3025.02 1705.70 3025.44 1815.73 2902.86 1816.21
26071-203-M6-160-00291 0.9996272325515747 542.69 3554.58 662.02 3554.70 661.90 3673.47 542.57 3673.35
26071-203-M6-160-00291 0.999426007270813 543.20 3741.87 661.97 3741.89 661.96 3861.24 543.18 3861.23
26071-203-M6-160-00291 0.9992671608924866 544.20 2231.00 661.34 2230.95 661.39 2350.72 544.25 2350.77
26071-203-M6-160-00291 0.09753460437059402 7828.77 3915.82 7949.42 3914.93 7950.32 4036.22 7829.68 4037.12
26071-203-M6-320-00008 0.9942744374275208 5999.81 5983.40 6119.28 5983.32 6119.37 6107.96 5999.90 6108.05
26071-203-M6-320-00008 0.5288037657737732 3627.02 6071.43 3747.85 6068.96 3749.97 6172.48 3629.14 6174.96
26071-203-M6-320-00044 0.9996469020843506 2251.27 3159.83 2366.78 3159.72 2366.89 3280.37 2251.38 3280.48
26071-203-M6-320-00044 0.9996360540390015 2730.79 3161.18 2847.75 3161.08 2847.85 3281.33 2730.90 3281.43
26071-203-M6-320-00044 0.9996358156204224 3450.98 3160.96 3568.05 3160.86 3568.15 3281.55 3451.07 3281.64
26071-203-M6-320-00044 0.9996219873428345 3931.04 3160.94 4047.81 3160.86 4047.90 3281.47 3931.12 3281.55
26071-203-M6-320-00044 0.9996156692504883 1290.34 3162.84 1409.37 3162.71 1409.51 3280.17 1290.47 3280.30
26071-203-M6-320-00044 0.9996007084846497 1771.32 3161.51 1886.89 3161.52 1886.88 3281.38 1771.31 3281.37
26071-203-M6-320-00044 0.9995871186256409 4170.46 3161.41 4288.89 3161.24 4289.07 3281.56 4170.63 3281.73
26071-203-M6-320-00044 0.9995819926261902 3690.70 3161.73 3808.68 3161.57 3808.85 3282.15 3690.86 3282.31
26071-203-M6-320-00044 0.9992948770523071 2971.42 2907.94 3089.59 2908.26 3089.28 3024.94 2971.11 3024.62
26071-203-M6-320-00044 0.999286949634552 2491.36 2907.78 2609.67 2908.10 2609.36 3024.72 2491.05 3024.41
26071-203-M6-320-00044 0.9990056157112122 1530.83 2906.76 1649.45 2907.21 1649.00 3026.14 1530.38 3025.69
26071-203-M6-320-00044 0.9989995360374451 2008.96 2908.41 2128.42 2909.08 2127.76 3026.37 2008.30 3025.70
26071-203-M6-320-00060 0.9997236132621765 3601.01 2634.53 3719.40 2634.43 3719.51 2753.88 3601.11 2753.98
26071-203-M6-320-00060 0.9996541738510132 5551.06 2637.11 5669.88 2637.17 5669.83 2755.13 5551.00 2755.07
26071-203-M6-320-00060 0.999649167060852 3330.62 2637.12 3449.83 2637.13 3449.82 2755.48 3330.61 2755.47
26071-203-M6-320-00060 0.9996451139450073 3060.11 2637.07 3180.09 2637.00 3180.16 2755.84 3060.18 2755.91
26071-203-M6-320-00060 0.9996088147163391 3870.60 2637.26 3989.27 2637.14 3989.38 2754.85 3870.71 2754.96
26071-203-M6-320-00060 0.9995811581611633 4140.21 2636.74 4259.76 2636.66 4259.83 2755.29 4140.29 2755.37
26071-203-M6-320-00060 0.9995772242546082 4410.30 2635.82 4530.92 2635.72 4531.02 2754.36 4410.40 2754.46
26071-203-M6-320-00060 0.999574601650238 5010.56 2636.60 5129.88 2636.60 5129.88 2755.84 5010.57 2755.85
26071-203-M6-320-00060 0.9995736479759216 4710.36 2636.76 4830.09 2636.75 4830.09 2755.97 4710.36 2755.97
26071-203-M6-320-00060 0.9994983673095703 5280.69 2637.10 5399.67 2637.17 5399.59 2755.79 5280.61 2755.72
26071-203-M6-320-00061 0.9999134540557861 300.11 3684.93 421.93 3685.00 421.86 3804.86 300.04 3804.78
26071-203-M6-320-00061 0.9998679161071777 6900.77 4435.03 7019.96 4435.21 7019.78 4554.29 6900.60 4554.11
26071-203-M6-320-00061 0.9998494386672974 4200.70 4434.82 4319.71 4435.00 4319.52 4554.58 4200.51 4554.40
26071-203-M6-320-00061 0.999846339225769 300.44 4015.07 421.06 4015.25 420.89 4135.11 300.27 4134.94
26071-203-M6-320-00061 0.999839186668396 5895.76 1527.37 6013.57 1528.15 6012.78 1646.07 5894.98 1645.28
26071-203-M6-320-00061 0.9998388290405273 2926.23 1526.66 3044.18 1527.47 3043.36 1646.16 2925.42 1645.34
26071-203-M6-320-00061 0.9998370409011841 6225.67 4795.34 6345.10 4795.43 6345.01 4912.86 6225.58 4912.77
26071-203-M6-320-00061 0.9998319149017334 5955.36 4795.49 6074.81 4795.54 6074.76 4912.95 5955.30 4912.90
26071-203-M6-320-00061 0.9998304843902588 2580.11 4435.01 2700.36 4435.08 2700.29 4553.36 2580.05 4553.29
26071-203-M6-320-00061 0.99982750415802 5280.07 4435.10 5400.20 4435.22 5400.08 4553.33 5279.95 4553.20
26071-203-M6-320-00061 0.9998266100883484 5550.50 4435.28 5670.20 4435.32 5670.17 4553.17 5550.47 4553.14
26071-203-M6-320-00061 0.9998167157173157 3465.68 1527.09 3583.68 1527.69 3583.08 1646.72 3465.07 1646.13
26071-203-M6-320-00061 0.9998140931129456 5820.98 4435.06 5940.11 4435.18 5940.00 4553.60 5820.87 4553.49
26071-203-M6-320-00061 0.9998131394386292 6165.73 1527.13 6283.39 1527.84 6282.67 1646.95 6165.01 1646.24
26071-203-M6-320-00061 0.9998062252998352 3525.52 4796.19 3645.39 4796.35 3645.23 4914.51 3525.36 4914.35
26071-203-M6-320-00061 0.9998043179512024 4545.56 1527.36 4663.58 1528.19 4662.75 1645.81 4544.73 1644.98
26071-203-M6-320-00061 0.9998020529747009 4875.01 4795.03 4994.48 4795.41 4994.11 4913.10 4874.64 4912.73
26071-203-M6-320-00061 0.9998002648353577 2850.55 4435.34 2970.32 4435.37 2970.29 4553.44 2850.51 4553.40
26071-203-M6-320-00061 0.9997979998588562 6359.79 4435.78 6479.80 4435.98 6479.61 4554.09 6359.59 4553.89
26071-203-M6-320-00061 0.9997943043708801 5626.17 1526.86 5743.79 1527.64 5743.01 1645.36 5625.38 1644.58
26071-203-M6-320-00061 0.9997932314872742 5684.17 4794.38 5803.55 4794.91 5803.02 4913.44 5683.64 4912.91
26071-203-M6-320-00061 0.9997912049293518 3255.70 4796.16 3375.18 4796.32 3375.03 4914.61 3255.54 4914.45
26071-203-M6-320-00061 0.9997881054878235 3120.57 4435.13 3240.27 4435.23 3240.16 4553.49 3120.46 4553.38
26071-203-M6-320-00061 0.9997875094413757 6435.47 1527.58 6554.16 1528.50 6553.25 1645.20 6434.56 1644.28
26071-203-M6-320-00061 0.9997828602790833 4411.08 1855.87 4528.75 1855.99 4528.63 1975.25 4410.96 1975.13
26071-203-M6-320-00061 0.999782145023346 3659.78 4435.86 3779.94 4436.05 3779.76 4553.87 3659.59 4553.68
26071-203-M6-320-00061 0.9997813105583191 5760.07 1857.77 5879.30 1858.57 5878.51 1975.36 5759.29 1974.56
26071-203-M6-320-00061 0.999779999256134 6495.24 4795.08 6614.35 4795.34 6614.09 4913.57 6494.98 4913.31
26071-203-M6-320-00061 0.9997765421867371 6301.20 1858.39 6419.28 1858.81 6418.87 1974.53 6300.79 1974.11
26071-203-M6-320-00061 0.9997760653495789 2174.89 4794.84 2294.61 4794.89 2294.56 4912.97 2174.84 4912.92
26071-203-M6-320-00061 0.999769389629364 5415.00 4794.54 5532.62 4795.05 5532.11 4913.20 5414.48 4912.69
26071-203-M6-320-00061 0.999769389629364 4814.77 1527.06 4934.32 1527.86 4933.53 1644.88 4813.98 1644.08
26071-203-M6-320-00061 0.999768078327179 3735.30 1527.46 3853.67 1528.44 3852.71 1644.64 3734.34 1643.66
26071-203-M6-320-00061 0.9997678399085999 2985.04 4794.72 3103.51 4795.25 3102.98 4913.34 2984.52 4912.82
26071-203-M6-320-00061 0.9997667670249939 5008.97 4435.54 5130.26 4435.67 5130.13 4553.15 5008.84 4553.02
26071-203-M6-320-00061 0.9997664093971252 1981.11 1857.23 2098.32 1857.56 2097.99 1975.48 1980.78 1975.15
26071-203-M6-320-00061 0.9997653365135193 3601.20 1857.97 3719.47 1858.39 3719.06 1974.72 3600.79 1974.30
26071-203-M6-320-00061 0.9997634291648865 2311.61 4435.66 2430.32 4435.80 2430.18 4553.68 2311.47 4553.54
26071-203-M6-320-00061 0.9997615218162537 4739.90 4435.65 4859.89 4435.87 4859.67 4554.23 4739.69 4554.01
26071-203-M6-320-00061 0.9997603297233582 6090.79 4435.50 6209.62 4435.64 6209.49 4554.20 6090.65 4554.06
26071-203-M6-320-00061 0.9997597336769104 2444.77 4795.06 2564.95 4795.31 2564.70 4913.88 2444.52 4913.63
26071-203-M6-320-00061 0.9997569918632507 5144.56 4795.04 5265.02 4795.32 5264.74 4913.69 5144.28 4913.41
26071-203-M6-320-00061 0.999756395816803 6764.87 4796.01 6885.01 4796.40 6884.62 4915.41 6764.49 4915.01
26071-203-M6-320-00061 0.9997510313987732 6629.14 4435.05 6750.65 4435.22 6750.48 4553.38 6628.97 4553.21
26071-203-M6-320-00061 0.9997498393058777 3931.15 4434.43 4049.96 4434.56 4049.83 4553.76 3931.02 4553.63
26071-203-M6-320-00061 0.9997425675392151 2656.09 1526.32 2773.78 1527.15 2772.95 1644.96 2655.26 1644.13
26071-203-M6-320-00061 0.9997401833534241 7305.19 4795.21 7425.20 4795.67 7424.76 4913.24 7304.74 4912.78
26071-203-M6-320-00061 0.9997376799583435 5085.53 1526.97 5203.87 1527.55 5203.29 1646.04 5084.94 1645.46
26071-203-M6-320-00061 0.9997348189353943 4605.58 4795.14 4725.26 4795.58 4724.82 4913.28 4605.15 4912.83
26071-203-M6-320-00061 0.9997329115867615 3060.52 1857.45 3179.02 1858.22 3178.25 1975.49 3059.76 1974.72
26071-203-M6-320-00061 0.9997277855873108 3195.93 1526.98 3313.92 1527.76 3313.15 1645.03 3195.16 1644.25
26071-203-M6-320-00061 0.9997244477272034 5357.36 1526.79 5476.12 1527.34 5475.56 1646.35 5356.81 1645.80
26071-203-M6-320-00061 0.9997187256813049 2115.97 1527.20 2235.52 1527.44 2235.27 1646.79 2115.73 1646.55
26071-203-M6-320-00061 0.9997166991233826 2714.97 4794.56 2832.93 4795.19 2832.30 4913.50 2714.34 4912.88
26071-203-M6-320-00061 0.9997137188911438 2250.88 1857.88 2368.33 1858.22 2368.00 1975.40 2250.54 1975.06
26071-203-M6-320-00061 0.9997121691703796 4065.50 4794.64 4183.63 4794.81 4183.46 4914.55 4065.33 4914.38
26071-203-M6-320-00061 0.9997106194496155 4469.83 4435.27 4589.14 4435.48 4588.93 4554.08 4469.63 4553.88
26071-203-M6-320-00061 0.9997089505195618 7035.14 4795.82 7153.71 4795.93 7153.59 4915.31 7035.02 4915.19
26071-203-M6-320-00061 0.9997075200080872 4275.79 1527.46 4394.66 1528.47 4393.66 1646.12 4274.79 1645.11
26071-203-M6-320-00061 0.9997056126594543 6030.19 1857.44 6147.98 1857.83 6147.59 1976.01 6029.80 1975.63
26071-203-M6-320-00061 0.9996994733810425 3330.20 1857.34 3447.89 1857.58 3447.66 1975.56 3329.97 1975.32
26071-203-M6-320-00061 0.9996985197067261 3794.66 4794.82 3912.44 4795.25 3912.00 4913.21 3794.23 4912.78
26071-203-M6-320-00061 0.9996973276138306 2521.07 1857.92 2638.07 1858.37 2637.62 1975.36 2520.62 1974.91
26071-203-M6-320-00061 0.999695897102356 7169.77 4435.79 7289.42 4436.03 7289.18 4553.78 7169.54 4553.54
26071-203-M6-320-00061 0.9996836185455322 2040.61 4434.26 2157.84 4434.87 2157.22 4553.56 2040.00 4552.95
26071-203-M6-320-00061 0.9996834993362427 4680.59 1857.63 4798.46 1857.99 4798.10 1975.32 4680.23 1974.96
26071-203-M6-320-00061 0.9996817111968994 5489.84 1858.16 5607.72 1857.94 5607.94 1975.24 5490.05 1975.46
26071-203-M6-320-00061 0.9996802806854248 4335.47 4795.01 4452.98 4795.13 4452.85 4914.60 4335.34 4914.48
26071-203-M6-320-00061 0.9996799230575562 3390.39 4435.77 3509.82 4435.89 3509.70 4554.55 3390.28 4554.43
26071-203-M6-320-00061 0.9996787309646606 4005.08 1527.61 4123.59 1528.46 4122.77 1643.67 4004.26 1642.83
26071-203-M6-320-00061 0.9996743202209473 4950.56 1857.73 5068.20 1858.10 5067.82 1975.37 4950.19 1974.99
26071-203-M6-320-00061 0.9996637105941772 2385.95 1526.65 2502.80 1527.20 2502.23 1645.94 2385.38 1645.39
26071-203-M6-320-00061 0.9996635913848877 5220.64 1857.88 5338.17 1858.37 5337.68 1975.54 5220.16 1975.05
26071-203-M6-320-00061 0.9996581077575684 6570.04 1857.92 6687.63 1857.74 6687.81 1975.48 6570.23 1975.66
26071-203-M6-320-00061 0.9996557235717773 3870.02 1858.14 3987.60 1857.96 3987.77 1975.30 3870.19 1975.48
26071-203-M6-320-00061 0.9996412992477417 4140.91 1856.00 4259.81 1856.08 4259.73 1975.38 4140.84 1975.30
26071-203-M6-320-00061 0.9995610117912292 2790.07 1858.12 2907.74 1857.96 2907.90 1975.44 2790.24 1975.61
26071-203-M6-325-00012 0.9996753931045532 5732.94 683.86 5848.30 684.64 5847.48 806.32 5732.12 805.53
26071-203-M6-325-00012 0.9996746778488159 6631.95 6533.66 6747.97 6533.72 6747.90 6655.86 6631.88 6655.79
26071-203-M6-325-00012 0.9996428489685059 3933.30 6533.62 4045.05 6534.26 4044.36 6655.87 3932.61 6655.23
26071-203-M6-325-00012 0.9996292591094971 6931.69 6533.46 7048.17 6533.50 7048.13 6655.08 6931.65 6655.04
26071-203-M6-325-00012 0.9995995163917542 4233.27 6533.46 4345.23 6534.03 4344.61 6656.67 4232.66 6656.11
26071-203-M6-325-00012 0.999572217464447 6033.66 685.60 6154.98 686.60 6154.00 805.63 6032.68 804.63
26071-203-M6-325-00012 0.9995629191398621 4832.98 6533.79 4945.76 6534.43 4945.06 6657.99 4832.28 6657.35
26071-203-M6-325-00012 0.9995477795600891 4533.31 6533.12 4645.14 6533.75 4644.44 6657.20 4532.62 6656.57
26071-203-M6-325-00012 0.9995051622390747 6032.64 6533.29 6145.69 6533.94 6144.98 6657.37 6031.92 6656.72
26071-203-M6-325-00013 0.9998794794082642 7649.94 1855.55 7769.87 1855.67 7769.75 1976.14 7649.83 1976.02
26071-203-M6-325-00013 0.9998732805252075 7649.28 2455.17 7768.89 2455.32 7768.74 2574.93 7649.13 2574.78
26071-203-M6-325-00013 0.9997994303703308 5609.95 4914.01 5728.29 4914.24 5728.06 5035.20 5609.72 5034.97
26071-203-M6-332-00001 0.06266337633132935 7294.95 4278.33 7407.94 4280.15 7405.99 4401.49 7293.00 4399.68
26071-203-M6-337-00031 0.8910423517227173 2457.84 2744.42 2575.29 2741.34 2578.70 2871.64 2461.25 2874.71
26071-300-M6-053-00008 0.9999110698699951 6259.77 778.02 6378.98 778.19 6378.81 898.00 6259.59 897.83
26071-300-M6-053-00008 0.9998606443405151 6848.56 5776.24 6969.14 5776.71 6968.68 5894.72 6848.11 5894.26
26071-300-M6-053-00008 0.999829888343811 7382.95 6081.94 7500.87 6082.15 7500.66 6200.99 7382.74 6200.78
26071-300-M6-053-00008 0.9998067021369934 2657.61 1901.16 2775.54 1901.41 2775.28 2020.40 2657.35 2020.14
26071-300-M6-053-00008 0.9996931552886963 7641.06 5844.88 7761.04 5844.96 7760.96 5965.24 7640.97 5965.15
26071-300-M6-053-00008 0.9996894598007202 7120.07 5845.77 7241.34 5846.00 7241.11 5964.51 7119.85 5964.28
26071-300-M6-053-00010 0.9998805522918701 6376.16 6012.20 6497.07 6012.64 6496.64 6129.48 6375.73 6129.04
26071-300-M6-053-00010 0.9998717308044434 7618.69 2587.56 7734.89 2588.72 7733.73 2705.21 7617.53 2704.05
26071-300-M6-053-00010 0.9998418092727661 7618.34 3294.63 7736.86 3294.73 7736.76 3413.77 7618.24 3413.68
26071-300-M6-053-00010 0.9997726082801819 8031.04 1523.01 8150.94 1523.22 8150.73 1642.23 8030.83 1642.01
26071-300-M6-053-00010 0.7390230894088745 2182.53 5186.63 2302.09 5185.24 2303.42 5299.05 2183.86 5300.45
26071-300-M6-053-00010 0.06506230682134628 2006.11 5186.91 2126.08 5186.84 2126.14 5298.18 2006.17 5298.25
26071-300-M6-053-00012 0.9998971223831177 8030.09 874.08 8150.98 874.12 8150.94 991.37 8030.05 991.33
26071-300-M6-053-00012 0.9998964071273804 2917.38 1509.70 3036.53 1509.88 3036.34 1630.10 2917.20 1629.92
26071-300-M6-053-00012 0.9998825788497925 6484.27 907.14 6603.54 907.33 6603.35 1028.31 6484.08 1028.12
26071-300-M6-053-00012 0.9997922778129578 5691.44 3532.94 5810.82 3533.39 5810.39 3648.28 5691.00 3647.83
26071-300-M6-053-00012 0.9997767806053162 1972.24 5538.81 2091.37 5538.76 2091.42 5657.52 1972.29 5657.58
26071-300-M6-053-00012 0.9996980428695679 8029.95 2704.13 8149.92 2704.27 8149.78 2822.56 8029.81 2822.41
26071-300-M6-053-00012 0.9996719360351562 8031.74 1991.94 8150.82 1992.21 8150.55 2115.92 8031.46 2115.66
26071-300-M6-053-00012 0.9995642304420471 6093.59 1760.81 6212.83 1761.89 6211.78 1877.76 6092.54 1876.68
26071-300-M6-053-00012 0.9957438111305237 4275.72 4770.80 4393.05 4771.44 4392.42 4886.76 4275.08 4886.11
26071-300-M6-053-00012 0.8905156254768372 6270.68 6509.65 6389.51 6507.79 6391.29 6621.52 6272.46 6623.38
26071-300-M6-053-00012 0.8477277755737305 4902.50 4892.37 5018.40 4892.85 5017.94 5004.60 4902.04 5004.11
26071-300-M6-053-00012 0.48216432332992554 3925.60 4778.23 4037.36 4780.59 4034.99 4892.43 3923.24 4890.07
26071-450-M6-082-00009 0.9998992681503296 4759.61 1227.23 4877.58 1227.33 4877.49 1347.37 4759.51 1347.28
26071-450-M6-082-00009 0.9998990297317505 7796.13 1758.00 7914.90 1758.32 7914.59 1878.29 7795.81 1877.97
26071-450-M6-082-00009 0.9998869895935059 4488.06 3648.20 4606.44 3648.29 4606.35 3768.03 4487.97 3767.94
26071-450-M6-082-00009 0.9998846054077148 778.28 5243.03 898.67 5243.18 898.52 5362.04 778.14 5361.90
26071-450-M6-082-00009 0.6687418818473816 5907.30 5764.89 6019.35 5764.93 6019.31 5893.46 5907.25 5893.42
26071-450-M6-082-00031 0.9998935461044312 1653.38 1688.36 1773.18 1688.25 1773.29 1806.77 1653.49 1806.88
26071-450-M6-082-00031 0.9998883008956909 3660.32 1756.85 3779.95 1757.94 3778.86 1878.55 3659.23 1877.46
26071-450-M6-082-00031 0.999832034111023 4015.37 6260.71 4133.62 6260.74 4133.60 6376.91 4015.34 6376.88
26071-450-M6-082-00031 0.9997993111610413 6590.55 3647.52 6710.39 3647.63 6710.28 3768.07 6590.44 3767.96
26071-450-M6-082-00031 0.9997586607933044 6591.20 2891.07 6710.82 2891.25 6710.64 3012.15 6591.02 3011.98
26071-450-M6-082-00031 0.9985619187355042 4380.56 2691.64 4500.52 2691.37 4500.79 2810.20 4380.83 2810.47
26071-450-M6-082-00031 0.3902398943901062 4604.98 2700.07 4725.02 2698.46 4726.44 2804.32 4606.40 2805.93
26071-450-M6-082-00221 0.999893307685852 5255.06 1462.90 5373.45 1462.80 5373.55 1581.78 5255.16 1581.88
26071-450-M6-082-00221 0.9998506307601929 1948.60 1462.56 2066.51 1462.49 2066.59 1581.64 1948.68 1581.71
26071-450-M6-082-00221 0.9998449087142944 5845.52 1463.81 5965.90 1463.98 5965.73 1581.91 5845.35 1581.74
26071-450-M6-082-00221 0.9998445510864258 2537.90 1462.70 2658.05 1462.56 2658.19 1581.19 2538.03 1581.33
26071-450-M6-082-00221 0.9998176693916321 3129.48 1451.43 3248.61 1451.44 3248.60 1569.28 3129.46 1569.27
26071-450-M6-082-00221 0.9998053908348083 2775.66 4062.91 2893.82 4063.04 2893.69 4181.60 2775.53 4181.47
26071-450-M6-082-00221 0.9997995495796204 7027.93 400.97 7145.24 401.15 7145.06 520.37 7027.74 520.19
26071-450-M6-082-00221 0.9997901320457458 3720.02 5833.83 3839.78 5833.82 3839.79 5951.28 3720.03 5951.29
26071-450-M6-082-00221 0.9997583031654358 5255.76 4062.01 5375.07 4061.78 5375.30 4182.00 5255.99 4182.23
26071-450-M6-082-00221 0.9997561573982239 6554.02 1699.48 6672.36 1700.48 6671.36 1818.78 6553.03 1817.78
26071-450-M6-082-00221 0.9997534155845642 2420.28 5833.74 2540.01 5833.67 2540.08 5951.79 2420.36 5951.86
26071-450-M6-082-00221 0.9997277855873108 4546.19 2998.45 4665.32 2998.76 4665.01 3116.28 4545.88 3115.97
26071-450-M6-082-00221 0.9996936321258545 5845.71 4061.91 5964.67 4062.57 5964.01 4181.65 5845.05 4180.99
26071-450-M6-082-00221 0.9996875524520874 4546.42 5585.96 4666.72 5586.21 4666.47 5703.53 4546.17 5703.27
26071-450-M6-082-00221 0.9996324777603149 2065.54 5833.88 2185.06 5834.00 2184.93 5953.40 2065.41 5953.28
26071-450-M6-082-00221 0.9995937943458557 5845.17 2763.65 5964.92 2764.72 5963.88 2881.92 5844.13 2880.86
26071-450-M6-082-00221 0.9995579123497009 4546.07 4298.24 4665.08 4298.42 4664.90 4417.80 4545.90 4417.62
26071-500-M6-059-00011 0.9999247789382935 7605.04 2822.10 7723.78 2821.27 7724.61 2939.33 7605.87 2940.17
26071-500-M6-059-00011 0.999915599822998 7604.85 1938.43 7723.16 1938.97 7722.63 2054.93 7604.32 2054.39
26071-500-M6-059-00011 0.9999076128005981 7605.61 1642.65 7724.07 1643.76 7722.98 1759.93 7604.51 1758.82
26071-500-M6-059-00011 0.9998949766159058 7605.47 2528.27 7725.19 2528.34 7725.13 2644.36 7605.40 2644.29
26071-500-M6-059-00011 0.9998624324798584 7604.97 2234.32 7723.80 2234.32 7723.81 2349.66 7604.98 2349.66
26071-500-M6-059-00011 0.19678236544132233 4788.82 6505.48 4891.05 6503.66 4893.33 6631.82 4791.10 6633.64
26071-500-M6-059-00011 0.17425119876861572 5161.62 6527.85 5280.03 6528.67 5279.29 6635.57 5160.88 6634.75
26071-500-M6-059-00013 0.9999122619628906 6967.60 2943.20 7088.13 2943.64 7087.72 3057.56 6967.19 3057.13
26071-500-M6-059-00013 0.9998984336853027 5372.42 2646.07 5490.78 2647.20 5489.67 2763.86 5371.31 2762.73
26071-500-M6-059-00013 0.9998243451118469 6966.53 3295.23 7086.18 3295.25 7086.16 3414.62 6966.50 3414.60
26071-500-M6-059-00017 0.9999676942825317 4499.22 2526.49 4620.05 2526.82 4619.74 2644.63 4498.90 2644.30
26071-500-M6-059-00017 0.9999395608901978 6507.66 2527.10 6626.97 2527.48 6626.59 2646.17 6507.28 2645.79
26071-500-M6-059-00017 0.9999136924743652 2715.38 4711.63 2835.60 4711.74 2835.49 4830.51 2715.27 4830.39
26071-500-M6-059-00017 0.9999037981033325 4724.86 4713.07 4842.24 4714.52 4840.80 4830.76 4723.43 4829.31
26071-500-M6-059-00017 0.999903678894043 6507.13 3921.19 6626.91 3921.52 6626.59 4039.20 6506.80 4038.87
26071-500-M6-059-00017 0.9999006986618042 6732.41 4714.29 6849.23 4714.84 6848.68 4830.38 6731.86 4829.82
26071-500-M6-059-00017 0.9998929500579834 6729.85 2848.20 6849.54 2848.88 6848.89 2964.40 6729.20 2963.73
26071-500-M6-059-00017 0.9998847246170044 4664.81 3921.21 4783.61 3921.65 4783.18 4039.30 4664.37 4038.86
26071-500-M6-059-00017 0.999817430973053 7603.33 4393.79 7725.21 4394.01 7725.00 4511.55 7603.12 4511.33
26071-500-M6-059-00040 0.9999560117721558 7912.04 2230.98 8033.29 2231.25 8033.03 2350.10 7911.78 2349.83
26071-500-M6-059-00040 0.9999364614486694 944.98 1758.47 1064.72 1758.58 1064.62 1876.28 944.87 1876.17
26071-500-M6-059-00040 0.9999264478683472 4723.80 1995.50 4843.45 1995.63 4843.31 2112.96 4723.66 2112.82
26071-500-M6-059-00040 0.11630292236804962 6792.64 6485.22 6908.76 6485.64 6908.35 6599.70 6792.23 6599.28
26071-500-M6-059-00044 0.9999409914016724 3743.10 1263.05 3863.36 1263.03 3863.38 1380.45 3743.12 1380.47
26071-500-M6-059-00044 0.9999097585678101 7736.09 754.89 7855.37 754.91 7855.35 873.90 7736.07 873.87
26071-500-M6-059-00044 0.9999089241027832 6212.76 1261.44 6331.47 1261.61 6331.29 1382.40 6212.59 1382.23
26071-500-M6-059-00044 0.9998457431793213 1676.30 1497.86 1793.71 1498.36 1793.20 1617.88 1675.79 1617.37
26071-500-M6-059-00044 0.6180823445320129 7806.59 6608.20 7925.47 6608.01 7925.64 6717.66 7806.76 6717.84
26071-500-M6-059-00044 0.05093495920300484 2807.25 1980.87 2910.29 1981.17 2909.98 2089.08 2806.93 2088.78
26071-500-M6-059-00071 0.9999221563339233 4369.18 2822.18 4488.02 2821.66 4488.53 2939.52 4369.69 2940.03
26071-500-M6-059-00116 0.9997183680534363 7853.83 2352.99 7969.65 2354.17 7968.49 2467.68 7852.67 2466.50
26071-500-M6-059-00248 0.9999545812606812 7439.92 6011.62 7559.67 6012.04 7559.27 6128.96 7439.52 6128.55
26071-500-M6-059-00248 0.99994957447052 7440.43 5302.16 7559.60 5302.37 7559.39 5420.92 7440.22 5420.71
26071-500-M6-059-00248 0.9999431371688843 7440.01 5656.20 7561.46 5656.43 7561.24 5775.07 7439.79 5774.85
26071-500-M6-059-00248 0.99993896484375 1062.13 6009.32 1183.11 6009.62 1182.81 6129.81 1061.82 6129.50
26071-500-M6-059-00248 0.9999070167541504 2125.09 3059.29 2243.61 3058.59 2244.31 3176.39 2125.79 3177.09
26071-500-M6-059-00248 0.9999055862426758 1062.50 2703.60 1182.34 2703.66 1182.28 2821.15 1062.44 2821.09
26071-500-M6-059-00248 0.9998996257781982 1062.94 3058.41 1182.38 3058.53 1182.26 3175.90 1062.82 3175.78
26071-550-M6-084-00026 0.35706114768981934 7499.91 6185.52 7616.47 6184.47 7617.30 6276.45 7500.74 6277.51
26071-550-M6-084-00248 0.9999005794525146 8029.92 3648.83 8150.66 3648.87 8150.62 3767.37 8029.88 3767.33
26071-550-M6-084-00248 0.9998812675476074 8030.28 4358.04 8150.75 4358.18 8150.61 4476.58 8030.14 4476.44
26071-550-M6-084-00248 0.9998661279678345 8031.69 4002.79 8151.05 4002.96 8150.88 4121.09 8031.53 4120.92
26071-550-M6-084-00248 0.9998575448989868 1062.36 2231.17 1181.81 2231.12 1181.86 2350.14 1062.41 2350.19
26071-550-M6-084-00248 0.9998499155044556 2126.47 2587.19 2242.65 2588.55 2241.29 2705.47 2125.11 2704.12
26071-550-M6-084-00248 0.9994958639144897 1063.26 5065.38 1182.97 5065.59 1182.77 5184.52 1063.06 5184.31
26071-600-M6-065-00021 0.9998434782028198 6176.50 1404.14 6295.90 1404.24 6295.80 1524.30 6176.40 1524.20
26071-600-M6-065-00021 0.9998314380645752 6613.52 5007.49 6733.72 5007.49 6733.72 5125.44 6613.53 5125.44
26071-600-M6-065-00021 0.9998233914375305 2478.45 2996.72 2598.96 2996.86 2598.82 3116.54 2478.30 3116.40
26071-600-M6-065-00021 0.9997956156730652 5810.23 3022.09 5928.48 3022.12 5928.45 3141.18 5810.20 3141.14
26071-600-M6-065-00021 0.9995404481887817 4074.25 6246.70 4193.30 6246.73 4193.26 6365.19 4074.21 6365.15
26071-600-M6-065-00021 0.5792155861854553 7794.96 6591.42 7911.77 6588.00 7914.61 6684.91 7797.80 6688.33
26071-600-M6-065-00037 0.9998528957366943 353.86 2963.58 473.99 2963.82 473.75 3082.73 353.62 3082.49
26071-600-M6-065-00037 0.9998412132263184 8032.39 2644.44 8150.67 2644.65 8150.45 2764.15 8032.17 2763.93
26071-600-M6-065-00037 0.7698826789855957 4488.15 5552.57 4604.40 5549.17 4607.51 5655.49 4491.26 5658.89
26071-600-M6-065-00231 0.9998791217803955 7747.46 1524.67 7866.51 1525.32 7865.87 1640.98 7746.82 1640.32
26071-600-M6-065-00231 0.8972616791725159 1829.32 4995.21 1949.46 4994.98 1949.70 5120.37 1829.56 5120.59
26071-600-M6-065-00259 0.9998929500579834 6613.56 3413.85 6733.01 3413.95 6732.91 3531.93 6613.46 3531.84
26071-600-M6-065-00259 0.9998756647109985 7086.31 3766.73 7206.17 3766.97 7205.94 3886.34 7086.08 3886.11
26071-600-M6-065-00259 0.9998680353164673 1500.54 5598.50 1618.88 5598.60 1618.78 5716.67 1500.43 5716.56
26071-600-M6-065-00259 0.9998528957366943 1251.08 5243.31 1371.18 5243.34 1371.15 5361.48 1251.06 5361.45
26071-600-M6-065-00259 0.9998422861099243 2184.72 5597.99 2303.72 5598.03 2303.69 5716.76 2184.68 5716.73
26071-600-M6-065-00259 0.9998409748077393 4015.48 5598.16 4134.75 5598.19 4134.72 5716.22 4015.45 5716.20
26071-600-M6-065-00259 0.9998363256454468 2775.68 5243.44 2895.10 5243.40 2895.14 5361.92 2775.71 5361.96
26071-600-M6-065-00259 0.9998325109481812 7971.59 6308.60 8091.30 6308.72 8091.18 6425.93 7971.47 6425.80
26071-600-M6-065-00259 0.9998314380645752 7618.24 6307.80 7736.54 6307.66 7736.68 6425.36 7618.39 6425.50
26071-600-M6-065-00259 0.9998303651809692 3129.97 5243.10 3247.95 5243.02 3248.03 5362.18 3130.05 5362.26
26071-600-M6-065-00259 0.99982750415802 5314.64 5481.00 5434.25 5481.62 5433.65 5597.80 5314.04 5597.18
26071-600-M6-065-00259 0.9998267292976379 3483.57 5243.93 3602.01 5243.91 3602.03 5361.92 3483.60 5361.94
26071-600-M6-065-00259 0.9998267292976379 6554.11 5480.23 6674.70 5480.25 6674.68 5598.57 6554.09 5598.55
26071-600-M6-065-00259 0.9998238682746887 6377.13 5834.15 6496.16 5834.49 6495.82 5952.45 6376.79 5952.11
26071-600-M6-065-00259 0.9998173117637634 6199.40 5480.95 6320.04 5480.97 6320.02 5598.39 6199.39 5598.37
26071-600-M6-065-00259 0.9998157620429993 5845.99 5480.19 5965.71 5480.21 5965.69 5598.14 5845.97 5598.12
26071-600-M6-065-00259 0.9998155236244202 3838.26 5243.46 3957.98 5243.51 3957.93 5362.12 3838.21 5362.07
26071-600-M6-065-00259 0.9998140931129456 2952.11 5597.10 3070.11 5597.86 3069.35 5716.30 2951.35 5715.55
26071-600-M6-065-00259 0.9998094439506531 3305.56 5597.35 3424.12 5598.05 3423.43 5716.57 3304.87 5715.88
26071-600-M6-065-00259 0.9998069405555725 4191.28 5243.35 4311.54 5243.41 4311.48 5361.57 4191.22 5361.51
26071-600-M6-065-00259 0.9998028874397278 1121.03 5597.22 1239.47 5597.77 1238.92 5716.38 1120.48 5715.83
26071-600-M6-065-00259 0.9998000264167786 2384.90 5244.04 2504.88 5244.08 2504.84 5361.96 2384.87 5361.92
26071-600-M6-065-00259 0.9997993111610413 6613.12 3707.84 6732.32 3707.90 6732.26 3827.00 6613.06 3826.94
26071-600-M6-065-00259 0.9997943043708801 3659.85 5597.17 3778.66 5597.78 3778.05 5716.39 3659.24 5715.78
26071-600-M6-065-00259 0.99979168176651 6731.78 5833.91 6851.10 5834.08 6850.93 5952.14 6731.61 5951.97
26071-600-M6-065-00259 0.9997909665107727 1699.75 5244.07 1819.50 5244.20 1819.37 5362.12 1699.62 5361.99
26071-600-M6-065-00259 0.9997825026512146 5136.95 5833.27 5255.47 5833.83 5254.91 5952.21 5136.39 5951.65
26071-600-M6-065-00259 0.9997816681861877 2030.49 5244.16 2150.73 5244.19 2150.70 5362.02 2030.46 5361.99
26071-600-M6-065-00259 0.9997804760932922 6909.15 5480.86 7028.89 5481.62 7028.16 5597.83 6908.42 5597.08
26071-600-M6-065-00259 0.9997774958610535 6022.87 5834.09 6142.23 5833.35 6142.97 5952.00 6023.60 5952.75
26071-600-M6-065-00259 0.999765932559967 2597.67 5597.72 2717.27 5597.71 2717.28 5715.70 2597.68 5715.71
26071-600-M6-065-00259 0.9997639060020447 7263.11 5481.22 7383.14 5481.52 7382.85 5598.33 7262.82 5598.03
26071-600-M6-065-00259 0.9997506737709045 1864.96 5597.25 1983.78 5598.06 1982.96 5716.43 1864.15 5715.61
26071-600-M6-065-00259 0.9997459053993225 4074.47 1228.81 4193.61 1228.99 4193.43 1346.84 4074.29 1346.66
26071-600-M6-065-00259 0.9997187256813049 7085.14 5833.77 7205.12 5832.98 7205.92 5952.66 7085.94 5953.46
26071-600-M6-065-00259 0.9997180104255676 5432.42 1228.74 5553.23 1228.79 5553.19 1345.56 5432.38 1345.52
26071-600-M6-065-00259 0.9997041821479797 4489.24 1227.83 4608.72 1228.42 4608.15 1346.68 4488.66 1346.09
26071-600-M6-065-00259 0.9996932744979858 5668.40 5833.25 5786.12 5833.82 5785.54 5952.19 5667.82 5951.61
26071-600-M6-065-00259 0.999664306640625 6436.60 1227.43 6555.10 1227.67 6554.86 1346.41 6436.36 1346.17
26071-600-M6-065-00259 0.9996465444564819 3898.33 872.40 4017.09 872.49 4017.00 990.85 3898.24 990.76
26071-600-M6-065-00259 0.9996426105499268 1003.88 872.83 1120.72 872.75 1120.80 992.34 1003.96 992.42
26071-600-M6-065-00259 0.9996355772018433 650.00 873.29 768.89 873.54 768.64 991.45 649.75 991.20
26071-600-M6-065-00259 0.9996339082717896 6674.32 872.51 6792.08 873.27 6791.31 992.35 6673.55 991.59
26071-600-M6-065-00259 0.9995667338371277 4841.78 1228.93 4961.86 1229.61 4961.20 1346.85 4841.11 1346.17
26071-600-M6-065-00259 0.999563992023468 4665.04 872.87 4783.55 873.11 4783.31 992.12 4664.80 991.88
26071-600-M6-065-00259 0.9995311498641968 4311.22 874.38 4430.59 874.59 4430.38 991.06 4311.01 990.84
26071-600-M6-065-00259 0.9995290040969849 5020.12 873.85 5139.36 874.03 5139.18 991.03 5019.94 990.84
26071-600-M6-066-00002 0.9998575448989868 7676.12 1993.57 7793.84 1994.56 7792.84 2114.78 7675.12 2113.79
26071-600-M6-066-00012 0.9998466968536377 5137.59 6436.84 5256.61 6436.88 5256.57 6554.25 5137.56 6554.21
26071-600-M6-066-00012 0.9993670582771301 7144.87 1228.86 7263.27 1228.70 7263.43 1346.72 7145.03 1346.89
26071-600-M6-066-00012 0.9993597865104675 5372.78 4298.63 5492.89 4298.61 5492.91 4419.57 5372.80 4419.59
26071-600-M6-066-00012 0.9989751577377319 5609.09 4298.07 5728.31 4298.25 5728.13 4418.52 5608.92 4418.35
26071-600-M6-066-00012 0.998828113079071 7381.13 1229.30 7500.73 1229.38 7500.65 1346.10 7381.05 1346.01
26071-600-M6-066-00012 0.45803865790367126 1949.50 2379.01 2065.91 2380.00 2064.96 2491.57 1948.55 2490.58
26071-600-M6-066-00012 0.1325014978647232 7378.54 1806.56 7498.98 1805.35 7500.28 1934.75 7379.84 1935.96
26071-675-M6-068-00034 0.9999148845672607 1761.68 806.51 1881.48 806.41 1881.58 924.34 1761.77 924.43
26071-675-M6-068-00034 0.999908447265625 7619.80 3145.85 7739.01 3145.99 7738.87 3264.48 7619.66 3264.34
26071-675-M6-068-00034 0.9998843669891357 735.84 3985.31 854.79 3985.40 854.70 4104.24 735.75 4104.15
26071-675-M6-068-00034 0.9998637437820435 5886.94 3836.08 6006.39 3836.22 6006.25 3953.89 5886.80 3953.75
26071-675-M6-068-00034 0.9998608827590942 5856.23 3356.45 5976.95 3356.63 5976.78 3475.01 5856.06 3474.84
26071-675-M6-068-00034 0.9998519420623779 5887.94 4526.52 6006.89 4526.87 6006.54 4645.13 5887.59 4644.77
26071-675-M6-068-00034 0.9996780157089233 5886.86 4224.35 6006.55 4224.43 6006.48 4343.88 5886.78 4343.80
26071-675-M6-068-00034 0.9996359348297119 4663.72 5637.75 4781.44 5638.72 4780.47 5756.60 4662.75 5755.63
26071-675-M6-068-00041 0.9996028542518616 6660.73 2642.38 6779.77 2642.62 6779.53 2762.16 6660.49 2761.92
26071-675-M6-068-00041 0.999586284160614 3000.68 2634.93 3119.22 2635.33 3118.82 2755.95 3000.27 2755.55
26071-675-M6-068-00041 0.9995841383934021 5011.13 2643.32 5129.86 2643.58 5129.59 2763.32 5010.87 2763.05
26071-675-M6-068-00041 0.9995655417442322 5340.69 2643.42 5460.12 2643.61 5459.93 2763.46 5340.50 2763.28
26071-675-M6-068-00041 0.9995388984680176 4321.67 2634.70 4439.82 2634.86 4439.66 2754.07 4321.51 2753.92
26071-675-M6-068-00041 0.9995357990264893 6989.45 2641.97 7109.33 2642.27 7109.03 2762.62 6989.15 2762.32
26071-675-M6-068-00041 0.9995349645614624 1681.45 2634.43 1799.55 2634.52 1799.46 2754.17 1681.36 2754.08
26071-675-M6-068-00041 0.9995236396789551 5670.66 2643.77 5789.71 2643.98 5789.50 2763.81 5670.46 2763.61
26071-675-M6-068-00041 0.9995095729827881 7649.54 2643.29 7768.36 2643.40 7768.24 2763.67 7649.42 2763.55
26071-675-M6-068-00041 0.9994820952415466 4651.06 2636.52 4769.88 2636.54 4769.85 2755.62 4651.04 2755.60
26071-675-M6-068-00041 0.9994710087776184 7320.06 2642.87 7438.19 2643.07 7437.98 2762.36 7319.85 2762.15
26071-675-M6-068-00041 0.9994300007820129 5999.50 2643.56 6118.24 2643.68 6118.12 2763.76 5999.38 2763.64
26071-675-M6-068-00041 0.9993785619735718 3989.60 2635.27 4108.12 2635.44 4107.96 2754.55 3989.44 2754.39
26071-675-M6-068-00041 0.9993558526039124 2009.23 2636.34 2128.76 2637.36 2127.77 2754.00 2008.24 2752.98
26071-675-M6-068-00041 0.9993458390235901 3660.24 4158.57 3778.82 4158.46 3778.93 4278.28 3660.35 4278.39
26071-675-M6-068-00041 0.9993410706520081 2339.51 2636.32 2458.87 2637.55 2457.66 2754.15 2338.30 2752.91
26071-675-M6-068-00041 0.9993301630020142 3661.07 2634.91 3779.01 2635.06 3778.86 2753.76 3660.92 2753.61
26071-675-M6-068-00041 0.9993274211883545 6329.40 2643.49 6448.28 2643.58 6448.18 2763.84 6329.30 2763.74
26071-675-M6-068-00041 0.9993267059326172 3329.53 2636.70 3448.88 2637.84 3447.77 2754.61 3328.42 2753.47
26071-675-M6-068-00041 0.9992939233779907 1351.18 2634.46 1470.30 2634.56 1470.20 2754.27 1351.09 2754.18
26071-675-M6-068-00041 0.9992326498031616 2669.66 2636.97 2788.77 2637.98 2787.79 2754.04 2668.68 2753.04
26071-675-M6-068-00041 0.9990665316581726 4650.85 4165.75 4770.06 4166.00 4769.81 4283.31 4650.61 4283.06
26071-675-M6-068-00041 0.9989455342292786 4320.66 4167.42 4441.79 4167.38 4441.83 4283.84 4320.70 4283.88
26071-675-M6-068-00041 0.9989200830459595 1350.87 4166.35 1470.01 4166.61 1469.75 4284.17 1350.61 4283.91
26071-675-M6-068-00041 0.9989049434661865 7320.25 4166.71 7439.74 4167.05 7439.40 4284.61 7319.92 4284.27
26071-675-M6-068-00041 0.9988273978233337 2669.84 4166.89 2788.59 4167.00 2788.49 4285.38 2669.74 4285.27
26071-675-M6-068-00041 0.9987727999687195 5998.68 4169.70 6118.17 4170.25 6117.63 4286.65 5998.15 4286.10
26071-675-M6-068-00041 0.9987714886665344 2339.00 4168.26 2458.74 4168.98 2458.04 4286.27 2338.29 4285.56
26071-675-M6-068-00041 0.9987448453903198 3329.14 4168.73 3449.28 4167.56 3450.42 4285.24 3330.28 4286.41
26071-675-M6-068-00041 0.9987383484840393 3989.93 4166.90 4109.70 4167.26 4109.35 4285.05 3989.58 4284.69
26071-675-M6-068-00041 0.9987323880195618 5338.97 4168.31 5458.63 4168.94 5458.01 4286.34 5338.35 4285.72
26071-675-M6-068-00041 0.9987139701843262 6990.27 4170.34 7110.38 4170.91 7109.83 4286.84 6989.72 4286.27
26071-675-M6-068-00041 0.9986830353736877 5009.84 4167.04 5130.10 4167.39 5129.76 4284.86 5009.50 4284.52
26071-675-M6-068-00041 0.9986547231674194 3000.42 4167.35 3118.73 4167.45 3118.63 4287.31 3000.32 4287.21
26071-675-M6-068-00041 0.9986543655395508 6330.26 4168.62 6449.04 4168.56 6449.10 4286.76 6330.32 4286.82
26071-675-M6-068-00041 0.9985467791557312 7650.05 4166.87 7769.26 4167.24 7768.90 4284.98 7649.68 4284.61
26071-675-M6-068-00041 0.9985463619232178 5670.21 4166.30 5790.77 4166.71 5790.36 4286.80 5669.80 4286.39
26071-675-M6-068-00041 0.9985255599021912 2011.08 4168.61 2131.38 4169.22 2130.78 4288.07 2010.47 4287.46
26071-675-M6-068-00041 0.998505711555481 1681.65 4167.45 1800.94 4168.01 1800.39 4287.55 1681.09 4287.00
26071-675-M6-068-00041 0.9984639883041382 6660.44 4169.02 6779.60 4169.11 6779.50 4286.18 6660.35 4286.08
26071-700-M6-054-00013 0.9998495578765869 3188.35 3175.65 3307.89 3175.73 3307.81 3295.15 3188.27 3295.07
26071-700-M6-054-00013 0.999828577041626 3189.15 5656.48 3307.51 5656.52 3307.46 5775.67 3189.10 5775.63
26071-700-M6-054-00013 0.9997567534446716 3187.63 1287.21 3306.19 1287.91 3305.48 1405.92 3186.92 1405.21
26071-700-M6-054-00013 0.9997087121009827 3187.81 3766.42 3308.35 3766.62 3308.15 3886.24 3187.61 3886.05
26071-700-M6-054-00013 0.9996942281723022 3188.51 5066.07 3305.79 5067.26 3304.59 5185.84 3187.32 5184.65
26071-700-M6-054-00013 0.9996920824050903 3188.35 1875.96 3306.33 1876.74 3305.55 1996.61 3187.57 1995.84
26071-700-M6-054-00036 0.9997878670692444 1770.82 4474.92 1890.59 4475.05 1890.46 4595.30 1770.69 4595.18
26071-700-M6-054-00036 0.9997082352638245 7616.29 5492.80 7735.72 5493.61 7734.93 5610.18 7615.50 5609.37
26071-700-M6-054-00036 0.9980781078338623 4304.68 5161.88 4424.37 5161.10 4425.14 5278.92 4305.45 5279.70
26071-700-M6-054-00036 0.9959076642990112 4119.66 4841.43 4240.93 4841.63 4240.73 4958.58 4119.46 4958.39
26071-700-M6-054-00036 0.9958213567733765 4522.05 5038.58 4643.99 5038.88 4643.70 5157.30 4521.77 5157.01
26071-700-M6-054-00036 0.6095933318138123 4910.40 2093.54 5030.13 2092.01 5031.76 2219.88 4912.03 2221.40
26071-700-M6-054-00246 0.9999533891677856 3896.37 4298.29 4018.30 4298.52 4018.08 4415.63 3896.15 4415.39
26071-700-M6-054-00246 0.999919056892395 7605.44 2703.80 7725.46 2703.78 7725.49 2822.11 7605.46 2822.14
26071-700-M6-054-00246 0.999901294708252 2479.67 1757.24 2597.75 1758.11 2596.86 1878.67 2478.78 1877.80
26071-700-M6-054-00246 0.9998890161514282 3600.92 4298.23 3722.24 4298.61 3721.86 4417.08 3600.55 4416.70
26071-700-M6-054-00246 0.9998762607574463 7605.66 2351.36 7724.64 2351.30 7724.70 2467.05 7605.71 2467.11
26071-700-M6-054-00246 0.999843955039978 4500.41 5515.19 4619.13 5515.65 4618.67 5633.11 4499.95 5632.64
26071-700-M6-054-00246 0.9998384714126587 3306.84 4299.03 3425.24 4299.18 3425.09 4417.26 3306.69 4417.10
26071-700-M6-054-00246 0.999818742275238 2775.67 4296.58 2894.65 4296.88 2894.34 4419.75 2775.36 4419.45
26071-700-M6-054-00246 0.9998099207878113 4960.05 2619.83 5080.62 2620.39 5080.07 2739.88 4959.51 2739.33
26071-700-M6-054-00246 0.9997947812080383 1712.28 4297.41 1831.75 4297.51 1831.65 4417.95 1712.18 4417.85
26071-700-M6-054-00246 0.9997838139533997 2007.02 4298.87 2126.68 4299.05 2126.50 4418.01 2006.84 4417.83
26071-700-M6-054-00246 0.9997804760932922 3011.10 4298.24 3131.15 4298.29 3131.09 4418.49 3011.04 4418.43
26071-700-M6-054-00246 0.9997441172599792 2302.35 4298.72 2421.26 4298.83 2421.14 4418.97 2302.23 4418.86
26071-700-M6-054-00246 0.9997366070747375 2538.18 4299.01 2657.37 4299.14 2657.24 4419.05 2538.05 4418.92
26071-700-M6-054-00246 0.9995841383934021 5256.23 2892.60 5374.81 2892.78 5374.63 3012.03 5256.04 3011.85
26071-700-M6-054-00246 0.05480183660984039 4130.89 5497.10 4248.66 5495.12 4250.97 5631.68 4133.19 5633.67
26071-750-M6-085-00007 0.9999160766601562 6258.67 6010.55 6378.64 6010.64 6378.56 6129.53 6258.59 6129.45
26071-750-M6-085-00007 0.999909520149231 7321.62 2114.12 7442.17 2114.09 7442.21 2231.04 7321.66 2231.08
26071-750-M6-085-00007 0.999841570854187 2361.49 1170.90 2481.17 1170.91 2481.16 1287.91 2361.47 1287.89
26071-750-M6-085-00007 0.9998028874397278 4015.17 4948.21 4135.24 4948.33 4135.13 5065.47 4015.05 5065.35
26071-750-M6-085-00007 0.9997561573982239 5254.46 6046.33 5375.09 6046.40 5375.02 6164.19 5254.40 6164.13
26071-750-M6-085-00012 0.9998843669891357 6850.06 1049.72 6969.02 1049.79 6968.95 1169.13 6849.99 1169.06
26071-750-M6-085-00012 0.9997921586036682 3130.45 1996.72 3248.76 1997.60 3247.86 2116.71 3129.56 2115.83
26071-750-M6-085-00012 0.9996793270111084 1533.95 4710.94 1655.05 4711.06 1654.93 4830.54 1533.83 4830.42
26071-750-M6-085-00012 0.9996597766876221 3838.35 2466.70 3956.97 2466.81 3956.86 2587.64 3838.24 2587.53
26071-750-M6-085-00012 0.9996403455734253 7205.49 1816.66 7325.10 1817.21 7324.56 1936.42 7204.95 1935.87
26071-750-M6-085-00012 0.9995877146720886 884.53 4700.14 1002.64 4700.78 1002.00 4818.14 883.88 4817.50
26071-750-M6-085-00012 0.9995551705360413 6023.74 2467.54 6143.18 2466.78 6143.95 2586.48 6024.50 2587.25
26071-750-M6-085-00012 0.9995470643043518 5019.00 1820.64 5139.56 1820.32 5139.87 1937.36 5019.31 1937.69
26071-750-M6-085-00012 0.9362695217132568 1654.91 2427.94 1771.24 2428.76 1770.37 2551.91 1654.04 2551.08
