26071-200-M6-052-00002 0.9993661046028137 1962.43 6284.91 2053.54 6286.02 2053.00 6330.27 1961.90 6329.16
26071-200-M6-052-00080 0.9996511936187744 7418.53 5632.83 7462.15 5632.86 7462.09 5722.60 7418.47 5722.58
26071-200-M6-052-00080 0.9993001222610474 3993.81 5630.23 4038.46 5630.89 4037.07 5725.38 3992.42 5724.72
26071-200-M6-052-00090 0.9995493292808533 5810.60 5290.75 5900.04 5291.80 5899.49 5338.34 5810.05 5337.29
26071-200-M6-052-00090 0.9995169639587402 7324.42 4098.57 7415.84 4099.55 7415.36 4144.93 7323.94 4143.95
26071-200-M6-052-00090 0.9995088577270508 5890.24 5858.32 5982.16 5859.01 5981.82 5904.53 5889.90 5903.84
26071-200-M6-052-00090 0.9994818568229675 6128.43 5575.92 6174.75 5576.24 6174.13 5666.68 6127.81 5666.36
26071-200-M6-052-00090 0.999408483505249 6128.23 5741.11 6174.37 5741.16 6174.28 5833.38 6128.14 5833.34
26071-200-M6-052-00090 0.9993994235992432 6012.70 5858.23 6104.16 5858.40 6104.08 5904.46 6012.61 5904.29
26071-200-M6-052-00090 0.9993276596069336 7133.38 4724.36 7224.52 4724.57 7224.41 4770.54 7133.28 4770.33
26071-200-M6-052-00090 0.9993100166320801 7063.89 4618.13 7110.10 4618.78 7108.78 4712.02 7062.57 4711.36
26071-200-M6-052-00090 0.9991378784179688 7255.15 4724.69 7345.11 4724.90 7345.01 4770.86 7255.05 4770.65
26071-200-M6-052-00090 0.9989651441574097 7064.16 4431.43 7109.75 4432.00 7108.65 4520.52 7063.07 4519.96
26071-200-M6-052-00090 0.9978485107421875 3223.85 6225.47 3314.32 6225.98 3314.06 6271.87 3223.59 6271.36
26071-200-M6-052-00093 0.9998242259025574 2103.02 2849.27 2147.68 2849.61 2146.97 2942.13 2102.31 2941.79
26071-200-M6-052-00093 0.9997511506080627 5410.52 3794.82 5455.25 3795.04 5454.80 3886.91 5410.07 3886.69
26071-200-M6-052-00093 0.9996600151062012 2101.90 2349.45 2148.16 2349.45 2148.17 2440.82 2101.92 2440.82
26071-200-M6-052-00093 0.9995761513710022 5410.02 3295.20 5456.08 3295.35 5455.80 3384.70 5409.74 3384.56
26071-200-M6-052-00093 0.9995562434196472 6472.96 4580.34 6519.56 4580.48 6519.26 4673.75 6472.67 4673.60
26071-200-M6-052-00093 0.9994850158691406 5339.80 2161.76 5429.63 2161.69 5429.67 2207.52 5339.83 2207.59
26071-200-M6-052-00093 0.9994451403617859 6792.82 4701.02 6883.49 4701.58 6883.21 4747.16 6792.54 4746.60
26071-200-M6-052-00093 0.9994200468063354 5341.26 1605.85 5430.98 1607.02 5430.37 1653.81 5340.65 1652.64
26071-200-M6-052-00093 0.999388575553894 5055.11 2004.73 5101.98 2005.00 5101.43 2098.15 5054.57 2097.88
26071-200-M6-052-00093 0.9993845224380493 6967.34 4701.49 7059.07 4702.02 7058.81 4747.32 6967.07 4746.78
26071-200-M6-052-00093 0.9992602467536926 7136.12 3567.32 7225.48 3567.37 7225.45 3612.95 7136.09 3612.90
26071-200-M6-052-00093 0.9992427825927734 5515.29 2161.33 5605.36 2162.16 5604.94 2208.16 5514.86 2207.33
26071-200-M6-052-00093 0.999147891998291 6757.73 4216.88 6848.10 4217.45 6847.81 4263.30 6757.44 4262.72
26071-200-M6-052-00093 0.9990971088409424 6652.17 3567.09 6740.87 3567.11 6740.85 3613.18 6652.16 3613.15
26071-200-M6-052-00093 0.998798131942749 6887.37 3803.73 6977.61 3804.28 6977.34 3849.04 6887.09 3848.48
26071-200-M6-052-00093 0.9836073517799377 6887.60 3567.33 6977.34 3567.12 6977.45 3614.49 6887.71 3614.70
26071-200-M6-063-00010 0.9987731575965881 6331.55 1913.36 6423.44 1913.61 6423.32 1960.20 6331.43 1959.96
26071-200-M6-063-00010 0.9983652234077454 5978.29 1913.83 6069.71 1914.02 6069.62 1960.35 5978.19 1960.17
26071-203-M6-060-00001 0.9996817111968994 2137.55 757.63 2184.29 757.65 2184.25 848.69 2137.51 848.67
26071-203-M6-060-00001 0.9996547698974609 2137.51 1324.47 2183.97 1324.64 2183.65 1414.36 2137.19 1414.19
26071-203-M6-060-00001 0.9995414018630981 1533.68 1441.94 1626.06 1441.36 1626.35 1487.39 1533.97 1487.97
26071-203-M6-060-00001 0.9995405673980713 2257.12 1441.10 2348.71 1441.67 2348.43 1487.24 2256.84 1486.68
26071-203-M6-060-00001 0.999467670917511 4346.17 1335.64 4392.56 1335.98 4391.89 1427.55 4345.50 1427.21
26071-203-M6-060-00006 0.9998383522033691 2811.00 2462.76 2857.21 2463.13 2856.48 2554.21 2810.26 2553.84
26071-203-M6-060-00006 0.9997729659080505 5409.23 2579.74 5456.75 2580.35 5455.58 2672.75 5408.05 2672.15
26071-203-M6-060-00006 0.9993182420730591 6118.12 4276.55 6164.23 4276.37 6164.59 4367.82 6118.49 4368.01
26071-203-M6-060-00006 0.9992546439170837 7263.59 3993.53 7309.91 3993.82 7309.34 4084.80 7263.03 4084.51
26071-203-M6-060-00006 0.9992334842681885 7263.47 4276.54 7310.57 4276.53 7310.60 4367.34 7263.49 4367.36
26071-203-M6-060-00006 0.9988527297973633 6118.33 3993.41 6165.06 3994.07 6163.78 4085.06 6117.05 4084.40
26071-203-M6-079-00001 0.9998134970664978 2811.13 2860.06 2857.07 2860.14 2856.91 2951.07 2810.97 2950.99
26071-203-M6-079-00001 0.9998075366020203 2811.37 2496.91 2857.21 2496.94 2857.13 2588.63 2811.30 2588.59
26071-203-M6-320-00061 0.9995437264442444 567.10 4053.22 660.90 4053.07 660.97 4098.43 567.17 4098.58
26071-203-M6-325-00013 0.9993802309036255 6718.77 2492.93 6811.62 2493.98 6811.11 2539.61 6718.25 2538.56
26071-300-M6-053-00010 0.9780828952789307 5209.83 2622.50 5299.76 2621.26 5300.41 2668.40 5210.47 2669.64
26071-300-M6-053-00010 0.9761313199996948 4915.64 2622.29 5007.01 2623.29 5006.51 2669.04 4915.14 2668.04
26071-300-M6-053-00012 0.9994238615036011 2269.17 2031.97 2360.88 2031.53 2361.10 2077.82 2269.40 2078.26
26071-500-M6-059-00040 0.9996391534805298 6471.65 4019.40 6517.91 4018.67 6519.33 4108.84 6473.07 4109.56
26071-500-M6-059-00040 0.999461829662323 6235.48 4018.48 6282.20 4018.25 6282.64 4107.65 6235.93 4107.88
26071-500-M6-059-00040 0.9992569088935852 6096.46 3330.16 6187.05 3331.44 6186.40 3377.93 6095.80 3376.65
26071-500-M6-059-00044 0.999777615070343 4252.29 3402.15 4298.68 3402.60 4297.79 3493.83 4251.39 3493.38
26071-500-M6-059-00044 0.9997690320014954 4465.30 3403.43 4511.42 3403.88 4510.53 3494.06 4464.42 3493.60
26071-500-M6-059-00044 0.999402642250061 4595.57 3189.44 4686.89 3189.38 4686.92 3235.08 4595.60 3235.14
26071-500-M6-059-00044 0.9991455078125 4784.59 2598.57 4877.31 2599.63 4876.79 2645.69 4784.07 2644.63
26071-550-M6-084-00248 0.9990811347961426 1785.80 2385.46 1874.61 2386.61 1874.00 2433.19 1785.19 2432.04
26071-600-M6-065-00021 0.9997656941413879 2634.17 1241.61 2680.57 1242.00 2679.79 1333.58 2633.39 1333.19
26071-600-M6-065-00021 0.9997637867927551 2101.80 1584.67 2147.36 1584.34 2148.03 1675.19 2102.47 1675.53
26071-600-M6-065-00021 0.9995032548904419 3554.98 2197.84 3601.06 2198.37 3600.01 2289.54 3553.93 2289.00
26071-600-M6-065-00021 0.9994658827781677 1892.36 1499.20 1982.12 1499.90 1981.74 1548.20 1891.99 1547.50
26071-600-M6-065-00021 0.9994563460350037 2787.44 1499.89 2880.46 1499.79 2880.52 1546.57 2787.49 1546.67
26071-600-M6-065-00021 0.9993390440940857 4915.30 1854.35 5006.81 1855.15 5006.40 1901.13 4914.90 1900.32
26071-600-M6-065-00021 0.9993168115615845 5010.05 1440.91 5099.37 1441.43 5099.10 1487.46 5009.78 1486.94
26071-600-M6-065-00021 0.998840868473053 4677.51 1713.26 4723.71 1713.53 4723.19 1805.10 4676.98 1804.83
26071-600-M6-065-00021 0.9982547163963318 5174.45 2574.78 5264.04 2575.57 5263.64 2621.65 5174.04 2620.86
26071-600-M6-065-00021 0.9982116222381592 5861.20 4157.22 5951.01 4157.49 5950.88 4204.35 5861.06 4204.09
26071-600-M6-065-00037 0.9988774657249451 3215.81 5752.19 3308.02 5752.88 3307.67 5798.75 3215.47 5798.05
26071-600-M6-065-00037 0.9985872507095337 4109.79 6144.40 4156.90 6144.54 4156.62 6234.54 4109.51 6234.40
26071-600-M6-065-00037 0.998090922832489 7416.92 4962.73 7463.47 4962.24 7464.42 5052.15 7417.87 5052.65
26071-600-M6-065-00259 0.9995384216308594 7653.79 5634.79 7700.05 5635.00 7699.63 5727.38 7653.37 5727.16
26071-600-M6-065-00259 0.9994288086891174 684.93 1548.85 730.44 1548.65 730.84 1639.66 685.33 1639.86
26071-600-M6-066-00003 0.9994283318519592 3519.81 2033.93 3565.63 2033.76 3565.97 2123.91 3520.15 2124.08
26071-600-M6-066-00003 0.9993958473205566 3283.53 2033.73 3329.30 2033.50 3329.75 2123.98 3283.98 2124.21
26071-600-M6-066-00003 0.9993112087249756 5527.01 2032.75 5573.23 2032.24 5574.22 2123.21 5528.00 2123.72
26071-600-M6-066-00003 0.9991050362586975 5290.82 2032.54 5336.49 2032.27 5337.03 2123.95 5291.36 2124.22
26071-675-M6-068-00034 0.999835729598999 3486.28 6235.56 3532.70 6235.67 3532.48 6327.23 3486.06 6327.12
26071-675-M6-068-00034 0.9997982382774353 2736.32 6235.75 2782.28 6235.70 2782.37 6326.51 2736.41 6326.55
26071-675-M6-068-00034 0.9997738003730774 2495.78 5231.60 2542.77 5231.39 2543.16 5319.95 2496.16 5320.16
26071-675-M6-068-00034 0.9997337460517883 3456.50 1315.33 3501.84 1315.25 3501.99 1404.79 3456.65 1404.87
26071-675-M6-068-00034 0.9996694326400757 3779.13 1442.35 3871.02 1442.16 3871.11 1488.62 3779.23 1488.81
26071-675-M6-068-00034 0.9996640682220459 3779.13 1562.33 3871.83 1562.95 3871.52 1609.09 3778.82 1608.47
26071-675-M6-068-00034 0.9996484518051147 3245.51 5231.23 3292.17 5230.83 3292.96 5320.78 3246.29 5321.19
26071-675-M6-068-00034 0.9994182586669922 3996.29 1314.53 4042.72 1314.44 4042.91 1405.69 3996.47 1405.78
26071-675-M6-068-00034 0.999405026435852 3995.52 1105.89 4042.24 1105.56 4042.86 1194.82 3996.14 1195.14
26071-675-M6-068-00034 0.9994006156921387 3659.88 843.06 3749.61 843.49 3749.40 888.57 3659.67 888.14
26071-675-M6-068-00034 0.9988670349121094 3149.99 1142.45 3241.11 1142.80 3240.93 1188.95 3149.82 1188.60
26071-700-M6-054-00246 0.9996784925460815 4535.29 2600.46 4581.93 2600.35 4582.14 2689.99 4535.50 2690.10
26071-700-M6-054-00246 0.9996755123138428 4535.68 4701.82 4581.98 4701.99 4581.65 4792.67 4535.35 4792.50
26071-700-M6-054-00246 0.9996647834777832 4700.66 2895.15 4747.32 2895.23 4747.18 2986.39 4700.52 2986.32
26071-700-M6-054-00246 0.9996203184127808 2988.62 2317.07 3034.39 2317.40 3033.73 2406.91 2987.96 2406.57
26071-700-M6-054-00246 0.9996145963668823 5291.21 2457.96 5337.23 2458.19 5336.76 2549.18 5290.75 2548.95
26071-700-M6-054-00246 0.999450147151947 3663.35 1795.11 3754.44 1795.51 3754.23 1842.63 3663.14 1842.23
26071-700-M6-054-00246 0.9994447827339172 3991.74 2080.58 4038.00 2080.28 4038.59 2170.66 3992.33 2170.97
26071-700-M6-054-00246 0.9993597865104675 4177.59 3567.01 4270.40 3567.37 4270.22 3613.84 4177.41 3613.49
26071-700-M6-054-00246 0.9990507960319519 4327.15 4511.59 4417.57 4512.63 4417.04 4558.55 4326.62 4557.50
26071-700-M6-054-00246 0.9987589120864868 4194.83 4041.33 4284.94 4041.10 4285.06 4085.86 4194.95 4086.09
26071-750-M6-085-00007 0.9997914433479309 5291.96 5425.26 5337.17 5425.42 5336.84 5515.02 5291.64 5514.86
26071-750-M6-085-00007 0.9997066855430603 5292.40 5269.02 5337.64 5269.65 5336.37 5360.22 5291.13 5359.58
26071-750-M6-085-00007 0.9996813535690308 6519.54 6167.23 6565.16 6166.94 6565.75 6258.09 6520.13 6258.38
26071-750-M6-085-00007 0.9996715784072876 2621.78 1383.00 2668.02 1383.07 2667.87 1474.37 2621.64 1474.30
26071-750-M6-085-00007 0.999584972858429 7003.76 2717.73 7050.65 2717.93 7050.28 2809.11 7003.39 2808.92
26071-750-M6-085-00007 0.9995297193527222 5763.71 5311.51 5810.30 5311.95 5809.44 5402.05 5762.85 5401.61
26071-750-M6-085-00007 0.9994978904724121 4865.75 4747.27 4959.55 4749.02 4958.67 4795.85 4864.88 4794.10
26071-750-M6-085-00007 0.9991745352745056 5434.60 5220.51 5524.00 5221.54 5523.46 5267.80 5434.07 5266.76
26071-750-M6-085-00012 0.9997851252555847 6059.25 1858.41 6105.50 1858.82 6104.70 1948.40 6058.45 1947.99
26071-750-M6-085-00012 0.9997686743736267 920.77 3946.70 967.34 3946.64 967.46 4037.51 920.89 4037.57
26071-750-M6-085-00012 0.9997583031654358 921.53 4101.85 967.58 4102.15 966.99 4192.79 920.94 4192.50
26071-750-M6-085-00012 0.9997535347938538 3873.27 1858.44 3920.20 1858.80 3919.52 1948.66 3872.60 1948.31
26071-750-M6-085-00012 0.9997269511222839 3873.87 1702.72 3920.48 1702.89 3920.17 1793.28 3873.56 1793.12
26071-750-M6-085-00012 0.9996860027313232 1570.54 3947.25 1616.86 3947.29 1616.78 4036.68 1570.46 4036.63
26071-750-M6-085-00012 0.9996819496154785 1571.47 4102.02 1617.13 4102.50 1616.17 4193.13 1570.51 4192.65
26071-750-M6-085-00012 0.9996817111968994 6058.65 1702.41 6104.72 1702.44 6104.66 1792.57 6058.59 1792.54
26071-750-M6-085-00012 0.9985163807868958 4090.48 6400.82 4181.56 6401.00 4181.47 6448.61 4090.38 6448.43
26071-750-M6-085-00012 0.18645012378692627 1223.37 3581.24 1258.98 3581.81 1257.09 3699.73 1221.48 3699.16
