26071-200-M6-052-00001 0.9981264472007751 2493.93 6101.86 2622.52 6102.32 2622.40 6133.86 2493.81 6133.40
26071-200-M6-052-00002 0.9990983009338379 950.99 5839.22 1086.72 5839.42 1086.68 5869.55 950.95 5869.35
26071-200-M6-052-00002 0.9968330264091492 3085.60 5767.49 3210.40 5767.61 3210.37 5798.23 3085.57 5798.11
26071-200-M6-052-00002 0.9967023730278015 6746.22 5755.84 6874.22 5756.51 6874.06 5787.01 6746.05 5786.34
26071-200-M6-052-00002 0.11026617139577866 1263.31 5971.30 1293.98 5971.46 1293.36 6090.91 1262.69 6090.75
26071-200-M6-052-00080 0.12082606554031372 2861.80 4092.77 2997.32 4094.01 2997.04 4123.73 2861.52 4122.48
26071-200-M6-052-00080 0.1098366379737854 6587.68 3706.85 6736.79 3708.90 6736.38 3738.43 6587.28 3736.38
26071-200-M6-052-00080 0.05983831733465195 6775.10 1507.64 6898.41 1508.04 6898.30 1541.19 6774.99 1540.79
26071-200-M6-052-00090 0.9985313415527344 1449.44 1359.87 1479.78 1360.04 1479.05 1486.21 1448.71 1486.03
26071-200-M6-052-00090 0.9965677261352539 6708.57 1731.61 6839.08 1731.76 6839.04 1763.03 6708.53 1762.88
26071-200-M6-052-00090 0.8192155361175537 5466.07 3676.75 5601.78 3678.12 5601.45 3711.29 5465.73 3709.92
26071-200-M6-052-00090 0.39062485098838806 2453.94 3676.96 2592.39 3677.83 2592.18 3710.91 2453.73 3710.03
26071-200-M6-052-00090 0.10208214819431305 6797.91 1285.79 6833.78 1286.26 6832.05 1417.75 6796.18 1417.27
26071-200-M6-052-00093 0.9976924657821655 2021.15 2326.54 2147.53 2327.27 2147.34 2358.73 2020.97 2358.00
26071-200-M6-052-00093 0.9975518584251404 4455.49 3777.75 4579.61 3778.14 4579.51 3809.40 4455.39 3809.02
26071-200-M6-052-00093 0.9971411228179932 5411.18 3877.89 5539.69 3878.14 5539.63 3909.79 5411.11 3909.54
26071-200-M6-052-00093 0.9959506988525391 2021.05 2932.53 2149.69 2933.34 2149.49 2965.02 2020.85 2964.22
26071-200-M6-052-00093 0.5618048310279846 5410.60 3272.77 5537.83 3272.39 5537.92 3302.05 5410.69 3302.43
26071-200-M6-052-00150 0.8520252108573914 2701.40 1233.82 2731.02 1234.02 2730.04 1376.04 2700.42 1375.84
26071-200-M6-052-00150 0.061359621584415436 6472.93 5576.82 6607.61 5577.55 6607.44 5607.67 6472.76 5606.95
26071-200-M6-052-00150 0.05626722052693367 5409.08 5575.83 5537.82 5575.56 5537.88 5607.19 5409.15 5607.47
26071-200-M6-052-00539 0.062111951410770416 1947.58 3835.41 1978.29 3835.71 1976.98 3971.14 1946.28 3970.85
26071-200-M6-052-00544 0.9994727969169617 1692.13 2659.57 1723.04 2659.75 1722.31 2784.01 1691.39 2783.83
26071-200-M6-052-00544 0.9994482398033142 1689.73 3486.12 1720.96 3486.22 1720.54 3610.74 1689.31 3610.63
26071-200-M6-052-00544 0.9993649125099182 2057.59 3248.14 2088.57 3248.35 2087.72 3377.52 2056.73 3377.32
26071-200-M6-052-00544 0.06418834626674652 6722.41 4389.53 6753.60 4389.68 6752.98 4525.89 6721.79 4525.75
26071-200-M6-052-00544 0.05612597614526749 3350.56 2189.58 3380.18 2189.63 3379.98 2312.45 3350.36 2312.41
26071-200-M6-062-00276 0.9988872408866882 1960.61 2778.47 1993.41 2777.53 1996.98 2901.72 1964.18 2902.66
26071-200-M6-062-00276 0.9987875819206238 1689.11 3131.74 1720.74 3131.74 1720.74 3256.54 1689.11 3256.54
26071-200-M6-063-00010 0.9980158805847168 6854.11 1654.89 6885.87 1654.99 6885.44 1781.24 6853.69 1781.13
26071-203-M6-060-00001 0.9948209524154663 2055.07 839.11 2187.15 839.58 2187.04 871.12 2054.96 870.64
26071-203-M6-060-00001 0.9945523142814636 2068.70 3859.49 2198.91 3859.67 2198.87 3891.08 2068.65 3890.90
26071-203-M6-060-00001 0.9887731671333313 1691.41 5973.58 1821.30 5973.87 1821.23 6005.94 1691.34 6005.65
26071-203-M6-060-00006 0.9958594441413879 2730.70 2440.13 2859.42 2439.69 2859.53 2470.67 2730.81 2471.11
26071-203-M6-060-00006 0.9952419996261597 5326.04 2557.91 5461.82 2557.82 5461.84 2589.36 5326.06 2589.45
26071-203-M6-079-00001 0.998336911201477 2859.12 6165.82 2989.00 6163.63 2989.52 6194.74 2859.65 6196.93
26071-203-M6-079-00001 0.9980515241622925 3295.62 5244.38 3425.00 5244.32 3425.01 5275.54 3295.63 5275.60
26071-203-M6-079-00001 0.9969804883003235 2730.24 2579.79 2858.35 2580.41 2858.20 2611.77 2730.09 2611.16
26071-203-M6-079-00001 0.9955424666404724 2588.06 5231.70 2717.89 5232.20 2717.78 5262.83 2587.94 5262.33
26071-203-M6-079-00001 0.9946871995925903 2858.66 1333.71 2989.17 1334.21 2989.05 1365.61 2858.54 1365.11
26071-203-M6-079-00001 0.9941787719726562 2528.44 2278.75 2657.26 2279.07 2657.19 2310.24 2528.36 2309.92
26071-203-M6-079-00001 0.9937379360198975 2598.12 4168.59 2729.98 4168.99 2729.89 4200.27 2598.03 4199.87
26071-203-M6-160-00291 0.9976314306259155 6271.10 6059.98 6404.10 6060.33 6404.02 6091.56 6271.02 6091.21
26071-203-M6-160-00291 0.997408926486969 3778.98 6059.93 3913.27 6060.43 3913.15 6091.75 3778.87 6091.24
26071-203-M6-160-00291 0.20624063909053802 6464.59 3009.10 6496.92 3008.69 6498.59 3140.93 6466.26 3141.34
26071-203-M6-160-00291 0.07815759629011154 6464.71 2775.13 6497.74 2775.07 6497.96 2899.16 6464.92 2899.22
26071-203-M6-160-00291 0.07257641106843948 4486.63 4615.98 4634.19 4618.19 4633.72 4649.75 4486.15 4647.54
26071-203-M6-160-00291 0.052824173122644424 4722.54 3005.15 4753.87 3005.50 4752.32 3144.67 4721.00 3144.32
26071-203-M6-320-00008 0.9676805734634399 3502.50 5169.48 3533.28 5169.59 3532.82 5295.59 3502.04 5295.47
26071-203-M6-320-00008 0.9649413824081421 5870.40 5084.24 5900.90 5084.01 5901.87 5210.27 5871.37 5210.51
26071-203-M6-321-00604 0.16710016131401062 4603.78 1217.58 4698.78 1217.32 4698.87 1248.64 4603.86 1248.90
26071-203-M6-337-00031 0.11443468183279037 6740.75 6242.75 6773.25 6242.88 6772.67 6385.11 6740.17 6384.97
26071-300-M6-053-00008 0.9993044137954712 6124.91 5492.43 6156.72 5492.44 6156.69 5621.72 6124.89 5621.71
26071-300-M6-053-00008 0.9978675842285156 6237.09 5726.66 6268.39 5726.75 6268.02 5856.01 6236.72 5855.92
26071-300-M6-053-00008 0.9973948001861572 2610.96 1347.05 2743.52 1347.22 2743.48 1378.83 2610.92 1378.66
26071-300-M6-053-00008 0.9969618916511536 2021.67 1389.30 2151.12 1389.95 2150.96 1421.29 2021.51 1420.63
26071-300-M6-053-00008 0.9959959983825684 5445.61 1073.70 5576.54 1073.84 5576.51 1105.26 5445.57 1105.12
26071-300-M6-053-00008 0.9957861304283142 4441.63 621.70 4570.89 622.29 4570.74 653.81 4441.49 653.22
26071-300-M6-053-00008 0.06664002686738968 2345.80 974.82 2377.46 975.24 2375.83 1098.52 2344.18 1098.10
26071-300-M6-053-00012 0.9988994598388672 7420.86 827.88 7452.72 827.95 7452.43 953.89 7420.58 953.82
26071-300-M6-053-00012 0.9982553124427795 2742.72 2481.03 2773.42 2481.02 2773.48 2606.58 2742.78 2606.59
26071-300-M6-053-00012 0.9966048002243042 5446.59 4654.00 5577.02 4654.15 5576.98 4685.28 5446.56 4685.13
26071-300-M6-053-00012 0.9927048087120056 6805.13 2895.10 6933.89 2895.08 6933.90 2926.20 6805.14 2926.23
26071-300-M6-053-00012 0.9888878464698792 3875.37 4428.97 4006.41 4429.47 4006.29 4460.95 3875.25 4460.45
26071-300-M6-053-00012 0.05318581312894821 4230.66 3974.66 4359.39 3974.28 4359.49 4006.15 4230.75 4006.54
26071-450-M6-082-00009 0.9987792372703552 2389.30 4135.45 2421.97 4135.27 2422.64 4260.89 2389.97 4261.07
26071-450-M6-082-00009 0.9971469044685364 6333.10 2579.90 6461.41 2579.77 6461.44 2610.87 6333.13 2610.99
26071-450-M6-082-00009 0.9951332211494446 4466.18 1841.17 4596.19 1841.54 4596.10 1872.74 4466.09 1872.37
26071-450-M6-082-00009 0.9937615990638733 3792.67 4037.52 3922.57 4038.23 3922.40 4069.38 3792.50 4068.67
26071-450-M6-082-00031 0.9943670630455017 2137.51 2000.44 2270.40 2000.58 2270.37 2032.00 2137.48 2031.86
26071-500-M6-059-00011 0.9977738261222839 7231.10 3212.08 7355.85 3212.38 7355.78 3243.36 7231.02 3243.06
26071-500-M6-059-00011 0.9971389770507812 5114.59 6224.49 5241.82 6224.99 5241.69 6256.89 5114.46 6256.38
26071-500-M6-059-00013 0.9990094900131226 5645.93 2892.15 5677.42 2892.43 5676.21 3024.92 5644.72 3024.63
26071-500-M6-059-00013 0.9989738464355469 5645.61 3248.89 5677.11 3249.12 5676.18 3378.08 5644.68 3377.86
26071-500-M6-059-00013 0.9982022047042847 6037.81 3581.99 6165.09 3582.41 6164.99 3613.02 6037.71 3612.60
26071-500-M6-059-00013 0.9972000122070312 5801.29 3581.67 5931.49 3581.57 5931.51 3612.46 5801.31 3612.56
26071-500-M6-059-00017 0.9981284737586975 2966.27 4888.57 3095.58 4888.95 3095.49 4920.32 2966.18 4919.95
26071-500-M6-059-00017 0.9977847933769226 4453.13 2154.62 4585.92 2154.99 4585.83 2186.36 4453.05 2185.99
26071-500-M6-059-00017 0.9976650476455688 4973.92 4888.80 5103.81 4889.15 5103.73 4919.86 4973.83 4919.51
26071-500-M6-059-00017 0.996935248374939 6463.08 3666.23 6590.22 3666.88 6590.06 3697.99 6462.92 3697.33
26071-500-M6-059-00017 0.9968699812889099 6463.26 2155.09 6591.02 2154.90 6591.06 2185.10 6463.30 2185.28
26071-500-M6-059-00017 0.9968094229698181 6982.09 4888.56 7110.61 4889.21 7110.45 4920.81 6981.93 4920.15
26071-500-M6-059-00017 0.9959981441497803 4619.89 3666.04 4746.85 3666.40 4746.76 3697.10 4619.81 3696.73
26071-500-M6-059-00044 0.9989829659461975 4978.80 3249.53 5010.12 3249.57 5009.97 3378.93 4978.65 3378.89
26071-500-M6-059-00044 0.9975427389144897 4724.26 3485.32 4855.75 3485.77 4855.64 3517.82 4724.15 3517.36
26071-500-M6-059-00044 0.9960913062095642 6959.66 1038.43 7088.06 1038.17 7088.12 1069.38 6959.73 1069.64
26071-500-M6-059-00071 0.9969204664230347 3875.98 3436.22 3998.89 3436.71 3998.76 3467.97 3875.85 3467.47
26071-500-M6-059-00248 0.9977904558181763 2494.44 3849.10 2623.69 3849.41 2623.61 3880.61 2494.36 3880.31
26071-550-M6-084-00248 0.9944909811019897 2493.39 3376.37 2623.59 3376.79 2623.49 3408.62 2493.29 3408.20
26071-600-M6-065-00021 0.9991958737373352 1873.18 5256.39 1904.85 5256.40 1904.83 5384.28 1873.17 5384.28
26071-600-M6-065-00021 0.9986833930015564 6999.11 5375.10 7030.96 5375.15 7030.76 5504.16 6998.91 5504.12
26071-600-M6-065-00021 0.9970757961273193 5505.95 6141.32 5635.47 6141.61 5635.40 6173.41 5505.87 6173.12
26071-600-M6-065-00021 0.9969498515129089 3733.45 6107.79 3863.16 6108.03 3863.10 6139.12 3733.39 6138.88
26071-600-M6-065-00021 0.996753990650177 5093.71 1735.33 5220.14 1735.03 5220.21 1765.71 5093.78 1766.01
26071-600-M6-065-00021 0.06200641021132469 3761.93 3249.61 3793.06 3250.03 3791.28 3379.67 3760.16 3379.25
26071-600-M6-065-00037 0.9989187717437744 7170.96 4724.25 7203.05 4724.35 7202.65 4853.05 7170.56 4852.95
26071-600-M6-065-00037 0.9985390901565552 3721.75 4725.36 3754.02 4725.38 3753.96 4852.17 3721.68 4852.15
26071-600-M6-065-00037 0.996493399143219 5236.78 3420.19 5361.27 3420.95 5361.08 3451.75 5236.59 3450.99
26071-600-M6-065-00231 0.21549510955810547 3831.51 5181.73 3863.71 5182.23 3861.32 5336.91 3829.12 5336.41
26071-600-M6-066-00002 0.999046266078949 7007.76 1948.77 7038.88 1948.78 7038.85 2076.29 7007.74 2076.29
26071-600-M6-066-00012 0.9943517446517944 5327.79 2466.59 5460.07 2467.76 5459.79 2499.22 5327.51 2498.05
26071-600-M6-066-00012 0.9924768805503845 5092.54 5790.17 5219.87 5789.87 5219.94 5822.28 5092.62 5822.58
26071-675-M6-068-00034 0.9984316229820251 1948.25 1660.50 1979.94 1660.54 1979.80 1787.58 1948.11 1787.54
26071-675-M6-068-00034 0.9983994364738464 2465.85 2770.80 2497.40 2770.82 2497.35 2898.47 2465.79 2898.46
26071-675-M6-068-00034 0.9977720379829407 3216.09 2769.91 3247.72 2769.99 3247.42 2899.33 3215.78 2899.25
26071-675-M6-068-00034 0.997761607170105 3065.54 5890.31 3097.04 5890.28 3097.15 6018.11 3065.66 6018.14
26071-675-M6-068-00034 0.9976115226745605 1618.31 5980.77 1649.57 5980.82 1649.38 6106.44 1618.12 6106.39
26071-675-M6-068-00034 0.9974570870399475 2315.85 5890.80 2346.86 5890.77 2347.00 6017.30 2315.99 6017.34
26071-675-M6-068-00034 0.9934189915657043 5225.92 1900.08 5356.68 1900.42 5356.60 1933.42 5225.84 1933.07
26071-700-M6-054-00246 0.9990515112876892 4302.78 4430.08 4334.66 4430.12 4334.50 4556.24 4302.62 4556.20
26071-700-M6-054-00246 0.9965408444404602 2908.01 2090.05 3038.12 2090.00 3038.13 2120.93 2908.02 2120.98
26071-750-M6-085-00007 0.9976376295089722 6921.36 2490.51 7053.79 2490.82 7053.71 2522.53 6921.29 2522.21
26071-750-M6-085-00007 0.9915875792503357 5682.41 5392.07 5812.86 5392.55 5812.74 5424.64 5682.29 5424.16
26071-750-M6-085-00007 0.06421592086553574 5203.98 5712.24 5345.13 5712.81 5345.00 5744.78 5203.85 5744.22
26071-750-M6-085-00012 0.997063934803009 894.50 3416.13 1027.38 3415.88 1027.44 3447.45 894.56 3447.70
26071-750-M6-085-00012 0.9964631199836731 4974.02 2346.45 5104.44 2346.59 5104.41 2377.13 4973.99 2376.99
26071-750-M6-085-00012 0.9959834814071655 3084.07 2525.50 3212.48 2525.31 3212.53 2557.02 3084.12 2557.21
26071-750-M6-085-00012 0.9957689046859741 837.70 4437.74 970.17 4437.93 970.12 4469.97 837.65 4469.79
26071-750-M6-085-00012 0.9954383969306946 7158.71 2346.27 7287.02 2346.14 7287.05 2377.60 7158.74 2377.73
26071-750-M6-085-00012 0.9954354166984558 3792.27 2194.21 3922.72 2194.38 3922.68 2225.73 3792.23 2225.56
26071-750-M6-085-00012 0.9940313696861267 5978.20 2193.78 6107.24 2193.88 6107.22 2225.30 5978.17 2225.19
26071-750-M6-085-00012 0.9937654733657837 1491.29 4437.74 1617.29 4438.46 1617.11 4470.33 1491.10 4469.60
26071-750-M6-085-00012 0.9927760362625122 7040.10 1427.57 7171.32 1428.11 7171.19 1458.84 7039.97 1458.30
