26071-200-M6-052-00003 0.9907693266868591 4252.38 5015.40 4345.99 5014.92 4346.24 5063.24 4252.62 5063.71
26071-200-M6-052-00003 0.8748656511306763 4558.44 4535.08 4653.89 4535.37 4653.74 4584.20 4558.29 4583.91
26071-200-M6-052-00539 0.9903049468994141 2198.20 4522.92 2290.30 4522.85 2290.33 4569.32 2198.24 4569.38
26071-203-M6-160-00291 0.9521645903587341 6388.98 3071.80 6436.03 3072.38 6434.89 3163.70 6387.84 3163.12
26071-203-M6-160-00291 0.9190822243690491 6389.38 2835.56 6436.04 2835.56 6436.04 2928.00 6389.38 2928.00
26071-203-M6-337-00007 0.9287447929382324 5114.83 5769.21 5163.59 5769.59 5162.88 5861.96 5114.12 5861.58
26071-203-M6-337-00007 0.9012196063995361 5111.91 3069.29 5162.45 3069.46 5162.14 3161.51 5111.60 3161.34
26071-300-M6-053-00012 0.9896642565727234 4287.04 3891.48 4381.27 3889.23 4382.39 3936.26 4288.16 3938.51
26071-300-M6-053-00012 0.8408803343772888 4603.94 3378.23 4698.03 3378.40 4697.95 3423.08 4603.86 3422.90
26071-500-M6-059-00011 0.9334055185317993 3850.66 5396.55 3944.24 5396.99 3944.01 5445.40 3850.43 5444.96
26071-500-M6-059-00040 0.9385653734207153 5622.43 3645.59 5717.30 3645.44 5717.37 3692.79 5622.50 3692.94
26071-500-M6-059-00044 0.9857844710350037 5171.75 3174.62 5268.21 3172.66 5269.18 3220.43 5172.72 3222.39
26071-600-M6-065-00021 0.9885135293006897 4240.32 2915.53 4333.45 2916.14 4333.14 2963.38 4240.02 2962.77
26071-600-M6-065-00037 0.9477673172950745 3495.81 4487.49 3540.91 4487.40 3541.11 4582.48 3496.01 4582.57
26071-600-M6-065-00037 0.9179512858390808 6802.71 4488.55 6848.53 4488.69 6848.24 4582.09 6802.42 4581.94
26071-600-M6-065-00231 0.9895598888397217 3437.50 5536.14 3531.88 5536.82 3531.53 5584.64 3437.15 5583.96
26071-600-M6-066-00012 0.9856319427490234 3141.77 3659.71 3234.33 3659.41 3234.49 3709.21 3141.93 3709.51
26071-600-M6-066-00012 0.985273540019989 4206.18 3660.24 4298.53 3660.04 4298.63 3709.11 4206.28 3709.31
26071-750-M6-085-00012 0.06782383471727371 1273.81 2237.75 1406.22 2237.22 1406.42 2286.94 1274.01 2287.46
26071-750-M6-085-00309 0.07231003791093826 3073.51 4365.54 3556.06 4369.16 3555.28 4473.57 3072.73 4469.95
