26071-200-M6-052-00001 0.13676981627941132 2277.54 5788.39 2378.89 5788.15 2379.16 5898.25 2277.80 5898.49
26071-200-M6-052-00002 0.09472711384296417 1720.83 5545.75 1828.08 5546.86 1827.36 5616.75 1720.11 5615.65
26071-200-M6-052-00003 0.12195141613483429 4560.56 4526.01 4656.46 4527.22 4655.20 4627.47 4559.29 4626.26
26071-200-M6-052-00003 0.12077944725751877 4248.14 5545.67 4355.44 5547.04 4354.54 5617.33 4247.25 5615.96
26071-200-M6-052-00080 0.06235639750957489 7624.10 4843.16 7735.60 4843.96 7734.97 4931.62 7623.47 4930.82
26071-200-M6-052-00090 0.5343822240829468 3610.55 3426.53 3713.51 3426.54 3713.50 3506.13 3610.54 3506.12
26071-200-M6-052-00090 0.09089130163192749 6577.45 3296.40 6673.90 3298.38 6672.15 3383.51 6575.70 3381.53
26071-200-M6-052-00093 0.5869313478469849 1839.80 3421.47 1943.81 3421.42 1943.85 3508.54 1839.84 3508.58
26071-200-M6-052-00093 0.07559559494256973 1835.28 2125.80 1946.94 2125.53 1947.16 2217.38 1835.50 2217.65
26071-200-M6-052-00544 0.09428770840167999 3577.64 5204.63 3663.68 5200.38 3667.18 5271.04 3581.13 5275.29
26071-200-M6-052-00544 0.0864381194114685 2949.65 3926.64 3040.30 3927.36 3039.44 4035.96 2948.79 4035.24
26071-203-M6-160-00291 0.13603945076465607 2158.03 5430.76 2254.07 5430.81 2254.04 5504.22 2157.99 5504.17
26071-203-M6-320-00008 0.09444715827703476 1845.33 4226.60 1934.25 4226.25 1934.57 4306.51 1845.65 4306.87
26071-203-M6-320-00008 0.05420815944671631 4212.38 4140.31 4304.62 4140.03 4304.85 4215.19 4212.61 4215.47
26071-203-M6-320-00042 0.053657881915569305 5525.39 3298.41 5576.71 3299.12 5575.14 3413.03 5523.82 3412.33
26071-203-M6-320-00042 0.053239449858665466 7175.25 4028.08 7248.94 4009.53 7268.31 4086.49 7194.63 4105.05
26071-203-M6-320-00044 0.181085467338562 737.39 3997.24 877.75 3996.33 878.20 4065.72 737.83 4066.62
26071-203-M6-332-00008 0.552430272102356 6312.20 3645.26 6405.40 3645.50 6405.16 3735.88 6311.96 3735.63
26071-203-M6-332-00008 0.497165322303772 1452.48 3646.88 1544.56 3647.52 1543.94 3737.07 1451.86 3736.43
26071-203-M6-332-00008 0.4317408800125122 3889.56 3632.57 3975.13 3633.07 3974.51 3740.96 3888.93 3740.46
26071-203-M6-337-00007 0.05904277414083481 2798.15 3696.43 2904.23 3694.79 2905.67 3787.58 2799.58 3789.22
26071-300-M6-053-00008 0.10647162050008774 5471.29 1766.67 5568.36 1767.12 5568.02 1840.10 5470.95 1839.64
26071-300-M6-053-00012 0.16910132765769958 4508.05 5730.27 4604.54 5730.52 4604.35 5800.17 4507.87 5799.92
26071-300-M6-053-00012 0.10301151871681213 6391.14 5729.80 6483.58 5730.24 6483.25 5799.36 6390.81 5798.92
26071-300-M6-053-00012 0.08285324275493622 5993.51 5802.66 6071.62 5799.85 6075.06 5895.48 5996.95 5898.29
26071-300-M6-053-00012 0.06869349628686905 5810.80 5641.57 5915.95 5642.02 5915.76 5687.54 5810.60 5687.09
26071-300-M6-053-00309 0.9989198446273804 6143.66 4743.42 6249.66 4744.61 6248.69 4830.30 6142.70 4829.11
26071-450-M6-082-00009 0.09097730368375778 3488.80 5271.06 3599.05 5271.37 3598.89 5326.65 3488.64 5326.34
26071-500-M6-059-00040 0.9985826015472412 4195.67 5689.90 4298.29 5690.21 4298.03 5775.37 4195.41 5775.06
26071-500-M6-059-00040 0.9968233108520508 3027.09 2938.60 3126.56 2938.28 3126.83 3021.53 3027.35 3021.85
26071-500-M6-059-00044 0.9992282390594482 2653.57 4964.26 2737.48 4965.37 2736.17 5063.86 2652.27 5062.75
26071-500-M6-059-00044 0.9992280006408691 4207.98 4967.02 4284.48 4967.76 4283.51 5066.95 4207.01 5066.21
26071-500-M6-059-00044 0.9979423880577087 6958.42 5641.41 7047.51 5641.52 7047.39 5736.35 6958.30 5736.24
26071-500-M6-059-00044 0.1273989975452423 3105.04 1987.88 3200.75 1988.03 3200.63 2066.88 3104.91 2066.73
26071-500-M6-059-00044 0.10035260021686554 2511.67 1989.50 2617.20 1986.25 2619.61 2064.35 2514.08 2067.60
26071-500-M6-059-00044 0.08385923504829407 1268.10 3600.15 1356.39 3601.20 1355.21 3700.74 1266.92 3699.70
26071-500-M6-059-00044 0.0819709300994873 1463.01 1993.91 1563.34 1994.80 1562.71 2065.69 1462.39 2064.80
26071-500-M6-059-00044 0.07521411031484604 1068.39 3599.66 1169.30 3599.43 1169.51 3694.84 1068.61 3695.07
26071-550-M6-084-00026 0.9980301260948181 4184.41 3413.88 4285.81 3413.99 4285.72 3495.16 4184.32 3495.05
26071-550-M6-084-00026 0.9976958632469177 1822.44 3414.28 1920.45 3414.45 1920.32 3494.66 1822.30 3494.50
26071-550-M6-084-00026 0.5198500752449036 7226.34 3471.87 7326.29 3472.79 7325.71 3535.74 7225.76 3534.81
26071-600-M6-065-00021 0.49907201528549194 5703.65 5422.60 5799.85 5422.87 5799.62 5503.71 5703.42 5503.43
26071-600-M6-065-00021 0.45109227299690247 2503.71 6411.91 2608.68 6401.81 2617.70 6495.52 2512.73 6505.62
26071-600-M6-065-00021 0.22932085394859314 3970.11 5419.13 4061.14 5420.39 4059.90 5509.67 3968.88 5508.41
26071-600-M6-065-00021 0.16423577070236206 5204.02 5339.87 5286.37 5340.07 5286.22 5401.30 5203.87 5401.10
26071-600-M6-065-00037 0.1528678834438324 1480.49 6533.28 1596.56 6531.89 1597.61 6619.05 1481.54 6620.45
26071-600-M6-065-00037 0.10042529553174973 3880.63 6366.84 4018.33 6365.03 4019.37 6444.31 3881.67 6446.12
26071-675-M6-068-00034 0.9982840418815613 2549.41 5472.55 2633.55 5472.53 2633.57 5572.53 2549.43 5572.55
26071-675-M6-068-00034 0.9957973957061768 3335.86 5460.40 3418.31 5461.15 3417.38 5563.67 3334.93 5562.92
26071-750-M6-085-00007 0.06818021833896637 5737.12 5546.46 5845.48 5546.97 5845.16 5613.25 5736.81 5612.73
26071-750-M6-085-00012 0.1697753220796585 726.72 2146.21 815.75 2146.82 814.80 2287.34 725.76 2286.73
26071-750-M6-085-00012 0.062245745211839676 2476.30 3681.28 2544.89 3681.68 2544.43 3760.52 2475.84 3760.12
