26071-200-M6-052-00001 0.05519566684961319 2375.37 3372.87 2568.87 3373.58 2568.14 3573.11 2374.64 3572.40
26071-200-M6-052-00003 0.06834324449300766 4169.87 3162.84 4332.75 3163.68 4332.00 3307.66 4169.12 3306.82
26071-200-M6-052-00080 0.5323889255523682 6510.27 1767.99 6666.15 1767.79 6666.35 1926.63 6510.47 1926.83
26071-200-M6-052-00080 0.4853323698043823 3089.83 1759.23 3238.32 1761.09 3236.29 1923.98 3087.80 1922.13
26071-200-M6-052-00080 0.0761525109410286 3894.61 3364.98 4045.06 3363.28 4046.79 3515.85 3896.34 3517.56
26071-200-M6-052-00080 0.05671455338597298 5992.73 4817.98 6145.65 4815.47 6148.12 4965.92 5995.19 4968.43
26071-200-M6-052-00080 0.05473938211798668 6887.22 5166.93 7041.33 5166.86 7041.40 5318.41 6887.29 5318.49
26071-200-M6-052-00090 0.33419355750083923 5750.98 1549.80 5907.75 1551.84 5905.79 1702.32 5749.01 1700.27
26071-200-M6-052-00090 0.1481073796749115 2682.25 1578.18 2840.58 1578.44 2840.33 1728.37 2682.01 1728.11
26071-200-M6-052-00090 0.12638981640338898 2681.36 1354.88 2834.84 1355.20 2834.53 1503.27 2681.05 1502.94
26071-200-M6-052-00090 0.08958427608013153 2214.42 3974.22 2363.32 3974.88 2362.65 4126.42 2213.75 4125.76
26071-200-M6-052-00090 0.07188650965690613 5455.03 4565.79 5605.88 4561.40 5610.44 4717.84 5459.58 4722.23
26071-200-M6-052-00090 0.05677318572998047 4068.16 5753.06 4223.21 5752.30 4223.97 5908.63 4068.93 5909.39
26071-200-M6-052-00090 0.05516812950372696 5463.70 1307.06 5620.04 1305.60 5621.47 1459.07 5465.13 1460.53
26071-200-M6-052-00090 0.0501178540289402 950.56 4564.93 1108.31 4564.03 1109.20 4718.82 951.45 4719.72
26071-200-M6-052-00093 0.09033094346523285 2758.95 960.85 2916.29 960.16 2916.96 1112.29 2759.61 1112.98
26071-200-M6-052-00093 0.06551781296730042 3511.34 1863.89 3660.04 1863.03 3660.93 2016.97 3512.23 2017.83
26071-200-M6-052-00093 0.0526353195309639 4432.09 1719.91 4586.32 1719.66 4586.57 1872.34 4432.34 1872.59
26071-200-M6-052-00539 0.14649896323680878 6891.29 5759.36 7043.19 5760.86 7041.66 5916.39 6889.76 5914.88
26071-200-M6-052-00539 0.0933733880519867 2750.79 4858.50 2914.45 4857.46 2915.42 5008.74 2751.76 5009.79
26071-200-M6-052-00539 0.08633466064929962 2995.66 4856.38 3143.93 4858.14 3142.07 5014.58 2993.81 5012.82
26071-200-M6-052-00539 0.08621423691511154 3203.66 5381.19 3404.72 5383.99 3402.00 5579.20 3200.94 5576.40
26071-200-M6-052-00539 0.08133962750434875 5184.13 6042.78 5341.62 6042.65 5341.74 6191.42 5184.24 6191.55
26071-203-M6-060-00001 0.06801451742649078 2107.54 4157.34 2233.91 4157.40 2233.81 4361.59 2107.44 4361.53
26071-203-M6-060-00006 0.0969809889793396 2153.49 4781.49 2313.59 4778.63 2316.32 4931.75 2156.22 4934.60
26071-203-M6-060-00006 0.0882423147559166 1335.60 4238.76 1482.93 4238.50 1483.19 4391.44 1335.86 4391.69
26071-203-M6-064-00271 0.0804888978600502 3271.68 3723.80 3406.27 3724.44 3405.27 3930.47 3270.69 3929.82
26071-203-M6-064-00271 0.07494328171014786 5065.89 1468.79 5200.77 1469.63 5199.50 1672.72 5064.62 1671.88
26071-203-M6-064-00271 0.0684453696012497 6247.59 1469.35 6380.99 1470.32 6379.52 1672.40 6246.13 1671.43
26071-203-M6-064-00271 0.06795577704906464 4180.61 1469.81 4314.61 1470.59 4313.43 1672.16 4179.44 1671.38
26071-203-M6-064-00271 0.060954149812459946 3999.51 5833.36 4122.85 5834.55 4120.70 6056.75 3997.37 6055.56
26071-203-M6-064-00271 0.055682044476270676 3412.05 3418.77 3546.98 3419.89 3545.29 3624.80 3410.36 3623.69
26071-203-M6-064-00271 0.05540560558438301 2369.66 3720.62 2507.15 3720.77 2506.92 3928.04 2369.43 3927.89
26071-203-M6-064-00271 0.05168599635362625 3586.17 1466.20 3725.01 1467.27 3723.43 1672.18 3584.60 1671.11
26071-203-M6-064-00271 0.05132155865430832 7132.21 1468.48 7267.91 1469.36 7266.58 1672.04 7130.89 1671.16
26071-203-M6-079-00001 0.06018022820353508 2899.69 6451.56 3025.25 6451.66 3025.10 6653.77 2899.54 6653.67
26071-203-M6-079-00001 0.059750523418188095 2568.26 2549.64 2693.45 2549.85 2693.10 2758.74 2567.92 2758.53
26071-203-M6-079-00001 0.0597430020570755 2899.13 1608.48 3025.69 1608.52 3025.62 1810.46 2899.06 1810.42
26071-203-M6-320-00042 0.9997798800468445 6345.45 2052.01 6542.57 2053.91 6541.10 2206.22 6343.99 2204.32
26071-203-M6-320-00042 0.057977162301540375 3954.89 3070.27 4114.81 3069.05 4115.99 3223.69 3956.07 3224.92
26071-203-M6-320-00061 0.9996135830879211 924.67 4001.93 1117.64 4003.45 1116.43 4156.23 923.47 4154.71
26071-203-M6-320-00061 0.9995706677436829 932.63 3672.43 1125.66 3673.65 1124.68 3826.35 931.66 3825.12
26071-203-M6-325-00013 0.9997288584709167 6043.85 2441.42 6240.79 2441.74 6240.55 2591.67 6043.61 2591.36
26071-203-M6-325-00013 0.9996787309646606 6068.37 1842.65 6263.79 1842.73 6263.73 1995.03 6068.31 1994.95
26071-203-M6-332-00001 0.0898061990737915 4150.22 2868.37 4507.10 2870.76 4503.74 3372.24 4146.85 3369.84
26071-203-M6-332-00001 0.08897606283426285 4985.98 2873.36 5348.06 2875.62 5344.95 3371.72 4982.87 3369.46
26071-203-M6-332-00001 0.0842650905251503 4569.63 2860.14 4923.56 2862.77 4919.74 3375.57 4565.81 3372.93
26071-203-M6-332-00001 0.08277692645788193 3721.66 2875.05 4085.76 2877.21 4082.88 3362.51 3718.78 3360.35
26071-203-M6-332-00001 0.08275143057107925 3312.73 2864.64 3664.48 2867.15 3660.88 3371.11 3309.13 3368.60
26071-203-M6-332-00001 0.08044673502445221 5411.70 2863.18 5763.85 2865.76 5760.18 3366.78 5408.03 3364.20
26071-203-M6-332-00001 0.07445861399173737 5822.01 2873.69 6192.69 2875.76 6189.97 3365.45 5819.28 3363.38
26071-203-M6-332-00001 0.06603003293275833 2873.61 2869.15 3248.76 2871.41 3245.71 3375.71 2870.57 3373.45
26071-203-M6-332-00008 0.08604547381401062 6284.58 3339.58 6433.93 3339.57 6433.94 3489.32 6284.59 3489.33
26071-203-M6-333-00010 0.08634599298238754 6441.24 1112.34 6630.56 1113.25 6629.88 1255.09 6440.56 1254.18
26071-203-M6-337-00031 0.056053418666124344 5082.07 352.95 5230.21 349.06 5234.38 507.71 5086.24 511.60
26071-300-M6-053-00008 0.37560051679611206 5477.15 1211.77 5631.09 1214.20 5628.71 1364.40 5474.77 1361.96
26071-300-M6-053-00309 0.7726969122886658 2457.54 4459.68 2637.34 4459.05 2637.89 4617.83 2458.09 4618.46
26071-300-M6-053-00309 0.7380595803260803 2677.58 2448.01 2855.43 2452.71 2851.29 2609.30 2673.45 2604.60
26071-300-M6-053-00309 0.46830907464027405 5474.90 4686.44 5631.19 4687.72 5629.59 4883.53 5473.31 4882.26
26071-450-M6-082-00009 0.1262512058019638 904.68 6119.18 1057.09 6117.82 1058.42 6268.14 906.01 6269.50
26071-450-M6-082-00009 0.05602853372693062 2332.77 1889.65 2483.63 1887.25 2486.00 2036.44 2335.15 2038.84
26071-450-M6-082-00009 0.05409985035657883 903.07 5968.24 1054.76 5966.77 1056.19 6113.48 904.50 6114.96
26071-450-M6-082-00031 0.07748078554868698 3702.92 6243.24 3849.81 6243.42 3849.62 6398.49 3702.73 6398.31
26071-500-M6-059-00011 0.06848181039094925 4774.53 6429.59 4912.42 6431.55 4909.45 6640.04 4771.56 6638.07
26071-500-M6-059-00013 0.07412759214639664 3340.41 4238.45 3508.70 4239.65 3507.18 4454.03 3338.89 4452.84
26071-500-M6-059-00017 0.06495404988527298 5688.99 3216.12 5834.84 3215.57 5835.42 3366.91 5689.57 3367.46
26071-500-M6-059-00040 0.12293818593025208 6783.61 6393.82 6912.41 6393.65 6912.68 6600.27 6783.88 6600.44
26071-500-M6-059-00040 0.057963840663433075 2523.73 2691.89 2673.66 2692.16 2673.39 2847.56 2523.46 2847.30
26071-500-M6-059-00044 0.08016818761825562 2454.71 4563.57 2604.83 4561.53 2606.91 4714.49 2456.79 4716.53
26071-500-M6-059-00116 0.9997441172599792 6612.83 2329.46 6806.81 2329.67 6806.65 2483.81 6612.66 2483.61
26071-500-M6-059-00116 0.9997356534004211 3586.39 2404.04 3736.54 2403.95 3736.65 2599.35 3586.51 2599.44
26071-550-M6-084-00026 0.05318709835410118 7488.60 6077.75 7628.24 6078.37 7627.34 6281.87 7487.70 6281.25
26071-600-M6-065-00037 0.05732377618551254 644.75 6512.26 768.70 6512.49 768.31 6720.76 644.36 6720.52
26071-600-M6-065-00037 0.0563298724591732 405.93 6511.57 532.01 6511.57 532.00 6715.55 405.92 6715.54
26071-600-M6-065-00259 0.9997221827507019 7957.00 4955.33 8109.08 4954.51 8110.13 5150.11 7958.05 5150.93
26071-600-M6-065-00259 0.9996699094772339 7602.92 4945.45 7755.50 4944.74 7756.42 5139.43 7603.84 5140.14
26071-600-M6-065-00259 0.9995878338813782 631.67 2261.00 788.34 2260.32 789.19 2457.33 632.52 2458.01
26071-600-M6-065-00259 0.9995775818824768 985.52 2261.20 1142.56 2260.69 1143.20 2457.10 986.16 2457.62
26071-700-M6-054-00036 0.9995530247688293 4588.28 4693.71 4744.86 4693.01 4745.75 4891.55 4589.17 4892.25
26071-750-M6-085-00012 0.6698290705680847 1513.69 3763.91 1676.65 3764.12 1676.45 3910.91 1513.50 3910.69
26071-750-M6-085-00012 0.4968479573726654 863.45 3760.09 1021.20 3760.67 1020.62 3919.39 862.87 3918.81
26071-750-M6-085-00012 0.4323391914367676 6171.34 1573.19 6337.35 1567.23 6342.60 1713.26 6176.59 1719.23
26071-750-M6-085-00012 0.34171757102012634 4003.53 1572.23 4159.80 1568.49 4163.32 1715.72 4007.05 1719.46
26071-750-M6-085-00012 0.053383827209472656 6246.52 3270.46 6399.89 3270.00 6400.34 3419.77 6246.97 3420.22
26071-750-M6-085-00286 0.9996927976608276 2950.72 1271.57 3146.49 1271.88 3146.26 1420.49 2950.49 1420.18
26071-750-M6-085-00309 0.0923263430595398 2965.00 3604.68 3126.49 3606.96 3123.51 3818.01 2962.01 3815.72
