26071-200-M6-052-00544 0.9996071457862854 4236.39 3286.74 4385.57 3286.90 4385.41 3434.58 4236.23 3434.41
26071-200-M6-062-00276 0.9996459484100342 4767.96 3040.05 4918.76 3040.15 4918.65 3192.16 4767.85 3192.05
26071-203-M6-332-00008 0.9996304512023926 4603.39 6233.08 4755.57 6233.08 4755.56 6383.95 4603.39 6383.94
26071-203-M6-332-00008 0.999603807926178 1875.56 4942.55 2025.84 4942.87 2025.52 5095.17 1875.24 5094.86
26071-203-M6-332-00008 0.9995583891868591 4305.37 4942.78 4455.46 4943.16 4455.08 5095.08 4304.99 5094.70
26071-203-M6-332-00008 0.9995243549346924 6735.15 4942.67 6885.67 4943.05 6885.29 5094.69 6734.77 5094.31
26071-450-M6-082-00009 0.32964539527893066 5243.70 1860.13 5392.06 1863.88 5388.04 2022.76 5239.68 2019.01
26071-450-M6-082-00009 0.18560075759887695 5121.30 4461.06 5269.10 4460.89 5269.27 4609.83 5121.46 4610.00
26071-450-M6-082-00009 0.15825141966342926 2334.23 1884.81 2482.16 1884.90 2482.07 2031.29 2334.14 2031.19
26071-450-M6-082-00009 0.1447518914937973 2020.28 3256.91 2162.66 3256.69 2162.89 3408.40 2020.51 3408.62
26071-675-M6-068-00034 0.999568521976471 6375.72 1824.98 6525.48 1825.39 6525.07 1973.96 6375.32 1973.55
26071-750-M6-085-00286 0.999727189540863 4296.73 2805.36 4443.33 2805.39 4443.30 2954.47 4296.70 2954.43
