26071-200-M6-052-00150 0.1034739539027214 3014.53 2604.50 3189.25 2605.07 3189.00 2682.17 3014.27 2681.60
26071-203-M6-160-00291 0.9862139821052551 3055.89 2235.23 3331.89 2232.95 3332.85 2349.17 3056.85 2351.45
26071-203-M6-332-00001 0.31917405128479004 3374.59 3005.19 3522.08 3006.06 3520.76 3230.51 3373.27 3229.65
26071-203-M6-332-00001 0.31890377402305603 5474.17 3005.02 5621.62 3005.90 5620.27 3231.69 5472.82 3230.81
26071-203-M6-332-00001 0.2531440556049347 4149.75 2883.39 4502.03 2886.09 4498.43 3355.74 4146.15 3353.04
26071-203-M6-332-00001 0.24386753141880035 3724.44 2889.55 4082.75 2892.10 4079.49 3350.64 3721.18 3348.09
26071-203-M6-332-00001 0.2398163229227066 4569.64 2881.17 4917.07 2883.61 4913.71 3362.40 4566.28 3359.97
26071-203-M6-332-00001 0.23337441682815552 4987.32 2888.81 5343.32 2891.45 5339.90 3352.91 4983.89 3350.26
26071-203-M6-332-00001 0.2303508222103119 5825.68 2891.03 6184.56 2893.72 6181.13 3349.82 5822.25 3347.13
26071-203-M6-332-00001 0.22751469910144806 2878.63 2889.03 3244.15 2891.67 3240.81 3354.79 2875.28 3352.15
26071-203-M6-337-00031 0.9813687801361084 5385.34 696.58 5660.50 693.32 5661.92 813.27 5386.76 816.53
26071-600-M6-065-00021 0.9839645624160767 2230.62 1473.19 2542.28 1467.20 2544.45 1579.89 2232.79 1585.88
