26071-200-M6-052-00001 0.3172350823879242 5659.70 1620.31 5740.13 1619.15 5741.22 1694.66 5660.80 1695.82
26071-200-M6-052-00002 0.2600448429584503 6013.92 1031.90 6094.98 1031.03 6095.77 1104.82 6014.72 1105.69
26071-200-M6-052-00080 0.2541610300540924 2154.30 4164.91 2232.64 4163.90 2233.56 4235.72 2155.23 4236.73
26071-200-M6-052-00080 0.24301166832447052 5578.10 4165.86 5658.92 4165.46 5659.28 4237.03 5578.45 4237.44
26071-200-M6-052-00090 0.32482096552848816 1706.36 3751.19 1782.23 3751.36 1782.06 3822.80 1706.20 3822.62
26071-200-M6-052-00090 0.3087649941444397 4718.13 3750.80 4794.42 3751.05 4794.18 3822.88 4717.89 3822.62
26071-300-M6-053-00008 0.1656341850757599 5468.84 1758.56 5566.59 1758.08 5567.14 1869.99 5469.39 1870.48
26071-300-M6-053-00010 0.10008084774017334 6040.16 1728.69 6118.22 1729.12 6117.83 1798.05 6039.77 1797.62
26071-450-M6-082-00221 0.1320815086364746 4555.70 5230.88 4651.58 5231.63 4651.02 5302.91 4555.13 5302.15
26071-500-M6-059-00040 0.06928642094135284 1475.55 2500.29 1594.24 2500.97 1593.94 2554.19 1475.25 2553.52
26071-500-M6-059-00040 0.053917296230793 1477.76 2382.46 1592.87 2383.41 1592.45 2434.41 1477.33 2433.46
26071-700-M6-054-00036 0.09370273351669312 6216.23 3382.19 6294.90 3382.99 6294.23 3449.92 6215.55 3449.12
