26071-200-M6-052-00002 0.06788154691457748 7285.98 6174.33 7429.72 6172.21 7432.00 6326.21 7288.26 6328.34
26071-200-M6-052-00080 0.06377863883972168 3090.17 1767.54 3237.67 1768.15 3237.02 1925.35 3089.52 1924.75
26071-200-M6-052-00150 0.09063547849655151 2173.12 1477.79 2315.70 1473.69 2319.96 1621.59 2177.37 1625.69
26071-203-M6-320-00061 0.07686406373977661 926.74 3997.63 1107.36 3994.14 1110.14 4137.74 929.52 4141.23
26071-203-M6-321-00604 0.9995013475418091 7642.06 494.78 7818.05 495.58 7817.42 631.52 7641.44 630.71
26071-203-M6-333-00010 0.99959796667099 6449.86 1118.59 6625.13 1119.51 6624.42 1253.19 6449.15 1252.27
26071-450-M6-082-00009 0.06910090893507004 4889.47 5407.40 5033.10 5406.97 5033.54 5555.47 4889.91 5555.90
26071-450-M6-082-00009 0.05570057034492493 4893.20 5905.90 5037.46 5911.35 5031.48 6069.64 4887.22 6064.19
26071-600-M6-066-00012 0.07586631923913956 5595.49 3849.07 5741.95 3849.31 5741.67 4027.43 5595.20 4027.19
26071-700-M6-054-00036 0.13928167521953583 4290.62 4915.55 4440.48 4914.73 4441.33 5071.22 4291.47 5072.04
26071-700-M6-054-00036 0.059430819004774094 4590.87 4695.49 4732.75 4696.90 4730.81 4893.23 4588.93 4891.82
26071-750-M6-085-00012 0.06892585754394531 867.27 3748.55 1021.62 3749.10 1021.04 3913.54 866.69 3912.99
26071-750-M6-085-00286 0.051199499517679214 2971.73 1268.37 3147.99 1266.44 3149.68 1420.91 2973.41 1422.84
26071-750-M6-085-00309 0.12436273694038391 3067.52 4364.61 3553.01 4366.57 3552.58 4471.38 3067.09 4469.42
