26071-200-M6-052-00003 0.9982559084892273 2787.95 4537.83 2902.10 4538.11 2901.88 4625.81 2787.73 4625.52
26071-200-M6-052-00090 0.10978548973798752 6409.25 2913.77 6468.62 2913.36 6469.18 2994.70 6409.81 2995.12
26071-200-M6-052-00090 0.1080116480588913 3395.25 1071.87 3454.50 1071.77 3454.63 1157.35 3395.38 1157.44
26071-200-M6-052-00090 0.09240224957466125 3001.67 6040.74 3088.78 6041.32 3088.39 6100.06 3001.28 6099.49
26071-200-M6-052-00090 0.07897166162729263 3401.15 1239.64 3452.85 1240.13 3451.98 1332.40 3400.28 1331.91
26071-200-M6-052-00090 0.06912168115377426 6416.06 5221.88 6464.24 5221.68 6464.64 5318.15 6416.46 5318.35
26071-200-M6-052-00090 0.05234760791063309 6412.58 5052.68 6463.60 5052.55 6463.85 5145.58 6412.83 5145.72
26071-200-M6-052-00544 0.9950503706932068 2953.78 3927.18 3035.79 3927.70 3035.08 4040.51 2953.06 4039.99
26071-200-M6-062-00276 0.999306321144104 2389.38 4594.03 2510.92 4595.54 2509.86 4680.70 2388.33 4679.19
26071-203-M6-160-00291 0.06088588386774063 2158.03 5430.76 2254.07 5430.81 2254.04 5504.22 2157.99 5504.17
26071-203-M6-332-00008 0.0650104358792305 1452.21 3646.41 1540.92 3647.15 1540.18 3736.97 1451.47 3736.23
26071-203-M6-332-00008 0.0638282522559166 6311.70 3645.63 6400.64 3646.13 6400.14 3736.68 6311.19 3736.18
26071-203-M6-332-00008 0.058051373809576035 3882.44 3645.82 3970.13 3646.40 3969.53 3736.95 3881.84 3736.37
26071-203-M6-337-00031 0.08389769494533539 4944.84 2215.40 5016.08 2215.52 5015.90 2321.79 4944.67 2321.68
26071-300-M6-053-00008 0.1786930114030838 5477.65 1768.22 5571.92 1766.92 5572.81 1831.94 5478.55 1833.24
26071-300-M6-053-00012 0.9997108578681946 5029.18 3402.85 5153.80 3402.57 5153.99 3486.15 5029.37 3486.43
26071-500-M6-059-00040 0.07779855281114578 3024.81 2939.31 3125.83 2937.71 3127.12 3019.54 3026.10 3021.13
26071-500-M6-059-00040 0.06833712011575699 2521.12 1320.33 2605.40 1319.35 2606.68 1429.15 2522.40 1430.12
26071-500-M6-059-00044 0.7238214015960693 3103.33 1998.36 3205.23 1998.81 3204.93 2064.86 3103.03 2064.41
26071-500-M6-059-00044 0.5759326219558716 1463.51 1998.90 1562.24 1999.90 1561.56 2066.89 1462.83 2065.88
26071-500-M6-059-00044 0.4857487082481384 2513.88 2002.03 2613.54 1993.67 2618.64 2054.49 2518.99 2062.86
26071-500-M6-059-00044 0.1529092937707901 6952.16 5641.38 7053.56 5638.68 7056.10 5734.02 6954.70 5736.72
26071-500-M6-059-00044 0.11146023869514465 1260.61 3607.85 1358.82 3608.22 1358.50 3693.52 1260.29 3693.16
26071-550-M6-084-00026 0.1608341932296753 4177.91 3415.93 4281.62 3413.12 4283.73 3490.97 4180.02 3493.78
26071-550-M6-084-00026 0.1492692083120346 7226.71 3325.55 7321.83 3327.15 7320.93 3380.83 7225.82 3379.24
26071-550-M6-084-00026 0.09444838017225266 1819.26 3411.54 1923.19 3412.42 1922.49 3495.46 1818.56 3494.58
26071-550-M6-084-00026 0.05031491816043854 7228.55 3473.01 7328.02 3473.62 7327.61 3541.82 7228.13 3541.21
26071-600-M6-065-00021 0.9996862411499023 2851.75 2904.18 2970.92 2905.20 2970.18 2990.92 2851.01 2989.90
26071-600-M6-065-00021 0.9994285702705383 5375.03 2916.84 5492.60 2917.91 5491.82 3003.96 5374.25 3002.89
26071-600-M6-065-00021 0.09530837833881378 5708.18 5423.04 5799.41 5423.67 5798.84 5506.01 5707.61 5505.38
26071-675-M6-068-00034 0.377123087644577 3333.34 5461.12 3420.27 5462.05 3419.19 5563.91 3332.26 5562.99
26071-675-M6-068-00034 0.22624163329601288 2548.55 5476.35 2630.98 5476.18 2631.18 5573.41 2548.74 5573.58
26071-750-M6-085-00007 0.9993953704833984 4739.78 4747.28 4862.59 4748.48 4861.75 4834.12 4738.94 4832.92
26071-750-M6-085-00012 0.0539163313806057 7674.04 1028.71 7756.29 1025.81 7760.04 1132.40 7677.79 1135.29
